2	41
2	57
2	568
2	630
2	755
2	1069
2	1094
2	1996
2	2240
2	2313
2	2596
2	2638
2	3165
2	3175
3	1642
5	1133
5	1216
5	2435
5	2808
5	3243
6	179
6	2801
9	57
9	167
9	340
9	439
9	1549
9	2992
15	97
16	553
16	1842
17	334
17	384
17	470
17	630
17	730
17	755
17	758
17	1341
17	1561
17	2023
17	2292
17	2358
17	2424
17	2996
17	3056
17	3092
17	3175
22	2689
23	2801
24	755
24	1057
24	1613
24	3228
25	480
25	1390
25	2934
27	436
27	470
27	1063
28	124
28	470
28	645
28	1296
28	2250
28	2302
28	2755
28	3307
30	1490
30	2692
30	3223
33	3305
37	825
37	2056
39	410
39	1447
40	2660
42	892
42	1244
42	2237
42	2243
48	1041
57	88
57	91
57	158
57	270
57	364
57	367
57	376
57	384
57	443
57	553
57	601
57	606
57	607
57	630
57	662
57	702
57	709
57	798
57	852
57	856
57	943
57	975
57	1013
57	1085
57	1094
57	1123
57	1132
57	1201
57	1352
57	1367
57	1384
57	1390
57	1421
57	1447
57	1448
57	1461
57	1541
57	1638
57	1642
57	1674
57	1702
57	1718
57	1750
57	1788
57	1899
57	1968
57	2266
57	2292
57	2302
57	2313
57	2317
57	2369
57	2441
57	2540
57	2580
57	2598
57	2801
57	2827
57	2970
57	2976
57	3017
57	3110
57	3118
57	3253
57	3276
57	3335
60	1239
61	1968
61	2194
61	2297
63	2958
66	2443
69	167
69	233
69	436
69	2297
69	2455
69	2512
74	384
74	694
74	755
74	1548
74	3016
74	3305
75	753
75	1249
75	1484
75	1694
75	1928
75	2206
76	1162
78	2235
82	601
82	1262
82	1732
82	1958
82	3223
83	2011
83	2243
83	2495
83	2944
83	3187
87	1459
87	3357
88	662
88	699
90	2551
91	1101
91	1245
91	1788
93	470
93	780
94	2592
94	2913
96	900
97	219
97	694
97	701
97	758
97	1023
97	1508
97	1702
97	1798
97	2344
97	2655
97	2658
101	1823
101	3200
103	906
103	2847
104	999
104	1162
105	503
105	1249
105	1484
105	1787
105	2243
105	2398
105	2618
105	2970
108	553
111	241
114	233
114	569
118	1548
118	1559
126	2484
130	199
130	518
130	627
130	758
130	2292
130	2809
130	3056
133	270
133	689
133	1642
133	1980
133	2194
133	2256
133	2443
133	2542
133	3128
133	3130
133	3296
135	1912
140	553
141	930
143	662
143	758
143	2484
143	3056
143	3084
145	2228
147	1041
148	1750
148	2297
153	755
154	753
154	804
154	905
154	955
154	992
154	1249
154	1250
154	1928
154	2768
154	2970
154	3047
158	630
158	709
158	730
158	755
158	1461
158	1674
158	2156
158	3276
158	3335
161	2484
161	3092
161	3232
161	3296
162	2688
165	1280
165	1996
167	270
167	294
167	348
167	384
167	511
167	554
167	580
167	794
167	826
167	930
167	1358
167	1726
167	1905
167	1931
167	2044
167	2322
167	2484
167	2495
167	2598
167	2706
167	2913
167	2936
167	3075
167	3130
169	246
169	302
169	560
169	606
169	623
169	632
169	761
169	1132
169	1354
169	2080
169	2516
169	3118
169	3241
170	730
170	928
170	1842
171	1679
171	2166
172	840
172	892
172	1597
172	2455
172	2871
172	3075
173	1162
174	305
174	569
174	627
174	857
176	2599
177	1447
178	850
178	2034
179	423
179	2622
179	2762
179	2801
182	503
182	859
182	964
182	1666
182	2295
186	1519
186	1563
187	241
187	503
187	679
187	715
187	1823
187	2228
187	3103
187	3272
188	334
188	758
188	3092
195	719
196	825
196	2443
196	2941
196	3095
197	561
198	470
198	2174
198	2362
198	2528
199	488
199	930
199	1261
199	1448
199	1760
199	1786
199	1842
199	1883
199	2376
199	2512
199	2702
199	3178
201	553
201	755
201	2292
206	2859
206	2888
212	273
212	1548
214	369
214	665
214	1089
214	3293
217	905
217	1140
217	1250
218	449
218	465
218	472
218	613
218	1311
218	1703
218	1709
218	1718
218	2166
218	2655
218	2708
218	2764
218	2802
218	2964
218	3062
218	3063
218	3166
219	449
219	1758
219	2484
221	334
221	597
221	630
221	755
221	1069
221	1253
221	1665
221	1780
221	2040
221	2052
221	2164
221	2227
221	2292
221	2596
221	2780
221	3092
221	3175
227	900
229	947
229	2658
230	3022
231	755
231	857
233	278
233	861
233	959
233	1035
233	1073
233	1411
233	1462
233	1702
233	1795
233	1987
233	2056
233	2484
233	2771
233	3170
236	312
236	3344
240	460
240	1046
240	1162
240	1750
240	2140
241	274
241	901
241	1140
241	1154
241	1417
241	1423
241	2446
241	2700
241	2827
241	2978
246	271
246	606
246	623
246	632
246	755
246	761
246	1073
246	1132
246	1354
246	1366
246	1791
246	2080
246	2315
246	2372
246	2516
246	3118
246	3241
254	627
254	1678
254	2292
254	2611
254	3056
255	514
255	1699
255	2604
255	3305
257	1177
257	2223
257	2968
260	758
260	861
263	825
265	611
265	900
266	2297
267	1788
270	630
270	755
270	1897
270	1915
270	2276
270	2498
270	2596
270	2788
273	393
273	755
273	1142
273	1548
273	1559
273	1760
273	1780
273	1810
273	1920
273	2484
273	2486
273	2704
273	2747
273	3232
274	597
274	901
274	1140
274	1154
274	1417
274	1423
274	2700
274	2827
274	2978
276	2753
278	1462
278	2056
278	3170
281	3026
289	312
289	630
289	701
289	748
289	755
289	758
289	1927
289	3276
289	3344
291	553
293	1702
294	1638
295	3102
299	2818
300	410
300	3021
302	606
302	632
302	761
302	1132
302	3241
305	1499
305	2424
305	3107
306	1991
306	3293
307	436
307	1642
307	1702
310	2808
310	2867
312	1145
312	1384
312	3344
313	3075
316	2220
324	2748
324	3248
325	448
325	1447
326	900
328	1702
328	2292
328	2771
333	334
333	597
333	758
333	2164
333	2221
333	2292
333	2512
333	3056
333	3092
334	569
334	755
334	758
334	785
334	857
334	950
334	1673
334	1759
334	1843
334	2176
334	2221
334	2237
334	2292
334	2429
334	2512
334	2606
334	3014
334	3092
334	3239
334	3284
334	3302
335	2551
336	699
338	515
338	1186
338	1341
338	1429
338	2164
338	2599
338	2606
339	875
339	1730
340	470
340	1367
340	1887
340	2249
340	2840
342	553
344	470
344	2830
348	720
348	1099
348	2372
348	2505
348	2844
357	1099
357	2495
357	2809
362	944
362	2968
362	3305
364	569
364	758
364	2802
367	1950
369	575
371	630
372	595
372	780
373	1387
376	943
376	1153
376	2598
376	2960
376	3229
384	448
384	460
384	480
384	518
384	785
384	820
384	843
384	900
384	924
384	950
384	975
384	1094
384	1162
384	1186
384	1299
384	1390
384	1421
384	1429
384	1447
384	1461
384	1606
384	1642
384	1681
384	1750
384	1867
384	1878
384	1968
384	2000
384	2006
384	2164
384	2292
384	2371
384	2411
384	2512
384	2665
384	2708
384	2714
384	2782
384	2801
384	2928
384	2996
384	3016
384	3087
384	3130
384	3219
384	3271
384	3272
385	1750
386	2292
388	3344
390	436
390	2484
391	1613
392	780
393	1642
393	1780
393	2512
397	436
397	470
398	807
400	507
400	2512
400	2655
407	1968
410	630
410	679
410	700
410	800
410	1445
410	1548
410	1596
410	1825
410	2288
410	2871
410	3085
411	2411
413	1354
421	833
423	892
423	1210
423	2243
423	2629
423	2801
423	3017
423	3092
430	1249
430	1843
430	2206
430	2217
430	2970
436	470
436	503
436	630
436	780
436	900
436	1063
436	1121
436	1159
436	1298
436	1338
436	1410
436	1462
436	1564
436	1686
436	1799
436	1813
436	2243
436	2488
436	2941
436	2979
436	3024
436	3026
436	3092
436	3138
436	3183
436	3308
438	834
439	790
439	937
439	1153
439	1382
439	1827
439	1974
440	1283
441	1765
442	1204
443	449
443	730
443	758
443	1341
443	1642
443	2164
443	2227
443	2599
443	3175
443	3216
444	796
444	2052
444	2319
447	892
447	1043
447	1297
447	1432
447	2697
447	2884
447	2927
448	820
448	3219
449	465
449	766
449	1153
449	1311
449	1465
449	1703
449	1718
449	2802
449	2964
458	856
458	1439
458	2755
459	553
459	2164
460	630
460	962
460	1927
460	1943
460	2108
460	2292
460	2369
460	2484
460	2994
460	3088
460	3092
460	3175
460	3233
463	825
465	766
465	798
465	1311
465	1703
465	1718
465	2802
465	2884
465	2964
465	3166
465	3302
466	569
466	857
470	503
470	554
470	686
470	780
470	900
470	937
470	1063
470	1338
470	1410
470	1545
470	1549
470	1564
470	1664
470	1733
470	2488
470	2863
470	3024
470	3026
470	3233
470	3308
472	547
472	1930
472	2655
472	2764
474	1785
475	856
475	2091
480	2512
480	2544
480	2599
480	2996
481	2031
482	2674
484	1563
484	1674
484	1803
488	856
488	2099
488	2484
488	2656
488	2868
488	3092
491	761
493	901
493	2170
494	2302
496	630
496	755
496	1390
498	893
498	1101
501	2968
503	553
503	601
503	627
503	679
503	1041
503	1050
503	1437
503	1599
503	2194
503	2243
503	2379
503	2382
503	2484
503	2540
503	2551
503	2580
503	2599
503	2867
503	3016
503	3044
503	3047
503	3056
503	3075
503	3305
513	3296
515	541
515	569
515	630
515	3092
516	3256
518	577
518	755
518	2484
520	2655
523	1050
526	647
526	1101
526	1977
527	577
527	709
527	2292
527	2553
527	2723
527	2896
527	3056
532	3075
532	3186
533	1995
533	2863
534	1709
534	2587
534	2708
536	1421
536	2688
536	2779
536	2822
538	1750
540	3296
541	1100
553	577
553	632
553	660
553	707
553	791
553	918
553	938
553	1000
553	1016
553	1061
553	1069
553	1367
553	1471
553	1537
553	1545
553	1662
553	1791
553	1806
553	1817
553	1868
553	1887
553	1990
553	2040
553	2052
553	2354
553	2355
553	2464
553	2559
553	2868
553	2886
553	2958
553	3034
553	3059
553	3070
553	3336
554	2996
560	866
560	1743
561	2583
561	3276
569	612
569	950
569	975
569	1245
569	1341
569	1519
569	1642
569	1759
569	1765
569	1795
569	1922
569	1973
569	2014
569	2220
569	2256
569	2292
569	2411
569	2444
569	2606
569	2778
569	2825
569	3084
569	3145
569	3190
569	3301
571	1249
571	3016
572	1629
572	2717
577	700
577	706
577	755
577	826
577	856
577	882
577	918
577	938
577	950
577	1025
577	1042
577	1085
577	1099
577	1265
577	1314
577	1334
577	1561
577	1608
577	1642
577	1673
577	1679
577	1876
577	2009
577	2197
577	2220
577	2242
577	2243
577	2310
577	2404
577	2484
577	2542
577	2723
577	2779
577	2970
577	3028
577	3110
577	3133
577	3301
579	609
579	856
580	947
580	1823
580	2782
595	1215
595	1948
595	2484
595	2808
596	1842
596	2936
597	758
597	950
597	1041
597	1046
597	1583
597	1613
597	1678
597	1679
597	1702
597	2129
597	2223
597	2235
597	2243
597	2295
597	2455
597	2512
597	2808
597	3056
597	3100
598	2737
601	755
601	1486
601	1759
601	2651
601	2987
601	3008
604	1753
606	623
606	632
606	761
606	1132
606	1283
606	1366
606	1445
606	2315
606	2372
606	2516
606	3118
606	3241
609	1010
609	1579
610	1286
610	1299
610	1702
610	2822
610	3075
611	1524
611	1597
611	1867
612	630
612	755
612	1186
612	1642
612	3075
612	3175
613	930
613	1702
613	1709
613	2622
613	2674
613	2708
613	3062
613	3063
617	2056
623	632
623	1132
623	1366
623	2372
623	3118
623	3241
625	941
625	2484
625	3296
626	755
626	1505
626	2280
627	884
627	918
627	1678
627	1831
627	2220
627	2580
627	2753
627	2930
627	3116
627	3267
629	662
630	632
630	694
630	755
630	785
630	820
630	843
630	852
630	892
630	910
630	930
630	998
630	1013
630	1039
630	1046
630	1085
630	1099
630	1132
630	1341
630	1352
630	1367
630	1448
630	1461
630	1642
630	1686
630	1702
630	1899
630	1922
630	2056
630	2243
630	2266
630	2292
630	2297
630	2302
630	2313
630	2333
630	2382
630	2404
630	2464
630	2512
630	2580
630	2598
630	2599
630	2755
630	2801
630	2934
630	2976
630	3118
630	3180
630	3336
630	3344
632	761
632	1132
632	1354
632	2495
632	2755
632	3118
632	3241
632	3253
640	1642
640	2292
641	1569
644	1642
645	755
645	1296
645	2690
645	2755
645	3307
647	755
647	1101
647	1867
647	1977
649	2551
654	2370
655	2484
655	3301
662	709
662	1006
662	1201
662	1648
662	1758
662	2097
662	2108
662	2829
665	2551
672	1702
679	893
679	1245
679	1823
679	2228
679	2796
679	2829
683	3092
686	2475
689	709
689	1765
689	1803
689	2322
689	2484
691	900
692	2140
694	755
694	2338
694	2588
694	2789
694	3276
699	777
699	909
699	1390
699	1490
699	1597
699	1972
699	2243
699	2295
699	2551
699	3070
699	3219
701	906
701	2186
701	2572
701	2580
701	2613
701	2958
702	857
702	1293
702	1642
702	2645
706	1049
706	1059
706	1239
706	1495
709	1548
709	1868
709	3034
709	3075
714	794
715	906
715	1213
715	1823
715	2228
715	3103
715	3272
719	767
719	1390
720	1299
720	1686
720	3163
721	1050
722	1681
725	1330
727	1156
730	780
730	785
730	1186
730	1265
730	1421
730	1429
730	1461
730	1642
730	1686
730	1718
730	1968
730	1981
730	2227
730	2277
730	2292
730	2411
730	2512
730	2599
730	2624
730	2630
730	2995
730	2996
730	3271
745	2455
747	1013
748	996
748	2615
749	1758
753	804
753	910
753	955
753	1694
753	2768
754	900
754	1927
754	2748
755	785
755	805
755	852
755	910
755	955
755	1009
755	1013
755	1046
755	1049
755	1094
755	1106
755	1132
755	1186
755	1299
755	1390
755	1421
755	1429
755	1447
755	1448
755	1461
755	1495
755	1548
755	1601
755	1606
755	1612
755	1613
755	1642
755	1663
755	1686
755	1718
755	1722
755	1759
755	1788
755	1812
755	1878
755	1920
755	1949
755	1968
755	1977
755	2006
755	2029
755	2095
755	2235
755	2280
755	2292
755	2297
755	2302
755	2313
755	2359
755	2371
755	2372
755	2411
755	2512
755	2592
755	2598
755	2599
755	2651
755	2701
755	2737
755	2755
755	2789
755	2801
755	2820
755	2934
755	2996
755	3021
755	3092
755	3204
755	3211
755	3216
755	3224
755	3256
755	3271
755	3307
755	3335
756	1823
756	2228
756	3272
758	774
758	834
758	906
758	930
758	938
758	964
758	1046
758	1049
758	1275
758	1352
758	1448
758	1461
758	1468
758	1495
758	1599
758	1613
758	1642
758	1673
758	1679
758	1684
758	1765
758	1815
758	1843
758	1905
758	1948
758	2004
758	2014
758	2021
758	2029
758	2056
758	2073
758	2104
758	2124
758	2159
758	2176
758	2197
758	2211
758	2230
758	2237
758	2292
758	2316
758	2329
758	2404
758	2429
758	2484
758	2512
758	2551
758	2587
758	2606
758	2613
758	2692
758	2706
758	2934
758	2958
758	2976
758	2992
758	3125
758	3128
758	3211
758	3239
758	3302
759	1123
759	2926
759	3347
761	1132
761	2326
761	2516
761	3118
761	3241
766	2802
766	3166
767	1251
767	1548
767	1925
767	3192
774	1484
774	1769
774	2036
774	2115
774	3034
775	857
775	1134
775	2371
776	1642
776	3155
777	856
777	901
777	964
777	1134
777	3094
778	814
778	2000
780	900
780	1063
780	1338
780	1410
780	1832
780	2488
780	3024
780	3026
780	3092
780	3308
783	2316
785	1840
785	2292
785	2429
785	2996
785	3092
785	3175
787	861
787	1637
787	2484
787	3232
791	2006
792	2322
793	856
794	798
794	857
794	948
794	1773
794	2484
794	2551
794	2816
794	3056
796	991
796	2052
798	2822
802	1050
802	2382
803	2551
804	955
804	992
804	1009
804	1484
804	1928
804	2652
804	2768
804	3047
805	2104
807	1308
807	1461
807	1665
807	2237
807	2310
807	2689
807	2784
807	2926
807	3310
815	1665
818	1548
820	861
820	1390
820	1429
820	1904
820	2164
820	2482
820	2512
820	2599
825	918
825	1142
825	1380
825	2073
825	2192
825	2291
825	2618
826	2512
833	2512
834	2292
834	2297
834	2352
834	2768
834	3305
838	1119
842	2551
843	1280
843	2292
843	2484
850	910
850	955
850	1694
850	2636
850	2652
852	1013
852	1210
852	1448
852	1788
852	2629
852	3017
852	3075
856	1374
856	2484
856	3029
856	3076
856	3080
857	955
857	1484
857	1541
857	1642
857	1718
857	1750
857	1765
857	1922
857	2000
857	2006
857	2014
857	2164
857	2292
857	2444
857	2512
857	2551
857	2658
857	2904
857	2976
857	3154
857	3223
857	3262
859	1276
859	1718
859	2194
859	2348
859	2592
861	992
861	1949
861	2708
861	2789
861	3026
861	3174
861	3301
864	3174
868	1914
879	900
881	2674
882	893
882	1286
882	1355
882	2822
883	1701
884	2411
885	892
886	1606
886	2789
889	930
889	1186
889	1461
889	1548
889	2164
889	2230
889	2256
889	2292
889	2512
889	2624
889	2630
889	2827
889	3070
889	3118
889	3232
892	1140
892	1308
892	1321
892	1432
892	1448
892	1566
892	1718
892	1758
892	1928
892	2164
892	2217
892	2237
892	2243
892	2341
892	2455
892	2544
892	2757
892	2801
892	2827
892	2884
892	2938
892	3070
892	3105
892	3180
892	3347
892	3358
893	944
893	1061
893	1071
893	1286
893	1355
893	1628
893	1678
893	1709
893	1945
893	2032
893	2212
893	2355
893	2416
893	2559
893	2822
893	2968
893	3076
893	3305
900	1043
900	1063
900	1083
900	1121
900	1338
900	1388
900	1409
900	1410
900	1673
900	1738
900	1891
900	1910
900	2011
900	2811
900	2953
900	3024
900	3026
900	3090
900	3308
901	1140
901	1154
901	1417
901	1423
901	2243
901	2261
901	2446
901	2700
901	2732
901	2827
901	2869
901	2978
901	3115
901	3212
905	1009
905	1249
905	1484
905	1843
905	1928
905	2206
905	2217
905	2970
905	3047
905	3214
906	1204
906	1519
906	1563
906	1776
906	1938
906	2297
906	2484
906	2674
906	3075
909	1410
910	1390
910	1421
910	1642
910	2544
910	2645
910	2708
912	1410
914	3336
918	1410
918	2674
919	2674
921	999
924	1548
924	2512
924	2553
930	1308
930	1362
930	1545
930	1660
930	1719
930	1758
930	1868
930	2683
930	2688
930	2927
933	1447
938	1019
938	1204
938	1280
938	1548
938	1709
938	2243
938	2247
938	2484
939	1878
939	2707
939	2753
939	3092
941	1948
943	1153
943	1462
943	2960
943	3166
943	3229
944	1061
944	1071
944	1286
944	2355
944	2822
944	2968
944	3305
947	1171
947	2847
950	1549
950	2863
950	3092
951	2553
955	1694
955	2652
955	2768
955	2970
959	2737
959	2861
964	1134
973	1750
975	1379
975	1461
975	1995
975	2512
983	2247
988	2124
990	3305
992	1009
992	1016
992	1050
992	1249
992	1381
992	1473
992	1484
992	1759
992	1928
992	2206
992	2512
992	2599
992	2652
992	2768
992	2789
992	2970
992	3047
998	1073
998	3276
999	3070
1001	1046
1006	1052
1006	3134
1009	1249
1009	1484
1009	1591
1009	1843
1009	1928
1009	2206
1009	2652
1009	2768
1009	2970
1009	3047
1010	1060
1011	3200
1013	1210
1013	1448
1013	1606
1013	1788
1013	2622
1013	2629
1013	3017
1014	1230
1015	1759
1015	3047
1016	3056
1019	2512
1022	2347
1023	1548
1025	1722
1027	2452
1029	1429
1029	1968
1029	2512
1029	2674
1029	3271
1031	1938
1033	2968
1033	3075
1035	1176
1035	1328
1035	1393
1035	2674
1041	1701
1041	1988
1041	2194
1041	2243
1041	2330
1041	2374
1041	2512
1041	2560
1041	2671
1041	2723
1041	2806
1041	2921
1041	3034
1043	1868
1043	3092
1046	1709
1046	2247
1046	2292
1046	2482
1046	2753
1046	2771
1048	2411
1049	3075
1050	1632
1050	2243
1050	3133
1051	1871
1052	1204
1052	1397
1053	1200
1053	1485
1057	1340
1057	1541
1057	2808
1057	2844
1057	3138
1059	2484
1061	1071
1061	1286
1061	1355
1061	1628
1061	2355
1061	2559
1061	2822
1061	2968
1061	3076
1061	3305
1063	1121
1063	1410
1063	1642
1063	1943
1063	3024
1063	3026
1063	3138
1063	3308
1067	1190
1067	2348
1067	2592
1068	1454
1069	1162
1069	1750
1070	1304
1070	1352
1070	3344
1071	1265
1071	1286
1071	1355
1071	1564
1071	1623
1071	1628
1071	1675
1071	1945
1071	1994
1071	2172
1071	2355
1071	2559
1071	2822
1071	2968
1071	3076
1071	3305
1073	1092
1073	1180
1073	1296
1073	1545
1073	1686
1073	1750
1073	1887
1073	1949
1073	2056
1073	2115
1073	2297
1073	2632
1073	2755
1073	2863
1073	3170
1073	3243
1082	1702
1083	1410
1083	2674
1084	2347
1087	2674
1091	2413
1091	3019
1092	2557
1092	3021
1094	1299
1094	1702
1094	2317
1094	2455
1094	3307
1094	3344
1095	1758
1099	1308
1099	2363
1099	2540
1099	2745
1100	2801
1101	1224
1101	1548
1101	1867
1101	1977
1101	2553
1101	2968
1106	1977
1110	1728
1110	2247
1110	2587
1113	1599
1123	2215
1128	3204
1130	2292
1131	2613
1132	1354
1132	1366
1132	2080
1132	2315
1132	2372
1132	2516
1132	3118
1132	3241
1133	1384
1133	1785
1134	2961
1137	1730
1140	1154
1140	1417
1140	1423
1140	2212
1140	2700
1140	2827
1140	2869
1140	2978
1141	2288
1142	1548
1142	1810
1145	3045
1146	2176
1150	2674
1153	2298
1153	2960
1153	3166
1153	3229
1154	1423
1154	2166
1154	2446
1154	2700
1154	2827
1154	2869
1154	2978
1155	1850
1158	3203
1159	1681
1162	1591
1162	1718
1162	2596
1163	2329
1176	1299
1176	1977
1176	2484
1176	2753
1177	2223
1190	2592
1200	1485
1200	1619
1201	2006
1201	2194
1202	1265
1202	2443
1204	1459
1204	1795
1204	1896
1204	2197
1204	2484
1204	2587
1204	2934
1204	2937
1204	3128
1204	3133
1204	3174
1208	2411
1208	2681
1208	3336
1209	2166
1210	1448
1210	1718
1210	1788
1210	2266
1210	2622
1210	2629
1210	3017
1210	3229
1213	3272
1217	2748
1219	2280
1227	1569
1229	2176
1237	2540
1238	1390
1238	1429
1238	1678
1239	1367
1239	1701
1239	1887
1239	2748
1240	3305
1244	1286
1246	2256
1249	1484
1249	1843
1249	1928
1249	2206
1249	2217
1249	2970
1249	3200
1249	3214
1250	1928
1251	1330
1252	1647
1252	1723
1252	2166
1252	2194
1252	2357
1252	2656
1254	1393
1254	2553
1261	1485
1261	1568
1265	1286
1265	2551
1275	1647
1276	2348
1280	1812
1280	2297
1280	2958
1280	3088
1280	3128
1280	3302
1280	3344
1283	2292
1283	2884
1286	1355
1286	1628
1286	1945
1286	1994
1286	2073
1286	2355
1286	2559
1286	2822
1286	2968
1286	3076
1286	3102
1286	3305
1291	2465
1293	2677
1296	2250
1296	2690
1296	2755
1296	3307
1297	1316
1297	1432
1297	1440
1297	2697
1297	2873
1297	2884
1297	2927
1298	3305
1299	1548
1299	1702
1299	1760
1299	1944
1299	2317
1299	2599
1299	3033
1308	1739
1308	2243
1308	2473
1308	2492
1308	2512
1308	2540
1308	2995
1308	3201
1309	2104
1311	2802
1311	3166
1316	2697
1316	2884
1316	2927
1320	3141
1320	3150
1321	2243
1321	2938
1328	2056
1338	1410
1338	3026
1350	2867
1352	1606
1352	1675
1352	2308
1352	2334
1352	3212
1354	2516
1354	3118
1354	3241
1355	1628
1355	1945
1355	2355
1355	2559
1355	2665
1355	2822
1355	2968
1355	3076
1355	3174
1355	3305
1356	2762
1366	2315
1366	2372
1366	2516
1366	2557
1366	3187
1367	1722
1367	1887
1367	2249
1367	3102
1367	3166
1370	1447
1373	1991
1379	3075
1380	3232
1381	1912
1381	3262
1383	2056
1384	1437
1384	2292
1388	2970
1390	1447
1390	1642
1390	1922
1390	2418
1390	2464
1390	2512
1390	2544
1390	2714
1390	2789
1390	3016
1391	1803
1393	1995
1402	2960
1410	1549
1410	1599
1410	2197
1410	2230
1410	2483
1410	2488
1410	2557
1410	2707
1410	3024
1410	3026
1410	3092
1410	3232
1410	3308
1410	3350
1411	1545
1411	2755
1411	3170
1414	2484
1414	3232
1417	1868
1417	2446
1417	2827
1417	2869
1417	2978
1421	1694
1421	2512
1421	2544
1421	2630
1421	2994
1421	3276
1423	2827
1423	2978
1429	1446
1429	1447
1429	1883
1429	1927
1429	1968
1429	2512
1429	2544
1429	2639
1429	2996
1429	3100
1432	1440
1432	2243
1432	2697
1432	2873
1432	2884
1432	2927
1437	1815
1437	2335
1437	2970
1440	1893
1440	2589
1440	2697
1440	2873
1440	2884
1441	1599
1445	2580
1447	1889
1447	2073
1447	3262
1448	1788
1448	2243
1448	2629
1448	3017
1448	3296
1461	1795
1461	2116
1461	2292
1461	2565
1461	3092
1461	3276
1461	3335
1462	2056
1462	3170
1465	1599
1465	3314
1471	2411
1474	2708
1474	3062
1474	3063
1481	2355
1481	2482
1484	1928
1484	2014
1484	2206
1484	2707
1484	2768
1484	2970
1484	3047
1485	1718
1485	3018
1486	1759
1486	2651
1486	2712
1492	3056
1499	2424
1519	1563
1526	2651
1532	1759
1534	1759
1534	2297
1541	2194
1548	1559
1548	1810
1548	1896
1548	1920
1548	1922
1548	2292
1548	2372
1548	2486
1548	2580
1548	2665
1548	2747
1548	2904
1548	3110
1549	2722
1549	2863
1549	3296
1550	2475
1559	1810
1559	2612
1559	2968
1561	1642
1561	1686
1561	2056
1566	1868
1579	1599
1583	1999
1583	3305
1594	2124
1597	1765
1597	1793
1599	1608
1599	1635
1599	1681
1599	2243
1599	2533
1599	2702
1599	2771
1600	1914
1600	2164
1606	2492
1606	2512
1608	1840
1613	2292
1613	3228
1615	2540
1616	2660
1616	2828
1618	2551
1628	1754
1628	2355
1628	2822
1628	2968
1628	3076
1628	3305
1629	2166
1629	2194
1632	2164
1637	2354
1637	2673
1638	3204
1642	1702
1642	1927
1642	2034
1642	2164
1642	2227
1642	2292
1642	2302
1642	2322
1642	2512
1642	2544
1642	2645
1642	2994
1642	2996
1642	3057
1642	3092
1642	3344
1647	2000
1647	2166
1647	2656
1648	2292
1651	2355
1655	2922
1660	2377
1663	3141
1664	1712
1664	1939
1664	2327
1664	2378
1664	2771
1666	2452
1673	1730
1673	1746
1673	2987
1674	2125
1678	2292
1679	2292
1679	2297
1679	2683
1681	2164
1681	2243
1681	3092
1682	2771
1686	2056
1686	2164
1686	3100
1686	3163
1686	3175
1686	3240
1694	2636
1694	2652
1701	2194
1701	2968
1702	1779
1702	1827
1702	2062
1702	2066
1702	2256
1702	2261
1702	2292
1702	2323
1702	2553
1702	2808
1702	3063
1702	3301
1703	2802
1703	3166
1709	1738
1709	2512
1709	2708
1709	3062
1709	3063
1711	2242
1712	1752
1712	3002
1714	2164
1716	2206
1716	3208
1718	1927
1718	2111
1718	2243
1718	2829
1718	3070
1718	3302
1722	2194
1722	2774
1722	3102
1722	3166
1723	2166
1723	2357
1723	2656
1730	1758
1730	2097
1730	2370
1730	2882
1730	2894
1730	3310
1731	3232
1741	3315
1743	2953
1750	1795
1750	2085
1750	2156
1750	2240
1750	2512
1750	2557
1750	2772
1750	2930
1750	3240
1758	2674
1759	2227
1759	2484
1759	3185
1759	3232
1760	3200
1765	1868
1767	2674
1780	1844
1780	2292
1780	2397
1781	2551
1785	3083
1785	3180
1788	2235
1788	2629
1788	3017
1797	2297
1797	3092
1801	2681
1801	3090
1803	1957
1803	2010
1803	2405
1807	2822
1807	3044
1808	2288
1810	1920
1810	2471
1810	2747
1812	2237
1812	2557
1812	3276
1818	2362
1821	2444
1821	3063
1823	2228
1823	2452
1823	2492
1823	2829
1823	3103
1823	3201
1823	3272
1827	2953
1829	3347
1840	2512
1840	2606
1840	2836
1840	3302
1842	2220
1842	2221
1842	2484
1842	2656
1843	2206
1843	2217
1843	2541
1843	2970
1851	3256
1867	1977
1868	2302
1868	3063
1868	3165
1868	3335
1869	2676
1871	2747
1871	2936
1871	2990
1876	3267
1878	2164
1878	2512
1878	2662
1878	2934
1880	2194
1880	2674
1887	2249
1887	2425
1888	2452
1889	2204
1893	2869
1895	2292
1899	2512
1899	2553
1901	2928
1904	3212
1904	3300
1905	3056
1911	2572
1912	3243
1912	3262
1913	2371
1914	2789
1914	2953
1914	3092
1914	3253
1920	2781
1922	2292
1922	3175
1927	2358
1927	2630
1927	3175
1927	3271
1928	2206
1928	2292
1928	2652
1928	2970
1928	3047
1928	3308
1931	3227
1933	2261
1935	2295
1935	2338
1938	2316
1941	2674
1945	2559
1945	2822
1948	2920
1949	3149
1950	2374
1950	3344
1956	2197
1968	2512
1968	2599
1968	2996
1981	2755
1987	1996
1988	2194
1988	3190
1989	3302
1991	3018
1992	2978
1995	2867
1995	2902
1995	3273
1998	2348
1998	2391
1999	2322
1999	3070
2000	2292
2004	2292
2006	2164
2006	2292
2006	2297
2006	2588
2006	2884
2013	2292
2014	2707
2014	3092
2020	2059
2031	2958
2031	3102
2031	3232
2034	2704
2034	3075
2035	2452
2036	2115
2036	2124
2036	2232
2036	3178
2036	3321
2039	3102
2040	2073
2040	3291
2042	3284
2056	2188
2056	2292
2056	2785
2056	2926
2056	2960
2056	3056
2056	3092
2056	3170
2060	3174
2066	2145
2066	2484
2067	2452
2067	2779
2070	3216
2073	2261
2073	3223
2080	2385
2080	2516
2081	2801
2095	2266
2095	2329
2108	3102
2111	2190
2111	2660
2112	2411
2115	3034
2115	3178
2115	3262
2124	2484
2124	3232
2124	3357
2164	2243
2164	2261
2164	2313
2164	2551
2164	2587
2164	2599
2164	2674
2164	2789
2164	2851
2164	2928
2164	3180
2164	3262
2166	2194
2166	2357
2166	2656
2174	3296
2176	2292
2176	2613
2192	3076
2194	2243
2194	2249
2194	2307
2194	2492
2194	2551
2194	2553
2194	2968
2197	2411
2197	2484
2197	2825
2206	2217
2206	2575
2206	2652
2206	2768
2206	2970
2206	3017
2206	3047
2206	3128
2206	3214
2207	2512
2207	2553
2207	2996
2210	2323
2211	3056
2211	3080
2214	3022
2217	2243
2217	2455
2217	2970
2220	3057
2227	2443
2228	3103
2228	3272
2230	2809
2230	3056
2230	3092
2230	3223
2235	2386
2235	2587
2235	2772
2237	2243
2237	2683
2239	2867
2242	2372
2242	3004
2243	2270
2243	2341
2243	2355
2243	2411
2243	2452
2243	2455
2243	2484
2243	2544
2243	2551
2243	2587
2243	2753
2243	2762
2243	2827
2243	2867
2243	2884
2243	2938
2243	2987
2243	3075
2243	3105
2243	3180
2243	3211
2243	3305
2243	3347
2247	3222
2247	3336
2249	3306
2250	2690
2256	2537
2261	2292
2261	3070
2266	2329
2266	2629
2266	2828
2266	3229
2280	2411
2289	3130
2292	2429
2292	2512
2292	2580
2292	2581
2292	2606
2292	2613
2292	2683
2292	2706
2292	2884
2292	3092
2292	3175
2292	3217
2292	3302
2297	2682
2297	2953
2297	3060
2297	3175
2297	3227
2297	3240
2297	3344
2298	2551
2302	3075
2303	3030
2315	2516
2323	2743
2325	2484
2329	2629
2329	3229
2333	2411
2333	2542
2338	3188
2347	2708
2348	2592
2348	3056
2354	3070
2355	2559
2355	2822
2355	2870
2355	2968
2355	3070
2355	3076
2355	3305
2357	2656
2362	2528
2362	2755
2363	3232
2369	2382
2372	3166
2372	3278
2382	2488
2382	2880
2382	2935
2397	2968
2398	3044
2409	2674
2411	2587
2411	2844
2411	2924
2411	3216
2411	3253
2421	2715
2424	2601
2429	2867
2429	3092
2441	2540
2443	2960
2446	2869
2452	2779
2452	2924
2452	3092
2452	3114
2454	2701
2455	2938
2464	2632
2470	3214
2475	3109
2482	2551
2482	2703
2482	3227
2484	2674
2484	2771
2484	2773
2484	2808
2484	3092
2484	3121
2484	3175
2484	3232
2484	3262
2484	3301
2484	3302
2488	3308
2504	3170
2506	2674
2512	2544
2512	2599
2512	2745
2512	2789
2512	2959
2512	2996
2512	3021
2512	3262
2516	3241
2527	2788
2535	3175
2537	2863
2541	2978
2542	2970
2542	3214
2544	3219
2551	2683
2553	2580
2553	3105
2557	3072
2559	2665
2559	2822
2559	2968
2559	3076
2559	3305
2572	2958
2575	2936
2580	2611
2580	2681
2580	2829
2580	3047
2580	3056
2581	2624
2587	2763
2587	3085
2587	3091
2588	3227
2596	3336
2597	2624
2598	2960
2598	3166
2598	3229
2599	2789
2599	2824
2599	2996
2604	2762
2606	2683
2622	2762
2622	2801
2622	3017
2624	3075
2629	3017
2630	2996
2630	3146
2630	3175
2634	3026
2636	2987
2644	3213
2652	2970
2655	2764
2658	2995
2663	3016
2665	2822
2671	3290
2674	2708
2674	2748
2674	3180
2674	3232
2690	2755
2690	3307
2697	2873
2697	2884
2697	2927
2700	2827
2700	2869
2700	2978
2703	3047
2706	3075
2706	3174
2708	2764
2708	3062
2708	3063
2737	3314
2745	3308
2755	2845
2755	3042
2755	3276
2755	3307
2761	3200
2762	2801
2762	3125
2766	3070
2768	2970
2768	3100
2771	2802
2771	2860
2771	2918
2771	2939
2771	3002
2771	3016
2774	3102
2779	3075
2789	3344
2801	3278
2802	2964
2808	3085
2808	3232
2818	3277
2822	2968
2822	3076
2822	3305
2825	3070
2827	2869
2827	2978
2841	3296
2855	3305
2859	2888
2859	2973
2867	3070
2869	2978
2873	2884
2873	2927
2884	2927
2884	3063
2894	3092
2904	3056
2904	3092
2934	3075
2934	3271
2934	3344
2937	2970
2960	3229
2964	3166
2968	2975
2968	3076
2968	3302
2968	3305
2978	3068
2994	3174
2996	3100
2996	3271
3014	3044
3016	3030
3024	3026
3024	3092
3024	3308
3026	3092
3026	3308
3056	3114
3062	3063
3070	3347
3075	3121
3075	3163
3075	3170
3075	3178
3075	3344
3076	3305
3092	3110
3100	3344
3103	3272
3109	3218
3115	3256
3118	3241
3121	3296
3135	3219
3141	3150
3154	3314
3166	3229
3174	3276
3175	3335
3175	3344
3178	3321
3204	3213
3219	3296
3220	3241
3222	3223
3243	3262
3271	3276
3272	3276
3296	3307
3335	3344
41	2
57	2
568	2
630	2
755	2
1069	2
1094	2
1996	2
2240	2
2313	2
2596	2
2638	2
3165	2
3175	2
1642	3
1133	5
1216	5
2435	5
2808	5
3243	5
179	6
2801	6
57	9
167	9
340	9
439	9
1549	9
2992	9
97	15
553	16
1842	16
334	17
384	17
470	17
630	17
730	17
755	17
758	17
1341	17
1561	17
2023	17
2292	17
2358	17
2424	17
2996	17
3056	17
3092	17
3175	17
2689	22
2801	23
755	24
1057	24
1613	24
3228	24
480	25
1390	25
2934	25
436	27
470	27
1063	27
124	28
470	28
645	28
1296	28
2250	28
2302	28
2755	28
3307	28
1490	30
2692	30
3223	30
3305	33
825	37
2056	37
410	39
1447	39
2660	40
892	42
1244	42
2237	42
2243	42
1041	48
88	57
91	57
158	57
270	57
364	57
367	57
376	57
384	57
443	57
553	57
601	57
606	57
607	57
630	57
662	57
702	57
709	57
798	57
852	57
856	57
943	57
975	57
1013	57
1085	57
1094	57
1123	57
1132	57
1201	57
1352	57
1367	57
1384	57
1390	57
1421	57
1447	57
1448	57
1461	57
1541	57
1638	57
1642	57
1674	57
1702	57
1718	57
1750	57
1788	57
1899	57
1968	57
2266	57
2292	57
2302	57
2313	57
2317	57
2369	57
2441	57
2540	57
2580	57
2598	57
2801	57
2827	57
2970	57
2976	57
3017	57
3110	57
3118	57
3253	57
3276	57
3335	57
1239	60
1968	61
2194	61
2297	61
2958	63
2443	66
167	69
233	69
436	69
2297	69
2455	69
2512	69
384	74
694	74
755	74
1548	74
3016	74
3305	74
753	75
1249	75
1484	75
1694	75
1928	75
2206	75
1162	76
2235	78
601	82
1262	82
1732	82
1958	82
3223	82
2011	83
2243	83
2495	83
2944	83
3187	83
1459	87
3357	87
662	88
699	88
2551	90
1101	91
1245	91
1788	91
470	93
780	93
2592	94
2913	94
900	96
219	97
694	97
701	97
758	97
1023	97
1508	97
1702	97
1798	97
2344	97
2655	97
2658	97
1823	101
3200	101
906	103
2847	103
999	104
1162	104
503	105
1249	105
1484	105
1787	105
2243	105
2398	105
2618	105
2970	105
553	108
241	111
233	114
569	114
1548	118
1559	118
2484	126
199	130
518	130
627	130
758	130
2292	130
2809	130
3056	130
270	133
689	133
1642	133
1980	133
2194	133
2256	133
2443	133
2542	133
3128	133
3130	133
3296	133
1912	135
553	140
930	141
662	143
758	143
2484	143
3056	143
3084	143
2228	145
1041	147
1750	148
2297	148
755	153
753	154
804	154
905	154
955	154
992	154
1249	154
1250	154
1928	154
2768	154
2970	154
3047	154
630	158
709	158
730	158
755	158
1461	158
1674	158
2156	158
3276	158
3335	158
2484	161
3092	161
3232	161
3296	161
2688	162
1280	165
1996	165
270	167
294	167
348	167
384	167
511	167
554	167
580	167
794	167
826	167
930	167
1358	167
1726	167
1905	167
1931	167
2044	167
2322	167
2484	167
2495	167
2598	167
2706	167
2913	167
2936	167
3075	167
3130	167
246	169
302	169
560	169
606	169
623	169
632	169
761	169
1132	169
1354	169
2080	169
2516	169
3118	169
3241	169
730	170
928	170
1842	170
1679	171
2166	171
840	172
892	172
1597	172
2455	172
2871	172
3075	172
1162	173
305	174
569	174
627	174
857	174
2599	176
1447	177
850	178
2034	178
423	179
2622	179
2762	179
2801	179
503	182
859	182
964	182
1666	182
2295	182
1519	186
1563	186
241	187
503	187
679	187
715	187
1823	187
2228	187
3103	187
3272	187
334	188
758	188
3092	188
719	195
825	196
2443	196
2941	196
3095	196
561	197
470	198
2174	198
2362	198
2528	198
488	199
930	199
1261	199
1448	199
1760	199
1786	199
1842	199
1883	199
2376	199
2512	199
2702	199
3178	199
553	201
755	201
2292	201
2859	206
2888	206
273	212
1548	212
369	214
665	214
1089	214
3293	214
905	217
1140	217
1250	217
449	218
465	218
472	218
613	218
1311	218
1703	218
1709	218
1718	218
2166	218
2655	218
2708	218
2764	218
2802	218
2964	218
3062	218
3063	218
3166	218
449	219
1758	219
2484	219
334	221
597	221
630	221
755	221
1069	221
1253	221
1665	221
1780	221
2040	221
2052	221
2164	221
2227	221
2292	221
2596	221
2780	221
3092	221
3175	221
900	227
947	229
2658	229
3022	230
755	231
857	231
278	233
861	233
959	233
1035	233
1073	233
1411	233
1462	233
1702	233
1795	233
1987	233
2056	233
2484	233
2771	233
3170	233
312	236
3344	236
460	240
1046	240
1162	240
1750	240
2140	240
274	241
901	241
1140	241
1154	241
1417	241
1423	241
2446	241
2700	241
2827	241
2978	241
271	246
606	246
623	246
632	246
755	246
761	246
1073	246
1132	246
1354	246
1366	246
1791	246
2080	246
2315	246
2372	246
2516	246
3118	246
3241	246
627	254
1678	254
2292	254
2611	254
3056	254
514	255
1699	255
2604	255
3305	255
1177	257
2223	257
2968	257
758	260
861	260
825	263
611	265
900	265
2297	266
1788	267
630	270
755	270
1897	270
1915	270
2276	270
2498	270
2596	270
2788	270
393	273
755	273
1142	273
1548	273
1559	273
1760	273
1780	273
1810	273
1920	273
2484	273
2486	273
2704	273
2747	273
3232	273
597	274
901	274
1140	274
1154	274
1417	274
1423	274
2700	274
2827	274
2978	274
2753	276
1462	278
2056	278
3170	278
3026	281
312	289
630	289
701	289
748	289
755	289
758	289
1927	289
3276	289
3344	289
553	291
1702	293
1638	294
3102	295
2818	299
410	300
3021	300
606	302
632	302
761	302
1132	302
3241	302
1499	305
2424	305
3107	305
1991	306
3293	306
436	307
1642	307
1702	307
2808	310
2867	310
1145	312
1384	312
3344	312
3075	313
2220	316
2748	324
3248	324
448	325
1447	325
900	326
1702	328
2292	328
2771	328
334	333
597	333
758	333
2164	333
2221	333
2292	333
2512	333
3056	333
3092	333
569	334
755	334
758	334
785	334
857	334
950	334
1673	334
1759	334
1843	334
2176	334
2221	334
2237	334
2292	334
2429	334
2512	334
2606	334
3014	334
3092	334
3239	334
3284	334
3302	334
2551	335
699	336
515	338
1186	338
1341	338
1429	338
2164	338
2599	338
2606	338
875	339
1730	339
470	340
1367	340
1887	340
2249	340
2840	340
553	342
470	344
2830	344
720	348
1099	348
2372	348
2505	348
2844	348
1099	357
2495	357
2809	357
944	362
2968	362
3305	362
569	364
758	364
2802	364
1950	367
575	369
630	371
595	372
780	372
1387	373
943	376
1153	376
2598	376
2960	376
3229	376
448	384
460	384
480	384
518	384
785	384
820	384
843	384
900	384
924	384
950	384
975	384
1094	384
1162	384
1186	384
1299	384
1390	384
1421	384
1429	384
1447	384
1461	384
1606	384
1642	384
1681	384
1750	384
1867	384
1878	384
1968	384
2000	384
2006	384
2164	384
2292	384
2371	384
2411	384
2512	384
2665	384
2708	384
2714	384
2782	384
2801	384
2928	384
2996	384
3016	384
3087	384
3130	384
3219	384
3271	384
3272	384
1750	385
2292	386
3344	388
436	390
2484	390
1613	391
780	392
1642	393
1780	393
2512	393
436	397
470	397
807	398
507	400
2512	400
2655	400
1968	407
630	410
679	410
700	410
800	410
1445	410
1548	410
1596	410
1825	410
2288	410
2871	410
3085	410
2411	411
1354	413
833	421
892	423
1210	423
2243	423
2629	423
2801	423
3017	423
3092	423
1249	430
1843	430
2206	430
2217	430
2970	430
470	436
503	436
630	436
780	436
900	436
1063	436
1121	436
1159	436
1298	436
1338	436
1410	436
1462	436
1564	436
1686	436
1799	436
1813	436
2243	436
2488	436
2941	436
2979	436
3024	436
3026	436
3092	436
3138	436
3183	436
3308	436
834	438
790	439
937	439
1153	439
1382	439
1827	439
1974	439
1283	440
1765	441
1204	442
449	443
730	443
758	443
1341	443
1642	443
2164	443
2227	443
2599	443
3175	443
3216	443
796	444
2052	444
2319	444
892	447
1043	447
1297	447
1432	447
2697	447
2884	447
2927	447
820	448
3219	448
465	449
766	449
1153	449
1311	449
1465	449
1703	449
1718	449
2802	449
2964	449
856	458
1439	458
2755	458
553	459
2164	459
630	460
962	460
1927	460
1943	460
2108	460
2292	460
2369	460
2484	460
2994	460
3088	460
3092	460
3175	460
3233	460
825	463
766	465
798	465
1311	465
1703	465
1718	465
2802	465
2884	465
2964	465
3166	465
3302	465
569	466
857	466
503	470
554	470
686	470
780	470
900	470
937	470
1063	470
1338	470
1410	470
1545	470
1549	470
1564	470
1664	470
1733	470
2488	470
2863	470
3024	470
3026	470
3233	470
3308	470
547	472
1930	472
2655	472
2764	472
1785	474
856	475
2091	475
2512	480
2544	480
2599	480
2996	480
2031	481
2674	482
1563	484
1674	484
1803	484
856	488
2099	488
2484	488
2656	488
2868	488
3092	488
761	491
901	493
2170	493
2302	494
630	496
755	496
1390	496
893	498
1101	498
2968	501
553	503
601	503
627	503
679	503
1041	503
1050	503
1437	503
1599	503
2194	503
2243	503
2379	503
2382	503
2484	503
2540	503
2551	503
2580	503
2599	503
2867	503
3016	503
3044	503
3047	503
3056	503
3075	503
3305	503
3296	513
541	515
569	515
630	515
3092	515
3256	516
577	518
755	518
2484	518
2655	520
1050	523
647	526
1101	526
1977	526
577	527
709	527
2292	527
2553	527
2723	527
2896	527
3056	527
3075	532
3186	532
1995	533
2863	533
1709	534
2587	534
2708	534
1421	536
2688	536
2779	536
2822	536
1750	538
3296	540
1100	541
577	553
632	553
660	553
707	553
791	553
918	553
938	553
1000	553
1016	553
1061	553
1069	553
1367	553
1471	553
1537	553
1545	553
1662	553
1791	553
1806	553
1817	553
1868	553
1887	553
1990	553
2040	553
2052	553
2354	553
2355	553
2464	553
2559	553
2868	553
2886	553
2958	553
3034	553
3059	553
3070	553
3336	553
2996	554
866	560
1743	560
2583	561
3276	561
612	569
950	569
975	569
1245	569
1341	569
1519	569
1642	569
1759	569
1765	569
1795	569
1922	569
1973	569
2014	569
2220	569
2256	569
2292	569
2411	569
2444	569
2606	569
2778	569
2825	569
3084	569
3145	569
3190	569
3301	569
1249	571
3016	571
1629	572
2717	572
700	577
706	577
755	577
826	577
856	577
882	577
918	577
938	577
950	577
1025	577
1042	577
1085	577
1099	577
1265	577
1314	577
1334	577
1561	577
1608	577
1642	577
1673	577
1679	577
1876	577
2009	577
2197	577
2220	577
2242	577
2243	577
2310	577
2404	577
2484	577
2542	577
2723	577
2779	577
2970	577
3028	577
3110	577
3133	577
3301	577
609	579
856	579
947	580
1823	580
2782	580
1215	595
1948	595
2484	595
2808	595
1842	596
2936	596
758	597
950	597
1041	597
1046	597
1583	597
1613	597
1678	597
1679	597
1702	597
2129	597
2223	597
2235	597
2243	597
2295	597
2455	597
2512	597
2808	597
3056	597
3100	597
2737	598
755	601
1486	601
1759	601
2651	601
2987	601
3008	601
1753	604
623	606
632	606
761	606
1132	606
1283	606
1366	606
1445	606
2315	606
2372	606
2516	606
3118	606
3241	606
1010	609
1579	609
1286	610
1299	610
1702	610
2822	610
3075	610
1524	611
1597	611
1867	611
630	612
755	612
1186	612
1642	612
3075	612
3175	612
930	613
1702	613
1709	613
2622	613
2674	613
2708	613
3062	613
3063	613
2056	617
632	623
1132	623
1366	623
2372	623
3118	623
3241	623
941	625
2484	625
3296	625
755	626
1505	626
2280	626
884	627
918	627
1678	627
1831	627
2220	627
2580	627
2753	627
2930	627
3116	627
3267	627
662	629
632	630
694	630
755	630
785	630
820	630
843	630
852	630
892	630
910	630
930	630
998	630
1013	630
1039	630
1046	630
1085	630
1099	630
1132	630
1341	630
1352	630
1367	630
1448	630
1461	630
1642	630
1686	630
1702	630
1899	630
1922	630
2056	630
2243	630
2266	630
2292	630
2297	630
2302	630
2313	630
2333	630
2382	630
2404	630
2464	630
2512	630
2580	630
2598	630
2599	630
2755	630
2801	630
2934	630
2976	630
3118	630
3180	630
3336	630
3344	630
761	632
1132	632
1354	632
2495	632
2755	632
3118	632
3241	632
3253	632
1642	640
2292	640
1569	641
1642	644
755	645
1296	645
2690	645
2755	645
3307	645
755	647
1101	647
1867	647
1977	647
2551	649
2370	654
2484	655
3301	655
709	662
1006	662
1201	662
1648	662
1758	662
2097	662
2108	662
2829	662
2551	665
1702	672
893	679
1245	679
1823	679
2228	679
2796	679
2829	679
3092	683
2475	686
709	689
1765	689
1803	689
2322	689
2484	689
900	691
2140	692
755	694
2338	694
2588	694
2789	694
3276	694
777	699
909	699
1390	699
1490	699
1597	699
1972	699
2243	699
2295	699
2551	699
3070	699
3219	699
906	701
2186	701
2572	701
2580	701
2613	701
2958	701
857	702
1293	702
1642	702
2645	702
1049	706
1059	706
1239	706
1495	706
1548	709
1868	709
3034	709
3075	709
794	714
906	715
1213	715
1823	715
2228	715
3103	715
3272	715
767	719
1390	719
1299	720
1686	720
3163	720
1050	721
1681	722
1330	725
1156	727
780	730
785	730
1186	730
1265	730
1421	730
1429	730
1461	730
1642	730
1686	730
1718	730
1968	730
1981	730
2227	730
2277	730
2292	730
2411	730
2512	730
2599	730
2624	730
2630	730
2995	730
2996	730
3271	730
2455	745
1013	747
996	748
2615	748
1758	749
804	753
910	753
955	753
1694	753
2768	753
900	754
1927	754
2748	754
785	755
805	755
852	755
910	755
955	755
1009	755
1013	755
1046	755
1049	755
1094	755
1106	755
1132	755
1186	755
1299	755
1390	755
1421	755
1429	755
1447	755
1448	755
1461	755
1495	755
1548	755
1601	755
1606	755
1612	755
1613	755
1642	755
1663	755
1686	755
1718	755
1722	755
1759	755
1788	755
1812	755
1878	755
1920	755
1949	755
1968	755
1977	755
2006	755
2029	755
2095	755
2235	755
2280	755
2292	755
2297	755
2302	755
2313	755
2359	755
2371	755
2372	755
2411	755
2512	755
2592	755
2598	755
2599	755
2651	755
2701	755
2737	755
2755	755
2789	755
2801	755
2820	755
2934	755
2996	755
3021	755
3092	755
3204	755
3211	755
3216	755
3224	755
3256	755
3271	755
3307	755
3335	755
1823	756
2228	756
3272	756
774	758
834	758
906	758
930	758
938	758
964	758
1046	758
1049	758
1275	758
1352	758
1448	758
1461	758
1468	758
1495	758
1599	758
1613	758
1642	758
1673	758
1679	758
1684	758
1765	758
1815	758
1843	758
1905	758
1948	758
2004	758
2014	758
2021	758
2029	758
2056	758
2073	758
2104	758
2124	758
2159	758
2176	758
2197	758
2211	758
2230	758
2237	758
2292	758
2316	758
2329	758
2404	758
2429	758
2484	758
2512	758
2551	758
2587	758
2606	758
2613	758
2692	758
2706	758
2934	758
2958	758
2976	758
2992	758
3125	758
3128	758
3211	758
3239	758
3302	758
1123	759
2926	759
3347	759
1132	761
2326	761
2516	761
3118	761
3241	761
2802	766
3166	766
1251	767
1548	767
1925	767
3192	767
1484	774
1769	774
2036	774
2115	774
3034	774
857	775
1134	775
2371	775
1642	776
3155	776
856	777
901	777
964	777
1134	777
3094	777
814	778
2000	778
900	780
1063	780
1338	780
1410	780
1832	780
2488	780
3024	780
3026	780
3092	780
3308	780
2316	783
1840	785
2292	785
2429	785
2996	785
3092	785
3175	785
861	787
1637	787
2484	787
3232	787
2006	791
2322	792
856	793
798	794
857	794
948	794
1773	794
2484	794
2551	794
2816	794
3056	794
991	796
2052	796
2822	798
1050	802
2382	802
2551	803
955	804
992	804
1009	804
1484	804
1928	804
2652	804
2768	804
3047	804
2104	805
1308	807
1461	807
1665	807
2237	807
2310	807
2689	807
2784	807
2926	807
3310	807
1665	815
1548	818
861	820
1390	820
1429	820
1904	820
2164	820
2482	820
2512	820
2599	820
918	825
1142	825
1380	825
2073	825
2192	825
2291	825
2618	825
2512	826
2512	833
2292	834
2297	834
2352	834
2768	834
3305	834
1119	838
2551	842
1280	843
2292	843
2484	843
910	850
955	850
1694	850
2636	850
2652	850
1013	852
1210	852
1448	852
1788	852
2629	852
3017	852
3075	852
1374	856
2484	856
3029	856
3076	856
3080	856
955	857
1484	857
1541	857
1642	857
1718	857
1750	857
1765	857
1922	857
2000	857
2006	857
2014	857
2164	857
2292	857
2444	857
2512	857
2551	857
2658	857
2904	857
2976	857
3154	857
3223	857
3262	857
1276	859
1718	859
2194	859
2348	859
2592	859
992	861
1949	861
2708	861
2789	861
3026	861
3174	861
3301	861
3174	864
1914	868
900	879
2674	881
893	882
1286	882
1355	882
2822	882
1701	883
2411	884
892	885
1606	886
2789	886
930	889
1186	889
1461	889
1548	889
2164	889
2230	889
2256	889
2292	889
2512	889
2624	889
2630	889
2827	889
3070	889
3118	889
3232	889
1140	892
1308	892
1321	892
1432	892
1448	892
1566	892
1718	892
1758	892
1928	892
2164	892
2217	892
2237	892
2243	892
2341	892
2455	892
2544	892
2757	892
2801	892
2827	892
2884	892
2938	892
3070	892
3105	892
3180	892
3347	892
3358	892
944	893
1061	893
1071	893
1286	893
1355	893
1628	893
1678	893
1709	893
1945	893
2032	893
2212	893
2355	893
2416	893
2559	893
2822	893
2968	893
3076	893
3305	893
1043	900
1063	900
1083	900
1121	900
1338	900
1388	900
1409	900
1410	900
1673	900
1738	900
1891	900
1910	900
2011	900
2811	900
2953	900
3024	900
3026	900
3090	900
3308	900
1140	901
1154	901
1417	901
1423	901
2243	901
2261	901
2446	901
2700	901
2732	901
2827	901
2869	901
2978	901
3115	901
3212	901
1009	905
1249	905
1484	905
1843	905
1928	905
2206	905
2217	905
2970	905
3047	905
3214	905
1204	906
1519	906
1563	906
1776	906
1938	906
2297	906
2484	906
2674	906
3075	906
1410	909
1390	910
1421	910
1642	910
2544	910
2645	910
2708	910
1410	912
3336	914
1410	918
2674	918
2674	919
999	921
1548	924
2512	924
2553	924
1308	930
1362	930
1545	930
1660	930
1719	930
1758	930
1868	930
2683	930
2688	930
2927	930
1447	933
1019	938
1204	938
1280	938
1548	938
1709	938
2243	938
2247	938
2484	938
1878	939
2707	939
2753	939
3092	939
1948	941
1153	943
1462	943
2960	943
3166	943
3229	943
1061	944
1071	944
1286	944
2355	944
2822	944
2968	944
3305	944
1171	947
2847	947
1549	950
2863	950
3092	950
2553	951
1694	955
2652	955
2768	955
2970	955
2737	959
2861	959
1134	964
1750	973
1379	975
1461	975
1995	975
2512	975
2247	983
2124	988
3305	990
1009	992
1016	992
1050	992
1249	992
1381	992
1473	992
1484	992
1759	992
1928	992
2206	992
2512	992
2599	992
2652	992
2768	992
2789	992
2970	992
3047	992
1073	998
3276	998
3070	999
1046	1001
1052	1006
3134	1006
1249	1009
1484	1009
1591	1009
1843	1009
1928	1009
2206	1009
2652	1009
2768	1009
2970	1009
3047	1009
1060	1010
3200	1011
1210	1013
1448	1013
1606	1013
1788	1013
2622	1013
2629	1013
3017	1013
1230	1014
1759	1015
3047	1015
3056	1016
2512	1019
2347	1022
1548	1023
1722	1025
2452	1027
1429	1029
1968	1029
2512	1029
2674	1029
3271	1029
1938	1031
2968	1033
3075	1033
1176	1035
1328	1035
1393	1035
2674	1035
1701	1041
1988	1041
2194	1041
2243	1041
2330	1041
2374	1041
2512	1041
2560	1041
2671	1041
2723	1041
2806	1041
2921	1041
3034	1041
1868	1043
3092	1043
1709	1046
2247	1046
2292	1046
2482	1046
2753	1046
2771	1046
2411	1048
3075	1049
1632	1050
2243	1050
3133	1050
1871	1051
1204	1052
1397	1052
1200	1053
1485	1053
1340	1057
1541	1057
2808	1057
2844	1057
3138	1057
2484	1059
1071	1061
1286	1061
1355	1061
1628	1061
2355	1061
2559	1061
2822	1061
2968	1061
3076	1061
3305	1061
1121	1063
1410	1063
1642	1063
1943	1063
3024	1063
3026	1063
3138	1063
3308	1063
1190	1067
2348	1067
2592	1067
1454	1068
1162	1069
1750	1069
1304	1070
1352	1070
3344	1070
1265	1071
1286	1071
1355	1071
1564	1071
1623	1071
1628	1071
1675	1071
1945	1071
1994	1071
2172	1071
2355	1071
2559	1071
2822	1071
2968	1071
3076	1071
3305	1071
1092	1073
1180	1073
1296	1073
1545	1073
1686	1073
1750	1073
1887	1073
1949	1073
2056	1073
2115	1073
2297	1073
2632	1073
2755	1073
2863	1073
3170	1073
3243	1073
1702	1082
1410	1083
2674	1083
2347	1084
2674	1087
2413	1091
3019	1091
2557	1092
3021	1092
1299	1094
1702	1094
2317	1094
2455	1094
3307	1094
3344	1094
1758	1095
1308	1099
2363	1099
2540	1099
2745	1099
2801	1100
1224	1101
1548	1101
1867	1101
1977	1101
2553	1101
2968	1101
1977	1106
1728	1110
2247	1110
2587	1110
1599	1113
2215	1123
3204	1128
2292	1130
2613	1131
1354	1132
1366	1132
2080	1132
2315	1132
2372	1132
2516	1132
3118	1132
3241	1132
1384	1133
1785	1133
2961	1134
1730	1137
1154	1140
1417	1140
1423	1140
2212	1140
2700	1140
2827	1140
2869	1140
2978	1140
2288	1141
1548	1142
1810	1142
3045	1145
2176	1146
2674	1150
2298	1153
2960	1153
3166	1153
3229	1153
1423	1154
2166	1154
2446	1154
2700	1154
2827	1154
2869	1154
2978	1154
1850	1155
3203	1158
1681	1159
1591	1162
1718	1162
2596	1162
2329	1163
1299	1176
1977	1176
2484	1176
2753	1176
2223	1177
2592	1190
1485	1200
1619	1200
2006	1201
2194	1201
1265	1202
2443	1202
1459	1204
1795	1204
1896	1204
2197	1204
2484	1204
2587	1204
2934	1204
2937	1204
3128	1204
3133	1204
3174	1204
2411	1208
2681	1208
3336	1208
2166	1209
1448	1210
1718	1210
1788	1210
2266	1210
2622	1210
2629	1210
3017	1210
3229	1210
3272	1213
2748	1217
2280	1219
1569	1227
2176	1229
2540	1237
1390	1238
1429	1238
1678	1238
1367	1239
1701	1239
1887	1239
2748	1239
3305	1240
1286	1244
2256	1246
1484	1249
1843	1249
1928	1249
2206	1249
2217	1249
2970	1249
3200	1249
3214	1249
1928	1250
1330	1251
1647	1252
1723	1252
2166	1252
2194	1252
2357	1252
2656	1252
1393	1254
2553	1254
1485	1261
1568	1261
1286	1265
2551	1265
1647	1275
2348	1276
1812	1280
2297	1280
2958	1280
3088	1280
3128	1280
3302	1280
3344	1280
2292	1283
2884	1283
1355	1286
1628	1286
1945	1286
1994	1286
2073	1286
2355	1286
2559	1286
2822	1286
2968	1286
3076	1286
3102	1286
3305	1286
2465	1291
2677	1293
2250	1296
2690	1296
2755	1296
3307	1296
1316	1297
1432	1297
1440	1297
2697	1297
2873	1297
2884	1297
2927	1297
3305	1298
1548	1299
1702	1299
1760	1299
1944	1299
2317	1299
2599	1299
3033	1299
1739	1308
2243	1308
2473	1308
2492	1308
2512	1308
2540	1308
2995	1308
3201	1308
2104	1309
2802	1311
3166	1311
2697	1316
2884	1316
2927	1316
3141	1320
3150	1320
2243	1321
2938	1321
2056	1328
1410	1338
3026	1338
2867	1350
1606	1352
1675	1352
2308	1352
2334	1352
3212	1352
2516	1354
3118	1354
3241	1354
1628	1355
1945	1355
2355	1355
2559	1355
2665	1355
2822	1355
2968	1355
3076	1355
3174	1355
3305	1355
2762	1356
2315	1366
2372	1366
2516	1366
2557	1366
3187	1366
1722	1367
1887	1367
2249	1367
3102	1367
3166	1367
1447	1370
1991	1373
3075	1379
3232	1380
1912	1381
3262	1381
2056	1383
1437	1384
2292	1384
2970	1388
1447	1390
1642	1390
1922	1390
2418	1390
2464	1390
2512	1390
2544	1390
2714	1390
2789	1390
3016	1390
1803	1391
1995	1393
2960	1402
1549	1410
1599	1410
2197	1410
2230	1410
2483	1410
2488	1410
2557	1410
2707	1410
3024	1410
3026	1410
3092	1410
3232	1410
3308	1410
3350	1410
1545	1411
2755	1411
3170	1411
2484	1414
3232	1414
1868	1417
2446	1417
2827	1417
2869	1417
2978	1417
1694	1421
2512	1421
2544	1421
2630	1421
2994	1421
3276	1421
2827	1423
2978	1423
1446	1429
1447	1429
1883	1429
1927	1429
1968	1429
2512	1429
2544	1429
2639	1429
2996	1429
3100	1429
1440	1432
2243	1432
2697	1432
2873	1432
2884	1432
2927	1432
1815	1437
2335	1437
2970	1437
1893	1440
2589	1440
2697	1440
2873	1440
2884	1440
1599	1441
2580	1445
1889	1447
2073	1447
3262	1447
1788	1448
2243	1448
2629	1448
3017	1448
3296	1448
1795	1461
2116	1461
2292	1461
2565	1461
3092	1461
3276	1461
3335	1461
2056	1462
3170	1462
1599	1465
3314	1465
2411	1471
2708	1474
3062	1474
3063	1474
2355	1481
2482	1481
1928	1484
2014	1484
2206	1484
2707	1484
2768	1484
2970	1484
3047	1484
1718	1485
3018	1485
1759	1486
2651	1486
2712	1486
3056	1492
2424	1499
1563	1519
2651	1526
1759	1532
1759	1534
2297	1534
2194	1541
1559	1548
1810	1548
1896	1548
1920	1548
1922	1548
2292	1548
2372	1548
2486	1548
2580	1548
2665	1548
2747	1548
2904	1548
3110	1548
2722	1549
2863	1549
3296	1549
2475	1550
1810	1559
2612	1559
2968	1559
1642	1561
1686	1561
2056	1561
1868	1566
1599	1579
1999	1583
3305	1583
2124	1594
1765	1597
1793	1597
1608	1599
1635	1599
1681	1599
2243	1599
2533	1599
2702	1599
2771	1599
1914	1600
2164	1600
2492	1606
2512	1606
1840	1608
2292	1613
3228	1613
2540	1615
2660	1616
2828	1616
2551	1618
1754	1628
2355	1628
2822	1628
2968	1628
3076	1628
3305	1628
2166	1629
2194	1629
2164	1632
2354	1637
2673	1637
3204	1638
1702	1642
1927	1642
2034	1642
2164	1642
2227	1642
2292	1642
2302	1642
2322	1642
2512	1642
2544	1642
2645	1642
2994	1642
2996	1642
3057	1642
3092	1642
3344	1642
2000	1647
2166	1647
2656	1647
2292	1648
2355	1651
2922	1655
2377	1660
3141	1663
1712	1664
1939	1664
2327	1664
2378	1664
2771	1664
2452	1666
1730	1673
1746	1673
2987	1673
2125	1674
2292	1678
2292	1679
2297	1679
2683	1679
2164	1681
2243	1681
3092	1681
2771	1682
2056	1686
2164	1686
3100	1686
3163	1686
3175	1686
3240	1686
2636	1694
2652	1694
2194	1701
2968	1701
1779	1702
1827	1702
2062	1702
2066	1702
2256	1702
2261	1702
2292	1702
2323	1702
2553	1702
2808	1702
3063	1702
3301	1702
2802	1703
3166	1703
1738	1709
2512	1709
2708	1709
3062	1709
3063	1709
2242	1711
1752	1712
3002	1712
2164	1714
2206	1716
3208	1716
1927	1718
2111	1718
2243	1718
2829	1718
3070	1718
3302	1718
2194	1722
2774	1722
3102	1722
3166	1722
2166	1723
2357	1723
2656	1723
1758	1730
2097	1730
2370	1730
2882	1730
2894	1730
3310	1730
3232	1731
3315	1741
2953	1743
1795	1750
2085	1750
2156	1750
2240	1750
2512	1750
2557	1750
2772	1750
2930	1750
3240	1750
2674	1758
2227	1759
2484	1759
3185	1759
3232	1759
3200	1760
1868	1765
2674	1767
1844	1780
2292	1780
2397	1780
2551	1781
3083	1785
3180	1785
2235	1788
2629	1788
3017	1788
2297	1797
3092	1797
2681	1801
3090	1801
1957	1803
2010	1803
2405	1803
2822	1807
3044	1807
2288	1808
1920	1810
2471	1810
2747	1810
2237	1812
2557	1812
3276	1812
2362	1818
2444	1821
3063	1821
2228	1823
2452	1823
2492	1823
2829	1823
3103	1823
3201	1823
3272	1823
2953	1827
3347	1829
2512	1840
2606	1840
2836	1840
3302	1840
2220	1842
2221	1842
2484	1842
2656	1842
2206	1843
2217	1843
2541	1843
2970	1843
3256	1851
1977	1867
2302	1868
3063	1868
3165	1868
3335	1868
2676	1869
2747	1871
2936	1871
2990	1871
3267	1876
2164	1878
2512	1878
2662	1878
2934	1878
2194	1880
2674	1880
2249	1887
2425	1887
2452	1888
2204	1889
2869	1893
2292	1895
2512	1899
2553	1899
2928	1901
3212	1904
3300	1904
3056	1905
2572	1911
3243	1912
3262	1912
2371	1913
2789	1914
2953	1914
3092	1914
3253	1914
2781	1920
2292	1922
3175	1922
2358	1927
2630	1927
3175	1927
3271	1927
2206	1928
2292	1928
2652	1928
2970	1928
3047	1928
3308	1928
3227	1931
2261	1933
2295	1935
2338	1935
2316	1938
2674	1941
2559	1945
2822	1945
2920	1948
3149	1949
2374	1950
3344	1950
2197	1956
2512	1968
2599	1968
2996	1968
2755	1981
1996	1987
2194	1988
3190	1988
3302	1989
3018	1991
2978	1992
2867	1995
2902	1995
3273	1995
2348	1998
2391	1998
2322	1999
3070	1999
2292	2000
2292	2004
2164	2006
2292	2006
2297	2006
2588	2006
2884	2006
2292	2013
2707	2014
3092	2014
2059	2020
2958	2031
3102	2031
3232	2031
2704	2034
3075	2034
2452	2035
2115	2036
2124	2036
2232	2036
3178	2036
3321	2036
3102	2039
2073	2040
3291	2040
3284	2042
2188	2056
2292	2056
2785	2056
2926	2056
2960	2056
3056	2056
3092	2056
3170	2056
3174	2060
2145	2066
2484	2066
2452	2067
2779	2067
3216	2070
2261	2073
3223	2073
2385	2080
2516	2080
2801	2081
2266	2095
2329	2095
3102	2108
2190	2111
2660	2111
2411	2112
3034	2115
3178	2115
3262	2115
2484	2124
3232	2124
3357	2124
2243	2164
2261	2164
2313	2164
2551	2164
2587	2164
2599	2164
2674	2164
2789	2164
2851	2164
2928	2164
3180	2164
3262	2164
2194	2166
2357	2166
2656	2166
3296	2174
2292	2176
2613	2176
3076	2192
2243	2194
2249	2194
2307	2194
2492	2194
2551	2194
2553	2194
2968	2194
2411	2197
2484	2197
2825	2197
2217	2206
2575	2206
2652	2206
2768	2206
2970	2206
3017	2206
3047	2206
3128	2206
3214	2206
2512	2207
2553	2207
2996	2207
2323	2210
3056	2211
3080	2211
3022	2214
2243	2217
2455	2217
2970	2217
3057	2220
2443	2227
3103	2228
3272	2228
2809	2230
3056	2230
3092	2230
3223	2230
2386	2235
2587	2235
2772	2235
2243	2237
2683	2237
2867	2239
2372	2242
3004	2242
2270	2243
2341	2243
2355	2243
2411	2243
2452	2243
2455	2243
2484	2243
2544	2243
2551	2243
2587	2243
2753	2243
2762	2243
2827	2243
2867	2243
2884	2243
2938	2243
2987	2243
3075	2243
3105	2243
3180	2243
3211	2243
3305	2243
3347	2243
3222	2247
3336	2247
3306	2249
2690	2250
2537	2256
2292	2261
3070	2261
2329	2266
2629	2266
2828	2266
3229	2266
2411	2280
3130	2289
2429	2292
2512	2292
2580	2292
2581	2292
2606	2292
2613	2292
2683	2292
2706	2292
2884	2292
3092	2292
3175	2292
3217	2292
3302	2292
2682	2297
2953	2297
3060	2297
3175	2297
3227	2297
3240	2297
3344	2297
2551	2298
3075	2302
3030	2303
2516	2315
2743	2323
2484	2325
2629	2329
3229	2329
2411	2333
2542	2333
3188	2338
2708	2347
2592	2348
3056	2348
3070	2354
2559	2355
2822	2355
2870	2355
2968	2355
3070	2355
3076	2355
3305	2355
2656	2357
2528	2362
2755	2362
3232	2363
2382	2369
3166	2372
3278	2372
2488	2382
2880	2382
2935	2382
2968	2397
3044	2398
2674	2409
2587	2411
2844	2411
2924	2411
3216	2411
3253	2411
2715	2421
2601	2424
2867	2429
3092	2429
2540	2441
2960	2443
2869	2446
2779	2452
2924	2452
3092	2452
3114	2452
2701	2454
2938	2455
2632	2464
3214	2470
3109	2475
2551	2482
2703	2482
3227	2482
2674	2484
2771	2484
2773	2484
2808	2484
3092	2484
3121	2484
3175	2484
3232	2484
3262	2484
3301	2484
3302	2484
3308	2488
3170	2504
2674	2506
2544	2512
2599	2512
2745	2512
2789	2512
2959	2512
2996	2512
3021	2512
3262	2512
3241	2516
2788	2527
3175	2535
2863	2537
2978	2541
2970	2542
3214	2542
3219	2544
2683	2551
2580	2553
3105	2553
3072	2557
2665	2559
2822	2559
2968	2559
3076	2559
3305	2559
2958	2572
2936	2575
2611	2580
2681	2580
2829	2580
3047	2580
3056	2580
2624	2581
2763	2587
3085	2587
3091	2587
3227	2588
3336	2596
2624	2597
2960	2598
3166	2598
3229	2598
2789	2599
2824	2599
2996	2599
2762	2604
2683	2606
2762	2622
2801	2622
3017	2622
3075	2624
3017	2629
2996	2630
3146	2630
3175	2630
3026	2634
2987	2636
3213	2644
2970	2652
2764	2655
2995	2658
3016	2663
2822	2665
3290	2671
2708	2674
2748	2674
3180	2674
3232	2674
2755	2690
3307	2690
2873	2697
2884	2697
2927	2697
2827	2700
2869	2700
2978	2700
3047	2703
3075	2706
3174	2706
2764	2708
3062	2708
3063	2708
3314	2737
3308	2745
2845	2755
3042	2755
3276	2755
3307	2755
3200	2761
2801	2762
3125	2762
3070	2766
2970	2768
3100	2768
2802	2771
2860	2771
2918	2771
2939	2771
3002	2771
3016	2771
3102	2774
3075	2779
3344	2789
3278	2801
2964	2802
3085	2808
3232	2808
3277	2818
2968	2822
3076	2822
3305	2822
3070	2825
2869	2827
2978	2827
3296	2841
3305	2855
2888	2859
2973	2859
3070	2867
2978	2869
2884	2873
2927	2873
2927	2884
3063	2884
3092	2894
3056	2904
3092	2904
3075	2934
3271	2934
3344	2934
2970	2937
3229	2960
3166	2964
2975	2968
3076	2968
3302	2968
3305	2968
3068	2978
3174	2994
3100	2996
3271	2996
3044	3014
3030	3016
3026	3024
3092	3024
3308	3024
3092	3026
3308	3026
3114	3056
3063	3062
3347	3070
3121	3075
3163	3075
3170	3075
3178	3075
3344	3075
3305	3076
3110	3092
3344	3100
3272	3103
3218	3109
3256	3115
3241	3118
3296	3121
3219	3135
3150	3141
3314	3154
3229	3166
3276	3174
3335	3175
3344	3175
3321	3178
3213	3204
3296	3219
3241	3220
3223	3222
3262	3243
3276	3271
3276	3272
3307	3296
3344	3335
