3294	2316
3294	1307
225	1819
225	1596
225	1307
225	564
225	491
3604	384
348	4038
348	628
348	3163
1202	1807
2894	4475
2894	3478
2894	3614
2911	2454
2911	199
2911	4530
1041	857
1041	3940
1041	4348
1041	382
1041	3019
1041	1111
1041	1811
1041	1351
1041	3908
1041	866
1041	999
1041	222
1041	1183
1041	928
3343	199
4021	3616
4021	4492
4021	1119
4021	2687
4021	1537
4021	495
4021	4452
4021	266
4021	898
4021	1920
4021	3496
4021	4474
1772	199
1772	4475
3475	11
3475	3426
1594	196
1594	2436
1594	3876
1594	2626
1655	199
1011	2504
3477	654
3477	2957
3477	2643
3477	3876
3477	4491
3477	2583
3477	1360
277	3287
857	631
857	1811
857	4491
857	4475
696	3188
696	3665
696	4248
696	899
696	214
696	810
696	2578
696	4263
696	3646
696	4020
696	3875
696	422
696	26
696	2847
696	3345
696	3869
3105	4427
3105	2454
3105	3287
3105	73
855	3910
855	598
855	2243
855	668
855	14
855	1309
855	564
855	3876
855	4491
3940	2361
3940	505
2874	1489
2874	668
2874	3729
2874	2328
2119	4074
2119	3197
2119	3893
654	4074
654	2316
654	1740
654	4281
654	502
654	3639
654	3893
891	4392
891	3999
891	774
891	3612
3949	1284
3949	1970
3973	3595
3660	1725
1438	2757
1438	2896
1438	3807
3183	3155
1539	3868
1539	2578
1539	4491
1539	3869
4504	66
4504	67
344	2454
344	1477
4541	2130
4541	1278
4541	2221
4541	1084
4541	998
4541	2985
436	2454
784	4106
784	2868
784	1402
784	1599
4106	2868
4106	1402
4106	1599
2868	3219
2868	3629
2620	3481
2620	199
2620	2282
2780	2454
4323	11
4323	2346
4435	4408
4435	1858
4435	637
4435	1408
4356	392
4356	2239
4408	3597
4408	4524
4408	4281
4408	335
4408	2939
4408	3818
4408	3054
4408	4426
4408	4063
392	2239
392	4225
3853	2426
3853	1362
3567	2236
3567	814
3567	1764
3567	265
3567	4215
3567	817
3567	2028
3567	3332
3567	870
3567	4192
3567	457
3567	3682
3567	162
3567	3515
3567	2361
3567	43
3567	1896
2281	597
2281	3614
2426	2454
192	1733
4552	1843
4552	4351
3084	2513
3084	3778
3084	346
3084	2433
3084	2454
3084	1800
2513	3778
2513	346
2513	2433
2513	2599
2513	3335
2513	742
3778	346
3778	2433
3778	244
3778	1576
346	2433
346	2599
346	3335
346	3147
346	1183
346	3526
663	4537
663	2850
663	3324
663	24
663	668
663	4491
663	1059
663	1709
2278	1223
2278	263
1897	1524
1897	3639
3284	3226
3284	826
3284	3285
3284	1183
3226	1638
3226	3285
3226	2612
3226	3167
826	3285
1880	1992
791	2226
791	3385
791	4026
791	1800
791	1245
791	1024
791	1458
791	1795
2433	3335
2433	4475
4440	1638
4556	3497
597	1927
597	3228
597	4442
597	1988
597	3191
597	139
597	3900
597	1847
597	2550
597	3539
597	1234
597	2181
597	1086
597	888
597	2029
597	2742
597	4049
772	4427
772	1498
772	3581
772	841
772	2726
772	1805
2312	2491
2312	2111
2312	1750
2312	4083
2348	1477
3616	1183
3504	2454
3504	3557
2541	711
2541	2728
2541	3016
585	3068
4516	1977
4478	2070
4478	1477
4478	628
4478	795
4449	866
4546	1701
4546	1988
4546	3560
993	3799
525	2476
2476	189
2476	4270
2476	0
2476	3147
2476	941
2476	377
189	2695
189	631
189	1596
189	1307
189	564
189	2436
189	554
4270	0
4270	4361
4270	1249
3241	163
3694	897
3984	1843
3984	4555
3984	4475
2505	1843
2505	193
2505	491
427	2027
3865	1638
3865	4511
3865	2653
3303	2653
3303	1606
3303	2134
2148	1524
211	2385
2051	199
2236	814
2236	2993
2236	3278
2236	2599
2236	3335
2236	161
2236	620
972	2454
2082	2398
2082	1277
2082	3068
2082	162
2082	3639
2082	4475
2082	2343
2082	4360
2082	2626
2082	3566
571	1277
571	3905
3525	1806
3525	1643
3525	3893
3525	1606
317	144
317	1261
317	1712
317	2337
317	1728
317	1593
317	1850
317	774
317	2361
1293	3646
1293	564
1293	554
4299	804
4299	1638
4299	3453
4299	3235
4537	2244
2244	479
3212	1056
2423	2850
2423	3293
2423	3254
2423	3494
2423	1512
4071	3147
1834	2687
1834	554
2452	947
2265	3646
2265	370
2265	3639
2265	2653
1327	3219
1327	1429
1327	865
1327	3235
770	3001
770	4436
770	116
770	929
770	712
770	741
770	437
770	4141
770	3720
770	3702
770	16
770	197
770	3147
770	1608
770	1850
770	2926
4372	1233
2404	3016
2404	3234
1412	3068
1412	2782
1412	3639
3703	617
3703	715
3703	3278
3703	2599
3703	3335
3703	4016
3703	4530
3703	2762
3703	3235
3673	1277
3673	1623
144	3278
144	1850
144	350
144	2425
144	3235
1261	2454
1261	1850
1261	3235
4375	171
3001	52
3001	947
2850	631
2850	3287
2850	3472
2850	1531
2850	4373
2850	2137
2850	1524
2850	839
2850	3196
2850	2181
2850	1356
3791	888
1806	3750
1806	256
1806	1643
4533	1845
4533	1896
883	1712
3293	929
3293	4243
3293	1729
3942	2993
3942	2230
1552	2806
3983	3736
1819	2957
1819	1891
1819	1310
1819	3509
1819	2924
1819	2053
1819	3197
1819	2454
1819	2439
1819	1794
1819	3539
1819	633
1819	594
1819	2612
1819	113
1819	3184
1819	3418
409	2454
409	4475
409	1233
4143	603
4143	3960
4143	4452
4143	1797
4143	3958
4143	1850
4143	3187
4143	3685
4143	1842
4143	2473
4143	2873
4143	3806
3072	3287
3072	1850
1639	935
3237	1270
2967	267
3229	313
3229	4428
3229	596
1021	3287
1712	3717
1712	513
1712	4465
1712	3792
1348	1037
3717	513
3717	4465
3717	3792
3717	1183
3717	1037
3717	4475
2695	2164
2695	2432
2695	513
2695	1883
2695	1037
2695	4244
2695	103
1204	4362
1349	4452
1153	3445
1153	114
1153	3936
1153	3590
1153	4268
1153	3191
1153	1651
1153	1623
1153	2222
1153	469
1153	2066
1153	2392
1153	2474
1153	3086
1153	4385
1153	66
1153	285
1153	491
1153	1875
1153	1992
1153	2294
1153	3065
1153	4047
1153	4174
3188	3281
3188	2454
3188	876
3188	3639
4019	118
4019	1564
4019	1046
4019	2275
3460	2292
3460	3958
4345	3910
4345	3068
4345	252
4345	3242
4345	1956
4345	1309
4345	3192
4345	3008
4345	3639
4345	1172
2428	3324
2428	2200
2428	3575
253	2687
1304	4229
2961	3989
4433	4052
4433	1082
4433	603
4433	4237
4433	1307
4433	222
4433	4426
3281	1234
3281	2464
2164	2305
2164	1638
2164	805
2164	752
2164	2939
2164	1524
2164	554
2164	2754
2164	3292
2164	1233
2164	121
629	2687
629	558
2432	805
2432	2939
2432	2754
2310	3275
2875	3147
451	1971
451	1339
451	199
451	3729
1971	4391
1971	1919
1971	929
1971	1602
1971	3197
1971	1470
1971	370
1971	1362
1971	263
1971	2906
1971	3341
63	2021
1402	1599
1402	2454
4111	3638
4111	969
3910	3757
3910	598
3910	2654
3910	1596
3910	106
3910	557
3910	3016
3910	677
3910	3697
3910	1872
3910	83
3910	3331
3910	3566
737	1329
737	622
737	1477
737	3676
737	947
737	2169
513	631
513	4465
513	3792
513	1524
513	1037
513	4244
513	3515
513	4221
513	2328
319	2171
319	1421
617	2662
617	726
617	955
617	1670
617	1603
617	720
617	159
617	127
617	2169
1329	622
1329	2366
1329	3964
1329	947
622	2867
622	2897
622	1677
622	3539
622	802
622	3964
622	947
622	384
622	900
622	2331
622	3071
622	909
622	1605
4429	2171
3254	3068
3254	3628
3254	1328
3254	3639
3254	2361
4333	4491
2366	4527
2366	3696
2366	2612
2366	844
647	2027
2981	3019
2981	4263
2981	3639
182	491
3407	1830
3407	208
3407	3464
3407	1174
3407	3758
3407	30
3407	3192
3407	3008
3407	4483
3407	1017
2879	2456
2879	1277
2879	2246
2879	866
2879	1732
2879	843
2879	628
2879	3662
2879	591
2879	1873
2879	4489
1574	2687
1574	293
1574	939
1574	2014
885	2139
188	4228
2302	4392
2302	2454
2302	756
2302	1191
4176	1168
4176	1355
4391	3758
1151	3147
1151	1233
1151	3345
3954	4146
3954	2154
3954	3375
3954	4343
3954	4281
3954	1689
3954	220
3954	1575
3954	1183
3954	1026
3954	2276
3954	1679
2896	3354
267	1693
267	639
267	2951
267	4499
267	3395
267	364
267	397
267	755
267	66
2951	1773
4499	3423
4499	2454
4499	4413
4499	788
4499	1253
4499	3727
4499	2257
1580	3287
1580	4237
3395	4248
3395	1062
3395	2337
3395	2454
3395	3332
3395	4237
3395	947
3395	2169
3395	1778
4107	866
4107	138
244	1386
244	3824
244	3198
244	3129
244	814
244	3139
244	120
244	3437
244	1526
244	139
244	4392
244	1503
244	4162
244	2599
244	3335
244	2440
244	2028
244	3332
244	723
244	843
244	197
244	2070
244	1378
244	1591
244	263
244	3950
244	2464
244	969
244	3647
244	915
244	1721
244	3554
244	1681
244	1418
244	1646
244	3223
244	3337
244	2554
244	2633
3824	3196
3198	2644
3198	3719
3198	4490
3198	2567
3129	2644
3129	3147
3129	457
3129	2049
3129	2906
3129	660
3129	1820
2644	3405
2644	4524
2644	1477
3665	305
1586	1701
1586	1295
1586	3527
1701	1295
1701	4487
1701	3527
1701	3272
1701	1700
1701	4044
1701	3560
1701	1356
1295	4487
1295	3527
1295	1869
1295	526
1295	2650
1295	1356
4487	3040
4487	1536
4487	1529
4487	3381
4487	4049
3527	2364
3527	782
1424	1700
1424	3147
631	2337
631	1267
631	126
631	1524
631	2583
631	2361
631	2660
118	4361
118	3287
118	1524
118	4452
118	956
1614	610
1614	2400
1843	3595
1843	3191
1843	3086
1843	285
1843	3065
3251	67
2139	66
2139	1856
1807	4163
814	598
814	1565
814	4156
814	2578
814	668
814	239
814	1084
814	4137
814	3614
1927	2454
2957	2398
2957	3385
2957	2216
2957	3776
2957	1943
2957	601
2957	2591
2957	1524
2957	2626
2957	968
2957	4040
2957	4088
2349	2169
3595	3936
3595	3590
3595	1197
3595	285
1597	3021
1597	823
1597	3676
1597	3639
3757	526
3757	3908
3757	3539
3757	150
3272	832
3272	3792
832	633
4436	1677
3102	638
3102	1245
3102	909
3102	1605
887	3068
887	1536
887	3639
3324	947
3312	3697
3312	2436
3312	3719
3312	3876
3312	227
4509	3114
4348	246
4348	1811
4348	576
4348	999
395	1964
2025	3016
488	3278
488	594
3445	4268
3445	2392
3445	387
3445	3956
3445	2768
3445	66
3445	1875
2573	122
2573	1629
3228	2462
1616	802
3868	4279
3868	788
3868	2578
3868	4263
3868	1168
3868	3219
3868	421
3868	3639
3868	4010
3868	1977
1063	2454
1830	30
1444	3749
1444	1183
1444	2071
1136	2041
246	516
246	1449
246	731
246	1543
246	506
1027	824
1027	1339
1027	1313
1027	335
1027	1761
11	2454
11	199
11	3329
1731	1596
1731	4361
1731	1638
1731	2109
1731	1298
1731	3639
1731	2417
3971	2041
711	2728
711	2504
711	847
711	2696
2728	847
2728	968
1369	935
2211	259
2498	2229
2498	4418
3731	3958
3731	2434
2821	2454
2821	2931
4492	4525
4492	4026
4492	1491
4492	4080
544	3581
544	1689
544	2726
544	1935
544	4426
3582	106
2021	3509
2021	2028
2021	1800
2021	3332
2021	1224
2021	583
410	1862
3919	644
3919	850
3919	1115
3919	4361
3919	2316
3919	3287
3919	2998
4052	2328
4074	841
1898	1503
1898	2048
1898	199
318	3016
318	1477
3429	929
3429	1354
3429	3905
4104	122
644	1115
644	2316
644	502
644	1749
644	3792
644	4491
644	1270
644	1524
644	823
644	1281
1891	752
1891	2276
1891	4419
1891	2106
4471	199
4471	2906
2504	1201
2504	1197
2504	2454
2504	1141
2504	621
2504	1252
2504	3341
2504	3958
2504	1172
2504	1611
2504	435
2504	646
2504	742
2504	914
2504	1147
2504	1157
2504	1235
2504	1636
2504	2873
2504	1612
2504	1191
4248	1062
4248	92
4248	1638
4248	3639
1062	92
1062	1638
1062	1914
1062	3639
1062	4228
890	4084
2892	2276
2892	1679
2892	1233
2272	3773
1314	2317
1314	1336
1314	634
1314	3539
1314	470
1314	4066
1314	3639
1314	2660
1314	2134
1314	3508
1314	4134
3405	1084
2016	59
2171	1570
2171	3016
2662	1845
2662	4011
2662	127
746	335
746	633
746	1183
746	58
1919	894
804	502
804	4491
1238	576
382	3465
382	2454
382	3697
2645	2299
2645	2132
2922	2454
2922	3841
908	2855
908	4470
908	4322
908	1856
2759	199
2759	4131
2720	3478
24	45
24	4321
4427	4281
4427	1689
4427	2315
4427	1356
4427	1191
598	815
598	2295
598	4413
598	322
598	668
598	185
598	3332
598	4229
598	1309
598	3687
598	1270
598	2464
598	3562
598	2973
598	4166
598	1350
598	3418
324	335
364	4263
364	3639
2708	2011
2708	1328
2708	3341
2708	1178
1937	3997
1937	3639
2654	1524
2654	3612
2630	3670
2630	3289
2630	3628
2630	2726
2630	4139
2630	1935
850	2243
850	201
850	3958
3013	4263
3013	1536
3013	3639
80	1084
80	3639
80	1221
300	3019
300	3068
300	4263
300	1477
300	3639
1311	1267
1876	3423
1876	3287
217	2454
1585	2454
1115	2491
1115	4361
1115	1551
1115	1253
1115	2998
1115	2854
1115	3639
1115	4134
120	4361
120	841
120	3682
120	964
3740	2169
3670	3289
3670	3128
3670	3197
3670	2454
3670	3597
3670	1375
3670	4215
3670	842
3670	4281
3670	3840
3670	532
3670	1689
3670	1676
3670	2939
3670	2726
3670	4222
3670	2899
3670	1679
3670	2328
4032	2436
4032	3719
4032	3876
4032	227
2932	4215
2932	2028
2932	1794
2932	1679
2932	1190
1364	3086
1364	285
1364	304
1364	4418
2855	3936
2855	3191
2855	2376
2855	1117
2855	45
2855	285
2855	3977
2855	4335
2855	4410
3289	3026
3289	3143
3289	1277
3289	1602
3289	3465
3289	2454
3289	2521
3289	739
3289	274
3289	4281
3289	3581
3289	1162
3289	677
3289	1689
3289	3498
3289	2726
3289	1362
3289	1935
3289	3083
3289	4370
3289	4426
3289	2810
3289	3323
3289	1014
114	2392
2982	3889
2982	2496
2982	2613
4235	199
4235	4530
4235	4233
4235	1788
3249	2454
3249	3586
3249	661
1748	1838
1748	3728
2346	199
2346	660
3711	637
2867	1524
3161	3020
3161	2392
3161	4228
3161	413
3161	586
2037	3147
2037	3981
2037	3557
3252	3206
3252	715
3252	3064
3252	2222
3936	4268
3936	4081
3936	4416
3936	4555
3936	2392
3936	212
3936	2768
3936	533
3936	927
3936	1875
3936	1992
3936	304
3936	4410
3165	1527
3165	2137
3165	3292
3206	3191
3206	2066
3206	2392
3206	4385
3206	67
3206	285
3206	2796
3206	304
4103	971
4103	3579
4103	898
3590	4268
3590	3798
3590	2939
3590	637
3590	66
3412	865
974	901
1684	1739
2398	3509
2398	2766
2398	2070
2398	628
2398	3163
2398	4475
2398	1047
2398	1679
3043	2060
2060	3219
3026	3900
2288	2110
238	1593
238	2110
1175	809
1391	3908
1391	554
2337	4229
2337	3639
2337	3478
3290	3019
3290	2454
3290	3147
3290	623
3290	2942
3276	1181
3276	2975
191	637
4457	3639
4208	1183
4208	113
3494	1811
3494	1638
3494	1227
3494	2984
3494	2343
3494	2975
1913	3287
1913	4475
2456	1277
2456	2246
2456	1732
2456	2962
2456	3639
2456	422
2456	434
2456	3179
2456	4489
2108	2454
2108	2311
2108	3020
2108	3046
2154	1764
2154	3019
2154	2687
2154	862
2154	532
2154	762
2154	3704
2154	3669
2154	1625
2154	3356
3064	323
3064	741
3064	4530
3064	823
3064	45
1256	1477
2156	1099
2156	491
3143	1277
3143	252
3143	2238
3143	2939
3143	3147
3143	2726
3143	1199
2668	1082
2668	465
3414	2066
323	1257
323	1728
1285	1046
1285	2221
1285	927
1285	2100
32	1257
18	2316
18	224
18	145
3749	4022
3423	457
92	1227
92	1541
92	774
92	643
92	2020
2129	121
1929	205
3598	3147
1764	370
1764	2942
302	805
3437	2316
2853	2687
708	3193
2698	285
3481	4361
3481	3287
3831	66
3831	2387
1341	1429
1341	2434
408	3128
408	3203
408	677
408	3639
3543	4475
3019	2687
3019	4263
3019	2484
3019	4201
3019	1017
3019	1143
3019	1065
3019	1629
3019	2369
2687	1870
2687	4361
2687	3128
2687	2316
2687	340
2687	3357
2687	2439
2687	2702
2687	104
2687	558
2687	3958
2687	2660
2687	1143
2687	376
2687	1319
2687	3432
1111	4242
1111	594
1111	1183
1111	928
1111	4244
1811	407
1811	222
1811	3415
1811	4092
4267	3657
4014	199
4197	2316
679	3128
679	4448
52	3639
1278	3287
1278	371
1278	1356
1278	1191
1278	1577
1278	2678
4182	2295
4182	3646
4182	3676
4182	4448
4182	3612
4182	1879
3439	841
3439	1896
929	4020
929	422
929	1775
929	3453
929	3235
3351	121
1106	3221
1106	2942
3221	1670
3221	2942
2153	2880
1209	1277
1209	4525
1209	2993
1209	3169
2861	3287
2861	3147
1112	4475
1277	3485
1277	4525
1277	1387
1277	2993
1277	2246
1277	4361
1277	2011
1277	4178
1277	2252
1277	1689
1277	2191
1277	2897
1277	843
1277	720
1277	197
1277	2647
1277	3127
1277	3875
1277	236
1277	1014
1277	4489
3485	4237
3485	3169
1255	3287
1255	841
1255	3639
1267	2243
1267	2484
1267	1524
4279	610
652	554
652	3341
652	4475
1337	1477
1337	3639
1337	1026
1337	747
1814	4307
1082	285
1082	3459
4157	2316
1181	4193
1181	48
1181	1512
1181	1602
1181	3589
1181	4240
4193	1512
48	1512
538	4229
1512	668
1512	502
1512	661
4525	4361
4525	199
4525	16
4525	3687
4525	2626
4525	2042
1782	1046
1782	521
1782	1048
4268	3191
4268	1482
4268	2508
4268	2222
4268	637
4268	295
4268	2066
4268	2392
4268	387
4268	2027
4268	2474
4268	3086
4268	70
4268	285
4268	1875
4268	2294
4268	2796
4268	3065
4268	4434
4268	304
4268	4410
3849	3096
2526	1367
1310	1583
4255	3278
4255	1330
4255	2134
4255	2341
1634	4530
3191	1964
3191	2383
3191	2791
3191	1117
3191	4416
3191	4555
3191	554
3191	2392
3191	387
3191	3086
3191	212
3191	2768
3191	533
3191	2229
3191	2384
3191	285
3191	927
3191	1875
3191	1992
3191	304
3191	4410
3021	4062
3021	2454
3021	1257
3021	3068
3021	2441
3021	2251
3021	57
3021	3426
3021	1298
3021	3639
3021	2106
4062	3068
4062	2441
4062	3426
1387	2993
1387	1889
1387	3958
1387	888
2993	2089
3245	1739
1739	1575
1486	2454
1486	2229
1486	1875
1486	3541
4351	465
4351	1346
4351	285
1602	1638
1602	268
1602	1859
1602	1245
1602	3876
1602	4491
1602	3935
1602	2567
3389	1799
3389	457
3389	1896
2254	3411
2254	4363
1347	2649
2309	2454
2309	461
2309	2434
2344	3883
2437	841
1596	1375
1596	2111
1596	2484
1596	1162
1596	2688
1596	3958
1596	4426
1596	1723
1596	4338
1596	4474
1596	2663
3465	2246
3465	1638
3465	2578
3465	739
3465	274
3465	3581
3465	677
3465	1689
3465	2726
3465	3639
3465	1935
3465	4426
2246	3840
2246	532
2246	4150
2246	1732
2246	843
493	479
2517	2998
3509	668
3509	2436
106	224
106	3242
106	3232
106	1384
732	754
732	3639
4055	2415
4055	624
4055	2939
4055	1225
1756	2454
4308	1282
3953	863
3953	4137
3953	2353
2491	3729
1211	3639
3211	2948
3211	1948
3211	2066
3211	3086
3211	285
3211	1992
3211	3756
3211	4410
3144	2948
827	1845
827	677
827	345
827	3639
827	2737
827	25
516	3285
516	3016
516	610
516	506
3947	2136
184	1740
184	1751
184	880
2946	2454
616	2454
616	1227
2442	877
3278	3997
3278	370
3278	1203
3278	1284
3278	3610
2877	3375
2877	4078
2877	1227
2877	1541
2877	2984
2877	971
2877	1652
815	199
1565	2689
1565	239
1565	3453
4553	4263
4553	3639
4553	422
330	3147
2295	1362
2295	755
2295	1084
1004	621
1004	3639
2948	4229
2948	1130
4120	554
4361	2766
4361	1375
4361	4215
4361	2028
4361	2032
4361	1676
4361	126
4361	258
4361	1245
4361	3218
4361	2688
4361	637
4361	3704
4361	2486
4361	554
4361	4166
4361	4085
3274	4156
3385	1847
3385	3874
3385	3776
3385	601
3385	1245
3385	2591
3385	3964
4151	555
1845	3335
1845	3510
1845	3982
1845	2169
1845	2176
1845	888
1845	3752
3464	502
3464	30
3464	3192
3464	279
4156	4548
4156	3192
4156	239
2576	265
2576	3597
265	638
265	199
265	1850
265	2361
2766	2430
2766	3287
2766	1700
2766	3876
2766	825
2766	2042
2766	3545
2766	1773
3939	2994
3939	3287
3939	3219
3939	126
3939	3639
214	3639
465	3147
465	637
465	2275
824	3657
824	3503
824	212
3941	3109
863	862
863	1689
863	4077
863	4011
863	1575
863	1183
862	2578
862	668
862	677
862	1467
862	3729
862	2109
862	4444
862	1233
4439	1378
3820	3016
3820	248
1526	2521
1547	3016
1197	1477
1197	4410
1331	2384
3734	3171
3734	491
1964	592
1964	554
2383	67
2383	285
2643	1336
2216	3287
4026	98
4026	1307
4026	1541
4026	4491
4026	823
4026	1576
4026	1183
4026	3639
1333	3147
1333	4475
2831	1583
2964	252
2964	4105
2964	422
139	199
139	4491
139	2806
79	677
79	3893
2053	3068
2053	1282
2053	3628
2053	601
2053	1298
2053	3639
3128	1282
3128	3628
3128	677
3128	199
3128	3893
3197	1282
3197	3893
2305	2454
1564	201
3578	4548
3578	3539
3578	418
3578	1252
3578	2688
3578	4535
3578	1795
3856	2392
749	777
4392	3125
272	3354
1948	1099
1948	4475
1315	1477
1180	4459
1180	1252
1180	1183
1522	256
1072	2768
3207	750
609	2070
2665	2183
3055	1183
3469	4343
3469	3287
3469	1700
3469	1842
3469	4503
2454	2009
2454	4215
2454	4414
2454	4320
2454	4548
2454	2819
2454	2206
2454	2605
2454	4447
2454	895
2454	4079
2454	4374
2454	1313
2454	1212
2454	3655
2454	4016
2454	69
2454	2984
2454	1075
2454	1871
2454	633
2454	4011
2454	3056
2454	2998
2454	3780
2454	1270
2454	3935
2454	997
2454	1949
2454	3444
2454	1591
2454	2591
2454	3020
2454	3166
2454	3519
2454	558
2454	3931
2454	1084
2454	2365
2454	2392
2454	2696
2454	2024
2454	279
2454	4280
2454	2859
2454	1721
2454	210
2454	1673
2454	3117
2454	3047
2454	3187
2454	1587
2454	3393
2454	1801
2454	68
2454	121
2454	125
2454	128
2454	305
2454	377
2454	479
2454	709
2454	722
2454	898
2454	1032
2454	1095
2454	1157
2454	1457
2454	1476
2454	1540
2454	1572
2454	1626
2454	1752
2454	1820
2454	1823
2454	1842
2454	2103
2454	2128
2454	2369
2454	2412
2454	2451
2454	2475
2454	2586
2454	2613
2454	2621
2454	2671
2454	2699
2454	2732
2454	2770
2454	2870
2454	2882
2454	3012
2454	3049
2454	3092
2454	3100
2454	3302
2454	3370
2454	3438
2454	3458
2454	3577
2454	3580
2454	3605
2454	3625
2454	3629
2454	3715
2454	3789
2454	3808
2454	4009
2454	3331
2454	4251
2454	4331
2454	4332
2454	4418
2454	4450
2454	4495
2454	4503
2454	4517
2454	2106
2454	3680
4306	3287
4306	1700
4306	1298
1257	810
1257	741
1257	3287
1257	841
1257	1700
1257	57
1257	1245
1257	3901
1257	823
1257	558
1257	275
1257	212
1257	2567
3068	3738
3068	677
3068	3287
3068	1491
3068	3997
3068	841
3068	1700
3068	57
3068	1451
3068	59
3068	4428
3068	239
3068	3639
3068	6
3068	2797
3068	1721
3068	1172
3068	968
3068	2554
3068	3453
4513	1678
4513	1328
4513	4403
4513	4161
2011	3147
2011	3146
2011	3958
2011	10
2011	2361
2011	3381
1551	502
810	1339
810	4263
810	3287
810	1084
810	3639
2297	2938
788	3521
603	1307
603	4038
603	628
555	339
1029	3147
1029	3584
2076	289
1099	2648
1099	1183
3597	677
3597	1608
3597	2754
3597	3882
3597	2276
3597	1679
3597	1233
3042	3603
4169	1183
4524	633
726	2316
726	199
1638	3834
1638	2439
1638	98
1638	1426
1638	1470
1638	2046
1638	594
1638	3127
1638	3146
1638	774
1638	643
1638	2169
1638	873
322	823
322	1970
322	1356
322	1896
322	4489
3518	4444
2508	1846
2508	2066
2508	2392
2508	387
2508	3086
2508	4448
2508	533
2508	3579
2508	285
2508	2613
2508	2632
2508	3473
2508	4410
1846	3287
1846	2392
1846	3473
2578	1700
2578	805
2578	3639
2578	4166
2578	1353
3471	741
1272	3818
1272	2276
3738	2484
3576	2640
557	1001
557	4426
2559	668
1489	3016
2009	3426
2976	3016
1375	4426
2640	3016
2802	3016
1339	2421
1339	335
437	610
437	4475
697	4530
1498	224
1498	1805
1498	4444
1498	4426
2316	4035
2316	502
2316	469
2316	4326
2316	329
2316	1020
2316	3519
2316	1575
2316	4225
2316	2087
2316	3707
4215	199
4215	4229
4215	4330
4215	4266
1651	2515
1651	2137
2243	1623
2243	1253
2243	1591
2243	3676
2230	1623
2230	1591
2230	3676
1282	3874
1282	3840
1282	4077
1282	1679
2521	1689
2521	4426
739	274
739	4367
739	3840
739	3581
739	532
739	1689
739	3498
739	2726
739	991
739	4222
739	2962
739	1935
739	83
739	1833
274	4281
274	3840
274	3498
274	823
274	3106
274	1935
274	2514
274	3371
1838	2066
1838	3086
1838	4434
2111	278
2111	4162
2111	1689
2111	3687
2111	2583
148	3719
3763	2417
3763	1751
3763	2330
3763	2071
3763	4257
2625	3086
2625	285
2625	4434
2669	3287
3725	2134
4446	1700
4446	3449
3285	1183
3285	2854
1570	4281
1570	1024
1570	1298
3900	2436
3900	633
3900	2136
1336	2417
1336	1878
4414	4163
268	59
268	275
3016	2503
3016	3581
3016	262
3016	2376
3016	2623
3016	4192
3016	4428
3016	3897
3016	1183
3016	2883
3016	2546
3016	2524
3016	455
3016	463
3016	2266
3016	2029
3016	2369
3016	2448
3016	2496
3016	2942
3016	2870
3016	2988
3016	2990
3016	3508
3016	3615
3016	3845
3016	3905
3016	3991
4463	526
4463	3908
4463	150
4463	4448
526	3908
526	311
526	1442
526	2846
526	220
526	637
526	3676
526	1183
526	1690
526	3639
526	293
526	1037
526	4244
3908	311
3908	2846
3908	150
3908	122
3908	3676
3908	1183
3908	1690
3908	928
3908	3639
3908	1037
3908	2117
311	3287
311	1134
311	150
311	1183
311	1690
311	4475
4303	809
4178	3999
4178	2027
4178	3496
1702	4158
4512	210
3651	2609
3651	1183
2503	3728
3028	3639
2200	3575
2200	1328
2200	3133
4242	3575
884	3575
3575	3704
3575	2169
3575	2990
4100	450
1050	205
3606	3076
3203	3569
3203	3639
4081	902
668	1524
668	2754
2649	554
1449	842
1449	3840
1449	1059
1895	825
224	275
4097	2065
4097	161
4097	2762
4097	3038
4320	2439
4320	370
4320	418
4320	4490
4320	2762
4320	3038
1503	1901
1503	4162
1503	263
4548	1901
2819	1740
2819	4114
2819	3401
4337	3388
2751	3086
2751	2632
2791	902
2791	2066
2791	3086
2791	285
2791	1829
2791	2342
1488	1270
1488	4088
235	1896
4377	2902
2048	2260
2048	3046
2048	3478
2652	3926
4249	3318
2552	2901
3798	1024
4126	1171
4271	196
4271	2985
2500	295
2500	3086
4470	1046
4470	1117
4470	187
4470	4335
963	1847
147	1847
1847	3387
1847	3724
1847	955
1847	3368
1847	278
1847	3601
1847	610
1847	4044
1847	4102
1847	3780
1847	2619
1847	1518
1847	2125
1847	2471
1847	239
2609	1676
2609	782
3037	2251
3689	2027
3689	4173
3390	2251
3390	4475
2299	522
2270	2251
4223	3287
1623	4367
1623	66
3720	2762
3891	2762
4289	4206
3874	3556
3874	4159
3874	4229
3874	1307
3874	59
638	1442
638	1309
313	1886
313	4229
313	4428
313	2689
313	4149
2880	1174
2880	4225
2880	2434
3894	2144
3790	818
842	3628
842	677
895	3147
895	4149
4285	4475
2725	2906
252	1956
252	3169
252	870
252	3025
4263	3046
4263	113
4263	2369
4263	2382
1901	4162
1901	4438
4162	2484
4162	3997
4162	805
4162	3354
4162	3925
4162	3950
4162	1763
4162	3478
4162	3723
2599	3335
2599	150
2599	4105
2599	2176
3335	150
3335	4105
3335	2176
3242	825
1956	870
1956	3008
1956	2906
1956	3639
1956	2985
1956	3025
4307	2939
4307	1203
4307	2276
4307	1679
4307	1233
4307	2042
3151	523
3151	3146
3151	4475
1490	2152
1490	273
3357	554
411	162
3841	1183
3462	4491
327	650
2901	491
2901	1853
1046	1426
1046	2203
1046	2079
1046	4280
1046	3086
1046	2704
1046	1875
1584	3639
4343	3997
4343	4530
4343	162
4367	2726
4367	1935
4367	2448
4367	3666
3040	3147
2484	2143
2484	3997
1678	1328
1678	809
1678	1853
4281	3581
4281	841
4281	2726
4281	1805
4281	1935
4281	4444
4281	4426
3840	677
3840	1298
3628	1689
3628	3421
3628	2029
634	1679
3581	1689
3581	2774
3581	3498
3581	2726
3581	4222
3581	1805
3581	4426
3581	83
1162	4426
532	4150
532	1689
532	1735
532	3818
532	2754
532	1298
532	4426
532	3882
532	2276
532	1679
532	1233
4150	677
4150	4511
677	1689
677	2939
677	2726
677	4222
677	3421
677	2647
677	3639
677	4426
677	2514
677	2414
677	83
677	1726
677	1766
1689	2726
1689	762
1689	3421
1689	1805
1689	3639
1689	1935
1689	4444
1689	4426
2439	1309
2439	554
2439	2980
3634	1801
4079	449
731	1059
2799	3835
4384	212
2251	3287
2251	2143
2251	1700
2251	2268
2251	816
2251	1001
1735	2647
2430	4166
14	564
14	2436
14	4491
14	3358
4437	373
3287	2143
3287	57
3287	2268
3287	610
3287	2415
3287	1787
3287	3219
3287	3916
3287	2939
3287	1591
3287	4083
3287	456
3287	4272
3287	2114
3287	2486
3287	263
3287	1084
3287	3648
3287	3639
3287	2765
3287	1001
3287	4173
3287	240
3287	982
3287	1852
3287	276
3287	898
3287	1716
3287	1727
3287	2294
3287	2445
3287	2488
3287	2492
3287	2549
3287	2849
3287	3108
3287	3130
3287	3401
3287	3970
3287	3800
3287	3809
3287	3968
3287	4015
3287	4534
1491	1253
1491	841
1491	1700
1491	610
1491	1749
1491	1468
1491	1912
1253	2268
1253	115
2143	2268
2143	1001
3230	3347
3997	2268
3997	47
3997	1451
3997	4547
3997	127
3997	2520
3997	3639
3997	6
3997	1001
3997	259
3997	3452
3997	4095
3997	2385
3997	2549
3997	2713
3997	3861
3997	4534
841	610
841	2415
841	3426
841	3534
841	3639
841	6
1700	610
1700	2415
1700	3354
1700	3950
1700	3639
1700	2765
1700	1001
1700	1017
1700	2549
57	3639
57	6
2268	2549
610	2415
610	4139
610	3822
610	3905
2415	3403
2041	3893
44	4188
3571	3631
3571	3519
3571	515
4315	3342
3201	3818
2158	1524
4554	3086
4554	285
262	564
4527	3696
3696	136
2222	3989
2222	690
2222	3171
2222	161
2222	3358
2222	533
2222	66
3989	690
3989	2384
690	3086
690	2768
690	533
3171	4475
3171	3065
4357	3852
2028	564
1670	2942
1168	3216
1168	2314
882	4254
2191	2014
502	997
502	627
502	239
502	1262
502	3562
502	376
502	3235
3154	3062
64	1045
3510	4475
1749	2248
345	2985
866	4237
866	628
3718	4237
1940	4237
1213	4237
1213	273
1213	1294
1213	2935
1213	4211
4374	4237
1687	1860
1770	1524
1770	3639
1313	335
1313	1524
335	1761
335	1378
335	193
335	2959
335	3200
1677	4229
1009	66
3807	285
1761	248
185	3639
943	2678
2260	3147
2260	4024
2260	1892
2260	2335
2260	3975
2260	982
756	1477
2702	1524
142	522
142	3331
4044	122
2409	3676
3499	3020
3499	1673
3499	1875
104	122
104	1524
104	1673
104	1992
892	3843
892	47
1536	3843
1536	3655
1536	876
1536	805
1536	627
3843	3655
3843	47
3843	1816
3843	3982
3655	876
3655	805
2013	805
2013	2180
2651	3742
1799	805
1799	2180
1799	239
1799	2973
1799	888
1799	4209
2376	621
876	805
876	1573
3742	3178
3742	1875
805	2180
805	594
805	2110
2355	4201
1800	126
1800	1245
1800	2626
1800	3415
1800	2042
1800	3530
2032	2058
4016	4188
1442	150
2598	564
3332	199
3332	564
3332	2436
3733	1367
2535	1084
1794	4237
4237	1057
4237	3646
4237	1352
4237	456
4237	2464
4237	3515
4237	1350
4237	1795
3760	3147
3760	285
1676	4229
1676	564
1676	1524
1676	4266
98	3178
161	4530
161	3235
1426	469
1426	2647
1426	4340
4240	2647
4240	2632
4240	4317
1163	199
469	3086
469	285
1117	3020
1117	2474
1117	3086
1117	3826
1117	285
1117	1875
1117	1165
902	2661
902	2392
902	927
902	304
21	66
4158	637
590	193
1767	1875
1451	3639
4284	1134
4284	321
4033	2276
4033	1679
3697	2192
461	3631
461	3870
3661	3131
3792	2192
3792	197
3792	1183
3792	1037
3792	3958
3792	2328
3792	888
3539	457
3539	3566
1944	624
1944	661
624	661
624	2070
624	4491
624	4326
624	3935
624	1737
624	3275
661	115
661	3219
661	3935
661	1737
661	1429
661	3275
661	2391
661	4214
661	3453
661	3235
752	3646
1043	4475
4346	2647
4346	2110
3169	4149
3169	4266
3472	3091
442	295
2221	633
2221	1429
2221	4452
115	2046
115	537
115	633
115	499
115	2058
3219	2046
3219	1429
3219	1864
3219	2369
3219	4503
2192	3147
69	212
69	2768
1667	2906
1667	595
1667	279
1057	199
1057	2906
1057	279
870	3025
30	3192
30	3639
30	1017
349	750
199	2906
199	2464
199	279
199	259
199	968
199	567
2638	1248
2638	1854
1248	3852
1248	3354
1854	3994
1854	3354
1854	3639
1854	205
3852	3354
3852	2106
2283	4475
3624	304
723	422
723	453
3646	988
3646	4483
3646	3163
3646	3958
3646	909
126	3687
126	564
126	3990
126	234
126	1773
3994	4426
3994	2276
1732	843
1732	3442
1732	4489
1227	3421
2939	1328
2939	4363
4322	4416
4322	2784
1832	3639
1832	2737
1832	4294
1470	4491
1400	3676
2146	285
601	506
601	912
248	472
248	3388
248	127
248	2906
248	4166
248	3418
248	3489
4229	2110
4229	3127
4229	3046
4229	1850
4229	939
4229	953
4229	2169
4229	25
4229	1220
4229	1460
4229	1976
4229	3584
1134	1299
1134	2046
1134	2115
1134	594
1134	4114
1134	1024
1134	628
1134	2612
1134	1458
1134	1864
1134	1575
1134	4438
1134	4304
1134	2169
1134	450
1309	2436
1309	3719
1309	227
1309	1949
1307	2046
1307	4114
1307	1458
1307	2797
1307	305
1307	3545
1299	2918
1299	1864
1299	2169
3687	1524
3687	1328
3687	3341
3687	499
3687	1143
3687	2328
1245	59
1245	4038
1245	1203
1245	3639
1245	3424
1245	567
1245	1795
1245	4389
1245	4423
564	2070
564	621
564	1524
564	1362
564	2567
564	1143
564	1191
1467	4067
1467	2617
1603	3959
1603	554
587	2519
3657	3147
3657	637
3657	865
2408	947
2408	4166
2408	1143
1541	3938
1541	4114
1541	1059
3309	467
625	4530
625	3629
522	3625
196	4491
196	3075
196	3639
3054	2010
3054	1861
843	4489
720	2647
720	1059
720	259
4077	733
4077	3750
4077	4491
4077	4011
59	3729
4086	3876
4086	227
2436	3719
2436	3876
2436	227
2436	3639
3719	3876
3719	227
3719	418
3719	1378
3719	3418
3876	227
3876	418
227	3562
227	3381
4020	4530
4020	10
4020	1875
370	2145
2846	150
2846	1429
2846	3676
2846	558
2846	2469
4004	1860
470	3869
4530	997
4530	1246
4530	2049
4530	125
4530	1409
4530	2058
4530	3235
2145	479
2145	2878
3631	968
3631	2773
107	3577
107	4534
3147	3549
3147	4491
3147	3925
3147	1020
3147	1068
3147	4068
3147	1183
3147	4254
3147	2353
3147	152
3147	413
3147	1665
3147	1856
3147	2085
3147	2806
3147	3186
3147	3508
3147	3756
3147	3808
3147	4088
3147	3176
3147	4286
3147	2885
3147	3677
3354	1183
3354	259
3354	3227
3354	4331
3365	2811
3365	1220
1352	2343
1352	259
4066	865
4066	1084
4066	4426
2774	2726
2774	1458
4428	4083
4428	3639
3498	2726
3498	1805
3498	1935
3498	4426
523	623
3426	2883
2782	1045
418	2109
418	1270
418	3109
418	3639
418	337
418	1123
1224	2109
2109	1024
2109	4475
3430	3639
3938	1270
150	4028
150	3676
150	1183
150	1690
150	928
150	1037
150	4244
4080	4038
4080	4491
4080	628
4080	1095
4080	1860
4038	2070
4038	280
4038	1477
4038	628
4038	4547
4038	6
4038	113
2070	280
2070	1477
2070	1270
280	1477
280	3750
280	4491
280	628
280	4011
280	1270
280	1225
1477	628
1477	4547
1477	4011
1477	2608
1477	1262
1477	799
1477	559
1477	658
1477	738
1477	782
1477	957
1477	2502
1477	2531
1477	1356
733	3750
733	4011
2228	3750
2228	4011
3750	4491
3750	636
3750	4011
4491	636
4491	4547
4491	4011
4491	1524
4491	4438
4491	3669
4491	4166
4491	1360
4491	1976
4491	2975
636	4011
636	1643
2726	762
2726	1805
2726	1298
2726	1935
2726	4426
2726	3882
2726	1199
220	3682
220	4475
220	275
220	3358
220	1026
220	4444
220	4426
220	3216
3897	1183
3050	4163
4312	4426
3142	2005
2046	1378
2046	3118
2046	633
2046	594
2046	4490
2046	4114
2046	1024
2046	2612
2046	4112
2046	1458
2046	101
2046	1429
2046	1183
2046	1382
2046	113
2046	1423
1378	633
1378	594
1378	4114
1378	1024
1378	2612
1378	1458
1378	1382
1378	113
1378	1423
3118	2115
3118	633
3118	594
3118	2612
3118	1458
3118	1423
537	2058
633	594
633	4490
633	4114
633	1024
633	2612
633	4112
633	1458
633	1429
633	4233
633	750
633	847
633	1382
633	1423
594	4490
594	4114
594	1024
594	2612
594	4112
594	1458
594	1382
594	1423
4490	2612
4490	1524
4490	975
4490	1423
4114	1024
4114	2612
4114	1382
4114	113
4114	894
4114	1423
1024	2612
1024	1382
1024	1423
1024	1661
628	4547
628	1270
628	3676
4547	4011
4547	1270
4011	809
621	991
621	2394
2998	3958
2998	17
2612	4112
2612	1458
2612	1382
2612	1423
4112	1458
4112	554
4112	1382
4112	1423
4112	1723
4112	3728
1458	1382
1458	113
101	3451
101	2451
3451	422
4222	1233
905	1938
905	3925
905	3106
905	4549
905	1763
905	3982
905	3639
905	83
905	1679
1938	1763
1938	3982
1938	3639
1938	6
3421	2754
3421	2276
3925	1763
3925	3639
421	1679
4511	83
4511	1530
4139	2680
3960	4475
3192	2647
3192	279
1518	1183
1518	66
2471	58
3447	1358
1270	3682
1270	2520
1270	1393
1270	1662
1270	3100
1728	1593
3858	159
913	3639
802	947
457	1524
457	1001
457	1468
457	2472
576	3444
2661	2066
2661	3086
2661	285
2661	4434
1949	4475
4416	2066
4416	2474
4416	285
4416	1992
1406	554
2688	554
1203	1298
1203	422
3444	4475
3444	2941
1591	2377
1591	3381
1591	3968
4373	1065
637	1020
637	4233
637	927
637	1606
637	1839
637	4109
124	1575
124	3970
1969	491
1969	3781
833	1287
1287	2020
3408	288
1429	297
187	178
178	1875
1805	4426
1805	1065
1805	498
2614	193
2779	193
2608	1183
2608	193
2647	1709
2203	2392
2203	3086
2203	4528
2203	285
2203	3065
1593	422
122	839
122	4148
122	3648
122	3826
122	3393
122	26
122	505
122	623
122	653
122	2650
122	3833
122	3837
122	2893
818	4383
818	2678
2137	823
1524	2567
1524	3358
1524	1026
1524	2626
1524	3632
1362	1576
1362	865
1362	3639
1362	3065
3091	295
3091	2181
3091	3086
3091	4403
3091	285
3232	4475
295	3020
295	1875
3020	4448
3020	45
3020	285
3020	995
823	558
823	1059
823	1249
823	1409
495	3625
3127	2906
4272	275
2114	2832
2114	3728
2689	239
2689	2044
2689	3453
4028	3676
4028	1037
4028	3515
3109	1625
4555	2066
4555	3086
4555	212
4555	70
4555	285
4555	2633
407	222
1474	222
2186	1298
3388	3562
3388	2973
3964	947
3964	2173
263	2859
263	275
3950	1294
369	4318
369	58
127	337
755	2173
239	865
239	3639
239	3110
239	2492
239	3366
239	3453
239	3235
3676	1059
3676	3515
1020	1059
1576	1059
2292	1059
2292	4244
865	3639
865	3235
3503	6
554	3275
554	3637
3519	3566
3106	3982
3106	1579
4549	1579
1763	3982
1763	3639
1763	205
3982	1579
1579	1861
947	4166
947	1143
947	384
947	795
947	2331
947	3071
947	3441
947	3728
3682	1896
2583	3639
2583	3073
1068	3182
1068	85
1068	1408
1068	4269
839	3981
839	2650
1328	847
1328	3341
1328	3893
1328	1709
3835	3341
3008	2906
3008	3025
2906	595
2906	4149
2906	2762
2906	2027
2906	1839
2906	3318
2906	4424
4452	1330
4452	2770
1084	3639
1084	337
1084	3562
1084	998
1084	567
4163	3826
4163	1873
750	4137
750	3639
1059	4244
1059	3515
1059	3958
1059	2169
1059	3316
1059	3331
4137	2353
2811	4535
2066	2392
2066	387
2066	2768
2066	66
2066	1875
2066	1992
2066	304
2066	4410
4483	1017
595	279
4149	279
1889	205
2762	643
969	2024
969	3591
847	2696
847	3639
2392	2474
2392	3086
2392	212
2392	285
2392	1080
2392	1875
2392	2796
3341	1178
3341	422
3341	1709
3341	2935
3196	1183
2024	3591
2024	2827
2024	4475
3591	966
3038	643
3038	506
3875	799
3875	3560
4318	58
1262	3235
1298	3639
1298	1935
1298	275
1298	1679
1298	1233
3163	4444
222	809
222	3415
1183	1690
1183	4244
1183	3282
1183	4221
1183	4031
1183	2071
1183	4063
1183	1113
1183	1679
1183	888
1183	132
1183	195
1183	505
1183	1404
1183	1613
1183	1878
1183	2329
1183	2540
1183	2551
1183	3317
1183	3339
1183	3342
1183	3381
1183	3808
1183	3885
1183	4286
1690	4244
1690	3515
928	422
2854	3639
162	2014
4438	4475
915	3371
589	2594
3639	2391
3639	1721
3639	4370
3639	968
3639	3177
3639	1330
3639	1852
3639	771
3639	1171
3639	1629
3639	1976
3639	2369
3639	2382
3639	2425
3639	2556
3639	2806
3639	2952
3639	3049
3639	3418
3639	2554
3639	3806
3639	3453
6	3545
2765	2446
2417	2330
2417	2071
916	1233
1935	4426
1935	2514
1935	2985
387	2474
387	2181
387	3086
387	4385
387	285
387	3035
387	4434
1037	4244
4244	3515
3515	3047
3515	3076
4383	2014
3146	3826
3146	656
3146	660
3146	938
3146	1320
3146	1626
3146	3186
3662	4489
3266	809
2027	747
3958	376
3958	2257
3958	3905
2474	533
2474	491
2474	927
2474	1875
2474	304
1346	1896
422	774
422	1017
422	1143
422	2681
422	505
422	534
422	2549
422	3560
422	4468
774	643
108	1355
108	949
2827	4475
3292	4441
3292	4166
3292	1143
4475	1685
4475	3358
4475	1026
4475	4444
4475	1529
4475	4067
4475	2546
4475	3956
4475	4460
4475	76
4475	325
4475	583
4475	898
4475	1228
4475	1360
4475	1648
4475	1773
4475	1775
4475	1842
4475	1878
4475	2943
4475	3234
4475	3489
4475	3970
4475	3861
4475	3987
4475	4009
4475	4040
4475	4123
4475	1356
825	275
825	3975
275	2152
275	563
275	83
3086	212
3086	2768
3086	533
3086	2384
3086	927
3086	1875
3086	1992
3086	2796
3086	304
3086	4410
962	2849
1615	809
58	2169
2361	3478
809	509
1001	3861
1017	4269
3073	2275
212	533
212	3545
212	3065
3209	45
2391	3194
145	4294
256	2
256	1643
256	973
256	4217
973	3418
4385	2768
4385	4410
1721	3584
3358	1026
3358	4444
1026	4444
1026	2277
1026	2935
4444	1042
2330	2271
2071	588
210	3677
1529	3981
3933	3562
3933	1388
4467	251
3826	3393
4067	2546
2296	66
3956	218
3562	4266
2434	3669
2653	3669
288	152
2343	4360
2343	2626
2343	3566
4360	2626
4360	2926
2626	3566
2768	17
2768	70
2768	285
2768	3677
4125	66
259	751
259	3443
259	372
259	3227
259	2185
751	3443
751	3227
751	2042
751	76
3893	4321
205	400
205	1752
205	1769
205	1784
205	1829
533	285
533	4276
533	927
533	1080
533	1992
533	3065
533	4434
533	4410
3216	1355
3122	3961
4460	4214
1249	83
1249	45
1249	4381
1249	1356
2169	4259
2169	3728
3478	2328
3478	117
3478	780
3478	2459
1247	894
66	67
66	68
66	285
66	1137
66	1922
66	2650
66	3186
66	3459
4228	455
4228	771
113	2650
3220	2276
3323	2276
3323	1233
2276	3110
2276	1679
2276	1042
83	1679
83	1233
3110	1679
3110	1233
1679	1042
1679	1233
1679	1707
1042	1233
1233	1707
2067	121
1590	121
4441	1143
4166	1143
4024	2335
4024	3975
1892	2335
1892	3975
2335	3975
2681	1065
2681	2242
1065	2242
1065	888
982	273
982	3071
3685	4456
2229	1048
2384	285
3393	2650
4095	4132
1330	3885
2328	4396
5	3235
2014	4269
888	376
67	285
67	4410
70	2632
89	2683
121	1853
156	2277
200	1379
213	2234
218	1769
271	384
285	927
285	1875
285	1992
285	2613
285	2747
285	2796
285	3459
285	304
285	4410
285	4418
312	4519
376	2134
388	695
2784	491
453	2989
455	491
455	777
467	3308
491	4456
521	1875
530	1125
586	3049
586	4434
596	2539
694	4517
742	1598
795	2106
927	2294
951	3307
978	1225
984	2277
995	4138
1039	1225
1061	3049
1078	2277
1080	304
1095	3905
1107	4410
1125	3331
1125	3235
1206	2885
1217	3614
1225	2942
1294	1356
1350	2117
1353	4294
1358	1875
1358	3069
1361	3062
1572	3403
1583	2769
1592	4047
1617	3049
1617	4434
1624	3331
1625	2847
1629	4294
1630	3049
1636	4013
1641	4123
1706	2839
1752	4260
1853	2680
1875	1908
1875	4434
1875	4410
1875	1612
1992	3065
1992	3737
1992	4434
2005	3453
2005	3235
2072	3331
2074	3929
2074	4179
2271	3773
2277	1612
2448	1896
2531	2621
2531	2597
2549	3560
2549	3588
2671	2815
2783	3304
2824	3130
2832	3014
2840	1896
2980	1896
3049	4434
3155	4464
3234	289
1165	4410
3517	3530
3584	3728
3584	4294
3650	4134
3715	4394
3805	3806
4434	4410
4040	3331
4109	4519
2678	3566
3453	3235
2316	3294
1307	3294
1819	225
1596	225
1307	225
564	225
491	225
384	3604
4038	348
628	348
3163	348
1807	1202
4475	2894
3478	2894
3614	2894
2454	2911
199	2911
4530	2911
857	1041
3940	1041
4348	1041
382	1041
3019	1041
1111	1041
1811	1041
1351	1041
3908	1041
866	1041
999	1041
222	1041
1183	1041
928	1041
199	3343
3616	4021
4492	4021
1119	4021
2687	4021
1537	4021
495	4021
4452	4021
266	4021
898	4021
1920	4021
3496	4021
4474	4021
199	1772
4475	1772
11	3475
3426	3475
196	1594
2436	1594
3876	1594
2626	1594
199	1655
2504	1011
654	3477
2957	3477
2643	3477
3876	3477
4491	3477
2583	3477
1360	3477
3287	277
631	857
1811	857
4491	857
4475	857
3188	696
3665	696
4248	696
899	696
214	696
810	696
2578	696
4263	696
3646	696
4020	696
3875	696
422	696
26	696
2847	696
3345	696
3869	696
4427	3105
2454	3105
3287	3105
73	3105
3910	855
598	855
2243	855
668	855
14	855
1309	855
564	855
3876	855
4491	855
2361	3940
505	3940
1489	2874
668	2874
3729	2874
2328	2874
4074	2119
3197	2119
3893	2119
4074	654
2316	654
1740	654
4281	654
502	654
3639	654
3893	654
4392	891
3999	891
774	891
3612	891
1284	3949
1970	3949
3595	3973
1725	3660
2757	1438
2896	1438
3807	1438
3155	3183
3868	1539
2578	1539
4491	1539
3869	1539
66	4504
67	4504
2454	344
1477	344
2130	4541
1278	4541
2221	4541
1084	4541
998	4541
2985	4541
2454	436
4106	784
2868	784
1402	784
1599	784
2868	4106
1402	4106
1599	4106
3219	2868
3629	2868
3481	2620
199	2620
2282	2620
2454	2780
11	4323
2346	4323
4408	4435
1858	4435
637	4435
1408	4435
392	4356
2239	4356
3597	4408
4524	4408
4281	4408
335	4408
2939	4408
3818	4408
3054	4408
4426	4408
4063	4408
2239	392
4225	392
2426	3853
1362	3853
2236	3567
814	3567
1764	3567
265	3567
4215	3567
817	3567
2028	3567
3332	3567
870	3567
4192	3567
457	3567
3682	3567
162	3567
3515	3567
2361	3567
43	3567
1896	3567
597	2281
3614	2281
2454	2426
1733	192
1843	4552
4351	4552
2513	3084
3778	3084
346	3084
2433	3084
2454	3084
1800	3084
3778	2513
346	2513
2433	2513
2599	2513
3335	2513
742	2513
346	3778
2433	3778
244	3778
1576	3778
2433	346
2599	346
3335	346
3147	346
1183	346
3526	346
4537	663
2850	663
3324	663
24	663
668	663
4491	663
1059	663
1709	663
1223	2278
263	2278
1524	1897
3639	1897
3226	3284
826	3284
3285	3284
1183	3284
1638	3226
3285	3226
2612	3226
3167	3226
3285	826
1992	1880
2226	791
3385	791
4026	791
1800	791
1245	791
1024	791
1458	791
1795	791
3335	2433
4475	2433
1638	4440
3497	4556
1927	597
3228	597
4442	597
1988	597
3191	597
139	597
3900	597
1847	597
2550	597
3539	597
1234	597
2181	597
1086	597
888	597
2029	597
2742	597
4049	597
4427	772
1498	772
3581	772
841	772
2726	772
1805	772
2491	2312
2111	2312
1750	2312
4083	2312
1477	2348
1183	3616
2454	3504
3557	3504
711	2541
2728	2541
3016	2541
3068	585
1977	4516
2070	4478
1477	4478
628	4478
795	4478
866	4449
1701	4546
1988	4546
3560	4546
3799	993
2476	525
189	2476
4270	2476
0	2476
3147	2476
941	2476
377	2476
2695	189
631	189
1596	189
1307	189
564	189
2436	189
554	189
0	4270
4361	4270
1249	4270
163	3241
897	3694
1843	3984
4555	3984
4475	3984
1843	2505
193	2505
491	2505
2027	427
1638	3865
4511	3865
2653	3865
2653	3303
1606	3303
2134	3303
1524	2148
2385	211
199	2051
814	2236
2993	2236
3278	2236
2599	2236
3335	2236
161	2236
620	2236
2454	972
2398	2082
1277	2082
3068	2082
162	2082
3639	2082
4475	2082
2343	2082
4360	2082
2626	2082
3566	2082
1277	571
3905	571
1806	3525
1643	3525
3893	3525
1606	3525
144	317
1261	317
1712	317
2337	317
1728	317
1593	317
1850	317
774	317
2361	317
3646	1293
564	1293
554	1293
804	4299
1638	4299
3453	4299
3235	4299
2244	4537
479	2244
1056	3212
2850	2423
3293	2423
3254	2423
3494	2423
1512	2423
3147	4071
2687	1834
554	1834
947	2452
3646	2265
370	2265
3639	2265
2653	2265
3219	1327
1429	1327
865	1327
3235	1327
3001	770
4436	770
116	770
929	770
712	770
741	770
437	770
4141	770
3720	770
3702	770
16	770
197	770
3147	770
1608	770
1850	770
2926	770
1233	4372
3016	2404
3234	2404
3068	1412
2782	1412
3639	1412
617	3703
715	3703
3278	3703
2599	3703
3335	3703
4016	3703
4530	3703
2762	3703
3235	3703
1277	3673
1623	3673
3278	144
1850	144
350	144
2425	144
3235	144
2454	1261
1850	1261
3235	1261
171	4375
52	3001
947	3001
631	2850
3287	2850
3472	2850
1531	2850
4373	2850
2137	2850
1524	2850
839	2850
3196	2850
2181	2850
1356	2850
888	3791
3750	1806
256	1806
1643	1806
1845	4533
1896	4533
1712	883
929	3293
4243	3293
1729	3293
2993	3942
2230	3942
2806	1552
3736	3983
2957	1819
1891	1819
1310	1819
3509	1819
2924	1819
2053	1819
3197	1819
2454	1819
2439	1819
1794	1819
3539	1819
633	1819
594	1819
2612	1819
113	1819
3184	1819
3418	1819
2454	409
4475	409
1233	409
603	4143
3960	4143
4452	4143
1797	4143
3958	4143
1850	4143
3187	4143
3685	4143
1842	4143
2473	4143
2873	4143
3806	4143
3287	3072
1850	3072
935	1639
1270	3237
267	2967
313	3229
4428	3229
596	3229
3287	1021
3717	1712
513	1712
4465	1712
3792	1712
1037	1348
513	3717
4465	3717
3792	3717
1183	3717
1037	3717
4475	3717
2164	2695
2432	2695
513	2695
1883	2695
1037	2695
4244	2695
103	2695
4362	1204
4452	1349
3445	1153
114	1153
3936	1153
3590	1153
4268	1153
3191	1153
1651	1153
1623	1153
2222	1153
469	1153
2066	1153
2392	1153
2474	1153
3086	1153
4385	1153
66	1153
285	1153
491	1153
1875	1153
1992	1153
2294	1153
3065	1153
4047	1153
4174	1153
3281	3188
2454	3188
876	3188
3639	3188
118	4019
1564	4019
1046	4019
2275	4019
2292	3460
3958	3460
3910	4345
3068	4345
252	4345
3242	4345
1956	4345
1309	4345
3192	4345
3008	4345
3639	4345
1172	4345
3324	2428
2200	2428
3575	2428
2687	253
4229	1304
3989	2961
4052	4433
1082	4433
603	4433
4237	4433
1307	4433
222	4433
4426	4433
1234	3281
2464	3281
2305	2164
1638	2164
805	2164
752	2164
2939	2164
1524	2164
554	2164
2754	2164
3292	2164
1233	2164
121	2164
2687	629
558	629
805	2432
2939	2432
2754	2432
3275	2310
3147	2875
1971	451
1339	451
199	451
3729	451
4391	1971
1919	1971
929	1971
1602	1971
3197	1971
1470	1971
370	1971
1362	1971
263	1971
2906	1971
3341	1971
2021	63
1599	1402
2454	1402
3638	4111
969	4111
3757	3910
598	3910
2654	3910
1596	3910
106	3910
557	3910
3016	3910
677	3910
3697	3910
1872	3910
83	3910
3331	3910
3566	3910
1329	737
622	737
1477	737
3676	737
947	737
2169	737
631	513
4465	513
3792	513
1524	513
1037	513
4244	513
3515	513
4221	513
2328	513
2171	319
1421	319
2662	617
726	617
955	617
1670	617
1603	617
720	617
159	617
127	617
2169	617
622	1329
2366	1329
3964	1329
947	1329
2867	622
2897	622
1677	622
3539	622
802	622
3964	622
947	622
384	622
900	622
2331	622
3071	622
909	622
1605	622
2171	4429
3068	3254
3628	3254
1328	3254
3639	3254
2361	3254
4491	4333
4527	2366
3696	2366
2612	2366
844	2366
2027	647
3019	2981
4263	2981
3639	2981
491	182
1830	3407
208	3407
3464	3407
1174	3407
3758	3407
30	3407
3192	3407
3008	3407
4483	3407
1017	3407
2456	2879
1277	2879
2246	2879
866	2879
1732	2879
843	2879
628	2879
3662	2879
591	2879
1873	2879
4489	2879
2687	1574
293	1574
939	1574
2014	1574
2139	885
4228	188
4392	2302
2454	2302
756	2302
1191	2302
1168	4176
1355	4176
3758	4391
3147	1151
1233	1151
3345	1151
4146	3954
2154	3954
3375	3954
4343	3954
4281	3954
1689	3954
220	3954
1575	3954
1183	3954
1026	3954
2276	3954
1679	3954
3354	2896
1693	267
639	267
2951	267
4499	267
3395	267
364	267
397	267
755	267
66	267
1773	2951
3423	4499
2454	4499
4413	4499
788	4499
1253	4499
3727	4499
2257	4499
3287	1580
4237	1580
4248	3395
1062	3395
2337	3395
2454	3395
3332	3395
4237	3395
947	3395
2169	3395
1778	3395
866	4107
138	4107
1386	244
3824	244
3198	244
3129	244
814	244
3139	244
120	244
3437	244
1526	244
139	244
4392	244
1503	244
4162	244
2599	244
3335	244
2440	244
2028	244
3332	244
723	244
843	244
197	244
2070	244
1378	244
1591	244
263	244
3950	244
2464	244
969	244
3647	244
915	244
1721	244
3554	244
1681	244
1418	244
1646	244
3223	244
3337	244
2554	244
2633	244
3196	3824
2644	3198
3719	3198
4490	3198
2567	3198
2644	3129
3147	3129
457	3129
2049	3129
2906	3129
660	3129
1820	3129
3405	2644
4524	2644
1477	2644
305	3665
1701	1586
1295	1586
3527	1586
1295	1701
4487	1701
3527	1701
3272	1701
1700	1701
4044	1701
3560	1701
1356	1701
4487	1295
3527	1295
1869	1295
526	1295
2650	1295
1356	1295
3040	4487
1536	4487
1529	4487
3381	4487
4049	4487
2364	3527
782	3527
1700	1424
3147	1424
2337	631
1267	631
126	631
1524	631
2583	631
2361	631
2660	631
4361	118
3287	118
1524	118
4452	118
956	118
610	1614
2400	1614
3595	1843
3191	1843
3086	1843
285	1843
3065	1843
67	3251
66	2139
1856	2139
4163	1807
598	814
1565	814
4156	814
2578	814
668	814
239	814
1084	814
4137	814
3614	814
2454	1927
2398	2957
3385	2957
2216	2957
3776	2957
1943	2957
601	2957
2591	2957
1524	2957
2626	2957
968	2957
4040	2957
4088	2957
2169	2349
3936	3595
3590	3595
1197	3595
285	3595
3021	1597
823	1597
3676	1597
3639	1597
526	3757
3908	3757
3539	3757
150	3757
832	3272
3792	3272
633	832
1677	4436
638	3102
1245	3102
909	3102
1605	3102
3068	887
1536	887
3639	887
947	3324
3697	3312
2436	3312
3719	3312
3876	3312
227	3312
3114	4509
246	4348
1811	4348
576	4348
999	4348
1964	395
3016	2025
3278	488
594	488
4268	3445
2392	3445
387	3445
3956	3445
2768	3445
66	3445
1875	3445
122	2573
1629	2573
2462	3228
802	1616
4279	3868
788	3868
2578	3868
4263	3868
1168	3868
3219	3868
421	3868
3639	3868
4010	3868
1977	3868
2454	1063
30	1830
3749	1444
1183	1444
2071	1444
2041	1136
516	246
1449	246
731	246
1543	246
506	246
824	1027
1339	1027
1313	1027
335	1027
1761	1027
2454	11
199	11
3329	11
1596	1731
4361	1731
1638	1731
2109	1731
1298	1731
3639	1731
2417	1731
2041	3971
2728	711
2504	711
847	711
2696	711
847	2728
968	2728
935	1369
259	2211
2229	2498
4418	2498
3958	3731
2434	3731
2454	2821
2931	2821
4525	4492
4026	4492
1491	4492
4080	4492
3581	544
1689	544
2726	544
1935	544
4426	544
106	3582
3509	2021
2028	2021
1800	2021
3332	2021
1224	2021
583	2021
1862	410
644	3919
850	3919
1115	3919
4361	3919
2316	3919
3287	3919
2998	3919
2328	4052
841	4074
1503	1898
2048	1898
199	1898
3016	318
1477	318
929	3429
1354	3429
3905	3429
122	4104
1115	644
2316	644
502	644
1749	644
3792	644
4491	644
1270	644
1524	644
823	644
1281	644
752	1891
2276	1891
4419	1891
2106	1891
199	4471
2906	4471
1201	2504
1197	2504
2454	2504
1141	2504
621	2504
1252	2504
3341	2504
3958	2504
1172	2504
1611	2504
435	2504
646	2504
742	2504
914	2504
1147	2504
1157	2504
1235	2504
1636	2504
2873	2504
1612	2504
1191	2504
1062	4248
92	4248
1638	4248
3639	4248
92	1062
1638	1062
1914	1062
3639	1062
4228	1062
4084	890
2276	2892
1679	2892
1233	2892
3773	2272
2317	1314
1336	1314
634	1314
3539	1314
470	1314
4066	1314
3639	1314
2660	1314
2134	1314
3508	1314
4134	1314
1084	3405
59	2016
1570	2171
3016	2171
1845	2662
4011	2662
127	2662
335	746
633	746
1183	746
58	746
894	1919
502	804
4491	804
576	1238
3465	382
2454	382
3697	382
2299	2645
2132	2645
2454	2922
3841	2922
2855	908
4470	908
4322	908
1856	908
199	2759
4131	2759
3478	2720
45	24
4321	24
4281	4427
1689	4427
2315	4427
1356	4427
1191	4427
815	598
2295	598
4413	598
322	598
668	598
185	598
3332	598
4229	598
1309	598
3687	598
1270	598
2464	598
3562	598
2973	598
4166	598
1350	598
3418	598
335	324
4263	364
3639	364
2011	2708
1328	2708
3341	2708
1178	2708
3997	1937
3639	1937
1524	2654
3612	2654
3670	2630
3289	2630
3628	2630
2726	2630
4139	2630
1935	2630
2243	850
201	850
3958	850
4263	3013
1536	3013
3639	3013
1084	80
3639	80
1221	80
3019	300
3068	300
4263	300
1477	300
3639	300
1267	1311
3423	1876
3287	1876
2454	217
2454	1585
2491	1115
4361	1115
1551	1115
1253	1115
2998	1115
2854	1115
3639	1115
4134	1115
4361	120
841	120
3682	120
964	120
2169	3740
3289	3670
3128	3670
3197	3670
2454	3670
3597	3670
1375	3670
4215	3670
842	3670
4281	3670
3840	3670
532	3670
1689	3670
1676	3670
2939	3670
2726	3670
4222	3670
2899	3670
1679	3670
2328	3670
2436	4032
3719	4032
3876	4032
227	4032
4215	2932
2028	2932
1794	2932
1679	2932
1190	2932
3086	1364
285	1364
304	1364
4418	1364
3936	2855
3191	2855
2376	2855
1117	2855
45	2855
285	2855
3977	2855
4335	2855
4410	2855
3026	3289
3143	3289
1277	3289
1602	3289
3465	3289
2454	3289
2521	3289
739	3289
274	3289
4281	3289
3581	3289
1162	3289
677	3289
1689	3289
3498	3289
2726	3289
1362	3289
1935	3289
3083	3289
4370	3289
4426	3289
2810	3289
3323	3289
1014	3289
2392	114
3889	2982
2496	2982
2613	2982
199	4235
4530	4235
4233	4235
1788	4235
2454	3249
3586	3249
661	3249
1838	1748
3728	1748
199	2346
660	2346
637	3711
1524	2867
3020	3161
2392	3161
4228	3161
413	3161
586	3161
3147	2037
3981	2037
3557	2037
3206	3252
715	3252
3064	3252
2222	3252
4268	3936
4081	3936
4416	3936
4555	3936
2392	3936
212	3936
2768	3936
533	3936
927	3936
1875	3936
1992	3936
304	3936
4410	3936
1527	3165
2137	3165
3292	3165
3191	3206
2066	3206
2392	3206
4385	3206
67	3206
285	3206
2796	3206
304	3206
971	4103
3579	4103
898	4103
4268	3590
3798	3590
2939	3590
637	3590
66	3590
865	3412
901	974
1739	1684
3509	2398
2766	2398
2070	2398
628	2398
3163	2398
4475	2398
1047	2398
1679	2398
2060	3043
3219	2060
3900	3026
2110	2288
1593	238
2110	238
809	1175
3908	1391
554	1391
4229	2337
3639	2337
3478	2337
3019	3290
2454	3290
3147	3290
623	3290
2942	3290
1181	3276
2975	3276
637	191
3639	4457
1183	4208
113	4208
1811	3494
1638	3494
1227	3494
2984	3494
2343	3494
2975	3494
3287	1913
4475	1913
1277	2456
2246	2456
1732	2456
2962	2456
3639	2456
422	2456
434	2456
3179	2456
4489	2456
2454	2108
2311	2108
3020	2108
3046	2108
1764	2154
3019	2154
2687	2154
862	2154
532	2154
762	2154
3704	2154
3669	2154
1625	2154
3356	2154
323	3064
741	3064
4530	3064
823	3064
45	3064
1477	1256
1099	2156
491	2156
1277	3143
252	3143
2238	3143
2939	3143
3147	3143
2726	3143
1199	3143
1082	2668
465	2668
2066	3414
1257	323
1728	323
1046	1285
2221	1285
927	1285
2100	1285
1257	32
2316	18
224	18
145	18
4022	3749
457	3423
1227	92
1541	92
774	92
643	92
2020	92
121	2129
205	1929
3147	3598
370	1764
2942	1764
805	302
2316	3437
2687	2853
3193	708
285	2698
4361	3481
3287	3481
66	3831
2387	3831
1429	1341
2434	1341
3128	408
3203	408
677	408
3639	408
4475	3543
2687	3019
4263	3019
2484	3019
4201	3019
1017	3019
1143	3019
1065	3019
1629	3019
2369	3019
1870	2687
4361	2687
3128	2687
2316	2687
340	2687
3357	2687
2439	2687
2702	2687
104	2687
558	2687
3958	2687
2660	2687
1143	2687
376	2687
1319	2687
3432	2687
4242	1111
594	1111
1183	1111
928	1111
4244	1111
407	1811
222	1811
3415	1811
4092	1811
3657	4267
199	4014
2316	4197
3128	679
4448	679
3639	52
3287	1278
371	1278
1356	1278
1191	1278
1577	1278
2678	1278
2295	4182
3646	4182
3676	4182
4448	4182
3612	4182
1879	4182
841	3439
1896	3439
4020	929
422	929
1775	929
3453	929
3235	929
121	3351
3221	1106
2942	1106
1670	3221
2942	3221
2880	2153
1277	1209
4525	1209
2993	1209
3169	1209
3287	2861
3147	2861
4475	1112
3485	1277
4525	1277
1387	1277
2993	1277
2246	1277
4361	1277
2011	1277
4178	1277
2252	1277
1689	1277
2191	1277
2897	1277
843	1277
720	1277
197	1277
2647	1277
3127	1277
3875	1277
236	1277
1014	1277
4489	1277
4237	3485
3169	3485
3287	1255
841	1255
3639	1255
2243	1267
2484	1267
1524	1267
610	4279
554	652
3341	652
4475	652
1477	1337
3639	1337
1026	1337
747	1337
4307	1814
285	1082
3459	1082
2316	4157
4193	1181
48	1181
1512	1181
1602	1181
3589	1181
4240	1181
1512	4193
1512	48
4229	538
668	1512
502	1512
661	1512
4361	4525
199	4525
16	4525
3687	4525
2626	4525
2042	4525
1046	1782
521	1782
1048	1782
3191	4268
1482	4268
2508	4268
2222	4268
637	4268
295	4268
2066	4268
2392	4268
387	4268
2027	4268
2474	4268
3086	4268
70	4268
285	4268
1875	4268
2294	4268
2796	4268
3065	4268
4434	4268
304	4268
4410	4268
3096	3849
1367	2526
1583	1310
3278	4255
1330	4255
2134	4255
2341	4255
4530	1634
1964	3191
2383	3191
2791	3191
1117	3191
4416	3191
4555	3191
554	3191
2392	3191
387	3191
3086	3191
212	3191
2768	3191
533	3191
2229	3191
2384	3191
285	3191
927	3191
1875	3191
1992	3191
304	3191
4410	3191
4062	3021
2454	3021
1257	3021
3068	3021
2441	3021
2251	3021
57	3021
3426	3021
1298	3021
3639	3021
2106	3021
3068	4062
2441	4062
3426	4062
2993	1387
1889	1387
3958	1387
888	1387
2089	2993
1739	3245
1575	1739
2454	1486
2229	1486
1875	1486
3541	1486
465	4351
1346	4351
285	4351
1638	1602
268	1602
1859	1602
1245	1602
3876	1602
4491	1602
3935	1602
2567	1602
1799	3389
457	3389
1896	3389
3411	2254
4363	2254
2649	1347
2454	2309
461	2309
2434	2309
3883	2344
841	2437
1375	1596
2111	1596
2484	1596
1162	1596
2688	1596
3958	1596
4426	1596
1723	1596
4338	1596
4474	1596
2663	1596
2246	3465
1638	3465
2578	3465
739	3465
274	3465
3581	3465
677	3465
1689	3465
2726	3465
3639	3465
1935	3465
4426	3465
3840	2246
532	2246
4150	2246
1732	2246
843	2246
479	493
2998	2517
668	3509
2436	3509
224	106
3242	106
3232	106
1384	106
754	732
3639	732
2415	4055
624	4055
2939	4055
1225	4055
2454	1756
1282	4308
863	3953
4137	3953
2353	3953
3729	2491
3639	1211
2948	3211
1948	3211
2066	3211
3086	3211
285	3211
1992	3211
3756	3211
4410	3211
2948	3144
1845	827
677	827
345	827
3639	827
2737	827
25	827
3285	516
3016	516
610	516
506	516
2136	3947
1740	184
1751	184
880	184
2454	2946
2454	616
1227	616
877	2442
3997	3278
370	3278
1203	3278
1284	3278
3610	3278
3375	2877
4078	2877
1227	2877
1541	2877
2984	2877
971	2877
1652	2877
199	815
2689	1565
239	1565
3453	1565
4263	4553
3639	4553
422	4553
3147	330
1362	2295
755	2295
1084	2295
621	1004
3639	1004
4229	2948
1130	2948
554	4120
2766	4361
1375	4361
4215	4361
2028	4361
2032	4361
1676	4361
126	4361
258	4361
1245	4361
3218	4361
2688	4361
637	4361
3704	4361
2486	4361
554	4361
4166	4361
4085	4361
4156	3274
1847	3385
3874	3385
3776	3385
601	3385
1245	3385
2591	3385
3964	3385
555	4151
3335	1845
3510	1845
3982	1845
2169	1845
2176	1845
888	1845
3752	1845
502	3464
30	3464
3192	3464
279	3464
4548	4156
3192	4156
239	4156
265	2576
3597	2576
638	265
199	265
1850	265
2361	265
2430	2766
3287	2766
1700	2766
3876	2766
825	2766
2042	2766
3545	2766
1773	2766
2994	3939
3287	3939
3219	3939
126	3939
3639	3939
3639	214
3147	465
637	465
2275	465
3657	824
3503	824
212	824
3109	3941
862	863
1689	863
4077	863
4011	863
1575	863
1183	863
2578	862
668	862
677	862
1467	862
3729	862
2109	862
4444	862
1233	862
1378	4439
3016	3820
248	3820
2521	1526
3016	1547
1477	1197
4410	1197
2384	1331
3171	3734
491	3734
592	1964
554	1964
67	2383
285	2383
1336	2643
3287	2216
98	4026
1307	4026
1541	4026
4491	4026
823	4026
1576	4026
1183	4026
3639	4026
3147	1333
4475	1333
1583	2831
252	2964
4105	2964
422	2964
199	139
4491	139
2806	139
677	79
3893	79
3068	2053
1282	2053
3628	2053
601	2053
1298	2053
3639	2053
1282	3128
3628	3128
677	3128
199	3128
3893	3128
1282	3197
3893	3197
2454	2305
201	1564
4548	3578
3539	3578
418	3578
1252	3578
2688	3578
4535	3578
1795	3578
2392	3856
777	749
3125	4392
3354	272
1099	1948
4475	1948
1477	1315
4459	1180
1252	1180
1183	1180
256	1522
2768	1072
750	3207
2070	609
2183	2665
1183	3055
4343	3469
3287	3469
1700	3469
1842	3469
4503	3469
2009	2454
4215	2454
4414	2454
4320	2454
4548	2454
2819	2454
2206	2454
2605	2454
4447	2454
895	2454
4079	2454
4374	2454
1313	2454
1212	2454
3655	2454
4016	2454
69	2454
2984	2454
1075	2454
1871	2454
633	2454
4011	2454
3056	2454
2998	2454
3780	2454
1270	2454
3935	2454
997	2454
1949	2454
3444	2454
1591	2454
2591	2454
3020	2454
3166	2454
3519	2454
558	2454
3931	2454
1084	2454
2365	2454
2392	2454
2696	2454
2024	2454
279	2454
4280	2454
2859	2454
1721	2454
210	2454
1673	2454
3117	2454
3047	2454
3187	2454
1587	2454
3393	2454
1801	2454
68	2454
121	2454
125	2454
128	2454
305	2454
377	2454
479	2454
709	2454
722	2454
898	2454
1032	2454
1095	2454
1157	2454
1457	2454
1476	2454
1540	2454
1572	2454
1626	2454
1752	2454
1820	2454
1823	2454
1842	2454
2103	2454
2128	2454
2369	2454
2412	2454
2451	2454
2475	2454
2586	2454
2613	2454
2621	2454
2671	2454
2699	2454
2732	2454
2770	2454
2870	2454
2882	2454
3012	2454
3049	2454
3092	2454
3100	2454
3302	2454
3370	2454
3438	2454
3458	2454
3577	2454
3580	2454
3605	2454
3625	2454
3629	2454
3715	2454
3789	2454
3808	2454
4009	2454
3331	2454
4251	2454
4331	2454
4332	2454
4418	2454
4450	2454
4495	2454
4503	2454
4517	2454
2106	2454
3680	2454
3287	4306
1700	4306
1298	4306
810	1257
741	1257
3287	1257
841	1257
1700	1257
57	1257
1245	1257
3901	1257
823	1257
558	1257
275	1257
212	1257
2567	1257
3738	3068
677	3068
3287	3068
1491	3068
3997	3068
841	3068
1700	3068
57	3068
1451	3068
59	3068
4428	3068
239	3068
3639	3068
6	3068
2797	3068
1721	3068
1172	3068
968	3068
2554	3068
3453	3068
1678	4513
1328	4513
4403	4513
4161	4513
3147	2011
3146	2011
3958	2011
10	2011
2361	2011
3381	2011
502	1551
1339	810
4263	810
3287	810
1084	810
3639	810
2938	2297
3521	788
1307	603
4038	603
628	603
339	555
3147	1029
3584	1029
289	2076
2648	1099
1183	1099
677	3597
1608	3597
2754	3597
3882	3597
2276	3597
1679	3597
1233	3597
3603	3042
1183	4169
633	4524
2316	726
199	726
3834	1638
2439	1638
98	1638
1426	1638
1470	1638
2046	1638
594	1638
3127	1638
3146	1638
774	1638
643	1638
2169	1638
873	1638
823	322
1970	322
1356	322
1896	322
4489	322
4444	3518
1846	2508
2066	2508
2392	2508
387	2508
3086	2508
4448	2508
533	2508
3579	2508
285	2508
2613	2508
2632	2508
3473	2508
4410	2508
3287	1846
2392	1846
3473	1846
1700	2578
805	2578
3639	2578
4166	2578
1353	2578
741	3471
3818	1272
2276	1272
2484	3738
2640	3576
1001	557
4426	557
668	2559
3016	1489
3426	2009
3016	2976
4426	1375
3016	2640
3016	2802
2421	1339
335	1339
610	437
4475	437
4530	697
224	1498
1805	1498
4444	1498
4426	1498
4035	2316
502	2316
469	2316
4326	2316
329	2316
1020	2316
3519	2316
1575	2316
4225	2316
2087	2316
3707	2316
199	4215
4229	4215
4330	4215
4266	4215
2515	1651
2137	1651
1623	2243
1253	2243
1591	2243
3676	2243
1623	2230
1591	2230
3676	2230
3874	1282
3840	1282
4077	1282
1679	1282
1689	2521
4426	2521
274	739
4367	739
3840	739
3581	739
532	739
1689	739
3498	739
2726	739
991	739
4222	739
2962	739
1935	739
83	739
1833	739
4281	274
3840	274
3498	274
823	274
3106	274
1935	274
2514	274
3371	274
2066	1838
3086	1838
4434	1838
278	2111
4162	2111
1689	2111
3687	2111
2583	2111
3719	148
2417	3763
1751	3763
2330	3763
2071	3763
4257	3763
3086	2625
285	2625
4434	2625
3287	2669
2134	3725
1700	4446
3449	4446
1183	3285
2854	3285
4281	1570
1024	1570
1298	1570
2436	3900
633	3900
2136	3900
2417	1336
1878	1336
4163	4414
59	268
275	268
2503	3016
3581	3016
262	3016
2376	3016
2623	3016
4192	3016
4428	3016
3897	3016
1183	3016
2883	3016
2546	3016
2524	3016
455	3016
463	3016
2266	3016
2029	3016
2369	3016
2448	3016
2496	3016
2942	3016
2870	3016
2988	3016
2990	3016
3508	3016
3615	3016
3845	3016
3905	3016
3991	3016
526	4463
3908	4463
150	4463
4448	4463
3908	526
311	526
1442	526
2846	526
220	526
637	526
3676	526
1183	526
1690	526
3639	526
293	526
1037	526
4244	526
311	3908
2846	3908
150	3908
122	3908
3676	3908
1183	3908
1690	3908
928	3908
3639	3908
1037	3908
2117	3908
3287	311
1134	311
150	311
1183	311
1690	311
4475	311
809	4303
3999	4178
2027	4178
3496	4178
4158	1702
210	4512
2609	3651
1183	3651
3728	2503
3639	3028
3575	2200
1328	2200
3133	2200
3575	4242
3575	884
3704	3575
2169	3575
2990	3575
450	4100
205	1050
3076	3606
3569	3203
3639	3203
902	4081
1524	668
2754	668
554	2649
842	1449
3840	1449
1059	1449
825	1895
275	224
2065	4097
161	4097
2762	4097
3038	4097
2439	4320
370	4320
418	4320
4490	4320
2762	4320
3038	4320
1901	1503
4162	1503
263	1503
1901	4548
1740	2819
4114	2819
3401	2819
3388	4337
3086	2751
2632	2751
902	2791
2066	2791
3086	2791
285	2791
1829	2791
2342	2791
1270	1488
4088	1488
1896	235
2902	4377
2260	2048
3046	2048
3478	2048
3926	2652
3318	4249
2901	2552
1024	3798
1171	4126
196	4271
2985	4271
295	2500
3086	2500
1046	4470
1117	4470
187	4470
4335	4470
1847	963
1847	147
3387	1847
3724	1847
955	1847
3368	1847
278	1847
3601	1847
610	1847
4044	1847
4102	1847
3780	1847
2619	1847
1518	1847
2125	1847
2471	1847
239	1847
1676	2609
782	2609
2251	3037
2027	3689
4173	3689
2251	3390
4475	3390
522	2299
2251	2270
3287	4223
4367	1623
66	1623
2762	3720
2762	3891
4206	4289
3556	3874
4159	3874
4229	3874
1307	3874
59	3874
1442	638
1309	638
1886	313
4229	313
4428	313
2689	313
4149	313
1174	2880
4225	2880
2434	2880
2144	3894
818	3790
3628	842
677	842
3147	895
4149	895
4475	4285
2906	2725
1956	252
3169	252
870	252
3025	252
3046	4263
113	4263
2369	4263
2382	4263
4162	1901
4438	1901
2484	4162
3997	4162
805	4162
3354	4162
3925	4162
3950	4162
1763	4162
3478	4162
3723	4162
3335	2599
150	2599
4105	2599
2176	2599
150	3335
4105	3335
2176	3335
825	3242
870	1956
3008	1956
2906	1956
3639	1956
2985	1956
3025	1956
2939	4307
1203	4307
2276	4307
1679	4307
1233	4307
2042	4307
523	3151
3146	3151
4475	3151
2152	1490
273	1490
554	3357
162	411
1183	3841
4491	3462
650	327
491	2901
1853	2901
1426	1046
2203	1046
2079	1046
4280	1046
3086	1046
2704	1046
1875	1046
3639	1584
3997	4343
4530	4343
162	4343
2726	4367
1935	4367
2448	4367
3666	4367
3147	3040
2143	2484
3997	2484
1328	1678
809	1678
1853	1678
3581	4281
841	4281
2726	4281
1805	4281
1935	4281
4444	4281
4426	4281
677	3840
1298	3840
1689	3628
3421	3628
2029	3628
1679	634
1689	3581
2774	3581
3498	3581
2726	3581
4222	3581
1805	3581
4426	3581
83	3581
4426	1162
4150	532
1689	532
1735	532
3818	532
2754	532
1298	532
4426	532
3882	532
2276	532
1679	532
1233	532
677	4150
4511	4150
1689	677
2939	677
2726	677
4222	677
3421	677
2647	677
3639	677
4426	677
2514	677
2414	677
83	677
1726	677
1766	677
2726	1689
762	1689
3421	1689
1805	1689
3639	1689
1935	1689
4444	1689
4426	1689
1309	2439
554	2439
2980	2439
1801	3634
449	4079
1059	731
3835	2799
212	4384
3287	2251
2143	2251
1700	2251
2268	2251
816	2251
1001	2251
2647	1735
4166	2430
564	14
2436	14
4491	14
3358	14
373	4437
2143	3287
57	3287
2268	3287
610	3287
2415	3287
1787	3287
3219	3287
3916	3287
2939	3287
1591	3287
4083	3287
456	3287
4272	3287
2114	3287
2486	3287
263	3287
1084	3287
3648	3287
3639	3287
2765	3287
1001	3287
4173	3287
240	3287
982	3287
1852	3287
276	3287
898	3287
1716	3287
1727	3287
2294	3287
2445	3287
2488	3287
2492	3287
2549	3287
2849	3287
3108	3287
3130	3287
3401	3287
3970	3287
3800	3287
3809	3287
3968	3287
4015	3287
4534	3287
1253	1491
841	1491
1700	1491
610	1491
1749	1491
1468	1491
1912	1491
2268	1253
115	1253
2268	2143
1001	2143
3347	3230
2268	3997
47	3997
1451	3997
4547	3997
127	3997
2520	3997
3639	3997
6	3997
1001	3997
259	3997
3452	3997
4095	3997
2385	3997
2549	3997
2713	3997
3861	3997
4534	3997
610	841
2415	841
3426	841
3534	841
3639	841
6	841
610	1700
2415	1700
3354	1700
3950	1700
3639	1700
2765	1700
1001	1700
1017	1700
2549	1700
3639	57
6	57
2549	2268
2415	610
4139	610
3822	610
3905	610
3403	2415
3893	2041
4188	44
3631	3571
3519	3571
515	3571
3342	4315
3818	3201
1524	2158
3086	4554
285	4554
564	262
3696	4527
136	3696
3989	2222
690	2222
3171	2222
161	2222
3358	2222
533	2222
66	2222
690	3989
2384	3989
3086	690
2768	690
533	690
4475	3171
3065	3171
3852	4357
564	2028
2942	1670
3216	1168
2314	1168
4254	882
2014	2191
997	502
627	502
239	502
1262	502
3562	502
376	502
3235	502
3062	3154
1045	64
4475	3510
2248	1749
2985	345
4237	866
628	866
4237	3718
4237	1940
4237	1213
273	1213
1294	1213
2935	1213
4211	1213
4237	4374
1860	1687
1524	1770
3639	1770
335	1313
1524	1313
1761	335
1378	335
193	335
2959	335
3200	335
4229	1677
66	1009
285	3807
248	1761
3639	185
2678	943
3147	2260
4024	2260
1892	2260
2335	2260
3975	2260
982	2260
1477	756
1524	2702
522	142
3331	142
122	4044
3676	2409
3020	3499
1673	3499
1875	3499
122	104
1524	104
1673	104
1992	104
3843	892
47	892
3843	1536
3655	1536
876	1536
805	1536
627	1536
3655	3843
47	3843
1816	3843
3982	3843
876	3655
805	3655
805	2013
2180	2013
3742	2651
805	1799
2180	1799
239	1799
2973	1799
888	1799
4209	1799
621	2376
805	876
1573	876
3178	3742
1875	3742
2180	805
594	805
2110	805
4201	2355
126	1800
1245	1800
2626	1800
3415	1800
2042	1800
3530	1800
2058	2032
4188	4016
150	1442
564	2598
199	3332
564	3332
2436	3332
1367	3733
1084	2535
4237	1794
1057	4237
3646	4237
1352	4237
456	4237
2464	4237
3515	4237
1350	4237
1795	4237
3147	3760
285	3760
4229	1676
564	1676
1524	1676
4266	1676
3178	98
4530	161
3235	161
469	1426
2647	1426
4340	1426
2647	4240
2632	4240
4317	4240
199	1163
3086	469
285	469
3020	1117
2474	1117
3086	1117
3826	1117
285	1117
1875	1117
1165	1117
2661	902
2392	902
927	902
304	902
66	21
637	4158
193	590
1875	1767
3639	1451
1134	4284
321	4284
2276	4033
1679	4033
2192	3697
3631	461
3870	461
3131	3661
2192	3792
197	3792
1183	3792
1037	3792
3958	3792
2328	3792
888	3792
457	3539
3566	3539
624	1944
661	1944
661	624
2070	624
4491	624
4326	624
3935	624
1737	624
3275	624
115	661
3219	661
3935	661
1737	661
1429	661
3275	661
2391	661
4214	661
3453	661
3235	661
3646	752
4475	1043
2647	4346
2110	4346
4149	3169
4266	3169
3091	3472
295	442
633	2221
1429	2221
4452	2221
2046	115
537	115
633	115
499	115
2058	115
2046	3219
1429	3219
1864	3219
2369	3219
4503	3219
3147	2192
212	69
2768	69
2906	1667
595	1667
279	1667
199	1057
2906	1057
279	1057
3025	870
3192	30
3639	30
1017	30
750	349
2906	199
2464	199
279	199
259	199
968	199
567	199
1248	2638
1854	2638
3852	1248
3354	1248
3994	1854
3354	1854
3639	1854
205	1854
3354	3852
2106	3852
4475	2283
304	3624
422	723
453	723
988	3646
4483	3646
3163	3646
3958	3646
909	3646
3687	126
564	126
3990	126
234	126
1773	126
4426	3994
2276	3994
843	1732
3442	1732
4489	1732
3421	1227
1328	2939
4363	2939
4416	4322
2784	4322
3639	1832
2737	1832
4294	1832
4491	1470
3676	1400
285	2146
506	601
912	601
472	248
3388	248
127	248
2906	248
4166	248
3418	248
3489	248
2110	4229
3127	4229
3046	4229
1850	4229
939	4229
953	4229
2169	4229
25	4229
1220	4229
1460	4229
1976	4229
3584	4229
1299	1134
2046	1134
2115	1134
594	1134
4114	1134
1024	1134
628	1134
2612	1134
1458	1134
1864	1134
1575	1134
4438	1134
4304	1134
2169	1134
450	1134
2436	1309
3719	1309
227	1309
1949	1309
2046	1307
4114	1307
1458	1307
2797	1307
305	1307
3545	1307
2918	1299
1864	1299
2169	1299
1524	3687
1328	3687
3341	3687
499	3687
1143	3687
2328	3687
59	1245
4038	1245
1203	1245
3639	1245
3424	1245
567	1245
1795	1245
4389	1245
4423	1245
2070	564
621	564
1524	564
1362	564
2567	564
1143	564
1191	564
4067	1467
2617	1467
3959	1603
554	1603
2519	587
3147	3657
637	3657
865	3657
947	2408
4166	2408
1143	2408
3938	1541
4114	1541
1059	1541
467	3309
4530	625
3629	625
3625	522
4491	196
3075	196
3639	196
2010	3054
1861	3054
4489	843
2647	720
1059	720
259	720
733	4077
3750	4077
4491	4077
4011	4077
3729	59
3876	4086
227	4086
3719	2436
3876	2436
227	2436
3639	2436
3876	3719
227	3719
418	3719
1378	3719
3418	3719
227	3876
418	3876
3562	227
3381	227
4530	4020
10	4020
1875	4020
2145	370
150	2846
1429	2846
3676	2846
558	2846
2469	2846
1860	4004
3869	470
997	4530
1246	4530
2049	4530
125	4530
1409	4530
2058	4530
3235	4530
479	2145
2878	2145
968	3631
2773	3631
3577	107
4534	107
3549	3147
4491	3147
3925	3147
1020	3147
1068	3147
4068	3147
1183	3147
4254	3147
2353	3147
152	3147
413	3147
1665	3147
1856	3147
2085	3147
2806	3147
3186	3147
3508	3147
3756	3147
3808	3147
4088	3147
3176	3147
4286	3147
2885	3147
3677	3147
1183	3354
259	3354
3227	3354
4331	3354
2811	3365
1220	3365
2343	1352
259	1352
865	4066
1084	4066
4426	4066
2726	2774
1458	2774
4083	4428
3639	4428
2726	3498
1805	3498
1935	3498
4426	3498
623	523
2883	3426
1045	2782
2109	418
1270	418
3109	418
3639	418
337	418
1123	418
2109	1224
1024	2109
4475	2109
3639	3430
1270	3938
4028	150
3676	150
1183	150
1690	150
928	150
1037	150
4244	150
4038	4080
4491	4080
628	4080
1095	4080
1860	4080
2070	4038
280	4038
1477	4038
628	4038
4547	4038
6	4038
113	4038
280	2070
1477	2070
1270	2070
1477	280
3750	280
4491	280
628	280
4011	280
1270	280
1225	280
628	1477
4547	1477
4011	1477
2608	1477
1262	1477
799	1477
559	1477
658	1477
738	1477
782	1477
957	1477
2502	1477
2531	1477
1356	1477
3750	733
4011	733
3750	2228
4011	2228
4491	3750
636	3750
4011	3750
636	4491
4547	4491
4011	4491
1524	4491
4438	4491
3669	4491
4166	4491
1360	4491
1976	4491
2975	4491
4011	636
1643	636
762	2726
1805	2726
1298	2726
1935	2726
4426	2726
3882	2726
1199	2726
3682	220
4475	220
275	220
3358	220
1026	220
4444	220
4426	220
3216	220
1183	3897
4163	3050
4426	4312
2005	3142
1378	2046
3118	2046
633	2046
594	2046
4490	2046
4114	2046
1024	2046
2612	2046
4112	2046
1458	2046
101	2046
1429	2046
1183	2046
1382	2046
113	2046
1423	2046
633	1378
594	1378
4114	1378
1024	1378
2612	1378
1458	1378
1382	1378
113	1378
1423	1378
2115	3118
633	3118
594	3118
2612	3118
1458	3118
1423	3118
2058	537
594	633
4490	633
4114	633
1024	633
2612	633
4112	633
1458	633
1429	633
4233	633
750	633
847	633
1382	633
1423	633
4490	594
4114	594
1024	594
2612	594
4112	594
1458	594
1382	594
1423	594
2612	4490
1524	4490
975	4490
1423	4490
1024	4114
2612	4114
1382	4114
113	4114
894	4114
1423	4114
2612	1024
1382	1024
1423	1024
1661	1024
4547	628
1270	628
3676	628
4011	4547
1270	4547
809	4011
991	621
2394	621
3958	2998
17	2998
4112	2612
1458	2612
1382	2612
1423	2612
1458	4112
554	4112
1382	4112
1423	4112
1723	4112
3728	4112
1382	1458
113	1458
3451	101
2451	101
422	3451
1233	4222
1938	905
3925	905
3106	905
4549	905
1763	905
3982	905
3639	905
83	905
1679	905
1763	1938
3982	1938
3639	1938
6	1938
2754	3421
2276	3421
1763	3925
3639	3925
1679	421
83	4511
1530	4511
2680	4139
4475	3960
2647	3192
279	3192
1183	1518
66	1518
58	2471
1358	3447
3682	1270
2520	1270
1393	1270
1662	1270
3100	1270
1593	1728
159	3858
3639	913
947	802
1524	457
1001	457
1468	457
2472	457
3444	576
2066	2661
3086	2661
285	2661
4434	2661
4475	1949
2066	4416
2474	4416
285	4416
1992	4416
554	1406
554	2688
1298	1203
422	1203
4475	3444
2941	3444
2377	1591
3381	1591
3968	1591
1065	4373
1020	637
4233	637
927	637
1606	637
1839	637
4109	637
1575	124
3970	124
491	1969
3781	1969
1287	833
2020	1287
288	3408
297	1429
178	187
1875	178
4426	1805
1065	1805
498	1805
193	2614
193	2779
1183	2608
193	2608
1709	2647
2392	2203
3086	2203
4528	2203
285	2203
3065	2203
422	1593
839	122
4148	122
3648	122
3826	122
3393	122
26	122
505	122
623	122
653	122
2650	122
3833	122
3837	122
2893	122
4383	818
2678	818
823	2137
2567	1524
3358	1524
1026	1524
2626	1524
3632	1524
1576	1362
865	1362
3639	1362
3065	1362
295	3091
2181	3091
3086	3091
4403	3091
285	3091
4475	3232
3020	295
1875	295
4448	3020
45	3020
285	3020
995	3020
558	823
1059	823
1249	823
1409	823
3625	495
2906	3127
275	4272
2832	2114
3728	2114
239	2689
2044	2689
3453	2689
3676	4028
1037	4028
3515	4028
1625	3109
2066	4555
3086	4555
212	4555
70	4555
285	4555
2633	4555
222	407
222	1474
1298	2186
3562	3388
2973	3388
947	3964
2173	3964
2859	263
275	263
1294	3950
4318	369
58	369
337	127
2173	755
865	239
3639	239
3110	239
2492	239
3366	239
3453	239
3235	239
1059	3676
3515	3676
1059	1020
1059	1576
1059	2292
4244	2292
3639	865
3235	865
6	3503
3275	554
3637	554
3566	3519
3982	3106
1579	3106
1579	4549
3982	1763
3639	1763
205	1763
1579	3982
1861	1579
4166	947
1143	947
384	947
795	947
2331	947
3071	947
3441	947
3728	947
1896	3682
3639	2583
3073	2583
3182	1068
85	1068
1408	1068
4269	1068
3981	839
2650	839
847	1328
3341	1328
3893	1328
1709	1328
3341	3835
2906	3008
3025	3008
595	2906
4149	2906
2762	2906
2027	2906
1839	2906
3318	2906
4424	2906
1330	4452
2770	4452
3639	1084
337	1084
3562	1084
998	1084
567	1084
3826	4163
1873	4163
4137	750
3639	750
4244	1059
3515	1059
3958	1059
2169	1059
3316	1059
3331	1059
2353	4137
4535	2811
2392	2066
387	2066
2768	2066
66	2066
1875	2066
1992	2066
304	2066
4410	2066
1017	4483
279	595
279	4149
205	1889
643	2762
2024	969
3591	969
2696	847
3639	847
2474	2392
3086	2392
212	2392
285	2392
1080	2392
1875	2392
2796	2392
1178	3341
422	3341
1709	3341
2935	3341
1183	3196
3591	2024
2827	2024
4475	2024
966	3591
643	3038
506	3038
799	3875
3560	3875
58	4318
3235	1262
3639	1298
1935	1298
275	1298
1679	1298
1233	1298
4444	3163
809	222
3415	222
1690	1183
4244	1183
3282	1183
4221	1183
4031	1183
2071	1183
4063	1183
1113	1183
1679	1183
888	1183
132	1183
195	1183
505	1183
1404	1183
1613	1183
1878	1183
2329	1183
2540	1183
2551	1183
3317	1183
3339	1183
3342	1183
3381	1183
3808	1183
3885	1183
4286	1183
4244	1690
3515	1690
422	928
3639	2854
2014	162
4475	4438
3371	915
2594	589
2391	3639
1721	3639
4370	3639
968	3639
3177	3639
1330	3639
1852	3639
771	3639
1171	3639
1629	3639
1976	3639
2369	3639
2382	3639
2425	3639
2556	3639
2806	3639
2952	3639
3049	3639
3418	3639
2554	3639
3806	3639
3453	3639
3545	6
2446	2765
2330	2417
2071	2417
1233	916
4426	1935
2514	1935
2985	1935
2474	387
2181	387
3086	387
4385	387
285	387
3035	387
4434	387
4244	1037
3515	4244
3047	3515
3076	3515
2014	4383
3826	3146
656	3146
660	3146
938	3146
1320	3146
1626	3146
3186	3146
4489	3662
809	3266
747	2027
376	3958
2257	3958
3905	3958
533	2474
491	2474
927	2474
1875	2474
304	2474
1896	1346
774	422
1017	422
1143	422
2681	422
505	422
534	422
2549	422
3560	422
4468	422
643	774
1355	108
949	108
4475	2827
4441	3292
4166	3292
1143	3292
1685	4475
3358	4475
1026	4475
4444	4475
1529	4475
4067	4475
2546	4475
3956	4475
4460	4475
76	4475
325	4475
583	4475
898	4475
1228	4475
1360	4475
1648	4475
1773	4475
1775	4475
1842	4475
1878	4475
2943	4475
3234	4475
3489	4475
3970	4475
3861	4475
3987	4475
4009	4475
4040	4475
4123	4475
1356	4475
275	825
3975	825
2152	275
563	275
83	275
212	3086
2768	3086
533	3086
2384	3086
927	3086
1875	3086
1992	3086
2796	3086
304	3086
4410	3086
2849	962
809	1615
2169	58
3478	2361
509	809
3861	1001
4269	1017
2275	3073
533	212
3545	212
3065	212
45	3209
3194	2391
4294	145
2	256
1643	256
973	256
4217	256
3418	973
2768	4385
4410	4385
3584	1721
1026	3358
4444	3358
4444	1026
2277	1026
2935	1026
1042	4444
2271	2330
588	2071
3677	210
3981	1529
3562	3933
1388	3933
251	4467
3393	3826
2546	4067
66	2296
218	3956
4266	3562
3669	2434
3669	2653
152	288
4360	2343
2626	2343
3566	2343
2626	4360
2926	4360
3566	2626
17	2768
70	2768
285	2768
3677	2768
66	4125
751	259
3443	259
372	259
3227	259
2185	259
3443	751
3227	751
2042	751
76	751
4321	3893
400	205
1752	205
1769	205
1784	205
1829	205
285	533
4276	533
927	533
1080	533
1992	533
3065	533
4434	533
4410	533
1355	3216
3961	3122
4214	4460
83	1249
45	1249
4381	1249
1356	1249
4259	2169
3728	2169
2328	3478
117	3478
780	3478
2459	3478
894	1247
67	66
68	66
285	66
1137	66
1922	66
2650	66
3186	66
3459	66
455	4228
771	4228
2650	113
2276	3220
2276	3323
1233	3323
3110	2276
1679	2276
1042	2276
1679	83
1233	83
1679	3110
1233	3110
1042	1679
1233	1679
1707	1679
1233	1042
1707	1233
121	2067
121	1590
1143	4441
1143	4166
2335	4024
3975	4024
2335	1892
3975	1892
3975	2335
1065	2681
2242	2681
2242	1065
888	1065
273	982
3071	982
4456	3685
1048	2229
285	2384
2650	3393
4132	4095
3885	1330
4396	2328
3235	5
4269	2014
376	888
285	67
4410	67
2632	70
2683	89
1853	121
2277	156
1379	200
2234	213
1769	218
384	271
927	285
1875	285
1992	285
2613	285
2747	285
2796	285
3459	285
304	285
4410	285
4418	285
4519	312
2134	376
695	388
491	2784
2989	453
491	455
777	455
3308	467
4456	491
1875	521
1125	530
3049	586
4434	586
2539	596
4517	694
1598	742
2106	795
2294	927
3307	951
1225	978
2277	984
4138	995
1225	1039
3049	1061
2277	1078
304	1080
3905	1095
4410	1107
3331	1125
3235	1125
2885	1206
3614	1217
2942	1225
1356	1294
2117	1350
4294	1353
1875	1358
3069	1358
3062	1361
3403	1572
2769	1583
4047	1592
3049	1617
4434	1617
3331	1624
2847	1625
4294	1629
3049	1630
4013	1636
4123	1641
2839	1706
4260	1752
2680	1853
1908	1875
4434	1875
4410	1875
1612	1875
3065	1992
3737	1992
4434	1992
3453	2005
3235	2005
3331	2072
3929	2074
4179	2074
3773	2271
1612	2277
1896	2448
2621	2531
2597	2531
3560	2549
3588	2549
2815	2671
3304	2783
3130	2824
3014	2832
1896	2840
1896	2980
4434	3049
4464	3155
289	3234
4410	1165
3530	3517
3728	3584
4294	3584
4134	3650
4394	3715
3806	3805
4410	4434
3331	4040
4519	4109
3566	2678
3235	3453
