2	363
2	379
2	481
2	547
5	50
5	790
6	22
6	378
6	704
8	36
8	42
8	98
8	145
8	194
8	195
8	206
8	449
8	631
8	652
8	685
8	751
8	824
8	844
10	397
11	589
14	712
14	734
16	327
16	580
16	597
16	599
16	754
16	824
17	597
20	62
20	746
22	378
22	704
24	38
24	188
24	242
24	329
24	393
24	440
24	528
24	582
25	34
25	36
25	59
25	83
25	110
25	113
25	134
25	142
25	189
25	201
25	230
25	274
25	275
25	293
25	299
25	327
25	419
25	490
25	568
25	585
25	599
25	672
25	685
25	708
25	727
25	738
25	751
25	754
25	809
28	47
28	149
28	166
28	175
28	352
28	431
28	495
28	507
28	559
28	592
28	615
28	657
28	699
28	762
31	36
31	42
31	64
31	74
31	83
31	98
31	108
31	113
31	142
31	181
31	194
31	197
31	201
31	230
31	292
31	299
31	317
31	327
31	328
31	367
31	449
31	490
31	510
31	535
31	538
31	585
31	599
31	626
31	628
31	631
31	640
31	672
31	678
31	685
31	738
31	751
31	754
31	809
31	813
31	816
31	824
31	859
33	53
33	138
33	183
33	184
33	326
33	343
33	351
33	464
33	465
33	487
33	633
33	635
33	681
33	716
33	764
33	812
34	36
34	59
34	110
34	113
34	142
34	189
34	201
34	230
34	274
34	275
34	299
34	327
34	490
34	585
34	599
34	672
34	708
34	727
34	738
34	751
34	754
36	51
36	59
36	83
36	110
36	113
36	134
36	189
36	194
36	201
36	206
36	230
36	274
36	275
36	299
36	327
36	419
36	449
36	490
36	505
36	585
36	599
36	672
36	678
36	685
36	708
36	738
36	751
36	754
36	809
36	824
36	830
38	188
38	242
38	329
38	393
38	440
38	528
38	644
38	828
39	862
40	646
41	393
41	851
42	142
42	145
42	195
42	631
42	652
42	754
42	806
42	833
42	844
43	156
43	360
43	386
45	735
45	760
45	774
47	149
47	166
47	175
47	192
47	352
47	431
47	495
47	507
47	592
47	615
47	657
47	699
47	762
49	315
51	98
51	206
51	327
51	376
51	619
51	640
51	728
51	751
51	783
51	816
51	824
51	827
52	833
53	138
53	183
53	184
53	326
53	343
53	351
53	464
53	465
53	470
53	487
53	633
53	635
53	669
53	681
53	716
53	764
53	770
53	812
55	836
57	473
59	83
59	110
59	113
59	194
59	201
59	230
59	274
59	293
59	299
59	327
59	490
59	585
59	672
59	685
59	738
59	751
60	841
62	468
62	746
63	86
63	160
63	262
63	266
63	417
63	496
63	625
63	772
63	787
64	98
64	108
64	142
64	197
64	484
64	535
64	626
64	628
64	678
64	685
64	689
64	754
64	829
64	838
64	859
66	93
66	179
66	766
66	802
67	200
67	473
69	149
69	166
69	175
69	615
69	657
69	699
70	357
70	823
72	208
73	328
74	98
74	113
74	278
74	292
74	342
74	449
74	597
74	739
74	754
74	816
76	220
76	289
76	489
76	810
76	827
78	387
78	461
78	560
80	86
80	266
80	417
80	496
80	616
80	625
83	98
83	110
83	113
83	142
83	189
83	194
83	201
83	230
83	274
83	275
83	293
83	299
83	327
83	367
83	419
83	449
83	490
83	585
83	599
83	629
83	672
83	678
83	685
83	708
83	738
83	751
83	754
83	770
83	776
83	809
83	817
86	266
86	417
86	496
86	616
86	625
87	98
87	142
87	181
87	197
87	232
87	328
87	336
87	400
87	433
87	502
87	510
87	535
87	538
87	544
87	577
87	626
87	628
87	668
87	678
87	761
87	813
87	829
87	838
87	859
88	832
91	220
91	238
91	355
91	471
91	563
91	810
93	179
93	766
93	802
95	160
95	234
95	252
95	815
95	832
98	113
98	142
98	181
98	197
98	206
98	232
98	274
98	292
98	327
98	328
98	336
98	419
98	449
98	502
98	510
98	535
98	538
98	544
98	577
98	599
98	626
98	628
98	640
98	652
98	678
98	751
98	754
98	771
98	789
98	813
98	816
98	824
98	829
98	859
100	824
101	435
106	115
106	342
106	609
106	702
107	534
108	142
108	230
108	317
108	324
108	484
108	689
108	754
108	838
110	113
110	134
110	142
110	189
110	194
110	201
110	220
110	230
110	274
110	299
110	327
110	419
110	449
110	490
110	571
110	599
110	672
110	708
110	727
110	738
110	751
110	754
110	776
110	809
110	816
110	824
110	830
110	848
111	189
113	142
113	189
113	194
113	201
113	215
113	230
113	274
113	275
113	292
113	293
113	299
113	327
113	367
113	419
113	449
113	490
113	585
113	599
113	629
113	672
113	685
113	708
113	727
113	738
113	751
113	754
113	770
113	806
113	816
114	152
114	395
114	598
114	656
115	609
124	409
124	796
126	139
126	427
126	485
126	497
126	682
126	756
126	772
126	855
126	868
126	870
130	155
131	384
131	653
134	189
134	194
134	201
134	206
134	230
134	299
134	327
134	419
134	490
134	505
134	585
134	599
134	685
134	708
134	728
134	738
134	751
134	754
134	809
134	824
134	830
137	226
138	183
138	184
138	326
138	343
138	351
138	464
138	465
138	487
138	633
138	635
138	681
138	716
138	764
138	770
138	812
139	427
139	485
139	497
139	682
139	756
139	772
139	870
141	650
142	189
142	194
142	197
142	201
142	230
142	232
142	274
142	292
142	299
142	317
142	327
142	328
142	367
142	419
142	449
142	490
142	510
142	535
142	538
142	571
142	580
142	585
142	593
142	599
142	626
142	628
142	629
142	672
142	678
142	685
142	689
142	708
142	727
142	738
142	751
142	754
142	761
142	789
142	806
142	809
142	813
142	816
142	824
142	829
142	830
142	838
142	859
142	869
143	688
144	206
144	220
144	250
144	289
144	327
144	376
144	471
144	505
144	512
144	619
144	771
144	783
144	827
145	631
145	652
145	754
145	844
149	166
149	175
149	192
149	352
149	431
149	495
149	507
149	559
149	592
149	615
149	657
149	699
149	762
152	395
152	598
152	656
154	443
154	792
154	793
154	839
154	855
154	868
156	360
157	567
160	234
160	252
160	787
160	815
160	832
162	498
162	833
162	839
164	277
164	620
165	168
165	528
166	175
166	192
166	352
166	431
166	495
166	507
166	559
166	592
166	615
166	657
166	699
166	762
168	393
168	528
169	447
169	460
169	567
169	804
170	418
172	748
173	486
175	192
175	352
175	431
175	495
175	507
175	559
175	592
175	615
175	657
175	684
175	699
175	762
177	339
177	473
177	494
177	553
177	620
177	854
179	766
179	802
181	191
181	197
181	232
181	328
181	336
181	400
181	433
181	502
181	510
181	535
181	538
181	544
181	577
181	626
181	628
181	668
181	678
181	761
181	813
181	829
181	838
181	859
183	184
183	326
183	343
183	351
183	464
183	465
183	487
183	633
183	635
183	681
183	716
183	764
183	812
184	326
184	343
184	351
184	464
184	465
184	487
184	633
184	635
184	681
184	716
184	764
184	812
188	242
188	329
188	393
188	440
188	528
189	194
189	201
189	230
189	274
189	327
189	419
189	449
189	490
189	585
189	599
189	672
189	708
189	726
189	738
189	751
189	754
189	776
189	816
189	830
191	336
191	400
191	626
191	813
192	495
192	592
192	615
192	657
194	201
194	274
194	293
194	299
194	327
194	419
194	449
194	490
194	585
194	599
194	685
194	738
194	751
194	754
194	816
194	830
195	631
195	652
195	770
195	844
196	278
197	232
197	328
197	336
197	400
197	433
197	502
197	510
197	535
197	538
197	544
197	577
197	626
197	628
197	668
197	678
197	754
197	761
197	813
197	829
197	838
197	859
200	473
201	206
201	220
201	230
201	274
201	275
201	299
201	327
201	367
201	419
201	449
201	490
201	505
201	568
201	585
201	599
201	629
201	672
201	685
201	708
201	727
201	738
201	751
201	754
201	809
201	810
201	824
201	827
201	830
203	378
205	742
206	220
206	250
206	274
206	289
206	376
206	419
206	471
206	505
206	512
206	538
206	552
206	587
206	619
206	640
206	738
206	751
206	771
206	783
206	810
206	816
206	824
206	827
206	830
211	323
211	445
211	607
211	683
212	743
213	386
213	842
214	236
214	373
214	462
214	614
217	845
220	238
220	250
220	259
220	274
220	289
220	327
220	355
220	376
220	471
220	489
220	505
220	512
220	552
220	563
220	587
220	619
220	738
220	751
220	771
220	783
220	810
220	816
220	824
220	827
228	256
230	274
230	299
230	327
230	419
230	449
230	490
230	585
230	599
230	629
230	672
230	685
230	708
230	727
230	738
230	751
230	754
230	776
230	809
230	824
232	328
232	336
232	400
232	502
232	510
232	535
232	538
232	544
232	577
232	626
232	628
232	678
232	754
232	813
232	829
232	838
232	859
234	252
234	815
234	832
236	565
236	585
236	864
238	355
238	471
238	505
238	563
238	619
238	751
238	810
242	393
242	440
243	360
245	717
250	259
250	289
250	376
250	471
250	489
250	512
250	587
250	619
250	738
250	751
250	771
250	783
250	810
250	816
250	827
252	815
252	832
253	416
259	376
259	751
259	810
261	475
261	533
266	417
266	496
266	616
266	625
266	787
272	328
272	405
272	578
272	602
272	750
272	757
274	275
274	299
274	327
274	376
274	419
274	449
274	490
274	563
274	571
274	585
274	599
274	629
274	678
274	738
274	751
274	754
274	770
274	810
274	830
275	327
275	350
275	490
275	567
275	585
275	599
275	738
275	751
276	280
276	403
276	721
277	620
278	342
278	422
278	449
278	739
280	403
280	721
280	815
280	868
283	558
285	396
285	751
289	376
289	471
289	489
289	512
289	552
289	619
289	738
289	751
289	771
289	783
289	810
289	816
289	827
292	341
292	393
292	449
292	538
292	628
292	678
292	751
292	754
292	789
292	816
292	851
293	327
293	490
293	585
293	685
293	727
293	751
294	801
298	550
298	700
299	327
299	367
299	419
299	449
299	471
299	490
299	599
299	672
299	685
299	727
299	738
299	751
299	754
299	810
299	816
299	824
310	359
310	839
311	748
315	791
317	689
317	751
323	445
323	607
323	683
326	343
326	351
326	464
326	465
326	470
326	487
326	633
326	635
326	681
326	716
326	764
326	812
327	367
327	419
327	449
327	490
327	505
327	571
327	580
327	585
327	599
327	629
327	672
327	678
327	685
327	708
327	727
327	738
327	751
327	754
327	769
327	770
327	776
327	809
327	810
327	816
327	817
327	824
327	830
328	336
328	405
328	535
328	538
328	544
328	545
328	577
328	626
328	628
328	640
328	678
328	750
328	751
328	754
328	813
328	829
328	859
329	393
329	440
329	528
329	644
329	828
336	400
336	510
336	535
336	538
336	544
336	626
336	628
336	678
336	813
336	829
336	859
339	473
339	494
339	553
339	620
339	767
339	854
340	348
340	380
340	694
340	724
340	869
342	449
342	739
342	770
343	407
343	464
343	465
343	487
343	633
343	635
343	681
343	764
343	812
344	606
346	572
348	380
348	694
348	724
350	518
351	464
351	465
351	470
351	487
351	633
351	635
351	681
351	716
351	764
351	812
352	431
352	495
352	507
352	559
352	592
352	657
352	699
355	471
355	751
355	810
357	823
358	501
358	595
362	653
363	379
363	436
363	869
367	449
367	490
367	685
367	727
367	754
367	769
369	673
373	462
373	533
374	531
376	471
376	489
376	505
376	512
376	552
376	587
376	619
376	640
376	728
376	738
376	751
376	771
376	783
376	810
376	816
376	827
378	704
379	547
380	694
380	724
381	471
381	810
386	842
387	461
387	560
393	440
393	528
393	644
393	828
393	851
395	598
395	656
400	510
400	535
400	538
400	626
400	813
400	829
400	859
403	721
403	815
403	868
404	458
405	482
405	578
405	602
405	750
405	757
407	681
409	796
413	446
414	758
417	496
417	616
417	625
417	787
419	449
419	490
419	538
419	585
419	593
419	599
419	629
419	672
419	678
419	685
419	708
419	728
419	738
419	751
419	754
419	770
419	771
419	816
419	817
419	824
427	485
427	497
427	682
427	756
427	772
427	855
427	868
427	870
429	736
431	495
431	507
431	559
431	592
431	615
431	657
431	699
431	762
433	544
433	577
433	626
434	742
440	528
440	582
443	792
443	793
443	839
443	855
443	868
445	607
445	683
447	460
447	804
449	490
449	538
449	585
449	591
449	599
449	672
449	685
449	738
449	739
449	751
449	754
449	770
449	806
449	816
449	824
455	740
458	540
460	804
461	560
462	567
464	465
464	487
464	633
464	635
464	669
464	681
464	716
464	764
464	770
464	812
465	487
465	633
465	635
465	669
465	681
465	716
465	764
465	812
468	746
470	812
471	505
471	619
471	751
471	771
471	783
471	810
471	816
471	824
471	827
473	494
473	553
473	620
473	767
473	854
475	614
476	674
481	547
482	590
482	750
484	685
484	689
484	838
485	497
485	682
485	756
485	772
485	855
485	868
485	870
487	633
487	635
487	681
487	716
487	764
487	770
487	812
489	505
489	537
489	552
489	619
489	738
489	751
489	771
489	783
489	810
489	816
489	827
490	585
490	591
490	599
490	629
490	672
490	678
490	685
490	708
490	727
490	738
490	751
490	754
490	817
490	824
490	830
494	553
494	620
494	854
495	507
495	559
495	592
495	615
495	657
495	699
496	616
496	625
497	682
497	756
497	772
497	855
497	868
497	870
498	833
501	595
502	510
502	535
502	538
502	577
502	626
502	628
502	678
502	754
502	813
502	859
505	552
505	738
505	751
505	754
505	771
505	810
505	816
505	824
507	559
507	592
507	615
507	657
507	699
507	762
510	535
510	538
510	544
510	577
510	626
510	678
510	813
510	829
510	859
512	587
512	619
512	751
512	771
512	783
512	810
512	827
517	547
528	644
528	828
533	614
535	538
535	544
535	577
535	626
535	628
535	678
535	754
535	761
535	789
535	813
535	829
535	859
537	728
537	816
538	544
538	577
538	626
538	628
538	640
538	668
538	678
538	754
538	789
538	813
538	829
538	859
543	740
544	577
544	626
544	628
544	668
544	678
544	813
544	829
544	859
546	861
547	758
547	816
550	700
552	619
552	738
552	751
552	771
552	810
552	827
553	620
553	854
557	780
557	811
559	592
559	615
559	657
559	699
563	738
563	751
563	810
564	643
571	593
571	689
571	739
571	754
574	869
576	750
577	626
577	678
577	813
577	829
577	859
578	750
578	757
580	597
580	685
580	816
580	824
585	599
585	672
585	685
585	708
585	727
585	738
585	751
585	754
585	809
585	824
585	830
587	605
587	619
587	738
587	751
587	771
587	810
587	816
587	824
587	827
588	699
591	599
591	754
591	770
592	615
592	657
592	684
592	699
593	754
597	739
597	751
597	824
598	656
599	629
599	672
599	678
599	685
599	708
599	727
599	738
599	751
599	754
599	770
599	809
599	824
599	830
602	750
602	757
603	661
607	683
611	614
615	657
615	699
615	762
616	625
616	815
618	703
619	640
619	738
619	751
619	771
619	783
619	810
619	827
622	735
626	628
626	668
626	678
626	754
626	761
626	813
626	829
626	838
626	859
628	640
628	668
628	678
628	722
628	754
628	813
628	829
628	859
629	685
629	708
629	738
629	751
629	754
629	770
629	809
629	817
629	824
631	652
631	770
631	806
631	844
633	635
633	681
633	764
633	812
635	681
635	716
635	764
635	812
640	678
640	728
640	771
640	783
640	813
644	828
647	713
647	720
652	770
652	844
657	699
657	762
657	770
668	813
668	859
672	685
672	708
672	727
672	738
672	751
672	754
672	809
672	848
678	685
678	751
678	754
678	789
678	806
678	809
678	813
678	824
678	829
678	859
681	764
681	812
682	756
682	772
682	855
682	868
682	870
685	708
685	727
685	738
685	751
685	754
685	809
685	816
685	824
689	761
689	838
694	724
699	762
708	738
708	751
708	754
708	770
708	771
708	809
708	816
713	720
713	842
716	764
716	812
720	842
721	815
721	868
722	829
726	738
727	738
727	751
727	754
727	809
728	738
728	751
728	771
728	783
728	816
728	824
735	760
735	774
738	751
738	754
738	771
738	809
738	810
738	816
738	817
738	824
738	827
738	830
738	848
750	757
751	754
751	771
751	783
751	809
751	810
751	816
751	817
751	824
751	827
751	830
751	869
754	789
754	806
754	809
754	813
754	816
754	824
754	829
754	830
754	859
756	772
756	787
756	855
756	868
756	870
761	813
761	838
764	812
766	802
770	806
770	809
770	812
770	844
771	783
771	810
771	816
771	827
772	855
772	868
772	870
780	811
783	810
783	816
783	824
783	827
789	813
792	793
792	839
792	855
792	868
793	839
793	855
793	868
809	824
810	816
810	824
810	827
813	829
813	838
813	859
815	832
815	868
816	824
816	827
824	827
824	830
828	851
829	856
829	859
837	843
838	859
839	855
839	868
855	868
855	870
868	870
363	2
379	2
481	2
547	2
50	5
790	5
22	6
378	6
704	6
36	8
42	8
98	8
145	8
194	8
195	8
206	8
449	8
631	8
652	8
685	8
751	8
824	8
844	8
397	10
589	11
712	14
734	14
327	16
580	16
597	16
599	16
754	16
824	16
597	17
62	20
746	20
378	22
704	22
38	24
188	24
242	24
329	24
393	24
440	24
528	24
582	24
34	25
36	25
59	25
83	25
110	25
113	25
134	25
142	25
189	25
201	25
230	25
274	25
275	25
293	25
299	25
327	25
419	25
490	25
568	25
585	25
599	25
672	25
685	25
708	25
727	25
738	25
751	25
754	25
809	25
47	28
149	28
166	28
175	28
352	28
431	28
495	28
507	28
559	28
592	28
615	28
657	28
699	28
762	28
36	31
42	31
64	31
74	31
83	31
98	31
108	31
113	31
142	31
181	31
194	31
197	31
201	31
230	31
292	31
299	31
317	31
327	31
328	31
367	31
449	31
490	31
510	31
535	31
538	31
585	31
599	31
626	31
628	31
631	31
640	31
672	31
678	31
685	31
738	31
751	31
754	31
809	31
813	31
816	31
824	31
859	31
53	33
138	33
183	33
184	33
326	33
343	33
351	33
464	33
465	33
487	33
633	33
635	33
681	33
716	33
764	33
812	33
36	34
59	34
110	34
113	34
142	34
189	34
201	34
230	34
274	34
275	34
299	34
327	34
490	34
585	34
599	34
672	34
708	34
727	34
738	34
751	34
754	34
51	36
59	36
83	36
110	36
113	36
134	36
189	36
194	36
201	36
206	36
230	36
274	36
275	36
299	36
327	36
419	36
449	36
490	36
505	36
585	36
599	36
672	36
678	36
685	36
708	36
738	36
751	36
754	36
809	36
824	36
830	36
188	38
242	38
329	38
393	38
440	38
528	38
644	38
828	38
862	39
646	40
393	41
851	41
142	42
145	42
195	42
631	42
652	42
754	42
806	42
833	42
844	42
156	43
360	43
386	43
735	45
760	45
774	45
149	47
166	47
175	47
192	47
352	47
431	47
495	47
507	47
592	47
615	47
657	47
699	47
762	47
315	49
98	51
206	51
327	51
376	51
619	51
640	51
728	51
751	51
783	51
816	51
824	51
827	51
833	52
138	53
183	53
184	53
326	53
343	53
351	53
464	53
465	53
470	53
487	53
633	53
635	53
669	53
681	53
716	53
764	53
770	53
812	53
836	55
473	57
83	59
110	59
113	59
194	59
201	59
230	59
274	59
293	59
299	59
327	59
490	59
585	59
672	59
685	59
738	59
751	59
841	60
468	62
746	62
86	63
160	63
262	63
266	63
417	63
496	63
625	63
772	63
787	63
98	64
108	64
142	64
197	64
484	64
535	64
626	64
628	64
678	64
685	64
689	64
754	64
829	64
838	64
859	64
93	66
179	66
766	66
802	66
200	67
473	67
149	69
166	69
175	69
615	69
657	69
699	69
357	70
823	70
208	72
328	73
98	74
113	74
278	74
292	74
342	74
449	74
597	74
739	74
754	74
816	74
220	76
289	76
489	76
810	76
827	76
387	78
461	78
560	78
86	80
266	80
417	80
496	80
616	80
625	80
98	83
110	83
113	83
142	83
189	83
194	83
201	83
230	83
274	83
275	83
293	83
299	83
327	83
367	83
419	83
449	83
490	83
585	83
599	83
629	83
672	83
678	83
685	83
708	83
738	83
751	83
754	83
770	83
776	83
809	83
817	83
266	86
417	86
496	86
616	86
625	86
98	87
142	87
181	87
197	87
232	87
328	87
336	87
400	87
433	87
502	87
510	87
535	87
538	87
544	87
577	87
626	87
628	87
668	87
678	87
761	87
813	87
829	87
838	87
859	87
832	88
220	91
238	91
355	91
471	91
563	91
810	91
179	93
766	93
802	93
160	95
234	95
252	95
815	95
832	95
113	98
142	98
181	98
197	98
206	98
232	98
274	98
292	98
327	98
328	98
336	98
419	98
449	98
502	98
510	98
535	98
538	98
544	98
577	98
599	98
626	98
628	98
640	98
652	98
678	98
751	98
754	98
771	98
789	98
813	98
816	98
824	98
829	98
859	98
824	100
435	101
115	106
342	106
609	106
702	106
534	107
142	108
230	108
317	108
324	108
484	108
689	108
754	108
838	108
113	110
134	110
142	110
189	110
194	110
201	110
220	110
230	110
274	110
299	110
327	110
419	110
449	110
490	110
571	110
599	110
672	110
708	110
727	110
738	110
751	110
754	110
776	110
809	110
816	110
824	110
830	110
848	110
189	111
142	113
189	113
194	113
201	113
215	113
230	113
274	113
275	113
292	113
293	113
299	113
327	113
367	113
419	113
449	113
490	113
585	113
599	113
629	113
672	113
685	113
708	113
727	113
738	113
751	113
754	113
770	113
806	113
816	113
152	114
395	114
598	114
656	114
609	115
409	124
796	124
139	126
427	126
485	126
497	126
682	126
756	126
772	126
855	126
868	126
870	126
155	130
384	131
653	131
189	134
194	134
201	134
206	134
230	134
299	134
327	134
419	134
490	134
505	134
585	134
599	134
685	134
708	134
728	134
738	134
751	134
754	134
809	134
824	134
830	134
226	137
183	138
184	138
326	138
343	138
351	138
464	138
465	138
487	138
633	138
635	138
681	138
716	138
764	138
770	138
812	138
427	139
485	139
497	139
682	139
756	139
772	139
870	139
650	141
189	142
194	142
197	142
201	142
230	142
232	142
274	142
292	142
299	142
317	142
327	142
328	142
367	142
419	142
449	142
490	142
510	142
535	142
538	142
571	142
580	142
585	142
593	142
599	142
626	142
628	142
629	142
672	142
678	142
685	142
689	142
708	142
727	142
738	142
751	142
754	142
761	142
789	142
806	142
809	142
813	142
816	142
824	142
829	142
830	142
838	142
859	142
869	142
688	143
206	144
220	144
250	144
289	144
327	144
376	144
471	144
505	144
512	144
619	144
771	144
783	144
827	144
631	145
652	145
754	145
844	145
166	149
175	149
192	149
352	149
431	149
495	149
507	149
559	149
592	149
615	149
657	149
699	149
762	149
395	152
598	152
656	152
443	154
792	154
793	154
839	154
855	154
868	154
360	156
567	157
234	160
252	160
787	160
815	160
832	160
498	162
833	162
839	162
277	164
620	164
168	165
528	165
175	166
192	166
352	166
431	166
495	166
507	166
559	166
592	166
615	166
657	166
699	166
762	166
393	168
528	168
447	169
460	169
567	169
804	169
418	170
748	172
486	173
192	175
352	175
431	175
495	175
507	175
559	175
592	175
615	175
657	175
684	175
699	175
762	175
339	177
473	177
494	177
553	177
620	177
854	177
766	179
802	179
191	181
197	181
232	181
328	181
336	181
400	181
433	181
502	181
510	181
535	181
538	181
544	181
577	181
626	181
628	181
668	181
678	181
761	181
813	181
829	181
838	181
859	181
184	183
326	183
343	183
351	183
464	183
465	183
487	183
633	183
635	183
681	183
716	183
764	183
812	183
326	184
343	184
351	184
464	184
465	184
487	184
633	184
635	184
681	184
716	184
764	184
812	184
242	188
329	188
393	188
440	188
528	188
194	189
201	189
230	189
274	189
327	189
419	189
449	189
490	189
585	189
599	189
672	189
708	189
726	189
738	189
751	189
754	189
776	189
816	189
830	189
336	191
400	191
626	191
813	191
495	192
592	192
615	192
657	192
201	194
274	194
293	194
299	194
327	194
419	194
449	194
490	194
585	194
599	194
685	194
738	194
751	194
754	194
816	194
830	194
631	195
652	195
770	195
844	195
278	196
232	197
328	197
336	197
400	197
433	197
502	197
510	197
535	197
538	197
544	197
577	197
626	197
628	197
668	197
678	197
754	197
761	197
813	197
829	197
838	197
859	197
473	200
206	201
220	201
230	201
274	201
275	201
299	201
327	201
367	201
419	201
449	201
490	201
505	201
568	201
585	201
599	201
629	201
672	201
685	201
708	201
727	201
738	201
751	201
754	201
809	201
810	201
824	201
827	201
830	201
378	203
742	205
220	206
250	206
274	206
289	206
376	206
419	206
471	206
505	206
512	206
538	206
552	206
587	206
619	206
640	206
738	206
751	206
771	206
783	206
810	206
816	206
824	206
827	206
830	206
323	211
445	211
607	211
683	211
743	212
386	213
842	213
236	214
373	214
462	214
614	214
845	217
238	220
250	220
259	220
274	220
289	220
327	220
355	220
376	220
471	220
489	220
505	220
512	220
552	220
563	220
587	220
619	220
738	220
751	220
771	220
783	220
810	220
816	220
824	220
827	220
256	228
274	230
299	230
327	230
419	230
449	230
490	230
585	230
599	230
629	230
672	230
685	230
708	230
727	230
738	230
751	230
754	230
776	230
809	230
824	230
328	232
336	232
400	232
502	232
510	232
535	232
538	232
544	232
577	232
626	232
628	232
678	232
754	232
813	232
829	232
838	232
859	232
252	234
815	234
832	234
565	236
585	236
864	236
355	238
471	238
505	238
563	238
619	238
751	238
810	238
393	242
440	242
360	243
717	245
259	250
289	250
376	250
471	250
489	250
512	250
587	250
619	250
738	250
751	250
771	250
783	250
810	250
816	250
827	250
815	252
832	252
416	253
376	259
751	259
810	259
475	261
533	261
417	266
496	266
616	266
625	266
787	266
328	272
405	272
578	272
602	272
750	272
757	272
275	274
299	274
327	274
376	274
419	274
449	274
490	274
563	274
571	274
585	274
599	274
629	274
678	274
738	274
751	274
754	274
770	274
810	274
830	274
327	275
350	275
490	275
567	275
585	275
599	275
738	275
751	275
280	276
403	276
721	276
620	277
342	278
422	278
449	278
739	278
403	280
721	280
815	280
868	280
558	283
396	285
751	285
376	289
471	289
489	289
512	289
552	289
619	289
738	289
751	289
771	289
783	289
810	289
816	289
827	289
341	292
393	292
449	292
538	292
628	292
678	292
751	292
754	292
789	292
816	292
851	292
327	293
490	293
585	293
685	293
727	293
751	293
801	294
550	298
700	298
327	299
367	299
419	299
449	299
471	299
490	299
599	299
672	299
685	299
727	299
738	299
751	299
754	299
810	299
816	299
824	299
359	310
839	310
748	311
791	315
689	317
751	317
445	323
607	323
683	323
343	326
351	326
464	326
465	326
470	326
487	326
633	326
635	326
681	326
716	326
764	326
812	326
367	327
419	327
449	327
490	327
505	327
571	327
580	327
585	327
599	327
629	327
672	327
678	327
685	327
708	327
727	327
738	327
751	327
754	327
769	327
770	327
776	327
809	327
810	327
816	327
817	327
824	327
830	327
336	328
405	328
535	328
538	328
544	328
545	328
577	328
626	328
628	328
640	328
678	328
750	328
751	328
754	328
813	328
829	328
859	328
393	329
440	329
528	329
644	329
828	329
400	336
510	336
535	336
538	336
544	336
626	336
628	336
678	336
813	336
829	336
859	336
473	339
494	339
553	339
620	339
767	339
854	339
348	340
380	340
694	340
724	340
869	340
449	342
739	342
770	342
407	343
464	343
465	343
487	343
633	343
635	343
681	343
764	343
812	343
606	344
572	346
380	348
694	348
724	348
518	350
464	351
465	351
470	351
487	351
633	351
635	351
681	351
716	351
764	351
812	351
431	352
495	352
507	352
559	352
592	352
657	352
699	352
471	355
751	355
810	355
823	357
501	358
595	358
653	362
379	363
436	363
869	363
449	367
490	367
685	367
727	367
754	367
769	367
673	369
462	373
533	373
531	374
471	376
489	376
505	376
512	376
552	376
587	376
619	376
640	376
728	376
738	376
751	376
771	376
783	376
810	376
816	376
827	376
704	378
547	379
694	380
724	380
471	381
810	381
842	386
461	387
560	387
440	393
528	393
644	393
828	393
851	393
598	395
656	395
510	400
535	400
538	400
626	400
813	400
829	400
859	400
721	403
815	403
868	403
458	404
482	405
578	405
602	405
750	405
757	405
681	407
796	409
446	413
758	414
496	417
616	417
625	417
787	417
449	419
490	419
538	419
585	419
593	419
599	419
629	419
672	419
678	419
685	419
708	419
728	419
738	419
751	419
754	419
770	419
771	419
816	419
817	419
824	419
485	427
497	427
682	427
756	427
772	427
855	427
868	427
870	427
736	429
495	431
507	431
559	431
592	431
615	431
657	431
699	431
762	431
544	433
577	433
626	433
742	434
528	440
582	440
792	443
793	443
839	443
855	443
868	443
607	445
683	445
460	447
804	447
490	449
538	449
585	449
591	449
599	449
672	449
685	449
738	449
739	449
751	449
754	449
770	449
806	449
816	449
824	449
740	455
540	458
804	460
560	461
567	462
465	464
487	464
633	464
635	464
669	464
681	464
716	464
764	464
770	464
812	464
487	465
633	465
635	465
669	465
681	465
716	465
764	465
812	465
746	468
812	470
505	471
619	471
751	471
771	471
783	471
810	471
816	471
824	471
827	471
494	473
553	473
620	473
767	473
854	473
614	475
674	476
547	481
590	482
750	482
685	484
689	484
838	484
497	485
682	485
756	485
772	485
855	485
868	485
870	485
633	487
635	487
681	487
716	487
764	487
770	487
812	487
505	489
537	489
552	489
619	489
738	489
751	489
771	489
783	489
810	489
816	489
827	489
585	490
591	490
599	490
629	490
672	490
678	490
685	490
708	490
727	490
738	490
751	490
754	490
817	490
824	490
830	490
553	494
620	494
854	494
507	495
559	495
592	495
615	495
657	495
699	495
616	496
625	496
682	497
756	497
772	497
855	497
868	497
870	497
833	498
595	501
510	502
535	502
538	502
577	502
626	502
628	502
678	502
754	502
813	502
859	502
552	505
738	505
751	505
754	505
771	505
810	505
816	505
824	505
559	507
592	507
615	507
657	507
699	507
762	507
535	510
538	510
544	510
577	510
626	510
678	510
813	510
829	510
859	510
587	512
619	512
751	512
771	512
783	512
810	512
827	512
547	517
644	528
828	528
614	533
538	535
544	535
577	535
626	535
628	535
678	535
754	535
761	535
789	535
813	535
829	535
859	535
728	537
816	537
544	538
577	538
626	538
628	538
640	538
668	538
678	538
754	538
789	538
813	538
829	538
859	538
740	543
577	544
626	544
628	544
668	544
678	544
813	544
829	544
859	544
861	546
758	547
816	547
700	550
619	552
738	552
751	552
771	552
810	552
827	552
620	553
854	553
780	557
811	557
592	559
615	559
657	559
699	559
738	563
751	563
810	563
643	564
593	571
689	571
739	571
754	571
869	574
750	576
626	577
678	577
813	577
829	577
859	577
750	578
757	578
597	580
685	580
816	580
824	580
599	585
672	585
685	585
708	585
727	585
738	585
751	585
754	585
809	585
824	585
830	585
605	587
619	587
738	587
751	587
771	587
810	587
816	587
824	587
827	587
699	588
599	591
754	591
770	591
615	592
657	592
684	592
699	592
754	593
739	597
751	597
824	597
656	598
629	599
672	599
678	599
685	599
708	599
727	599
738	599
751	599
754	599
770	599
809	599
824	599
830	599
750	602
757	602
661	603
683	607
614	611
657	615
699	615
762	615
625	616
815	616
703	618
640	619
738	619
751	619
771	619
783	619
810	619
827	619
735	622
628	626
668	626
678	626
754	626
761	626
813	626
829	626
838	626
859	626
640	628
668	628
678	628
722	628
754	628
813	628
829	628
859	628
685	629
708	629
738	629
751	629
754	629
770	629
809	629
817	629
824	629
652	631
770	631
806	631
844	631
635	633
681	633
764	633
812	633
681	635
716	635
764	635
812	635
678	640
728	640
771	640
783	640
813	640
828	644
713	647
720	647
770	652
844	652
699	657
762	657
770	657
813	668
859	668
685	672
708	672
727	672
738	672
751	672
754	672
809	672
848	672
685	678
751	678
754	678
789	678
806	678
809	678
813	678
824	678
829	678
859	678
764	681
812	681
756	682
772	682
855	682
868	682
870	682
708	685
727	685
738	685
751	685
754	685
809	685
816	685
824	685
761	689
838	689
724	694
762	699
738	708
751	708
754	708
770	708
771	708
809	708
816	708
720	713
842	713
764	716
812	716
842	720
815	721
868	721
829	722
738	726
738	727
751	727
754	727
809	727
738	728
751	728
771	728
783	728
816	728
824	728
760	735
774	735
751	738
754	738
771	738
809	738
810	738
816	738
817	738
824	738
827	738
830	738
848	738
757	750
754	751
771	751
783	751
809	751
810	751
816	751
817	751
824	751
827	751
830	751
869	751
789	754
806	754
809	754
813	754
816	754
824	754
829	754
830	754
859	754
772	756
787	756
855	756
868	756
870	756
813	761
838	761
812	764
802	766
806	770
809	770
812	770
844	770
783	771
810	771
816	771
827	771
855	772
868	772
870	772
811	780
810	783
816	783
824	783
827	783
813	789
793	792
839	792
855	792
868	792
839	793
855	793
868	793
824	809
816	810
824	810
827	810
829	813
838	813
859	813
832	815
868	815
824	816
827	816
827	824
830	824
851	828
856	829
859	829
843	837
859	838
855	839
868	839
868	855
870	855
870	868
