5	20
5	390
5	724
7	42
7	148
7	202
7	204
7	274
7	289
7	492
7	653
7	673
7	705
7	775
7	820
7	851
7	874
8	624
13	732
13	757
14	418
14	604
14	622
14	667
14	778
14	851
16	315
19	62
20	390
20	724
22	195
22	336
22	408
22	458
22	551
22	606
22	813
23	33
23	59
23	83
23	111
23	136
23	144
23	196
23	237
23	274
23	275
23	282
23	283
23	295
23	301
23	375
23	381
23	434
23	463
23	513
23	540
23	552
23	589
23	609
23	610
23	622
23	658
23	667
23	685
23	705
23	728
23	775
23	778
23	836
23	861
24	439
24	499
24	693
28	146
28	707
31	192
31	670
31	837
31	853
33	59
33	111
33	144
33	196
33	237
33	274
33	275
33	282
33	283
33	295
33	375
33	463
33	486
33	513
33	540
33	609
33	610
33	622
33	658
33	685
33	728
33	775
33	778
36	312
36	489
36	503
40	532
40	623
42	144
42	148
42	204
42	653
42	673
42	778
42	820
42	860
42	874
43	367
43	371
43	398
43	661
43	664
43	862
44	274
44	383
44	775
45	758
45	799
47	85
47	89
47	181
47	405
47	449
47	518
47	616
47	638
47	657
47	678
47	718
47	787
48	145
51	142
51	289
51	492
51	533
51	540
51	642
51	670
51	676
51	751
51	775
51	808
51	843
51	851
51	854
51	861
53	190
53	235
53	303
53	333
53	350
53	358
53	427
53	493
53	510
53	654
53	688
53	700
53	737
53	795
53	823
53	840
54	127
54	141
54	288
54	445
54	462
54	480
54	702
54	717
54	744
54	797
54	800
54	817
54	899
55	128
55	863
56	579
56	805
56	838
58	83
58	109
58	126
58	144
58	196
58	202
58	207
58	237
58	282
58	283
58	295
58	331
58	335
58	357
58	434
58	492
58	513
58	540
58	557
58	560
58	571
58	609
58	622
58	658
58	667
58	685
58	698
58	705
58	708
58	728
58	775
58	778
58	786
58	795
58	836
58	843
58	865
59	83
59	111
59	202
59	237
59	274
59	275
59	282
59	295
59	301
59	375
59	381
59	463
59	513
59	609
59	610
59	658
59	667
59	685
59	705
59	775
60	631
60	868
61	354
63	261
64	86
64	164
64	271
64	276
64	304
64	432
64	519
64	591
64	648
64	746
64	797
64	812
67	92
67	387
67	714
67	791
68	210
68	400
69	293
69	411
74	217
75	335
77	228
77	533
77	670
77	676
77	694
77	837
77	854
78	126
78	133
78	182
78	239
78	345
78	406
78	492
78	554
78	557
78	560
78	651
78	670
78	698
78	856
78	888
79	134
79	399
79	483
80	225
81	86
81	276
81	432
81	519
81	591
81	635
81	639
81	648
83	111
83	126
83	144
83	196
83	202
83	237
83	274
83	282
83	283
83	289
83	295
83	301
83	375
83	381
83	434
83	463
83	513
83	540
83	552
83	609
83	610
83	622
83	652
83	658
83	667
83	685
83	698
83	705
83	728
83	775
83	778
83	795
83	801
83	836
83	844
83	861
85	89
85	181
85	405
85	449
85	518
85	581
85	616
85	638
85	657
85	678
85	704
85	718
85	787
86	276
86	432
86	519
86	591
86	635
86	639
86	648
87	126
87	144
87	207
87	239
87	335
87	406
87	415
87	451
87	456
87	492
87	525
87	557
87	560
87	566
87	599
87	649
87	651
87	698
87	786
87	841
87	856
87	865
87	887
87	888
88	859
89	181
89	449
89	518
89	581
89	616
89	638
89	657
89	678
89	718
89	787
90	228
90	246
90	366
90	495
90	547
90	584
90	706
90	740
90	837
92	387
92	714
92	791
94	757
96	259
101	384
101	851
102	453
104	550
105	427
106	277
106	455
108	556
109	144
109	237
109	331
109	492
109	507
109	708
109	778
109	865
111	136
111	144
111	196
111	202
111	228
111	237
111	274
111	275
111	282
111	289
111	295
111	338
111	375
111	434
111	463
111	513
111	540
111	610
111	622
111	658
111	667
111	676
111	685
111	694
111	728
111	775
111	778
111	801
111	836
111	843
111	851
111	857
111	861
111	878
115	154
115	410
115	621
115	677
119	208
122	130
124	312
124	810
125	171
125	245
125	278
125	425
125	726
125	821
126	144
126	182
126	207
126	239
126	335
126	345
126	406
126	456
126	492
126	525
126	557
126	560
126	649
126	651
126	698
126	745
126	778
126	814
126	841
126	856
126	888
127	141
127	445
127	702
127	797
127	800
127	899
129	732
131	159
132	396
132	554
132	674
134	399
134	483
136	196
136	202
136	237
136	274
136	295
136	381
136	434
136	463
136	492
136	513
136	540
136	609
136	610
136	622
136	658
136	667
136	670
136	685
136	705
136	728
136	751
136	760
136	775
136	778
136	836
136	851
136	857
137	452
137	766
138	165
138	287
141	445
141	702
141	797
141	800
141	899
142	228
142	258
142	289
142	338
142	434
142	533
142	536
142	540
142	642
142	670
142	676
142	728
142	751
142	755
142	775
142	808
142	837
142	843
142	854
143	671
144	196
144	202
144	207
144	237
144	239
144	274
144	282
144	295
144	335
144	345
144	375
144	406
144	434
144	463
144	492
144	513
144	540
144	557
144	560
144	571
144	604
144	609
144	610
144	617
144	622
144	649
144	651
144	652
144	658
144	663
144	667
144	685
144	698
144	705
144	708
144	728
144	775
144	778
144	786
144	814
144	836
144	841
144	843
144	851
144	856
144	857
144	861
144	865
144	888
146	707
148	653
148	673
148	778
148	874
149	757
153	304
153	722
153	812
154	410
154	621
154	677
161	588
164	260
164	812
164	859
165	287
165	530
166	332
166	521
166	578
166	807
166	860
168	285
168	418
168	803
171	245
171	278
171	425
171	726
171	821
172	321
172	408
172	551
172	848
176	686
178	772
179	509
180	896
181	405
181	449
181	518
181	581
181	616
181	638
181	657
181	678
181	704
181	718
181	787
182	247
182	345
182	406
182	492
182	525
182	557
182	698
182	741
182	778
182	841
182	856
182	888
183	517
183	883
190	303
190	333
190	350
190	358
190	427
190	510
190	654
190	700
190	737
190	823
190	840
192	853
195	336
195	408
195	458
195	551
195	813
196	202
196	237
196	274
196	275
196	282
196	289
196	295
196	375
196	434
196	463
196	513
196	540
196	609
196	610
196	622
196	658
196	667
196	685
196	728
196	749
196	775
196	778
196	801
196	843
196	857
196	861
202	274
202	282
202	289
202	295
202	301
202	375
202	381
202	383
202	434
202	463
202	513
202	552
202	609
202	610
202	622
202	658
202	667
202	685
202	705
202	775
202	778
202	843
202	857
202	861
204	653
204	673
204	795
204	820
204	874
205	286
205	848
207	239
207	335
207	345
207	406
207	415
207	451
207	456
207	492
207	525
207	557
207	560
207	566
207	599
207	649
207	651
207	698
207	778
207	786
207	841
207	856
207	865
207	887
207	888
208	870
208	876
210	400
213	390
219	330
219	464
219	561
219	630
219	703
221	398
221	699
222	243
222	385
222	484
222	637
224	466
224	482
224	588
224	831
228	246
228	258
228	267
228	282
228	338
228	366
228	383
228	495
228	533
228	536
228	547
228	584
228	611
228	642
228	670
228	676
228	694
228	706
228	740
228	755
228	775
228	808
228	837
228	843
228	851
228	854
228	861
229	475
230	647
235	303
235	840
237	274
237	275
237	282
237	289
237	295
237	375
237	381
237	434
237	463
237	492
237	513
237	540
237	552
237	609
237	610
237	622
237	652
237	658
237	667
237	685
237	705
237	728
237	775
237	778
237	801
237	836
237	851
237	861
238	424
239	335
239	345
239	406
239	415
239	456
239	525
239	557
239	560
239	566
239	599
239	649
239	651
239	698
239	778
239	841
239	856
239	865
239	887
239	888
240	570
240	783
243	312
243	609
243	894
245	726
246	366
246	495
246	584
246	642
246	670
246	676
246	694
246	740
246	775
246	837
247	345
250	371
251	535
252	738
258	267
258	338
258	495
258	533
258	536
258	611
258	642
258	670
258	676
258	694
258	755
258	775
258	808
258	837
258	843
258	854
260	859
261	431
266	639
266	735
267	533
267	670
267	676
267	775
267	837
269	312
269	555
271	304
274	282
274	283
274	289
274	295
274	301
274	375
274	381
274	383
274	434
274	463
274	492
274	513
274	540
274	552
274	589
274	609
274	610
274	622
274	652
274	658
274	667
274	685
274	705
274	728
274	760
274	775
274	778
274	795
274	836
274	844
274	851
274	857
274	861
275	283
275	295
275	463
275	500
275	540
275	610
275	658
275	667
276	304
276	432
276	519
276	591
276	635
276	639
276	648
276	812
278	425
278	726
278	821
282	283
282	289
282	295
282	323
282	338
282	375
282	381
282	383
282	434
282	463
282	513
282	540
282	552
282	584
282	609
282	610
282	622
282	652
282	658
282	667
282	676
282	685
282	694
282	698
282	755
282	775
282	778
282	795
282	837
282	857
282	861
283	289
283	295
283	357
283	381
283	463
283	513
283	588
283	609
283	622
283	658
283	667
283	685
283	775
283	861
284	288
284	744
285	803
286	349
286	437
286	554
287	530
288	744
288	800
289	295
289	338
289	375
289	381
289	434
289	463
289	492
289	513
289	540
289	604
289	609
289	610
289	622
289	652
289	658
289	667
289	670
289	685
289	698
289	705
289	728
289	751
289	760
289	775
289	778
289	837
289	851
289	857
289	861
292	305
292	572
292	719
293	411
293	658
293	775
295	301
295	375
295	381
295	383
295	434
295	463
295	492
295	513
295	540
295	584
295	588
295	609
295	610
295	622
295	652
295	658
295	667
295	685
295	694
295	705
295	728
295	775
295	778
295	836
295	837
295	851
295	857
295	861
301	375
301	463
301	513
301	609
301	667
301	705
301	775
303	333
303	350
303	358
303	427
303	493
303	510
303	654
303	700
303	737
303	795
303	823
303	840
304	432
304	812
305	572
305	719
312	428
312	555
312	784
313	613
313	769
318	772
321	408
321	551
321	848
321	877
323	463
323	513
330	464
330	561
330	630
330	703
332	521
332	578
332	807
332	860
333	350
333	358
333	427
333	493
333	510
333	654
333	700
333	737
333	823
333	840
335	406
335	421
335	456
335	492
335	557
335	560
335	566
335	567
335	599
335	649
335	651
335	670
335	698
335	771
335	775
335	778
335	841
335	856
335	888
336	408
336	458
336	551
336	666
336	813
336	855
337	347
337	713
338	366
338	495
338	533
338	540
338	547
338	642
338	670
338	676
338	694
338	706
338	740
338	755
338	775
338	808
338	837
338	843
338	854
338	861
345	406
345	525
345	557
345	599
345	649
345	658
345	698
345	741
345	778
345	841
345	856
345	888
347	713
349	460
349	795
350	423
350	427
350	510
350	654
350	700
350	823
350	840
356	675
356	835
358	427
358	493
358	510
358	654
358	700
358	737
358	840
364	690
366	495
366	547
366	676
366	694
366	706
366	740
366	775
366	837
367	387
367	398
367	661
367	664
367	714
367	862
371	636
371	664
374	391
374	454
375	381
375	434
375	463
375	513
375	609
375	610
375	622
375	652
375	658
375	667
375	685
375	705
375	775
375	778
375	836
375	851
375	857
375	861
377	514
381	434
381	463
381	492
381	513
381	517
381	540
381	609
381	610
381	622
381	652
381	658
381	667
381	685
381	705
381	775
381	778
381	836
381	851
381	857
383	492
383	513
383	658
383	670
383	685
383	740
383	775
383	778
383	837
383	851
383	861
384	804
385	484
385	555
387	714
387	791
390	724
391	569
391	709
393	495
393	547
393	706
393	740
393	837
396	540
396	554
398	664
398	862
399	483
404	800
404	817
405	657
405	678
405	718
406	415
406	451
406	456
406	492
406	525
406	557
406	560
406	566
406	599
406	649
406	651
406	698
406	778
406	786
406	841
406	856
406	887
406	888
408	458
408	537
408	551
408	666
408	790
408	813
408	855
410	621
410	677
415	456
415	557
415	560
415	649
415	841
415	856
415	887
415	888
418	604
418	652
418	803
421	504
421	765
421	771
421	782
423	700
425	726
425	821
427	510
427	654
427	688
427	700
427	737
427	823
427	840
428	784
429	465
430	515
430	783
432	519
432	591
432	635
432	639
432	648
432	812
434	463
434	492
434	513
434	540
434	560
434	609
434	610
434	617
434	622
434	652
434	658
434	667
434	670
434	685
434	698
434	705
434	728
434	751
434	755
434	760
434	775
434	778
434	795
434	843
434	844
434	851
434	861
439	499
439	693
440	666
440	855
445	702
445	797
445	800
445	899
447	759
449	518
449	581
449	616
449	638
449	657
449	678
449	718
449	787
451	456
451	566
451	599
451	649
452	766
456	557
456	560
456	566
456	599
456	649
456	651
456	698
456	841
456	856
456	887
456	888
458	551
458	606
458	813
459	684
462	480
462	717
462	817
463	513
463	540
463	552
463	609
463	610
463	622
463	652
463	658
463	667
463	685
463	705
463	728
463	775
463	778
463	795
463	801
463	836
463	851
463	857
463	861
464	561
464	630
464	703
466	482
466	831
467	524
479	562
480	717
480	800
480	817
482	831
484	588
492	540
492	552
492	554
492	557
492	560
492	609
492	622
492	649
492	651
492	667
492	670
492	685
492	698
492	705
492	760
492	775
492	778
492	795
492	836
492	843
492	851
492	856
492	857
492	888
493	823
493	840
495	533
495	642
495	670
495	676
495	694
495	706
495	740
495	755
495	775
495	808
495	837
495	843
495	851
495	854
495	861
496	670
499	693
503	569
504	614
504	771
507	705
507	708
507	865
510	654
510	700
510	737
510	795
510	823
510	840
513	540
513	609
513	610
513	615
513	622
513	652
513	658
513	667
513	685
513	698
513	705
513	728
513	775
513	778
513	844
513	851
513	857
513	861
515	783
517	883
518	581
518	616
518	638
518	657
518	678
518	718
519	591
519	635
519	639
519	648
521	578
521	807
521	860
525	557
525	560
525	599
525	649
525	651
525	698
525	778
525	841
525	888
526	629
526	780
532	623
533	536
533	547
533	642
533	670
533	676
533	694
533	755
533	775
533	808
533	837
533	843
533	851
533	854
536	611
536	642
536	667
536	670
536	676
536	755
536	775
536	808
536	837
536	854
537	551
537	666
537	855
540	604
540	610
540	622
540	658
540	667
540	670
540	676
540	685
540	698
540	705
540	728
540	751
540	755
540	760
540	775
540	778
540	795
540	836
540	837
540	843
540	851
540	857
547	555
547	637
547	676
547	706
547	740
547	837
551	666
551	790
551	813
551	855
552	610
552	622
552	667
552	685
552	695
552	775
552	778
552	851
552	861
554	560
554	670
554	674
554	775
555	637
557	560
557	566
557	599
557	649
557	651
557	698
557	778
557	786
557	814
557	841
557	856
557	887
557	888
560	566
560	599
560	610
560	649
560	651
560	670
560	698
560	778
560	814
560	841
560	856
560	887
560	888
561	630
561	703
566	599
566	649
566	651
566	698
566	841
566	856
566	887
566	888
569	756
569	783
569	843
570	690
572	719
578	807
578	860
579	805
579	838
581	616
581	638
581	657
581	678
581	718
584	740
584	775
584	837
584	861
589	658
591	635
591	639
591	648
599	649
599	698
599	841
599	856
599	887
599	888
604	670
604	705
604	843
604	851
609	610
609	622
609	658
609	667
609	685
609	705
609	728
609	775
609	778
609	836
609	851
609	857
610	622
610	652
610	658
610	667
610	670
610	685
610	698
610	705
610	728
610	751
610	775
610	778
610	836
610	843
610	851
610	857
610	861
611	642
611	667
611	670
611	755
611	775
611	837
611	843
611	845
611	851
611	854
612	657
612	718
615	622
615	778
615	795
616	638
616	657
616	678
616	704
616	718
617	778
621	677
622	652
622	658
622	667
622	670
622	685
622	698
622	705
622	728
622	760
622	775
622	778
622	795
622	836
622	851
622	857
622	861
629	780
630	703
631	868
634	637
635	639
635	648
636	664
638	657
638	678
638	718
638	725
638	787
639	648
639	735
642	670
642	676
642	694
642	755
642	775
642	808
642	837
642	854
645	758
646	756
649	651
649	698
649	778
649	786
649	841
649	856
649	865
649	887
649	888
651	698
651	745
651	778
651	841
651	856
651	887
651	888
652	658
652	667
652	685
652	705
652	728
652	775
652	778
652	795
652	836
652	844
652	851
652	861
653	673
653	795
653	820
653	874
654	700
654	823
654	840
657	678
657	718
658	667
658	685
658	698
658	705
658	728
658	775
658	778
658	851
658	857
661	664
661	862
663	705
664	862
666	813
666	855
667	670
667	676
667	685
667	705
667	728
667	751
667	755
667	775
667	778
667	795
667	801
667	836
667	837
667	843
667	851
667	857
667	861
668	733
668	743
670	676
670	685
670	694
670	698
670	751
670	755
670	760
670	775
670	778
670	808
670	837
670	843
670	851
670	854
670	857
673	795
673	820
673	874
675	835
676	694
676	706
676	740
676	751
676	755
676	775
676	808
676	837
676	843
676	854
676	861
678	718
678	725
678	787
678	795
680	784
685	705
685	728
685	749
685	760
685	775
685	778
685	795
685	836
685	844
685	851
685	857
685	861
685	882
694	706
694	755
694	775
694	808
694	837
694	854
695	775
698	705
698	775
698	778
698	814
698	836
698	841
698	851
698	856
698	887
698	888
700	823
700	840
702	797
702	800
702	899
705	728
705	775
705	778
705	836
705	843
705	851
706	740
706	775
706	837
708	773
708	786
708	865
714	791
715	748
717	800
717	817
718	725
718	787
726	821
728	760
728	775
728	778
728	795
728	836
728	843
728	861
733	743
737	840
740	775
740	837
740	843
740	861
744	800
745	856
751	755
751	775
751	808
751	843
751	851
755	775
755	808
755	837
755	843
755	851
755	854
756	783
758	799
760	775
760	844
760	851
765	771
765	782
775	778
775	808
775	836
775	837
775	843
775	844
775	851
775	854
775	857
775	861
778	814
778	836
778	841
778	843
778	851
778	856
778	857
778	861
778	888
784	859
786	841
786	865
790	855
795	820
795	836
795	840
795	861
795	874
797	800
797	899
800	817
800	899
805	838
807	860
808	837
808	843
808	851
808	854
813	855
814	841
814	887
820	874
823	840
836	851
837	843
837	851
837	854
837	861
837	882
841	856
841	865
841	887
841	888
843	851
843	854
843	861
843	882
844	861
851	854
851	857
856	887
856	888
857	882
865	888
887	888
20	5
390	5
724	5
42	7
148	7
202	7
204	7
274	7
289	7
492	7
653	7
673	7
705	7
775	7
820	7
851	7
874	7
624	8
732	13
757	13
418	14
604	14
622	14
667	14
778	14
851	14
315	16
62	19
390	20
724	20
195	22
336	22
408	22
458	22
551	22
606	22
813	22
33	23
59	23
83	23
111	23
136	23
144	23
196	23
237	23
274	23
275	23
282	23
283	23
295	23
301	23
375	23
381	23
434	23
463	23
513	23
540	23
552	23
589	23
609	23
610	23
622	23
658	23
667	23
685	23
705	23
728	23
775	23
778	23
836	23
861	23
439	24
499	24
693	24
146	28
707	28
192	31
670	31
837	31
853	31
59	33
111	33
144	33
196	33
237	33
274	33
275	33
282	33
283	33
295	33
375	33
463	33
486	33
513	33
540	33
609	33
610	33
622	33
658	33
685	33
728	33
775	33
778	33
312	36
489	36
503	36
532	40
623	40
144	42
148	42
204	42
653	42
673	42
778	42
820	42
860	42
874	42
367	43
371	43
398	43
661	43
664	43
862	43
274	44
383	44
775	44
758	45
799	45
85	47
89	47
181	47
405	47
449	47
518	47
616	47
638	47
657	47
678	47
718	47
787	47
145	48
142	51
289	51
492	51
533	51
540	51
642	51
670	51
676	51
751	51
775	51
808	51
843	51
851	51
854	51
861	51
190	53
235	53
303	53
333	53
350	53
358	53
427	53
493	53
510	53
654	53
688	53
700	53
737	53
795	53
823	53
840	53
127	54
141	54
288	54
445	54
462	54
480	54
702	54
717	54
744	54
797	54
800	54
817	54
899	54
128	55
863	55
579	56
805	56
838	56
83	58
109	58
126	58
144	58
196	58
202	58
207	58
237	58
282	58
283	58
295	58
331	58
335	58
357	58
434	58
492	58
513	58
540	58
557	58
560	58
571	58
609	58
622	58
658	58
667	58
685	58
698	58
705	58
708	58
728	58
775	58
778	58
786	58
795	58
836	58
843	58
865	58
83	59
111	59
202	59
237	59
274	59
275	59
282	59
295	59
301	59
375	59
381	59
463	59
513	59
609	59
610	59
658	59
667	59
685	59
705	59
775	59
631	60
868	60
354	61
261	63
86	64
164	64
271	64
276	64
304	64
432	64
519	64
591	64
648	64
746	64
797	64
812	64
92	67
387	67
714	67
791	67
210	68
400	68
293	69
411	69
217	74
335	75
228	77
533	77
670	77
676	77
694	77
837	77
854	77
126	78
133	78
182	78
239	78
345	78
406	78
492	78
554	78
557	78
560	78
651	78
670	78
698	78
856	78
888	78
134	79
399	79
483	79
225	80
86	81
276	81
432	81
519	81
591	81
635	81
639	81
648	81
111	83
126	83
144	83
196	83
202	83
237	83
274	83
282	83
283	83
289	83
295	83
301	83
375	83
381	83
434	83
463	83
513	83
540	83
552	83
609	83
610	83
622	83
652	83
658	83
667	83
685	83
698	83
705	83
728	83
775	83
778	83
795	83
801	83
836	83
844	83
861	83
89	85
181	85
405	85
449	85
518	85
581	85
616	85
638	85
657	85
678	85
704	85
718	85
787	85
276	86
432	86
519	86
591	86
635	86
639	86
648	86
126	87
144	87
207	87
239	87
335	87
406	87
415	87
451	87
456	87
492	87
525	87
557	87
560	87
566	87
599	87
649	87
651	87
698	87
786	87
841	87
856	87
865	87
887	87
888	87
859	88
181	89
449	89
518	89
581	89
616	89
638	89
657	89
678	89
718	89
787	89
228	90
246	90
366	90
495	90
547	90
584	90
706	90
740	90
837	90
387	92
714	92
791	92
757	94
259	96
384	101
851	101
453	102
550	104
427	105
277	106
455	106
556	108
144	109
237	109
331	109
492	109
507	109
708	109
778	109
865	109
136	111
144	111
196	111
202	111
228	111
237	111
274	111
275	111
282	111
289	111
295	111
338	111
375	111
434	111
463	111
513	111
540	111
610	111
622	111
658	111
667	111
676	111
685	111
694	111
728	111
775	111
778	111
801	111
836	111
843	111
851	111
857	111
861	111
878	111
154	115
410	115
621	115
677	115
208	119
130	122
312	124
810	124
171	125
245	125
278	125
425	125
726	125
821	125
144	126
182	126
207	126
239	126
335	126
345	126
406	126
456	126
492	126
525	126
557	126
560	126
649	126
651	126
698	126
745	126
778	126
814	126
841	126
856	126
888	126
141	127
445	127
702	127
797	127
800	127
899	127
732	129
159	131
396	132
554	132
674	132
399	134
483	134
196	136
202	136
237	136
274	136
295	136
381	136
434	136
463	136
492	136
513	136
540	136
609	136
610	136
622	136
658	136
667	136
670	136
685	136
705	136
728	136
751	136
760	136
775	136
778	136
836	136
851	136
857	136
452	137
766	137
165	138
287	138
445	141
702	141
797	141
800	141
899	141
228	142
258	142
289	142
338	142
434	142
533	142
536	142
540	142
642	142
670	142
676	142
728	142
751	142
755	142
775	142
808	142
837	142
843	142
854	142
671	143
196	144
202	144
207	144
237	144
239	144
274	144
282	144
295	144
335	144
345	144
375	144
406	144
434	144
463	144
492	144
513	144
540	144
557	144
560	144
571	144
604	144
609	144
610	144
617	144
622	144
649	144
651	144
652	144
658	144
663	144
667	144
685	144
698	144
705	144
708	144
728	144
775	144
778	144
786	144
814	144
836	144
841	144
843	144
851	144
856	144
857	144
861	144
865	144
888	144
707	146
653	148
673	148
778	148
874	148
757	149
304	153
722	153
812	153
410	154
621	154
677	154
588	161
260	164
812	164
859	164
287	165
530	165
332	166
521	166
578	166
807	166
860	166
285	168
418	168
803	168
245	171
278	171
425	171
726	171
821	171
321	172
408	172
551	172
848	172
686	176
772	178
509	179
896	180
405	181
449	181
518	181
581	181
616	181
638	181
657	181
678	181
704	181
718	181
787	181
247	182
345	182
406	182
492	182
525	182
557	182
698	182
741	182
778	182
841	182
856	182
888	182
517	183
883	183
303	190
333	190
350	190
358	190
427	190
510	190
654	190
700	190
737	190
823	190
840	190
853	192
336	195
408	195
458	195
551	195
813	195
202	196
237	196
274	196
275	196
282	196
289	196
295	196
375	196
434	196
463	196
513	196
540	196
609	196
610	196
622	196
658	196
667	196
685	196
728	196
749	196
775	196
778	196
801	196
843	196
857	196
861	196
274	202
282	202
289	202
295	202
301	202
375	202
381	202
383	202
434	202
463	202
513	202
552	202
609	202
610	202
622	202
658	202
667	202
685	202
705	202
775	202
778	202
843	202
857	202
861	202
653	204
673	204
795	204
820	204
874	204
286	205
848	205
239	207
335	207
345	207
406	207
415	207
451	207
456	207
492	207
525	207
557	207
560	207
566	207
599	207
649	207
651	207
698	207
778	207
786	207
841	207
856	207
865	207
887	207
888	207
870	208
876	208
400	210
390	213
330	219
464	219
561	219
630	219
703	219
398	221
699	221
243	222
385	222
484	222
637	222
466	224
482	224
588	224
831	224
246	228
258	228
267	228
282	228
338	228
366	228
383	228
495	228
533	228
536	228
547	228
584	228
611	228
642	228
670	228
676	228
694	228
706	228
740	228
755	228
775	228
808	228
837	228
843	228
851	228
854	228
861	228
475	229
647	230
303	235
840	235
274	237
275	237
282	237
289	237
295	237
375	237
381	237
434	237
463	237
492	237
513	237
540	237
552	237
609	237
610	237
622	237
652	237
658	237
667	237
685	237
705	237
728	237
775	237
778	237
801	237
836	237
851	237
861	237
424	238
335	239
345	239
406	239
415	239
456	239
525	239
557	239
560	239
566	239
599	239
649	239
651	239
698	239
778	239
841	239
856	239
865	239
887	239
888	239
570	240
783	240
312	243
609	243
894	243
726	245
366	246
495	246
584	246
642	246
670	246
676	246
694	246
740	246
775	246
837	246
345	247
371	250
535	251
738	252
267	258
338	258
495	258
533	258
536	258
611	258
642	258
670	258
676	258
694	258
755	258
775	258
808	258
837	258
843	258
854	258
859	260
431	261
639	266
735	266
533	267
670	267
676	267
775	267
837	267
312	269
555	269
304	271
282	274
283	274
289	274
295	274
301	274
375	274
381	274
383	274
434	274
463	274
492	274
513	274
540	274
552	274
589	274
609	274
610	274
622	274
652	274
658	274
667	274
685	274
705	274
728	274
760	274
775	274
778	274
795	274
836	274
844	274
851	274
857	274
861	274
283	275
295	275
463	275
500	275
540	275
610	275
658	275
667	275
304	276
432	276
519	276
591	276
635	276
639	276
648	276
812	276
425	278
726	278
821	278
283	282
289	282
295	282
323	282
338	282
375	282
381	282
383	282
434	282
463	282
513	282
540	282
552	282
584	282
609	282
610	282
622	282
652	282
658	282
667	282
676	282
685	282
694	282
698	282
755	282
775	282
778	282
795	282
837	282
857	282
861	282
289	283
295	283
357	283
381	283
463	283
513	283
588	283
609	283
622	283
658	283
667	283
685	283
775	283
861	283
288	284
744	284
803	285
349	286
437	286
554	286
530	287
744	288
800	288
295	289
338	289
375	289
381	289
434	289
463	289
492	289
513	289
540	289
604	289
609	289
610	289
622	289
652	289
658	289
667	289
670	289
685	289
698	289
705	289
728	289
751	289
760	289
775	289
778	289
837	289
851	289
857	289
861	289
305	292
572	292
719	292
411	293
658	293
775	293
301	295
375	295
381	295
383	295
434	295
463	295
492	295
513	295
540	295
584	295
588	295
609	295
610	295
622	295
652	295
658	295
667	295
685	295
694	295
705	295
728	295
775	295
778	295
836	295
837	295
851	295
857	295
861	295
375	301
463	301
513	301
609	301
667	301
705	301
775	301
333	303
350	303
358	303
427	303
493	303
510	303
654	303
700	303
737	303
795	303
823	303
840	303
432	304
812	304
572	305
719	305
428	312
555	312
784	312
613	313
769	313
772	318
408	321
551	321
848	321
877	321
463	323
513	323
464	330
561	330
630	330
703	330
521	332
578	332
807	332
860	332
350	333
358	333
427	333
493	333
510	333
654	333
700	333
737	333
823	333
840	333
406	335
421	335
456	335
492	335
557	335
560	335
566	335
567	335
599	335
649	335
651	335
670	335
698	335
771	335
775	335
778	335
841	335
856	335
888	335
408	336
458	336
551	336
666	336
813	336
855	336
347	337
713	337
366	338
495	338
533	338
540	338
547	338
642	338
670	338
676	338
694	338
706	338
740	338
755	338
775	338
808	338
837	338
843	338
854	338
861	338
406	345
525	345
557	345
599	345
649	345
658	345
698	345
741	345
778	345
841	345
856	345
888	345
713	347
460	349
795	349
423	350
427	350
510	350
654	350
700	350
823	350
840	350
675	356
835	356
427	358
493	358
510	358
654	358
700	358
737	358
840	358
690	364
495	366
547	366
676	366
694	366
706	366
740	366
775	366
837	366
387	367
398	367
661	367
664	367
714	367
862	367
636	371
664	371
391	374
454	374
381	375
434	375
463	375
513	375
609	375
610	375
622	375
652	375
658	375
667	375
685	375
705	375
775	375
778	375
836	375
851	375
857	375
861	375
514	377
434	381
463	381
492	381
513	381
517	381
540	381
609	381
610	381
622	381
652	381
658	381
667	381
685	381
705	381
775	381
778	381
836	381
851	381
857	381
492	383
513	383
658	383
670	383
685	383
740	383
775	383
778	383
837	383
851	383
861	383
804	384
484	385
555	385
714	387
791	387
724	390
569	391
709	391
495	393
547	393
706	393
740	393
837	393
540	396
554	396
664	398
862	398
483	399
800	404
817	404
657	405
678	405
718	405
415	406
451	406
456	406
492	406
525	406
557	406
560	406
566	406
599	406
649	406
651	406
698	406
778	406
786	406
841	406
856	406
887	406
888	406
458	408
537	408
551	408
666	408
790	408
813	408
855	408
621	410
677	410
456	415
557	415
560	415
649	415
841	415
856	415
887	415
888	415
604	418
652	418
803	418
504	421
765	421
771	421
782	421
700	423
726	425
821	425
510	427
654	427
688	427
700	427
737	427
823	427
840	427
784	428
465	429
515	430
783	430
519	432
591	432
635	432
639	432
648	432
812	432
463	434
492	434
513	434
540	434
560	434
609	434
610	434
617	434
622	434
652	434
658	434
667	434
670	434
685	434
698	434
705	434
728	434
751	434
755	434
760	434
775	434
778	434
795	434
843	434
844	434
851	434
861	434
499	439
693	439
666	440
855	440
702	445
797	445
800	445
899	445
759	447
518	449
581	449
616	449
638	449
657	449
678	449
718	449
787	449
456	451
566	451
599	451
649	451
766	452
557	456
560	456
566	456
599	456
649	456
651	456
698	456
841	456
856	456
887	456
888	456
551	458
606	458
813	458
684	459
480	462
717	462
817	462
513	463
540	463
552	463
609	463
610	463
622	463
652	463
658	463
667	463
685	463
705	463
728	463
775	463
778	463
795	463
801	463
836	463
851	463
857	463
861	463
561	464
630	464
703	464
482	466
831	466
524	467
562	479
717	480
800	480
817	480
831	482
588	484
540	492
552	492
554	492
557	492
560	492
609	492
622	492
649	492
651	492
667	492
670	492
685	492
698	492
705	492
760	492
775	492
778	492
795	492
836	492
843	492
851	492
856	492
857	492
888	492
823	493
840	493
533	495
642	495
670	495
676	495
694	495
706	495
740	495
755	495
775	495
808	495
837	495
843	495
851	495
854	495
861	495
670	496
693	499
569	503
614	504
771	504
705	507
708	507
865	507
654	510
700	510
737	510
795	510
823	510
840	510
540	513
609	513
610	513
615	513
622	513
652	513
658	513
667	513
685	513
698	513
705	513
728	513
775	513
778	513
844	513
851	513
857	513
861	513
783	515
883	517
581	518
616	518
638	518
657	518
678	518
718	518
591	519
635	519
639	519
648	519
578	521
807	521
860	521
557	525
560	525
599	525
649	525
651	525
698	525
778	525
841	525
888	525
629	526
780	526
623	532
536	533
547	533
642	533
670	533
676	533
694	533
755	533
775	533
808	533
837	533
843	533
851	533
854	533
611	536
642	536
667	536
670	536
676	536
755	536
775	536
808	536
837	536
854	536
551	537
666	537
855	537
604	540
610	540
622	540
658	540
667	540
670	540
676	540
685	540
698	540
705	540
728	540
751	540
755	540
760	540
775	540
778	540
795	540
836	540
837	540
843	540
851	540
857	540
555	547
637	547
676	547
706	547
740	547
837	547
666	551
790	551
813	551
855	551
610	552
622	552
667	552
685	552
695	552
775	552
778	552
851	552
861	552
560	554
670	554
674	554
775	554
637	555
560	557
566	557
599	557
649	557
651	557
698	557
778	557
786	557
814	557
841	557
856	557
887	557
888	557
566	560
599	560
610	560
649	560
651	560
670	560
698	560
778	560
814	560
841	560
856	560
887	560
888	560
630	561
703	561
599	566
649	566
651	566
698	566
841	566
856	566
887	566
888	566
756	569
783	569
843	569
690	570
719	572
807	578
860	578
805	579
838	579
616	581
638	581
657	581
678	581
718	581
740	584
775	584
837	584
861	584
658	589
635	591
639	591
648	591
649	599
698	599
841	599
856	599
887	599
888	599
670	604
705	604
843	604
851	604
610	609
622	609
658	609
667	609
685	609
705	609
728	609
775	609
778	609
836	609
851	609
857	609
622	610
652	610
658	610
667	610
670	610
685	610
698	610
705	610
728	610
751	610
775	610
778	610
836	610
843	610
851	610
857	610
861	610
642	611
667	611
670	611
755	611
775	611
837	611
843	611
845	611
851	611
854	611
657	612
718	612
622	615
778	615
795	615
638	616
657	616
678	616
704	616
718	616
778	617
677	621
652	622
658	622
667	622
670	622
685	622
698	622
705	622
728	622
760	622
775	622
778	622
795	622
836	622
851	622
857	622
861	622
780	629
703	630
868	631
637	634
639	635
648	635
664	636
657	638
678	638
718	638
725	638
787	638
648	639
735	639
670	642
676	642
694	642
755	642
775	642
808	642
837	642
854	642
758	645
756	646
651	649
698	649
778	649
786	649
841	649
856	649
865	649
887	649
888	649
698	651
745	651
778	651
841	651
856	651
887	651
888	651
658	652
667	652
685	652
705	652
728	652
775	652
778	652
795	652
836	652
844	652
851	652
861	652
673	653
795	653
820	653
874	653
700	654
823	654
840	654
678	657
718	657
667	658
685	658
698	658
705	658
728	658
775	658
778	658
851	658
857	658
664	661
862	661
705	663
862	664
813	666
855	666
670	667
676	667
685	667
705	667
728	667
751	667
755	667
775	667
778	667
795	667
801	667
836	667
837	667
843	667
851	667
857	667
861	667
733	668
743	668
676	670
685	670
694	670
698	670
751	670
755	670
760	670
775	670
778	670
808	670
837	670
843	670
851	670
854	670
857	670
795	673
820	673
874	673
835	675
694	676
706	676
740	676
751	676
755	676
775	676
808	676
837	676
843	676
854	676
861	676
718	678
725	678
787	678
795	678
784	680
705	685
728	685
749	685
760	685
775	685
778	685
795	685
836	685
844	685
851	685
857	685
861	685
882	685
706	694
755	694
775	694
808	694
837	694
854	694
775	695
705	698
775	698
778	698
814	698
836	698
841	698
851	698
856	698
887	698
888	698
823	700
840	700
797	702
800	702
899	702
728	705
775	705
778	705
836	705
843	705
851	705
740	706
775	706
837	706
773	708
786	708
865	708
791	714
748	715
800	717
817	717
725	718
787	718
821	726
760	728
775	728
778	728
795	728
836	728
843	728
861	728
743	733
840	737
775	740
837	740
843	740
861	740
800	744
856	745
755	751
775	751
808	751
843	751
851	751
775	755
808	755
837	755
843	755
851	755
854	755
783	756
799	758
775	760
844	760
851	760
771	765
782	765
778	775
808	775
836	775
837	775
843	775
844	775
851	775
854	775
857	775
861	775
814	778
836	778
841	778
843	778
851	778
856	778
857	778
861	778
888	778
859	784
841	786
865	786
855	790
820	795
836	795
840	795
861	795
874	795
800	797
899	797
817	800
899	800
838	805
860	807
837	808
843	808
851	808
854	808
855	813
841	814
887	814
874	820
840	823
851	836
843	837
851	837
854	837
861	837
882	837
856	841
865	841
887	841
888	841
851	843
854	843
861	843
882	843
861	844
854	851
857	851
887	856
888	856
882	857
888	865
888	887
