2	608
2	632
2	815
2	1347
3	22
3	993
8	655
11	624
11	1318
13	631
13	1161
13	1182
15	787
15	1388
16	62
16	190
16	253
16	345
16	348
16	364
16	480
16	790
16	793
16	877
16	1061
16	1099
16	1254
16	1324
16	1378
17	1012
18	313
18	782
18	801
18	897
18	938
18	1041
18	1162
18	1285
22	993
24	99
24	117
24	647
24	801
27	550
27	671
27	790
27	1007
27	1259
27	1378
28	1007
29	1013
33	133
35	1323
36	65
36	197
36	393
36	411
36	422
36	553
36	657
36	740
36	904
36	1145
36	1314
37	52
37	62
37	101
37	144
37	186
37	190
37	191
37	233
37	246
37	335
37	356
37	399
37	457
37	470
37	496
37	505
37	550
37	609
37	618
37	698
37	748
37	790
37	877
37	893
37	989
37	1016
37	1072
37	1119
37	1218
37	1236
37	1254
37	1259
37	1393
38	706
38	1130
40	154
40	258
40	297
40	311
40	319
40	354
40	588
40	724
40	830
40	865
40	946
40	985
40	998
40	1175
40	1183
43	250
43	1155
46	62
46	100
46	112
46	126
46	144
46	183
46	190
46	191
46	214
46	246
46	320
46	345
46	356
46	399
46	480
46	494
46	505
46	539
46	550
46	552
46	566
46	609
46	612
46	618
46	748
46	790
46	793
46	877
46	893
46	900
46	917
46	954
46	989
46	1016
46	1048
46	1056
46	1061
46	1072
46	1139
46	1192
46	1236
46	1254
46	1259
46	1324
46	1378
47	65
47	393
47	657
47	1314
48	1063
51	93
51	113
51	177
51	240
51	324
51	325
51	500
51	549
51	572
51	610
51	687
51	784
51	1064
51	1068
51	1191
51	1202
51	1334
51	1359
52	62
52	101
52	186
52	190
52	191
52	246
52	335
52	356
52	399
52	457
52	470
52	505
52	550
52	609
52	748
52	783
52	790
52	989
52	1016
52	1072
52	1119
52	1218
52	1236
52	1254
52	1259
61	514
61	789
61	815
62	91
62	100
62	101
62	144
62	186
62	190
62	191
62	233
62	335
62	345
62	356
62	364
62	399
62	470
62	505
62	550
62	609
62	618
62	698
62	748
62	790
62	793
62	877
62	893
62	989
62	1016
62	1072
62	1119
62	1135
62	1139
62	1234
62	1236
62	1254
62	1259
62	1378
62	1386
62	1393
65	197
65	393
65	411
65	422
65	533
65	553
65	657
65	740
65	875
65	904
65	1086
65	1145
65	1282
65	1314
66	1011
66	1179
67	1089
68	657
68	875
68	898
68	1425
72	356
72	893
72	954
72	1254
73	1187
73	1274
73	1294
78	190
78	1057
79	106
79	302
79	791
82	193
82	299
82	393
82	533
82	904
82	1282
87	535
91	364
91	480
91	550
91	793
91	877
91	1016
91	1040
91	1254
91	1307
91	1378
91	1382
91	1393
93	113
93	240
93	324
93	325
93	397
93	500
93	549
93	572
93	610
93	687
93	784
93	1064
93	1068
93	1123
93	1191
93	1202
93	1334
93	1359
96	216
98	942
98	1301
98	1357
99	801
100	112
100	126
100	144
100	183
100	191
100	214
100	246
100	335
100	345
100	356
100	399
100	470
100	505
100	547
100	550
100	552
100	585
100	612
100	698
100	790
100	793
100	877
100	893
100	917
100	954
100	960
100	1007
100	1016
100	1072
100	1119
100	1139
100	1156
100	1218
100	1236
100	1254
100	1259
100	1275
100	1351
100	1397
101	144
101	186
101	190
101	191
101	345
101	356
101	399
101	457
101	470
101	496
101	505
101	550
101	609
101	618
101	748
101	790
101	989
101	1016
101	1072
101	1119
101	1236
101	1254
104	1229
106	302
106	336
106	578
106	791
106	963
107	1248
110	1201
111	149
111	314
111	451
111	502
111	843
111	1047
111	1109
112	183
112	214
112	246
112	566
112	653
112	793
112	823
112	1048
112	1056
112	1139
112	1156
112	1259
112	1384
112	1397
113	240
113	324
113	325
113	500
113	549
113	572
113	610
113	687
113	784
113	1064
113	1068
113	1191
113	1202
113	1334
113	1359
114	166
114	507
114	630
114	1166
114	1198
114	1284
114	1342
117	647
117	801
118	583
124	1377
125	249
125	446
125	1036
126	192
126	246
126	264
126	349
126	475
126	494
126	571
126	793
126	877
126	1238
126	1351
128	396
130	552
134	384
134	491
134	832
134	1356
134	1382
136	644
136	777
144	186
144	190
144	191
144	214
144	246
144	335
144	345
144	356
144	399
144	470
144	480
144	496
144	505
144	550
144	609
144	612
144	618
144	698
144	748
144	754
144	790
144	877
144	893
144	954
144	989
144	1016
144	1059
144	1072
144	1119
144	1139
144	1190
144	1236
144	1254
144	1259
144	1368
144	1393
149	314
149	540
149	949
149	1036
149	1047
150	214
150	246
150	320
150	552
150	562
150	653
150	666
150	727
150	737
150	793
150	857
150	900
150	917
150	926
150	972
150	1048
150	1056
150	1122
150	1139
150	1275
150	1384
150	1397
151	1389
154	258
154	297
154	311
154	319
154	342
154	354
154	588
154	724
154	830
154	865
154	946
154	985
154	998
154	1175
155	384
155	667
155	896
155	1151
155	1356
155	1399
160	979
164	1116
164	1363
164	1389
165	435
165	730
166	507
166	630
166	1166
166	1198
166	1284
167	590
167	684
167	976
167	1102
167	1304
168	976
173	622
173	1378
174	731
176	902
177	687
177	1191
182	913
183	246
183	399
183	539
183	547
183	793
183	823
183	1156
183	1259
183	1397
184	718
186	190
186	191
186	233
186	246
186	335
186	345
186	356
186	384
186	399
186	457
186	470
186	480
186	505
186	550
186	609
186	698
186	748
186	790
186	877
186	893
186	954
186	960
186	989
186	1016
186	1072
186	1119
186	1218
186	1236
186	1254
186	1259
186	1378
186	1386
186	1393
186	1416
189	335
190	191
190	233
190	246
190	335
190	345
190	356
190	399
190	457
190	470
190	480
190	505
190	550
190	609
190	618
190	671
190	698
190	748
190	754
190	790
190	793
190	832
190	877
190	893
190	954
190	989
190	1016
190	1059
190	1072
190	1119
190	1234
190	1236
190	1254
190	1259
190	1307
190	1356
190	1378
190	1386
190	1393
191	246
191	335
191	345
191	356
191	374
191	399
191	418
191	457
191	470
191	480
191	494
191	496
191	505
191	536
191	550
191	609
191	612
191	618
191	698
191	748
191	790
191	793
191	877
191	893
191	954
191	989
191	1016
191	1059
191	1072
191	1082
191	1119
191	1218
191	1236
191	1254
191	1259
191	1351
191	1393
192	264
192	1104
193	299
193	393
193	533
193	657
193	904
195	1025
195	1423
197	393
197	553
197	657
197	904
197	1086
197	1145
197	1314
200	768
201	353
202	582
202	633
202	634
202	1214
202	1244
202	1453
205	483
205	487
207	221
210	341
210	472
210	479
210	532
210	541
210	743
210	1292
210	1363
211	514
211	806
211	1309
212	413
212	462
212	503
212	685
212	1185
214	246
214	312
214	320
214	552
214	562
214	566
214	653
214	737
214	793
214	857
214	900
214	917
214	1048
214	1056
214	1139
214	1192
214	1211
214	1259
214	1315
214	1384
215	712
215	824
215	849
215	1264
215	1292
215	1431
217	746
217	1193
225	271
227	639
227	910
227	1100
233	335
233	345
233	356
233	364
233	399
233	505
233	550
233	618
233	698
233	748
233	790
233	793
233	877
233	954
233	989
233	1016
233	1072
233	1119
233	1234
233	1236
233	1254
233	1259
233	1378
233	1386
235	477
236	361
240	324
240	325
240	397
240	500
240	549
240	572
240	610
240	687
240	784
240	1064
240	1068
240	1191
240	1202
240	1334
240	1359
246	335
246	345
246	356
246	399
246	470
246	494
246	505
246	539
246	550
246	552
246	566
246	609
246	612
246	653
246	698
246	748
246	754
246	790
246	793
246	877
246	893
246	900
246	917
246	960
246	989
246	999
246	1016
246	1048
246	1056
246	1059
246	1072
246	1082
246	1119
246	1139
246	1156
246	1192
246	1218
246	1236
246	1254
246	1259
246	1275
246	1315
246	1351
246	1378
246	1384
246	1386
246	1393
246	1397
246	1453
250	1155
253	1061
253	1099
253	1259
257	1018
257	1263
258	297
258	311
258	319
258	342
258	354
258	588
258	724
258	830
258	865
258	946
258	985
258	998
258	1175
264	1104
268	575
270	772
270	1173
270	1292
270	1320
270	1321
270	1398
270	1431
277	748
280	1035
280	1233
288	548
288	850
288	1303
288	1398
290	314
290	502
290	1264
295	1372
297	311
297	319
297	342
297	354
297	588
297	724
297	830
297	865
297	946
297	985
297	998
297	1175
297	1183
299	393
299	533
299	657
299	904
300	376
300	751
300	1349
302	336
302	578
302	791
302	963
306	1121
309	828
310	1106
311	319
311	342
311	354
311	588
311	724
311	830
311	865
311	946
311	985
311	998
311	1149
311	1175
312	416
312	566
312	653
312	717
312	793
312	857
312	1139
312	1192
312	1207
312	1259
312	1384
313	782
313	801
313	897
313	938
313	1041
313	1162
314	540
314	843
314	949
314	1036
314	1047
319	342
319	354
319	588
319	724
319	830
319	865
319	946
319	985
319	998
319	1175
319	1183
320	340
320	381
320	552
320	562
320	653
320	666
320	727
320	737
320	857
320	900
320	917
320	926
320	972
320	1048
320	1056
320	1122
320	1139
320	1275
320	1384
320	1397
324	325
324	500
324	549
324	572
324	610
324	687
324	784
324	1064
324	1068
324	1191
324	1202
324	1334
324	1359
325	500
325	549
325	572
325	610
325	687
325	784
325	1064
325	1068
325	1191
325	1202
325	1334
325	1359
329	538
332	566
332	717
332	1207
335	345
335	356
335	399
335	457
335	470
335	480
335	550
335	609
335	698
335	748
335	790
335	877
335	893
335	954
335	989
335	1016
335	1072
335	1119
335	1236
335	1254
335	1259
335	1386
335	1393
336	578
336	791
340	381
340	562
340	666
340	737
340	1048
341	479
341	532
341	541
341	743
341	1292
341	1363
342	545
342	830
342	985
342	998
344	494
344	606
344	657
344	875
344	898
344	1425
345	356
345	470
345	480
345	496
345	505
345	550
345	609
345	618
345	698
345	748
345	790
345	877
345	893
345	954
345	989
345	1016
345	1072
345	1119
345	1236
345	1254
345	1259
345	1386
345	1393
348	1061
348	1099
348	1171
348	1324
349	475
353	879
353	1402
353	1414
354	588
354	724
354	830
354	865
354	985
354	998
354	1175
354	1183
356	364
356	384
356	399
356	457
356	470
356	480
356	505
356	550
356	609
356	612
356	618
356	698
356	748
356	790
356	793
356	877
356	893
356	989
356	1016
356	1059
356	1072
356	1119
356	1135
356	1218
356	1236
356	1254
356	1259
356	1356
356	1378
356	1382
356	1386
356	1393
363	1242
364	384
364	433
364	470
364	480
364	491
364	638
364	698
364	793
364	800
364	874
364	877
364	910
364	917
364	937
364	990
364	1016
364	1040
364	1236
364	1254
364	1290
364	1307
364	1356
364	1378
364	1382
364	1386
364	1399
368	1449
370	749
370	919
370	1020
370	1148
372	1133
372	1141
373	623
373	1033
376	751
376	1349
379	1411
381	562
381	666
381	1048
382	872
382	1109
382	1327
384	433
384	447
384	470
384	491
384	550
384	638
384	667
384	832
384	874
384	877
384	896
384	937
384	990
384	1040
384	1151
384	1236
384	1254
384	1290
384	1307
384	1356
384	1378
384	1382
384	1393
384	1399
388	1046
389	700
389	1225
393	411
393	494
393	533
393	553
393	657
393	898
393	904
393	1086
393	1145
393	1282
393	1314
393	1425
395	442
397	500
397	1359
399	457
399	470
399	480
399	505
399	550
399	609
399	618
399	698
399	748
399	790
399	793
399	877
399	893
399	954
399	989
399	1016
399	1059
399	1072
399	1119
399	1218
399	1236
399	1254
399	1259
399	1378
399	1393
400	683
403	806
403	931
403	1269
408	1038
411	422
411	553
411	657
411	740
411	904
411	1145
411	1314
413	503
413	1185
416	566
418	983
418	1072
422	657
422	740
422	1145
424	604
427	464
427	560
429	676
429	1253
430	475
430	494
430	571
430	1238
431	697
433	447
433	491
433	638
433	667
433	832
433	874
433	990
433	1040
433	1236
433	1254
433	1290
433	1307
433	1356
433	1382
433	1399
435	730
438	460
438	695
439	890
440	919
446	1036
447	877
447	1254
447	1356
447	1399
451	502
457	550
457	748
457	808
457	989
457	1072
457	1218
457	1236
462	503
462	685
462	1185
464	560
465	599
465	1019
465	1102
465	1280
468	710
470	480
470	505
470	536
470	550
470	609
470	618
470	698
470	748
470	790
470	877
470	893
470	960
470	989
470	1016
470	1059
470	1072
470	1119
470	1139
470	1236
470	1254
470	1259
470	1356
470	1386
470	1393
470	1399
472	479
472	532
473	1041
473	1299
475	571
475	703
475	910
475	1238
477	557
478	604
478	995
478	1079
478	1084
478	1394
479	532
479	541
479	743
479	1292
479	1363
480	491
480	505
480	550
480	609
480	618
480	638
480	698
480	748
480	790
480	793
480	877
480	893
480	989
480	1007
480	1016
480	1059
480	1072
480	1119
480	1139
480	1234
480	1236
480	1254
480	1259
480	1290
480	1356
480	1378
480	1386
480	1393
483	487
484	943
485	934
485	986
485	1177
485	1256
491	638
491	667
491	832
491	874
491	937
491	1040
491	1236
491	1254
491	1290
491	1307
491	1356
491	1382
491	1399
494	569
494	657
494	793
494	875
494	898
494	917
494	1056
494	1139
494	1254
494	1259
494	1315
494	1425
496	550
496	609
496	748
496	790
496	1016
496	1218
496	1254
500	549
500	572
500	610
500	687
500	784
500	1064
500	1068
500	1191
500	1202
500	1334
500	1359
501	1387
502	843
503	685
503	1185
505	550
505	609
505	612
505	618
505	698
505	748
505	790
505	877
505	954
505	989
505	1016
505	1072
505	1119
505	1218
505	1236
505	1254
505	1259
505	1356
505	1378
505	1393
505	1399
507	630
507	1166
507	1198
507	1284
507	1342
509	566
509	653
509	900
514	806
514	912
514	1270
519	968
519	1453
527	676
527	975
527	1013
527	1241
527	1253
527	1266
529	877
529	1251
532	541
532	743
532	1292
532	1363
533	657
533	904
535	1306
535	1319
536	748
536	790
536	1236
539	1156
539	1254
540	949
540	1036
540	1047
541	743
542	1362
547	1098
548	850
548	1303
549	572
549	610
549	687
549	784
549	1064
549	1068
549	1191
549	1202
549	1334
549	1359
550	609
550	612
550	618
550	698
550	748
550	790
550	793
550	877
550	893
550	954
550	960
550	989
550	1016
550	1059
550	1072
550	1119
550	1135
550	1139
550	1218
550	1236
550	1254
550	1259
550	1288
550	1356
550	1368
550	1378
550	1386
550	1393
552	562
552	653
552	676
552	737
552	793
552	900
552	917
552	926
552	927
552	972
552	1048
552	1056
552	1139
552	1253
552	1254
552	1259
552	1384
553	657
553	740
553	904
553	1086
553	1145
553	1314
561	1437
562	653
562	666
562	737
562	900
562	917
562	926
562	1048
562	1056
562	1139
562	1384
566	653
566	717
566	857
566	900
566	972
566	1048
566	1072
566	1139
566	1207
566	1259
566	1384
571	742
571	1238
572	610
572	681
572	687
572	784
572	1064
572	1068
572	1191
572	1334
572	1359
578	791
578	963
582	633
582	634
582	1214
582	1244
584	663
584	1354
585	887
588	724
588	830
588	865
588	946
588	985
588	998
588	1175
590	684
590	976
590	1304
591	1340
592	1126
593	655
594	912
599	1019
599	1102
599	1280
602	855
602	1003
604	995
604	1022
604	1032
604	1080
604	1084
606	657
606	875
606	898
607	1100
608	632
608	732
608	1453
609	618
609	698
609	748
609	790
609	877
609	893
609	954
609	989
609	1016
609	1059
609	1072
609	1119
609	1218
609	1236
609	1254
609	1259
609	1378
609	1386
609	1393
610	687
610	784
610	1064
610	1068
610	1191
610	1202
610	1334
610	1359
612	790
612	954
612	1016
612	1082
612	1218
612	1259
612	1288
618	698
618	748
618	790
618	793
618	877
618	893
618	989
618	1016
618	1059
618	1072
618	1119
618	1236
618	1254
618	1259
618	1378
618	1386
621	722
623	912
624	1318
630	1166
630	1198
630	1284
630	1342
631	1161
631	1182
632	1157
633	634
633	1214
633	1244
634	1214
634	1244
636	667
636	896
636	1151
636	1356
638	667
638	832
638	874
638	877
638	990
638	1040
638	1236
638	1254
638	1290
638	1307
638	1356
638	1378
638	1382
638	1399
639	910
639	1192
644	777
647	801
653	666
653	727
653	737
653	793
653	857
653	900
653	917
653	926
653	972
653	1048
653	1056
653	1122
653	1139
653	1259
653	1275
653	1384
657	740
657	875
657	898
657	904
657	1086
657	1145
657	1282
657	1314
657	1425
663	1354
665	1135
666	737
666	900
666	917
666	1048
666	1384
667	874
667	896
667	1040
667	1151
667	1236
667	1254
667	1290
667	1307
667	1356
667	1382
667	1399
670	794
671	1007
671	1059
671	1299
676	816
676	975
676	1013
676	1241
676	1253
676	1266
680	1413
684	912
684	976
684	1102
684	1304
685	1185
687	784
687	1064
687	1068
687	1123
687	1191
687	1202
687	1334
687	1359
690	750
691	838
691	1269
698	748
698	790
698	793
698	877
698	893
698	917
698	954
698	989
698	999
698	1016
698	1059
698	1072
698	1119
698	1139
698	1234
698	1236
698	1254
698	1259
698	1290
698	1368
698	1378
698	1393
700	1225
706	1130
712	824
712	849
712	1264
712	1431
718	1077
720	1232
724	830
724	865
724	946
724	985
724	998
724	1175
727	737
727	900
727	926
727	972
727	1048
729	1242
732	790
737	900
737	917
737	926
737	972
737	1048
737	1056
737	1139
737	1384
738	1309
740	904
740	1145
740	1314
742	1238
743	1292
743	1363
746	1001
746	1193
748	790
748	877
748	893
748	954
748	989
748	1016
748	1059
748	1072
748	1119
748	1190
748	1218
748	1236
748	1254
748	1259
748	1378
748	1386
748	1393
749	919
749	1020
749	1148
751	1349
752	855
752	1003
754	790
754	1059
754	1254
754	1259
754	1426
756	862
769	920
772	1173
772	1292
772	1320
772	1321
772	1398
772	1431
782	801
782	897
782	938
782	1041
782	1162
784	1064
784	1068
784	1123
784	1191
784	1202
784	1334
784	1359
787	1388
790	793
790	877
790	893
790	917
790	954
790	989
790	1016
790	1048
790	1059
790	1072
790	1082
790	1119
790	1139
790	1190
790	1218
790	1236
790	1254
790	1259
790	1386
790	1397
790	1453
791	963
793	877
793	910
793	917
793	960
793	1007
793	1016
793	1048
793	1056
793	1119
793	1139
793	1192
793	1234
793	1236
793	1254
793	1259
793	1351
793	1378
793	1384
793	1386
800	1240
801	897
801	938
801	989
801	1041
801	1162
801	1285
806	896
806	1033
815	1347
816	1253
822	1027
823	1156
823	1397
824	849
824	1264
824	1431
830	865
830	946
830	985
830	998
830	1175
832	877
832	916
832	937
832	1040
832	1236
832	1254
832	1290
832	1307
832	1356
832	1382
838	1269
843	1036
843	1047
849	1264
849	1292
849	1431
850	1303
855	1003
857	900
857	917
857	972
857	1048
857	1056
857	1139
857	1259
865	946
865	985
865	998
865	1175
872	1109
872	1327
874	990
874	1040
874	1254
874	1290
874	1307
874	1356
874	1382
875	898
875	904
875	1086
875	1425
877	893
877	916
877	989
877	1016
877	1059
877	1072
877	1119
877	1135
877	1139
877	1234
877	1236
877	1254
877	1259
877	1290
877	1307
877	1356
877	1378
877	1382
877	1386
877	1393
877	1399
879	1414
893	912
893	954
893	989
893	1016
893	1059
893	1072
893	1119
893	1135
893	1139
893	1236
893	1254
893	1259
893	1378
893	1386
893	1393
896	912
896	1033
896	1151
896	1356
897	938
897	1041
897	1162
898	904
898	1086
898	1425
900	917
900	926
900	972
900	1048
900	1056
900	1139
900	1275
900	1384
900	1397
900	1432
904	1086
904	1145
904	1282
904	1314
910	917
910	1100
910	1192
910	1254
912	1033
917	926
917	972
917	989
917	1048
917	1056
917	1122
917	1139
917	1259
917	1315
917	1384
919	1020
919	1148
925	1240
926	972
926	1048
926	1056
926	1122
926	1139
926	1384
928	1439
931	1126
934	1177
934	1256
937	1040
937	1236
937	1254
937	1290
937	1356
937	1382
938	989
938	1041
938	1162
942	1301
942	1357
946	985
946	998
946	1175
949	1036
949	1047
951	1085
954	989
954	1016
954	1072
954	1119
954	1139
954	1236
954	1386
954	1393
960	999
960	1072
960	1156
960	1238
960	1259
960	1393
966	1195
968	1453
972	1048
972	1139
972	1384
975	1241
975	1253
975	1266
976	1304
979	1443
985	998
985	1175
985	1183
986	1177
986	1256
989	1016
989	1041
989	1059
989	1072
989	1119
989	1139
989	1218
989	1236
989	1254
989	1259
989	1378
989	1386
989	1393
990	1017
990	1040
990	1236
990	1254
990	1290
990	1356
990	1378
990	1382
995	1022
995	1032
995	1080
995	1084
998	1149
998	1175
999	1259
1001	1193
1007	1238
1007	1254
1007	1378
1011	1179
1013	1109
1013	1241
1013	1253
1013	1266
1016	1059
1016	1072
1016	1119
1016	1135
1016	1218
1016	1234
1016	1236
1016	1254
1016	1259
1016	1356
1016	1368
1016	1378
1016	1386
1016	1393
1018	1263
1019	1102
1019	1280
1020	1148
1022	1032
1022	1084
1025	1423
1026	1092
1028	1363
1030	1033
1032	1080
1032	1084
1035	1233
1036	1047
1036	1363
1039	1181
1040	1236
1040	1254
1040	1290
1040	1307
1040	1356
1040	1382
1040	1399
1041	1299
1044	1187
1045	1229
1048	1056
1048	1122
1048	1139
1048	1259
1048	1275
1048	1384
1048	1397
1056	1122
1056	1139
1056	1211
1056	1259
1056	1384
1059	1072
1059	1119
1059	1236
1059	1254
1059	1259
1059	1368
1059	1378
1059	1393
1060	1072
1061	1099
1061	1171
1061	1324
1061	1351
1064	1068
1064	1191
1064	1334
1064	1359
1068	1191
1068	1202
1068	1359
1072	1119
1072	1139
1072	1190
1072	1218
1072	1236
1072	1254
1072	1259
1072	1378
1072	1386
1079	1084
1079	1394
1080	1084
1080	1394
1084	1394
1086	1314
1086	1316
1090	1196
1090	1209
1098	1337
1099	1171
1099	1324
1102	1280
1102	1304
1109	1327
1116	1363
1116	1389
1119	1218
1119	1234
1119	1236
1119	1254
1119	1259
1119	1368
1119	1378
1119	1386
1119	1393
1119	1426
1133	1141
1133	1389
1135	1236
1135	1254
1139	1254
1139	1259
1139	1315
1139	1351
1139	1378
1139	1384
1145	1314
1151	1254
1151	1356
1151	1399
1156	1275
1156	1397
1161	1182
1162	1285
1166	1198
1166	1284
1166	1342
1171	1324
1173	1292
1173	1320
1173	1321
1173	1398
1173	1431
1175	1183
1177	1256
1180	1445
1187	1274
1187	1294
1191	1202
1191	1334
1191	1359
1196	1209
1198	1284
1198	1342
1202	1359
1211	1384
1214	1244
1218	1236
1218	1254
1218	1259
1229	1269
1234	1236
1234	1254
1234	1290
1234	1368
1234	1378
1236	1254
1236	1259
1236	1290
1236	1356
1236	1368
1236	1378
1236	1382
1236	1386
1236	1393
1236	1399
1236	1416
1238	1308
1241	1253
1241	1266
1253	1266
1254	1259
1254	1290
1254	1307
1254	1356
1254	1368
1254	1378
1254	1382
1254	1386
1254	1393
1254	1399
1254	1453
1259	1315
1259	1351
1259	1378
1259	1384
1259	1386
1259	1393
1264	1292
1264	1431
1270	1389
1275	1397
1284	1342
1290	1307
1290	1356
1290	1382
1290	1399
1292	1320
1292	1321
1292	1398
1292	1431
1301	1357
1307	1356
1307	1378
1307	1382
1320	1321
1320	1398
1320	1431
1321	1398
1321	1431
1334	1359
1340	1385
1353	1449
1356	1378
1356	1382
1356	1393
1356	1399
1356	1426
1363	1389
1368	1393
1378	1382
1378	1386
1382	1399
1384	1432
1386	1426
1393	1399
1398	1431
608	2
632	2
815	2
1347	2
22	3
993	3
655	8
624	11
1318	11
631	13
1161	13
1182	13
787	15
1388	15
62	16
190	16
253	16
345	16
348	16
364	16
480	16
790	16
793	16
877	16
1061	16
1099	16
1254	16
1324	16
1378	16
1012	17
313	18
782	18
801	18
897	18
938	18
1041	18
1162	18
1285	18
993	22
99	24
117	24
647	24
801	24
550	27
671	27
790	27
1007	27
1259	27
1378	27
1007	28
1013	29
133	33
1323	35
65	36
197	36
393	36
411	36
422	36
553	36
657	36
740	36
904	36
1145	36
1314	36
52	37
62	37
101	37
144	37
186	37
190	37
191	37
233	37
246	37
335	37
356	37
399	37
457	37
470	37
496	37
505	37
550	37
609	37
618	37
698	37
748	37
790	37
877	37
893	37
989	37
1016	37
1072	37
1119	37
1218	37
1236	37
1254	37
1259	37
1393	37
706	38
1130	38
154	40
258	40
297	40
311	40
319	40
354	40
588	40
724	40
830	40
865	40
946	40
985	40
998	40
1175	40
1183	40
250	43
1155	43
62	46
100	46
112	46
126	46
144	46
183	46
190	46
191	46
214	46
246	46
320	46
345	46
356	46
399	46
480	46
494	46
505	46
539	46
550	46
552	46
566	46
609	46
612	46
618	46
748	46
790	46
793	46
877	46
893	46
900	46
917	46
954	46
989	46
1016	46
1048	46
1056	46
1061	46
1072	46
1139	46
1192	46
1236	46
1254	46
1259	46
1324	46
1378	46
65	47
393	47
657	47
1314	47
1063	48
93	51
113	51
177	51
240	51
324	51
325	51
500	51
549	51
572	51
610	51
687	51
784	51
1064	51
1068	51
1191	51
1202	51
1334	51
1359	51
62	52
101	52
186	52
190	52
191	52
246	52
335	52
356	52
399	52
457	52
470	52
505	52
550	52
609	52
748	52
783	52
790	52
989	52
1016	52
1072	52
1119	52
1218	52
1236	52
1254	52
1259	52
514	61
789	61
815	61
91	62
100	62
101	62
144	62
186	62
190	62
191	62
233	62
335	62
345	62
356	62
364	62
399	62
470	62
505	62
550	62
609	62
618	62
698	62
748	62
790	62
793	62
877	62
893	62
989	62
1016	62
1072	62
1119	62
1135	62
1139	62
1234	62
1236	62
1254	62
1259	62
1378	62
1386	62
1393	62
197	65
393	65
411	65
422	65
533	65
553	65
657	65
740	65
875	65
904	65
1086	65
1145	65
1282	65
1314	65
1011	66
1179	66
1089	67
657	68
875	68
898	68
1425	68
356	72
893	72
954	72
1254	72
1187	73
1274	73
1294	73
190	78
1057	78
106	79
302	79
791	79
193	82
299	82
393	82
533	82
904	82
1282	82
535	87
364	91
480	91
550	91
793	91
877	91
1016	91
1040	91
1254	91
1307	91
1378	91
1382	91
1393	91
113	93
240	93
324	93
325	93
397	93
500	93
549	93
572	93
610	93
687	93
784	93
1064	93
1068	93
1123	93
1191	93
1202	93
1334	93
1359	93
216	96
942	98
1301	98
1357	98
801	99
112	100
126	100
144	100
183	100
191	100
214	100
246	100
335	100
345	100
356	100
399	100
470	100
505	100
547	100
550	100
552	100
585	100
612	100
698	100
790	100
793	100
877	100
893	100
917	100
954	100
960	100
1007	100
1016	100
1072	100
1119	100
1139	100
1156	100
1218	100
1236	100
1254	100
1259	100
1275	100
1351	100
1397	100
144	101
186	101
190	101
191	101
345	101
356	101
399	101
457	101
470	101
496	101
505	101
550	101
609	101
618	101
748	101
790	101
989	101
1016	101
1072	101
1119	101
1236	101
1254	101
1229	104
302	106
336	106
578	106
791	106
963	106
1248	107
1201	110
149	111
314	111
451	111
502	111
843	111
1047	111
1109	111
183	112
214	112
246	112
566	112
653	112
793	112
823	112
1048	112
1056	112
1139	112
1156	112
1259	112
1384	112
1397	112
240	113
324	113
325	113
500	113
549	113
572	113
610	113
687	113
784	113
1064	113
1068	113
1191	113
1202	113
1334	113
1359	113
166	114
507	114
630	114
1166	114
1198	114
1284	114
1342	114
647	117
801	117
583	118
1377	124
249	125
446	125
1036	125
192	126
246	126
264	126
349	126
475	126
494	126
571	126
793	126
877	126
1238	126
1351	126
396	128
552	130
384	134
491	134
832	134
1356	134
1382	134
644	136
777	136
186	144
190	144
191	144
214	144
246	144
335	144
345	144
356	144
399	144
470	144
480	144
496	144
505	144
550	144
609	144
612	144
618	144
698	144
748	144
754	144
790	144
877	144
893	144
954	144
989	144
1016	144
1059	144
1072	144
1119	144
1139	144
1190	144
1236	144
1254	144
1259	144
1368	144
1393	144
314	149
540	149
949	149
1036	149
1047	149
214	150
246	150
320	150
552	150
562	150
653	150
666	150
727	150
737	150
793	150
857	150
900	150
917	150
926	150
972	150
1048	150
1056	150
1122	150
1139	150
1275	150
1384	150
1397	150
1389	151
258	154
297	154
311	154
319	154
342	154
354	154
588	154
724	154
830	154
865	154
946	154
985	154
998	154
1175	154
384	155
667	155
896	155
1151	155
1356	155
1399	155
979	160
1116	164
1363	164
1389	164
435	165
730	165
507	166
630	166
1166	166
1198	166
1284	166
590	167
684	167
976	167
1102	167
1304	167
976	168
622	173
1378	173
731	174
902	176
687	177
1191	177
913	182
246	183
399	183
539	183
547	183
793	183
823	183
1156	183
1259	183
1397	183
718	184
190	186
191	186
233	186
246	186
335	186
345	186
356	186
384	186
399	186
457	186
470	186
480	186
505	186
550	186
609	186
698	186
748	186
790	186
877	186
893	186
954	186
960	186
989	186
1016	186
1072	186
1119	186
1218	186
1236	186
1254	186
1259	186
1378	186
1386	186
1393	186
1416	186
335	189
191	190
233	190
246	190
335	190
345	190
356	190
399	190
457	190
470	190
480	190
505	190
550	190
609	190
618	190
671	190
698	190
748	190
754	190
790	190
793	190
832	190
877	190
893	190
954	190
989	190
1016	190
1059	190
1072	190
1119	190
1234	190
1236	190
1254	190
1259	190
1307	190
1356	190
1378	190
1386	190
1393	190
246	191
335	191
345	191
356	191
374	191
399	191
418	191
457	191
470	191
480	191
494	191
496	191
505	191
536	191
550	191
609	191
612	191
618	191
698	191
748	191
790	191
793	191
877	191
893	191
954	191
989	191
1016	191
1059	191
1072	191
1082	191
1119	191
1218	191
1236	191
1254	191
1259	191
1351	191
1393	191
264	192
1104	192
299	193
393	193
533	193
657	193
904	193
1025	195
1423	195
393	197
553	197
657	197
904	197
1086	197
1145	197
1314	197
768	200
353	201
582	202
633	202
634	202
1214	202
1244	202
1453	202
483	205
487	205
221	207
341	210
472	210
479	210
532	210
541	210
743	210
1292	210
1363	210
514	211
806	211
1309	211
413	212
462	212
503	212
685	212
1185	212
246	214
312	214
320	214
552	214
562	214
566	214
653	214
737	214
793	214
857	214
900	214
917	214
1048	214
1056	214
1139	214
1192	214
1211	214
1259	214
1315	214
1384	214
712	215
824	215
849	215
1264	215
1292	215
1431	215
746	217
1193	217
271	225
639	227
910	227
1100	227
335	233
345	233
356	233
364	233
399	233
505	233
550	233
618	233
698	233
748	233
790	233
793	233
877	233
954	233
989	233
1016	233
1072	233
1119	233
1234	233
1236	233
1254	233
1259	233
1378	233
1386	233
477	235
361	236
324	240
325	240
397	240
500	240
549	240
572	240
610	240
687	240
784	240
1064	240
1068	240
1191	240
1202	240
1334	240
1359	240
335	246
345	246
356	246
399	246
470	246
494	246
505	246
539	246
550	246
552	246
566	246
609	246
612	246
653	246
698	246
748	246
754	246
790	246
793	246
877	246
893	246
900	246
917	246
960	246
989	246
999	246
1016	246
1048	246
1056	246
1059	246
1072	246
1082	246
1119	246
1139	246
1156	246
1192	246
1218	246
1236	246
1254	246
1259	246
1275	246
1315	246
1351	246
1378	246
1384	246
1386	246
1393	246
1397	246
1453	246
1155	250
1061	253
1099	253
1259	253
1018	257
1263	257
297	258
311	258
319	258
342	258
354	258
588	258
724	258
830	258
865	258
946	258
985	258
998	258
1175	258
1104	264
575	268
772	270
1173	270
1292	270
1320	270
1321	270
1398	270
1431	270
748	277
1035	280
1233	280
548	288
850	288
1303	288
1398	288
314	290
502	290
1264	290
1372	295
311	297
319	297
342	297
354	297
588	297
724	297
830	297
865	297
946	297
985	297
998	297
1175	297
1183	297
393	299
533	299
657	299
904	299
376	300
751	300
1349	300
336	302
578	302
791	302
963	302
1121	306
828	309
1106	310
319	311
342	311
354	311
588	311
724	311
830	311
865	311
946	311
985	311
998	311
1149	311
1175	311
416	312
566	312
653	312
717	312
793	312
857	312
1139	312
1192	312
1207	312
1259	312
1384	312
782	313
801	313
897	313
938	313
1041	313
1162	313
540	314
843	314
949	314
1036	314
1047	314
342	319
354	319
588	319
724	319
830	319
865	319
946	319
985	319
998	319
1175	319
1183	319
340	320
381	320
552	320
562	320
653	320
666	320
727	320
737	320
857	320
900	320
917	320
926	320
972	320
1048	320
1056	320
1122	320
1139	320
1275	320
1384	320
1397	320
325	324
500	324
549	324
572	324
610	324
687	324
784	324
1064	324
1068	324
1191	324
1202	324
1334	324
1359	324
500	325
549	325
572	325
610	325
687	325
784	325
1064	325
1068	325
1191	325
1202	325
1334	325
1359	325
538	329
566	332
717	332
1207	332
345	335
356	335
399	335
457	335
470	335
480	335
550	335
609	335
698	335
748	335
790	335
877	335
893	335
954	335
989	335
1016	335
1072	335
1119	335
1236	335
1254	335
1259	335
1386	335
1393	335
578	336
791	336
381	340
562	340
666	340
737	340
1048	340
479	341
532	341
541	341
743	341
1292	341
1363	341
545	342
830	342
985	342
998	342
494	344
606	344
657	344
875	344
898	344
1425	344
356	345
470	345
480	345
496	345
505	345
550	345
609	345
618	345
698	345
748	345
790	345
877	345
893	345
954	345
989	345
1016	345
1072	345
1119	345
1236	345
1254	345
1259	345
1386	345
1393	345
1061	348
1099	348
1171	348
1324	348
475	349
879	353
1402	353
1414	353
588	354
724	354
830	354
865	354
985	354
998	354
1175	354
1183	354
364	356
384	356
399	356
457	356
470	356
480	356
505	356
550	356
609	356
612	356
618	356
698	356
748	356
790	356
793	356
877	356
893	356
989	356
1016	356
1059	356
1072	356
1119	356
1135	356
1218	356
1236	356
1254	356
1259	356
1356	356
1378	356
1382	356
1386	356
1393	356
1242	363
384	364
433	364
470	364
480	364
491	364
638	364
698	364
793	364
800	364
874	364
877	364
910	364
917	364
937	364
990	364
1016	364
1040	364
1236	364
1254	364
1290	364
1307	364
1356	364
1378	364
1382	364
1386	364
1399	364
1449	368
749	370
919	370
1020	370
1148	370
1133	372
1141	372
623	373
1033	373
751	376
1349	376
1411	379
562	381
666	381
1048	381
872	382
1109	382
1327	382
433	384
447	384
470	384
491	384
550	384
638	384
667	384
832	384
874	384
877	384
896	384
937	384
990	384
1040	384
1151	384
1236	384
1254	384
1290	384
1307	384
1356	384
1378	384
1382	384
1393	384
1399	384
1046	388
700	389
1225	389
411	393
494	393
533	393
553	393
657	393
898	393
904	393
1086	393
1145	393
1282	393
1314	393
1425	393
442	395
500	397
1359	397
457	399
470	399
480	399
505	399
550	399
609	399
618	399
698	399
748	399
790	399
793	399
877	399
893	399
954	399
989	399
1016	399
1059	399
1072	399
1119	399
1218	399
1236	399
1254	399
1259	399
1378	399
1393	399
683	400
806	403
931	403
1269	403
1038	408
422	411
553	411
657	411
740	411
904	411
1145	411
1314	411
503	413
1185	413
566	416
983	418
1072	418
657	422
740	422
1145	422
604	424
464	427
560	427
676	429
1253	429
475	430
494	430
571	430
1238	430
697	431
447	433
491	433
638	433
667	433
832	433
874	433
990	433
1040	433
1236	433
1254	433
1290	433
1307	433
1356	433
1382	433
1399	433
730	435
460	438
695	438
890	439
919	440
1036	446
877	447
1254	447
1356	447
1399	447
502	451
550	457
748	457
808	457
989	457
1072	457
1218	457
1236	457
503	462
685	462
1185	462
560	464
599	465
1019	465
1102	465
1280	465
710	468
480	470
505	470
536	470
550	470
609	470
618	470
698	470
748	470
790	470
877	470
893	470
960	470
989	470
1016	470
1059	470
1072	470
1119	470
1139	470
1236	470
1254	470
1259	470
1356	470
1386	470
1393	470
1399	470
479	472
532	472
1041	473
1299	473
571	475
703	475
910	475
1238	475
557	477
604	478
995	478
1079	478
1084	478
1394	478
532	479
541	479
743	479
1292	479
1363	479
491	480
505	480
550	480
609	480
618	480
638	480
698	480
748	480
790	480
793	480
877	480
893	480
989	480
1007	480
1016	480
1059	480
1072	480
1119	480
1139	480
1234	480
1236	480
1254	480
1259	480
1290	480
1356	480
1378	480
1386	480
1393	480
487	483
943	484
934	485
986	485
1177	485
1256	485
638	491
667	491
832	491
874	491
937	491
1040	491
1236	491
1254	491
1290	491
1307	491
1356	491
1382	491
1399	491
569	494
657	494
793	494
875	494
898	494
917	494
1056	494
1139	494
1254	494
1259	494
1315	494
1425	494
550	496
609	496
748	496
790	496
1016	496
1218	496
1254	496
549	500
572	500
610	500
687	500
784	500
1064	500
1068	500
1191	500
1202	500
1334	500
1359	500
1387	501
843	502
685	503
1185	503
550	505
609	505
612	505
618	505
698	505
748	505
790	505
877	505
954	505
989	505
1016	505
1072	505
1119	505
1218	505
1236	505
1254	505
1259	505
1356	505
1378	505
1393	505
1399	505
630	507
1166	507
1198	507
1284	507
1342	507
566	509
653	509
900	509
806	514
912	514
1270	514
968	519
1453	519
676	527
975	527
1013	527
1241	527
1253	527
1266	527
877	529
1251	529
541	532
743	532
1292	532
1363	532
657	533
904	533
1306	535
1319	535
748	536
790	536
1236	536
1156	539
1254	539
949	540
1036	540
1047	540
743	541
1362	542
1098	547
850	548
1303	548
572	549
610	549
687	549
784	549
1064	549
1068	549
1191	549
1202	549
1334	549
1359	549
609	550
612	550
618	550
698	550
748	550
790	550
793	550
877	550
893	550
954	550
960	550
989	550
1016	550
1059	550
1072	550
1119	550
1135	550
1139	550
1218	550
1236	550
1254	550
1259	550
1288	550
1356	550
1368	550
1378	550
1386	550
1393	550
562	552
653	552
676	552
737	552
793	552
900	552
917	552
926	552
927	552
972	552
1048	552
1056	552
1139	552
1253	552
1254	552
1259	552
1384	552
657	553
740	553
904	553
1086	553
1145	553
1314	553
1437	561
653	562
666	562
737	562
900	562
917	562
926	562
1048	562
1056	562
1139	562
1384	562
653	566
717	566
857	566
900	566
972	566
1048	566
1072	566
1139	566
1207	566
1259	566
1384	566
742	571
1238	571
610	572
681	572
687	572
784	572
1064	572
1068	572
1191	572
1334	572
1359	572
791	578
963	578
633	582
634	582
1214	582
1244	582
663	584
1354	584
887	585
724	588
830	588
865	588
946	588
985	588
998	588
1175	588
684	590
976	590
1304	590
1340	591
1126	592
655	593
912	594
1019	599
1102	599
1280	599
855	602
1003	602
995	604
1022	604
1032	604
1080	604
1084	604
657	606
875	606
898	606
1100	607
632	608
732	608
1453	608
618	609
698	609
748	609
790	609
877	609
893	609
954	609
989	609
1016	609
1059	609
1072	609
1119	609
1218	609
1236	609
1254	609
1259	609
1378	609
1386	609
1393	609
687	610
784	610
1064	610
1068	610
1191	610
1202	610
1334	610
1359	610
790	612
954	612
1016	612
1082	612
1218	612
1259	612
1288	612
698	618
748	618
790	618
793	618
877	618
893	618
989	618
1016	618
1059	618
1072	618
1119	618
1236	618
1254	618
1259	618
1378	618
1386	618
722	621
912	623
1318	624
1166	630
1198	630
1284	630
1342	630
1161	631
1182	631
1157	632
634	633
1214	633
1244	633
1214	634
1244	634
667	636
896	636
1151	636
1356	636
667	638
832	638
874	638
877	638
990	638
1040	638
1236	638
1254	638
1290	638
1307	638
1356	638
1378	638
1382	638
1399	638
910	639
1192	639
777	644
801	647
666	653
727	653
737	653
793	653
857	653
900	653
917	653
926	653
972	653
1048	653
1056	653
1122	653
1139	653
1259	653
1275	653
1384	653
740	657
875	657
898	657
904	657
1086	657
1145	657
1282	657
1314	657
1425	657
1354	663
1135	665
737	666
900	666
917	666
1048	666
1384	666
874	667
896	667
1040	667
1151	667
1236	667
1254	667
1290	667
1307	667
1356	667
1382	667
1399	667
794	670
1007	671
1059	671
1299	671
816	676
975	676
1013	676
1241	676
1253	676
1266	676
1413	680
912	684
976	684
1102	684
1304	684
1185	685
784	687
1064	687
1068	687
1123	687
1191	687
1202	687
1334	687
1359	687
750	690
838	691
1269	691
748	698
790	698
793	698
877	698
893	698
917	698
954	698
989	698
999	698
1016	698
1059	698
1072	698
1119	698
1139	698
1234	698
1236	698
1254	698
1259	698
1290	698
1368	698
1378	698
1393	698
1225	700
1130	706
824	712
849	712
1264	712
1431	712
1077	718
1232	720
830	724
865	724
946	724
985	724
998	724
1175	724
737	727
900	727
926	727
972	727
1048	727
1242	729
790	732
900	737
917	737
926	737
972	737
1048	737
1056	737
1139	737
1384	737
1309	738
904	740
1145	740
1314	740
1238	742
1292	743
1363	743
1001	746
1193	746
790	748
877	748
893	748
954	748
989	748
1016	748
1059	748
1072	748
1119	748
1190	748
1218	748
1236	748
1254	748
1259	748
1378	748
1386	748
1393	748
919	749
1020	749
1148	749
1349	751
855	752
1003	752
790	754
1059	754
1254	754
1259	754
1426	754
862	756
920	769
1173	772
1292	772
1320	772
1321	772
1398	772
1431	772
801	782
897	782
938	782
1041	782
1162	782
1064	784
1068	784
1123	784
1191	784
1202	784
1334	784
1359	784
1388	787
793	790
877	790
893	790
917	790
954	790
989	790
1016	790
1048	790
1059	790
1072	790
1082	790
1119	790
1139	790
1190	790
1218	790
1236	790
1254	790
1259	790
1386	790
1397	790
1453	790
963	791
877	793
910	793
917	793
960	793
1007	793
1016	793
1048	793
1056	793
1119	793
1139	793
1192	793
1234	793
1236	793
1254	793
1259	793
1351	793
1378	793
1384	793
1386	793
1240	800
897	801
938	801
989	801
1041	801
1162	801
1285	801
896	806
1033	806
1347	815
1253	816
1027	822
1156	823
1397	823
849	824
1264	824
1431	824
865	830
946	830
985	830
998	830
1175	830
877	832
916	832
937	832
1040	832
1236	832
1254	832
1290	832
1307	832
1356	832
1382	832
1269	838
1036	843
1047	843
1264	849
1292	849
1431	849
1303	850
1003	855
900	857
917	857
972	857
1048	857
1056	857
1139	857
1259	857
946	865
985	865
998	865
1175	865
1109	872
1327	872
990	874
1040	874
1254	874
1290	874
1307	874
1356	874
1382	874
898	875
904	875
1086	875
1425	875
893	877
916	877
989	877
1016	877
1059	877
1072	877
1119	877
1135	877
1139	877
1234	877
1236	877
1254	877
1259	877
1290	877
1307	877
1356	877
1378	877
1382	877
1386	877
1393	877
1399	877
1414	879
912	893
954	893
989	893
1016	893
1059	893
1072	893
1119	893
1135	893
1139	893
1236	893
1254	893
1259	893
1378	893
1386	893
1393	893
912	896
1033	896
1151	896
1356	896
938	897
1041	897
1162	897
904	898
1086	898
1425	898
917	900
926	900
972	900
1048	900
1056	900
1139	900
1275	900
1384	900
1397	900
1432	900
1086	904
1145	904
1282	904
1314	904
917	910
1100	910
1192	910
1254	910
1033	912
926	917
972	917
989	917
1048	917
1056	917
1122	917
1139	917
1259	917
1315	917
1384	917
1020	919
1148	919
1240	925
972	926
1048	926
1056	926
1122	926
1139	926
1384	926
1439	928
1126	931
1177	934
1256	934
1040	937
1236	937
1254	937
1290	937
1356	937
1382	937
989	938
1041	938
1162	938
1301	942
1357	942
985	946
998	946
1175	946
1036	949
1047	949
1085	951
989	954
1016	954
1072	954
1119	954
1139	954
1236	954
1386	954
1393	954
999	960
1072	960
1156	960
1238	960
1259	960
1393	960
1195	966
1453	968
1048	972
1139	972
1384	972
1241	975
1253	975
1266	975
1304	976
1443	979
998	985
1175	985
1183	985
1177	986
1256	986
1016	989
1041	989
1059	989
1072	989
1119	989
1139	989
1218	989
1236	989
1254	989
1259	989
1378	989
1386	989
1393	989
1017	990
1040	990
1236	990
1254	990
1290	990
1356	990
1378	990
1382	990
1022	995
1032	995
1080	995
1084	995
1149	998
1175	998
1259	999
1193	1001
1238	1007
1254	1007
1378	1007
1179	1011
1109	1013
1241	1013
1253	1013
1266	1013
1059	1016
1072	1016
1119	1016
1135	1016
1218	1016
1234	1016
1236	1016
1254	1016
1259	1016
1356	1016
1368	1016
1378	1016
1386	1016
1393	1016
1263	1018
1102	1019
1280	1019
1148	1020
1032	1022
1084	1022
1423	1025
1092	1026
1363	1028
1033	1030
1080	1032
1084	1032
1233	1035
1047	1036
1363	1036
1181	1039
1236	1040
1254	1040
1290	1040
1307	1040
1356	1040
1382	1040
1399	1040
1299	1041
1187	1044
1229	1045
1056	1048
1122	1048
1139	1048
1259	1048
1275	1048
1384	1048
1397	1048
1122	1056
1139	1056
1211	1056
1259	1056
1384	1056
1072	1059
1119	1059
1236	1059
1254	1059
1259	1059
1368	1059
1378	1059
1393	1059
1072	1060
1099	1061
1171	1061
1324	1061
1351	1061
1068	1064
1191	1064
1334	1064
1359	1064
1191	1068
1202	1068
1359	1068
1119	1072
1139	1072
1190	1072
1218	1072
1236	1072
1254	1072
1259	1072
1378	1072
1386	1072
1084	1079
1394	1079
1084	1080
1394	1080
1394	1084
1314	1086
1316	1086
1196	1090
1209	1090
1337	1098
1171	1099
1324	1099
1280	1102
1304	1102
1327	1109
1363	1116
1389	1116
1218	1119
1234	1119
1236	1119
1254	1119
1259	1119
1368	1119
1378	1119
1386	1119
1393	1119
1426	1119
1141	1133
1389	1133
1236	1135
1254	1135
1254	1139
1259	1139
1315	1139
1351	1139
1378	1139
1384	1139
1314	1145
1254	1151
1356	1151
1399	1151
1275	1156
1397	1156
1182	1161
1285	1162
1198	1166
1284	1166
1342	1166
1324	1171
1292	1173
1320	1173
1321	1173
1398	1173
1431	1173
1183	1175
1256	1177
1445	1180
1274	1187
1294	1187
1202	1191
1334	1191
1359	1191
1209	1196
1284	1198
1342	1198
1359	1202
1384	1211
1244	1214
1236	1218
1254	1218
1259	1218
1269	1229
1236	1234
1254	1234
1290	1234
1368	1234
1378	1234
1254	1236
1259	1236
1290	1236
1356	1236
1368	1236
1378	1236
1382	1236
1386	1236
1393	1236
1399	1236
1416	1236
1308	1238
1253	1241
1266	1241
1266	1253
1259	1254
1290	1254
1307	1254
1356	1254
1368	1254
1378	1254
1382	1254
1386	1254
1393	1254
1399	1254
1453	1254
1315	1259
1351	1259
1378	1259
1384	1259
1386	1259
1393	1259
1292	1264
1431	1264
1389	1270
1397	1275
1342	1284
1307	1290
1356	1290
1382	1290
1399	1290
1320	1292
1321	1292
1398	1292
1431	1292
1357	1301
1356	1307
1378	1307
1382	1307
1321	1320
1398	1320
1431	1320
1398	1321
1431	1321
1359	1334
1385	1340
1449	1353
1378	1356
1382	1356
1393	1356
1399	1356
1426	1356
1389	1363
1393	1368
1382	1378
1386	1378
1399	1382
1432	1384
1426	1386
1399	1393
1431	1398
