1	1052
1	1464
2	682
4	307
4	1232
4	1515
5	205
5	1183
5	1227
6	1113
6	1185
13	104
13	681
13	1262
14	444
16	66
16	186
16	208
16	275
16	376
16	496
16	856
16	952
16	994
16	1150
16	1194
16	1250
16	1502
16	1535
17	1099
20	1390
22	1081
25	707
25	808
25	1336
27	1067
27	1097
27	1502
30	62
30	122
30	929
30	1130
31	50
31	67
31	109
31	149
31	166
31	186
31	247
31	346
31	435
31	597
31	608
31	796
31	819
31	930
31	944
31	979
31	993
31	1005
31	1044
31	1136
31	1145
31	1238
31	1313
31	1387
31	1453
31	1463
31	1564
36	1441
37	174
37	215
37	390
37	427
37	446
37	458
37	468
37	552
37	598
37	799
37	902
37	1017
37	1184
37	1244
37	1431
37	1551
39	760
40	1325
44	272
44	1080
44	1255
50	66
50	67
50	109
50	139
50	145
50	149
50	186
50	200
50	208
50	346
50	376
50	388
50	433
50	496
50	534
50	584
50	597
50	661
50	667
50	810
50	819
50	856
50	903
50	944
50	952
50	969
50	979
50	993
50	1021
50	1074
50	1097
50	1136
50	1141
50	1145
50	1150
50	1162
50	1238
50	1250
50	1453
50	1477
50	1502
51	427
51	468
51	902
51	1017
51	1431
55	194
55	259
55	260
55	301
55	351
55	540
55	634
55	659
55	740
55	847
55	898
55	1158
55	1241
55	1292
55	1454
55	1481
56	66
56	110
56	208
56	364
56	388
56	433
56	496
56	506
56	510
56	604
56	810
56	846
56	903
56	1021
56	1074
56	1097
56	1162
56	1217
56	1321
57	111
57	183
57	424
57	509
57	538
57	547
57	601
57	680
57	967
57	1398
57	1462
58	495
58	1016
62	415
62	946
65	240
65	556
66	67
66	98
66	109
66	110
66	208
66	252
66	364
66	376
66	388
66	433
66	496
66	510
66	667
66	751
66	810
66	856
66	903
66	952
66	969
66	1021
66	1074
66	1097
66	1162
66	1217
66	1238
66	1250
66	1453
66	1477
66	1502
67	109
67	139
67	149
67	186
67	200
67	252
67	360
67	376
67	388
67	425
67	433
67	496
67	510
67	597
67	667
67	751
67	810
67	856
67	903
67	952
67	969
67	1021
67	1044
67	1074
67	1097
67	1162
67	1217
67	1238
67	1250
67	1453
67	1477
67	1502
73	1216
76	388
76	496
76	969
77	837
77	1288
81	565
81	733
81	793
81	1541
82	161
82	555
82	926
82	1040
83	208
83	564
83	724
83	742
88	164
88	170
88	321
88	372
88	703
88	783
88	899
88	1072
88	1086
88	1121
88	1161
88	1276
90	269
93	1482
94	888
96	808
98	186
98	679
98	856
98	952
98	1199
98	1214
98	1423
98	1463
98	1502
101	215
101	390
101	427
101	598
101	1431
103	970
103	1522
104	681
104	1262
109	139
109	145
109	186
109	200
109	364
109	376
109	388
109	433
109	510
109	552
109	597
109	661
109	751
109	819
109	856
109	903
109	952
109	969
109	993
109	1044
109	1074
109	1097
109	1141
109	1162
109	1217
109	1238
109	1250
109	1256
109	1321
109	1387
109	1453
109	1477
110	208
110	376
110	388
110	433
110	496
110	506
110	510
110	667
110	810
110	903
110	1021
110	1074
110	1162
110	1217
110	1250
111	183
111	424
111	509
111	538
111	547
111	601
111	680
111	967
111	1398
111	1462
114	138
114	288
114	296
114	368
114	383
114	646
114	965
114	1119
114	1170
114	1172
114	1176
121	732
121	835
121	1045
121	1303
122	307
122	340
122	498
122	542
122	749
122	918
122	1041
122	1130
122	1315
122	1430
128	387
128	697
128	864
134	164
134	321
134	1072
134	1121
134	1161
134	1276
135	1501
136	270
136	485
136	809
136	1124
136	1301
136	1455
136	1532
138	288
138	296
138	368
138	383
138	646
138	965
138	1170
138	1176
139	145
139	186
139	210
139	286
139	381
139	515
139	534
139	552
139	856
139	952
139	1067
139	1096
139	1277
144	1043
145	186
145	515
145	534
145	552
145	856
147	157
148	417
148	901
148	1199
148	1214
148	1233
149	186
149	247
149	435
149	819
149	856
149	944
149	993
149	1145
149	1238
150	249
150	694
150	1028
153	877
153	1334
154	184
154	279
154	379
154	1061
155	1539
161	555
161	926
164	170
164	321
164	703
164	783
164	899
164	1027
164	1072
164	1086
164	1121
164	1161
164	1276
166	186
166	346
166	435
166	597
166	608
166	796
166	819
166	856
166	930
166	944
166	979
166	993
166	1005
166	1136
166	1145
166	1220
166	1238
166	1387
166	1564
167	1515
168	246
168	1093
168	1167
168	1554
170	321
170	372
170	783
170	899
170	1027
170	1072
170	1086
170	1121
170	1161
170	1276
172	454
172	957
173	441
174	390
174	446
174	458
174	468
174	552
174	598
174	799
174	902
174	1017
174	1184
174	1244
174	1431
174	1551
178	1336
182	473
182	789
183	424
183	509
183	538
183	547
183	601
183	680
183	967
183	1398
184	358
184	379
184	423
184	490
184	638
184	666
184	1061
184	1420
184	1559
186	208
186	346
186	435
186	510
186	534
186	597
186	608
186	751
186	774
186	796
186	819
186	856
186	930
186	944
186	952
186	969
186	979
186	993
186	1005
186	1097
186	1136
186	1145
186	1194
186	1214
186	1217
186	1238
186	1405
186	1453
186	1502
186	1564
193	981
194	301
194	740
194	1292
195	499
195	794
198	1245
200	433
200	584
200	856
200	1256
200	1453
205	1183
205	1227
206	1052
206	1464
207	364
208	252
208	364
208	376
208	388
208	413
208	433
208	496
208	506
208	510
208	667
208	751
208	810
208	856
208	901
208	903
208	952
208	969
208	1021
208	1074
208	1097
208	1162
208	1217
208	1233
208	1250
208	1423
208	1477
208	1502
210	286
210	1096
210	1200
212	865
213	886
213	1552
215	390
215	427
215	468
215	598
215	902
215	1017
215	1093
215	1178
215	1184
215	1187
215	1244
215	1431
215	1551
216	400
220	332
220	615
220	630
220	1253
220	1265
220	1316
220	1351
222	371
222	575
222	627
222	1407
222	1410
222	1583
229	556
229	752
230	322
230	448
230	738
230	1451
233	261
233	768
233	893
233	1246
233	1298
233	1407
233	1410
233	1560
233	1583
233	1586
235	808
237	1548
240	411
240	827
240	881
240	1436
240	1534
242	1000
246	468
246	534
246	902
246	1093
246	1167
246	1187
246	1554
248	735
248	1339
249	694
249	1028
252	364
252	376
252	388
252	433
252	496
252	667
252	751
252	810
252	856
252	903
252	952
252	1074
252	1097
252	1162
252	1214
252	1217
252	1250
252	1477
252	1502
253	788
254	517
254	873
254	927
255	1062
259	260
259	301
259	351
259	540
259	659
259	740
259	847
259	898
259	1158
259	1241
259	1292
259	1481
260	301
260	351
260	431
260	540
260	634
260	659
260	740
260	847
260	898
260	1158
260	1241
260	1292
260	1454
260	1481
261	768
261	893
261	1246
261	1298
261	1410
261	1586
264	573
266	1189
270	809
272	1080
272	1255
274	417
274	471
274	679
274	860
274	1199
274	1214
274	1405
274	1423
275	994
275	1150
275	1194
275	1535
276	1336
279	373
279	389
279	932
279	1105
281	866
281	972
281	978
281	1248
281	1414
283	642
283	884
283	991
283	1157
286	1096
286	1200
286	1277
288	296
288	368
288	383
288	460
288	646
288	965
288	1119
288	1172
288	1176
289	476
290	622
296	368
296	383
296	646
296	965
296	1119
296	1170
296	1172
296	1176
297	1037
298	1225
300	810
301	351
301	540
301	634
301	659
301	740
301	847
301	898
301	1158
301	1222
301	1241
301	1292
301	1454
301	1481
307	440
307	964
307	1054
307	1130
307	1232
307	1260
307	1430
307	1515
308	339
308	454
308	614
308	864
308	916
308	974
308	1263
308	1399
308	1558
312	425
312	1419
313	556
320	427
320	731
320	861
320	1017
320	1025
320	1092
320	1093
321	372
321	703
321	783
321	899
321	1027
321	1072
321	1086
321	1121
321	1161
321	1276
322	448
322	738
322	1451
327	343
327	365
327	1029
331	1219
332	615
332	630
332	1253
332	1265
332	1316
332	1351
339	454
339	614
339	864
339	916
339	974
339	1129
339	1263
339	1558
340	498
340	585
340	749
340	918
340	1041
340	1118
340	1124
340	1532
342	954
342	1542
343	365
343	1029
343	1536
346	414
346	435
346	597
346	608
346	796
346	819
346	930
346	944
346	979
346	993
346	1005
346	1136
346	1145
346	1220
346	1238
346	1387
346	1564
347	495
351	540
351	634
351	659
351	740
351	847
351	898
351	1158
351	1241
351	1292
351	1454
351	1481
358	379
358	423
358	490
358	1061
358	1420
358	1559
360	774
361	1171
364	376
364	388
364	433
364	496
364	510
364	751
364	810
364	903
364	952
364	969
364	1021
364	1074
364	1097
364	1162
364	1217
365	1029
368	383
368	646
368	965
368	1170
368	1176
371	575
371	586
371	627
371	1080
371	1407
371	1410
371	1583
372	899
372	1072
372	1086
372	1121
373	389
373	620
373	932
373	1105
376	388
376	496
376	510
376	667
376	751
376	810
376	903
376	952
376	969
376	985
376	1074
376	1097
376	1162
376	1217
376	1250
377	426
379	423
379	490
379	638
379	666
379	1061
379	1420
379	1559
381	515
383	547
383	646
383	680
383	965
383	1170
383	1176
385	954
385	1529
385	1542
387	697
387	864
388	417
388	433
388	496
388	506
388	510
388	661
388	667
388	751
388	810
388	856
388	903
388	952
388	969
388	985
388	1021
388	1038
388	1055
388	1074
388	1097
388	1162
388	1214
388	1217
388	1233
388	1250
388	1321
388	1477
388	1502
389	620
389	932
389	1105
390	427
390	446
390	458
390	468
390	598
390	799
390	902
390	1017
390	1093
390	1178
390	1187
390	1244
390	1395
390	1431
390	1551
398	991
400	745
400	1581
402	998
402	1107
402	1247
403	1568
405	690
405	1232
411	881
411	1436
411	1534
413	510
413	856
413	1097
414	608
414	1136
415	946
415	1324
415	1446
417	450
417	471
417	486
417	510
417	644
417	679
417	719
417	860
417	901
417	952
417	953
417	1018
417	1031
417	1055
417	1199
417	1214
417	1233
417	1251
417	1308
417	1405
417	1423
417	1463
417	1502
423	490
423	638
423	666
423	1061
423	1420
423	1559
424	509
424	538
424	547
424	601
424	680
424	967
424	1398
424	1462
425	1003
425	1150
425	1194
425	1419
425	1535
427	446
427	468
427	534
427	598
427	731
427	861
427	902
427	1017
427	1025
427	1092
427	1093
427	1178
427	1187
427	1244
427	1395
427	1431
427	1551
427	1554
429	480
431	540
431	1481
432	758
432	859
433	496
433	506
433	510
433	604
433	667
433	751
433	810
433	856
433	903
433	952
433	969
433	985
433	1021
433	1074
433	1097
433	1162
433	1217
433	1250
433	1321
433	1477
433	1502
435	597
435	608
435	796
435	819
435	930
435	944
435	979
435	993
435	1005
435	1136
435	1145
435	1238
435	1564
437	1381
440	964
440	1515
441	472
441	501
441	1393
441	1556
442	808
443	782
444	556
444	1040
444	1074
444	1253
444	1575
446	458
446	468
446	552
446	598
446	799
446	902
446	1017
446	1244
446	1431
446	1551
449	1379
449	1383
450	644
450	719
450	860
450	1031
450	1199
450	1233
450	1308
454	614
454	864
454	916
454	957
454	974
454	1263
454	1266
454	1558
458	552
458	799
458	902
458	1244
462	1306
465	1365
466	515
466	534
468	534
468	598
468	799
468	902
468	1017
468	1092
468	1093
468	1167
468	1178
468	1187
468	1244
468	1395
468	1431
468	1551
468	1554
471	486
471	679
471	719
471	860
471	901
471	953
471	1199
471	1214
471	1233
471	1405
471	1423
472	501
472	900
472	1556
473	789
476	500
477	966
481	662
484	556
485	809
485	1124
485	1301
485	1455
485	1532
486	679
486	952
486	953
486	1199
486	1214
487	605
487	777
490	638
490	666
490	1061
490	1420
490	1559
495	1016
496	506
496	510
496	667
496	751
496	810
496	856
496	903
496	952
496	969
496	985
496	1021
496	1038
496	1044
496	1074
496	1097
496	1162
496	1217
496	1250
496	1291
496	1321
496	1477
496	1502
498	542
498	585
498	749
498	918
498	1041
498	1118
498	1124
498	1130
498	1298
498	1430
498	1532
501	1393
501	1556
504	1101
504	1208
504	1557
506	810
506	1021
506	1097
506	1162
506	1291
506	1321
509	538
509	547
509	601
509	680
509	967
509	1398
509	1462
510	667
510	679
510	751
510	810
510	903
510	952
510	969
510	985
510	1021
510	1031
510	1044
510	1074
510	1097
510	1162
510	1199
510	1217
510	1233
510	1238
515	552
517	873
517	927
523	868
529	651
534	552
534	616
534	856
534	902
534	1145
534	1238
534	1264
534	1554
538	547
538	680
538	967
538	1398
538	1462
540	634
540	659
540	740
540	847
540	858
540	898
540	1158
540	1241
540	1292
540	1454
540	1481
542	749
542	784
542	1430
544	909
544	1073
544	1368
547	601
547	680
547	967
547	1398
547	1462
549	865
552	584
552	596
552	799
552	856
552	867
552	1236
552	1244
555	926
556	884
556	991
562	1053
564	724
564	742
565	733
565	793
570	1060
570	1365
570	1378
575	586
575	627
575	1080
575	1407
575	1410
575	1583
584	1256
585	749
585	918
585	1041
585	1118
585	1124
585	1532
586	627
586	1080
586	1583
587	1484
596	891
597	608
597	796
597	819
597	856
597	979
597	993
597	1005
597	1006
597	1136
597	1145
597	1238
597	1365
597	1453
598	799
598	902
598	1017
598	1092
598	1093
598	1178
598	1187
598	1244
598	1431
598	1551
601	680
601	967
601	1398
601	1462
604	810
604	1021
604	1074
604	1162
604	1321
605	777
608	796
608	819
608	944
608	979
608	993
608	1005
608	1136
608	1145
608	1238
608	1453
609	1123
610	637
610	813
614	667
614	864
614	916
614	974
614	1129
614	1263
614	1399
614	1558
615	630
615	1253
615	1265
615	1316
615	1351
620	932
620	1105
627	1080
627	1407
627	1410
627	1583
630	1253
630	1265
630	1316
630	1351
634	659
634	740
634	847
634	858
634	898
634	1158
634	1241
634	1292
634	1481
635	841
635	991
637	813
637	1037
638	666
638	1061
638	1420
638	1559
640	1225
642	991
642	1166
644	719
644	860
644	929
644	1199
644	1233
644	1251
644	1308
646	965
646	1170
646	1172
646	1176
659	740
659	847
659	898
659	1158
659	1241
659	1292
659	1454
659	1481
661	903
661	1250
661	1321
662	889
662	988
666	1061
666	1420
666	1559
667	751
667	810
667	856
667	903
667	916
667	952
667	969
667	1074
667	1097
667	1162
667	1217
667	1250
667	1427
667	1477
667	1502
670	1380
674	986
679	719
679	860
679	901
679	952
679	953
679	1018
679	1199
679	1214
679	1233
679	1251
679	1405
679	1423
679	1453
679	1463
680	967
680	1398
680	1462
681	1262
686	719
686	860
686	1251
686	1308
690	1232
694	1028
696	1570
697	864
699	1269
701	1407
701	1410
701	1437
701	1583
703	1072
703	1161
703	1276
715	1049
715	1480
717	1461
719	860
719	953
719	1199
719	1214
719	1233
719	1251
719	1308
719	1405
719	1423
724	742
728	758
728	859
731	861
731	1017
731	1025
731	1092
731	1093
731	1543
732	835
732	1045
732	1303
733	1541
735	1339
738	1451
740	847
740	898
740	1158
740	1222
740	1241
740	1292
740	1454
740	1481
744	907
744	1381
745	1581
747	777
747	782
749	918
749	1041
749	1118
749	1124
749	1430
749	1532
751	810
751	856
751	903
751	952
751	969
751	1074
751	1087
751	1097
751	1162
751	1217
751	1238
751	1250
751	1405
751	1502
752	797
752	1258
754	1329
758	859
768	893
768	1246
768	1298
768	1410
768	1560
768	1583
768	1586
769	1501
773	1577
777	782
783	899
783	1027
783	1072
783	1086
783	1121
783	1161
783	1276
784	1430
785	1165
787	1089
794	1026
794	1421
796	819
796	944
796	979
796	993
796	1005
796	1136
796	1145
796	1238
796	1453
796	1564
799	902
799	1017
799	1244
799	1431
799	1551
800	1215
801	1157
804	834
804	1274
804	1407
804	1437
804	1438
804	1560
804	1583
807	1503
808	1040
809	1124
809	1301
809	1455
809	1532
810	903
810	952
810	969
810	985
810	1021
810	1074
810	1097
810	1162
810	1217
810	1250
810	1291
810	1321
810	1477
810	1502
813	839
818	1137
819	856
819	930
819	944
819	979
819	993
819	1005
819	1136
819	1145
819	1220
819	1238
819	1313
819	1370
819	1387
819	1453
819	1564
820	1325
827	1436
828	863
834	1274
834	1407
834	1410
834	1437
834	1438
834	1560
834	1583
835	1045
835	1303
837	1288
838	1401
841	905
841	1037
847	898
847	1158
847	1222
847	1241
847	1292
847	1454
847	1481
856	952
856	985
856	993
856	1044
856	1074
856	1097
856	1136
856	1141
856	1145
856	1217
856	1238
856	1250
856	1453
856	1477
856	1502
858	1454
858	1481
860	952
860	953
860	1055
860	1199
860	1214
860	1233
860	1251
860	1308
860	1405
860	1423
860	1502
861	1017
861	1025
861	1092
861	1093
861	1395
863	1214
863	1463
864	916
864	974
864	1129
864	1263
864	1399
864	1558
866	972
866	978
866	1248
866	1414
867	1053
873	927
874	1000
875	1402
877	1334
877	1381
880	1252
881	1436
884	991
886	1552
889	988
889	1523
893	1246
893	1298
893	1410
893	1560
893	1583
893	1586
898	1158
898	1241
898	1292
898	1454
898	1481
899	1027
899	1072
899	1086
899	1121
899	1161
899	1276
901	952
901	953
901	995
901	1018
901	1199
901	1214
901	1405
901	1423
902	1017
902	1092
902	1093
902	1167
902	1178
902	1187
902	1244
902	1395
902	1431
902	1551
902	1554
903	952
903	969
903	1021
903	1055
903	1074
903	1097
903	1162
903	1217
903	1238
903	1250
903	1291
903	1321
903	1502
907	1381
909	1073
909	1357
916	974
916	1129
916	1263
916	1558
918	1041
918	1118
918	1124
918	1532
919	1444
924	1177
929	1314
930	944
930	979
930	993
930	1136
930	1145
930	1238
932	1105
944	979
944	993
944	1005
944	1136
944	1238
944	1564
946	1324
946	1446
952	953
952	969
952	995
952	1067
952	1074
952	1097
952	1162
952	1199
952	1214
952	1217
952	1238
952	1250
952	1405
952	1423
952	1453
952	1463
952	1477
952	1502
953	1199
953	1214
953	1233
953	1405
953	1423
953	1427
953	1502
954	1542
964	1260
964	1515
965	1170
965	1172
965	1176
967	1398
967	1462
969	985
969	991
969	1021
969	1074
969	1097
969	1162
969	1217
969	1238
969	1250
969	1477
969	1502
972	1414
974	1129
974	1263
974	1558
978	1248
978	1414
979	993
979	1005
979	1136
979	1145
979	1238
979	1387
979	1453
979	1561
979	1564
985	1097
985	1217
985	1502
988	1523
990	1190
991	1120
993	1005
993	1136
993	1145
993	1238
993	1387
993	1453
993	1564
994	1150
994	1194
994	1272
994	1535
998	1107
998	1247
1000	1581
1005	1136
1005	1145
1005	1220
1005	1238
1005	1564
1015	1397
1017	1025
1017	1092
1017	1093
1017	1178
1017	1187
1017	1244
1017	1395
1017	1431
1017	1543
1017	1551
1018	1199
1018	1214
1018	1405
1018	1453
1018	1463
1021	1074
1021	1097
1021	1162
1021	1217
1021	1250
1021	1291
1021	1321
1025	1092
1027	1072
1027	1086
1027	1121
1027	1161
1027	1276
1031	1308
1038	1162
1040	1193
1040	1253
1040	1372
1040	1457
1041	1118
1041	1124
1041	1532
1044	1087
1044	1141
1044	1162
1044	1256
1044	1363
1045	1303
1047	1484
1049	1480
1052	1464
1054	1232
1054	1515
1055	1074
1060	1365
1060	1378
1061	1420
1061	1559
1062	1538
1067	1250
1067	1502
1072	1086
1072	1121
1072	1161
1072	1276
1073	1368
1074	1097
1074	1162
1074	1217
1074	1250
1074	1321
1074	1477
1074	1502
1080	1255
1080	1410
1080	1583
1086	1121
1086	1161
1086	1276
1092	1093
1092	1178
1092	1187
1092	1551
1093	1167
1093	1178
1093	1187
1093	1395
1093	1431
1093	1433
1093	1551
1093	1554
1096	1200
1096	1277
1097	1162
1097	1217
1097	1238
1097	1250
1097	1321
1097	1453
1097	1477
1097	1502
1101	1208
1101	1557
1107	1247
1113	1185
1118	1124
1118	1532
1119	1172
1119	1176
1121	1161
1121	1276
1124	1130
1124	1301
1124	1455
1124	1532
1129	1415
1130	1364
1130	1540
1131	1183
1131	1227
1132	1288
1136	1145
1136	1220
1136	1238
1136	1387
1136	1453
1136	1564
1145	1220
1145	1238
1145	1313
1145	1453
1145	1564
1149	1162
1150	1194
1150	1272
1150	1535
1157	1334
1157	1355
1158	1241
1158	1292
1158	1481
1161	1276
1162	1217
1162	1238
1162	1250
1162	1291
1162	1321
1162	1502
1167	1187
1167	1554
1170	1176
1172	1176
1178	1187
1178	1431
1178	1433
1178	1551
1183	1227
1184	1244
1184	1551
1187	1285
1187	1395
1187	1433
1187	1551
1187	1554
1193	1253
1193	1457
1194	1272
1194	1535
1199	1214
1199	1233
1199	1251
1199	1308
1199	1405
1199	1423
1199	1463
1208	1557
1209	1581
1214	1233
1214	1405
1214	1423
1214	1427
1214	1463
1214	1502
1217	1250
1217	1321
1217	1477
1217	1502
1220	1564
1232	1515
1233	1251
1233	1405
1233	1423
1236	1350
1238	1250
1238	1453
1238	1477
1238	1502
1238	1564
1241	1292
1241	1454
1241	1481
1244	1431
1244	1551
1246	1298
1246	1407
1246	1410
1246	1560
1246	1583
1246	1586
1248	1414
1250	1321
1250	1477
1250	1502
1251	1308
1253	1265
1253	1316
1253	1351
1253	1372
1253	1457
1256	1363
1256	1387
1260	1515
1263	1399
1263	1558
1265	1302
1265	1316
1265	1351
1272	1535
1274	1407
1274	1410
1274	1437
1274	1438
1274	1560
1274	1583
1292	1454
1292	1481
1298	1407
1298	1410
1298	1560
1298	1583
1298	1586
1301	1455
1301	1532
1302	1316
1302	1351
1316	1351
1321	1477
1324	1446
1334	1381
1365	1378
1370	1564
1379	1383
1387	1453
1393	1556
1398	1462
1405	1423
1405	1463
1407	1410
1407	1437
1407	1438
1407	1560
1407	1583
1407	1586
1410	1437
1410	1438
1410	1560
1410	1583
1410	1586
1417	1479
1420	1559
1422	1568
1423	1463
1423	1502
1431	1551
1436	1534
1437	1438
1437	1560
1437	1583
1438	1560
1438	1583
1453	1463
1454	1481
1455	1532
1463	1502
1477	1502
1551	1554
1560	1583
1560	1586
1583	1586
1052	1
1464	1
682	2
307	4
1232	4
1515	4
205	5
1183	5
1227	5
1113	6
1185	6
104	13
681	13
1262	13
444	14
66	16
186	16
208	16
275	16
376	16
496	16
856	16
952	16
994	16
1150	16
1194	16
1250	16
1502	16
1535	16
1099	17
1390	20
1081	22
707	25
808	25
1336	25
1067	27
1097	27
1502	27
62	30
122	30
929	30
1130	30
50	31
67	31
109	31
149	31
166	31
186	31
247	31
346	31
435	31
597	31
608	31
796	31
819	31
930	31
944	31
979	31
993	31
1005	31
1044	31
1136	31
1145	31
1238	31
1313	31
1387	31
1453	31
1463	31
1564	31
1441	36
174	37
215	37
390	37
427	37
446	37
458	37
468	37
552	37
598	37
799	37
902	37
1017	37
1184	37
1244	37
1431	37
1551	37
760	39
1325	40
272	44
1080	44
1255	44
66	50
67	50
109	50
139	50
145	50
149	50
186	50
200	50
208	50
346	50
376	50
388	50
433	50
496	50
534	50
584	50
597	50
661	50
667	50
810	50
819	50
856	50
903	50
944	50
952	50
969	50
979	50
993	50
1021	50
1074	50
1097	50
1136	50
1141	50
1145	50
1150	50
1162	50
1238	50
1250	50
1453	50
1477	50
1502	50
427	51
468	51
902	51
1017	51
1431	51
194	55
259	55
260	55
301	55
351	55
540	55
634	55
659	55
740	55
847	55
898	55
1158	55
1241	55
1292	55
1454	55
1481	55
66	56
110	56
208	56
364	56
388	56
433	56
496	56
506	56
510	56
604	56
810	56
846	56
903	56
1021	56
1074	56
1097	56
1162	56
1217	56
1321	56
111	57
183	57
424	57
509	57
538	57
547	57
601	57
680	57
967	57
1398	57
1462	57
495	58
1016	58
415	62
946	62
240	65
556	65
67	66
98	66
109	66
110	66
208	66
252	66
364	66
376	66
388	66
433	66
496	66
510	66
667	66
751	66
810	66
856	66
903	66
952	66
969	66
1021	66
1074	66
1097	66
1162	66
1217	66
1238	66
1250	66
1453	66
1477	66
1502	66
109	67
139	67
149	67
186	67
200	67
252	67
360	67
376	67
388	67
425	67
433	67
496	67
510	67
597	67
667	67
751	67
810	67
856	67
903	67
952	67
969	67
1021	67
1044	67
1074	67
1097	67
1162	67
1217	67
1238	67
1250	67
1453	67
1477	67
1502	67
1216	73
388	76
496	76
969	76
837	77
1288	77
565	81
733	81
793	81
1541	81
161	82
555	82
926	82
1040	82
208	83
564	83
724	83
742	83
164	88
170	88
321	88
372	88
703	88
783	88
899	88
1072	88
1086	88
1121	88
1161	88
1276	88
269	90
1482	93
888	94
808	96
186	98
679	98
856	98
952	98
1199	98
1214	98
1423	98
1463	98
1502	98
215	101
390	101
427	101
598	101
1431	101
970	103
1522	103
681	104
1262	104
139	109
145	109
186	109
200	109
364	109
376	109
388	109
433	109
510	109
552	109
597	109
661	109
751	109
819	109
856	109
903	109
952	109
969	109
993	109
1044	109
1074	109
1097	109
1141	109
1162	109
1217	109
1238	109
1250	109
1256	109
1321	109
1387	109
1453	109
1477	109
208	110
376	110
388	110
433	110
496	110
506	110
510	110
667	110
810	110
903	110
1021	110
1074	110
1162	110
1217	110
1250	110
183	111
424	111
509	111
538	111
547	111
601	111
680	111
967	111
1398	111
1462	111
138	114
288	114
296	114
368	114
383	114
646	114
965	114
1119	114
1170	114
1172	114
1176	114
732	121
835	121
1045	121
1303	121
307	122
340	122
498	122
542	122
749	122
918	122
1041	122
1130	122
1315	122
1430	122
387	128
697	128
864	128
164	134
321	134
1072	134
1121	134
1161	134
1276	134
1501	135
270	136
485	136
809	136
1124	136
1301	136
1455	136
1532	136
288	138
296	138
368	138
383	138
646	138
965	138
1170	138
1176	138
145	139
186	139
210	139
286	139
381	139
515	139
534	139
552	139
856	139
952	139
1067	139
1096	139
1277	139
1043	144
186	145
515	145
534	145
552	145
856	145
157	147
417	148
901	148
1199	148
1214	148
1233	148
186	149
247	149
435	149
819	149
856	149
944	149
993	149
1145	149
1238	149
249	150
694	150
1028	150
877	153
1334	153
184	154
279	154
379	154
1061	154
1539	155
555	161
926	161
170	164
321	164
703	164
783	164
899	164
1027	164
1072	164
1086	164
1121	164
1161	164
1276	164
186	166
346	166
435	166
597	166
608	166
796	166
819	166
856	166
930	166
944	166
979	166
993	166
1005	166
1136	166
1145	166
1220	166
1238	166
1387	166
1564	166
1515	167
246	168
1093	168
1167	168
1554	168
321	170
372	170
783	170
899	170
1027	170
1072	170
1086	170
1121	170
1161	170
1276	170
454	172
957	172
441	173
390	174
446	174
458	174
468	174
552	174
598	174
799	174
902	174
1017	174
1184	174
1244	174
1431	174
1551	174
1336	178
473	182
789	182
424	183
509	183
538	183
547	183
601	183
680	183
967	183
1398	183
358	184
379	184
423	184
490	184
638	184
666	184
1061	184
1420	184
1559	184
208	186
346	186
435	186
510	186
534	186
597	186
608	186
751	186
774	186
796	186
819	186
856	186
930	186
944	186
952	186
969	186
979	186
993	186
1005	186
1097	186
1136	186
1145	186
1194	186
1214	186
1217	186
1238	186
1405	186
1453	186
1502	186
1564	186
981	193
301	194
740	194
1292	194
499	195
794	195
1245	198
433	200
584	200
856	200
1256	200
1453	200
1183	205
1227	205
1052	206
1464	206
364	207
252	208
364	208
376	208
388	208
413	208
433	208
496	208
506	208
510	208
667	208
751	208
810	208
856	208
901	208
903	208
952	208
969	208
1021	208
1074	208
1097	208
1162	208
1217	208
1233	208
1250	208
1423	208
1477	208
1502	208
286	210
1096	210
1200	210
865	212
886	213
1552	213
390	215
427	215
468	215
598	215
902	215
1017	215
1093	215
1178	215
1184	215
1187	215
1244	215
1431	215
1551	215
400	216
332	220
615	220
630	220
1253	220
1265	220
1316	220
1351	220
371	222
575	222
627	222
1407	222
1410	222
1583	222
556	229
752	229
322	230
448	230
738	230
1451	230
261	233
768	233
893	233
1246	233
1298	233
1407	233
1410	233
1560	233
1583	233
1586	233
808	235
1548	237
411	240
827	240
881	240
1436	240
1534	240
1000	242
468	246
534	246
902	246
1093	246
1167	246
1187	246
1554	246
735	248
1339	248
694	249
1028	249
364	252
376	252
388	252
433	252
496	252
667	252
751	252
810	252
856	252
903	252
952	252
1074	252
1097	252
1162	252
1214	252
1217	252
1250	252
1477	252
1502	252
788	253
517	254
873	254
927	254
1062	255
260	259
301	259
351	259
540	259
659	259
740	259
847	259
898	259
1158	259
1241	259
1292	259
1481	259
301	260
351	260
431	260
540	260
634	260
659	260
740	260
847	260
898	260
1158	260
1241	260
1292	260
1454	260
1481	260
768	261
893	261
1246	261
1298	261
1410	261
1586	261
573	264
1189	266
809	270
1080	272
1255	272
417	274
471	274
679	274
860	274
1199	274
1214	274
1405	274
1423	274
994	275
1150	275
1194	275
1535	275
1336	276
373	279
389	279
932	279
1105	279
866	281
972	281
978	281
1248	281
1414	281
642	283
884	283
991	283
1157	283
1096	286
1200	286
1277	286
296	288
368	288
383	288
460	288
646	288
965	288
1119	288
1172	288
1176	288
476	289
622	290
368	296
383	296
646	296
965	296
1119	296
1170	296
1172	296
1176	296
1037	297
1225	298
810	300
351	301
540	301
634	301
659	301
740	301
847	301
898	301
1158	301
1222	301
1241	301
1292	301
1454	301
1481	301
440	307
964	307
1054	307
1130	307
1232	307
1260	307
1430	307
1515	307
339	308
454	308
614	308
864	308
916	308
974	308
1263	308
1399	308
1558	308
425	312
1419	312
556	313
427	320
731	320
861	320
1017	320
1025	320
1092	320
1093	320
372	321
703	321
783	321
899	321
1027	321
1072	321
1086	321
1121	321
1161	321
1276	321
448	322
738	322
1451	322
343	327
365	327
1029	327
1219	331
615	332
630	332
1253	332
1265	332
1316	332
1351	332
454	339
614	339
864	339
916	339
974	339
1129	339
1263	339
1558	339
498	340
585	340
749	340
918	340
1041	340
1118	340
1124	340
1532	340
954	342
1542	342
365	343
1029	343
1536	343
414	346
435	346
597	346
608	346
796	346
819	346
930	346
944	346
979	346
993	346
1005	346
1136	346
1145	346
1220	346
1238	346
1387	346
1564	346
495	347
540	351
634	351
659	351
740	351
847	351
898	351
1158	351
1241	351
1292	351
1454	351
1481	351
379	358
423	358
490	358
1061	358
1420	358
1559	358
774	360
1171	361
376	364
388	364
433	364
496	364
510	364
751	364
810	364
903	364
952	364
969	364
1021	364
1074	364
1097	364
1162	364
1217	364
1029	365
383	368
646	368
965	368
1170	368
1176	368
575	371
586	371
627	371
1080	371
1407	371
1410	371
1583	371
899	372
1072	372
1086	372
1121	372
389	373
620	373
932	373
1105	373
388	376
496	376
510	376
667	376
751	376
810	376
903	376
952	376
969	376
985	376
1074	376
1097	376
1162	376
1217	376
1250	376
426	377
423	379
490	379
638	379
666	379
1061	379
1420	379
1559	379
515	381
547	383
646	383
680	383
965	383
1170	383
1176	383
954	385
1529	385
1542	385
697	387
864	387
417	388
433	388
496	388
506	388
510	388
661	388
667	388
751	388
810	388
856	388
903	388
952	388
969	388
985	388
1021	388
1038	388
1055	388
1074	388
1097	388
1162	388
1214	388
1217	388
1233	388
1250	388
1321	388
1477	388
1502	388
620	389
932	389
1105	389
427	390
446	390
458	390
468	390
598	390
799	390
902	390
1017	390
1093	390
1178	390
1187	390
1244	390
1395	390
1431	390
1551	390
991	398
745	400
1581	400
998	402
1107	402
1247	402
1568	403
690	405
1232	405
881	411
1436	411
1534	411
510	413
856	413
1097	413
608	414
1136	414
946	415
1324	415
1446	415
450	417
471	417
486	417
510	417
644	417
679	417
719	417
860	417
901	417
952	417
953	417
1018	417
1031	417
1055	417
1199	417
1214	417
1233	417
1251	417
1308	417
1405	417
1423	417
1463	417
1502	417
490	423
638	423
666	423
1061	423
1420	423
1559	423
509	424
538	424
547	424
601	424
680	424
967	424
1398	424
1462	424
1003	425
1150	425
1194	425
1419	425
1535	425
446	427
468	427
534	427
598	427
731	427
861	427
902	427
1017	427
1025	427
1092	427
1093	427
1178	427
1187	427
1244	427
1395	427
1431	427
1551	427
1554	427
480	429
540	431
1481	431
758	432
859	432
496	433
506	433
510	433
604	433
667	433
751	433
810	433
856	433
903	433
952	433
969	433
985	433
1021	433
1074	433
1097	433
1162	433
1217	433
1250	433
1321	433
1477	433
1502	433
597	435
608	435
796	435
819	435
930	435
944	435
979	435
993	435
1005	435
1136	435
1145	435
1238	435
1564	435
1381	437
964	440
1515	440
472	441
501	441
1393	441
1556	441
808	442
782	443
556	444
1040	444
1074	444
1253	444
1575	444
458	446
468	446
552	446
598	446
799	446
902	446
1017	446
1244	446
1431	446
1551	446
1379	449
1383	449
644	450
719	450
860	450
1031	450
1199	450
1233	450
1308	450
614	454
864	454
916	454
957	454
974	454
1263	454
1266	454
1558	454
552	458
799	458
902	458
1244	458
1306	462
1365	465
515	466
534	466
534	468
598	468
799	468
902	468
1017	468
1092	468
1093	468
1167	468
1178	468
1187	468
1244	468
1395	468
1431	468
1551	468
1554	468
486	471
679	471
719	471
860	471
901	471
953	471
1199	471
1214	471
1233	471
1405	471
1423	471
501	472
900	472
1556	472
789	473
500	476
966	477
662	481
556	484
809	485
1124	485
1301	485
1455	485
1532	485
679	486
952	486
953	486
1199	486
1214	486
605	487
777	487
638	490
666	490
1061	490
1420	490
1559	490
1016	495
506	496
510	496
667	496
751	496
810	496
856	496
903	496
952	496
969	496
985	496
1021	496
1038	496
1044	496
1074	496
1097	496
1162	496
1217	496
1250	496
1291	496
1321	496
1477	496
1502	496
542	498
585	498
749	498
918	498
1041	498
1118	498
1124	498
1130	498
1298	498
1430	498
1532	498
1393	501
1556	501
1101	504
1208	504
1557	504
810	506
1021	506
1097	506
1162	506
1291	506
1321	506
538	509
547	509
601	509
680	509
967	509
1398	509
1462	509
667	510
679	510
751	510
810	510
903	510
952	510
969	510
985	510
1021	510
1031	510
1044	510
1074	510
1097	510
1162	510
1199	510
1217	510
1233	510
1238	510
552	515
873	517
927	517
868	523
651	529
552	534
616	534
856	534
902	534
1145	534
1238	534
1264	534
1554	534
547	538
680	538
967	538
1398	538
1462	538
634	540
659	540
740	540
847	540
858	540
898	540
1158	540
1241	540
1292	540
1454	540
1481	540
749	542
784	542
1430	542
909	544
1073	544
1368	544
601	547
680	547
967	547
1398	547
1462	547
865	549
584	552
596	552
799	552
856	552
867	552
1236	552
1244	552
926	555
884	556
991	556
1053	562
724	564
742	564
733	565
793	565
1060	570
1365	570
1378	570
586	575
627	575
1080	575
1407	575
1410	575
1583	575
1256	584
749	585
918	585
1041	585
1118	585
1124	585
1532	585
627	586
1080	586
1583	586
1484	587
891	596
608	597
796	597
819	597
856	597
979	597
993	597
1005	597
1006	597
1136	597
1145	597
1238	597
1365	597
1453	597
799	598
902	598
1017	598
1092	598
1093	598
1178	598
1187	598
1244	598
1431	598
1551	598
680	601
967	601
1398	601
1462	601
810	604
1021	604
1074	604
1162	604
1321	604
777	605
796	608
819	608
944	608
979	608
993	608
1005	608
1136	608
1145	608
1238	608
1453	608
1123	609
637	610
813	610
667	614
864	614
916	614
974	614
1129	614
1263	614
1399	614
1558	614
630	615
1253	615
1265	615
1316	615
1351	615
932	620
1105	620
1080	627
1407	627
1410	627
1583	627
1253	630
1265	630
1316	630
1351	630
659	634
740	634
847	634
858	634
898	634
1158	634
1241	634
1292	634
1481	634
841	635
991	635
813	637
1037	637
666	638
1061	638
1420	638
1559	638
1225	640
991	642
1166	642
719	644
860	644
929	644
1199	644
1233	644
1251	644
1308	644
965	646
1170	646
1172	646
1176	646
740	659
847	659
898	659
1158	659
1241	659
1292	659
1454	659
1481	659
903	661
1250	661
1321	661
889	662
988	662
1061	666
1420	666
1559	666
751	667
810	667
856	667
903	667
916	667
952	667
969	667
1074	667
1097	667
1162	667
1217	667
1250	667
1427	667
1477	667
1502	667
1380	670
986	674
719	679
860	679
901	679
952	679
953	679
1018	679
1199	679
1214	679
1233	679
1251	679
1405	679
1423	679
1453	679
1463	679
967	680
1398	680
1462	680
1262	681
719	686
860	686
1251	686
1308	686
1232	690
1028	694
1570	696
864	697
1269	699
1407	701
1410	701
1437	701
1583	701
1072	703
1161	703
1276	703
1049	715
1480	715
1461	717
860	719
953	719
1199	719
1214	719
1233	719
1251	719
1308	719
1405	719
1423	719
742	724
758	728
859	728
861	731
1017	731
1025	731
1092	731
1093	731
1543	731
835	732
1045	732
1303	732
1541	733
1339	735
1451	738
847	740
898	740
1158	740
1222	740
1241	740
1292	740
1454	740
1481	740
907	744
1381	744
1581	745
777	747
782	747
918	749
1041	749
1118	749
1124	749
1430	749
1532	749
810	751
856	751
903	751
952	751
969	751
1074	751
1087	751
1097	751
1162	751
1217	751
1238	751
1250	751
1405	751
1502	751
797	752
1258	752
1329	754
859	758
893	768
1246	768
1298	768
1410	768
1560	768
1583	768
1586	768
1501	769
1577	773
782	777
899	783
1027	783
1072	783
1086	783
1121	783
1161	783
1276	783
1430	784
1165	785
1089	787
1026	794
1421	794
819	796
944	796
979	796
993	796
1005	796
1136	796
1145	796
1238	796
1453	796
1564	796
902	799
1017	799
1244	799
1431	799
1551	799
1215	800
1157	801
834	804
1274	804
1407	804
1437	804
1438	804
1560	804
1583	804
1503	807
1040	808
1124	809
1301	809
1455	809
1532	809
903	810
952	810
969	810
985	810
1021	810
1074	810
1097	810
1162	810
1217	810
1250	810
1291	810
1321	810
1477	810
1502	810
839	813
1137	818
856	819
930	819
944	819
979	819
993	819
1005	819
1136	819
1145	819
1220	819
1238	819
1313	819
1370	819
1387	819
1453	819
1564	819
1325	820
1436	827
863	828
1274	834
1407	834
1410	834
1437	834
1438	834
1560	834
1583	834
1045	835
1303	835
1288	837
1401	838
905	841
1037	841
898	847
1158	847
1222	847
1241	847
1292	847
1454	847
1481	847
952	856
985	856
993	856
1044	856
1074	856
1097	856
1136	856
1141	856
1145	856
1217	856
1238	856
1250	856
1453	856
1477	856
1502	856
1454	858
1481	858
952	860
953	860
1055	860
1199	860
1214	860
1233	860
1251	860
1308	860
1405	860
1423	860
1502	860
1017	861
1025	861
1092	861
1093	861
1395	861
1214	863
1463	863
916	864
974	864
1129	864
1263	864
1399	864
1558	864
972	866
978	866
1248	866
1414	866
1053	867
927	873
1000	874
1402	875
1334	877
1381	877
1252	880
1436	881
991	884
1552	886
988	889
1523	889
1246	893
1298	893
1410	893
1560	893
1583	893
1586	893
1158	898
1241	898
1292	898
1454	898
1481	898
1027	899
1072	899
1086	899
1121	899
1161	899
1276	899
952	901
953	901
995	901
1018	901
1199	901
1214	901
1405	901
1423	901
1017	902
1092	902
1093	902
1167	902
1178	902
1187	902
1244	902
1395	902
1431	902
1551	902
1554	902
952	903
969	903
1021	903
1055	903
1074	903
1097	903
1162	903
1217	903
1238	903
1250	903
1291	903
1321	903
1502	903
1381	907
1073	909
1357	909
974	916
1129	916
1263	916
1558	916
1041	918
1118	918
1124	918
1532	918
1444	919
1177	924
1314	929
944	930
979	930
993	930
1136	930
1145	930
1238	930
1105	932
979	944
993	944
1005	944
1136	944
1238	944
1564	944
1324	946
1446	946
953	952
969	952
995	952
1067	952
1074	952
1097	952
1162	952
1199	952
1214	952
1217	952
1238	952
1250	952
1405	952
1423	952
1453	952
1463	952
1477	952
1502	952
1199	953
1214	953
1233	953
1405	953
1423	953
1427	953
1502	953
1542	954
1260	964
1515	964
1170	965
1172	965
1176	965
1398	967
1462	967
985	969
991	969
1021	969
1074	969
1097	969
1162	969
1217	969
1238	969
1250	969
1477	969
1502	969
1414	972
1129	974
1263	974
1558	974
1248	978
1414	978
993	979
1005	979
1136	979
1145	979
1238	979
1387	979
1453	979
1561	979
1564	979
1097	985
1217	985
1502	985
1523	988
1190	990
1120	991
1005	993
1136	993
1145	993
1238	993
1387	993
1453	993
1564	993
1150	994
1194	994
1272	994
1535	994
1107	998
1247	998
1581	1000
1136	1005
1145	1005
1220	1005
1238	1005
1564	1005
1397	1015
1025	1017
1092	1017
1093	1017
1178	1017
1187	1017
1244	1017
1395	1017
1431	1017
1543	1017
1551	1017
1199	1018
1214	1018
1405	1018
1453	1018
1463	1018
1074	1021
1097	1021
1162	1021
1217	1021
1250	1021
1291	1021
1321	1021
1092	1025
1072	1027
1086	1027
1121	1027
1161	1027
1276	1027
1308	1031
1162	1038
1193	1040
1253	1040
1372	1040
1457	1040
1118	1041
1124	1041
1532	1041
1087	1044
1141	1044
1162	1044
1256	1044
1363	1044
1303	1045
1484	1047
1480	1049
1464	1052
1232	1054
1515	1054
1074	1055
1365	1060
1378	1060
1420	1061
1559	1061
1538	1062
1250	1067
1502	1067
1086	1072
1121	1072
1161	1072
1276	1072
1368	1073
1097	1074
1162	1074
1217	1074
1250	1074
1321	1074
1477	1074
1502	1074
1255	1080
1410	1080
1583	1080
1121	1086
1161	1086
1276	1086
1093	1092
1178	1092
1187	1092
1551	1092
1167	1093
1178	1093
1187	1093
1395	1093
1431	1093
1433	1093
1551	1093
1554	1093
1200	1096
1277	1096
1162	1097
1217	1097
1238	1097
1250	1097
1321	1097
1453	1097
1477	1097
1502	1097
1208	1101
1557	1101
1247	1107
1185	1113
1124	1118
1532	1118
1172	1119
1176	1119
1161	1121
1276	1121
1130	1124
1301	1124
1455	1124
1532	1124
1415	1129
1364	1130
1540	1130
1183	1131
1227	1131
1288	1132
1145	1136
1220	1136
1238	1136
1387	1136
1453	1136
1564	1136
1220	1145
1238	1145
1313	1145
1453	1145
1564	1145
1162	1149
1194	1150
1272	1150
1535	1150
1334	1157
1355	1157
1241	1158
1292	1158
1481	1158
1276	1161
1217	1162
1238	1162
1250	1162
1291	1162
1321	1162
1502	1162
1187	1167
1554	1167
1176	1170
1176	1172
1187	1178
1431	1178
1433	1178
1551	1178
1227	1183
1244	1184
1551	1184
1285	1187
1395	1187
1433	1187
1551	1187
1554	1187
1253	1193
1457	1193
1272	1194
1535	1194
1214	1199
1233	1199
1251	1199
1308	1199
1405	1199
1423	1199
1463	1199
1557	1208
1581	1209
1233	1214
1405	1214
1423	1214
1427	1214
1463	1214
1502	1214
1250	1217
1321	1217
1477	1217
1502	1217
1564	1220
1515	1232
1251	1233
1405	1233
1423	1233
1350	1236
1250	1238
1453	1238
1477	1238
1502	1238
1564	1238
1292	1241
1454	1241
1481	1241
1431	1244
1551	1244
1298	1246
1407	1246
1410	1246
1560	1246
1583	1246
1586	1246
1414	1248
1321	1250
1477	1250
1502	1250
1308	1251
1265	1253
1316	1253
1351	1253
1372	1253
1457	1253
1363	1256
1387	1256
1515	1260
1399	1263
1558	1263
1302	1265
1316	1265
1351	1265
1535	1272
1407	1274
1410	1274
1437	1274
1438	1274
1560	1274
1583	1274
1454	1292
1481	1292
1407	1298
1410	1298
1560	1298
1583	1298
1586	1298
1455	1301
1532	1301
1316	1302
1351	1302
1351	1316
1477	1321
1446	1324
1381	1334
1378	1365
1564	1370
1383	1379
1453	1387
1556	1393
1462	1398
1423	1405
1463	1405
1410	1407
1437	1407
1438	1407
1560	1407
1583	1407
1586	1407
1437	1410
1438	1410
1560	1410
1583	1410
1586	1410
1479	1417
1559	1420
1568	1422
1463	1423
1502	1423
1551	1431
1534	1436
1438	1437
1560	1437
1583	1437
1560	1438
1583	1438
1463	1453
1481	1454
1532	1455
1502	1463
1502	1477
1554	1551
1583	1560
1586	1560
1586	1583
