0	3319
4	562
7	139
7	469
7	499
7	1180
7	1300
7	2305
7	2698
7	2907
7	3195
8	56
8	448
8	2406
8	2531
11	56
11	134
11	304
11	381
11	436
11	577
11	637
11	690
11	1288
11	2157
11	2986
17	2499
18	469
18	802
18	1062
18	1528
18	1914
18	2338
18	2370
18	2436
18	2458
18	2836
18	2873
18	2932
19	2769
19	2978
22	1036
22	2598
23	1062
23	2465
30	2159
30	2698
32	396
32	566
32	1930
32	2772
32	3191
32	3355
33	1036
33	3319
35	2469
37	2066
37	3323
42	896
42	2251
54	354
54	2698
55	56
55	127
55	134
55	183
55	275
55	637
55	671
55	672
55	727
55	785
55	926
55	1011
55	1135
55	1370
55	1465
55	1538
55	1630
55	1650
55	1753
55	1815
55	1995
55	2274
55	2322
55	2325
55	2355
55	2420
55	2432
55	2434
55	2436
55	2594
55	2598
55	2693
55	2698
55	2733
55	2853
55	3366
56	134
56	275
56	309
56	373
56	396
56	423
56	429
56	452
56	562
56	610
56	615
56	637
56	671
56	672
56	713
56	719
56	805
56	819
56	854
56	860
56	950
56	961
56	979
56	991
56	1011
56	1018
56	1135
56	1197
56	1211
56	1350
56	1370
56	1388
56	1392
56	1425
56	1465
56	1538
56	1639
56	1644
56	1645
56	1654
56	1674
56	1677
56	1753
56	1791
56	1908
56	1995
56	2070
56	2091
56	2261
56	2274
56	2310
56	2376
56	2420
56	2434
56	2436
56	2555
56	2594
56	2693
56	2698
56	2841
56	2853
56	2933
56	2934
56	3035
56	3138
56	3291
65	2458
69	236
69	445
69	1097
69	2305
69	2470
70	1388
71	1075
73	541
73	927
73	933
73	1719
73	2214
73	2926
73	3287
81	610
82	235
82	2023
82	2251
82	2276
82	2408
82	2698
82	2962
82	3203
83	562
83	897
83	1075
83	1357
83	1630
83	2366
83	2573
83	2836
83	2986
83	3319
86	2313
86	3054
89	2565
92	479
92	789
92	1040
93	704
93	2606
94	110
94	464
94	708
94	2193
94	3144
94	3347
103	910
103	2862
104	1005
105	350
105	480
105	512
105	2251
105	3364
107	479
107	1960
107	2510
107	2901
108	562
110	606
110	767
110	1190
110	1271
110	2826
110	3191
111	3358
113	1204
113	1487
113	2680
113	3036
115	236
115	577
115	708
115	723
115	755
115	2070
117	562
120	167
120	767
120	1644
121	388
121	718
121	1158
121	1271
121	2096
121	2841
121	3303
121	3354
122	134
124	1732
124	2665
127	134
127	172
127	637
127	639
127	1656
127	1995
127	2852
129	1437
129	2462
129	2519
130	1011
130	1911
131	586
133	1261
134	177
134	460
134	637
134	639
134	805
134	819
134	979
134	1141
134	1211
134	1430
134	1961
134	1995
134	2091
134	2261
134	2420
134	2434
134	2555
134	2557
134	2594
134	2609
134	2661
134	2818
134	2831
134	2853
134	3035
134	3291
135	275
135	1644
135	1685
135	1992
135	2057
135	2204
135	2347
135	2458
135	2557
135	3128
135	3145
136	1141
136	1846
137	323
137	1920
137	2151
139	606
139	1441
141	2889
141	3237
148	1036
148	2236
151	1753
151	2305
152	2969
157	959
157	1254
157	2782
157	3360
157	3364
158	432
158	2048
158	2251
159	167
159	193
159	267
159	370
159	512
159	606
159	767
159	774
159	897
159	1129
159	1277
159	2043
159	2157
159	2360
159	2565
159	2743
159	2769
159	2818
159	2925
159	3043
159	3157
159	3285
160	2853
164	790
164	1995
164	2040
164	2499
164	3111
166	448
166	789
166	3322
167	664
167	989
167	1197
167	2598
167	2744
167	3294
172	249
172	568
172	615
172	639
172	770
172	1135
172	2894
172	3138
172	3255
177	577
177	634
177	2186
182	432
182	2636
183	767
184	766
185	194
185	196
185	512
185	968
185	2303
189	1197
189	1522
191	341
191	767
191	1261
191	3111
193	1040
193	1407
193	2066
193	2305
194	350
194	3149
196	439
196	512
196	687
196	1448
196	1546
196	1848
196	2210
196	2215
196	2226
196	2341
196	2470
196	3364
201	323
201	479
201	2181
201	2373
201	2542
201	2698
203	1129
205	950
208	3001
208	3016
211	1396
211	2305
211	2349
212	1557
213	490
213	1425
213	2613
213	3355
216	894
217	675
217	1645
217	2313
217	3040
220	1254
222	1995
222	2499
222	2539
222	2698
224	341
224	606
224	637
224	1257
224	1699
224	1783
224	2051
224	2610
224	2794
224	3111
224	3191
229	1430
229	2721
235	897
235	1075
235	1125
235	1357
235	1630
235	1998
235	2172
235	2366
235	2573
235	2836
235	2986
236	927
236	1118
236	1799
236	1999
236	2066
236	2499
236	3186
242	410
242	1285
242	1902
242	2047
242	2123
242	2514
247	1753
247	2499
248	2295
249	615
249	639
249	770
249	1135
249	2326
249	2384
249	2524
249	2894
249	3118
249	3138
249	3255
251	896
252	671
259	524
259	2292
259	2618
259	3319
261	1117
262	1182
262	2232
262	2986
265	767
265	1645
265	2347
267	402
267	1296
267	1415
267	1783
267	1849
267	2668
267	2794
267	2978
268	950
268	2802
271	2305
272	1271
272	1791
275	637
275	726
275	1905
275	2164
275	2610
277	548
278	402
278	603
278	744
278	1302
278	1378
278	1763
278	1783
278	1800
278	2499
278	2523
278	2587
278	2718
278	2987
286	3043
291	464
295	318
295	637
295	712
295	757
295	767
295	1902
295	2523
295	3291
296	767
296	1578
296	1677
296	2292
296	2301
296	2835
296	2892
296	2922
296	2934
296	3016
296	3193
297	562
301	2525
303	562
303	1129
309	610
309	910
309	1139
309	1392
309	1762
315	807
315	973
315	2404
318	2261
323	1011
323	1481
323	2366
323	3070
323	3144
326	2233
329	452
331	423
331	1864
331	2155
337	341
337	631
337	3203
341	577
341	767
341	794
341	961
341	1040
341	1076
341	1119
341	1172
341	1190
341	1211
341	1261
341	1656
341	1676
341	1762
341	1848
341	2230
341	2443
341	2642
341	2868
341	2932
341	2969
341	3111
341	3253
342	464
342	2565
343	710
344	445
344	479
344	789
344	1040
344	3043
345	1343
345	1433
345	1654
345	2070
345	2155
345	2613
346	1732
346	3290
349	562
350	767
350	1791
351	479
351	2932
353	456
353	704
353	896
353	1139
353	1436
353	1654
353	2826
353	2889
353	2901
353	2942
358	1654
363	410
363	3318
365	2823
368	730
368	2367
370	971
370	2793
371	2986
371	3319
373	577
373	767
373	2532
373	2817
381	789
381	1011
381	1555
381	2869
381	3323
382	3266
388	718
388	1158
388	1271
388	2096
388	2841
388	3303
388	3354
390	406
390	445
390	479
390	789
390	1036
390	1040
390	1097
390	1555
390	1925
390	2294
390	2503
390	3043
390	3322
391	919
396	480
396	566
396	606
396	645
396	991
396	1360
396	1822
396	2285
396	3191
398	1976
401	789
402	1644
402	1783
403	410
403	712
403	1271
403	3043
406	445
406	479
409	516
409	2647
409	2969
409	3015
409	3016
409	3323
410	507
410	627
410	637
410	767
410	1228
410	1285
410	1897
410	2123
410	2215
410	2343
410	2531
410	2557
410	3194
410	3291
413	1060
413	1685
420	971
420	1679
423	637
423	755
423	1141
423	1263
423	1283
423	1925
423	2305
423	2355
423	2642
423	2862
423	3191
423	3291
423	3355
429	577
429	1261
429	2698
429	2934
432	896
432	1213
432	1674
432	2251
432	3035
432	3111
432	3273
434	2647
434	3015
436	1753
436	2255
439	1546
439	1848
439	2215
439	2226
439	2341
445	479
445	512
445	591
445	637
445	642
445	723
445	789
445	1036
445	1040
445	1097
445	1124
445	1163
445	1300
445	1340
445	1555
445	1568
445	1616
445	1780
445	1817
445	1902
445	1925
445	2218
445	2251
445	2294
445	2503
445	2583
445	2892
445	2959
445	3043
445	3099
445	3111
445	3155
445	3199
445	3220
445	3322
447	755
447	840
448	942
448	991
448	1081
448	1157
448	1384
448	1654
448	1833
448	1986
452	480
452	755
452	767
452	1068
452	1118
452	1343
452	1644
452	1995
452	2613
452	2835
452	3191
452	3355
456	704
456	896
456	1436
456	2789
456	2826
456	2901
456	2942
461	1170
461	1892
463	767
464	500
464	512
464	712
464	734
464	968
464	1027
464	1040
464	1239
464	1271
464	1502
464	1510
464	1963
464	2251
464	2261
464	2268
464	2430
464	2594
464	2598
464	2670
464	2729
464	2822
464	3354
469	637
469	966
469	1036
469	1180
469	2116
469	2491
469	2499
469	2868
469	3106
469	3111
469	3191
474	708
474	776
474	805
474	1312
474	2322
474	2817
474	2901
474	3016
474	3025
474	3157
474	3182
479	512
479	513
479	563
479	591
479	727
479	789
479	942
479	982
479	1036
479	1040
479	1097
479	1200
479	1340
479	1555
479	1568
479	1616
479	1667
479	1925
479	2048
479	2056
479	2294
479	2503
479	2878
479	3043
479	3322
480	586
480	1350
480	1355
480	1667
480	1793
480	1864
480	2367
480	2499
480	3342
482	976
482	1139
482	1864
482	3360
483	1787
486	1350
486	1357
486	1700
486	2665
487	675
488	562
490	2613
493	1040
493	1139
493	1654
493	2251
494	1197
494	1677
495	1370
499	1180
500	910
500	1239
500	1277
500	2737
500	3260
501	770
501	2693
504	2310
505	1592
505	1685
505	3323
507	897
510	2986
512	562
512	610
512	634
512	1139
512	1271
512	1441
512	1592
512	1685
512	2091
512	2101
512	2204
512	2251
512	2391
512	2394
512	2499
512	2531
512	2555
512	2565
512	2594
512	2613
512	2826
512	2835
512	2883
512	2932
512	3319
513	733
513	2878
516	1271
521	1557
527	585
527	972
527	1170
527	2499
533	2986
541	2295
541	3202
544	971
544	1425
544	2582
544	2793
544	2836
544	2969
546	1685
546	1753
547	1441
549	663
549	1104
555	1635
555	2826
555	3015
562	585
562	639
562	669
562	670
562	717
562	733
562	800
562	923
562	1021
562	1170
562	1184
562	1186
562	1211
562	1370
562	1665
562	1822
562	1894
562	2051
562	2246
562	2253
562	2292
562	2325
562	2366
562	2479
562	2573
562	2849
562	3016
562	3052
562	3069
562	3090
562	3131
562	3261
562	3282
566	1139
566	1170
566	1377
566	1433
566	1644
566	1654
566	2179
566	2292
566	3090
566	3286
568	1745
568	2999
574	1902
577	621
577	979
577	991
577	1040
577	1048
577	1119
577	1238
577	1343
577	1522
577	1644
577	1714
577	1762
577	1799
577	2130
577	2261
577	2459
577	2792
577	2932
577	3162
577	3206
577	3315
582	2797
585	586
585	667
585	711
585	823
585	923
585	971
585	1011
585	1046
585	1211
585	1268
585	1336
585	1484
585	1644
585	1676
585	2021
585	2134
585	2156
585	2250
585	2251
585	2319
585	2416
585	2499
585	2523
585	2557
585	2560
585	2698
585	2793
585	2802
585	2853
585	2945
585	3040
585	3046
585	3289
585	3315
586	631
586	637
586	663
586	767
586	894
586	1358
586	1618
586	1674
586	2251
586	2489
586	2698
586	2889
588	2797
590	1271
591	789
591	1040
591	1557
591	3043
592	789
599	3273
603	744
603	1302
603	1480
603	1538
603	2987
603	3289
606	767
606	1040
606	2137
606	2232
606	2251
606	2303
606	2367
606	2454
606	2470
606	2822
606	2868
606	3119
610	1762
610	2802
610	3026
612	2322
612	2759
612	2797
612	3138
615	639
615	770
615	980
615	1108
615	1135
615	2326
615	2384
615	2524
615	2894
615	3118
615	3138
615	3255
619	1301
619	2836
619	2907
621	637
621	1644
621	1995
621	2837
621	3191
622	1713
622	2636
622	2647
622	3016
622	3082
622	3289
622	3323
624	697
624	789
624	1531
624	2565
624	3040
625	2066
629	894
629	927
629	1068
629	1866
631	805
631	1072
631	1425
631	1866
631	2499
631	2719
632	2499
634	923
634	950
634	2454
634	2594
634	2947
634	3281
634	3342
634	3346
636	672
636	2693
637	639
637	671
637	705
637	723
637	794
637	860
637	896
637	950
637	961
637	991
637	1018
637	1135
637	1238
637	1263
637	1343
637	1350
637	1370
637	1465
637	1637
637	1644
637	1902
637	1908
637	2066
637	2070
637	2251
637	2274
637	2305
637	2310
637	2343
637	2355
637	2394
637	2408
637	2416
637	2420
637	2468
637	2479
637	2532
637	2594
637	2613
637	2733
637	2769
637	2853
637	2894
637	3138
639	770
639	877
639	1108
639	1135
639	2769
639	2894
639	2912
639	3138
639	3255
642	979
643	705
651	2349
653	1298
653	2704
653	2769
653	3321
659	2565
663	1350
667	1656
667	2251
671	1370
671	1995
671	2555
671	3366
672	719
672	1650
672	1995
672	2106
672	2116
672	2693
675	1040
675	1190
675	2565
677	3197
690	1288
690	1754
692	854
692	1197
692	2172
693	1284
694	1163
694	1197
695	3111
699	1129
699	1284
704	1436
704	1821
704	2789
704	2826
704	2889
704	2901
704	2942
705	2322
705	2348
705	3040
705	3291
708	896
708	2251
708	2926
710	786
710	1040
710	1392
710	1599
710	1685
710	2070
710	2251
710	2303
710	2565
710	2693
710	3090
711	1040
712	910
712	2594
712	2627
712	3361
713	755
713	967
713	1644
713	2658
713	2853
718	795
718	950
718	1158
718	1271
718	2096
718	2841
718	3303
718	3354
719	2853
719	3052
720	2525
720	3294
723	767
723	982
723	1139
723	1845
723	3043
724	802
725	910
725	2236
725	3122
725	3287
727	1555
727	2594
727	3286
727	3322
730	775
730	1139
730	1284
730	1301
730	3179
730	3342
732	2926
733	1763
733	2539
733	2878
734	1239
734	3063
736	819
736	1001
736	1213
736	1261
736	1674
736	2104
736	2274
736	2338
736	2347
736	2618
736	2737
737	1160
737	2392
742	1309
744	1302
744	1378
744	1779
744	2987
748	853
749	1040
750	860
750	1018
750	1213
750	1791
750	2636
750	2661
750	3273
755	767
755	807
755	991
755	1081
755	1139
755	1240
755	1283
755	1590
755	1644
755	1902
755	2129
755	2155
755	2390
755	2469
755	2553
755	2638
755	2904
755	2934
755	3119
755	3191
755	3355
757	1002
757	2523
757	2628
765	2236
765	3287
767	798
767	840
767	910
767	961
767	968
767	1023
767	1040
767	1119
767	1172
767	1187
767	1211
767	1238
767	1261
767	1278
767	1314
767	1350
767	1430
767	1465
767	1471
767	1496
767	1530
767	1644
767	1676
767	1685
767	1848
767	1914
767	1915
767	1961
767	1983
767	1988
767	2033
767	2041
767	2066
767	2082
767	2131
767	2212
767	2214
767	2220
767	2237
767	2322
767	2338
767	2349
767	2416
767	2443
767	2499
767	2521
767	2565
767	2601
767	2627
767	2640
767	2868
767	2873
767	2932
767	2969
767	3001
767	3015
767	3145
767	3227
767	3253
768	2808
768	3362
770	1135
770	2894
770	3138
770	3255
774	989
774	2959
775	1284
775	2018
775	3179
776	2322
776	2817
776	3016
776	3182
779	2005
785	1644
785	2091
785	3171
786	968
786	991
786	3113
788	1647
788	2101
789	1036
789	1040
789	1097
789	1271
789	1340
789	1555
789	1616
789	1837
789	1925
789	2294
789	2503
789	3043
789	3111
789	3322
790	935
790	1268
790	3070
790	3168
792	798
792	1060
794	1170
794	1261
794	1845
794	2443
794	2642
794	3111
794	3191
795	1434
795	2096
795	2841
795	3135
798	1334
798	2129
798	2367
800	1211
800	1484
800	2018
801	1311
801	2331
802	805
802	952
802	1040
802	1068
802	1331
802	1776
802	2499
802	2565
802	2698
802	2830
805	2836
819	1261
819	1674
819	2104
819	2274
819	2338
823	1261
823	3046
823	3111
823	3112
828	2349
840	2305
840	2363
840	2782
840	3319
854	1076
854	1170
854	1522
854	1599
854	2288
854	2479
854	2579
854	2934
859	2757
860	1018
860	1213
860	1674
860	1791
860	2320
860	2661
860	3035
860	3273
860	3289
876	1157
876	1674
876	2978
878	3323
887	2642
889	1707
893	3036
894	1187
894	1465
894	1911
894	2070
894	2237
894	2355
894	2385
894	2531
894	2638
894	2841
894	3090
894	3138
896	1309
896	1331
896	1436
896	1570
896	1750
896	2226
896	2251
896	2292
896	2367
896	2436
896	2470
896	2661
896	2771
896	2826
896	2841
896	2901
896	2955
896	2969
896	3090
896	3124
896	3210
896	3273
896	3362
897	1075
897	1125
897	1357
897	1630
897	1706
897	1713
897	2221
897	2366
897	2430
897	2573
897	2836
897	2986
897	3319
902	1592
902	2465
903	2499
910	1277
910	1522
910	1750
910	1779
910	1949
910	2305
910	2499
911	972
915	2640
916	2914
923	1139
925	3129
926	1005
927	991
927	997
927	1120
927	1539
927	1644
927	2370
927	2384
933	3287
935	1599
935	2698
942	1081
944	2633
944	2721
944	3111
950	2274
950	2334
950	3017
958	2946
959	1170
959	1700
959	2170
959	2665
959	2782
959	2826
959	3360
961	2434
961	2933
966	2743
968	1995
968	2789
971	1298
971	1949
971	2443
971	2523
971	2769
971	2793
971	3026
972	2949
975	2789
975	2901
976	1438
976	1927
979	1263
979	1465
980	1351
980	1417
980	1699
980	1995
980	2499
980	2524
980	3118
980	3182
982	1155
982	1263
982	1392
982	1732
982	1927
982	2466
982	2495
982	2613
982	2769
982	2873
982	3179
984	2744
986	3227
989	2255
991	1263
991	1283
991	1635
991	1714
991	1753
991	1844
991	2282
991	2305
991	3001
991	3016
991	3323
994	2131
997	3294
1001	2618
1002	2523
1002	3016
1005	3090
1011	1068
1011	1157
1011	1261
1011	1645
1011	1674
1011	1995
1011	2040
1011	2499
1011	2699
1011	2978
1011	3182
1014	2836
1018	1213
1018	1608
1018	1674
1018	1791
1018	2636
1018	2661
1018	3035
1020	1762
1023	1920
1023	2151
1026	2358
1032	1922
1032	2319
1033	1433
1033	3286
1034	1278
1036	1040
1036	1097
1036	1340
1036	1555
1036	1616
1036	1773
1036	1925
1036	2503
1036	3043
1036	3111
1036	3322
1040	1097
1040	1261
1040	1555
1040	1845
1040	1925
1040	2116
1040	2251
1040	2294
1040	2347
1040	2860
1040	2920
1040	2925
1040	2969
1040	3043
1040	3322
1046	3366
1048	1060
1048	1437
1048	2060
1048	2718
1048	2728
1049	1753
1060	1138
1060	2907
1061	2151
1062	1342
1062	2822
1062	3155
1068	2130
1068	2134
1068	2499
1068	2945
1075	1268
1075	1357
1075	1568
1075	1630
1075	2179
1075	2366
1075	2573
1075	2836
1075	2986
1075	3319
1076	1908
1076	2601
1088	2358
1095	2091
1095	2426
1096	3038
1097	1340
1097	1367
1097	1390
1097	1397
1097	1472
1097	1555
1097	1925
1097	2294
1097	2503
1097	3043
1097	3111
1097	3192
1097	3322
1100	1753
1101	2565
1108	1135
1108	2040
1108	2499
1108	2894
1108	3138
1108	3255
1113	1730
1113	2255
1113	2293
1113	2601
1119	2479
1119	2578
1129	1284
1129	1471
1129	1510
1129	1626
1129	1872
1129	2553
1129	2651
1135	2326
1135	2384
1135	2524
1135	2894
1135	3118
1135	3138
1135	3255
1138	2347
1138	3111
1139	1170
1139	1301
1139	1406
1139	1433
1139	1445
1139	1608
1139	1644
1139	1654
1139	1750
1139	2018
1139	2070
1139	2116
1139	2175
1139	2443
1139	2698
1139	2814
1139	2849
1139	2879
1139	2886
1139	3017
1141	1943
1141	2155
1141	2310
1148	1569
1148	2237
1148	3111
1157	1674
1157	2040
1157	2978
1157	3182
1158	1170
1158	1197
1158	1271
1158	2841
1158	3303
1158	3354
1167	2338
1170	1261
1170	1392
1170	1685
1170	1700
1170	2155
1170	2665
1170	2729
1170	3111
1170	3192
1170	3323
1175	1271
1176	2021
1177	1654
1180	2479
1180	2531
1180	2565
1182	2232
1182	2743
1184	2255
1184	2986
1187	2170
1187	2322
1197	1273
1197	1283
1197	1522
1197	2301
1197	2469
1197	2840
1202	3092
1204	1487
1204	1621
1204	2680
1211	1261
1211	1656
1211	2104
1211	2338
1211	2594
1211	2697
1211	3111
1213	1674
1213	1791
1213	2274
1213	2636
1213	2661
1213	3035
1213	3273
1224	1327
1225	2638
1225	3222
1225	3282
1226	2209
1229	1654
1237	2254
1237	2292
1237	2704
1238	1261
1238	2443
1238	2959
1238	3111
1238	3114
1239	1510
1241	2555
1243	1370
1243	1707
1243	1894
1244	3319
1261	1343
1261	1538
1261	1840
1261	1922
1261	2018
1261	2155
1261	2159
1261	2369
1261	2443
1261	2499
1261	2598
1261	2616
1261	2725
1261	2853
1261	2918
1261	3111
1261	3326
1263	1608
1263	1685
1263	1864
1263	1886
1263	1920
1263	2155
1263	2186
1263	2613
1263	2682
1263	2698
1263	3191
1263	3237
1263	3291
1265	1487
1268	1976
1268	2565
1268	2698
1271	1316
1271	1654
1271	2040
1271	2096
1271	2204
1271	2251
1271	2371
1271	2440
1271	2454
1271	2628
1271	2656
1271	2678
1271	2698
1271	2841
1271	2978
1271	3090
1271	3199
1271	3303
1271	3354
1277	2172
1277	2349
1278	1649
1283	1538
1283	1793
1283	2305
1283	2757
1283	3106
1283	3145
1284	3113
1284	3179
1284	3360
1285	2123
1288	1754
1288	3259
1298	1331
1298	2258
1298	2704
1298	2769
1298	3321
1300	1685
1300	3319
1301	1654
1301	1685
1301	1763
1301	2613
1301	3051
1301	3210
1302	1378
1302	2987
1309	1641
1309	2251
1309	2488
1309	2555
1309	3216
1311	1530
1311	2043
1312	2817
1312	3016
1312	3182
1314	2565
1318	2883
1318	2934
1324	2125
1326	1573
1326	1644
1326	2057
1326	2082
1327	2905
1333	2155
1335	2347
1340	1555
1340	1925
1340	2698
1340	3043
1343	2155
1343	2347
1349	2979
1350	1405
1350	1995
1352	2883
1353	2909
1355	1886
1357	1630
1357	2366
1357	2573
1357	2836
1357	2981
1357	2986
1357	3319
1358	2349
1370	1725
1370	1894
1370	3182
1371	2040
1371	2047
1371	2123
1371	2698
1374	2836
1378	1779
1378	2987
1383	1920
1383	2151
1385	2066
1388	1485
1388	1573
1388	1753
1388	2508
1388	2594
1388	3111
1392	1644
1392	2155
1392	2170
1392	2432
1392	2479
1392	2729
1396	3355
1414	2986
1415	2499
1425	1700
1425	1976
1425	2130
1425	2837
1425	3291
1430	2140
1430	2251
1430	2697
1430	2749
1430	2822
1433	1890
1433	2155
1433	2532
1433	3119
1436	2251
1436	2789
1436	2826
1436	2889
1436	2901
1436	2942
1437	1714
1439	2182
1441	2325
1441	2345
1445	1960
1445	2070
1448	1546
1448	1848
1448	2215
1448	2226
1448	2341
1448	3364
1465	1613
1465	1799
1465	2124
1465	2155
1465	2170
1465	2240
1465	2355
1465	2434
1465	2579
1465	2733
1465	3111
1465	3291
1469	1848
1471	2934
1478	3197
1481	3031
1484	2116
1487	3036
1492	2057
1492	2508
1492	2822
1530	2392
1530	2932
1530	3223
1537	1762
1537	2305
1538	1799
1538	1845
1538	2360
1538	2499
1538	2610
1538	2616
1538	2818
1538	2933
1538	2947
1546	1848
1546	2215
1546	2226
1546	2341
1546	3364
1554	2490
1555	1925
1555	2204
1555	2294
1555	2503
1555	3043
1555	3099
1555	3111
1555	3322
1557	1976
1557	2829
1560	1637
1570	2347
1570	2367
1578	2853
1581	2826
1588	2155
1592	2465
1592	2609
1592	2854
1592	3294
1596	2131
1596	3342
1613	2040
1613	2499
1616	1960
1616	3043
1618	2555
1619	1753
1623	2986
1630	2366
1630	2836
1630	2986
1630	3319
1635	2040
1635	2647
1635	2826
1635	3015
1635	3016
1635	3025
1635	3323
1637	1751
1637	2510
1637	3001
1638	1948
1644	2214
1644	2310
1644	2331
1644	2658
1644	2798
1644	2818
1644	3075
1644	3111
1645	1911
1645	2255
1645	2532
1645	2945
1645	3162
1649	1654
1649	2013
1649	2668
1653	2366
1654	2018
1654	2155
1654	2837
1654	2880
1654	2901
1654	3018
1654	3028
1654	3163
1654	3191
1656	1762
1656	1902
1656	1914
1656	1991
1656	2057
1656	2134
1656	2347
1656	2598
1656	2822
1656	2853
1658	2349
1662	2710
1662	3063
1667	2390
1667	2472
1674	1791
1674	2274
1674	2338
1674	2636
1674	2661
1674	2978
1674	3035
1674	3182
1674	3273
1676	1732
1677	1941
1677	2292
1677	3189
1685	1911
1685	2230
1685	2261
1685	3119
1694	1960
1699	2661
1699	2873
1700	2665
1706	2204
1707	2204
1707	2986
1711	3197
1713	2647
1713	2837
1713	3016
1713	3025
1713	3082
1713	3323
1714	2972
1714	3149
1721	3035
1725	2204
1725	2592
1725	3182
1728	1990
1731	2288
1732	2106
1745	2971
1747	3189
1750	2131
1750	2155
1750	2172
1750	2222
1750	3313
1753	1799
1753	1846
1753	2094
1753	2163
1753	2360
1753	2837
1753	2947
1755	2545
1762	2415
1762	2499
1762	2853
1765	2986
1773	2889
1773	3322
1778	3040
1779	2698
1779	2987
1783	1849
1787	2920
1787	3102
1791	2661
1791	3035
1791	3273
1793	3119
1793	3286
1799	1995
1799	2698
1801	2305
1801	3111
1806	1911
1809	2525
1818	1902
1818	2499
1830	1960
1833	2155
1833	2971
1840	2295
1842	3111
1845	3030
1846	2698
1848	2215
1848	2226
1848	2341
1848	3364
1863	2601
1864	2157
1864	2251
1864	2621
1864	2898
1864	3144
1864	3342
1865	2349
1883	2122
1886	2155
1886	2204
1886	2837
1892	1952
1892	2930
1892	2934
1892	3241
1894	2392
1899	2493
1902	2082
1902	2246
1902	2514
1902	2698
1902	2733
1902	2873
1903	2932
1908	2155
1908	2233
1911	2495
1915	2429
1920	2151
1920	3256
1922	2159
1922	2598
1922	2616
1922	2873
1922	2925
1922	2928
1922	2971
1922	3111
1925	3043
1925	3111
1925	3322
1930	2042
1930	2355
1940	3242
1946	2303
1946	2348
1960	2013
1960	2721
1960	3002
1960	3227
1960	3375
1963	2261
1963	2386
1983	2531
1988	2366
1988	2525
1993	2355
1993	2769
1995	2018
1995	2091
1995	2288
1995	2338
1995	2358
1995	2459
1995	2478
1995	2624
1995	2693
1995	2698
1995	2855
1995	2918
1995	2945
1995	2999
1995	3315
1999	2707
2000	2204
2000	3206
2005	2499
2010	2404
2018	2305
2018	2367
2018	2901
2032	2069
2039	2043
2039	2066
2039	3186
2040	2182
2040	2499
2040	2598
2040	2708
2040	2822
2040	2873
2040	3358
2043	2969
2047	2123
2047	2131
2047	2514
2047	3194
2047	3318
2047	3335
2048	3043
2051	2082
2057	2204
2066	2184
2066	2669
2066	2800
2066	2933
2066	2978
2066	3111
2066	3186
2070	2155
2070	2163
2070	2613
2070	2673
2070	2698
2070	3191
2080	2491
2080	2499
2082	2531
2082	2907
2087	2523
2091	2104
2091	2614
2091	2675
2091	2860
2091	2945
2096	2841
2096	3135
2096	3303
2101	2251
2104	2274
2104	2338
2115	2349
2116	2472
2118	2134
2118	2698
2120	2853
2123	2514
2123	3052
2123	3194
2123	3318
2125	3038
2125	3146
2130	2728
2131	2499
2134	2883
2138	2493
2138	3082
2146	2204
2151	3256
2155	2288
2155	2416
2155	2432
2155	2436
2155	2565
2155	2569
2155	2613
2155	2708
2155	2725
2155	3227
2158	2582
2159	3111
2167	3129
2170	2288
2170	2729
2170	2797
2170	2837
2170	3090
2172	2366
2172	2499
2172	3111
2182	2499
2186	2523
2186	3336
2204	2251
2204	2565
2204	2826
2204	2986
2210	2996
2214	3328
2215	2226
2215	2665
2215	2751
2215	2782
2215	3035
2215	3145
2215	3318
2215	3360
2215	3364
2218	2310
2226	2251
2226	2341
2226	2470
2236	3122
2236	3287
2237	2823
2237	3111
2244	2347
2247	2883
2247	3001
2250	2384
2250	2569
2250	3022
2251	2322
2251	2325
2251	2349
2251	2366
2251	2470
2251	2499
2251	2565
2251	2601
2251	2661
2251	2826
2251	2841
2251	2883
2251	2901
2251	2932
2251	2955
2251	2969
2251	3124
2251	3210
2251	3227
2251	3273
2251	3319
2251	3362
2252	2594
2254	2454
2255	3237
2255	3358
2258	2704
2260	2705
2274	2338
2285	2532
2285	2934
2292	2442
2292	2462
2292	2499
2292	2892
2292	2934
2292	3249
2294	3043
2295	3202
2295	3289
2299	3210
2303	2641
2304	3043
2305	2569
2305	2583
2305	2696
2305	2710
2305	2971
2305	3191
2305	3242
2313	2349
2313	2668
2322	2693
2322	2817
2322	2932
2322	2934
2322	3016
2322	3090
2325	2801
2326	3118
2331	2749
2332	2495
2334	2499
2339	2700
2341	3364
2343	2557
2347	2499
2347	2971
2347	3094
2347	3345
2348	3366
2349	2680
2349	2818
2349	3312
2355	2434
2355	2733
2355	3291
2358	2845
2358	3323
2366	2454
2366	2573
2366	2836
2366	2886
2366	2986
2366	3090
2366	3319
2367	3275
2373	2542
2373	2769
2384	3118
2384	3182
2392	2985
2392	3328
2394	2503
2394	2897
2406	2594
2420	2434
2421	2925
2424	2499
2432	2592
2436	2499
2436	2698
2436	3122
2436	3273
2443	2883
2443	3111
2454	2932
2454	3362
2458	2854
2458	2978
2463	2598
2465	2854
2466	2495
2470	2955
2470	3210
2479	2646
2490	2605
2490	3129
2491	2627
2492	2493
2495	2873
2495	3179
2497	2565
2497	2717
2497	3242
2499	2598
2499	2791
2499	2822
2499	2914
2499	2932
2499	3111
2499	3191
2499	3313
2499	3315
2503	3322
2506	2550
2514	3194
2514	3318
2518	3186
2524	3118
2525	3367
2531	2601
2531	2841
2531	2920
2531	3082
2532	2698
2532	3335
2534	2565
2542	2698
2550	2868
2550	3191
2557	2698
2557	2751
2565	2697
2565	2802
2565	2969
2569	2728
2573	2836
2573	2986
2573	3016
2573	3319
2582	2822
2582	2949
2594	2914
2594	2934
2595	2638
2598	2953
2601	3110
2611	2638
2613	2891
2613	3313
2616	2646
2616	2721
2616	3111
2618	3273
2624	2855
2636	3035
2637	2957
2646	2698
2647	3015
2647	3016
2647	3082
2647	3289
2647	3323
2661	2721
2661	3035
2661	3273
2665	3360
2684	3304
2696	2700
2698	2793
2698	2862
2698	2920
2698	2945
2698	3111
2698	3188
2698	3315
2698	3323
2699	2978
2700	3016
2704	2769
2704	3321
2725	3111
2731	2932
2737	3358
2741	2986
2743	3283
2751	2981
2769	2860
2769	3056
2769	3291
2769	3321
2780	3090
2782	3119
2782	3360
2782	3364
2789	2826
2789	2901
2801	2882
2817	3016
2817	3025
2818	2905
2822	2914
2822	3302
2826	2889
2826	2901
2826	2942
2826	3015
2826	3025
2826	3323
2832	3292
2836	2986
2836	3319
2841	3303
2841	3354
2853	2873
2853	3052
2853	3090
2861	2969
2868	3191
2870	3319
2873	3016
2873	3291
2874	2904
2874	2991
2874	3208
2883	3090
2889	2901
2889	2942
2892	2934
2894	3138
2894	3255
2901	2942
2901	3082
2914	2947
2914	2994
2914	3043
2914	3260
2918	3111
2925	3035
2925	3111
2928	3111
2930	2934
2932	3043
2932	3216
2933	3191
2943	3360
2953	3342
2972	3015
2986	3319
3015	3016
3015	3025
3015	3323
3016	3025
3016	3082
3016	3323
3025	3082
3025	3237
3035	3205
3035	3273
3043	3111
3043	3322
3055	3360
3082	3323
3090	3362
3111	3358
3122	3287
3138	3255
3145	3318
3170	3328
3179	3360
3194	3318
3194	3335
3202	3289
3222	3282
3228	3249
3286	3291
3287	3291
3289	3323
3303	3354
3319	3355
3360	3364
3319	0
562	4
139	7
469	7
499	7
1180	7
1300	7
2305	7
2698	7
2907	7
3195	7
56	8
448	8
2406	8
2531	8
56	11
134	11
304	11
381	11
436	11
577	11
637	11
690	11
1288	11
2157	11
2986	11
2499	17
469	18
802	18
1062	18
1528	18
1914	18
2338	18
2370	18
2436	18
2458	18
2836	18
2873	18
2932	18
2769	19
2978	19
1036	22
2598	22
1062	23
2465	23
2159	30
2698	30
396	32
566	32
1930	32
2772	32
3191	32
3355	32
1036	33
3319	33
2469	35
2066	37
3323	37
896	42
2251	42
354	54
2698	54
56	55
127	55
134	55
183	55
275	55
637	55
671	55
672	55
727	55
785	55
926	55
1011	55
1135	55
1370	55
1465	55
1538	55
1630	55
1650	55
1753	55
1815	55
1995	55
2274	55
2322	55
2325	55
2355	55
2420	55
2432	55
2434	55
2436	55
2594	55
2598	55
2693	55
2698	55
2733	55
2853	55
3366	55
134	56
275	56
309	56
373	56
396	56
423	56
429	56
452	56
562	56
610	56
615	56
637	56
671	56
672	56
713	56
719	56
805	56
819	56
854	56
860	56
950	56
961	56
979	56
991	56
1011	56
1018	56
1135	56
1197	56
1211	56
1350	56
1370	56
1388	56
1392	56
1425	56
1465	56
1538	56
1639	56
1644	56
1645	56
1654	56
1674	56
1677	56
1753	56
1791	56
1908	56
1995	56
2070	56
2091	56
2261	56
2274	56
2310	56
2376	56
2420	56
2434	56
2436	56
2555	56
2594	56
2693	56
2698	56
2841	56
2853	56
2933	56
2934	56
3035	56
3138	56
3291	56
2458	65
236	69
445	69
1097	69
2305	69
2470	69
1388	70
1075	71
541	73
927	73
933	73
1719	73
2214	73
2926	73
3287	73
610	81
235	82
2023	82
2251	82
2276	82
2408	82
2698	82
2962	82
3203	82
562	83
897	83
1075	83
1357	83
1630	83
2366	83
2573	83
2836	83
2986	83
3319	83
2313	86
3054	86
2565	89
479	92
789	92
1040	92
704	93
2606	93
110	94
464	94
708	94
2193	94
3144	94
3347	94
910	103
2862	103
1005	104
350	105
480	105
512	105
2251	105
3364	105
479	107
1960	107
2510	107
2901	107
562	108
606	110
767	110
1190	110
1271	110
2826	110
3191	110
3358	111
1204	113
1487	113
2680	113
3036	113
236	115
577	115
708	115
723	115
755	115
2070	115
562	117
167	120
767	120
1644	120
388	121
718	121
1158	121
1271	121
2096	121
2841	121
3303	121
3354	121
134	122
1732	124
2665	124
134	127
172	127
637	127
639	127
1656	127
1995	127
2852	127
1437	129
2462	129
2519	129
1011	130
1911	130
586	131
1261	133
177	134
460	134
637	134
639	134
805	134
819	134
979	134
1141	134
1211	134
1430	134
1961	134
1995	134
2091	134
2261	134
2420	134
2434	134
2555	134
2557	134
2594	134
2609	134
2661	134
2818	134
2831	134
2853	134
3035	134
3291	134
275	135
1644	135
1685	135
1992	135
2057	135
2204	135
2347	135
2458	135
2557	135
3128	135
3145	135
1141	136
1846	136
323	137
1920	137
2151	137
606	139
1441	139
2889	141
3237	141
1036	148
2236	148
1753	151
2305	151
2969	152
959	157
1254	157
2782	157
3360	157
3364	157
432	158
2048	158
2251	158
167	159
193	159
267	159
370	159
512	159
606	159
767	159
774	159
897	159
1129	159
1277	159
2043	159
2157	159
2360	159
2565	159
2743	159
2769	159
2818	159
2925	159
3043	159
3157	159
3285	159
2853	160
790	164
1995	164
2040	164
2499	164
3111	164
448	166
789	166
3322	166
664	167
989	167
1197	167
2598	167
2744	167
3294	167
249	172
568	172
615	172
639	172
770	172
1135	172
2894	172
3138	172
3255	172
577	177
634	177
2186	177
432	182
2636	182
767	183
766	184
194	185
196	185
512	185
968	185
2303	185
1197	189
1522	189
341	191
767	191
1261	191
3111	191
1040	193
1407	193
2066	193
2305	193
350	194
3149	194
439	196
512	196
687	196
1448	196
1546	196
1848	196
2210	196
2215	196
2226	196
2341	196
2470	196
3364	196
323	201
479	201
2181	201
2373	201
2542	201
2698	201
1129	203
950	205
3001	208
3016	208
1396	211
2305	211
2349	211
1557	212
490	213
1425	213
2613	213
3355	213
894	216
675	217
1645	217
2313	217
3040	217
1254	220
1995	222
2499	222
2539	222
2698	222
341	224
606	224
637	224
1257	224
1699	224
1783	224
2051	224
2610	224
2794	224
3111	224
3191	224
1430	229
2721	229
897	235
1075	235
1125	235
1357	235
1630	235
1998	235
2172	235
2366	235
2573	235
2836	235
2986	235
927	236
1118	236
1799	236
1999	236
2066	236
2499	236
3186	236
410	242
1285	242
1902	242
2047	242
2123	242
2514	242
1753	247
2499	247
2295	248
615	249
639	249
770	249
1135	249
2326	249
2384	249
2524	249
2894	249
3118	249
3138	249
3255	249
896	251
671	252
524	259
2292	259
2618	259
3319	259
1117	261
1182	262
2232	262
2986	262
767	265
1645	265
2347	265
402	267
1296	267
1415	267
1783	267
1849	267
2668	267
2794	267
2978	267
950	268
2802	268
2305	271
1271	272
1791	272
637	275
726	275
1905	275
2164	275
2610	275
548	277
402	278
603	278
744	278
1302	278
1378	278
1763	278
1783	278
1800	278
2499	278
2523	278
2587	278
2718	278
2987	278
3043	286
464	291
318	295
637	295
712	295
757	295
767	295
1902	295
2523	295
3291	295
767	296
1578	296
1677	296
2292	296
2301	296
2835	296
2892	296
2922	296
2934	296
3016	296
3193	296
562	297
2525	301
562	303
1129	303
610	309
910	309
1139	309
1392	309
1762	309
807	315
973	315
2404	315
2261	318
1011	323
1481	323
2366	323
3070	323
3144	323
2233	326
452	329
423	331
1864	331
2155	331
341	337
631	337
3203	337
577	341
767	341
794	341
961	341
1040	341
1076	341
1119	341
1172	341
1190	341
1211	341
1261	341
1656	341
1676	341
1762	341
1848	341
2230	341
2443	341
2642	341
2868	341
2932	341
2969	341
3111	341
3253	341
464	342
2565	342
710	343
445	344
479	344
789	344
1040	344
3043	344
1343	345
1433	345
1654	345
2070	345
2155	345
2613	345
1732	346
3290	346
562	349
767	350
1791	350
479	351
2932	351
456	353
704	353
896	353
1139	353
1436	353
1654	353
2826	353
2889	353
2901	353
2942	353
1654	358
410	363
3318	363
2823	365
730	368
2367	368
971	370
2793	370
2986	371
3319	371
577	373
767	373
2532	373
2817	373
789	381
1011	381
1555	381
2869	381
3323	381
3266	382
718	388
1158	388
1271	388
2096	388
2841	388
3303	388
3354	388
406	390
445	390
479	390
789	390
1036	390
1040	390
1097	390
1555	390
1925	390
2294	390
2503	390
3043	390
3322	390
919	391
480	396
566	396
606	396
645	396
991	396
1360	396
1822	396
2285	396
3191	396
1976	398
789	401
1644	402
1783	402
410	403
712	403
1271	403
3043	403
445	406
479	406
516	409
2647	409
2969	409
3015	409
3016	409
3323	409
507	410
627	410
637	410
767	410
1228	410
1285	410
1897	410
2123	410
2215	410
2343	410
2531	410
2557	410
3194	410
3291	410
1060	413
1685	413
971	420
1679	420
637	423
755	423
1141	423
1263	423
1283	423
1925	423
2305	423
2355	423
2642	423
2862	423
3191	423
3291	423
3355	423
577	429
1261	429
2698	429
2934	429
896	432
1213	432
1674	432
2251	432
3035	432
3111	432
3273	432
2647	434
3015	434
1753	436
2255	436
1546	439
1848	439
2215	439
2226	439
2341	439
479	445
512	445
591	445
637	445
642	445
723	445
789	445
1036	445
1040	445
1097	445
1124	445
1163	445
1300	445
1340	445
1555	445
1568	445
1616	445
1780	445
1817	445
1902	445
1925	445
2218	445
2251	445
2294	445
2503	445
2583	445
2892	445
2959	445
3043	445
3099	445
3111	445
3155	445
3199	445
3220	445
3322	445
755	447
840	447
942	448
991	448
1081	448
1157	448
1384	448
1654	448
1833	448
1986	448
480	452
755	452
767	452
1068	452
1118	452
1343	452
1644	452
1995	452
2613	452
2835	452
3191	452
3355	452
704	456
896	456
1436	456
2789	456
2826	456
2901	456
2942	456
1170	461
1892	461
767	463
500	464
512	464
712	464
734	464
968	464
1027	464
1040	464
1239	464
1271	464
1502	464
1510	464
1963	464
2251	464
2261	464
2268	464
2430	464
2594	464
2598	464
2670	464
2729	464
2822	464
3354	464
637	469
966	469
1036	469
1180	469
2116	469
2491	469
2499	469
2868	469
3106	469
3111	469
3191	469
708	474
776	474
805	474
1312	474
2322	474
2817	474
2901	474
3016	474
3025	474
3157	474
3182	474
512	479
513	479
563	479
591	479
727	479
789	479
942	479
982	479
1036	479
1040	479
1097	479
1200	479
1340	479
1555	479
1568	479
1616	479
1667	479
1925	479
2048	479
2056	479
2294	479
2503	479
2878	479
3043	479
3322	479
586	480
1350	480
1355	480
1667	480
1793	480
1864	480
2367	480
2499	480
3342	480
976	482
1139	482
1864	482
3360	482
1787	483
1350	486
1357	486
1700	486
2665	486
675	487
562	488
2613	490
1040	493
1139	493
1654	493
2251	493
1197	494
1677	494
1370	495
1180	499
910	500
1239	500
1277	500
2737	500
3260	500
770	501
2693	501
2310	504
1592	505
1685	505
3323	505
897	507
2986	510
562	512
610	512
634	512
1139	512
1271	512
1441	512
1592	512
1685	512
2091	512
2101	512
2204	512
2251	512
2391	512
2394	512
2499	512
2531	512
2555	512
2565	512
2594	512
2613	512
2826	512
2835	512
2883	512
2932	512
3319	512
733	513
2878	513
1271	516
1557	521
585	527
972	527
1170	527
2499	527
2986	533
2295	541
3202	541
971	544
1425	544
2582	544
2793	544
2836	544
2969	544
1685	546
1753	546
1441	547
663	549
1104	549
1635	555
2826	555
3015	555
585	562
639	562
669	562
670	562
717	562
733	562
800	562
923	562
1021	562
1170	562
1184	562
1186	562
1211	562
1370	562
1665	562
1822	562
1894	562
2051	562
2246	562
2253	562
2292	562
2325	562
2366	562
2479	562
2573	562
2849	562
3016	562
3052	562
3069	562
3090	562
3131	562
3261	562
3282	562
1139	566
1170	566
1377	566
1433	566
1644	566
1654	566
2179	566
2292	566
3090	566
3286	566
1745	568
2999	568
1902	574
621	577
979	577
991	577
1040	577
1048	577
1119	577
1238	577
1343	577
1522	577
1644	577
1714	577
1762	577
1799	577
2130	577
2261	577
2459	577
2792	577
2932	577
3162	577
3206	577
3315	577
2797	582
586	585
667	585
711	585
823	585
923	585
971	585
1011	585
1046	585
1211	585
1268	585
1336	585
1484	585
1644	585
1676	585
2021	585
2134	585
2156	585
2250	585
2251	585
2319	585
2416	585
2499	585
2523	585
2557	585
2560	585
2698	585
2793	585
2802	585
2853	585
2945	585
3040	585
3046	585
3289	585
3315	585
631	586
637	586
663	586
767	586
894	586
1358	586
1618	586
1674	586
2251	586
2489	586
2698	586
2889	586
2797	588
1271	590
789	591
1040	591
1557	591
3043	591
789	592
3273	599
744	603
1302	603
1480	603
1538	603
2987	603
3289	603
767	606
1040	606
2137	606
2232	606
2251	606
2303	606
2367	606
2454	606
2470	606
2822	606
2868	606
3119	606
1762	610
2802	610
3026	610
2322	612
2759	612
2797	612
3138	612
639	615
770	615
980	615
1108	615
1135	615
2326	615
2384	615
2524	615
2894	615
3118	615
3138	615
3255	615
1301	619
2836	619
2907	619
637	621
1644	621
1995	621
2837	621
3191	621
1713	622
2636	622
2647	622
3016	622
3082	622
3289	622
3323	622
697	624
789	624
1531	624
2565	624
3040	624
2066	625
894	629
927	629
1068	629
1866	629
805	631
1072	631
1425	631
1866	631
2499	631
2719	631
2499	632
923	634
950	634
2454	634
2594	634
2947	634
3281	634
3342	634
3346	634
672	636
2693	636
639	637
671	637
705	637
723	637
794	637
860	637
896	637
950	637
961	637
991	637
1018	637
1135	637
1238	637
1263	637
1343	637
1350	637
1370	637
1465	637
1637	637
1644	637
1902	637
1908	637
2066	637
2070	637
2251	637
2274	637
2305	637
2310	637
2343	637
2355	637
2394	637
2408	637
2416	637
2420	637
2468	637
2479	637
2532	637
2594	637
2613	637
2733	637
2769	637
2853	637
2894	637
3138	637
770	639
877	639
1108	639
1135	639
2769	639
2894	639
2912	639
3138	639
3255	639
979	642
705	643
2349	651
1298	653
2704	653
2769	653
3321	653
2565	659
1350	663
1656	667
2251	667
1370	671
1995	671
2555	671
3366	671
719	672
1650	672
1995	672
2106	672
2116	672
2693	672
1040	675
1190	675
2565	675
3197	677
1288	690
1754	690
854	692
1197	692
2172	692
1284	693
1163	694
1197	694
3111	695
1129	699
1284	699
1436	704
1821	704
2789	704
2826	704
2889	704
2901	704
2942	704
2322	705
2348	705
3040	705
3291	705
896	708
2251	708
2926	708
786	710
1040	710
1392	710
1599	710
1685	710
2070	710
2251	710
2303	710
2565	710
2693	710
3090	710
1040	711
910	712
2594	712
2627	712
3361	712
755	713
967	713
1644	713
2658	713
2853	713
795	718
950	718
1158	718
1271	718
2096	718
2841	718
3303	718
3354	718
2853	719
3052	719
2525	720
3294	720
767	723
982	723
1139	723
1845	723
3043	723
802	724
910	725
2236	725
3122	725
3287	725
1555	727
2594	727
3286	727
3322	727
775	730
1139	730
1284	730
1301	730
3179	730
3342	730
2926	732
1763	733
2539	733
2878	733
1239	734
3063	734
819	736
1001	736
1213	736
1261	736
1674	736
2104	736
2274	736
2338	736
2347	736
2618	736
2737	736
1160	737
2392	737
1309	742
1302	744
1378	744
1779	744
2987	744
853	748
1040	749
860	750
1018	750
1213	750
1791	750
2636	750
2661	750
3273	750
767	755
807	755
991	755
1081	755
1139	755
1240	755
1283	755
1590	755
1644	755
1902	755
2129	755
2155	755
2390	755
2469	755
2553	755
2638	755
2904	755
2934	755
3119	755
3191	755
3355	755
1002	757
2523	757
2628	757
2236	765
3287	765
798	767
840	767
910	767
961	767
968	767
1023	767
1040	767
1119	767
1172	767
1187	767
1211	767
1238	767
1261	767
1278	767
1314	767
1350	767
1430	767
1465	767
1471	767
1496	767
1530	767
1644	767
1676	767
1685	767
1848	767
1914	767
1915	767
1961	767
1983	767
1988	767
2033	767
2041	767
2066	767
2082	767
2131	767
2212	767
2214	767
2220	767
2237	767
2322	767
2338	767
2349	767
2416	767
2443	767
2499	767
2521	767
2565	767
2601	767
2627	767
2640	767
2868	767
2873	767
2932	767
2969	767
3001	767
3015	767
3145	767
3227	767
3253	767
2808	768
3362	768
1135	770
2894	770
3138	770
3255	770
989	774
2959	774
1284	775
2018	775
3179	775
2322	776
2817	776
3016	776
3182	776
2005	779
1644	785
2091	785
3171	785
968	786
991	786
3113	786
1647	788
2101	788
1036	789
1040	789
1097	789
1271	789
1340	789
1555	789
1616	789
1837	789
1925	789
2294	789
2503	789
3043	789
3111	789
3322	789
935	790
1268	790
3070	790
3168	790
798	792
1060	792
1170	794
1261	794
1845	794
2443	794
2642	794
3111	794
3191	794
1434	795
2096	795
2841	795
3135	795
1334	798
2129	798
2367	798
1211	800
1484	800
2018	800
1311	801
2331	801
805	802
952	802
1040	802
1068	802
1331	802
1776	802
2499	802
2565	802
2698	802
2830	802
2836	805
1261	819
1674	819
2104	819
2274	819
2338	819
1261	823
3046	823
3111	823
3112	823
2349	828
2305	840
2363	840
2782	840
3319	840
1076	854
1170	854
1522	854
1599	854
2288	854
2479	854
2579	854
2934	854
2757	859
1018	860
1213	860
1674	860
1791	860
2320	860
2661	860
3035	860
3273	860
3289	860
1157	876
1674	876
2978	876
3323	878
2642	887
1707	889
3036	893
1187	894
1465	894
1911	894
2070	894
2237	894
2355	894
2385	894
2531	894
2638	894
2841	894
3090	894
3138	894
1309	896
1331	896
1436	896
1570	896
1750	896
2226	896
2251	896
2292	896
2367	896
2436	896
2470	896
2661	896
2771	896
2826	896
2841	896
2901	896
2955	896
2969	896
3090	896
3124	896
3210	896
3273	896
3362	896
1075	897
1125	897
1357	897
1630	897
1706	897
1713	897
2221	897
2366	897
2430	897
2573	897
2836	897
2986	897
3319	897
1592	902
2465	902
2499	903
1277	910
1522	910
1750	910
1779	910
1949	910
2305	910
2499	910
972	911
2640	915
2914	916
1139	923
3129	925
1005	926
991	927
997	927
1120	927
1539	927
1644	927
2370	927
2384	927
3287	933
1599	935
2698	935
1081	942
2633	944
2721	944
3111	944
2274	950
2334	950
3017	950
2946	958
1170	959
1700	959
2170	959
2665	959
2782	959
2826	959
3360	959
2434	961
2933	961
2743	966
1995	968
2789	968
1298	971
1949	971
2443	971
2523	971
2769	971
2793	971
3026	971
2949	972
2789	975
2901	975
1438	976
1927	976
1263	979
1465	979
1351	980
1417	980
1699	980
1995	980
2499	980
2524	980
3118	980
3182	980
1155	982
1263	982
1392	982
1732	982
1927	982
2466	982
2495	982
2613	982
2769	982
2873	982
3179	982
2744	984
3227	986
2255	989
1263	991
1283	991
1635	991
1714	991
1753	991
1844	991
2282	991
2305	991
3001	991
3016	991
3323	991
2131	994
3294	997
2618	1001
2523	1002
3016	1002
3090	1005
1068	1011
1157	1011
1261	1011
1645	1011
1674	1011
1995	1011
2040	1011
2499	1011
2699	1011
2978	1011
3182	1011
2836	1014
1213	1018
1608	1018
1674	1018
1791	1018
2636	1018
2661	1018
3035	1018
1762	1020
1920	1023
2151	1023
2358	1026
1922	1032
2319	1032
1433	1033
3286	1033
1278	1034
1040	1036
1097	1036
1340	1036
1555	1036
1616	1036
1773	1036
1925	1036
2503	1036
3043	1036
3111	1036
3322	1036
1097	1040
1261	1040
1555	1040
1845	1040
1925	1040
2116	1040
2251	1040
2294	1040
2347	1040
2860	1040
2920	1040
2925	1040
2969	1040
3043	1040
3322	1040
3366	1046
1060	1048
1437	1048
2060	1048
2718	1048
2728	1048
1753	1049
1138	1060
2907	1060
2151	1061
1342	1062
2822	1062
3155	1062
2130	1068
2134	1068
2499	1068
2945	1068
1268	1075
1357	1075
1568	1075
1630	1075
2179	1075
2366	1075
2573	1075
2836	1075
2986	1075
3319	1075
1908	1076
2601	1076
2358	1088
2091	1095
2426	1095
3038	1096
1340	1097
1367	1097
1390	1097
1397	1097
1472	1097
1555	1097
1925	1097
2294	1097
2503	1097
3043	1097
3111	1097
3192	1097
3322	1097
1753	1100
2565	1101
1135	1108
2040	1108
2499	1108
2894	1108
3138	1108
3255	1108
1730	1113
2255	1113
2293	1113
2601	1113
2479	1119
2578	1119
1284	1129
1471	1129
1510	1129
1626	1129
1872	1129
2553	1129
2651	1129
2326	1135
2384	1135
2524	1135
2894	1135
3118	1135
3138	1135
3255	1135
2347	1138
3111	1138
1170	1139
1301	1139
1406	1139
1433	1139
1445	1139
1608	1139
1644	1139
1654	1139
1750	1139
2018	1139
2070	1139
2116	1139
2175	1139
2443	1139
2698	1139
2814	1139
2849	1139
2879	1139
2886	1139
3017	1139
1943	1141
2155	1141
2310	1141
1569	1148
2237	1148
3111	1148
1674	1157
2040	1157
2978	1157
3182	1157
1170	1158
1197	1158
1271	1158
2841	1158
3303	1158
3354	1158
2338	1167
1261	1170
1392	1170
1685	1170
1700	1170
2155	1170
2665	1170
2729	1170
3111	1170
3192	1170
3323	1170
1271	1175
2021	1176
1654	1177
2479	1180
2531	1180
2565	1180
2232	1182
2743	1182
2255	1184
2986	1184
2170	1187
2322	1187
1273	1197
1283	1197
1522	1197
2301	1197
2469	1197
2840	1197
3092	1202
1487	1204
1621	1204
2680	1204
1261	1211
1656	1211
2104	1211
2338	1211
2594	1211
2697	1211
3111	1211
1674	1213
1791	1213
2274	1213
2636	1213
2661	1213
3035	1213
3273	1213
1327	1224
2638	1225
3222	1225
3282	1225
2209	1226
1654	1229
2254	1237
2292	1237
2704	1237
1261	1238
2443	1238
2959	1238
3111	1238
3114	1238
1510	1239
2555	1241
1370	1243
1707	1243
1894	1243
3319	1244
1343	1261
1538	1261
1840	1261
1922	1261
2018	1261
2155	1261
2159	1261
2369	1261
2443	1261
2499	1261
2598	1261
2616	1261
2725	1261
2853	1261
2918	1261
3111	1261
3326	1261
1608	1263
1685	1263
1864	1263
1886	1263
1920	1263
2155	1263
2186	1263
2613	1263
2682	1263
2698	1263
3191	1263
3237	1263
3291	1263
1487	1265
1976	1268
2565	1268
2698	1268
1316	1271
1654	1271
2040	1271
2096	1271
2204	1271
2251	1271
2371	1271
2440	1271
2454	1271
2628	1271
2656	1271
2678	1271
2698	1271
2841	1271
2978	1271
3090	1271
3199	1271
3303	1271
3354	1271
2172	1277
2349	1277
1649	1278
1538	1283
1793	1283
2305	1283
2757	1283
3106	1283
3145	1283
3113	1284
3179	1284
3360	1284
2123	1285
1754	1288
3259	1288
1331	1298
2258	1298
2704	1298
2769	1298
3321	1298
1685	1300
3319	1300
1654	1301
1685	1301
1763	1301
2613	1301
3051	1301
3210	1301
1378	1302
2987	1302
1641	1309
2251	1309
2488	1309
2555	1309
3216	1309
1530	1311
2043	1311
2817	1312
3016	1312
3182	1312
2565	1314
2883	1318
2934	1318
2125	1324
1573	1326
1644	1326
2057	1326
2082	1326
2905	1327
2155	1333
2347	1335
1555	1340
1925	1340
2698	1340
3043	1340
2155	1343
2347	1343
2979	1349
1405	1350
1995	1350
2883	1352
2909	1353
1886	1355
1630	1357
2366	1357
2573	1357
2836	1357
2981	1357
2986	1357
3319	1357
2349	1358
1725	1370
1894	1370
3182	1370
2040	1371
2047	1371
2123	1371
2698	1371
2836	1374
1779	1378
2987	1378
1920	1383
2151	1383
2066	1385
1485	1388
1573	1388
1753	1388
2508	1388
2594	1388
3111	1388
1644	1392
2155	1392
2170	1392
2432	1392
2479	1392
2729	1392
3355	1396
2986	1414
2499	1415
1700	1425
1976	1425
2130	1425
2837	1425
3291	1425
2140	1430
2251	1430
2697	1430
2749	1430
2822	1430
1890	1433
2155	1433
2532	1433
3119	1433
2251	1436
2789	1436
2826	1436
2889	1436
2901	1436
2942	1436
1714	1437
2182	1439
2325	1441
2345	1441
1960	1445
2070	1445
1546	1448
1848	1448
2215	1448
2226	1448
2341	1448
3364	1448
1613	1465
1799	1465
2124	1465
2155	1465
2170	1465
2240	1465
2355	1465
2434	1465
2579	1465
2733	1465
3111	1465
3291	1465
1848	1469
2934	1471
3197	1478
3031	1481
2116	1484
3036	1487
2057	1492
2508	1492
2822	1492
2392	1530
2932	1530
3223	1530
1762	1537
2305	1537
1799	1538
1845	1538
2360	1538
2499	1538
2610	1538
2616	1538
2818	1538
2933	1538
2947	1538
1848	1546
2215	1546
2226	1546
2341	1546
3364	1546
2490	1554
1925	1555
2204	1555
2294	1555
2503	1555
3043	1555
3099	1555
3111	1555
3322	1555
1976	1557
2829	1557
1637	1560
2347	1570
2367	1570
2853	1578
2826	1581
2155	1588
2465	1592
2609	1592
2854	1592
3294	1592
2131	1596
3342	1596
2040	1613
2499	1613
1960	1616
3043	1616
2555	1618
1753	1619
2986	1623
2366	1630
2836	1630
2986	1630
3319	1630
2040	1635
2647	1635
2826	1635
3015	1635
3016	1635
3025	1635
3323	1635
1751	1637
2510	1637
3001	1637
1948	1638
2214	1644
2310	1644
2331	1644
2658	1644
2798	1644
2818	1644
3075	1644
3111	1644
1911	1645
2255	1645
2532	1645
2945	1645
3162	1645
1654	1649
2013	1649
2668	1649
2366	1653
2018	1654
2155	1654
2837	1654
2880	1654
2901	1654
3018	1654
3028	1654
3163	1654
3191	1654
1762	1656
1902	1656
1914	1656
1991	1656
2057	1656
2134	1656
2347	1656
2598	1656
2822	1656
2853	1656
2349	1658
2710	1662
3063	1662
2390	1667
2472	1667
1791	1674
2274	1674
2338	1674
2636	1674
2661	1674
2978	1674
3035	1674
3182	1674
3273	1674
1732	1676
1941	1677
2292	1677
3189	1677
1911	1685
2230	1685
2261	1685
3119	1685
1960	1694
2661	1699
2873	1699
2665	1700
2204	1706
2204	1707
2986	1707
3197	1711
2647	1713
2837	1713
3016	1713
3025	1713
3082	1713
3323	1713
2972	1714
3149	1714
3035	1721
2204	1725
2592	1725
3182	1725
1990	1728
2288	1731
2106	1732
2971	1745
3189	1747
2131	1750
2155	1750
2172	1750
2222	1750
3313	1750
1799	1753
1846	1753
2094	1753
2163	1753
2360	1753
2837	1753
2947	1753
2545	1755
2415	1762
2499	1762
2853	1762
2986	1765
2889	1773
3322	1773
3040	1778
2698	1779
2987	1779
1849	1783
2920	1787
3102	1787
2661	1791
3035	1791
3273	1791
3119	1793
3286	1793
1995	1799
2698	1799
2305	1801
3111	1801
1911	1806
2525	1809
1902	1818
2499	1818
1960	1830
2155	1833
2971	1833
2295	1840
3111	1842
3030	1845
2698	1846
2215	1848
2226	1848
2341	1848
3364	1848
2601	1863
2157	1864
2251	1864
2621	1864
2898	1864
3144	1864
3342	1864
2349	1865
2122	1883
2155	1886
2204	1886
2837	1886
1952	1892
2930	1892
2934	1892
3241	1892
2392	1894
2493	1899
2082	1902
2246	1902
2514	1902
2698	1902
2733	1902
2873	1902
2932	1903
2155	1908
2233	1908
2495	1911
2429	1915
2151	1920
3256	1920
2159	1922
2598	1922
2616	1922
2873	1922
2925	1922
2928	1922
2971	1922
3111	1922
3043	1925
3111	1925
3322	1925
2042	1930
2355	1930
3242	1940
2303	1946
2348	1946
2013	1960
2721	1960
3002	1960
3227	1960
3375	1960
2261	1963
2386	1963
2531	1983
2366	1988
2525	1988
2355	1993
2769	1993
2018	1995
2091	1995
2288	1995
2338	1995
2358	1995
2459	1995
2478	1995
2624	1995
2693	1995
2698	1995
2855	1995
2918	1995
2945	1995
2999	1995
3315	1995
2707	1999
2204	2000
3206	2000
2499	2005
2404	2010
2305	2018
2367	2018
2901	2018
2069	2032
2043	2039
2066	2039
3186	2039
2182	2040
2499	2040
2598	2040
2708	2040
2822	2040
2873	2040
3358	2040
2969	2043
2123	2047
2131	2047
2514	2047
3194	2047
3318	2047
3335	2047
3043	2048
2082	2051
2204	2057
2184	2066
2669	2066
2800	2066
2933	2066
2978	2066
3111	2066
3186	2066
2155	2070
2163	2070
2613	2070
2673	2070
2698	2070
3191	2070
2491	2080
2499	2080
2531	2082
2907	2082
2523	2087
2104	2091
2614	2091
2675	2091
2860	2091
2945	2091
2841	2096
3135	2096
3303	2096
2251	2101
2274	2104
2338	2104
2349	2115
2472	2116
2134	2118
2698	2118
2853	2120
2514	2123
3052	2123
3194	2123
3318	2123
3038	2125
3146	2125
2728	2130
2499	2131
2883	2134
2493	2138
3082	2138
2204	2146
3256	2151
2288	2155
2416	2155
2432	2155
2436	2155
2565	2155
2569	2155
2613	2155
2708	2155
2725	2155
3227	2155
2582	2158
3111	2159
3129	2167
2288	2170
2729	2170
2797	2170
2837	2170
3090	2170
2366	2172
2499	2172
3111	2172
2499	2182
2523	2186
3336	2186
2251	2204
2565	2204
2826	2204
2986	2204
2996	2210
3328	2214
2226	2215
2665	2215
2751	2215
2782	2215
3035	2215
3145	2215
3318	2215
3360	2215
3364	2215
2310	2218
2251	2226
2341	2226
2470	2226
3122	2236
3287	2236
2823	2237
3111	2237
2347	2244
2883	2247
3001	2247
2384	2250
2569	2250
3022	2250
2322	2251
2325	2251
2349	2251
2366	2251
2470	2251
2499	2251
2565	2251
2601	2251
2661	2251
2826	2251
2841	2251
2883	2251
2901	2251
2932	2251
2955	2251
2969	2251
3124	2251
3210	2251
3227	2251
3273	2251
3319	2251
3362	2251
2594	2252
2454	2254
3237	2255
3358	2255
2704	2258
2705	2260
2338	2274
2532	2285
2934	2285
2442	2292
2462	2292
2499	2292
2892	2292
2934	2292
3249	2292
3043	2294
3202	2295
3289	2295
3210	2299
2641	2303
3043	2304
2569	2305
2583	2305
2696	2305
2710	2305
2971	2305
3191	2305
3242	2305
2349	2313
2668	2313
2693	2322
2817	2322
2932	2322
2934	2322
3016	2322
3090	2322
2801	2325
3118	2326
2749	2331
2495	2332
2499	2334
2700	2339
3364	2341
2557	2343
2499	2347
2971	2347
3094	2347
3345	2347
3366	2348
2680	2349
2818	2349
3312	2349
2434	2355
2733	2355
3291	2355
2845	2358
3323	2358
2454	2366
2573	2366
2836	2366
2886	2366
2986	2366
3090	2366
3319	2366
3275	2367
2542	2373
2769	2373
3118	2384
3182	2384
2985	2392
3328	2392
2503	2394
2897	2394
2594	2406
2434	2420
2925	2421
2499	2424
2592	2432
2499	2436
2698	2436
3122	2436
3273	2436
2883	2443
3111	2443
2932	2454
3362	2454
2854	2458
2978	2458
2598	2463
2854	2465
2495	2466
2955	2470
3210	2470
2646	2479
2605	2490
3129	2490
2627	2491
2493	2492
2873	2495
3179	2495
2565	2497
2717	2497
3242	2497
2598	2499
2791	2499
2822	2499
2914	2499
2932	2499
3111	2499
3191	2499
3313	2499
3315	2499
3322	2503
2550	2506
3194	2514
3318	2514
3186	2518
3118	2524
3367	2525
2601	2531
2841	2531
2920	2531
3082	2531
2698	2532
3335	2532
2565	2534
2698	2542
2868	2550
3191	2550
2698	2557
2751	2557
2697	2565
2802	2565
2969	2565
2728	2569
2836	2573
2986	2573
3016	2573
3319	2573
2822	2582
2949	2582
2914	2594
2934	2594
2638	2595
2953	2598
3110	2601
2638	2611
2891	2613
3313	2613
2646	2616
2721	2616
3111	2616
3273	2618
2855	2624
3035	2636
2957	2637
2698	2646
3015	2647
3016	2647
3082	2647
3289	2647
3323	2647
2721	2661
3035	2661
3273	2661
3360	2665
3304	2684
2700	2696
2793	2698
2862	2698
2920	2698
2945	2698
3111	2698
3188	2698
3315	2698
3323	2698
2978	2699
3016	2700
2769	2704
3321	2704
3111	2725
2932	2731
3358	2737
2986	2741
3283	2743
2981	2751
2860	2769
3056	2769
3291	2769
3321	2769
3090	2780
3119	2782
3360	2782
3364	2782
2826	2789
2901	2789
2882	2801
3016	2817
3025	2817
2905	2818
2914	2822
3302	2822
2889	2826
2901	2826
2942	2826
3015	2826
3025	2826
3323	2826
3292	2832
2986	2836
3319	2836
3303	2841
3354	2841
2873	2853
3052	2853
3090	2853
2969	2861
3191	2868
3319	2870
3016	2873
3291	2873
2904	2874
2991	2874
3208	2874
3090	2883
2901	2889
2942	2889
2934	2892
3138	2894
3255	2894
2942	2901
3082	2901
2947	2914
2994	2914
3043	2914
3260	2914
3111	2918
3035	2925
3111	2925
3111	2928
2934	2930
3043	2932
3216	2932
3191	2933
3360	2943
3342	2953
3015	2972
3319	2986
3016	3015
3025	3015
3323	3015
3025	3016
3082	3016
3323	3016
3082	3025
3237	3025
3205	3035
3273	3035
3111	3043
3322	3043
3360	3055
3323	3082
3362	3090
3358	3111
3287	3122
3255	3138
3318	3145
3328	3170
3360	3179
3318	3194
3335	3194
3289	3202
3282	3222
3249	3228
3291	3286
3291	3287
3323	3289
3354	3303
3355	3319
3364	3360
