3227	3712
3227	2265
223	335
223	1573
223	3975
223	1857
223	3136
223	1963
132	904
511	1342
511	3431
511	2386
511	955
511	3264
511	795
511	4099
511	83
511	3596
511	3517
511	507
511	2012
511	1869
3691	4423
1193	1537
3677	1302
2841	3530
1082	1537
2972	3557
2972	3841
2972	269
2972	2362
2972	58
2972	3730
44	3554
1342	2237
1342	320
1342	1329
1342	3182
1342	4016
1342	695
1342	431
1342	4297
1342	3975
1342	1873
1342	524
1342	3934
1342	1257
1342	795
1342	4099
1342	3596
1342	3517
1342	3472
1342	2122
1342	1649
1342	1109
1342	3001
3939	3532
3939	4397
3939	1516
3939	461
3939	496
3939	3139
3939	267
3939	896
3939	3415
3939	4353
3939	4380
3399	659
3399	2796
3399	2915
3399	2903
3399	2594
3399	1070
3399	1963
3399	1345
3246	3136
1587	600
1587	1264
1587	2362
460	4376
460	288
857	1784
857	822
459	1355
459	2365
704	2924
704	3060
704	4310
704	3125
704	2814
704	3582
704	211
704	812
704	61
704	2528
704	3562
704	2483
704	423
704	25
704	2795
2913	3907
3232	3811
3384	3811
3047	2796
3047	2405
764	4297
1355	3895
855	335
855	2462
855	600
855	2195
855	674
855	1296
855	3761
855	3996
2823	2462
2823	674
2823	3203
2823	2276
2823	1963
659	2265
659	4187
659	503
659	4453
659	3554
659	3806
890	695
890	4297
890	2401
890	3996
890	1963
1217	1537
1217	4312
1422	2707
1422	2843
1764	2471
1518	3781
1518	2528
1127	3751
1127	4188
1094	2965
786	2817
786	1386
786	139
2817	2471
335	3297
335	1990
335	1481
335	4357
335	3060
335	3669
335	723
335	2903
335	3413
335	2529
335	167
335	2114
335	1144
335	68
335	2786
335	2013
335	1876
335	4395
335	2562
335	1881
335	3061
335	3568
3297	1663
3297	3913
3297	1081
3297	3996
3297	3139
1990	3669
4343	1831
4343	641
1831	173
1831	1394
2539	4029
2232	599
2232	3530
190	2285
4454	1357
4454	1630
4454	4256
4454	4425
4454	2503
280	682
2464	3693
2464	347
2464	2386
2464	3264
2464	748
3693	347
3693	2386
3693	1947
347	2386
347	3264
347	4152
347	3084
347	1174
347	2923
3431	1774
3431	887
2386	3975
2386	3264
2237	1329
2237	4016
2237	1573
2237	864
2237	863
2237	524
2805	702
3947	524
3212	395
4458	3416
599	1947
599	1898
599	922
599	3165
599	3128
599	2283
599	3813
599	2500
599	1084
599	887
599	615
599	2691
599	3804
2924	175
2924	1009
3532	1174
1663	822
589	3119
589	3292
4357	1676
261	4206
3060	3235
3060	723
3060	1676
3060	2455
3060	238
3060	1573
3060	3211
3060	812
3060	1873
3060	4248
3060	1680
3060	2262
3060	29
3060	2201
3060	2647
3060	3198
3060	159
3060	423
3060	3139
3060	887
3060	447
3060	2489
3060	2734
3060	4238
1376	3595
1376	1542
1376	1286
1376	1937
1376	447
1376	3137
3595	2354
3669	1947
3580	62
3580	3153
2305	2965
2305	152
2305	1947
2965	152
2965	2429
2965	2111
2965	2021
2965	2902
2965	2100
2965	2455
2965	2498
2965	3424
2965	2528
2965	2252
2965	313
2965	2062
2965	3292
2965	1727
2965	2175
2965	2105
2965	2294
2965	584
2965	1441
2965	2849
2965	1250
2965	3136
2965	1081
2965	4446
2965	3121
2965	3464
2965	2515
2965	2437
2965	73
2965	70
2965	699
2965	937
2965	1033
2965	1039
2965	1440
2965	1566
2965	1683
2965	1966
2965	2047
2965	2067
2965	2137
2965	2170
2965	2225
2965	2363
2965	2399
2965	2412
2965	2428
2965	2444
2965	2521
2965	3086
2965	3151
2965	3250
2965	3283
2965	3308
4323	152
4323	2429
4323	2405
526	152
526	2429
980	3152
980	152
980	2429
980	4176
980	2466
3152	152
3152	4338
3152	2429
3152	2466
152	4338
152	2429
152	186
152	4176
152	2466
152	662
4338	2429
4338	1195
4338	2550
2429	186
2429	4176
2429	2466
2429	662
2429	3084
186	1381
186	1573
186	3136
186	3785
4176	1237
4176	3385
2466	1381
429	1995
429	197
3235	2602
3235	2095
3235	3449
2111	1505
1763	2470
3943	841
2448	1974
2448	1174
2189	814
2189	1183
2189	4448
2189	3211
2189	3975
2189	3264
2189	3957
2189	1005
2189	1620
2189	3001
4310	3553
4310	1823
4310	3139
4310	3042
3049	4079
320	1691
320	2915
320	3975
320	1570
320	1133
4204	4240
4204	2065
4204	1799
4240	2915
4240	1902
4240	3957
4240	1496
2021	4279
2021	2098
2021	1505
2021	839
2021	65
2021	774
2667	3336
2196	478
3986	2641
3986	3084
420	1167
420	2528
420	3153
1167	1451
1167	1398
1167	3153
3712	1040
2403	1696
773	3445
773	4344
773	3634
773	161
773	3615
773	15
773	195
773	3084
773	1585
773	2871
151	695
2707	2354
578	1313
578	2231
578	1133
4179	2265
4179	3074
883	1691
3854	669
2796	814
2796	732
2796	864
2796	863
2796	1126
2796	2445
2796	4187
2796	3497
2796	1258
2796	1157
2796	2676
2796	830
2796	112
2796	1311
2796	1455
410	2406
410	4402
410	2405
410	106
477	1145
3014	178
1615	401
1284	1947
1947	3781
1947	751
1947	1563
1947	3099
1947	1183
1947	2288
1947	812
1947	325
1947	3975
1947	2641
1947	3264
1947	4248
1947	684
1947	2262
1947	1434
1947	627
1947	1093
1947	1430
1947	4231
1947	1499
1947	1257
1947	2208
1947	1013
1947	83
1947	2281
1947	4161
1947	2846
1947	534
1947	1480
1947	636
1947	745
1947	937
1947	1222
1947	1674
1947	1850
1947	2825
1947	3186
1947	3362
1947	3482
3621	2903
1691	3630
1691	18
3630	18
3630	1174
3630	1031
1195	955
1195	4268
2049	407
2049	3975
2049	310
2049	12
2049	300
2049	116
2049	233
2049	443
2049	373
3125	2405
3125	877
3125	3554
3937	1040
3937	2226
1696	3254
1696	3639
3534	1144
3534	3843
3534	3422
3534	913
3534	2115
3534	2156
1846	684
1725	564
1725	3806
2462	814
2462	385
2462	600
2462	863
2462	1121
2462	2074
2462	1505
2462	1731
2462	1881
4341	1079
4341	4144
4341	1043
2665	2370
18	1710
18	1654
18	419
18	1031
18	4151
18	3434
18	3855
18	1731
2184	1542
2184	807
2184	757
2184	1296
2184	3996
2184	4009
2184	116
2184	644
2180	3930
2180	2231
2824	3084
2902	3500
1381	1264
1381	2405
1381	1487
1381	4369
1381	3139
1381	259
62	3139
2471	1386
2471	139
2977	4296
2977	3957
2977	3486
2977	3281
2977	3695
2977	133
2977	340
1386	139
1386	2405
601	2340
2981	1005
2915	1902
2915	4297
2915	628
2915	808
2915	3805
514	2405
4337	808
1542	4085
1542	3264
1542	627
1542	666
1542	14
1542	1881
3187	1313
3187	2231
3187	40
3187	3554
3187	868
3187	3482
2926	3554
2926	3139
1500	3828
1500	337
1500	632
1500	133
1500	1239
1500	2620
2828	1264
2828	2198
2828	3647
2828	843
2828	632
2828	4394
2814	580
1552	1720
1552	1941
1552	3975
1287	2050
1287	4058
1287	2620
1177	183
1177	1630
1177	3334
1177	3292
1177	2344
1177	925
1177	2144
3557	1921
2251	4297
2251	2405
2251	3061
1145	3084
1145	40
1145	3085
723	1573
723	1457
3663	1174
2050	3828
2050	972
2050	3147
2050	3388
2050	3303
2050	864
2050	3640
2050	2445
2050	2742
2050	4187
2050	4152
2050	1157
2050	433
2050	670
2050	1487
2050	1480
2843	2354
2843	3281
4402	4029
4402	2654
4402	176
4402	2130
4402	1883
4402	3680
2830	206
2830	310
2830	2724
2830	29
3135	1921
3135	4395
3135	3449
3069	3435
3069	3084
3069	458
3069	3449
3582	2483
3171	1487
3662	3510
1357	501
1357	3402
1357	3128
1357	288
1357	925
1357	2217
2453	288
1632	669
2100	65
2100	1829
574	936
4057	888
814	600
814	1544
814	1319
814	2149
814	2528
814	674
814	239
814	1081
814	4048
814	3139
814	3530
1898	2405
2903	2350
2903	4296
2903	2171
2903	2495
2903	3690
2903	1912
2903	2541
2903	1505
2903	964
2903	794
2903	4002
2359	4296
3686	2207
3510	1943
3510	3505
3510	288
3435	1252
3435	2016
1574	3590
1574	3554
3672	527
3672	3968
3672	147
3672	364
183	1122
183	1943
183	3402
183	3334
183	3128
183	2330
183	440
183	534
183	288
183	290
183	2733
183	925
183	2503
183	1443
183	4317
3586	607
3586	903
3586	3895
3586	3554
2400	4446
4344	1655
3254	4296
4253	246
4253	1784
4253	580
4253	993
4253	4223
488	3211
3828	2405
3828	4072
3828	632
3828	2562
3828	3101
1656	3554
3368	1630
3368	401
3368	2344
3368	65
3368	1480
1122	401
1122	564
1122	2503
4249	1731
3781	4185
3781	2528
3781	422
3781	3554
3781	1946
3864	443
246	1432
246	737
246	3538
246	1522
246	507
1020	1301
1020	337
1710	1573
1710	2074
1710	3554
1710	3139
1710	1963
2166	259
1676	1451
1676	2995
1676	285
1676	2647
1676	2128
1676	3061
1676	4353
4397	4427
4397	3994
3974	1515
3501	2659
3501	1110
3501	4427
3501	1531
3501	2265
3501	1247
3501	2354
3501	503
3501	1415
3501	3156
3501	2642
3501	502
3501	2155
3501	2551
3501	3910
2946	2802
2946	2276
4261	1296
2492	504
11	1451
648	1110
648	2265
648	3524
648	503
648	1727
648	1257
648	1505
2513	1505
1864	757
4377	3524
4377	4446
2455	2405
2455	1240
2455	748
2455	1151
2455	1222
2455	1253
889	3998
4318	518
1302	2266
1302	469
1302	3554
1302	3139
1302	2609
1302	2095
3330	1690
3330	1081
3841	864
3841	3497
3841	462
3841	2676
2610	1819
2610	123
751	337
751	1174
750	1239
1229	580
2243	3554
385	3388
385	2405
385	2873
385	2023
2867	2405
905	401
905	4376
905	4227
905	1829
4029	3315
4029	1318
4029	313
4029	1515
4029	2684
4029	1377
4029	1561
4029	2563
3379	1876
3379	1017
3379	3930
3379	2130
3607	119
690	1457
600	325
600	674
600	3261
600	1296
600	1257
600	3136
600	2416
600	4076
600	1963
600	742
600	3343
1451	3958
1451	1093
1451	2562
1451	285
1451	2647
1451	1138
1451	1433
2659	662
2659	1313
1015	1063
2603	1505
1034	1081
2914	822
2321	83
1841	122
1841	2013
1841	1400
1841	2562
206	2724
206	4446
302	1457
302	3554
302	3139
214	2405
1563	2405
1184	936
1110	1183
1110	1531
1110	2354
1110	2803
1110	3554
1110	3139
115	841
115	3596
115	472
115	3785
3655	2130
732	4205
732	3638
732	2568
732	1499
732	830
732	2423
1087	431
1087	2405
1087	3437
1348	288
1348	2503
1348	306
734	306
3476	3975
3476	4248
3476	2150
3476	2362
3476	83
3476	1313
3476	1174
2893	159
1329	4016
1329	967
1009	108
1009	1074
1009	1112
1009	2177
1009	1480
1009	288
1009	520
1009	2738
1009	3123
1009	3654
1009	3777
1009	4317
108	1630
108	3334
108	2344
108	4425
3182	2405
3182	666
1630	2816
1630	3334
1630	3128
1630	956
1630	2262
1630	1112
1630	2344
1630	534
1630	65
1630	288
1630	2503
1630	1443
1630	2322
1630	3727
1630	4342
1630	306
1630	4317
2816	1505
3099	2344
3099	414
1943	518
1943	3128
1943	68
1943	209
1943	288
1943	2503
501	1040
3103	1507
3103	2895
3103	2098
3103	670
3103	3225
4016	967
4016	896
3505	641
3505	65
972	863
972	2676
972	510
972	775
972	2325
972	3710
2350	956
2350	1785
2350	1876
2350	632
2350	3101
2350	1881
238	1570
238	2075
238	4361
238	3702
4064	2405
4064	205
4064	352
4064	504
3359	3813
3359	2756
3359	795
3359	1964
3359	3139
3507	2498
3507	2774
3507	3025
3507	1501
3507	14
3507	846
3209	846
188	641
3030	3554
3030	3139
2285	1247
4364	3554
4117	1174
4117	107
3413	1784
3413	2292
3413	846
3413	104
4391	864
4391	1081
1884	3139
1183	843
1183	1974
1183	887
1183	2421
3147	1264
2730	4259
2730	288
2617	1079
3715	2923
4114	1537
3835	1349
4316	3389
3348	458
2093	3930
2093	116
3513	3084
2792	2405
1742	1785
1742	369
1742	2888
1586	1516
1586	3554
3360	2265
173	3833
2802	3975
717	3130
1178	1487
2649	288
2649	1443
2649	197
3334	3128
3334	2262
3334	4291
3334	4425
3334	534
3334	288
3334	2503
3334	2244
3334	4342
3744	65
2266	1352
904	4296
904	4442
1106	1174
1106	926
1106	4151
1784	4309
1784	408
1784	364
1784	822
695	641
695	2281
695	3815
695	1148
695	1521
695	2547
4448	1200
4448	1272
4448	2276
51	3554
1265	2362
1265	3019
1265	3907
1265	373
1265	1341
1265	2628
1265	3095
2365	65
2365	141
2529	1235
2529	2013
2529	2785
2529	351
2529	2571
1902	3211
1902	423
1200	1264
1200	4427
1264	3405
1264	4427
1264	1371
1264	2198
1264	2204
1264	2150
1264	843
1264	195
1264	4074
1264	2597
1264	83
1264	2341
1264	12
1264	236
1264	1361
1264	4007
1264	4394
3405	4144
3405	1025
1243	841
1243	3554
431	3554
1254	2195
1254	1505
3867	3482
3867	197
1322	1457
1322	3554
1322	576
1079	288
1079	3382
4067	2265
4067	1272
4427	15
4427	3136
4427	1487
2666	1505
2475	1351
3128	2330
3128	401
3128	1112
3128	2344
3128	209
3128	4425
3128	534
3128	681
3128	1480
3128	2334
3128	288
3128	925
3128	306
3128	4317
1371	1862
1371	887
1537	271
1537	380
1537	61
1537	2710
1537	4159
1537	2150
1537	4235
1537	83
1537	4077
1537	2276
1537	5
1537	1774
1537	887
1537	699
1537	4075
1537	1869
4256	765
4256	288
3315	4423
3315	458
3315	2231
3315	1869
1332	2598
2935	4296
1573	4092
1573	167
1573	2654
1573	1258
1573	3292
1573	4369
1573	3689
1573	1702
1573	4380
2534	4092
4092	1769
3388	2198
3388	2528
3388	3497
3388	4152
3388	684
3388	1258
3388	2676
3388	3554
3388	3139
4120	1140
4120	380
1140	380
2198	3647
2198	843
494	478
3970	1070
3970	627
3970	1903
4309	3831
4212	1269
84	3865
84	4048
84	395
84	2302
3865	864
3865	4048
3865	395
3865	2302
359	3795
3081	2894
3081	4423
3081	3203
3081	3805
449	2405
449	3031
181	2354
181	4409
2892	2405
618	2405
3211	3975
3211	3913
3211	369
3211	1839
3211	1271
3211	3001
3211	1782
1206	3136
1206	4265
1544	239
3811	2505
3811	423
1819	3264
1819	3895
1819	406
1819	2130
1819	887
1819	3667
1819	4400
380	1126
380	1400
380	1017
380	529
380	3930
380	1441
380	1407
2288	112
2288	205
2288	539
2288	3651
211	3554
211	3139
4296	2541
4296	3019
4296	3855
864	863
864	3640
864	2654
864	4152
864	1174
864	2928
81	666
863	2528
863	674
863	684
863	2074
863	395
863	221
1316	3190
1316	2334
956	3975
956	3793
956	2756
956	1257
956	2597
956	3437
956	104
955	3975
955	3793
955	2756
955	104
2330	288
2594	2461
1126	1963
1126	3385
286	1457
2815	961
1318	524
1318	3084
3574	2405
2215	3292
407	1234
3134	1269
3134	3806
2408	3281
2408	1174
662	936
662	1657
662	2712
167	2383
167	3371
167	3025
167	3062
4297	3139
1303	1457
1171	4366
1171	1240
1171	1174
3956	3554
3956	1231
2149	3261
4058	524
3392	4248
3392	1680
3392	1816
3392	2734
3392	4406
2405	1976
2405	1027
2405	4123
2405	714
2405	3985
2405	4322
2405	4224
2405	4451
2405	2767
2405	2162
2405	3386
2405	4280
2405	1301
2405	3573
2405	3934
2405	68
2405	4442
2405	4030
2405	2786
2405	815
2405	1843
2405	3695
2405	830
2405	1257
2405	2208
2405	1568
2405	2541
2405	1170
2405	3437
2405	1081
2405	2344
2405	2647
2405	1991
2405	282
2405	822
2405	3106
2405	1109
2405	2988
2405	3318
2405	2437
2405	53
2405	1774
2405	67
2405	116
2405	120
2405	148
2405	290
2405	405
2405	447
2405	478
2405	718
2405	729
2405	894
2405	896
2405	1092
2405	1105
2405	1151
2405	1602
2405	1730
2405	1798
2405	1816
2405	2319
2405	2364
2405	2402
2405	2563
2405	2619
2405	2650
2405	2681
2405	2720
2405	2741
2405	2954
2405	3032
2405	3042
2405	3054
2405	3298
2405	3362
2405	3391
2405	3482
2405	3496
2405	3521
2405	3540
2405	3614
2405	3794
2405	3927
2405	4056
2405	3260
2405	4238
2405	4358
2405	4386
2405	4406
2405	4420
2405	197
2405	3594
3553	40
1531	3074
1531	1247
1531	2354
1531	503
812	1081
812	3554
812	2461
812	3482
2247	2882
61	4187
61	159
61	3139
512	3703
559	341
2710	2102
2710	259
2983	3518
3640	684
3640	1112
3640	2095
1921	3562
1921	14
3914	2262
325	83
325	1938
325	1341
325	1869
325	4394
4159	1174
2528	1680
2528	807
2528	3554
2528	3139
2528	4076
3975	1976
3975	1693
3975	425
3975	2252
3975	3264
3975	4423
3975	369
3975	1400
3975	1876
3975	1257
3975	458
3975	795
3975	83
3975	3596
3975	2281
3975	3889
3975	3001
3975	1869
2220	2563
1070	269
1070	419
3984	957
1074	2550
1074	3723
1693	1257
1693	3554
1693	243
425	83
1777	4205
2265	3074
2265	1247
2265	1272
2265	3524
2265	2354
2265	3952
2265	503
2265	1144
2265	4231
2265	332
2265	1013
2265	3437
2265	3019
2265	4133
2265	3154
2265	711
3074	1247
3074	1272
3074	3524
3074	2354
3074	503
3074	3372
3074	4442
3074	3911
3074	243
1247	1272
1247	3524
1247	2354
1247	503
1247	1037
1247	910
1247	395
1247	4001
1247	2607
1247	259
1247	2044
1247	2721
1272	3524
1272	2354
1272	503
1272	3987
1272	3372
1272	4442
1272	4231
1272	2785
1272	2607
1272	2238
3524	2354
3524	503
3524	3372
3524	4442
2354	503
2354	3657
2354	3372
2354	4442
2354	4453
2354	1400
2354	607
2354	1429
2354	3745
2354	3895
2354	2177
2354	191
2354	1120
2354	1489
2354	1883
2354	2190
4123	3793
4123	846
4123	4229
4123	4236
588	2231
588	4446
588	875
2195	1568
2195	3590
1269	3787
1812	3727
1812	4342
401	288
401	2503
401	1443
401	3382
3985	4423
3985	1174
3985	159
3985	2276
564	68
564	288
564	925
564	1443
3639	2095
936	2522
936	1974
936	3554
936	542
936	563
936	606
936	1039
936	1151
936	1320
936	1602
936	1702
936	2004
3813	2114
3813	433
4322	1480
3952	1361
1546	340
269	58
269	3855
527	3968
527	1899
527	313
527	2794
527	641
527	3590
527	1174
527	1670
527	364
527	3554
527	1031
527	4151
3968	147
3968	580
3968	364
3968	926
3968	3478
1899	147
1899	1174
1899	364
313	147
313	1174
313	1670
313	364
2114	1144
2114	4258
1781	2495
1781	3554
1781	291
1781	3078
1781	3482
2445	684
674	1121
674	1505
674	1731
674	1881
1432	951
1432	4139
4010	2712
4224	1144
4224	369
4224	419
4224	1876
4224	4395
4224	2712
3470	259
3477	666
3477	1235
3477	2074
3477	1637
1482	1873
1482	4072
4451	1873
2767	3327
4243	4453
1469	1257
1469	4002
235	83
235	1869
2601	3839
2502	2848
4376	1040
4376	1112
4376	2687
4376	4241
3420	106
2559	1654
2559	3300
106	2679
106	4048
106	2302
3634	2712
4195	4116
2641	83
2641	159
2641	1869
3787	3474
3787	58
3468	1174
951	2505
951	2677
951	3913
951	841
951	1680
554	1076
554	1271
2592	4222
1873	4072
4072	3913
4072	807
4072	3281
4072	607
4072	3637
3264	147
3264	1738
3264	3001
4257	2711
2654	819
2654	3281
2654	3806
2654	887
2654	323
2654	4229
2654	711
4424	291
3439	4056
3119	1598
3119	3292
3119	4339
586	1695
3957	4248
3957	1081
2848	1827
524	580
524	2620
1040	2159
1040	2655
1040	2144
4248	3913
4248	1063
4248	159
4248	2128
1598	3554
1657	813
1657	1313
1657	1133
1657	1827
3990	4152
3990	684
3990	1258
3990	3084
3990	2676
2742	2676
2742	1648
4187	3497
4187	4152
4187	1258
4187	2505
4187	841
4187	2676
4187	40
3497	4152
3497	1258
3497	1157
3497	2723
3497	2676
4152	1157
4152	1911
684	1157
684	2676
684	2597
684	3554
684	2366
684	1455
684	1705
1258	1157
1258	2676
2383	4076
310	2724
310	1457
1157	2676
813	1252
813	2231
813	879
2505	2495
2505	2677
2505	3596
2505	3554
2505	256
2495	841
2495	1680
2495	2895
2677	841
2677	1680
2677	2895
3913	1434
3913	123
3913	2470
3913	3554
3913	259
3913	798
3913	2499
3913	2663
3913	4436
841	3554
841	3482
3292	2262
3292	1528
3292	3139
3292	3815
3292	1480
3292	925
3292	3396
1680	3281
1680	1528
1680	3554
1680	1133
1680	2499
2009	3806
2009	1109
2493	1251
1435	1447
1447	593
1447	288
2120	1505
1832	1252
537	1252
1911	1974
1063	3966
1261	1487
1261	2128
882	4161
2150	83
503	631
503	239
63	1039
440	1144
440	2344
440	1808
2855	4367
2077	3808
3631	4144
4280	4144
1748	1505
1748	3554
1301	337
1301	1505
1301	2545
337	191
337	3137
2774	209
2774	24
1655	104
1002	65
3347	3046
941	2628
2212	3084
2212	3889
2653	1505
3701	1761
98	1505
891	3756
891	1690
1515	3756
1515	3573
1515	877
1515	807
1515	631
1515	3798
3756	3573
3756	1789
3756	3895
3573	877
3573	807
1980	807
2600	3657
877	807
877	1646
877	1551
807	2075
807	1731
3647	843
3647	4394
3934	3517
461	58
461	1505
3261	3996
3261	924
2484	1081
77	3084
4144	3562
4144	2416
4144	3434
2262	1112
2262	2344
2262	209
2262	534
2262	2503
2262	306
2262	4317
1654	3793
1654	1252
1654	1505
1654	846
1654	4229
4423	3751
4423	2130
4423	1620
3734	3798
1112	288
1112	3397
4068	641
593	191
1434	3554
4190	324
462	3546
462	3783
3625	294
3625	1174
1608	294
294	1457
294	1903
1551	794
1913	627
1913	666
627	666
627	4231
627	1716
627	14
627	1963
666	1398
666	3751
666	1692
666	3958
666	1785
666	1234
666	3729
666	1716
666	14
666	4122
666	1963
757	3562
757	1738
757	1881
4251	2597
4251	2075
1025	2597
1025	3876
1144	1505
1144	888
1144	3260
2175	3958
1398	2013
1398	2208
1398	2276
1398	1637
3751	2013
1692	2013
4259	3139
68	472
68	209
1175	1505
1175	3554
1175	3139
2724	29
2724	4446
1644	282
29	3554
4442	4446
4442	282
4442	3855
4442	1774
1236	3281
3539	306
730	1487
730	423
730	3139
730	196
730	1963
3562	982
3562	3101
3562	4400
3562	906
3029	1823
122	234
122	1751
2687	1174
3958	1234
3958	1271
1234	2013
4084	481
4084	2238
4227	2733
1807	3554
1807	2686
4453	2362
4453	3554
4453	3139
1384	3590
2108	288
2108	1443
602	909
3203	3689
3203	2130
1296	3054
2362	3343
1286	2374
1286	1837
1286	2130
1235	58
1235	3554
1235	3349
1235	3001
2374	2130
3575	3084
3575	641
3575	866
3575	822
848	260
848	4076
848	1138
1520	1487
4110	3139
522	3540
194	3554
194	3730
194	2620
2995	1977
2353	3554
843	4394
58	529
2794	147
2794	3590
2794	364
2794	2421
3546	964
1062	3554
3084	1013
3084	1174
3084	4161
3084	2302
3084	2931
3084	3730
3084	681
3084	4009
3084	149
3084	414
3084	1829
3084	2185
3084	2753
3084	2970
3084	3063
3084	3123
3084	3671
3084	3718
3084	4002
3084	3591
1839	4038
3281	1174
3281	259
3293	2759
4038	2759
2723	2676
2723	1441
885	116
419	2074
419	1257
419	3136
419	3554
419	3996
419	888
419	339
419	1118
419	794
2074	1400
2074	1017
2074	3136
3354	3554
343	681
147	3590
147	1174
147	1670
147	926
147	1031
147	4151
3994	632
3994	1092
3729	632
1457	632
1457	888
1457	563
1457	745
1457	953
1457	2306
1457	2454
1457	2481
1457	1341
2676	3795
2676	1190
3356	3021
2013	1400
2013	3058
2013	4395
2013	1017
2013	2562
2013	529
2013	4025
2013	1441
2013	97
2013	1252
2013	1174
2013	107
2013	1407
1400	4395
1400	1017
1400	2562
1400	529
1400	4025
1400	3930
1400	1441
1400	2437
1400	644
3058	2562
3058	1441
3058	1407
1876	2562
1876	1441
1876	616
1876	1407
1876	2578
4395	2562
4395	1505
4395	616
4395	1407
1017	2562
1017	1407
1017	1637
632	1257
632	3590
632	364
632	822
632	3614
2562	529
2562	4025
2562	3930
2562	1441
2562	1731
2562	1407
529	1407
4025	3930
4025	1441
4025	1407
4025	1702
3930	107
3930	1407
1441	1731
1441	107
4231	14
97	2402
607	903
903	3895
903	3554
1499	1174
1499	65
1499	1443
1257	3596
1257	2470
1257	1377
1257	3042
1716	14
910	3554
458	1505
458	243
458	1450
458	2424
580	4223
795	964
1533	3554
808	3554
808	2130
808	4202
1568	3308
4279	3139
4279	1060
641	1013
641	894
641	925
641	1813
2541	3855
1170	756
1273	1987
4074	3482
1252	71
3401	615
1050	4222
2564	191
2728	191
2102	3517
2597	1487
2597	1688
2159	2344
2159	288
2895	670
2895	794
2895	4394
1570	423
2098	670
1505	3855
1505	502
3031	765
3031	288
4188	65
2075	4361
496	3540
2296	1974
1454	868
3843	3804
3843	961
2550	3554
2550	3154
2550	178
2550	424
2550	510
2550	2095
2785	3554
123	339
1823	2776
239	866
239	3554
239	1148
239	2444
3590	364
3590	3434
1013	1487
1013	2974
866	3554
866	1311
866	3385
3437	3458
3437	3483
3895	1557
3805	14
3538	507
83	2281
83	3517
83	472
83	2177
83	1480
83	3001
83	3362
83	1869
3596	1869
839	2599
4059	2923
1313	2231
1313	2483
1313	2128
1313	3806
1313	1688
2231	1133
3136	3500
1081	3554
1081	339
1081	992
4446	3554
4446	423
4446	3139
4446	3061
2281	1869
755	4048
755	3554
4048	395
4048	2302
1487	2399
1487	3389
395	1837
395	4133
395	2302
395	2620
395	1349
2759	1683
1501	3054
875	3554
2416	1963
2712	3019
2712	647
2712	2128
2344	209
2344	288
2344	1077
2344	2503
2344	197
40	1991
40	423
1974	1174
1974	3517
1974	2753
1974	4422
3198	4289
3831	993
3831	822
1174	1670
1174	364
1174	4151
1174	3977
1174	1108
1174	887
1174	128
1174	1776
1174	1822
1174	1850
1174	1851
1174	2277
1174	2490
1174	2711
1174	2741
1174	3308
1174	3358
1174	3391
1174	3742
1174	3892
1174	4056
1670	364
1670	4151
1670	3434
364	926
364	1031
364	4151
364	3434
926	423
2803	3554
2803	3139
3554	2154
3554	2211
3554	1738
3554	964
3554	3116
3554	4223
3554	693
3554	2437
3554	502
3554	774
3554	1162
3554	1605
3554	1830
3554	2319
3554	2363
3554	2378
3554	2506
3554	2753
3554	3343
3554	2504
3554	3449
3554	3720
3554	4383
3517	1909
3517	924
3517	3785
913	3139
1031	4151
4151	3434
3434	2938
3434	2988
3434	1963
2286	507
1995	2341
3019	423
3019	3907
2401	3996
2401	1677
3996	1881
423	1138
423	4034
423	4206
423	2633
423	535
423	2499
423	2734
423	3478
423	4373
3855	2608
3855	924
406	2130
3225	260
3225	4076
3225	2515
3225	1138
959	2798
888	3146
888	107
2177	1829
2177	2923
2177	3123
2177	4317
2177	1869
822	3106
822	2115
822	887
822	4400
3106	3243
209	534
209	2503
209	1443
4213	1641
3139	2461
3139	2515
3139	693
3139	502
3139	510
3139	1354
3139	1881
3139	1946
3139	2011
3139	2319
3139	2378
3139	3343
3139	2504
3139	2628
256	4125
4291	4317
4404	1963
1986	3738
3730	3349
3730	1367
291	149
14	1963
14	1808
2292	2727
2292	3483
4425	288
4425	392
4425	2503
4425	1443
4425	2966
4037	65
259	756
259	3366
259	879
259	3907
259	504
756	3366
756	75
1231	2609
534	288
534	925
534	1077
534	2503
534	4342
534	4317
3062	3875
2608	1237
2608	2130
2608	1963
992	1620
4367	4122
2974	4122
1237	4287
1237	1341
2130	3785
1731	2276
1620	4282
681	288
681	2503
65	67
65	288
65	1131
65	2599
65	3123
65	3382
107	2415
107	2599
1109	2499
3876	1502
2033	116
1567	116
260	2515
260	4034
4076	1138
4076	4034
2515	1138
2515	4034
1138	4034
4034	2542
2727	1938
234	2922
2620	2276
3907	1963
3907	1521
3907	2628
3907	3483
3046	3389
1473	3318
1473	2599
2633	1060
1060	887
1697	3369
2988	141
1480	288
1480	2503
1480	4342
3001	3095
2334	288
2334	2503
3318	2599
2276	2923
1774	3482
887	3078
887	3482
116	1827
199	1363
288	925
288	2563
288	2696
288	2923
288	3382
288	306
288	4317
288	197
344	1077
1963	1222
1963	1675
1963	1709
1963	2325
1963	3343
1963	3500
1963	3483
443	3488
467	3240
531	1120
576	1151
576	1798
576	3529
636	2507
702	4420
763	1521
774	1521
774	4189
794	1881
881	2228
925	2503
925	2244
944	4108
949	3239
973	1625
989	4049
1039	2868
1075	2228
1077	306
1120	3260
1208	3530
2503	306
2503	4317
1346	3003
1352	4098
1361	4358
1367	2190
1443	2563
1443	4317
1521	1938
1521	4189
1521	373
1521	3637
1521	1341
1521	2628
1521	3483
1521	3095
1561	2719
1776	1869
1816	1830
1827	2630
1922	3482
2034	3365
2039	3482
2095	3449
2144	4342
2346	3720
2352	3482
2399	1869
2481	2547
2499	3478
2567	3482
2619	2763
2721	3176
2734	3720
2763	3654
2925	1869
3123	3718
3727	4317
4342	4317
1808	4339
2628	3483
3712	3227
2265	3227
335	223
1573	223
3975	223
1857	223
3136	223
1963	223
904	132
1342	511
3431	511
2386	511
955	511
3264	511
795	511
4099	511
83	511
3596	511
3517	511
507	511
2012	511
1869	511
4423	3691
1537	1193
1302	3677
3530	2841
1537	1082
3557	2972
3841	2972
269	2972
2362	2972
58	2972
3730	2972
3554	44
2237	1342
320	1342
1329	1342
3182	1342
4016	1342
695	1342
431	1342
4297	1342
3975	1342
1873	1342
524	1342
3934	1342
1257	1342
795	1342
4099	1342
3596	1342
3517	1342
3472	1342
2122	1342
1649	1342
1109	1342
3001	1342
3532	3939
4397	3939
1516	3939
461	3939
496	3939
3139	3939
267	3939
896	3939
3415	3939
4353	3939
4380	3939
659	3399
2796	3399
2915	3399
2903	3399
2594	3399
1070	3399
1963	3399
1345	3399
3136	3246
600	1587
1264	1587
2362	1587
4376	460
288	460
1784	857
822	857
1355	459
2365	459
2924	704
3060	704
4310	704
3125	704
2814	704
3582	704
211	704
812	704
61	704
2528	704
3562	704
2483	704
423	704
25	704
2795	704
3907	2913
3811	3232
3811	3384
2796	3047
2405	3047
4297	764
3895	1355
335	855
2462	855
600	855
2195	855
674	855
1296	855
3761	855
3996	855
2462	2823
674	2823
3203	2823
2276	2823
1963	2823
2265	659
4187	659
503	659
4453	659
3554	659
3806	659
695	890
4297	890
2401	890
3996	890
1963	890
1537	1217
4312	1217
2707	1422
2843	1422
2471	1764
3781	1518
2528	1518
3751	1127
4188	1127
2965	1094
2817	786
1386	786
139	786
2471	2817
3297	335
1990	335
1481	335
4357	335
3060	335
3669	335
723	335
2903	335
3413	335
2529	335
167	335
2114	335
1144	335
68	335
2786	335
2013	335
1876	335
4395	335
2562	335
1881	335
3061	335
3568	335
1663	3297
3913	3297
1081	3297
3996	3297
3139	3297
3669	1990
1831	4343
641	4343
173	1831
1394	1831
4029	2539
599	2232
3530	2232
2285	190
1357	4454
1630	4454
4256	4454
4425	4454
2503	4454
682	280
3693	2464
347	2464
2386	2464
3264	2464
748	2464
347	3693
2386	3693
1947	3693
2386	347
3264	347
4152	347
3084	347
1174	347
2923	347
1774	3431
887	3431
3975	2386
3264	2386
1329	2237
4016	2237
1573	2237
864	2237
863	2237
524	2237
702	2805
524	3947
395	3212
3416	4458
1947	599
1898	599
922	599
3165	599
3128	599
2283	599
3813	599
2500	599
1084	599
887	599
615	599
2691	599
3804	599
175	2924
1009	2924
1174	3532
822	1663
3119	589
3292	589
1676	4357
4206	261
3235	3060
723	3060
1676	3060
2455	3060
238	3060
1573	3060
3211	3060
812	3060
1873	3060
4248	3060
1680	3060
2262	3060
29	3060
2201	3060
2647	3060
3198	3060
159	3060
423	3060
3139	3060
887	3060
447	3060
2489	3060
2734	3060
4238	3060
3595	1376
1542	1376
1286	1376
1937	1376
447	1376
3137	1376
2354	3595
1947	3669
62	3580
3153	3580
2965	2305
152	2305
1947	2305
152	2965
2429	2965
2111	2965
2021	2965
2902	2965
2100	2965
2455	2965
2498	2965
3424	2965
2528	2965
2252	2965
313	2965
2062	2965
3292	2965
1727	2965
2175	2965
2105	2965
2294	2965
584	2965
1441	2965
2849	2965
1250	2965
3136	2965
1081	2965
4446	2965
3121	2965
3464	2965
2515	2965
2437	2965
73	2965
70	2965
699	2965
937	2965
1033	2965
1039	2965
1440	2965
1566	2965
1683	2965
1966	2965
2047	2965
2067	2965
2137	2965
2170	2965
2225	2965
2363	2965
2399	2965
2412	2965
2428	2965
2444	2965
2521	2965
3086	2965
3151	2965
3250	2965
3283	2965
3308	2965
152	4323
2429	4323
2405	4323
152	526
2429	526
3152	980
152	980
2429	980
4176	980
2466	980
152	3152
4338	3152
2429	3152
2466	3152
4338	152
2429	152
186	152
4176	152
2466	152
662	152
2429	4338
1195	4338
2550	4338
186	2429
4176	2429
2466	2429
662	2429
3084	2429
1381	186
1573	186
3136	186
3785	186
1237	4176
3385	4176
1381	2466
1995	429
197	429
2602	3235
2095	3235
3449	3235
1505	2111
2470	1763
841	3943
1974	2448
1174	2448
814	2189
1183	2189
4448	2189
3211	2189
3975	2189
3264	2189
3957	2189
1005	2189
1620	2189
3001	2189
3553	4310
1823	4310
3139	4310
3042	4310
4079	3049
1691	320
2915	320
3975	320
1570	320
1133	320
4240	4204
2065	4204
1799	4204
2915	4240
1902	4240
3957	4240
1496	4240
4279	2021
2098	2021
1505	2021
839	2021
65	2021
774	2021
3336	2667
478	2196
2641	3986
3084	3986
1167	420
2528	420
3153	420
1451	1167
1398	1167
3153	1167
1040	3712
1696	2403
3445	773
4344	773
3634	773
161	773
3615	773
15	773
195	773
3084	773
1585	773
2871	773
695	151
2354	2707
1313	578
2231	578
1133	578
2265	4179
3074	4179
1691	883
669	3854
814	2796
732	2796
864	2796
863	2796
1126	2796
2445	2796
4187	2796
3497	2796
1258	2796
1157	2796
2676	2796
830	2796
112	2796
1311	2796
1455	2796
2406	410
4402	410
2405	410
106	410
1145	477
178	3014
401	1615
1947	1284
3781	1947
751	1947
1563	1947
3099	1947
1183	1947
2288	1947
812	1947
325	1947
3975	1947
2641	1947
3264	1947
4248	1947
684	1947
2262	1947
1434	1947
627	1947
1093	1947
1430	1947
4231	1947
1499	1947
1257	1947
2208	1947
1013	1947
83	1947
2281	1947
4161	1947
2846	1947
534	1947
1480	1947
636	1947
745	1947
937	1947
1222	1947
1674	1947
1850	1947
2825	1947
3186	1947
3362	1947
3482	1947
2903	3621
3630	1691
18	1691
18	3630
1174	3630
1031	3630
955	1195
4268	1195
407	2049
3975	2049
310	2049
12	2049
300	2049
116	2049
233	2049
443	2049
373	2049
2405	3125
877	3125
3554	3125
1040	3937
2226	3937
3254	1696
3639	1696
1144	3534
3843	3534
3422	3534
913	3534
2115	3534
2156	3534
684	1846
564	1725
3806	1725
814	2462
385	2462
600	2462
863	2462
1121	2462
2074	2462
1505	2462
1731	2462
1881	2462
1079	4341
4144	4341
1043	4341
2370	2665
1710	18
1654	18
419	18
1031	18
4151	18
3434	18
3855	18
1731	18
1542	2184
807	2184
757	2184
1296	2184
3996	2184
4009	2184
116	2184
644	2184
3930	2180
2231	2180
3084	2824
3500	2902
1264	1381
2405	1381
1487	1381
4369	1381
3139	1381
259	1381
3139	62
1386	2471
139	2471
4296	2977
3957	2977
3486	2977
3281	2977
3695	2977
133	2977
340	2977
139	1386
2405	1386
2340	601
1005	2981
1902	2915
4297	2915
628	2915
808	2915
3805	2915
2405	514
808	4337
4085	1542
3264	1542
627	1542
666	1542
14	1542
1881	1542
1313	3187
2231	3187
40	3187
3554	3187
868	3187
3482	3187
3554	2926
3139	2926
3828	1500
337	1500
632	1500
133	1500
1239	1500
2620	1500
1264	2828
2198	2828
3647	2828
843	2828
632	2828
4394	2828
580	2814
1720	1552
1941	1552
3975	1552
2050	1287
4058	1287
2620	1287
183	1177
1630	1177
3334	1177
3292	1177
2344	1177
925	1177
2144	1177
1921	3557
4297	2251
2405	2251
3061	2251
3084	1145
40	1145
3085	1145
1573	723
1457	723
1174	3663
3828	2050
972	2050
3147	2050
3388	2050
3303	2050
864	2050
3640	2050
2445	2050
2742	2050
4187	2050
4152	2050
1157	2050
433	2050
670	2050
1487	2050
1480	2050
2354	2843
3281	2843
4029	4402
2654	4402
176	4402
2130	4402
1883	4402
3680	4402
206	2830
310	2830
2724	2830
29	2830
1921	3135
4395	3135
3449	3135
3435	3069
3084	3069
458	3069
3449	3069
2483	3582
1487	3171
3510	3662
501	1357
3402	1357
3128	1357
288	1357
925	1357
2217	1357
288	2453
669	1632
65	2100
1829	2100
936	574
888	4057
600	814
1544	814
1319	814
2149	814
2528	814
674	814
239	814
1081	814
4048	814
3139	814
3530	814
2405	1898
2350	2903
4296	2903
2171	2903
2495	2903
3690	2903
1912	2903
2541	2903
1505	2903
964	2903
794	2903
4002	2903
4296	2359
2207	3686
1943	3510
3505	3510
288	3510
1252	3435
2016	3435
3590	1574
3554	1574
527	3672
3968	3672
147	3672
364	3672
1122	183
1943	183
3402	183
3334	183
3128	183
2330	183
440	183
534	183
288	183
290	183
2733	183
925	183
2503	183
1443	183
4317	183
607	3586
903	3586
3895	3586
3554	3586
4446	2400
1655	4344
4296	3254
246	4253
1784	4253
580	4253
993	4253
4223	4253
3211	488
2405	3828
4072	3828
632	3828
2562	3828
3101	3828
3554	1656
1630	3368
401	3368
2344	3368
65	3368
1480	3368
401	1122
564	1122
2503	1122
1731	4249
4185	3781
2528	3781
422	3781
3554	3781
1946	3781
443	3864
1432	246
737	246
3538	246
1522	246
507	246
1301	1020
337	1020
1573	1710
2074	1710
3554	1710
3139	1710
1963	1710
259	2166
1451	1676
2995	1676
285	1676
2647	1676
2128	1676
3061	1676
4353	1676
4427	4397
3994	4397
1515	3974
2659	3501
1110	3501
4427	3501
1531	3501
2265	3501
1247	3501
2354	3501
503	3501
1415	3501
3156	3501
2642	3501
502	3501
2155	3501
2551	3501
3910	3501
2802	2946
2276	2946
1296	4261
504	2492
1451	11
1110	648
2265	648
3524	648
503	648
1727	648
1257	648
1505	648
1505	2513
757	1864
3524	4377
4446	4377
2405	2455
1240	2455
748	2455
1151	2455
1222	2455
1253	2455
3998	889
518	4318
2266	1302
469	1302
3554	1302
3139	1302
2609	1302
2095	1302
1690	3330
1081	3330
864	3841
3497	3841
462	3841
2676	3841
1819	2610
123	2610
337	751
1174	751
1239	750
580	1229
3554	2243
3388	385
2405	385
2873	385
2023	385
2405	2867
401	905
4376	905
4227	905
1829	905
3315	4029
1318	4029
313	4029
1515	4029
2684	4029
1377	4029
1561	4029
2563	4029
1876	3379
1017	3379
3930	3379
2130	3379
119	3607
1457	690
325	600
674	600
3261	600
1296	600
1257	600
3136	600
2416	600
4076	600
1963	600
742	600
3343	600
3958	1451
1093	1451
2562	1451
285	1451
2647	1451
1138	1451
1433	1451
662	2659
1313	2659
1063	1015
1505	2603
1081	1034
822	2914
83	2321
122	1841
2013	1841
1400	1841
2562	1841
2724	206
4446	206
1457	302
3554	302
3139	302
2405	214
2405	1563
936	1184
1183	1110
1531	1110
2354	1110
2803	1110
3554	1110
3139	1110
841	115
3596	115
472	115
3785	115
2130	3655
4205	732
3638	732
2568	732
1499	732
830	732
2423	732
431	1087
2405	1087
3437	1087
288	1348
2503	1348
306	1348
306	734
3975	3476
4248	3476
2150	3476
2362	3476
83	3476
1313	3476
1174	3476
159	2893
4016	1329
967	1329
108	1009
1074	1009
1112	1009
2177	1009
1480	1009
288	1009
520	1009
2738	1009
3123	1009
3654	1009
3777	1009
4317	1009
1630	108
3334	108
2344	108
4425	108
2405	3182
666	3182
2816	1630
3334	1630
3128	1630
956	1630
2262	1630
1112	1630
2344	1630
534	1630
65	1630
288	1630
2503	1630
1443	1630
2322	1630
3727	1630
4342	1630
306	1630
4317	1630
1505	2816
2344	3099
414	3099
518	1943
3128	1943
68	1943
209	1943
288	1943
2503	1943
1040	501
1507	3103
2895	3103
2098	3103
670	3103
3225	3103
967	4016
896	4016
641	3505
65	3505
863	972
2676	972
510	972
775	972
2325	972
3710	972
956	2350
1785	2350
1876	2350
632	2350
3101	2350
1881	2350
1570	238
2075	238
4361	238
3702	238
2405	4064
205	4064
352	4064
504	4064
3813	3359
2756	3359
795	3359
1964	3359
3139	3359
2498	3507
2774	3507
3025	3507
1501	3507
14	3507
846	3507
846	3209
641	188
3554	3030
3139	3030
1247	2285
3554	4364
1174	4117
107	4117
1784	3413
2292	3413
846	3413
104	3413
864	4391
1081	4391
3139	1884
843	1183
1974	1183
887	1183
2421	1183
1264	3147
4259	2730
288	2730
1079	2617
2923	3715
1537	4114
1349	3835
3389	4316
458	3348
3930	2093
116	2093
3084	3513
2405	2792
1785	1742
369	1742
2888	1742
1516	1586
3554	1586
2265	3360
3833	173
3975	2802
3130	717
1487	1178
288	2649
1443	2649
197	2649
3128	3334
2262	3334
4291	3334
4425	3334
534	3334
288	3334
2503	3334
2244	3334
4342	3334
65	3744
1352	2266
4296	904
4442	904
1174	1106
926	1106
4151	1106
4309	1784
408	1784
364	1784
822	1784
641	695
2281	695
3815	695
1148	695
1521	695
2547	695
1200	4448
1272	4448
2276	4448
3554	51
2362	1265
3019	1265
3907	1265
373	1265
1341	1265
2628	1265
3095	1265
65	2365
141	2365
1235	2529
2013	2529
2785	2529
351	2529
2571	2529
3211	1902
423	1902
1264	1200
4427	1200
3405	1264
4427	1264
1371	1264
2198	1264
2204	1264
2150	1264
843	1264
195	1264
4074	1264
2597	1264
83	1264
2341	1264
12	1264
236	1264
1361	1264
4007	1264
4394	1264
4144	3405
1025	3405
841	1243
3554	1243
3554	431
2195	1254
1505	1254
3482	3867
197	3867
1457	1322
3554	1322
576	1322
288	1079
3382	1079
2265	4067
1272	4067
15	4427
3136	4427
1487	4427
1505	2666
1351	2475
2330	3128
401	3128
1112	3128
2344	3128
209	3128
4425	3128
534	3128
681	3128
1480	3128
2334	3128
288	3128
925	3128
306	3128
4317	3128
1862	1371
887	1371
271	1537
380	1537
61	1537
2710	1537
4159	1537
2150	1537
4235	1537
83	1537
4077	1537
2276	1537
5	1537
1774	1537
887	1537
699	1537
4075	1537
1869	1537
765	4256
288	4256
4423	3315
458	3315
2231	3315
1869	3315
2598	1332
4296	2935
4092	1573
167	1573
2654	1573
1258	1573
3292	1573
4369	1573
3689	1573
1702	1573
4380	1573
4092	2534
1769	4092
2198	3388
2528	3388
3497	3388
4152	3388
684	3388
1258	3388
2676	3388
3554	3388
3139	3388
1140	4120
380	4120
380	1140
3647	2198
843	2198
478	494
1070	3970
627	3970
1903	3970
3831	4309
1269	4212
3865	84
4048	84
395	84
2302	84
864	3865
4048	3865
395	3865
2302	3865
3795	359
2894	3081
4423	3081
3203	3081
3805	3081
2405	449
3031	449
2354	181
4409	181
2405	2892
2405	618
3975	3211
3913	3211
369	3211
1839	3211
1271	3211
3001	3211
1782	3211
3136	1206
4265	1206
239	1544
2505	3811
423	3811
3264	1819
3895	1819
406	1819
2130	1819
887	1819
3667	1819
4400	1819
1126	380
1400	380
1017	380
529	380
3930	380
1441	380
1407	380
112	2288
205	2288
539	2288
3651	2288
3554	211
3139	211
2541	4296
3019	4296
3855	4296
863	864
3640	864
2654	864
4152	864
1174	864
2928	864
666	81
2528	863
674	863
684	863
2074	863
395	863
221	863
3190	1316
2334	1316
3975	956
3793	956
2756	956
1257	956
2597	956
3437	956
104	956
3975	955
3793	955
2756	955
104	955
288	2330
2461	2594
1963	1126
3385	1126
1457	286
961	2815
524	1318
3084	1318
2405	3574
3292	2215
1234	407
1269	3134
3806	3134
3281	2408
1174	2408
936	662
1657	662
2712	662
2383	167
3371	167
3025	167
3062	167
3139	4297
1457	1303
4366	1171
1240	1171
1174	1171
3554	3956
1231	3956
3261	2149
524	4058
4248	3392
1680	3392
1816	3392
2734	3392
4406	3392
1976	2405
1027	2405
4123	2405
714	2405
3985	2405
4322	2405
4224	2405
4451	2405
2767	2405
2162	2405
3386	2405
4280	2405
1301	2405
3573	2405
3934	2405
68	2405
4442	2405
4030	2405
2786	2405
815	2405
1843	2405
3695	2405
830	2405
1257	2405
2208	2405
1568	2405
2541	2405
1170	2405
3437	2405
1081	2405
2344	2405
2647	2405
1991	2405
282	2405
822	2405
3106	2405
1109	2405
2988	2405
3318	2405
2437	2405
53	2405
1774	2405
67	2405
116	2405
120	2405
148	2405
290	2405
405	2405
447	2405
478	2405
718	2405
729	2405
894	2405
896	2405
1092	2405
1105	2405
1151	2405
1602	2405
1730	2405
1798	2405
1816	2405
2319	2405
2364	2405
2402	2405
2563	2405
2619	2405
2650	2405
2681	2405
2720	2405
2741	2405
2954	2405
3032	2405
3042	2405
3054	2405
3298	2405
3362	2405
3391	2405
3482	2405
3496	2405
3521	2405
3540	2405
3614	2405
3794	2405
3927	2405
4056	2405
3260	2405
4238	2405
4358	2405
4386	2405
4406	2405
4420	2405
197	2405
3594	2405
40	3553
3074	1531
1247	1531
2354	1531
503	1531
1081	812
3554	812
2461	812
3482	812
2882	2247
4187	61
159	61
3139	61
3703	512
341	559
2102	2710
259	2710
3518	2983
684	3640
1112	3640
2095	3640
3562	1921
14	1921
2262	3914
83	325
1938	325
1341	325
1869	325
4394	325
1174	4159
1680	2528
807	2528
3554	2528
3139	2528
4076	2528
1976	3975
1693	3975
425	3975
2252	3975
3264	3975
4423	3975
369	3975
1400	3975
1876	3975
1257	3975
458	3975
795	3975
83	3975
3596	3975
2281	3975
3889	3975
3001	3975
1869	3975
2563	2220
269	1070
419	1070
957	3984
2550	1074
3723	1074
1257	1693
3554	1693
243	1693
83	425
4205	1777
3074	2265
1247	2265
1272	2265
3524	2265
2354	2265
3952	2265
503	2265
1144	2265
4231	2265
332	2265
1013	2265
3437	2265
3019	2265
4133	2265
3154	2265
711	2265
1247	3074
1272	3074
3524	3074
2354	3074
503	3074
3372	3074
4442	3074
3911	3074
243	3074
1272	1247
3524	1247
2354	1247
503	1247
1037	1247
910	1247
395	1247
4001	1247
2607	1247
259	1247
2044	1247
2721	1247
3524	1272
2354	1272
503	1272
3987	1272
3372	1272
4442	1272
4231	1272
2785	1272
2607	1272
2238	1272
2354	3524
503	3524
3372	3524
4442	3524
503	2354
3657	2354
3372	2354
4442	2354
4453	2354
1400	2354
607	2354
1429	2354
3745	2354
3895	2354
2177	2354
191	2354
1120	2354
1489	2354
1883	2354
2190	2354
3793	4123
846	4123
4229	4123
4236	4123
2231	588
4446	588
875	588
1568	2195
3590	2195
3787	1269
3727	1812
4342	1812
288	401
2503	401
1443	401
3382	401
4423	3985
1174	3985
159	3985
2276	3985
68	564
288	564
925	564
1443	564
2095	3639
2522	936
1974	936
3554	936
542	936
563	936
606	936
1039	936
1151	936
1320	936
1602	936
1702	936
2004	936
2114	3813
433	3813
1480	4322
1361	3952
340	1546
58	269
3855	269
3968	527
1899	527
313	527
2794	527
641	527
3590	527
1174	527
1670	527
364	527
3554	527
1031	527
4151	527
147	3968
580	3968
364	3968
926	3968
3478	3968
147	1899
1174	1899
364	1899
147	313
1174	313
1670	313
364	313
1144	2114
4258	2114
2495	1781
3554	1781
291	1781
3078	1781
3482	1781
684	2445
1121	674
1505	674
1731	674
1881	674
951	1432
4139	1432
2712	4010
1144	4224
369	4224
419	4224
1876	4224
4395	4224
2712	4224
259	3470
666	3477
1235	3477
2074	3477
1637	3477
1873	1482
4072	1482
1873	4451
3327	2767
4453	4243
1257	1469
4002	1469
83	235
1869	235
3839	2601
2848	2502
1040	4376
1112	4376
2687	4376
4241	4376
106	3420
1654	2559
3300	2559
2679	106
4048	106
2302	106
2712	3634
4116	4195
83	2641
159	2641
1869	2641
3474	3787
58	3787
1174	3468
2505	951
2677	951
3913	951
841	951
1680	951
1076	554
1271	554
4222	2592
4072	1873
3913	4072
807	4072
3281	4072
607	4072
3637	4072
147	3264
1738	3264
3001	3264
2711	4257
819	2654
3281	2654
3806	2654
887	2654
323	2654
4229	2654
711	2654
291	4424
4056	3439
1598	3119
3292	3119
4339	3119
1695	586
4248	3957
1081	3957
1827	2848
580	524
2620	524
2159	1040
2655	1040
2144	1040
3913	4248
1063	4248
159	4248
2128	4248
3554	1598
813	1657
1313	1657
1133	1657
1827	1657
4152	3990
684	3990
1258	3990
3084	3990
2676	3990
2676	2742
1648	2742
3497	4187
4152	4187
1258	4187
2505	4187
841	4187
2676	4187
40	4187
4152	3497
1258	3497
1157	3497
2723	3497
2676	3497
1157	4152
1911	4152
1157	684
2676	684
2597	684
3554	684
2366	684
1455	684
1705	684
1157	1258
2676	1258
4076	2383
2724	310
1457	310
2676	1157
1252	813
2231	813
879	813
2495	2505
2677	2505
3596	2505
3554	2505
256	2505
841	2495
1680	2495
2895	2495
841	2677
1680	2677
2895	2677
1434	3913
123	3913
2470	3913
3554	3913
259	3913
798	3913
2499	3913
2663	3913
4436	3913
3554	841
3482	841
2262	3292
1528	3292
3139	3292
3815	3292
1480	3292
925	3292
3396	3292
3281	1680
1528	1680
3554	1680
1133	1680
2499	1680
3806	2009
1109	2009
1251	2493
1447	1435
593	1447
288	1447
1505	2120
1252	1832
1252	537
1974	1911
3966	1063
1487	1261
2128	1261
4161	882
83	2150
631	503
239	503
1039	63
1144	440
2344	440
1808	440
4367	2855
3808	2077
4144	3631
4144	4280
1505	1748
3554	1748
337	1301
1505	1301
2545	1301
191	337
3137	337
209	2774
24	2774
104	1655
65	1002
3046	3347
2628	941
3084	2212
3889	2212
1505	2653
1761	3701
1505	98
3756	891
1690	891
3756	1515
3573	1515
877	1515
807	1515
631	1515
3798	1515
3573	3756
1789	3756
3895	3756
877	3573
807	3573
807	1980
3657	2600
807	877
1646	877
1551	877
2075	807
1731	807
843	3647
4394	3647
3517	3934
58	461
1505	461
3996	3261
924	3261
1081	2484
3084	77
3562	4144
2416	4144
3434	4144
1112	2262
2344	2262
209	2262
534	2262
2503	2262
306	2262
4317	2262
3793	1654
1252	1654
1505	1654
846	1654
4229	1654
3751	4423
2130	4423
1620	4423
3798	3734
288	1112
3397	1112
641	4068
191	593
3554	1434
324	4190
3546	462
3783	462
294	3625
1174	3625
294	1608
1457	294
1903	294
794	1551
627	1913
666	1913
666	627
4231	627
1716	627
14	627
1963	627
1398	666
3751	666
1692	666
3958	666
1785	666
1234	666
3729	666
1716	666
14	666
4122	666
1963	666
3562	757
1738	757
1881	757
2597	4251
2075	4251
2597	1025
3876	1025
1505	1144
888	1144
3260	1144
3958	2175
2013	1398
2208	1398
2276	1398
1637	1398
2013	3751
2013	1692
3139	4259
472	68
209	68
1505	1175
3554	1175
3139	1175
29	2724
4446	2724
282	1644
3554	29
4446	4442
282	4442
3855	4442
1774	4442
3281	1236
306	3539
1487	730
423	730
3139	730
196	730
1963	730
982	3562
3101	3562
4400	3562
906	3562
1823	3029
234	122
1751	122
1174	2687
1234	3958
1271	3958
2013	1234
481	4084
2238	4084
2733	4227
3554	1807
2686	1807
2362	4453
3554	4453
3139	4453
3590	1384
288	2108
1443	2108
909	602
3689	3203
2130	3203
3054	1296
3343	2362
2374	1286
1837	1286
2130	1286
58	1235
3554	1235
3349	1235
3001	1235
2130	2374
3084	3575
641	3575
866	3575
822	3575
260	848
4076	848
1138	848
1487	1520
3139	4110
3540	522
3554	194
3730	194
2620	194
1977	2995
3554	2353
4394	843
529	58
147	2794
3590	2794
364	2794
2421	2794
964	3546
3554	1062
1013	3084
1174	3084
4161	3084
2302	3084
2931	3084
3730	3084
681	3084
4009	3084
149	3084
414	3084
1829	3084
2185	3084
2753	3084
2970	3084
3063	3084
3123	3084
3671	3084
3718	3084
4002	3084
3591	3084
4038	1839
1174	3281
259	3281
2759	3293
2759	4038
2676	2723
1441	2723
116	885
2074	419
1257	419
3136	419
3554	419
3996	419
888	419
339	419
1118	419
794	419
1400	2074
1017	2074
3136	2074
3554	3354
681	343
3590	147
1174	147
1670	147
926	147
1031	147
4151	147
632	3994
1092	3994
632	3729
632	1457
888	1457
563	1457
745	1457
953	1457
2306	1457
2454	1457
2481	1457
1341	1457
3795	2676
1190	2676
3021	3356
1400	2013
3058	2013
4395	2013
1017	2013
2562	2013
529	2013
4025	2013
1441	2013
97	2013
1252	2013
1174	2013
107	2013
1407	2013
4395	1400
1017	1400
2562	1400
529	1400
4025	1400
3930	1400
1441	1400
2437	1400
644	1400
2562	3058
1441	3058
1407	3058
2562	1876
1441	1876
616	1876
1407	1876
2578	1876
2562	4395
1505	4395
616	4395
1407	4395
2562	1017
1407	1017
1637	1017
1257	632
3590	632
364	632
822	632
3614	632
529	2562
4025	2562
3930	2562
1441	2562
1731	2562
1407	2562
1407	529
3930	4025
1441	4025
1407	4025
1702	4025
107	3930
1407	3930
1731	1441
107	1441
14	4231
2402	97
903	607
3895	903
3554	903
1174	1499
65	1499
1443	1499
3596	1257
2470	1257
1377	1257
3042	1257
14	1716
3554	910
1505	458
243	458
1450	458
2424	458
4223	580
964	795
3554	1533
3554	808
2130	808
4202	808
3308	1568
3139	4279
1060	4279
1013	641
894	641
925	641
1813	641
3855	2541
756	1170
1987	1273
3482	4074
71	1252
615	3401
4222	1050
191	2564
191	2728
3517	2102
1487	2597
1688	2597
2344	2159
288	2159
670	2895
794	2895
4394	2895
423	1570
670	2098
3855	1505
502	1505
765	3031
288	3031
65	4188
4361	2075
3540	496
1974	2296
868	1454
3804	3843
961	3843
3554	2550
3154	2550
178	2550
424	2550
510	2550
2095	2550
3554	2785
339	123
2776	1823
866	239
3554	239
1148	239
2444	239
364	3590
3434	3590
1487	1013
2974	1013
3554	866
1311	866
3385	866
3458	3437
3483	3437
1557	3895
14	3805
507	3538
2281	83
3517	83
472	83
2177	83
1480	83
3001	83
3362	83
1869	83
1869	3596
2599	839
2923	4059
2231	1313
2483	1313
2128	1313
3806	1313
1688	1313
1133	2231
3500	3136
3554	1081
339	1081
992	1081
3554	4446
423	4446
3139	4446
3061	4446
1869	2281
4048	755
3554	755
395	4048
2302	4048
2399	1487
3389	1487
1837	395
4133	395
2302	395
2620	395
1349	395
1683	2759
3054	1501
3554	875
1963	2416
3019	2712
647	2712
2128	2712
209	2344
288	2344
1077	2344
2503	2344
197	2344
1991	40
423	40
1174	1974
3517	1974
2753	1974
4422	1974
4289	3198
993	3831
822	3831
1670	1174
364	1174
4151	1174
3977	1174
1108	1174
887	1174
128	1174
1776	1174
1822	1174
1850	1174
1851	1174
2277	1174
2490	1174
2711	1174
2741	1174
3308	1174
3358	1174
3391	1174
3742	1174
3892	1174
4056	1174
364	1670
4151	1670
3434	1670
926	364
1031	364
4151	364
3434	364
423	926
3554	2803
3139	2803
2154	3554
2211	3554
1738	3554
964	3554
3116	3554
4223	3554
693	3554
2437	3554
502	3554
774	3554
1162	3554
1605	3554
1830	3554
2319	3554
2363	3554
2378	3554
2506	3554
2753	3554
3343	3554
2504	3554
3449	3554
3720	3554
4383	3554
1909	3517
924	3517
3785	3517
3139	913
4151	1031
3434	4151
2938	3434
2988	3434
1963	3434
507	2286
2341	1995
423	3019
3907	3019
3996	2401
1677	2401
1881	3996
1138	423
4034	423
4206	423
2633	423
535	423
2499	423
2734	423
3478	423
4373	423
2608	3855
924	3855
2130	406
260	3225
4076	3225
2515	3225
1138	3225
2798	959
3146	888
107	888
1829	2177
2923	2177
3123	2177
4317	2177
1869	2177
3106	822
2115	822
887	822
4400	822
3243	3106
534	209
2503	209
1443	209
1641	4213
2461	3139
2515	3139
693	3139
502	3139
510	3139
1354	3139
1881	3139
1946	3139
2011	3139
2319	3139
2378	3139
3343	3139
2504	3139
2628	3139
4125	256
4317	4291
1963	4404
3738	1986
3349	3730
1367	3730
149	291
1963	14
1808	14
2727	2292
3483	2292
288	4425
392	4425
2503	4425
1443	4425
2966	4425
65	4037
756	259
3366	259
879	259
3907	259
504	259
3366	756
75	756
2609	1231
288	534
925	534
1077	534
2503	534
4342	534
4317	534
3875	3062
1237	2608
2130	2608
1963	2608
1620	992
4122	4367
4122	2974
4287	1237
1341	1237
3785	2130
2276	1731
4282	1620
288	681
2503	681
67	65
288	65
1131	65
2599	65
3123	65
3382	65
2415	107
2599	107
2499	1109
1502	3876
116	2033
116	1567
2515	260
4034	260
1138	4076
4034	4076
1138	2515
4034	2515
4034	1138
2542	4034
1938	2727
2922	234
2276	2620
1963	3907
1521	3907
2628	3907
3483	3907
3389	3046
3318	1473
2599	1473
1060	2633
887	1060
3369	1697
141	2988
288	1480
2503	1480
4342	1480
3095	3001
288	2334
2503	2334
2599	3318
2923	2276
3482	1774
3078	887
3482	887
1827	116
1363	199
925	288
2563	288
2696	288
2923	288
3382	288
306	288
4317	288
197	288
1077	344
1222	1963
1675	1963
1709	1963
2325	1963
3343	1963
3500	1963
3483	1963
3488	443
3240	467
1120	531
1151	576
1798	576
3529	576
2507	636
4420	702
1521	763
1521	774
4189	774
1881	794
2228	881
2503	925
2244	925
4108	944
3239	949
1625	973
4049	989
2868	1039
2228	1075
306	1077
3260	1120
3530	1208
306	2503
4317	2503
3003	1346
4098	1352
4358	1361
2190	1367
2563	1443
4317	1443
1938	1521
4189	1521
373	1521
3637	1521
1341	1521
2628	1521
3483	1521
3095	1521
2719	1561
1869	1776
1830	1816
2630	1827
3482	1922
3365	2034
3482	2039
3449	2095
4342	2144
3720	2346
3482	2352
1869	2399
2547	2481
3478	2499
3482	2567
2763	2619
3176	2721
3720	2734
3654	2763
1869	2925
3718	3123
4317	3727
4317	4342
4339	1808
3483	2628
