0	88
0	351
0	574
3	551
3	1061
4	344
4	1212
4	1488
8	695
17	1080
18	334
18	605
18	849
18	901
18	958
18	1002
18	1110
18	1375
18	1530
23	1021
24	125
24	849
24	939
25	794
25	1273
30	309
30	1111
32	1376
37	68
37	169
37	384
37	422
37	452
37	462
37	580
37	967
37	1224
37	1407
42	415
42	418
42	436
42	494
42	603
42	752
42	1369
42	1528
47	217
49	106
49	120
49	142
49	156
49	181
49	196
49	204
49	225
49	260
49	341
49	382
49	428
49	489
49	528
49	539
49	604
49	648
49	652
49	658
49	659
49	796
49	839
49	842
49	888
49	928
49	942
49	953
49	976
49	1004
49	1018
49	1117
49	1154
49	1160
49	1206
49	1272
49	1320
49	1348
49	1428
49	1452
49	1458
49	1461
49	1537
50	68
50	422
50	462
50	580
50	1407
56	122
56	336
56	419
56	593
56	1247
56	1278
56	1374
56	1519
56	1542
59	1305
68	169
68	188
68	384
68	422
68	452
68	462
68	580
68	933
68	967
68	1043
68	1073
68	1159
68	1224
68	1371
68	1407
71	462
71	933
71	1467
71	1526
74	135
74	296
74	362
74	511
74	526
74	1151
74	1157
74	1494
75	382
75	489
75	953
75	1018
82	204
82	730
82	1127
83	112
83	322
88	351
88	574
89	299
95	181
95	391
95	842
95	926
95	942
95	1154
95	1179
95	1195
95	1300
95	1399
95	1461
95	1493
96	1489
99	226
99	254
99	792
99	820
99	906
99	1215
99	1253
99	1290
99	1353
99	1382
99	1383
99	1414
99	1460
99	1498
99	1532
99	1554
99	1557
106	120
106	142
106	156
106	181
106	196
106	225
106	260
106	382
106	428
106	503
106	504
106	539
106	584
106	625
106	652
106	839
106	842
106	888
106	942
106	953
106	976
106	996
106	1018
106	1160
106	1198
106	1206
106	1299
106	1320
106	1348
106	1364
106	1428
106	1452
106	1461
106	1497
109	1092
110	946
112	322
112	359
112	1012
112	1029
112	1431
113	841
113	1335
118	183
118	720
118	1281
120	181
120	196
120	225
120	260
120	604
120	693
120	842
120	976
120	1117
120	1348
120	1428
120	1497
120	1537
122	336
122	419
122	593
122	1247
122	1278
122	1374
122	1519
122	1542
123	383
123	611
125	849
125	939
127	272
127	520
127	700
128	276
128	1260
131	332
135	296
135	362
135	511
135	526
135	1151
135	1157
135	1494
137	704
141	1024
142	181
142	528
142	659
142	842
142	1322
142	1348
142	1461
145	412
145	886
145	926
145	1179
145	1195
145	1213
145	1453
147	242
149	172
149	477
149	1045
152	407
153	161
153	335
153	943
153	1013
156	181
156	204
156	225
156	260
156	382
156	428
156	489
156	503
156	504
156	539
156	648
156	652
156	658
156	796
156	802
156	839
156	888
156	942
156	953
156	1004
156	1018
156	1160
156	1198
156	1206
156	1270
156	1320
156	1348
156	1388
156	1452
156	1493
158	214
158	327
158	591
158	606
158	621
158	675
158	1329
159	1460
161	335
161	943
161	1013
162	181
162	225
162	260
162	341
162	430
162	599
162	693
162	774
162	842
162	914
162	928
162	976
162	1117
162	1201
162	1364
162	1458
162	1497
162	1535
162	1537
167	272
167	412
167	445
167	707
167	846
167	952
167	957
167	1231
167	1286
167	1453
169	384
169	452
169	462
169	967
169	1224
169	1407
170	1410
172	477
172	1045
181	204
181	225
181	260
181	333
181	341
181	391
181	430
181	503
181	528
181	599
181	604
181	693
181	842
181	914
181	926
181	928
181	942
181	953
181	976
181	1117
181	1154
181	1195
181	1198
181	1272
181	1311
181	1348
181	1408
181	1428
181	1458
181	1461
181	1535
181	1537
183	720
183	1281
188	422
188	967
188	1159
192	1093
192	1260
194	1225
196	260
196	428
196	584
196	842
196	1348
196	1428
196	1497
197	763
201	1275
201	1289
204	245
204	260
204	382
204	428
204	489
204	499
204	503
204	504
204	539
204	648
204	658
204	796
204	802
204	839
204	842
204	886
204	888
204	942
204	953
204	1004
204	1018
204	1160
204	1198
204	1206
204	1213
204	1300
204	1311
204	1320
204	1348
204	1388
204	1399
204	1452
204	1453
204	1485
204	1493
206	280
206	1180
214	327
214	591
214	606
214	621
214	675
214	1329
214	1556
216	521
217	255
222	740
222	855
222	1401
225	260
225	333
225	341
225	430
225	599
225	604
225	693
225	842
225	914
225	928
225	976
225	1117
225	1154
225	1272
225	1291
225	1348
225	1408
225	1428
225	1458
225	1537
226	254
226	906
226	1215
226	1353
226	1382
226	1383
226	1532
226	1554
226	1557
234	1094
234	1166
234	1330
238	680
238	1175
241	297
241	1103
245	382
245	391
245	428
245	489
245	539
245	658
245	796
245	839
245	842
245	888
245	920
245	942
245	1018
245	1160
245	1195
245	1198
245	1300
245	1320
245	1348
245	1452
245	1485
252	345
252	833
252	1221
252	1456
254	906
254	1215
254	1353
254	1382
254	1557
260	382
260	428
260	430
260	489
260	499
260	503
260	528
260	539
260	604
260	648
260	652
260	659
260	693
260	796
260	802
260	839
260	842
260	888
260	928
260	942
260	953
260	976
260	996
260	1004
260	1117
260	1160
260	1198
260	1206
260	1272
260	1299
260	1320
260	1348
260	1364
260	1408
260	1428
260	1452
260	1458
260	1461
260	1485
260	1493
260	1497
260	1537
260	1556
265	1235
266	1156
266	1439
267	391
267	412
267	846
267	920
267	926
267	1179
267	1195
267	1311
267	1399
272	412
272	445
272	503
272	520
272	707
272	846
272	920
272	957
272	1179
272	1213
272	1231
272	1286
272	1453
272	1493
275	698
276	1260
276	1406
280	1180
294	796
294	1160
296	362
296	511
296	526
296	1151
296	1157
296	1494
297	1103
309	335
309	1353
309	1406
312	506
312	1110
322	359
322	1012
322	1029
322	1431
323	730
323	1127
327	591
327	606
327	621
327	675
327	1329
327	1556
332	366
332	692
332	1365
333	446
333	604
333	693
333	842
333	914
333	976
333	1272
333	1287
333	1348
333	1458
333	1537
334	605
334	849
334	901
334	958
334	1002
334	1110
334	1530
335	900
335	943
335	1013
336	419
336	593
336	1247
336	1278
336	1374
336	1519
336	1542
341	364
341	409
341	430
341	599
341	693
341	774
341	914
341	928
341	976
341	1117
341	1201
341	1364
341	1458
341	1497
341	1535
341	1537
344	477
344	567
344	1031
344	1212
344	1488
345	626
345	833
345	1134
345	1221
345	1370
345	1456
351	574
353	462
353	645
353	933
353	1467
353	1526
359	1012
359	1431
361	1551
362	511
362	526
362	1151
362	1157
362	1494
364	409
364	599
364	1117
364	1458
366	582
373	418
373	484
373	496
373	657
373	666
373	708
373	1140
382	391
382	412
382	428
382	489
382	499
382	503
382	504
382	539
382	648
382	652
382	658
382	796
382	839
382	842
382	888
382	920
382	942
382	953
382	1004
382	1035
382	1160
382	1195
382	1198
382	1206
382	1213
382	1214
382	1299
382	1311
382	1320
382	1348
382	1452
382	1453
382	1485
382	1493
383	611
384	422
384	452
384	462
384	580
384	967
384	1159
384	1224
384	1371
384	1407
391	412
391	503
391	842
391	846
391	920
391	926
391	937
391	942
391	1057
391	1154
391	1160
391	1179
391	1195
391	1213
391	1311
391	1320
391	1399
391	1428
391	1453
391	1461
391	1485
392	519
392	538
392	1053
392	1345
397	583
397	797
397	981
397	1088
399	1328
409	599
409	1117
409	1458
412	445
412	480
412	503
412	707
412	846
412	886
412	920
412	926
412	937
412	957
412	1035
412	1057
412	1179
412	1195
412	1213
412	1231
412	1286
412	1311
412	1320
412	1399
412	1453
412	1461
412	1493
415	418
415	436
415	494
415	496
415	603
415	752
415	1369
415	1528
417	1123
417	1307
418	484
418	496
418	657
418	666
418	708
418	1140
419	593
419	1247
419	1278
419	1374
419	1519
419	1542
420	808
420	907
420	986
420	1489
421	527
422	462
422	528
422	580
422	678
422	749
422	967
422	1043
422	1073
422	1159
422	1224
422	1371
422	1407
422	1467
422	1526
426	1370
426	1456
427	746
427	845
428	489
428	499
428	503
428	539
428	648
428	658
428	796
428	839
428	842
428	888
428	942
428	953
428	1004
428	1018
428	1160
428	1198
428	1206
428	1299
428	1320
428	1348
428	1388
428	1452
428	1493
430	599
430	604
430	693
430	914
430	928
430	976
430	1117
430	1348
430	1458
430	1497
430	1535
430	1537
435	1460
435	1488
436	494
436	603
436	752
436	1369
436	1528
438	770
438	1107
439	839
439	1021
444	781
444	1356
445	707
445	846
445	920
445	952
445	1179
445	1213
445	1286
445	1453
446	604
452	1224
457	497
457	556
457	1191
457	1529
460	528
460	659
460	1322
461	738
462	528
462	580
462	645
462	933
462	967
462	1043
462	1073
462	1148
462	1159
462	1224
462	1371
462	1407
462	1467
462	1526
470	493
472	981
477	567
477	845
477	1045
477	1072
477	1111
477	1212
477	1460
477	1488
477	1544
479	1279
479	1430
480	926
480	937
480	1179
480	1195
480	1453
481	545
481	596
484	496
484	657
484	666
484	708
487	1250
489	499
489	503
489	504
489	539
489	648
489	658
489	796
489	802
489	839
489	842
489	888
489	942
489	953
489	1004
489	1018
489	1160
489	1198
489	1206
489	1270
489	1299
489	1320
489	1348
489	1452
489	1485
489	1493
494	603
494	752
494	1369
494	1528
496	657
496	666
496	708
496	1140
497	556
497	1191
497	1529
499	648
499	796
499	1004
499	1160
499	1206
499	1270
499	1299
499	1320
500	553
500	563
500	717
500	1081
500	1325
500	1336
500	1342
503	504
503	539
503	572
503	648
503	658
503	796
503	839
503	888
503	942
503	953
503	1004
503	1160
503	1179
503	1198
503	1213
503	1311
503	1320
503	1348
503	1453
503	1485
503	1493
504	625
504	658
504	796
504	839
504	888
504	953
504	1160
504	1198
504	1320
504	1493
506	1110
511	526
511	1151
511	1157
511	1494
519	538
519	1053
519	1345
520	700
523	564
526	1100
526	1151
526	1157
526	1247
526	1494
526	1519
527	554
528	607
528	842
528	933
528	1043
528	1244
528	1348
528	1408
528	1461
528	1467
528	1526
538	1053
538	1345
539	648
539	652
539	658
539	796
539	839
539	846
539	888
539	942
539	1018
539	1035
539	1160
539	1198
539	1206
539	1299
539	1320
539	1348
539	1453
539	1461
539	1493
542	1239
545	596
551	1061
551	1331
553	563
553	717
553	1081
553	1302
553	1325
553	1336
553	1342
556	1191
556	1529
562	1120
563	717
563	1081
563	1325
563	1336
563	1342
564	1498
567	1031
567	1212
567	1220
567	1488
572	796
572	839
572	888
572	1004
572	1320
580	678
580	967
580	1073
580	1159
580	1371
580	1407
583	797
583	981
583	1088
584	1428
591	606
591	621
591	675
591	1329
593	1247
593	1278
593	1374
593	1519
593	1542
599	693
599	928
599	976
599	1117
599	1428
599	1458
599	1537
603	752
603	1369
603	1528
604	693
604	914
604	928
604	976
604	1117
604	1287
604	1348
604	1458
604	1537
605	658
605	849
605	901
605	958
605	1002
605	1110
605	1375
605	1530
606	621
606	675
606	1329
606	1556
621	675
621	1329
626	833
626	1134
626	1221
626	1370
626	1456
645	933
645	1148
645	1467
646	1175
648	658
648	796
648	839
648	888
648	953
648	1004
648	1018
648	1160
648	1198
648	1299
648	1320
648	1348
648	1452
648	1485
648	1493
652	839
652	888
652	1018
652	1160
652	1299
652	1348
657	666
657	708
658	796
658	839
658	842
658	888
658	901
658	942
658	953
658	1160
658	1198
658	1320
658	1348
658	1452
658	1485
659	839
659	842
659	1322
659	1348
659	1461
666	708
666	1140
675	1329
677	707
677	846
677	957
677	1231
677	1286
677	1453
678	967
678	1073
680	942
680	1272
691	1383
691	1498
691	1554
693	774
693	842
693	914
693	928
693	976
693	1117
693	1201
693	1348
693	1364
693	1458
693	1535
693	1537
701	985
701	1217
704	1113
707	846
707	920
707	926
707	937
707	957
707	1179
707	1195
707	1213
707	1231
707	1286
707	1311
707	1320
707	1399
707	1453
708	1140
716	746
716	845
717	868
717	1081
717	1325
717	1336
717	1342
720	1281
730	1127
740	1401
741	1415
743	1235
746	845
749	1159
752	1369
752	1528
757	1475
767	1316
774	1117
792	820
792	1215
792	1253
792	1383
792	1414
792	1498
792	1532
792	1554
794	1021
794	1273
796	839
796	888
796	942
796	953
796	1004
796	1018
796	1160
796	1198
796	1206
796	1270
796	1299
796	1320
796	1348
796	1388
796	1452
796	1485
796	1493
797	981
797	1088
800	1071
802	839
802	888
802	1348
802	1527
808	907
808	1489
818	933
818	1148
818	1467
818	1526
820	1215
820	1253
820	1383
820	1414
820	1498
820	1532
820	1554
833	1134
833	1221
833	1370
833	1456
839	842
839	888
839	942
839	953
839	1004
839	1018
839	1117
839	1160
839	1198
839	1206
839	1270
839	1299
839	1320
839	1348
839	1452
839	1461
839	1485
839	1497
839	1556
841	1335
842	942
842	976
842	1117
842	1154
842	1160
842	1198
842	1272
842	1320
842	1348
842	1428
842	1452
842	1461
842	1485
842	1537
845	1045
846	920
846	926
846	937
846	1035
846	1179
846	1195
846	1213
846	1231
846	1286
846	1311
846	1399
846	1453
846	1461
846	1493
849	901
849	939
849	958
849	1002
849	1110
849	1375
849	1530
855	869
855	957
855	1101
868	1336
868	1342
869	1498
886	920
886	926
886	937
886	942
886	978
886	1179
886	1195
886	1311
886	1320
886	1399
886	1453
886	1461
888	942
888	953
888	1004
888	1018
888	1035
888	1160
888	1198
888	1206
888	1270
888	1299
888	1320
888	1348
888	1485
888	1493
900	943
900	1111
900	1406
901	958
901	1002
901	1110
901	1530
906	1215
906	1353
906	1382
906	1383
906	1532
906	1554
906	1557
907	1489
908	1158
914	928
914	976
914	1117
914	1348
914	1458
914	1537
920	926
920	937
920	942
920	1179
920	1195
920	1213
920	1286
920	1311
920	1320
920	1348
920	1453
920	1461
925	1541
926	937
926	957
926	1154
926	1179
926	1195
926	1213
926	1311
926	1320
926	1399
926	1453
926	1461
928	976
928	1117
928	1458
928	1535
928	1537
933	967
933	1043
933	1148
933	1159
933	1467
933	1526
937	942
937	1057
937	1179
937	1195
937	1213
937	1300
937	1311
937	1320
937	1399
937	1453
937	1461
942	953
942	978
942	1004
942	1018
942	1154
942	1160
942	1179
942	1198
942	1206
942	1299
942	1300
942	1311
942	1320
942	1348
942	1452
942	1453
942	1461
942	1485
943	1013
952	1286
952	1320
952	1453
953	1004
953	1018
953	1160
953	1198
953	1206
953	1214
953	1320
953	1348
953	1388
953	1452
953	1485
953	1493
957	1101
957	1179
957	1231
957	1286
957	1453
958	1002
958	1110
958	1530
967	1073
967	1148
967	1159
967	1224
967	1371
967	1407
967	1467
976	1117
976	1348
976	1364
976	1408
976	1428
976	1458
976	1535
976	1537
977	1251
978	1300
978	1311
978	1461
981	1088
985	1217
996	1206
1002	1110
1002	1530
1004	1160
1004	1198
1004	1206
1004	1270
1004	1298
1004	1299
1004	1320
1018	1160
1018	1198
1018	1298
1018	1320
1018	1452
1018	1485
1018	1493
1029	1431
1031	1212
1035	1320
1036	1342
1043	1467
1043	1526
1045	1120
1045	1544
1053	1345
1057	1160
1057	1195
1057	1311
1057	1320
1057	1453
1057	1461
1057	1543
1072	1488
1073	1159
1081	1302
1081	1325
1081	1336
1081	1342
1094	1166
1098	1101
1100	1157
1112	1275
1112	1289
1117	1201
1117	1348
1117	1364
1117	1428
1117	1458
1117	1497
1117	1535
1117	1537
1123	1307
1134	1221
1134	1370
1134	1456
1135	1203
1141	1492
1148	1467
1148	1526
1151	1157
1151	1494
1154	1195
1154	1300
1154	1311
1154	1399
1154	1428
1154	1458
1156	1439
1157	1494
1159	1407
1159	1467
1160	1179
1160	1198
1160	1206
1160	1270
1160	1299
1160	1300
1160	1311
1160	1320
1160	1348
1160	1388
1160	1452
1160	1453
1160	1461
1160	1485
1160	1493
1179	1195
1179	1213
1179	1231
1179	1286
1179	1300
1179	1311
1179	1320
1179	1399
1179	1453
1179	1461
1179	1493
1182	1550
1184	1247
1190	1552
1191	1529
1192	1205
1195	1213
1195	1300
1195	1311
1195	1320
1195	1399
1195	1453
1195	1461
1195	1485
1198	1206
1198	1298
1198	1299
1198	1320
1198	1348
1198	1452
1198	1485
1198	1493
1198	1527
1201	1458
1201	1535
1201	1537
1206	1299
1206	1320
1206	1348
1206	1452
1206	1517
1212	1220
1212	1488
1213	1231
1213	1311
1213	1320
1213	1399
1213	1453
1214	1320
1215	1253
1215	1353
1215	1382
1215	1383
1215	1414
1215	1498
1215	1532
1215	1554
1215	1557
1221	1370
1221	1456
1224	1407
1231	1286
1231	1453
1240	1488
1247	1278
1247	1374
1247	1519
1247	1542
1253	1383
1253	1414
1253	1498
1253	1532
1253	1554
1272	1428
1275	1289
1278	1374
1278	1519
1278	1542
1279	1430
1279	1460
1286	1320
1286	1453
1286	1461
1286	1493
1288	1435
1290	1383
1290	1460
1290	1554
1298	1320
1299	1320
1299	1348
1299	1452
1300	1311
1300	1320
1300	1399
1300	1428
1300	1461
1302	1421
1310	1534
1311	1320
1311	1399
1311	1428
1311	1453
1311	1461
1320	1348
1320	1452
1320	1453
1320	1461
1320	1485
1320	1493
1320	1517
1325	1336
1325	1342
1336	1342
1348	1408
1348	1428
1348	1452
1348	1458
1348	1461
1348	1485
1348	1493
1348	1537
1353	1382
1353	1383
1353	1406
1353	1532
1353	1554
1353	1557
1364	1428
1364	1458
1364	1497
1369	1528
1370	1456
1374	1519
1374	1542
1382	1383
1382	1532
1382	1554
1382	1557
1383	1414
1383	1498
1383	1532
1383	1554
1383	1557
1399	1453
1399	1461
1408	1458
1408	1535
1414	1498
1414	1532
1414	1554
1428	1458
1428	1461
1428	1497
1428	1537
1435	1484
1451	1455
1453	1461
1453	1493
1453	1527
1458	1497
1458	1535
1458	1537
1460	1488
1460	1554
1461	1493
1461	1527
1467	1526
1485	1527
1496	1503
1497	1537
1498	1532
1498	1554
1519	1542
1532	1554
1532	1557
1535	1537
1554	1557
88	0
351	0
574	0
551	3
1061	3
344	4
1212	4
1488	4
695	8
1080	17
334	18
605	18
849	18
901	18
958	18
1002	18
1110	18
1375	18
1530	18
1021	23
125	24
849	24
939	24
794	25
1273	25
309	30
1111	30
1376	32
68	37
169	37
384	37
422	37
452	37
462	37
580	37
967	37
1224	37
1407	37
415	42
418	42
436	42
494	42
603	42
752	42
1369	42
1528	42
217	47
106	49
120	49
142	49
156	49
181	49
196	49
204	49
225	49
260	49
341	49
382	49
428	49
489	49
528	49
539	49
604	49
648	49
652	49
658	49
659	49
796	49
839	49
842	49
888	49
928	49
942	49
953	49
976	49
1004	49
1018	49
1117	49
1154	49
1160	49
1206	49
1272	49
1320	49
1348	49
1428	49
1452	49
1458	49
1461	49
1537	49
68	50
422	50
462	50
580	50
1407	50
122	56
336	56
419	56
593	56
1247	56
1278	56
1374	56
1519	56
1542	56
1305	59
169	68
188	68
384	68
422	68
452	68
462	68
580	68
933	68
967	68
1043	68
1073	68
1159	68
1224	68
1371	68
1407	68
462	71
933	71
1467	71
1526	71
135	74
296	74
362	74
511	74
526	74
1151	74
1157	74
1494	74
382	75
489	75
953	75
1018	75
204	82
730	82
1127	82
112	83
322	83
351	88
574	88
299	89
181	95
391	95
842	95
926	95
942	95
1154	95
1179	95
1195	95
1300	95
1399	95
1461	95
1493	95
1489	96
226	99
254	99
792	99
820	99
906	99
1215	99
1253	99
1290	99
1353	99
1382	99
1383	99
1414	99
1460	99
1498	99
1532	99
1554	99
1557	99
120	106
142	106
156	106
181	106
196	106
225	106
260	106
382	106
428	106
503	106
504	106
539	106
584	106
625	106
652	106
839	106
842	106
888	106
942	106
953	106
976	106
996	106
1018	106
1160	106
1198	106
1206	106
1299	106
1320	106
1348	106
1364	106
1428	106
1452	106
1461	106
1497	106
1092	109
946	110
322	112
359	112
1012	112
1029	112
1431	112
841	113
1335	113
183	118
720	118
1281	118
181	120
196	120
225	120
260	120
604	120
693	120
842	120
976	120
1117	120
1348	120
1428	120
1497	120
1537	120
336	122
419	122
593	122
1247	122
1278	122
1374	122
1519	122
1542	122
383	123
611	123
849	125
939	125
272	127
520	127
700	127
276	128
1260	128
332	131
296	135
362	135
511	135
526	135
1151	135
1157	135
1494	135
704	137
1024	141
181	142
528	142
659	142
842	142
1322	142
1348	142
1461	142
412	145
886	145
926	145
1179	145
1195	145
1213	145
1453	145
242	147
172	149
477	149
1045	149
407	152
161	153
335	153
943	153
1013	153
181	156
204	156
225	156
260	156
382	156
428	156
489	156
503	156
504	156
539	156
648	156
652	156
658	156
796	156
802	156
839	156
888	156
942	156
953	156
1004	156
1018	156
1160	156
1198	156
1206	156
1270	156
1320	156
1348	156
1388	156
1452	156
1493	156
214	158
327	158
591	158
606	158
621	158
675	158
1329	158
1460	159
335	161
943	161
1013	161
181	162
225	162
260	162
341	162
430	162
599	162
693	162
774	162
842	162
914	162
928	162
976	162
1117	162
1201	162
1364	162
1458	162
1497	162
1535	162
1537	162
272	167
412	167
445	167
707	167
846	167
952	167
957	167
1231	167
1286	167
1453	167
384	169
452	169
462	169
967	169
1224	169
1407	169
1410	170
477	172
1045	172
204	181
225	181
260	181
333	181
341	181
391	181
430	181
503	181
528	181
599	181
604	181
693	181
842	181
914	181
926	181
928	181
942	181
953	181
976	181
1117	181
1154	181
1195	181
1198	181
1272	181
1311	181
1348	181
1408	181
1428	181
1458	181
1461	181
1535	181
1537	181
720	183
1281	183
422	188
967	188
1159	188
1093	192
1260	192
1225	194
260	196
428	196
584	196
842	196
1348	196
1428	196
1497	196
763	197
1275	201
1289	201
245	204
260	204
382	204
428	204
489	204
499	204
503	204
504	204
539	204
648	204
658	204
796	204
802	204
839	204
842	204
886	204
888	204
942	204
953	204
1004	204
1018	204
1160	204
1198	204
1206	204
1213	204
1300	204
1311	204
1320	204
1348	204
1388	204
1399	204
1452	204
1453	204
1485	204
1493	204
280	206
1180	206
327	214
591	214
606	214
621	214
675	214
1329	214
1556	214
521	216
255	217
740	222
855	222
1401	222
260	225
333	225
341	225
430	225
599	225
604	225
693	225
842	225
914	225
928	225
976	225
1117	225
1154	225
1272	225
1291	225
1348	225
1408	225
1428	225
1458	225
1537	225
254	226
906	226
1215	226
1353	226
1382	226
1383	226
1532	226
1554	226
1557	226
1094	234
1166	234
1330	234
680	238
1175	238
297	241
1103	241
382	245
391	245
428	245
489	245
539	245
658	245
796	245
839	245
842	245
888	245
920	245
942	245
1018	245
1160	245
1195	245
1198	245
1300	245
1320	245
1348	245
1452	245
1485	245
345	252
833	252
1221	252
1456	252
906	254
1215	254
1353	254
1382	254
1557	254
382	260
428	260
430	260
489	260
499	260
503	260
528	260
539	260
604	260
648	260
652	260
659	260
693	260
796	260
802	260
839	260
842	260
888	260
928	260
942	260
953	260
976	260
996	260
1004	260
1117	260
1160	260
1198	260
1206	260
1272	260
1299	260
1320	260
1348	260
1364	260
1408	260
1428	260
1452	260
1458	260
1461	260
1485	260
1493	260
1497	260
1537	260
1556	260
1235	265
1156	266
1439	266
391	267
412	267
846	267
920	267
926	267
1179	267
1195	267
1311	267
1399	267
412	272
445	272
503	272
520	272
707	272
846	272
920	272
957	272
1179	272
1213	272
1231	272
1286	272
1453	272
1493	272
698	275
1260	276
1406	276
1180	280
796	294
1160	294
362	296
511	296
526	296
1151	296
1157	296
1494	296
1103	297
335	309
1353	309
1406	309
506	312
1110	312
359	322
1012	322
1029	322
1431	322
730	323
1127	323
591	327
606	327
621	327
675	327
1329	327
1556	327
366	332
692	332
1365	332
446	333
604	333
693	333
842	333
914	333
976	333
1272	333
1287	333
1348	333
1458	333
1537	333
605	334
849	334
901	334
958	334
1002	334
1110	334
1530	334
900	335
943	335
1013	335
419	336
593	336
1247	336
1278	336
1374	336
1519	336
1542	336
364	341
409	341
430	341
599	341
693	341
774	341
914	341
928	341
976	341
1117	341
1201	341
1364	341
1458	341
1497	341
1535	341
1537	341
477	344
567	344
1031	344
1212	344
1488	344
626	345
833	345
1134	345
1221	345
1370	345
1456	345
574	351
462	353
645	353
933	353
1467	353
1526	353
1012	359
1431	359
1551	361
511	362
526	362
1151	362
1157	362
1494	362
409	364
599	364
1117	364
1458	364
582	366
418	373
484	373
496	373
657	373
666	373
708	373
1140	373
391	382
412	382
428	382
489	382
499	382
503	382
504	382
539	382
648	382
652	382
658	382
796	382
839	382
842	382
888	382
920	382
942	382
953	382
1004	382
1035	382
1160	382
1195	382
1198	382
1206	382
1213	382
1214	382
1299	382
1311	382
1320	382
1348	382
1452	382
1453	382
1485	382
1493	382
611	383
422	384
452	384
462	384
580	384
967	384
1159	384
1224	384
1371	384
1407	384
412	391
503	391
842	391
846	391
920	391
926	391
937	391
942	391
1057	391
1154	391
1160	391
1179	391
1195	391
1213	391
1311	391
1320	391
1399	391
1428	391
1453	391
1461	391
1485	391
519	392
538	392
1053	392
1345	392
583	397
797	397
981	397
1088	397
1328	399
599	409
1117	409
1458	409
445	412
480	412
503	412
707	412
846	412
886	412
920	412
926	412
937	412
957	412
1035	412
1057	412
1179	412
1195	412
1213	412
1231	412
1286	412
1311	412
1320	412
1399	412
1453	412
1461	412
1493	412
418	415
436	415
494	415
496	415
603	415
752	415
1369	415
1528	415
1123	417
1307	417
484	418
496	418
657	418
666	418
708	418
1140	418
593	419
1247	419
1278	419
1374	419
1519	419
1542	419
808	420
907	420
986	420
1489	420
527	421
462	422
528	422
580	422
678	422
749	422
967	422
1043	422
1073	422
1159	422
1224	422
1371	422
1407	422
1467	422
1526	422
1370	426
1456	426
746	427
845	427
489	428
499	428
503	428
539	428
648	428
658	428
796	428
839	428
842	428
888	428
942	428
953	428
1004	428
1018	428
1160	428
1198	428
1206	428
1299	428
1320	428
1348	428
1388	428
1452	428
1493	428
599	430
604	430
693	430
914	430
928	430
976	430
1117	430
1348	430
1458	430
1497	430
1535	430
1537	430
1460	435
1488	435
494	436
603	436
752	436
1369	436
1528	436
770	438
1107	438
839	439
1021	439
781	444
1356	444
707	445
846	445
920	445
952	445
1179	445
1213	445
1286	445
1453	445
604	446
1224	452
497	457
556	457
1191	457
1529	457
528	460
659	460
1322	460
738	461
528	462
580	462
645	462
933	462
967	462
1043	462
1073	462
1148	462
1159	462
1224	462
1371	462
1407	462
1467	462
1526	462
493	470
981	472
567	477
845	477
1045	477
1072	477
1111	477
1212	477
1460	477
1488	477
1544	477
1279	479
1430	479
926	480
937	480
1179	480
1195	480
1453	480
545	481
596	481
496	484
657	484
666	484
708	484
1250	487
499	489
503	489
504	489
539	489
648	489
658	489
796	489
802	489
839	489
842	489
888	489
942	489
953	489
1004	489
1018	489
1160	489
1198	489
1206	489
1270	489
1299	489
1320	489
1348	489
1452	489
1485	489
1493	489
603	494
752	494
1369	494
1528	494
657	496
666	496
708	496
1140	496
556	497
1191	497
1529	497
648	499
796	499
1004	499
1160	499
1206	499
1270	499
1299	499
1320	499
553	500
563	500
717	500
1081	500
1325	500
1336	500
1342	500
504	503
539	503
572	503
648	503
658	503
796	503
839	503
888	503
942	503
953	503
1004	503
1160	503
1179	503
1198	503
1213	503
1311	503
1320	503
1348	503
1453	503
1485	503
1493	503
625	504
658	504
796	504
839	504
888	504
953	504
1160	504
1198	504
1320	504
1493	504
1110	506
526	511
1151	511
1157	511
1494	511
538	519
1053	519
1345	519
700	520
564	523
1100	526
1151	526
1157	526
1247	526
1494	526
1519	526
554	527
607	528
842	528
933	528
1043	528
1244	528
1348	528
1408	528
1461	528
1467	528
1526	528
1053	538
1345	538
648	539
652	539
658	539
796	539
839	539
846	539
888	539
942	539
1018	539
1035	539
1160	539
1198	539
1206	539
1299	539
1320	539
1348	539
1453	539
1461	539
1493	539
1239	542
596	545
1061	551
1331	551
563	553
717	553
1081	553
1302	553
1325	553
1336	553
1342	553
1191	556
1529	556
1120	562
717	563
1081	563
1325	563
1336	563
1342	563
1498	564
1031	567
1212	567
1220	567
1488	567
796	572
839	572
888	572
1004	572
1320	572
678	580
967	580
1073	580
1159	580
1371	580
1407	580
797	583
981	583
1088	583
1428	584
606	591
621	591
675	591
1329	591
1247	593
1278	593
1374	593
1519	593
1542	593
693	599
928	599
976	599
1117	599
1428	599
1458	599
1537	599
752	603
1369	603
1528	603
693	604
914	604
928	604
976	604
1117	604
1287	604
1348	604
1458	604
1537	604
658	605
849	605
901	605
958	605
1002	605
1110	605
1375	605
1530	605
621	606
675	606
1329	606
1556	606
675	621
1329	621
833	626
1134	626
1221	626
1370	626
1456	626
933	645
1148	645
1467	645
1175	646
658	648
796	648
839	648
888	648
953	648
1004	648
1018	648
1160	648
1198	648
1299	648
1320	648
1348	648
1452	648
1485	648
1493	648
839	652
888	652
1018	652
1160	652
1299	652
1348	652
666	657
708	657
796	658
839	658
842	658
888	658
901	658
942	658
953	658
1160	658
1198	658
1320	658
1348	658
1452	658
1485	658
839	659
842	659
1322	659
1348	659
1461	659
708	666
1140	666
1329	675
707	677
846	677
957	677
1231	677
1286	677
1453	677
967	678
1073	678
942	680
1272	680
1383	691
1498	691
1554	691
774	693
842	693
914	693
928	693
976	693
1117	693
1201	693
1348	693
1364	693
1458	693
1535	693
1537	693
985	701
1217	701
1113	704
846	707
920	707
926	707
937	707
957	707
1179	707
1195	707
1213	707
1231	707
1286	707
1311	707
1320	707
1399	707
1453	707
1140	708
746	716
845	716
868	717
1081	717
1325	717
1336	717
1342	717
1281	720
1127	730
1401	740
1415	741
1235	743
845	746
1159	749
1369	752
1528	752
1475	757
1316	767
1117	774
820	792
1215	792
1253	792
1383	792
1414	792
1498	792
1532	792
1554	792
1021	794
1273	794
839	796
888	796
942	796
953	796
1004	796
1018	796
1160	796
1198	796
1206	796
1270	796
1299	796
1320	796
1348	796
1388	796
1452	796
1485	796
1493	796
981	797
1088	797
1071	800
839	802
888	802
1348	802
1527	802
907	808
1489	808
933	818
1148	818
1467	818
1526	818
1215	820
1253	820
1383	820
1414	820
1498	820
1532	820
1554	820
1134	833
1221	833
1370	833
1456	833
842	839
888	839
942	839
953	839
1004	839
1018	839
1117	839
1160	839
1198	839
1206	839
1270	839
1299	839
1320	839
1348	839
1452	839
1461	839
1485	839
1497	839
1556	839
1335	841
942	842
976	842
1117	842
1154	842
1160	842
1198	842
1272	842
1320	842
1348	842
1428	842
1452	842
1461	842
1485	842
1537	842
1045	845
920	846
926	846
937	846
1035	846
1179	846
1195	846
1213	846
1231	846
1286	846
1311	846
1399	846
1453	846
1461	846
1493	846
901	849
939	849
958	849
1002	849
1110	849
1375	849
1530	849
869	855
957	855
1101	855
1336	868
1342	868
1498	869
920	886
926	886
937	886
942	886
978	886
1179	886
1195	886
1311	886
1320	886
1399	886
1453	886
1461	886
942	888
953	888
1004	888
1018	888
1035	888
1160	888
1198	888
1206	888
1270	888
1299	888
1320	888
1348	888
1485	888
1493	888
943	900
1111	900
1406	900
958	901
1002	901
1110	901
1530	901
1215	906
1353	906
1382	906
1383	906
1532	906
1554	906
1557	906
1489	907
1158	908
928	914
976	914
1117	914
1348	914
1458	914
1537	914
926	920
937	920
942	920
1179	920
1195	920
1213	920
1286	920
1311	920
1320	920
1348	920
1453	920
1461	920
1541	925
937	926
957	926
1154	926
1179	926
1195	926
1213	926
1311	926
1320	926
1399	926
1453	926
1461	926
976	928
1117	928
1458	928
1535	928
1537	928
967	933
1043	933
1148	933
1159	933
1467	933
1526	933
942	937
1057	937
1179	937
1195	937
1213	937
1300	937
1311	937
1320	937
1399	937
1453	937
1461	937
953	942
978	942
1004	942
1018	942
1154	942
1160	942
1179	942
1198	942
1206	942
1299	942
1300	942
1311	942
1320	942
1348	942
1452	942
1453	942
1461	942
1485	942
1013	943
1286	952
1320	952
1453	952
1004	953
1018	953
1160	953
1198	953
1206	953
1214	953
1320	953
1348	953
1388	953
1452	953
1485	953
1493	953
1101	957
1179	957
1231	957
1286	957
1453	957
1002	958
1110	958
1530	958
1073	967
1148	967
1159	967
1224	967
1371	967
1407	967
1467	967
1117	976
1348	976
1364	976
1408	976
1428	976
1458	976
1535	976
1537	976
1251	977
1300	978
1311	978
1461	978
1088	981
1217	985
1206	996
1110	1002
1530	1002
1160	1004
1198	1004
1206	1004
1270	1004
1298	1004
1299	1004
1320	1004
1160	1018
1198	1018
1298	1018
1320	1018
1452	1018
1485	1018
1493	1018
1431	1029
1212	1031
1320	1035
1342	1036
1467	1043
1526	1043
1120	1045
1544	1045
1345	1053
1160	1057
1195	1057
1311	1057
1320	1057
1453	1057
1461	1057
1543	1057
1488	1072
1159	1073
1302	1081
1325	1081
1336	1081
1342	1081
1166	1094
1101	1098
1157	1100
1275	1112
1289	1112
1201	1117
1348	1117
1364	1117
1428	1117
1458	1117
1497	1117
1535	1117
1537	1117
1307	1123
1221	1134
1370	1134
1456	1134
1203	1135
1492	1141
1467	1148
1526	1148
1157	1151
1494	1151
1195	1154
1300	1154
1311	1154
1399	1154
1428	1154
1458	1154
1439	1156
1494	1157
1407	1159
1467	1159
1179	1160
1198	1160
1206	1160
1270	1160
1299	1160
1300	1160
1311	1160
1320	1160
1348	1160
1388	1160
1452	1160
1453	1160
1461	1160
1485	1160
1493	1160
1195	1179
1213	1179
1231	1179
1286	1179
1300	1179
1311	1179
1320	1179
1399	1179
1453	1179
1461	1179
1493	1179
1550	1182
1247	1184
1552	1190
1529	1191
1205	1192
1213	1195
1300	1195
1311	1195
1320	1195
1399	1195
1453	1195
1461	1195
1485	1195
1206	1198
1298	1198
1299	1198
1320	1198
1348	1198
1452	1198
1485	1198
1493	1198
1527	1198
1458	1201
1535	1201
1537	1201
1299	1206
1320	1206
1348	1206
1452	1206
1517	1206
1220	1212
1488	1212
1231	1213
1311	1213
1320	1213
1399	1213
1453	1213
1320	1214
1253	1215
1353	1215
1382	1215
1383	1215
1414	1215
1498	1215
1532	1215
1554	1215
1557	1215
1370	1221
1456	1221
1407	1224
1286	1231
1453	1231
1488	1240
1278	1247
1374	1247
1519	1247
1542	1247
1383	1253
1414	1253
1498	1253
1532	1253
1554	1253
1428	1272
1289	1275
1374	1278
1519	1278
1542	1278
1430	1279
1460	1279
1320	1286
1453	1286
1461	1286
1493	1286
1435	1288
1383	1290
1460	1290
1554	1290
1320	1298
1320	1299
1348	1299
1452	1299
1311	1300
1320	1300
1399	1300
1428	1300
1461	1300
1421	1302
1534	1310
1320	1311
1399	1311
1428	1311
1453	1311
1461	1311
1348	1320
1452	1320
1453	1320
1461	1320
1485	1320
1493	1320
1517	1320
1336	1325
1342	1325
1342	1336
1408	1348
1428	1348
1452	1348
1458	1348
1461	1348
1485	1348
1493	1348
1537	1348
1382	1353
1383	1353
1406	1353
1532	1353
1554	1353
1557	1353
1428	1364
1458	1364
1497	1364
1528	1369
1456	1370
1519	1374
1542	1374
1383	1382
1532	1382
1554	1382
1557	1382
1414	1383
1498	1383
1532	1383
1554	1383
1557	1383
1453	1399
1461	1399
1458	1408
1535	1408
1498	1414
1532	1414
1554	1414
1458	1428
1461	1428
1497	1428
1537	1428
1484	1435
1455	1451
1461	1453
1493	1453
1527	1453
1497	1458
1535	1458
1537	1458
1488	1460
1554	1460
1493	1461
1527	1461
1526	1467
1527	1485
1503	1496
1537	1497
1532	1498
1554	1498
1542	1519
1554	1532
1557	1532
1537	1535
1557	1554
