10	1089
10	1433
11	92
15	1487
18	302
18	334
18	449
18	605
18	849
18	901
18	1002
18	1243
18	1375
18	1530
22	551
22	1061
23	1021
25	696
25	1069
25	1273
25	1314
26	449
28	1075
29	1081
29	1111
29	1292
35	1242
38	66
38	107
38	156
38	204
38	245
38	260
38	358
38	382
38	489
38	499
38	503
38	839
38	888
38	936
38	942
38	953
38	1020
38	1056
38	1084
38	1143
38	1198
38	1230
38	1299
38	1320
38	1348
38	1452
41	160
41	166
41	332
41	380
41	628
41	902
41	922
41	1010
41	1142
43	1558
44	265
44	1235
46	262
49	66
49	142
49	146
49	156
49	204
49	225
49	260
49	378
49	382
49	489
49	513
49	528
49	589
49	659
49	801
49	839
49	842
49	888
49	936
49	942
49	953
49	963
49	976
49	1056
49	1084
49	1117
49	1143
49	1169
49	1230
49	1272
49	1320
49	1348
49	1452
49	1458
49	1461
50	68
50	422
50	580
50	1000
51	1133
53	525
53	1169
53	1453
66	146
66	156
66	225
66	245
66	260
66	382
66	489
66	503
66	513
66	589
66	801
66	839
66	842
66	888
66	936
66	942
66	953
66	1056
66	1084
66	1143
66	1169
66	1198
66	1230
66	1272
66	1287
66	1320
66	1348
66	1380
66	1452
66	1461
68	98
68	169
68	188
68	210
68	356
68	422
68	452
68	580
68	590
68	788
68	933
68	1000
68	1043
68	1073
68	1168
68	1224
69	925
69	1079
69	1541
71	933
71	1526
74	290
74	362
74	637
74	1151
74	1153
74	1157
76	1267
81	1021
81	1306
82	204
82	730
83	112
89	262
90	233
90	866
93	100
93	227
93	1145
95	258
95	391
95	513
95	842
95	926
95	936
95	942
95	1084
95	1109
95	1169
95	1195
95	1300
95	1438
95	1461
97	295
97	426
97	610
97	650
97	728
97	833
97	837
97	1139
97	1370
97	1380
97	1429
97	1456
98	210
98	422
98	590
100	227
104	1393
107	156
107	204
107	382
107	489
107	499
107	503
107	839
107	888
107	1056
107	1084
107	1143
107	1198
107	1230
107	1320
112	1012
112	1029
117	567
117	780
117	955
119	161
119	485
119	491
119	536
119	900
119	903
119	1022
119	1111
119	1116
119	1293
119	1382
119	1406
122	171
122	376
122	502
122	669
122	671
122	1247
122	1278
122	1437
123	383
123	916
123	1150
125	849
126	622
127	272
127	520
127	700
129	563
129	717
129	1040
129	1081
129	1325
132	1475
140	589
142	508
142	528
142	609
142	659
142	801
142	842
142	1075
142	1125
142	1169
142	1348
142	1461
144	154
145	525
145	886
145	926
145	1169
145	1195
145	1453
146	225
146	842
146	976
146	1169
146	1272
147	242
147	826
147	1011
149	172
149	1045
156	204
156	225
156	260
156	358
156	382
156	489
156	503
156	513
156	801
156	802
156	839
156	888
156	936
156	942
156	953
156	1056
156	1084
156	1143
156	1198
156	1230
156	1270
156	1320
156	1348
156	1380
156	1388
156	1452
156	1465
160	166
160	332
160	380
160	628
160	692
160	902
160	922
160	1010
160	1142
160	1229
161	491
161	577
161	903
161	1013
161	1022
161	1099
161	1116
161	1505
162	225
162	260
162	378
162	589
162	706
162	842
162	914
162	963
162	976
162	988
162	1117
162	1201
162	1364
162	1458
162	1497
162	1535
164	933
164	1526
166	332
166	366
166	380
166	628
166	902
166	922
166	1010
166	1142
167	272
167	445
167	707
167	846
167	952
167	1231
167	1453
167	1499
169	356
169	452
169	590
169	788
169	1000
169	1224
171	376
171	502
171	669
171	671
171	1247
171	1278
171	1437
172	1045
173	1314
180	1394
182	685
182	1061
188	422
188	1000
188	1125
188	1168
190	295
190	728
190	837
195	975
199	1445
203	358
204	245
204	260
204	358
204	382
204	489
204	499
204	503
204	513
204	801
204	802
204	839
204	842
204	886
204	888
204	936
204	942
204	953
204	1056
204	1084
204	1143
204	1169
204	1198
204	1230
204	1300
204	1320
204	1348
204	1388
204	1452
204	1453
206	1077
207	315
207	422
207	580
207	1000
207	1073
207	1125
207	1472
209	1093
209	1524
210	356
210	422
210	580
210	590
210	1000
210	1168
210	1224
214	591
214	606
214	675
214	1245
214	1323
214	1329
214	1556
216	516
221	365
221	578
221	1290
221	1383
221	1386
221	1460
221	1554
223	495
223	1426
225	260
225	378
225	589
225	842
225	914
225	963
225	976
225	1117
225	1272
225	1291
225	1348
225	1408
225	1458
226	906
226	1276
226	1353
226	1382
226	1383
226	1386
226	1532
226	1554
233	838
233	866
233	1412
241	723
241	1103
242	826
242	1011
245	358
245	382
245	391
245	489
245	839
245	842
245	888
245	936
245	942
245	1056
245	1084
245	1143
245	1169
245	1195
245	1198
245	1230
245	1300
245	1320
245	1348
245	1452
246	1326
258	391
258	513
258	525
258	886
258	926
258	936
258	942
258	1001
258	1109
258	1169
258	1195
258	1300
258	1381
258	1438
258	1453
258	1461
259	1170
260	358
260	378
260	382
260	489
260	499
260	503
260	528
260	589
260	659
260	801
260	802
260	839
260	842
260	888
260	936
260	942
260	953
260	963
260	976
260	996
260	1047
260	1056
260	1067
260	1084
260	1117
260	1143
260	1198
260	1230
260	1272
260	1299
260	1320
260	1348
260	1364
260	1408
260	1452
260	1458
260	1461
260	1497
260	1556
265	1235
270	1314
272	445
272	503
272	520
272	707
272	846
272	936
272	1231
272	1453
272	1499
276	536
276	1260
276	1406
290	362
290	637
290	1151
290	1153
290	1157
295	610
295	650
295	728
295	833
295	837
295	1139
295	1370
295	1429
295	1456
302	334
302	449
302	605
302	849
302	901
302	1002
302	1056
302	1243
302	1375
302	1530
306	808
306	1395
309	536
309	1022
309	1353
309	1406
315	422
315	580
315	1000
315	1073
315	1125
315	1472
320	404
320	629
320	799
320	1444
323	730
324	1384
325	738
326	1200
331	1182
331	1550
332	366
332	380
332	628
332	692
332	902
332	922
332	1010
332	1142
332	1229
334	449
334	605
334	849
334	901
334	1002
334	1243
334	1530
353	369
353	933
353	1526
355	1152
356	422
356	452
356	590
356	788
356	1000
356	1224
358	382
358	489
358	503
358	513
358	801
358	839
358	888
358	936
358	942
358	953
358	1056
358	1084
358	1143
358	1198
358	1320
358	1348
358	1388
358	1461
362	637
362	1151
362	1157
365	578
365	1290
365	1383
365	1386
365	1460
365	1554
366	902
369	528
369	933
369	1043
369	1168
369	1526
376	502
376	669
376	671
376	1247
376	1278
376	1437
378	544
378	589
378	706
378	842
378	914
378	963
378	976
378	988
378	1117
378	1201
378	1348
378	1364
378	1458
378	1497
378	1535
380	628
380	902
380	922
382	391
382	489
382	499
382	503
382	513
382	801
382	839
382	842
382	888
382	936
382	942
382	953
382	1020
382	1056
382	1084
382	1143
382	1169
382	1195
382	1198
382	1214
382	1230
382	1299
382	1320
382	1348
382	1452
382	1453
383	916
383	1150
389	1326
391	503
391	513
391	525
391	842
391	846
391	848
391	926
391	936
391	942
391	1001
391	1057
391	1084
391	1109
391	1169
391	1195
391	1320
391	1381
391	1438
391	1453
391	1461
391	1499
393	974
396	501
396	1132
397	981
401	627
401	663
401	827
401	1101
404	629
404	799
404	1444
409	706
409	1117
409	1458
413	811
415	418
415	496
415	498
415	603
415	638
418	496
418	666
418	708
418	725
418	1394
422	528
422	580
422	590
422	1000
422	1043
422	1073
422	1125
422	1168
422	1224
422	1526
426	1370
426	1456
427	746
427	845
432	994
438	1107
445	707
445	846
445	952
445	1109
445	1169
445	1453
445	1499
449	605
449	849
449	901
449	1002
449	1176
449	1243
449	1246
449	1530
452	788
452	1224
455	929
456	1284
460	508
460	528
460	609
460	659
460	1125
469	580
471	950
481	545
485	536
487	1250
489	499
489	503
489	513
489	801
489	802
489	839
489	842
489	888
489	936
489	942
489	953
489	1020
489	1056
489	1084
489	1143
489	1198
489	1230
489	1270
489	1299
489	1320
489	1348
489	1380
489	1452
489	1465
491	536
491	577
491	900
491	903
491	1013
491	1022
491	1099
491	1111
491	1116
491	1276
491	1406
491	1505
495	1426
496	666
496	708
496	725
496	1394
498	603
498	638
499	1056
499	1084
499	1143
499	1270
499	1299
499	1320
502	669
502	671
502	1247
502	1278
502	1437
503	513
503	801
503	839
503	888
503	936
503	942
503	953
503	1056
503	1084
503	1143
503	1198
503	1320
503	1348
503	1380
503	1453
503	1499
508	609
508	659
508	801
508	1125
513	525
513	801
513	839
513	842
513	888
513	936
513	942
513	953
513	1047
513	1056
513	1075
513	1084
513	1143
513	1169
513	1198
513	1230
513	1300
513	1320
513	1348
513	1381
513	1453
518	1007
519	997
519	1053
519	1257
520	700
520	936
520	1143
525	707
525	846
525	886
525	926
525	1001
525	1109
525	1169
525	1195
525	1320
525	1381
525	1438
525	1453
525	1461
525	1499
527	554
528	801
528	842
528	933
528	1043
528	1244
528	1348
528	1408
528	1461
528	1526
531	1434
536	900
536	1406
544	963
544	976
551	1061
551	1331
552	612
563	717
563	1040
563	1081
563	1325
567	780
567	955
577	903
577	1013
577	1022
577	1099
577	1116
577	1505
578	1290
578	1554
580	590
580	1000
580	1073
580	1125
580	1515
589	717
589	842
589	963
589	976
589	988
589	989
589	1117
589	1169
589	1348
589	1458
590	788
590	1000
590	1043
590	1073
590	1168
590	1224
591	606
591	675
591	1245
591	1323
591	1329
597	1082
602	1285
603	638
605	849
605	901
605	1002
605	1056
605	1243
605	1375
605	1530
606	675
606	1245
606	1323
606	1329
606	1556
609	659
609	801
609	1125
609	1380
610	650
610	728
610	833
610	837
610	1139
610	1370
610	1429
610	1456
614	663
627	663
627	827
627	974
628	902
628	922
628	1010
628	1142
629	799
629	1444
634	974
637	669
637	1151
637	1153
637	1157
637	1247
647	673
647	1556
650	728
650	833
650	837
650	1139
650	1370
650	1380
650	1429
650	1456
655	1279
655	1430
655	1505
659	801
659	839
659	842
659	936
659	1125
659	1348
659	1461
663	827
663	869
663	974
666	708
666	725
666	1394
669	671
669	1247
669	1278
669	1437
671	1247
671	1278
671	1437
673	992
675	1245
675	1323
675	1329
691	1383
691	1386
691	1554
692	1142
696	1273
705	1214
706	963
706	976
706	1117
706	1458
706	1535
707	846
707	926
707	1109
707	1169
707	1195
707	1231
707	1320
707	1381
707	1453
707	1499
708	725
708	1394
717	727
717	868
717	1040
717	1081
717	1325
723	1103
725	974
725	1394
727	1112
727	1207
727	1473
728	833
728	837
728	1139
728	1370
728	1429
728	1456
746	845
757	1475
762	1169
780	948
780	955
780	1194
780	1460
788	1000
788	1224
792	1383
792	1414
792	1532
792	1554
799	1444
801	802
801	839
801	842
801	888
801	936
801	942
801	953
801	1056
801	1084
801	1125
801	1143
801	1198
801	1230
801	1320
801	1348
801	1380
801	1461
801	1466
802	839
802	888
802	1230
802	1348
807	816
808	1395
814	848
814	1324
817	982
826	1011
833	837
833	1139
833	1370
833	1380
833	1429
833	1456
837	1139
837	1370
837	1429
837	1456
839	842
839	888
839	936
839	942
839	953
839	1056
839	1084
839	1117
839	1143
839	1198
839	1230
839	1270
839	1299
839	1320
839	1348
839	1380
839	1452
839	1461
839	1497
839	1556
841	1335
842	936
842	942
842	976
842	1075
842	1084
842	1117
842	1169
842	1198
842	1230
842	1272
842	1320
842	1348
842	1380
842	1452
842	1461
845	1045
846	926
846	936
846	1109
846	1169
846	1195
846	1231
846	1381
846	1453
846	1461
846	1499
848	1169
848	1195
848	1324
848	1438
849	901
849	1002
849	1056
849	1243
849	1375
849	1530
865	1232
866	1412
868	1064
869	974
886	926
886	936
886	942
886	1001
886	1109
886	1169
886	1195
886	1320
886	1381
886	1453
886	1461
888	936
888	942
888	953
888	1056
888	1084
888	1143
888	1198
888	1230
888	1270
888	1299
888	1320
888	1348
888	1465
900	1022
900	1111
900	1116
900	1406
901	1002
901	1243
901	1530
902	922
902	1010
902	1142
903	1013
903	1022
903	1099
903	1116
903	1505
906	1276
906	1353
906	1382
906	1383
906	1386
906	1532
906	1554
908	1015
908	1158
914	963
914	976
914	1117
914	1348
914	1458
916	1150
917	1510
922	1010
922	1142
925	1079
925	1541
926	936
926	1001
926	1109
926	1169
926	1195
926	1320
926	1381
926	1438
926	1453
926	1461
926	1499
927	1337
933	1043
933	1168
933	1526
936	942
936	953
936	1047
936	1056
936	1084
936	1143
936	1169
936	1195
936	1198
936	1214
936	1230
936	1300
936	1320
936	1348
936	1381
936	1438
936	1452
936	1453
936	1461
936	1499
942	953
942	1047
942	1056
942	1084
942	1143
942	1169
942	1198
942	1230
942	1299
942	1300
942	1320
942	1348
942	1380
942	1381
942	1452
942	1453
942	1461
948	1194
948	1460
952	1320
952	1453
953	974
953	1056
953	1084
953	1143
953	1198
953	1214
953	1230
953	1320
953	1348
953	1388
953	1452
963	976
963	988
963	1117
963	1364
963	1458
963	1497
963	1533
963	1535
974	1101
976	988
976	1117
976	1348
976	1364
976	1408
976	1458
976	1535
985	1217
988	1117
988	1201
988	1458
988	1535
990	1540
992	1461
997	1257
1000	1073
1000	1125
1000	1168
1000	1224
1000	1472
1000	1515
1001	1109
1001	1169
1001	1195
1001	1320
1001	1381
1001	1438
1001	1453
1002	1056
1002	1243
1002	1530
1010	1142
1013	1022
1013	1099
1013	1116
1013	1505
1015	1158
1020	1143
1021	1432
1021	1472
1022	1099
1022	1116
1022	1505
1040	1325
1043	1125
1043	1526
1047	1075
1047	1084
1047	1169
1047	1230
1047	1461
1053	1257
1056	1084
1056	1143
1056	1169
1056	1198
1056	1230
1056	1299
1056	1300
1056	1320
1056	1348
1056	1452
1056	1461
1057	1085
1057	1109
1057	1169
1057	1195
1057	1320
1057	1381
1057	1453
1057	1461
1057	1466
1057	1543
1059	1142
1067	1348
1069	1273
1073	1125
1073	1168
1079	1541
1081	1325
1084	1143
1084	1169
1084	1195
1084	1198
1084	1214
1084	1230
1084	1299
1084	1300
1084	1320
1084	1348
1084	1380
1084	1388
1084	1452
1084	1453
1084	1465
1089	1433
1093	1524
1094	1166
1098	1101
1099	1116
1099	1505
1109	1169
1109	1195
1109	1320
1109	1381
1109	1438
1109	1453
1109	1499
1111	1341
1112	1207
1113	1267
1116	1505
1117	1201
1117	1348
1117	1364
1117	1458
1117	1497
1117	1535
1125	1472
1130	1143
1135	1203
1139	1370
1139	1456
1143	1198
1143	1230
1143	1270
1143	1299
1143	1320
1143	1348
1151	1157
1153	1157
1168	1526
1169	1195
1169	1198
1169	1272
1169	1300
1169	1320
1169	1348
1169	1381
1169	1438
1169	1453
1169	1461
1169	1499
1182	1550
1190	1450
1194	1460
1195	1300
1195	1320
1195	1381
1195	1438
1195	1453
1195	1461
1195	1499
1198	1230
1198	1299
1198	1320
1198	1348
1198	1380
1198	1452
1198	1465
1201	1458
1201	1535
1207	1473
1214	1320
1230	1299
1230	1320
1230	1348
1230	1452
1230	1461
1231	1453
1231	1499
1243	1375
1243	1530
1245	1323
1245	1329
1247	1278
1247	1437
1276	1353
1276	1382
1276	1383
1276	1386
1276	1532
1276	1554
1278	1437
1279	1430
1279	1460
1279	1505
1288	1435
1290	1383
1290	1386
1290	1460
1290	1554
1299	1320
1299	1348
1299	1452
1300	1320
1300	1381
1300	1438
1300	1461
1320	1348
1320	1381
1320	1438
1320	1452
1320	1453
1320	1461
1320	1465
1320	1499
1320	1517
1323	1329
1348	1408
1348	1452
1348	1458
1348	1461
1351	1425
1353	1382
1353	1383
1353	1386
1353	1406
1353	1532
1353	1554
1364	1458
1364	1497
1368	1505
1370	1429
1370	1456
1380	1452
1380	1456
1381	1438
1381	1453
1381	1461
1381	1499
1382	1383
1382	1386
1382	1532
1382	1554
1383	1386
1383	1414
1383	1532
1383	1554
1386	1414
1386	1460
1386	1532
1386	1554
1408	1458
1408	1535
1414	1532
1414	1554
1429	1456
1430	1505
1435	1484
1438	1453
1453	1461
1453	1499
1458	1497
1458	1535
1460	1554
1461	1499
1496	1503
1532	1554
1089	10
1433	10
92	11
1487	15
302	18
334	18
449	18
605	18
849	18
901	18
1002	18
1243	18
1375	18
1530	18
551	22
1061	22
1021	23
696	25
1069	25
1273	25
1314	25
449	26
1075	28
1081	29
1111	29
1292	29
1242	35
66	38
107	38
156	38
204	38
245	38
260	38
358	38
382	38
489	38
499	38
503	38
839	38
888	38
936	38
942	38
953	38
1020	38
1056	38
1084	38
1143	38
1198	38
1230	38
1299	38
1320	38
1348	38
1452	38
160	41
166	41
332	41
380	41
628	41
902	41
922	41
1010	41
1142	41
1558	43
265	44
1235	44
262	46
66	49
142	49
146	49
156	49
204	49
225	49
260	49
378	49
382	49
489	49
513	49
528	49
589	49
659	49
801	49
839	49
842	49
888	49
936	49
942	49
953	49
963	49
976	49
1056	49
1084	49
1117	49
1143	49
1169	49
1230	49
1272	49
1320	49
1348	49
1452	49
1458	49
1461	49
68	50
422	50
580	50
1000	50
1133	51
525	53
1169	53
1453	53
146	66
156	66
225	66
245	66
260	66
382	66
489	66
503	66
513	66
589	66
801	66
839	66
842	66
888	66
936	66
942	66
953	66
1056	66
1084	66
1143	66
1169	66
1198	66
1230	66
1272	66
1287	66
1320	66
1348	66
1380	66
1452	66
1461	66
98	68
169	68
188	68
210	68
356	68
422	68
452	68
580	68
590	68
788	68
933	68
1000	68
1043	68
1073	68
1168	68
1224	68
925	69
1079	69
1541	69
933	71
1526	71
290	74
362	74
637	74
1151	74
1153	74
1157	74
1267	76
1021	81
1306	81
204	82
730	82
112	83
262	89
233	90
866	90
100	93
227	93
1145	93
258	95
391	95
513	95
842	95
926	95
936	95
942	95
1084	95
1109	95
1169	95
1195	95
1300	95
1438	95
1461	95
295	97
426	97
610	97
650	97
728	97
833	97
837	97
1139	97
1370	97
1380	97
1429	97
1456	97
210	98
422	98
590	98
227	100
1393	104
156	107
204	107
382	107
489	107
499	107
503	107
839	107
888	107
1056	107
1084	107
1143	107
1198	107
1230	107
1320	107
1012	112
1029	112
567	117
780	117
955	117
161	119
485	119
491	119
536	119
900	119
903	119
1022	119
1111	119
1116	119
1293	119
1382	119
1406	119
171	122
376	122
502	122
669	122
671	122
1247	122
1278	122
1437	122
383	123
916	123
1150	123
849	125
622	126
272	127
520	127
700	127
563	129
717	129
1040	129
1081	129
1325	129
1475	132
589	140
508	142
528	142
609	142
659	142
801	142
842	142
1075	142
1125	142
1169	142
1348	142
1461	142
154	144
525	145
886	145
926	145
1169	145
1195	145
1453	145
225	146
842	146
976	146
1169	146
1272	146
242	147
826	147
1011	147
172	149
1045	149
204	156
225	156
260	156
358	156
382	156
489	156
503	156
513	156
801	156
802	156
839	156
888	156
936	156
942	156
953	156
1056	156
1084	156
1143	156
1198	156
1230	156
1270	156
1320	156
1348	156
1380	156
1388	156
1452	156
1465	156
166	160
332	160
380	160
628	160
692	160
902	160
922	160
1010	160
1142	160
1229	160
491	161
577	161
903	161
1013	161
1022	161
1099	161
1116	161
1505	161
225	162
260	162
378	162
589	162
706	162
842	162
914	162
963	162
976	162
988	162
1117	162
1201	162
1364	162
1458	162
1497	162
1535	162
933	164
1526	164
332	166
366	166
380	166
628	166
902	166
922	166
1010	166
1142	166
272	167
445	167
707	167
846	167
952	167
1231	167
1453	167
1499	167
356	169
452	169
590	169
788	169
1000	169
1224	169
376	171
502	171
669	171
671	171
1247	171
1278	171
1437	171
1045	172
1314	173
1394	180
685	182
1061	182
422	188
1000	188
1125	188
1168	188
295	190
728	190
837	190
975	195
1445	199
358	203
245	204
260	204
358	204
382	204
489	204
499	204
503	204
513	204
801	204
802	204
839	204
842	204
886	204
888	204
936	204
942	204
953	204
1056	204
1084	204
1143	204
1169	204
1198	204
1230	204
1300	204
1320	204
1348	204
1388	204
1452	204
1453	204
1077	206
315	207
422	207
580	207
1000	207
1073	207
1125	207
1472	207
1093	209
1524	209
356	210
422	210
580	210
590	210
1000	210
1168	210
1224	210
591	214
606	214
675	214
1245	214
1323	214
1329	214
1556	214
516	216
365	221
578	221
1290	221
1383	221
1386	221
1460	221
1554	221
495	223
1426	223
260	225
378	225
589	225
842	225
914	225
963	225
976	225
1117	225
1272	225
1291	225
1348	225
1408	225
1458	225
906	226
1276	226
1353	226
1382	226
1383	226
1386	226
1532	226
1554	226
838	233
866	233
1412	233
723	241
1103	241
826	242
1011	242
358	245
382	245
391	245
489	245
839	245
842	245
888	245
936	245
942	245
1056	245
1084	245
1143	245
1169	245
1195	245
1198	245
1230	245
1300	245
1320	245
1348	245
1452	245
1326	246
391	258
513	258
525	258
886	258
926	258
936	258
942	258
1001	258
1109	258
1169	258
1195	258
1300	258
1381	258
1438	258
1453	258
1461	258
1170	259
358	260
378	260
382	260
489	260
499	260
503	260
528	260
589	260
659	260
801	260
802	260
839	260
842	260
888	260
936	260
942	260
953	260
963	260
976	260
996	260
1047	260
1056	260
1067	260
1084	260
1117	260
1143	260
1198	260
1230	260
1272	260
1299	260
1320	260
1348	260
1364	260
1408	260
1452	260
1458	260
1461	260
1497	260
1556	260
1235	265
1314	270
445	272
503	272
520	272
707	272
846	272
936	272
1231	272
1453	272
1499	272
536	276
1260	276
1406	276
362	290
637	290
1151	290
1153	290
1157	290
610	295
650	295
728	295
833	295
837	295
1139	295
1370	295
1429	295
1456	295
334	302
449	302
605	302
849	302
901	302
1002	302
1056	302
1243	302
1375	302
1530	302
808	306
1395	306
536	309
1022	309
1353	309
1406	309
422	315
580	315
1000	315
1073	315
1125	315
1472	315
404	320
629	320
799	320
1444	320
730	323
1384	324
738	325
1200	326
1182	331
1550	331
366	332
380	332
628	332
692	332
902	332
922	332
1010	332
1142	332
1229	332
449	334
605	334
849	334
901	334
1002	334
1243	334
1530	334
369	353
933	353
1526	353
1152	355
422	356
452	356
590	356
788	356
1000	356
1224	356
382	358
489	358
503	358
513	358
801	358
839	358
888	358
936	358
942	358
953	358
1056	358
1084	358
1143	358
1198	358
1320	358
1348	358
1388	358
1461	358
637	362
1151	362
1157	362
578	365
1290	365
1383	365
1386	365
1460	365
1554	365
902	366
528	369
933	369
1043	369
1168	369
1526	369
502	376
669	376
671	376
1247	376
1278	376
1437	376
544	378
589	378
706	378
842	378
914	378
963	378
976	378
988	378
1117	378
1201	378
1348	378
1364	378
1458	378
1497	378
1535	378
628	380
902	380
922	380
391	382
489	382
499	382
503	382
513	382
801	382
839	382
842	382
888	382
936	382
942	382
953	382
1020	382
1056	382
1084	382
1143	382
1169	382
1195	382
1198	382
1214	382
1230	382
1299	382
1320	382
1348	382
1452	382
1453	382
916	383
1150	383
1326	389
503	391
513	391
525	391
842	391
846	391
848	391
926	391
936	391
942	391
1001	391
1057	391
1084	391
1109	391
1169	391
1195	391
1320	391
1381	391
1438	391
1453	391
1461	391
1499	391
974	393
501	396
1132	396
981	397
627	401
663	401
827	401
1101	401
629	404
799	404
1444	404
706	409
1117	409
1458	409
811	413
418	415
496	415
498	415
603	415
638	415
496	418
666	418
708	418
725	418
1394	418
528	422
580	422
590	422
1000	422
1043	422
1073	422
1125	422
1168	422
1224	422
1526	422
1370	426
1456	426
746	427
845	427
994	432
1107	438
707	445
846	445
952	445
1109	445
1169	445
1453	445
1499	445
605	449
849	449
901	449
1002	449
1176	449
1243	449
1246	449
1530	449
788	452
1224	452
929	455
1284	456
508	460
528	460
609	460
659	460
1125	460
580	469
950	471
545	481
536	485
1250	487
499	489
503	489
513	489
801	489
802	489
839	489
842	489
888	489
936	489
942	489
953	489
1020	489
1056	489
1084	489
1143	489
1198	489
1230	489
1270	489
1299	489
1320	489
1348	489
1380	489
1452	489
1465	489
536	491
577	491
900	491
903	491
1013	491
1022	491
1099	491
1111	491
1116	491
1276	491
1406	491
1505	491
1426	495
666	496
708	496
725	496
1394	496
603	498
638	498
1056	499
1084	499
1143	499
1270	499
1299	499
1320	499
669	502
671	502
1247	502
1278	502
1437	502
513	503
801	503
839	503
888	503
936	503
942	503
953	503
1056	503
1084	503
1143	503
1198	503
1320	503
1348	503
1380	503
1453	503
1499	503
609	508
659	508
801	508
1125	508
525	513
801	513
839	513
842	513
888	513
936	513
942	513
953	513
1047	513
1056	513
1075	513
1084	513
1143	513
1169	513
1198	513
1230	513
1300	513
1320	513
1348	513
1381	513
1453	513
1007	518
997	519
1053	519
1257	519
700	520
936	520
1143	520
707	525
846	525
886	525
926	525
1001	525
1109	525
1169	525
1195	525
1320	525
1381	525
1438	525
1453	525
1461	525
1499	525
554	527
801	528
842	528
933	528
1043	528
1244	528
1348	528
1408	528
1461	528
1526	528
1434	531
900	536
1406	536
963	544
976	544
1061	551
1331	551
612	552
717	563
1040	563
1081	563
1325	563
780	567
955	567
903	577
1013	577
1022	577
1099	577
1116	577
1505	577
1290	578
1554	578
590	580
1000	580
1073	580
1125	580
1515	580
717	589
842	589
963	589
976	589
988	589
989	589
1117	589
1169	589
1348	589
1458	589
788	590
1000	590
1043	590
1073	590
1168	590
1224	590
606	591
675	591
1245	591
1323	591
1329	591
1082	597
1285	602
638	603
849	605
901	605
1002	605
1056	605
1243	605
1375	605
1530	605
675	606
1245	606
1323	606
1329	606
1556	606
659	609
801	609
1125	609
1380	609
650	610
728	610
833	610
837	610
1139	610
1370	610
1429	610
1456	610
663	614
663	627
827	627
974	627
902	628
922	628
1010	628
1142	628
799	629
1444	629
974	634
669	637
1151	637
1153	637
1157	637
1247	637
673	647
1556	647
728	650
833	650
837	650
1139	650
1370	650
1380	650
1429	650
1456	650
1279	655
1430	655
1505	655
801	659
839	659
842	659
936	659
1125	659
1348	659
1461	659
827	663
869	663
974	663
708	666
725	666
1394	666
671	669
1247	669
1278	669
1437	669
1247	671
1278	671
1437	671
992	673
1245	675
1323	675
1329	675
1383	691
1386	691
1554	691
1142	692
1273	696
1214	705
963	706
976	706
1117	706
1458	706
1535	706
846	707
926	707
1109	707
1169	707
1195	707
1231	707
1320	707
1381	707
1453	707
1499	707
725	708
1394	708
727	717
868	717
1040	717
1081	717
1325	717
1103	723
974	725
1394	725
1112	727
1207	727
1473	727
833	728
837	728
1139	728
1370	728
1429	728
1456	728
845	746
1475	757
1169	762
948	780
955	780
1194	780
1460	780
1000	788
1224	788
1383	792
1414	792
1532	792
1554	792
1444	799
802	801
839	801
842	801
888	801
936	801
942	801
953	801
1056	801
1084	801
1125	801
1143	801
1198	801
1230	801
1320	801
1348	801
1380	801
1461	801
1466	801
839	802
888	802
1230	802
1348	802
816	807
1395	808
848	814
1324	814
982	817
1011	826
837	833
1139	833
1370	833
1380	833
1429	833
1456	833
1139	837
1370	837
1429	837
1456	837
842	839
888	839
936	839
942	839
953	839
1056	839
1084	839
1117	839
1143	839
1198	839
1230	839
1270	839
1299	839
1320	839
1348	839
1380	839
1452	839
1461	839
1497	839
1556	839
1335	841
936	842
942	842
976	842
1075	842
1084	842
1117	842
1169	842
1198	842
1230	842
1272	842
1320	842
1348	842
1380	842
1452	842
1461	842
1045	845
926	846
936	846
1109	846
1169	846
1195	846
1231	846
1381	846
1453	846
1461	846
1499	846
1169	848
1195	848
1324	848
1438	848
901	849
1002	849
1056	849
1243	849
1375	849
1530	849
1232	865
1412	866
1064	868
974	869
926	886
936	886
942	886
1001	886
1109	886
1169	886
1195	886
1320	886
1381	886
1453	886
1461	886
936	888
942	888
953	888
1056	888
1084	888
1143	888
1198	888
1230	888
1270	888
1299	888
1320	888
1348	888
1465	888
1022	900
1111	900
1116	900
1406	900
1002	901
1243	901
1530	901
922	902
1010	902
1142	902
1013	903
1022	903
1099	903
1116	903
1505	903
1276	906
1353	906
1382	906
1383	906
1386	906
1532	906
1554	906
1015	908
1158	908
963	914
976	914
1117	914
1348	914
1458	914
1150	916
1510	917
1010	922
1142	922
1079	925
1541	925
936	926
1001	926
1109	926
1169	926
1195	926
1320	926
1381	926
1438	926
1453	926
1461	926
1499	926
1337	927
1043	933
1168	933
1526	933
942	936
953	936
1047	936
1056	936
1084	936
1143	936
1169	936
1195	936
1198	936
1214	936
1230	936
1300	936
1320	936
1348	936
1381	936
1438	936
1452	936
1453	936
1461	936
1499	936
953	942
1047	942
1056	942
1084	942
1143	942
1169	942
1198	942
1230	942
1299	942
1300	942
1320	942
1348	942
1380	942
1381	942
1452	942
1453	942
1461	942
1194	948
1460	948
1320	952
1453	952
974	953
1056	953
1084	953
1143	953
1198	953
1214	953
1230	953
1320	953
1348	953
1388	953
1452	953
976	963
988	963
1117	963
1364	963
1458	963
1497	963
1533	963
1535	963
1101	974
988	976
1117	976
1348	976
1364	976
1408	976
1458	976
1535	976
1217	985
1117	988
1201	988
1458	988
1535	988
1540	990
1461	992
1257	997
1073	1000
1125	1000
1168	1000
1224	1000
1472	1000
1515	1000
1109	1001
1169	1001
1195	1001
1320	1001
1381	1001
1438	1001
1453	1001
1056	1002
1243	1002
1530	1002
1142	1010
1022	1013
1099	1013
1116	1013
1505	1013
1158	1015
1143	1020
1432	1021
1472	1021
1099	1022
1116	1022
1505	1022
1325	1040
1125	1043
1526	1043
1075	1047
1084	1047
1169	1047
1230	1047
1461	1047
1257	1053
1084	1056
1143	1056
1169	1056
1198	1056
1230	1056
1299	1056
1300	1056
1320	1056
1348	1056
1452	1056
1461	1056
1085	1057
1109	1057
1169	1057
1195	1057
1320	1057
1381	1057
1453	1057
1461	1057
1466	1057
1543	1057
1142	1059
1348	1067
1273	1069
1125	1073
1168	1073
1541	1079
1325	1081
1143	1084
1169	1084
1195	1084
1198	1084
1214	1084
1230	1084
1299	1084
1300	1084
1320	1084
1348	1084
1380	1084
1388	1084
1452	1084
1453	1084
1465	1084
1433	1089
1524	1093
1166	1094
1101	1098
1116	1099
1505	1099
1169	1109
1195	1109
1320	1109
1381	1109
1438	1109
1453	1109
1499	1109
1341	1111
1207	1112
1267	1113
1505	1116
1201	1117
1348	1117
1364	1117
1458	1117
1497	1117
1535	1117
1472	1125
1143	1130
1203	1135
1370	1139
1456	1139
1198	1143
1230	1143
1270	1143
1299	1143
1320	1143
1348	1143
1157	1151
1157	1153
1526	1168
1195	1169
1198	1169
1272	1169
1300	1169
1320	1169
1348	1169
1381	1169
1438	1169
1453	1169
1461	1169
1499	1169
1550	1182
1450	1190
1460	1194
1300	1195
1320	1195
1381	1195
1438	1195
1453	1195
1461	1195
1499	1195
1230	1198
1299	1198
1320	1198
1348	1198
1380	1198
1452	1198
1465	1198
1458	1201
1535	1201
1473	1207
1320	1214
1299	1230
1320	1230
1348	1230
1452	1230
1461	1230
1453	1231
1499	1231
1375	1243
1530	1243
1323	1245
1329	1245
1278	1247
1437	1247
1353	1276
1382	1276
1383	1276
1386	1276
1532	1276
1554	1276
1437	1278
1430	1279
1460	1279
1505	1279
1435	1288
1383	1290
1386	1290
1460	1290
1554	1290
1320	1299
1348	1299
1452	1299
1320	1300
1381	1300
1438	1300
1461	1300
1348	1320
1381	1320
1438	1320
1452	1320
1453	1320
1461	1320
1465	1320
1499	1320
1517	1320
1329	1323
1408	1348
1452	1348
1458	1348
1461	1348
1425	1351
1382	1353
1383	1353
1386	1353
1406	1353
1532	1353
1554	1353
1458	1364
1497	1364
1505	1368
1429	1370
1456	1370
1452	1380
1456	1380
1438	1381
1453	1381
1461	1381
1499	1381
1383	1382
1386	1382
1532	1382
1554	1382
1386	1383
1414	1383
1532	1383
1554	1383
1414	1386
1460	1386
1532	1386
1554	1386
1458	1408
1535	1408
1532	1414
1554	1414
1456	1429
1505	1430
1484	1435
1453	1438
1461	1453
1499	1453
1497	1458
1535	1458
1554	1460
1499	1461
1503	1496
1554	1532
