2	647
2	673
2	992
2	1442
11	92
11	1411
12	353
12	369
12	933
12	1482
12	1526
13	35
13	124
13	1242
17	1080
18	849
18	901
18	1002
18	1243
18	1375
18	1530
24	125
24	381
24	849
25	696
25	794
25	1069
25	1273
25	1314
27	587
27	711
27	839
27	1075
27	1160
27	1476
28	1075
29	561
29	1081
31	66
31	106
31	162
31	181
31	225
31	240
31	333
31	378
31	430
31	706
31	805
31	914
31	976
31	988
31	1126
31	1154
31	1218
31	1364
31	1438
31	1458
31	1483
31	1497
35	124
35	1242
36	1417
37	68
37	580
37	788
37	967
37	1051
37	1407
37	1523
39	748
39	856
39	1209
41	166
41	316
41	332
41	340
41	380
41	628
41	771
41	884
41	922
41	1052
41	1066
41	1142
44	265
44	1235
51	1133
53	350
53	1169
53	1453
53	1479
55	65
55	200
55	204
55	205
55	382
55	428
55	490
55	503
55	504
55	539
55	587
55	648
55	796
55	839
55	942
55	1004
55	1054
55	1056
55	1198
55	1206
55	1269
55	1299
55	1320
55	1343
65	66
65	106
65	156
65	200
65	204
65	205
65	382
65	428
65	503
65	504
65	539
65	587
65	648
65	739
65	796
65	801
65	839
65	942
65	953
65	1004
65	1054
65	1056
65	1160
65	1169
65	1198
65	1206
65	1218
65	1269
65	1311
65	1318
65	1320
65	1343
65	1452
65	1476
65	1485
66	106
66	156
66	181
66	205
66	225
66	333
66	382
66	420
66	428
66	503
66	513
66	587
66	648
66	739
66	796
66	801
66	839
66	942
66	953
66	1004
66	1018
66	1054
66	1056
66	1154
66	1160
66	1169
66	1198
66	1206
66	1218
66	1272
66	1287
66	1320
66	1343
66	1380
66	1448
66	1452
66	1461
66	1476
66	1483
68	569
68	580
68	788
68	803
68	933
68	967
68	1043
68	1159
68	1371
68	1407
68	1482
68	1523
73	268
73	374
73	420
73	1131
73	1174
73	1251
73	1448
73	1489
73	1508
74	362
74	377
74	526
74	682
74	1151
74	1157
74	1494
76	1267
76	1315
76	1385
82	204
82	1127
97	121
97	253
97	295
97	345
97	426
97	534
97	586
97	610
97	833
97	844
97	1202
97	1282
97	1370
97	1380
97	1429
97	1456
99	286
99	512
99	568
99	578
99	713
99	756
99	820
99	878
99	1215
99	1226
99	1253
99	1276
99	1366
99	1382
99	1460
99	1498
99	1532
99	1557
100	227
106	142
106	156
106	181
106	205
106	225
106	378
106	382
106	428
106	503
106	504
106	539
106	584
106	587
106	652
106	739
106	801
106	805
106	839
106	942
106	953
106	976
106	996
106	1018
106	1054
106	1075
106	1122
106	1160
106	1198
106	1206
106	1218
106	1236
106	1269
106	1299
106	1320
106	1343
106	1364
106	1380
106	1448
106	1452
106	1461
106	1497
109	1092
109	1500
121	253
121	295
121	345
121	534
121	586
121	610
121	833
121	844
121	1282
121	1370
121	1429
121	1456
124	386
124	1242
125	381
125	849
127	272
127	520
131	316
131	332
131	340
131	1052
131	1142
132	640
133	795
133	1105
133	1279
133	1505
139	394
142	181
142	205
142	508
142	801
142	973
142	1075
142	1125
142	1169
142	1322
142	1461
143	709
145	185
145	886
145	1169
145	1179
145	1213
145	1453
147	242
147	826
147	1011
152	407
152	1512
153	161
153	335
153	491
153	644
153	737
153	943
153	1022
153	1099
153	1105
153	1116
153	1505
155	794
155	1069
155	1273
156	181
156	200
156	204
156	205
156	225
156	382
156	428
156	503
156	504
156	513
156	530
156	539
156	587
156	648
156	652
156	739
156	796
156	801
156	839
156	942
156	953
156	1004
156	1018
156	1054
156	1056
156	1129
156	1160
156	1198
156	1206
156	1218
156	1269
156	1270
156	1320
156	1343
156	1380
156	1388
156	1452
156	1465
158	621
158	674
158	675
158	1245
158	1294
158	1323
158	1329
161	335
161	491
161	644
161	737
161	943
161	1022
161	1099
161	1105
161	1116
161	1505
162	181
162	225
162	378
162	430
162	706
162	774
162	805
162	914
162	976
162	988
162	1126
162	1201
162	1218
162	1364
162	1458
162	1483
162	1497
166	316
166	332
166	340
166	366
166	380
166	628
166	771
166	884
166	922
166	1052
166	1066
166	1142
173	1314
177	467
177	777
181	204
181	205
181	225
181	258
181	333
181	378
181	430
181	503
181	587
181	739
181	762
181	801
181	805
181	914
181	942
181	953
181	973
181	976
181	988
181	1126
181	1154
181	1169
181	1174
181	1198
181	1218
181	1272
181	1311
181	1343
181	1381
181	1408
181	1458
181	1461
181	1476
181	1483
183	1026
185	258
185	267
185	272
185	445
185	480
185	592
185	707
185	886
185	932
185	937
185	942
185	1057
185	1109
185	1169
185	1179
185	1213
185	1231
185	1311
185	1320
185	1343
185	1381
185	1399
185	1438
185	1453
185	1461
185	1476
185	1499
187	778
189	965
190	295
199	1445
200	204
200	205
200	272
200	382
200	428
200	490
200	503
200	513
200	539
200	587
200	592
200	648
200	739
200	796
200	801
200	839
200	942
200	953
200	1004
200	1018
200	1056
200	1160
200	1179
200	1198
200	1206
200	1213
200	1269
200	1299
200	1320
200	1343
200	1388
200	1452
200	1461
200	1476
200	1485
201	1164
201	1275
201	1289
204	205
204	382
204	428
204	490
204	503
204	504
204	513
204	539
204	587
204	592
204	648
204	660
204	711
204	739
204	796
204	801
204	839
204	886
204	942
204	953
204	1004
204	1018
204	1054
204	1056
204	1129
204	1160
204	1169
204	1198
204	1206
204	1213
204	1269
204	1300
204	1311
204	1318
204	1320
204	1343
204	1388
204	1399
204	1452
204	1453
204	1476
204	1485
205	382
205	428
205	448
205	490
205	503
205	504
205	513
205	530
205	539
205	587
205	648
205	652
205	739
205	796
205	801
205	839
205	942
205	953
205	1004
205	1018
205	1054
205	1056
205	1129
205	1160
205	1198
205	1206
205	1269
205	1299
205	1320
205	1343
205	1380
205	1448
205	1461
206	280
206	1077
206	1180
209	871
209	1480
209	1524
212	807
212	816
216	516
216	815
218	232
219	566
225	333
225	378
225	430
225	805
225	914
225	976
225	1126
225	1154
225	1218
225	1272
225	1408
225	1458
225	1483
228	794
228	1273
242	826
242	1011
246	776
246	1326
247	510
250	421
250	527
253	295
253	345
253	426
253	534
253	586
253	610
253	833
253	1282
253	1370
253	1380
253	1429
253	1456
258	267
258	513
258	592
258	739
258	886
258	932
258	937
258	942
258	1109
258	1154
258	1169
258	1179
258	1269
258	1300
258	1311
258	1343
258	1381
258	1399
258	1438
258	1453
258	1461
265	1235
267	587
267	932
267	1109
267	1169
267	1179
267	1311
267	1381
267	1399
267	1499
268	1131
268	1174
268	1508
272	445
272	503
272	520
272	592
272	636
272	707
272	1179
272	1213
272	1231
272	1343
272	1453
272	1499
276	1547
279	945
280	1077
280	1180
280	1256
283	470
286	820
286	1215
286	1253
286	1498
286	1532
295	345
295	534
295	586
295	610
295	833
295	1202
295	1282
295	1370
295	1429
295	1456
297	1103
306	420
306	585
306	907
306	1005
306	1395
306	1489
306	1498
309	335
309	561
309	737
309	1022
312	506
312	711
312	1391
316	332
316	340
316	366
316	380
316	628
316	692
316	771
316	884
316	922
316	1052
316	1066
316	1142
317	443
317	495
317	1265
317	1426
318	569
318	580
318	678
318	847
318	967
318	1008
318	1125
320	601
322	616
322	1029
325	738
326	1200
332	340
332	366
332	380
332	628
332	692
332	771
332	884
332	922
332	1052
332	1066
332	1142
333	446
333	762
333	805
333	914
333	976
333	1218
333	1272
333	1287
333	1458
333	1483
335	491
335	644
335	737
335	900
335	943
335	1022
335	1099
335	1105
335	1116
335	1505
336	669
336	671
336	1374
336	1437
336	1542
340	366
340	380
340	628
340	692
340	771
340	884
340	922
340	1052
340	1066
340	1142
342	488
345	534
345	586
345	610
345	833
345	1282
345	1370
345	1429
345	1456
347	1046
350	1479
353	369
353	933
353	1526
362	377
362	526
362	682
362	1151
362	1157
362	1494
364	706
364	1458
366	582
366	884
366	1052
366	1066
369	933
369	1043
369	1482
369	1526
374	1131
374	1174
374	1251
374	1380
374	1508
375	508
375	1125
377	526
377	669
377	671
377	682
377	1151
377	1157
377	1494
378	430
378	544
378	706
378	774
378	805
378	914
378	976
378	988
378	1126
378	1201
378	1218
378	1364
378	1458
378	1483
378	1497
380	628
380	771
380	884
380	922
380	1052
380	1066
381	849
382	428
382	490
382	503
382	504
382	513
382	539
382	587
382	648
382	652
382	739
382	796
382	801
382	839
382	942
382	953
382	1004
382	1020
382	1054
382	1056
382	1129
382	1160
382	1169
382	1198
382	1206
382	1213
382	1269
382	1299
382	1311
382	1320
382	1343
382	1452
382	1453
382	1476
382	1485
386	1242
392	997
392	1257
393	974
395	1552
397	583
397	797
397	981
397	1088
400	681
400	682
400	1220
400	1501
401	627
401	663
401	827
401	1101
407	1512
410	930
410	1185
410	1186
411	1241
413	811
416	1115
420	585
420	907
420	986
420	1005
420	1131
420	1174
420	1395
420	1489
420	1508
421	527
424	474
426	534
426	1370
426	1456
428	490
428	503
428	513
428	539
428	587
428	648
428	739
428	796
428	801
428	839
428	942
428	953
428	1004
428	1018
428	1054
428	1056
428	1129
428	1160
428	1198
428	1206
428	1269
428	1299
428	1320
428	1343
428	1388
428	1452
428	1476
429	724
430	706
430	805
430	914
430	976
430	988
430	1126
430	1218
430	1458
430	1483
430	1497
435	468
435	1460
438	770
438	1107
443	1265
445	636
445	707
445	952
445	1109
445	1169
445	1179
445	1213
445	1343
445	1453
445	1499
448	1049
454	526
459	500
459	717
459	1342
460	508
460	1097
460	1125
460	1322
467	777
468	1460
469	580
469	967
470	493
480	937
480	1169
480	1179
480	1343
480	1453
480	1499
488	999
490	504
490	547
490	587
490	796
490	942
490	1004
490	1056
490	1160
490	1206
490	1299
490	1320
491	644
491	737
491	900
491	943
491	1022
491	1099
491	1105
491	1116
491	1185
491	1276
491	1505
495	1265
495	1426
500	717
500	1040
500	1081
500	1325
500	1342
500	1355
503	504
503	513
503	539
503	587
503	592
503	648
503	660
503	739
503	796
503	801
503	839
503	942
503	953
503	1004
503	1054
503	1056
503	1129
503	1160
503	1179
503	1198
503	1213
503	1218
503	1311
503	1320
503	1343
503	1380
503	1453
503	1485
503	1499
504	513
504	587
504	796
504	839
504	953
504	1054
504	1160
504	1198
504	1320
504	1343
505	512
505	568
505	713
505	1366
506	1391
508	745
508	801
508	973
508	1097
508	1125
508	1322
510	594
510	921
512	568
512	578
512	713
512	1366
512	1460
513	539
513	587
513	592
513	648
513	739
513	796
513	801
513	839
513	937
513	942
513	953
513	1054
513	1056
513	1075
513	1129
513	1160
513	1169
513	1198
513	1218
513	1269
513	1300
513	1318
513	1320
513	1343
513	1381
513	1453
513	1476
513	1485
516	815
518	1007
520	1343
523	564
523	642
526	669
526	682
526	1090
526	1151
526	1157
526	1494
530	587
530	648
530	796
530	839
530	1054
530	1160
530	1299
530	1343
534	586
534	610
534	833
534	844
534	1282
534	1370
534	1380
534	1429
534	1456
539	587
539	648
539	652
539	739
539	796
539	801
539	839
539	942
539	1018
539	1056
539	1160
539	1169
539	1198
539	1206
539	1299
539	1320
539	1343
539	1453
539	1461
539	1476
539	1499
544	976
548	1094
548	1166
564	642
564	1498
568	578
568	713
568	1366
568	1460
569	580
569	678
569	847
569	967
569	1008
569	1125
574	1351
574	1425
576	1169
576	1236
576	1343
578	713
578	1366
580	678
580	803
580	847
580	967
580	1008
580	1125
580	1159
580	1371
580	1407
580	1482
580	1523
583	797
583	981
583	1088
585	907
585	1005
585	1395
585	1489
586	610
586	833
586	844
586	1282
586	1370
586	1429
586	1456
587	648
587	652
587	739
587	796
587	801
587	839
587	942
587	953
587	1018
587	1054
587	1056
587	1129
587	1160
587	1169
587	1198
587	1206
587	1218
587	1269
587	1299
587	1320
587	1343
587	1380
587	1388
587	1452
587	1453
587	1461
587	1465
587	1476
587	1485
592	636
592	707
592	937
592	942
592	1109
592	1169
592	1179
592	1213
592	1231
592	1311
592	1320
592	1343
592	1381
592	1399
592	1438
592	1453
592	1461
592	1499
597	1082
610	833
610	1370
610	1429
610	1456
614	663
616	1029
621	674
621	675
621	1245
621	1294
621	1323
621	1329
627	663
627	827
627	974
628	771
628	884
628	922
628	1052
628	1066
628	1142
632	1205
636	707
636	1179
636	1213
636	1231
636	1343
636	1453
636	1499
644	737
644	795
644	943
644	1022
644	1099
644	1105
644	1116
644	1505
647	673
647	779
647	1556
648	739
648	796
648	801
648	839
648	953
648	1004
648	1018
648	1054
648	1056
648	1129
648	1160
648	1198
648	1299
648	1320
648	1343
648	1452
648	1476
648	1485
652	801
652	839
652	1018
652	1160
652	1299
660	1169
660	1198
660	1320
660	1343
660	1453
660	1476
660	1556
663	827
663	974
669	671
669	1374
669	1437
669	1542
671	1374
671	1437
671	1542
673	992
673	1237
674	675
674	1245
674	1294
674	1323
674	1329
675	1245
675	1294
675	1323
675	1329
677	707
677	1231
677	1453
678	847
678	967
678	1008
678	1125
680	942
680	973
680	1272
681	1220
681	1501
682	1157
682	1494
682	1501
689	738
691	1498
692	1052
692	1142
696	1273
698	962
706	805
706	976
706	1458
706	1483
707	932
707	937
707	1109
707	1169
707	1179
707	1213
707	1231
707	1311
707	1320
707	1343
707	1381
707	1399
707	1453
707	1499
711	1075
711	1129
711	1391
713	1366
713	1460
714	817
717	868
717	1040
717	1081
717	1325
717	1342
717	1355
731	798
737	900
737	943
737	1022
737	1099
737	1105
737	1116
737	1505
739	796
739	801
739	839
739	942
739	953
739	1018
739	1054
739	1056
739	1129
739	1160
739	1169
739	1198
739	1206
739	1218
739	1269
739	1300
739	1311
739	1318
739	1320
739	1343
739	1380
739	1381
739	1461
739	1465
739	1476
748	856
748	1209
755	1095
756	878
756	1215
756	1226
756	1276
756	1382
756	1532
756	1557
762	1169
771	884
771	922
771	1052
771	1066
771	1142
774	988
776	1326
779	839
779	1122
783	1009
787	1186
787	1468
788	967
788	1051
788	1407
788	1523
790	1322
794	1069
794	1273
795	1105
795	1279
795	1460
795	1505
796	801
796	839
796	942
796	953
796	1004
796	1018
796	1054
796	1056
796	1129
796	1160
796	1198
796	1206
796	1269
796	1270
796	1299
796	1320
796	1343
796	1380
796	1388
796	1452
796	1476
796	1485
797	981
797	1088
801	805
801	839
801	942
801	953
801	973
801	1018
801	1054
801	1056
801	1122
801	1125
801	1160
801	1198
801	1206
801	1320
801	1322
801	1343
801	1380
801	1448
801	1461
801	1476
803	967
803	1159
803	1407
803	1482
803	1523
805	839
805	914
805	976
805	988
805	1126
805	1201
805	1218
805	1347
805	1364
805	1408
805	1458
805	1483
805	1497
807	816
814	848
814	1324
815	1471
817	982
820	1215
820	1253
820	1498
820	1532
826	1011
829	1523
833	1202
833	1282
833	1370
833	1380
833	1429
833	1456
839	942
839	953
839	1004
839	1018
839	1054
839	1056
839	1122
839	1129
839	1160
839	1198
839	1206
839	1218
839	1269
839	1270
839	1299
839	1320
839	1343
839	1380
839	1452
839	1461
839	1485
839	1497
839	1556
844	1429
844	1456
847	967
847	1008
847	1125
847	1371
848	1169
848	1324
848	1438
849	901
849	1002
849	1056
849	1243
849	1375
849	1530
856	1209
860	1378
868	1064
868	1342
871	1480
871	1524
877	1236
877	1497
878	1215
878	1226
878	1276
878	1382
878	1532
878	1557
884	922
884	1052
884	1066
884	1142
886	937
886	942
886	1109
886	1169
886	1179
886	1311
886	1320
886	1343
886	1381
886	1399
886	1453
886	1461
892	1358
900	943
900	1022
900	1105
900	1116
901	1002
901	1243
901	1530
907	1005
907	1395
907	1489
908	1015
908	1158
912	1071
914	976
914	1126
914	1218
914	1458
922	1052
922	1066
922	1142
930	1185
930	1186
932	937
932	1057
932	1109
932	1160
932	1169
932	1179
932	1311
932	1343
932	1381
932	1399
932	1438
932	1453
933	967
933	1043
933	1159
933	1482
933	1526
937	942
937	1057
937	1109
937	1169
937	1179
937	1213
937	1300
937	1311
937	1320
937	1343
937	1381
937	1399
937	1453
937	1461
937	1476
937	1499
942	953
942	1004
942	1018
942	1056
942	1154
942	1160
942	1169
942	1179
942	1198
942	1206
942	1218
942	1269
942	1299
942	1300
942	1311
942	1318
942	1320
942	1343
942	1380
942	1381
942	1452
942	1453
942	1461
942	1476
942	1485
943	1022
943	1099
943	1105
943	1116
943	1505
946	992
946	1312
952	1320
952	1453
953	974
953	1004
953	1018
953	1054
953	1056
953	1129
953	1160
953	1198
953	1206
953	1218
953	1269
953	1320
953	1343
953	1388
953	1452
953	1476
953	1485
967	1008
967	1125
967	1159
967	1371
967	1407
967	1482
967	1523
971	1513
973	1154
973	1169
973	1175
973	1272
973	1343
974	1101
974	1366
976	988
976	1126
976	1218
976	1364
976	1408
976	1458
976	1483
981	1088
987	1324
988	1126
988	1201
988	1218
988	1458
988	1483
992	1312
992	1358
992	1442
992	1461
994	1192
994	1205
996	1206
997	1257
1002	1056
1002	1243
1002	1530
1003	1018
1004	1054
1004	1056
1004	1160
1004	1198
1004	1206
1004	1270
1004	1298
1004	1299
1004	1320
1004	1343
1005	1395
1005	1489
1008	1125
1015	1158
1018	1054
1018	1056
1018	1160
1018	1198
1018	1218
1018	1269
1018	1298
1018	1320
1018	1452
1018	1485
1022	1099
1022	1105
1022	1116
1022	1505
1033	1556
1036	1342
1040	1325
1040	1342
1040	1355
1043	1125
1043	1482
1043	1523
1043	1526
1045	1544
1052	1066
1052	1142
1054	1056
1054	1160
1054	1198
1054	1206
1054	1269
1054	1299
1054	1320
1054	1343
1054	1452
1054	1476
1054	1485
1056	1129
1056	1160
1056	1169
1056	1198
1056	1206
1056	1218
1056	1269
1056	1299
1056	1300
1056	1320
1056	1343
1056	1452
1056	1461
1056	1476
1056	1485
1057	1109
1057	1160
1057	1169
1057	1311
1057	1320
1057	1343
1057	1381
1057	1453
1057	1461
1057	1476
1066	1142
1069	1273
1075	1322
1075	1343
1075	1476
1077	1180
1077	1256
1079	1259
1081	1185
1081	1325
1081	1342
1081	1355
1086	1150
1090	1157
1092	1500
1094	1166
1098	1101
1099	1105
1099	1116
1099	1505
1101	1366
1105	1116
1105	1279
1105	1460
1105	1505
1108	1261
1109	1154
1109	1169
1109	1179
1109	1213
1109	1311
1109	1320
1109	1343
1109	1381
1109	1399
1109	1438
1109	1453
1109	1499
1112	1164
1112	1275
1112	1289
1112	1501
1113	1267
1113	1315
1116	1505
1122	1556
1125	1159
1125	1322
1125	1482
1126	1154
1126	1201
1126	1218
1126	1458
1126	1483
1129	1160
1129	1198
1129	1269
1129	1320
1129	1343
1129	1380
1129	1452
1129	1465
1129	1476
1131	1174
1131	1251
1131	1380
1131	1448
1131	1508
1135	1203
1151	1157
1151	1494
1154	1169
1154	1218
1154	1300
1154	1311
1154	1381
1154	1399
1154	1458
1157	1494
1159	1407
1159	1482
1159	1523
1160	1169
1160	1179
1160	1198
1160	1206
1160	1269
1160	1270
1160	1299
1160	1300
1160	1311
1160	1320
1160	1343
1160	1380
1160	1381
1160	1388
1160	1452
1160	1453
1160	1461
1160	1476
1160	1485
1164	1275
1164	1289
1169	1179
1169	1198
1169	1213
1169	1218
1169	1272
1169	1300
1169	1311
1169	1318
1169	1320
1169	1343
1169	1381
1169	1399
1169	1438
1169	1453
1169	1461
1169	1476
1169	1485
1169	1499
1174	1251
1174	1380
1174	1508
1179	1213
1179	1231
1179	1300
1179	1311
1179	1320
1179	1343
1179	1381
1179	1399
1179	1438
1179	1453
1179	1461
1179	1499
1192	1205
1198	1206
1198	1269
1198	1298
1198	1299
1198	1318
1198	1320
1198	1343
1198	1380
1198	1452
1198	1465
1198	1476
1198	1485
1201	1458
1206	1269
1206	1299
1206	1320
1206	1343
1206	1452
1213	1231
1213	1311
1213	1320
1213	1343
1213	1381
1213	1399
1213	1453
1213	1499
1215	1226
1215	1253
1215	1276
1215	1382
1215	1498
1215	1532
1215	1557
1218	1343
1218	1408
1218	1448
1218	1452
1218	1458
1218	1476
1218	1483
1220	1501
1226	1276
1226	1382
1226	1532
1226	1557
1231	1343
1231	1453
1231	1499
1236	1340
1236	1364
1236	1497
1243	1375
1243	1530
1245	1294
1245	1323
1245	1329
1248	1295
1251	1508
1253	1498
1253	1532
1265	1426
1267	1315
1267	1385
1269	1318
1269	1320
1269	1343
1269	1380
1269	1381
1269	1452
1269	1461
1275	1289
1275	1501
1276	1382
1276	1532
1276	1557
1279	1460
1279	1505
1282	1370
1282	1456
1289	1501
1294	1323
1294	1329
1298	1320
1299	1320
1299	1343
1299	1452
1300	1311
1300	1320
1300	1343
1300	1381
1300	1399
1300	1438
1300	1461
1300	1476
1311	1320
1311	1343
1311	1381
1311	1399
1311	1438
1311	1453
1311	1461
1311	1476
1312	1358
1315	1385
1318	1320
1318	1343
1318	1381
1318	1465
1318	1476
1320	1343
1320	1381
1320	1438
1320	1452
1320	1453
1320	1461
1320	1465
1320	1476
1320	1485
1320	1499
1323	1329
1325	1342
1325	1355
1342	1355
1343	1381
1343	1399
1343	1438
1343	1452
1343	1453
1343	1461
1343	1465
1343	1476
1343	1485
1343	1499
1343	1556
1351	1425
1358	1366
1364	1458
1364	1497
1366	1460
1366	1498
1370	1429
1370	1456
1371	1482
1374	1437
1374	1542
1380	1448
1380	1452
1380	1456
1380	1508
1381	1399
1381	1438
1381	1453
1381	1461
1381	1499
1382	1532
1382	1557
1395	1489
1399	1438
1399	1453
1399	1461
1399	1476
1407	1482
1407	1523
1408	1458
1429	1456
1437	1542
1438	1453
1438	1476
1452	1476
1453	1461
1453	1476
1453	1499
1458	1483
1458	1497
1461	1476
1461	1499
1476	1485
1480	1524
1482	1523
1482	1526
1498	1532
1523	1526
1532	1557
647	2
673	2
992	2
1442	2
92	11
1411	11
353	12
369	12
933	12
1482	12
1526	12
35	13
124	13
1242	13
1080	17
849	18
901	18
1002	18
1243	18
1375	18
1530	18
125	24
381	24
849	24
696	25
794	25
1069	25
1273	25
1314	25
587	27
711	27
839	27
1075	27
1160	27
1476	27
1075	28
561	29
1081	29
66	31
106	31
162	31
181	31
225	31
240	31
333	31
378	31
430	31
706	31
805	31
914	31
976	31
988	31
1126	31
1154	31
1218	31
1364	31
1438	31
1458	31
1483	31
1497	31
124	35
1242	35
1417	36
68	37
580	37
788	37
967	37
1051	37
1407	37
1523	37
748	39
856	39
1209	39
166	41
316	41
332	41
340	41
380	41
628	41
771	41
884	41
922	41
1052	41
1066	41
1142	41
265	44
1235	44
1133	51
350	53
1169	53
1453	53
1479	53
65	55
200	55
204	55
205	55
382	55
428	55
490	55
503	55
504	55
539	55
587	55
648	55
796	55
839	55
942	55
1004	55
1054	55
1056	55
1198	55
1206	55
1269	55
1299	55
1320	55
1343	55
66	65
106	65
156	65
200	65
204	65
205	65
382	65
428	65
503	65
504	65
539	65
587	65
648	65
739	65
796	65
801	65
839	65
942	65
953	65
1004	65
1054	65
1056	65
1160	65
1169	65
1198	65
1206	65
1218	65
1269	65
1311	65
1318	65
1320	65
1343	65
1452	65
1476	65
1485	65
106	66
156	66
181	66
205	66
225	66
333	66
382	66
420	66
428	66
503	66
513	66
587	66
648	66
739	66
796	66
801	66
839	66
942	66
953	66
1004	66
1018	66
1054	66
1056	66
1154	66
1160	66
1169	66
1198	66
1206	66
1218	66
1272	66
1287	66
1320	66
1343	66
1380	66
1448	66
1452	66
1461	66
1476	66
1483	66
569	68
580	68
788	68
803	68
933	68
967	68
1043	68
1159	68
1371	68
1407	68
1482	68
1523	68
268	73
374	73
420	73
1131	73
1174	73
1251	73
1448	73
1489	73
1508	73
362	74
377	74
526	74
682	74
1151	74
1157	74
1494	74
1267	76
1315	76
1385	76
204	82
1127	82
121	97
253	97
295	97
345	97
426	97
534	97
586	97
610	97
833	97
844	97
1202	97
1282	97
1370	97
1380	97
1429	97
1456	97
286	99
512	99
568	99
578	99
713	99
756	99
820	99
878	99
1215	99
1226	99
1253	99
1276	99
1366	99
1382	99
1460	99
1498	99
1532	99
1557	99
227	100
142	106
156	106
181	106
205	106
225	106
378	106
382	106
428	106
503	106
504	106
539	106
584	106
587	106
652	106
739	106
801	106
805	106
839	106
942	106
953	106
976	106
996	106
1018	106
1054	106
1075	106
1122	106
1160	106
1198	106
1206	106
1218	106
1236	106
1269	106
1299	106
1320	106
1343	106
1364	106
1380	106
1448	106
1452	106
1461	106
1497	106
1092	109
1500	109
253	121
295	121
345	121
534	121
586	121
610	121
833	121
844	121
1282	121
1370	121
1429	121
1456	121
386	124
1242	124
381	125
849	125
272	127
520	127
316	131
332	131
340	131
1052	131
1142	131
640	132
795	133
1105	133
1279	133
1505	133
394	139
181	142
205	142
508	142
801	142
973	142
1075	142
1125	142
1169	142
1322	142
1461	142
709	143
185	145
886	145
1169	145
1179	145
1213	145
1453	145
242	147
826	147
1011	147
407	152
1512	152
161	153
335	153
491	153
644	153
737	153
943	153
1022	153
1099	153
1105	153
1116	153
1505	153
794	155
1069	155
1273	155
181	156
200	156
204	156
205	156
225	156
382	156
428	156
503	156
504	156
513	156
530	156
539	156
587	156
648	156
652	156
739	156
796	156
801	156
839	156
942	156
953	156
1004	156
1018	156
1054	156
1056	156
1129	156
1160	156
1198	156
1206	156
1218	156
1269	156
1270	156
1320	156
1343	156
1380	156
1388	156
1452	156
1465	156
621	158
674	158
675	158
1245	158
1294	158
1323	158
1329	158
335	161
491	161
644	161
737	161
943	161
1022	161
1099	161
1105	161
1116	161
1505	161
181	162
225	162
378	162
430	162
706	162
774	162
805	162
914	162
976	162
988	162
1126	162
1201	162
1218	162
1364	162
1458	162
1483	162
1497	162
316	166
332	166
340	166
366	166
380	166
628	166
771	166
884	166
922	166
1052	166
1066	166
1142	166
1314	173
467	177
777	177
204	181
205	181
225	181
258	181
333	181
378	181
430	181
503	181
587	181
739	181
762	181
801	181
805	181
914	181
942	181
953	181
973	181
976	181
988	181
1126	181
1154	181
1169	181
1174	181
1198	181
1218	181
1272	181
1311	181
1343	181
1381	181
1408	181
1458	181
1461	181
1476	181
1483	181
1026	183
258	185
267	185
272	185
445	185
480	185
592	185
707	185
886	185
932	185
937	185
942	185
1057	185
1109	185
1169	185
1179	185
1213	185
1231	185
1311	185
1320	185
1343	185
1381	185
1399	185
1438	185
1453	185
1461	185
1476	185
1499	185
778	187
965	189
295	190
1445	199
204	200
205	200
272	200
382	200
428	200
490	200
503	200
513	200
539	200
587	200
592	200
648	200
739	200
796	200
801	200
839	200
942	200
953	200
1004	200
1018	200
1056	200
1160	200
1179	200
1198	200
1206	200
1213	200
1269	200
1299	200
1320	200
1343	200
1388	200
1452	200
1461	200
1476	200
1485	200
1164	201
1275	201
1289	201
205	204
382	204
428	204
490	204
503	204
504	204
513	204
539	204
587	204
592	204
648	204
660	204
711	204
739	204
796	204
801	204
839	204
886	204
942	204
953	204
1004	204
1018	204
1054	204
1056	204
1129	204
1160	204
1169	204
1198	204
1206	204
1213	204
1269	204
1300	204
1311	204
1318	204
1320	204
1343	204
1388	204
1399	204
1452	204
1453	204
1476	204
1485	204
382	205
428	205
448	205
490	205
503	205
504	205
513	205
530	205
539	205
587	205
648	205
652	205
739	205
796	205
801	205
839	205
942	205
953	205
1004	205
1018	205
1054	205
1056	205
1129	205
1160	205
1198	205
1206	205
1269	205
1299	205
1320	205
1343	205
1380	205
1448	205
1461	205
280	206
1077	206
1180	206
871	209
1480	209
1524	209
807	212
816	212
516	216
815	216
232	218
566	219
333	225
378	225
430	225
805	225
914	225
976	225
1126	225
1154	225
1218	225
1272	225
1408	225
1458	225
1483	225
794	228
1273	228
826	242
1011	242
776	246
1326	246
510	247
421	250
527	250
295	253
345	253
426	253
534	253
586	253
610	253
833	253
1282	253
1370	253
1380	253
1429	253
1456	253
267	258
513	258
592	258
739	258
886	258
932	258
937	258
942	258
1109	258
1154	258
1169	258
1179	258
1269	258
1300	258
1311	258
1343	258
1381	258
1399	258
1438	258
1453	258
1461	258
1235	265
587	267
932	267
1109	267
1169	267
1179	267
1311	267
1381	267
1399	267
1499	267
1131	268
1174	268
1508	268
445	272
503	272
520	272
592	272
636	272
707	272
1179	272
1213	272
1231	272
1343	272
1453	272
1499	272
1547	276
945	279
1077	280
1180	280
1256	280
470	283
820	286
1215	286
1253	286
1498	286
1532	286
345	295
534	295
586	295
610	295
833	295
1202	295
1282	295
1370	295
1429	295
1456	295
1103	297
420	306
585	306
907	306
1005	306
1395	306
1489	306
1498	306
335	309
561	309
737	309
1022	309
506	312
711	312
1391	312
332	316
340	316
366	316
380	316
628	316
692	316
771	316
884	316
922	316
1052	316
1066	316
1142	316
443	317
495	317
1265	317
1426	317
569	318
580	318
678	318
847	318
967	318
1008	318
1125	318
601	320
616	322
1029	322
738	325
1200	326
340	332
366	332
380	332
628	332
692	332
771	332
884	332
922	332
1052	332
1066	332
1142	332
446	333
762	333
805	333
914	333
976	333
1218	333
1272	333
1287	333
1458	333
1483	333
491	335
644	335
737	335
900	335
943	335
1022	335
1099	335
1105	335
1116	335
1505	335
669	336
671	336
1374	336
1437	336
1542	336
366	340
380	340
628	340
692	340
771	340
884	340
922	340
1052	340
1066	340
1142	340
488	342
534	345
586	345
610	345
833	345
1282	345
1370	345
1429	345
1456	345
1046	347
1479	350
369	353
933	353
1526	353
377	362
526	362
682	362
1151	362
1157	362
1494	362
706	364
1458	364
582	366
884	366
1052	366
1066	366
933	369
1043	369
1482	369
1526	369
1131	374
1174	374
1251	374
1380	374
1508	374
508	375
1125	375
526	377
669	377
671	377
682	377
1151	377
1157	377
1494	377
430	378
544	378
706	378
774	378
805	378
914	378
976	378
988	378
1126	378
1201	378
1218	378
1364	378
1458	378
1483	378
1497	378
628	380
771	380
884	380
922	380
1052	380
1066	380
849	381
428	382
490	382
503	382
504	382
513	382
539	382
587	382
648	382
652	382
739	382
796	382
801	382
839	382
942	382
953	382
1004	382
1020	382
1054	382
1056	382
1129	382
1160	382
1169	382
1198	382
1206	382
1213	382
1269	382
1299	382
1311	382
1320	382
1343	382
1452	382
1453	382
1476	382
1485	382
1242	386
997	392
1257	392
974	393
1552	395
583	397
797	397
981	397
1088	397
681	400
682	400
1220	400
1501	400
627	401
663	401
827	401
1101	401
1512	407
930	410
1185	410
1186	410
1241	411
811	413
1115	416
585	420
907	420
986	420
1005	420
1131	420
1174	420
1395	420
1489	420
1508	420
527	421
474	424
534	426
1370	426
1456	426
490	428
503	428
513	428
539	428
587	428
648	428
739	428
796	428
801	428
839	428
942	428
953	428
1004	428
1018	428
1054	428
1056	428
1129	428
1160	428
1198	428
1206	428
1269	428
1299	428
1320	428
1343	428
1388	428
1452	428
1476	428
724	429
706	430
805	430
914	430
976	430
988	430
1126	430
1218	430
1458	430
1483	430
1497	430
468	435
1460	435
770	438
1107	438
1265	443
636	445
707	445
952	445
1109	445
1169	445
1179	445
1213	445
1343	445
1453	445
1499	445
1049	448
526	454
500	459
717	459
1342	459
508	460
1097	460
1125	460
1322	460
777	467
1460	468
580	469
967	469
493	470
937	480
1169	480
1179	480
1343	480
1453	480
1499	480
999	488
504	490
547	490
587	490
796	490
942	490
1004	490
1056	490
1160	490
1206	490
1299	490
1320	490
644	491
737	491
900	491
943	491
1022	491
1099	491
1105	491
1116	491
1185	491
1276	491
1505	491
1265	495
1426	495
717	500
1040	500
1081	500
1325	500
1342	500
1355	500
504	503
513	503
539	503
587	503
592	503
648	503
660	503
739	503
796	503
801	503
839	503
942	503
953	503
1004	503
1054	503
1056	503
1129	503
1160	503
1179	503
1198	503
1213	503
1218	503
1311	503
1320	503
1343	503
1380	503
1453	503
1485	503
1499	503
513	504
587	504
796	504
839	504
953	504
1054	504
1160	504
1198	504
1320	504
1343	504
512	505
568	505
713	505
1366	505
1391	506
745	508
801	508
973	508
1097	508
1125	508
1322	508
594	510
921	510
568	512
578	512
713	512
1366	512
1460	512
539	513
587	513
592	513
648	513
739	513
796	513
801	513
839	513
937	513
942	513
953	513
1054	513
1056	513
1075	513
1129	513
1160	513
1169	513
1198	513
1218	513
1269	513
1300	513
1318	513
1320	513
1343	513
1381	513
1453	513
1476	513
1485	513
815	516
1007	518
1343	520
564	523
642	523
669	526
682	526
1090	526
1151	526
1157	526
1494	526
587	530
648	530
796	530
839	530
1054	530
1160	530
1299	530
1343	530
586	534
610	534
833	534
844	534
1282	534
1370	534
1380	534
1429	534
1456	534
587	539
648	539
652	539
739	539
796	539
801	539
839	539
942	539
1018	539
1056	539
1160	539
1169	539
1198	539
1206	539
1299	539
1320	539
1343	539
1453	539
1461	539
1476	539
1499	539
976	544
1094	548
1166	548
642	564
1498	564
578	568
713	568
1366	568
1460	568
580	569
678	569
847	569
967	569
1008	569
1125	569
1351	574
1425	574
1169	576
1236	576
1343	576
713	578
1366	578
678	580
803	580
847	580
967	580
1008	580
1125	580
1159	580
1371	580
1407	580
1482	580
1523	580
797	583
981	583
1088	583
907	585
1005	585
1395	585
1489	585
610	586
833	586
844	586
1282	586
1370	586
1429	586
1456	586
648	587
652	587
739	587
796	587
801	587
839	587
942	587
953	587
1018	587
1054	587
1056	587
1129	587
1160	587
1169	587
1198	587
1206	587
1218	587
1269	587
1299	587
1320	587
1343	587
1380	587
1388	587
1452	587
1453	587
1461	587
1465	587
1476	587
1485	587
636	592
707	592
937	592
942	592
1109	592
1169	592
1179	592
1213	592
1231	592
1311	592
1320	592
1343	592
1381	592
1399	592
1438	592
1453	592
1461	592
1499	592
1082	597
833	610
1370	610
1429	610
1456	610
663	614
1029	616
674	621
675	621
1245	621
1294	621
1323	621
1329	621
663	627
827	627
974	627
771	628
884	628
922	628
1052	628
1066	628
1142	628
1205	632
707	636
1179	636
1213	636
1231	636
1343	636
1453	636
1499	636
737	644
795	644
943	644
1022	644
1099	644
1105	644
1116	644
1505	644
673	647
779	647
1556	647
739	648
796	648
801	648
839	648
953	648
1004	648
1018	648
1054	648
1056	648
1129	648
1160	648
1198	648
1299	648
1320	648
1343	648
1452	648
1476	648
1485	648
801	652
839	652
1018	652
1160	652
1299	652
1169	660
1198	660
1320	660
1343	660
1453	660
1476	660
1556	660
827	663
974	663
671	669
1374	669
1437	669
1542	669
1374	671
1437	671
1542	671
992	673
1237	673
675	674
1245	674
1294	674
1323	674
1329	674
1245	675
1294	675
1323	675
1329	675
707	677
1231	677
1453	677
847	678
967	678
1008	678
1125	678
942	680
973	680
1272	680
1220	681
1501	681
1157	682
1494	682
1501	682
738	689
1498	691
1052	692
1142	692
1273	696
962	698
805	706
976	706
1458	706
1483	706
932	707
937	707
1109	707
1169	707
1179	707
1213	707
1231	707
1311	707
1320	707
1343	707
1381	707
1399	707
1453	707
1499	707
1075	711
1129	711
1391	711
1366	713
1460	713
817	714
868	717
1040	717
1081	717
1325	717
1342	717
1355	717
798	731
900	737
943	737
1022	737
1099	737
1105	737
1116	737
1505	737
796	739
801	739
839	739
942	739
953	739
1018	739
1054	739
1056	739
1129	739
1160	739
1169	739
1198	739
1206	739
1218	739
1269	739
1300	739
1311	739
1318	739
1320	739
1343	739
1380	739
1381	739
1461	739
1465	739
1476	739
856	748
1209	748
1095	755
878	756
1215	756
1226	756
1276	756
1382	756
1532	756
1557	756
1169	762
884	771
922	771
1052	771
1066	771
1142	771
988	774
1326	776
839	779
1122	779
1009	783
1186	787
1468	787
967	788
1051	788
1407	788
1523	788
1322	790
1069	794
1273	794
1105	795
1279	795
1460	795
1505	795
801	796
839	796
942	796
953	796
1004	796
1018	796
1054	796
1056	796
1129	796
1160	796
1198	796
1206	796
1269	796
1270	796
1299	796
1320	796
1343	796
1380	796
1388	796
1452	796
1476	796
1485	796
981	797
1088	797
805	801
839	801
942	801
953	801
973	801
1018	801
1054	801
1056	801
1122	801
1125	801
1160	801
1198	801
1206	801
1320	801
1322	801
1343	801
1380	801
1448	801
1461	801
1476	801
967	803
1159	803
1407	803
1482	803
1523	803
839	805
914	805
976	805
988	805
1126	805
1201	805
1218	805
1347	805
1364	805
1408	805
1458	805
1483	805
1497	805
816	807
848	814
1324	814
1471	815
982	817
1215	820
1253	820
1498	820
1532	820
1011	826
1523	829
1202	833
1282	833
1370	833
1380	833
1429	833
1456	833
942	839
953	839
1004	839
1018	839
1054	839
1056	839
1122	839
1129	839
1160	839
1198	839
1206	839
1218	839
1269	839
1270	839
1299	839
1320	839
1343	839
1380	839
1452	839
1461	839
1485	839
1497	839
1556	839
1429	844
1456	844
967	847
1008	847
1125	847
1371	847
1169	848
1324	848
1438	848
901	849
1002	849
1056	849
1243	849
1375	849
1530	849
1209	856
1378	860
1064	868
1342	868
1480	871
1524	871
1236	877
1497	877
1215	878
1226	878
1276	878
1382	878
1532	878
1557	878
922	884
1052	884
1066	884
1142	884
937	886
942	886
1109	886
1169	886
1179	886
1311	886
1320	886
1343	886
1381	886
1399	886
1453	886
1461	886
1358	892
943	900
1022	900
1105	900
1116	900
1002	901
1243	901
1530	901
1005	907
1395	907
1489	907
1015	908
1158	908
1071	912
976	914
1126	914
1218	914
1458	914
1052	922
1066	922
1142	922
1185	930
1186	930
937	932
1057	932
1109	932
1160	932
1169	932
1179	932
1311	932
1343	932
1381	932
1399	932
1438	932
1453	932
967	933
1043	933
1159	933
1482	933
1526	933
942	937
1057	937
1109	937
1169	937
1179	937
1213	937
1300	937
1311	937
1320	937
1343	937
1381	937
1399	937
1453	937
1461	937
1476	937
1499	937
953	942
1004	942
1018	942
1056	942
1154	942
1160	942
1169	942
1179	942
1198	942
1206	942
1218	942
1269	942
1299	942
1300	942
1311	942
1318	942
1320	942
1343	942
1380	942
1381	942
1452	942
1453	942
1461	942
1476	942
1485	942
1022	943
1099	943
1105	943
1116	943
1505	943
992	946
1312	946
1320	952
1453	952
974	953
1004	953
1018	953
1054	953
1056	953
1129	953
1160	953
1198	953
1206	953
1218	953
1269	953
1320	953
1343	953
1388	953
1452	953
1476	953
1485	953
1008	967
1125	967
1159	967
1371	967
1407	967
1482	967
1523	967
1513	971
1154	973
1169	973
1175	973
1272	973
1343	973
1101	974
1366	974
988	976
1126	976
1218	976
1364	976
1408	976
1458	976
1483	976
1088	981
1324	987
1126	988
1201	988
1218	988
1458	988
1483	988
1312	992
1358	992
1442	992
1461	992
1192	994
1205	994
1206	996
1257	997
1056	1002
1243	1002
1530	1002
1018	1003
1054	1004
1056	1004
1160	1004
1198	1004
1206	1004
1270	1004
1298	1004
1299	1004
1320	1004
1343	1004
1395	1005
1489	1005
1125	1008
1158	1015
1054	1018
1056	1018
1160	1018
1198	1018
1218	1018
1269	1018
1298	1018
1320	1018
1452	1018
1485	1018
1099	1022
1105	1022
1116	1022
1505	1022
1556	1033
1342	1036
1325	1040
1342	1040
1355	1040
1125	1043
1482	1043
1523	1043
1526	1043
1544	1045
1066	1052
1142	1052
1056	1054
1160	1054
1198	1054
1206	1054
1269	1054
1299	1054
1320	1054
1343	1054
1452	1054
1476	1054
1485	1054
1129	1056
1160	1056
1169	1056
1198	1056
1206	1056
1218	1056
1269	1056
1299	1056
1300	1056
1320	1056
1343	1056
1452	1056
1461	1056
1476	1056
1485	1056
1109	1057
1160	1057
1169	1057
1311	1057
1320	1057
1343	1057
1381	1057
1453	1057
1461	1057
1476	1057
1142	1066
1273	1069
1322	1075
1343	1075
1476	1075
1180	1077
1256	1077
1259	1079
1185	1081
1325	1081
1342	1081
1355	1081
1150	1086
1157	1090
1500	1092
1166	1094
1101	1098
1105	1099
1116	1099
1505	1099
1366	1101
1116	1105
1279	1105
1460	1105
1505	1105
1261	1108
1154	1109
1169	1109
1179	1109
1213	1109
1311	1109
1320	1109
1343	1109
1381	1109
1399	1109
1438	1109
1453	1109
1499	1109
1164	1112
1275	1112
1289	1112
1501	1112
1267	1113
1315	1113
1505	1116
1556	1122
1159	1125
1322	1125
1482	1125
1154	1126
1201	1126
1218	1126
1458	1126
1483	1126
1160	1129
1198	1129
1269	1129
1320	1129
1343	1129
1380	1129
1452	1129
1465	1129
1476	1129
1174	1131
1251	1131
1380	1131
1448	1131
1508	1131
1203	1135
1157	1151
1494	1151
1169	1154
1218	1154
1300	1154
1311	1154
1381	1154
1399	1154
1458	1154
1494	1157
1407	1159
1482	1159
1523	1159
1169	1160
1179	1160
1198	1160
1206	1160
1269	1160
1270	1160
1299	1160
1300	1160
1311	1160
1320	1160
1343	1160
1380	1160
1381	1160
1388	1160
1452	1160
1453	1160
1461	1160
1476	1160
1485	1160
1275	1164
1289	1164
1179	1169
1198	1169
1213	1169
1218	1169
1272	1169
1300	1169
1311	1169
1318	1169
1320	1169
1343	1169
1381	1169
1399	1169
1438	1169
1453	1169
1461	1169
1476	1169
1485	1169
1499	1169
1251	1174
1380	1174
1508	1174
1213	1179
1231	1179
1300	1179
1311	1179
1320	1179
1343	1179
1381	1179
1399	1179
1438	1179
1453	1179
1461	1179
1499	1179
1205	1192
1206	1198
1269	1198
1298	1198
1299	1198
1318	1198
1320	1198
1343	1198
1380	1198
1452	1198
1465	1198
1476	1198
1485	1198
1458	1201
1269	1206
1299	1206
1320	1206
1343	1206
1452	1206
1231	1213
1311	1213
1320	1213
1343	1213
1381	1213
1399	1213
1453	1213
1499	1213
1226	1215
1253	1215
1276	1215
1382	1215
1498	1215
1532	1215
1557	1215
1343	1218
1408	1218
1448	1218
1452	1218
1458	1218
1476	1218
1483	1218
1501	1220
1276	1226
1382	1226
1532	1226
1557	1226
1343	1231
1453	1231
1499	1231
1340	1236
1364	1236
1497	1236
1375	1243
1530	1243
1294	1245
1323	1245
1329	1245
1295	1248
1508	1251
1498	1253
1532	1253
1426	1265
1315	1267
1385	1267
1318	1269
1320	1269
1343	1269
1380	1269
1381	1269
1452	1269
1461	1269
1289	1275
1501	1275
1382	1276
1532	1276
1557	1276
1460	1279
1505	1279
1370	1282
1456	1282
1501	1289
1323	1294
1329	1294
1320	1298
1320	1299
1343	1299
1452	1299
1311	1300
1320	1300
1343	1300
1381	1300
1399	1300
1438	1300
1461	1300
1476	1300
1320	1311
1343	1311
1381	1311
1399	1311
1438	1311
1453	1311
1461	1311
1476	1311
1358	1312
1385	1315
1320	1318
1343	1318
1381	1318
1465	1318
1476	1318
1343	1320
1381	1320
1438	1320
1452	1320
1453	1320
1461	1320
1465	1320
1476	1320
1485	1320
1499	1320
1329	1323
1342	1325
1355	1325
1355	1342
1381	1343
1399	1343
1438	1343
1452	1343
1453	1343
1461	1343
1465	1343
1476	1343
1485	1343
1499	1343
1556	1343
1425	1351
1366	1358
1458	1364
1497	1364
1460	1366
1498	1366
1429	1370
1456	1370
1482	1371
1437	1374
1542	1374
1448	1380
1452	1380
1456	1380
1508	1380
1399	1381
1438	1381
1453	1381
1461	1381
1499	1381
1532	1382
1557	1382
1489	1395
1438	1399
1453	1399
1461	1399
1476	1399
1482	1407
1523	1407
1458	1408
1456	1429
1542	1437
1453	1438
1476	1438
1476	1452
1461	1453
1476	1453
1499	1453
1483	1458
1497	1458
1476	1461
1499	1461
1485	1476
1524	1480
1523	1482
1526	1482
1532	1498
1526	1523
1557	1532
