2	363
2	481
2	547
8	42
8	98
8	112
8	145
8	194
8	206
8	264
8	449
8	469
8	514
8	631
8	652
8	751
8	795
8	824
8	844
9	601
13	57
13	67
13	200
13	388
16	327
16	580
16	597
16	645
16	824
17	597
19	37
19	58
19	64
19	87
19	98
19	132
19	142
19	176
19	181
19	400
19	438
19	526
19	538
19	571
19	577
19	626
19	628
19	640
19	678
19	761
19	803
19	813
19	829
19	838
19	858
20	746
21	81
22	378
22	691
22	704
24	188
24	329
24	528
24	788
25	37
25	59
25	83
25	110
25	112
25	113
25	134
25	142
25	189
25	230
25	264
25	274
25	293
25	327
25	364
25	444
25	490
25	514
25	516
25	530
25	586
25	604
25	637
25	645
25	666
25	672
25	708
25	751
25	809
26	476
26	674
33	53
33	65
33	138
33	159
33	184
33	326
33	343
33	351
33	365
33	487
33	633
33	635
33	710
33	716
33	812
35	305
35	466
35	481
37	58
37	64
37	83
37	98
37	108
37	113
37	134
37	142
37	176
37	187
37	194
37	225
37	230
37	264
37	274
37	327
37	364
37	444
37	449
37	469
37	490
37	514
37	516
37	571
37	586
37	604
37	637
37	640
37	645
37	649
37	666
37	672
37	678
37	751
37	770
37	809
37	816
37	824
37	829
39	600
39	862
41	513
41	851
42	142
42	145
42	225
42	631
42	652
42	795
42	833
42	844
43	356
43	386
43	642
43	835
44	264
44	371
44	751
46	112
47	85
47	90
47	166
47	180
47	192
47	199
47	352
47	488
47	495
47	592
47	657
47	699
47	762
52	833
53	65
53	138
53	159
53	184
53	326
53	343
53	351
53	365
53	487
53	633
53	635
53	669
53	710
53	716
53	770
53	812
56	557
56	811
58	64
58	83
58	98
58	108
58	113
58	142
58	189
58	194
58	230
58	274
58	327
58	350
58	449
58	469
58	490
58	514
58	516
58	538
58	571
58	597
58	604
58	637
58	645
58	666
58	672
58	678
58	689
58	708
58	751
58	761
58	770
58	809
58	816
58	838
59	83
59	110
59	112
59	113
59	194
59	230
59	264
59	274
59	293
59	327
59	364
59	444
59	490
59	586
59	604
59	637
59	645
59	666
59	672
59	751
61	346
61	572
63	86
63	178
63	262
63	266
63	296
63	417
63	493
63	496
63	570
63	772
63	787
64	98
64	108
64	142
64	469
64	626
64	628
64	678
64	689
64	829
64	838
65	138
65	159
65	184
65	326
65	343
65	351
65	365
65	487
65	633
65	635
65	710
65	716
65	812
67	200
67	388
78	133
78	387
78	461
78	560
79	217
80	86
80	178
80	266
80	417
80	496
80	570
80	612
80	616
83	98
83	110
83	112
83	113
83	142
83	189
83	194
83	230
83	264
83	274
83	293
83	327
83	364
83	444
83	449
83	490
83	514
83	516
83	530
83	586
83	604
83	629
83	637
83	645
83	666
83	672
83	678
83	708
83	709
83	751
83	770
83	776
83	809
83	817
85	90
85	166
85	180
85	199
85	352
85	488
85	495
85	559
85	592
85	657
85	699
85	762
86	178
86	266
86	417
86	496
86	570
86	612
86	616
87	98
87	142
87	181
87	400
87	438
87	469
87	526
87	538
87	577
87	626
87	628
87	668
87	678
87	761
87	813
87	829
87	838
87	858
90	166
90	180
90	192
90	199
90	352
90	488
90	495
90	559
90	592
90	657
90	699
90	762
91	147
91	220
91	238
91	686
93	696
93	766
93	802
94	734
98	112
98	113
98	140
98	142
98	176
98	181
98	206
98	274
98	292
98	327
98	438
98	449
98	469
98	509
98	514
98	516
98	526
98	538
98	577
98	626
98	628
98	640
98	649
98	652
98	664
98	666
98	678
98	732
98	751
98	789
98	813
98	816
98	824
98	829
98	858
100	824
101	435
108	142
108	230
108	469
108	689
108	838
110	112
110	113
110	134
110	142
110	147
110	189
110	194
110	220
110	230
110	264
110	274
110	327
110	331
110	364
110	444
110	449
110	490
110	514
110	516
110	571
110	586
110	604
110	637
110	645
110	655
110	666
110	672
110	675
110	708
110	751
110	776
110	809
110	816
110	824
110	830
110	848
112	113
112	134
112	142
112	189
112	194
112	218
112	230
112	264
112	274
112	327
112	331
112	364
112	371
112	444
112	449
112	469
112	490
112	514
112	516
112	586
112	604
112	629
112	637
112	645
112	649
112	666
112	672
112	675
112	708
112	732
112	737
112	751
112	776
112	783
112	809
112	824
112	830
113	142
113	189
113	194
113	215
113	230
113	240
113	264
113	274
113	292
113	293
113	316
113	327
113	364
113	444
113	449
113	469
113	490
113	514
113	516
113	586
113	604
113	629
113	637
113	641
113	645
113	666
113	672
113	708
113	751
113	770
113	816
114	152
114	395
114	598
114	656
117	453
117	457
119	340
119	348
119	694
119	724
119	869
120	282
124	237
124	409
124	706
124	796
126	427
126	485
126	756
126	772
126	775
126	855
126	868
126	870
128	712
131	384
131	653
133	387
133	461
133	560
134	189
134	194
134	206
134	230
134	264
134	327
134	444
134	469
134	490
134	505
134	514
134	516
134	586
134	604
134	637
134	645
134	649
134	664
134	666
134	708
134	737
134	751
134	809
134	824
134	830
137	291
138	159
138	184
138	326
138	343
138	351
138	365
138	487
138	633
138	635
138	710
138	716
138	770
138	812
140	206
140	220
140	250
140	289
140	331
140	376
140	505
140	509
140	514
140	516
140	552
140	640
140	649
140	655
140	664
140	708
140	732
140	751
140	783
140	803
140	816
142	189
142	194
142	230
142	264
142	274
142	292
142	327
142	364
142	444
142	449
142	469
142	490
142	514
142	516
142	526
142	538
142	571
142	580
142	586
142	593
142	604
142	626
142	628
142	629
142	637
142	641
142	645
142	666
142	672
142	678
142	689
142	708
142	751
142	761
142	789
142	809
142	813
142	816
142	824
142	829
142	830
142	838
142	869
145	631
145	652
145	844
146	734
147	220
147	238
147	274
147	285
147	331
147	376
147	505
147	514
147	655
147	675
147	686
147	751
150	296
150	702
150	787
150	865
152	395
152	598
152	656
154	443
154	698
154	855
154	868
158	444
158	645
159	184
159	326
159	343
159	351
159	365
159	487
159	633
159	635
159	669
159	710
159	716
159	812
161	279
161	506
162	225
162	325
162	498
162	782
162	833
166	180
166	192
166	199
166	352
166	488
166	495
166	559
166	592
166	657
166	699
166	705
166	762
168	314
168	528
169	216
169	447
169	460
169	567
169	804
171	667
172	748
173	486
176	239
176	469
176	678
176	813
176	829
177	339
177	553
177	620
177	692
177	854
178	266
178	417
178	493
178	496
178	570
178	612
178	616
180	192
180	199
180	352
180	488
180	495
180	559
180	592
180	657
180	699
180	705
180	762
181	219
181	400
181	438
181	526
181	538
181	577
181	626
181	628
181	668
181	678
181	761
181	813
181	829
181	838
181	858
184	326
184	343
184	351
184	365
184	487
184	633
184	635
184	710
184	716
184	812
185	826
188	329
188	528
188	788
189	194
189	230
189	264
189	274
189	327
189	364
189	444
189	449
189	490
189	514
189	516
189	586
189	604
189	637
189	645
189	666
189	672
189	708
189	726
189	751
189	776
189	816
189	830
192	488
192	495
192	592
192	657
193	292
193	513
193	828
193	851
194	264
194	274
194	293
194	327
194	364
194	371
194	444
194	449
194	490
194	514
194	530
194	586
194	604
194	637
194	645
194	666
194	751
194	816
194	830
196	278
199	352
199	488
199	495
199	592
199	657
199	699
199	705
199	762
200	388
202	344
202	503
202	606
203	378
203	691
205	742
206	220
206	250
206	274
206	289
206	376
206	469
206	472
206	505
206	509
206	514
206	516
206	538
206	552
206	587
206	604
206	640
206	645
206	649
206	655
206	664
206	675
206	732
206	751
206	783
206	803
206	816
206	824
206	830
211	323
211	445
211	539
211	607
211	683
212	743
213	312
213	386
213	680
214	236
214	373
214	462
216	447
216	460
216	567
216	804
218	274
218	371
218	469
218	751
218	852
219	400
219	626
219	813
220	238
220	250
220	259
220	274
220	289
220	327
220	331
220	371
220	376
220	505
220	509
220	514
220	552
220	575
220	587
220	649
220	655
220	664
220	675
220	686
220	732
220	751
220	783
220	803
220	816
220	824
221	454
223	730
225	325
225	498
225	542
225	631
225	652
225	782
225	833
225	844
230	264
230	274
230	327
230	364
230	444
230	449
230	469
230	490
230	514
230	516
230	530
230	586
230	604
230	629
230	637
230	645
230	666
230	672
230	708
230	751
230	776
230	809
230	824
233	475
233	548
234	252
234	815
235	430
235	617
236	305
236	565
236	864
237	706
238	505
238	649
238	655
238	675
238	751
240	530
240	581
240	637
244	511
247	405
247	750
248	278
248	292
250	259
250	289
250	331
250	376
250	509
250	587
250	649
250	655
250	664
250	675
250	732
250	751
250	783
250	816
252	663
252	815
253	416
254	520
255	539
257	305
259	376
259	509
259	514
259	649
259	655
259	664
259	751
261	305
261	475
262	296
263	551
264	274
264	293
264	327
264	364
264	371
264	444
264	449
264	469
264	490
264	514
264	516
264	530
264	571
264	586
264	604
264	629
264	637
264	645
264	666
264	672
264	708
264	709
264	737
264	751
264	770
264	809
264	817
264	824
264	830
266	296
266	417
266	493
266	496
266	570
266	612
266	616
266	787
273	426
274	316
274	327
274	331
274	364
274	371
274	376
274	444
274	449
274	490
274	514
274	516
274	530
274	571
274	586
274	604
274	629
274	637
274	645
274	655
274	666
274	675
274	678
274	732
274	751
274	770
274	830
277	620
277	778
278	422
278	449
279	506
280	313
280	775
280	815
280	868
284	298
284	700
285	514
285	637
285	751
289	331
289	376
289	509
289	552
289	649
289	655
289	664
289	675
289	732
289	751
289	783
289	803
289	816
292	341
292	449
292	469
292	513
292	538
292	628
292	678
292	751
292	789
292	816
292	851
293	327
293	364
293	444
293	490
293	604
293	645
293	751
294	801
296	417
296	493
296	787
298	700
302	526
305	412
305	475
305	759
306	589
311	514
311	748
312	680
313	775
313	815
313	868
314	528
314	847
316	444
316	490
323	445
323	539
323	607
323	683
325	498
325	782
325	833
326	343
326	351
326	365
326	487
326	633
326	635
326	710
326	716
326	812
327	364
327	444
327	449
327	469
327	490
327	505
327	514
327	516
327	530
327	571
327	580
327	586
327	604
327	629
327	637
327	645
327	649
327	664
327	666
327	672
327	676
327	678
327	708
327	751
327	769
327	770
327	776
327	809
327	816
327	817
327	824
327	830
329	528
329	644
329	788
329	828
331	376
331	505
331	509
331	514
331	516
331	649
331	655
331	664
331	675
331	686
331	732
331	751
331	783
331	803
331	816
339	553
339	586
339	620
339	692
339	767
339	854
340	348
340	694
340	724
340	869
343	365
343	407
343	487
343	633
343	635
343	710
343	812
344	503
344	606
346	572
348	694
348	724
349	654
349	808
350	518
351	365
351	487
351	633
351	635
351	710
351	716
351	812
352	488
352	495
352	559
352	592
352	657
352	699
353	671
356	386
356	642
356	696
356	835
357	428
358	595
362	653
363	436
363	869
364	444
364	449
364	490
364	514
364	586
364	604
364	629
364	637
364	645
364	666
364	751
364	809
364	824
364	830
365	487
365	633
365	635
365	710
365	716
365	770
365	812
371	376
371	469
371	490
371	514
371	571
371	637
371	649
371	666
371	751
371	824
371	869
373	462
374	531
376	505
376	509
376	514
376	552
376	587
376	640
376	645
376	649
376	655
376	664
376	675
376	686
376	732
376	751
376	783
376	803
376	816
378	691
378	704
384	516
386	642
386	835
387	461
387	560
395	598
395	656
397	541
399	676
400	438
400	526
400	538
400	626
400	813
400	829
400	858
404	458
405	578
405	602
405	750
409	706
409	796
412	759
414	492
417	493
417	496
417	570
417	612
417	616
417	787
427	485
427	756
427	772
427	775
427	855
427	868
427	870
438	526
438	538
438	577
438	626
438	628
438	678
438	813
438	829
438	858
441	665
443	698
443	855
443	868
444	449
444	490
444	514
444	516
444	530
444	586
444	604
444	629
444	637
444	645
444	666
444	672
444	708
444	709
444	751
444	770
444	776
444	809
444	824
444	830
445	539
445	607
445	683
447	460
447	804
448	595
449	469
449	490
449	514
449	516
449	530
449	538
449	586
449	591
449	604
449	637
449	641
449	645
449	666
449	672
449	751
449	770
449	816
449	818
449	824
451	504
453	457
455	472
455	740
458	540
460	804
461	560
462	567
468	746
469	514
469	516
469	530
469	538
469	571
469	597
469	604
469	626
469	628
469	640
469	645
469	649
469	666
469	678
469	737
469	751
469	770
469	809
469	816
469	824
469	829
469	830
472	649
472	664
472	740
472	803
476	674
478	768
479	687
481	547
485	756
485	772
485	775
485	855
485	868
485	870
487	633
487	635
487	710
487	716
487	770
487	812
488	495
488	559
488	592
488	657
488	699
490	514
490	516
490	575
490	586
490	591
490	604
490	629
490	637
490	645
490	666
490	672
490	678
490	708
490	709
490	751
490	817
490	824
490	830
493	570
493	616
493	787
495	559
495	592
495	657
495	699
496	570
496	612
496	616
498	782
498	833
503	606
505	509
505	514
505	516
505	552
505	649
505	655
505	664
505	675
505	732
505	751
505	816
505	824
509	514
509	552
509	640
509	649
509	655
509	664
509	675
509	732
509	751
509	783
509	803
509	816
509	824
513	528
513	644
513	828
513	851
514	516
514	537
514	580
514	586
514	604
514	629
514	637
514	645
514	649
514	655
514	664
514	666
514	676
514	678
514	708
514	732
514	737
514	751
514	783
514	803
514	809
514	816
514	824
514	830
516	537
516	580
516	586
516	604
516	637
516	640
516	645
516	649
516	655
516	666
516	672
516	678
516	708
516	732
516	737
516	751
516	770
516	809
516	816
516	824
516	830
517	547
517	733
526	538
526	577
526	626
526	628
526	678
526	761
526	813
526	829
526	838
526	858
528	644
528	765
528	788
528	828
530	586
530	604
530	645
530	666
530	676
530	751
530	824
537	732
537	816
538	577
538	586
538	626
538	628
538	640
538	649
538	668
538	678
538	789
538	813
538	829
538	858
539	607
539	683
546	861
547	733
547	816
548	671
552	649
552	655
552	664
552	732
552	751
552	803
553	586
553	620
553	692
553	854
557	811
559	592
559	657
559	699
570	612
570	616
571	593
571	637
571	689
571	749
575	751
576	750
577	626
577	678
577	813
577	829
577	858
578	750
580	597
580	604
580	649
580	816
580	824
586	604
586	620
586	629
586	637
586	645
586	649
586	666
586	672
586	678
586	708
586	751
586	809
586	816
586	824
586	830
587	645
587	649
587	664
587	732
587	751
587	816
587	818
587	824
588	699
591	770
592	657
592	699
597	751
597	824
598	656
600	862
602	750
604	629
604	637
604	645
604	649
604	655
604	664
604	666
604	672
604	676
604	708
604	737
604	751
604	770
604	776
604	809
604	817
604	824
604	830
607	683
608	841
610	648
612	616
616	715
616	815
618	703
620	778
621	647
621	713
621	720
626	628
626	668
626	678
626	761
626	813
626	829
626	838
626	858
628	640
628	668
628	678
628	813
628	829
628	858
629	637
629	645
629	666
629	708
629	751
629	770
629	809
629	817
629	824
631	652
631	770
631	795
631	844
633	635
633	710
633	812
635	710
635	716
635	812
637	645
637	666
637	672
637	678
637	708
637	709
637	751
637	824
637	830
640	649
640	664
640	678
640	732
640	783
640	813
642	835
644	788
644	828
645	649
645	655
645	666
645	672
645	708
645	709
645	732
645	751
645	770
645	776
645	809
645	816
645	824
645	830
647	713
647	720
649	655
649	664
649	666
649	675
649	678
649	732
649	737
649	751
649	783
649	803
649	816
649	824
649	830
651	800
652	770
652	795
652	844
654	808
655	664
655	675
655	686
655	732
655	751
655	783
655	803
655	816
657	699
657	705
657	762
657	770
658	866
660	759
663	815
664	675
664	732
664	751
664	783
664	803
664	816
664	824
664	830
666	672
666	708
666	726
666	737
666	751
666	770
666	809
666	817
666	824
666	830
666	852
668	813
668	858
672	708
672	751
672	809
672	818
672	848
675	686
675	732
675	751
675	783
676	751
678	751
678	789
678	809
678	813
678	824
678	829
678	858
686	751
689	749
689	761
689	838
691	704
692	767
692	854
694	724
696	766
696	802
698	775
698	855
698	868
699	705
699	762
702	865
706	796
707	735
707	774
708	737
708	751
708	770
708	809
708	816
710	716
710	770
710	812
713	720
715	815
716	812
732	751
732	783
732	803
732	816
732	824
735	774
737	751
737	817
737	824
751	783
751	803
751	809
751	816
751	817
751	824
751	830
751	869
756	772
756	775
756	787
756	855
756	868
756	870
761	813
761	838
765	828
766	802
770	795
770	809
770	812
770	844
772	775
772	855
772	868
772	870
775	815
775	855
775	868
775	870
782	833
783	803
783	816
783	824
788	828
789	813
789	858
795	844
803	824
809	824
813	829
813	838
813	858
815	868
816	824
816	852
824	830
828	851
829	858
830	852
855	868
855	870
868	870
363	2
481	2
547	2
42	8
98	8
112	8
145	8
194	8
206	8
264	8
449	8
469	8
514	8
631	8
652	8
751	8
795	8
824	8
844	8
601	9
57	13
67	13
200	13
388	13
327	16
580	16
597	16
645	16
824	16
597	17
37	19
58	19
64	19
87	19
98	19
132	19
142	19
176	19
181	19
400	19
438	19
526	19
538	19
571	19
577	19
626	19
628	19
640	19
678	19
761	19
803	19
813	19
829	19
838	19
858	19
746	20
81	21
378	22
691	22
704	22
188	24
329	24
528	24
788	24
37	25
59	25
83	25
110	25
112	25
113	25
134	25
142	25
189	25
230	25
264	25
274	25
293	25
327	25
364	25
444	25
490	25
514	25
516	25
530	25
586	25
604	25
637	25
645	25
666	25
672	25
708	25
751	25
809	25
476	26
674	26
53	33
65	33
138	33
159	33
184	33
326	33
343	33
351	33
365	33
487	33
633	33
635	33
710	33
716	33
812	33
305	35
466	35
481	35
58	37
64	37
83	37
98	37
108	37
113	37
134	37
142	37
176	37
187	37
194	37
225	37
230	37
264	37
274	37
327	37
364	37
444	37
449	37
469	37
490	37
514	37
516	37
571	37
586	37
604	37
637	37
640	37
645	37
649	37
666	37
672	37
678	37
751	37
770	37
809	37
816	37
824	37
829	37
600	39
862	39
513	41
851	41
142	42
145	42
225	42
631	42
652	42
795	42
833	42
844	42
356	43
386	43
642	43
835	43
264	44
371	44
751	44
112	46
85	47
90	47
166	47
180	47
192	47
199	47
352	47
488	47
495	47
592	47
657	47
699	47
762	47
833	52
65	53
138	53
159	53
184	53
326	53
343	53
351	53
365	53
487	53
633	53
635	53
669	53
710	53
716	53
770	53
812	53
557	56
811	56
64	58
83	58
98	58
108	58
113	58
142	58
189	58
194	58
230	58
274	58
327	58
350	58
449	58
469	58
490	58
514	58
516	58
538	58
571	58
597	58
604	58
637	58
645	58
666	58
672	58
678	58
689	58
708	58
751	58
761	58
770	58
809	58
816	58
838	58
83	59
110	59
112	59
113	59
194	59
230	59
264	59
274	59
293	59
327	59
364	59
444	59
490	59
586	59
604	59
637	59
645	59
666	59
672	59
751	59
346	61
572	61
86	63
178	63
262	63
266	63
296	63
417	63
493	63
496	63
570	63
772	63
787	63
98	64
108	64
142	64
469	64
626	64
628	64
678	64
689	64
829	64
838	64
138	65
159	65
184	65
326	65
343	65
351	65
365	65
487	65
633	65
635	65
710	65
716	65
812	65
200	67
388	67
133	78
387	78
461	78
560	78
217	79
86	80
178	80
266	80
417	80
496	80
570	80
612	80
616	80
98	83
110	83
112	83
113	83
142	83
189	83
194	83
230	83
264	83
274	83
293	83
327	83
364	83
444	83
449	83
490	83
514	83
516	83
530	83
586	83
604	83
629	83
637	83
645	83
666	83
672	83
678	83
708	83
709	83
751	83
770	83
776	83
809	83
817	83
90	85
166	85
180	85
199	85
352	85
488	85
495	85
559	85
592	85
657	85
699	85
762	85
178	86
266	86
417	86
496	86
570	86
612	86
616	86
98	87
142	87
181	87
400	87
438	87
469	87
526	87
538	87
577	87
626	87
628	87
668	87
678	87
761	87
813	87
829	87
838	87
858	87
166	90
180	90
192	90
199	90
352	90
488	90
495	90
559	90
592	90
657	90
699	90
762	90
147	91
220	91
238	91
686	91
696	93
766	93
802	93
734	94
112	98
113	98
140	98
142	98
176	98
181	98
206	98
274	98
292	98
327	98
438	98
449	98
469	98
509	98
514	98
516	98
526	98
538	98
577	98
626	98
628	98
640	98
649	98
652	98
664	98
666	98
678	98
732	98
751	98
789	98
813	98
816	98
824	98
829	98
858	98
824	100
435	101
142	108
230	108
469	108
689	108
838	108
112	110
113	110
134	110
142	110
147	110
189	110
194	110
220	110
230	110
264	110
274	110
327	110
331	110
364	110
444	110
449	110
490	110
514	110
516	110
571	110
586	110
604	110
637	110
645	110
655	110
666	110
672	110
675	110
708	110
751	110
776	110
809	110
816	110
824	110
830	110
848	110
113	112
134	112
142	112
189	112
194	112
218	112
230	112
264	112
274	112
327	112
331	112
364	112
371	112
444	112
449	112
469	112
490	112
514	112
516	112
586	112
604	112
629	112
637	112
645	112
649	112
666	112
672	112
675	112
708	112
732	112
737	112
751	112
776	112
783	112
809	112
824	112
830	112
142	113
189	113
194	113
215	113
230	113
240	113
264	113
274	113
292	113
293	113
316	113
327	113
364	113
444	113
449	113
469	113
490	113
514	113
516	113
586	113
604	113
629	113
637	113
641	113
645	113
666	113
672	113
708	113
751	113
770	113
816	113
152	114
395	114
598	114
656	114
453	117
457	117
340	119
348	119
694	119
724	119
869	119
282	120
237	124
409	124
706	124
796	124
427	126
485	126
756	126
772	126
775	126
855	126
868	126
870	126
712	128
384	131
653	131
387	133
461	133
560	133
189	134
194	134
206	134
230	134
264	134
327	134
444	134
469	134
490	134
505	134
514	134
516	134
586	134
604	134
637	134
645	134
649	134
664	134
666	134
708	134
737	134
751	134
809	134
824	134
830	134
291	137
159	138
184	138
326	138
343	138
351	138
365	138
487	138
633	138
635	138
710	138
716	138
770	138
812	138
206	140
220	140
250	140
289	140
331	140
376	140
505	140
509	140
514	140
516	140
552	140
640	140
649	140
655	140
664	140
708	140
732	140
751	140
783	140
803	140
816	140
189	142
194	142
230	142
264	142
274	142
292	142
327	142
364	142
444	142
449	142
469	142
490	142
514	142
516	142
526	142
538	142
571	142
580	142
586	142
593	142
604	142
626	142
628	142
629	142
637	142
641	142
645	142
666	142
672	142
678	142
689	142
708	142
751	142
761	142
789	142
809	142
813	142
816	142
824	142
829	142
830	142
838	142
869	142
631	145
652	145
844	145
734	146
220	147
238	147
274	147
285	147
331	147
376	147
505	147
514	147
655	147
675	147
686	147
751	147
296	150
702	150
787	150
865	150
395	152
598	152
656	152
443	154
698	154
855	154
868	154
444	158
645	158
184	159
326	159
343	159
351	159
365	159
487	159
633	159
635	159
669	159
710	159
716	159
812	159
279	161
506	161
225	162
325	162
498	162
782	162
833	162
180	166
192	166
199	166
352	166
488	166
495	166
559	166
592	166
657	166
699	166
705	166
762	166
314	168
528	168
216	169
447	169
460	169
567	169
804	169
667	171
748	172
486	173
239	176
469	176
678	176
813	176
829	176
339	177
553	177
620	177
692	177
854	177
266	178
417	178
493	178
496	178
570	178
612	178
616	178
192	180
199	180
352	180
488	180
495	180
559	180
592	180
657	180
699	180
705	180
762	180
219	181
400	181
438	181
526	181
538	181
577	181
626	181
628	181
668	181
678	181
761	181
813	181
829	181
838	181
858	181
326	184
343	184
351	184
365	184
487	184
633	184
635	184
710	184
716	184
812	184
826	185
329	188
528	188
788	188
194	189
230	189
264	189
274	189
327	189
364	189
444	189
449	189
490	189
514	189
516	189
586	189
604	189
637	189
645	189
666	189
672	189
708	189
726	189
751	189
776	189
816	189
830	189
488	192
495	192
592	192
657	192
292	193
513	193
828	193
851	193
264	194
274	194
293	194
327	194
364	194
371	194
444	194
449	194
490	194
514	194
530	194
586	194
604	194
637	194
645	194
666	194
751	194
816	194
830	194
278	196
352	199
488	199
495	199
592	199
657	199
699	199
705	199
762	199
388	200
344	202
503	202
606	202
378	203
691	203
742	205
220	206
250	206
274	206
289	206
376	206
469	206
472	206
505	206
509	206
514	206
516	206
538	206
552	206
587	206
604	206
640	206
645	206
649	206
655	206
664	206
675	206
732	206
751	206
783	206
803	206
816	206
824	206
830	206
323	211
445	211
539	211
607	211
683	211
743	212
312	213
386	213
680	213
236	214
373	214
462	214
447	216
460	216
567	216
804	216
274	218
371	218
469	218
751	218
852	218
400	219
626	219
813	219
238	220
250	220
259	220
274	220
289	220
327	220
331	220
371	220
376	220
505	220
509	220
514	220
552	220
575	220
587	220
649	220
655	220
664	220
675	220
686	220
732	220
751	220
783	220
803	220
816	220
824	220
454	221
730	223
325	225
498	225
542	225
631	225
652	225
782	225
833	225
844	225
264	230
274	230
327	230
364	230
444	230
449	230
469	230
490	230
514	230
516	230
530	230
586	230
604	230
629	230
637	230
645	230
666	230
672	230
708	230
751	230
776	230
809	230
824	230
475	233
548	233
252	234
815	234
430	235
617	235
305	236
565	236
864	236
706	237
505	238
649	238
655	238
675	238
751	238
530	240
581	240
637	240
511	244
405	247
750	247
278	248
292	248
259	250
289	250
331	250
376	250
509	250
587	250
649	250
655	250
664	250
675	250
732	250
751	250
783	250
816	250
663	252
815	252
416	253
520	254
539	255
305	257
376	259
509	259
514	259
649	259
655	259
664	259
751	259
305	261
475	261
296	262
551	263
274	264
293	264
327	264
364	264
371	264
444	264
449	264
469	264
490	264
514	264
516	264
530	264
571	264
586	264
604	264
629	264
637	264
645	264
666	264
672	264
708	264
709	264
737	264
751	264
770	264
809	264
817	264
824	264
830	264
296	266
417	266
493	266
496	266
570	266
612	266
616	266
787	266
426	273
316	274
327	274
331	274
364	274
371	274
376	274
444	274
449	274
490	274
514	274
516	274
530	274
571	274
586	274
604	274
629	274
637	274
645	274
655	274
666	274
675	274
678	274
732	274
751	274
770	274
830	274
620	277
778	277
422	278
449	278
506	279
313	280
775	280
815	280
868	280
298	284
700	284
514	285
637	285
751	285
331	289
376	289
509	289
552	289
649	289
655	289
664	289
675	289
732	289
751	289
783	289
803	289
816	289
341	292
449	292
469	292
513	292
538	292
628	292
678	292
751	292
789	292
816	292
851	292
327	293
364	293
444	293
490	293
604	293
645	293
751	293
801	294
417	296
493	296
787	296
700	298
526	302
412	305
475	305
759	305
589	306
514	311
748	311
680	312
775	313
815	313
868	313
528	314
847	314
444	316
490	316
445	323
539	323
607	323
683	323
498	325
782	325
833	325
343	326
351	326
365	326
487	326
633	326
635	326
710	326
716	326
812	326
364	327
444	327
449	327
469	327
490	327
505	327
514	327
516	327
530	327
571	327
580	327
586	327
604	327
629	327
637	327
645	327
649	327
664	327
666	327
672	327
676	327
678	327
708	327
751	327
769	327
770	327
776	327
809	327
816	327
817	327
824	327
830	327
528	329
644	329
788	329
828	329
376	331
505	331
509	331
514	331
516	331
649	331
655	331
664	331
675	331
686	331
732	331
751	331
783	331
803	331
816	331
553	339
586	339
620	339
692	339
767	339
854	339
348	340
694	340
724	340
869	340
365	343
407	343
487	343
633	343
635	343
710	343
812	343
503	344
606	344
572	346
694	348
724	348
654	349
808	349
518	350
365	351
487	351
633	351
635	351
710	351
716	351
812	351
488	352
495	352
559	352
592	352
657	352
699	352
671	353
386	356
642	356
696	356
835	356
428	357
595	358
653	362
436	363
869	363
444	364
449	364
490	364
514	364
586	364
604	364
629	364
637	364
645	364
666	364
751	364
809	364
824	364
830	364
487	365
633	365
635	365
710	365
716	365
770	365
812	365
376	371
469	371
490	371
514	371
571	371
637	371
649	371
666	371
751	371
824	371
869	371
462	373
531	374
505	376
509	376
514	376
552	376
587	376
640	376
645	376
649	376
655	376
664	376
675	376
686	376
732	376
751	376
783	376
803	376
816	376
691	378
704	378
516	384
642	386
835	386
461	387
560	387
598	395
656	395
541	397
676	399
438	400
526	400
538	400
626	400
813	400
829	400
858	400
458	404
578	405
602	405
750	405
706	409
796	409
759	412
492	414
493	417
496	417
570	417
612	417
616	417
787	417
485	427
756	427
772	427
775	427
855	427
868	427
870	427
526	438
538	438
577	438
626	438
628	438
678	438
813	438
829	438
858	438
665	441
698	443
855	443
868	443
449	444
490	444
514	444
516	444
530	444
586	444
604	444
629	444
637	444
645	444
666	444
672	444
708	444
709	444
751	444
770	444
776	444
809	444
824	444
830	444
539	445
607	445
683	445
460	447
804	447
595	448
469	449
490	449
514	449
516	449
530	449
538	449
586	449
591	449
604	449
637	449
641	449
645	449
666	449
672	449
751	449
770	449
816	449
818	449
824	449
504	451
457	453
472	455
740	455
540	458
804	460
560	461
567	462
746	468
514	469
516	469
530	469
538	469
571	469
597	469
604	469
626	469
628	469
640	469
645	469
649	469
666	469
678	469
737	469
751	469
770	469
809	469
816	469
824	469
829	469
830	469
649	472
664	472
740	472
803	472
674	476
768	478
687	479
547	481
756	485
772	485
775	485
855	485
868	485
870	485
633	487
635	487
710	487
716	487
770	487
812	487
495	488
559	488
592	488
657	488
699	488
514	490
516	490
575	490
586	490
591	490
604	490
629	490
637	490
645	490
666	490
672	490
678	490
708	490
709	490
751	490
817	490
824	490
830	490
570	493
616	493
787	493
559	495
592	495
657	495
699	495
570	496
612	496
616	496
782	498
833	498
606	503
509	505
514	505
516	505
552	505
649	505
655	505
664	505
675	505
732	505
751	505
816	505
824	505
514	509
552	509
640	509
649	509
655	509
664	509
675	509
732	509
751	509
783	509
803	509
816	509
824	509
528	513
644	513
828	513
851	513
516	514
537	514
580	514
586	514
604	514
629	514
637	514
645	514
649	514
655	514
664	514
666	514
676	514
678	514
708	514
732	514
737	514
751	514
783	514
803	514
809	514
816	514
824	514
830	514
537	516
580	516
586	516
604	516
637	516
640	516
645	516
649	516
655	516
666	516
672	516
678	516
708	516
732	516
737	516
751	516
770	516
809	516
816	516
824	516
830	516
547	517
733	517
538	526
577	526
626	526
628	526
678	526
761	526
813	526
829	526
838	526
858	526
644	528
765	528
788	528
828	528
586	530
604	530
645	530
666	530
676	530
751	530
824	530
732	537
816	537
577	538
586	538
626	538
628	538
640	538
649	538
668	538
678	538
789	538
813	538
829	538
858	538
607	539
683	539
861	546
733	547
816	547
671	548
649	552
655	552
664	552
732	552
751	552
803	552
586	553
620	553
692	553
854	553
811	557
592	559
657	559
699	559
612	570
616	570
593	571
637	571
689	571
749	571
751	575
750	576
626	577
678	577
813	577
829	577
858	577
750	578
597	580
604	580
649	580
816	580
824	580
604	586
620	586
629	586
637	586
645	586
649	586
666	586
672	586
678	586
708	586
751	586
809	586
816	586
824	586
830	586
645	587
649	587
664	587
732	587
751	587
816	587
818	587
824	587
699	588
770	591
657	592
699	592
751	597
824	597
656	598
862	600
750	602
629	604
637	604
645	604
649	604
655	604
664	604
666	604
672	604
676	604
708	604
737	604
751	604
770	604
776	604
809	604
817	604
824	604
830	604
683	607
841	608
648	610
616	612
715	616
815	616
703	618
778	620
647	621
713	621
720	621
628	626
668	626
678	626
761	626
813	626
829	626
838	626
858	626
640	628
668	628
678	628
813	628
829	628
858	628
637	629
645	629
666	629
708	629
751	629
770	629
809	629
817	629
824	629
652	631
770	631
795	631
844	631
635	633
710	633
812	633
710	635
716	635
812	635
645	637
666	637
672	637
678	637
708	637
709	637
751	637
824	637
830	637
649	640
664	640
678	640
732	640
783	640
813	640
835	642
788	644
828	644
649	645
655	645
666	645
672	645
708	645
709	645
732	645
751	645
770	645
776	645
809	645
816	645
824	645
830	645
713	647
720	647
655	649
664	649
666	649
675	649
678	649
732	649
737	649
751	649
783	649
803	649
816	649
824	649
830	649
800	651
770	652
795	652
844	652
808	654
664	655
675	655
686	655
732	655
751	655
783	655
803	655
816	655
699	657
705	657
762	657
770	657
866	658
759	660
815	663
675	664
732	664
751	664
783	664
803	664
816	664
824	664
830	664
672	666
708	666
726	666
737	666
751	666
770	666
809	666
817	666
824	666
830	666
852	666
813	668
858	668
708	672
751	672
809	672
818	672
848	672
686	675
732	675
751	675
783	675
751	676
751	678
789	678
809	678
813	678
824	678
829	678
858	678
751	686
749	689
761	689
838	689
704	691
767	692
854	692
724	694
766	696
802	696
775	698
855	698
868	698
705	699
762	699
865	702
796	706
735	707
774	707
737	708
751	708
770	708
809	708
816	708
716	710
770	710
812	710
720	713
815	715
812	716
751	732
783	732
803	732
816	732
824	732
774	735
751	737
817	737
824	737
783	751
803	751
809	751
816	751
817	751
824	751
830	751
869	751
772	756
775	756
787	756
855	756
868	756
870	756
813	761
838	761
828	765
802	766
795	770
809	770
812	770
844	770
775	772
855	772
868	772
870	772
815	775
855	775
868	775
870	775
833	782
803	783
816	783
824	783
828	788
813	789
858	789
844	795
824	803
824	809
829	813
838	813
858	813
868	815
824	816
852	816
830	824
851	828
858	829
852	830
868	855
870	855
870	868
