2	363
2	481
2	547
3	11
7	831
8	36
8	42
8	98
8	145
8	195
8	264
8	281
8	449
8	467
8	469
8	514
8	631
8	652
8	795
8	844
13	57
13	200
13	388
13	473
14	734
15	241
17	597
18	308
18	602
19	64
19	87
19	98
19	125
19	197
19	232
19	328
19	338
19	391
19	438
19	502
19	510
19	526
19	535
19	544
19	577
19	626
19	628
19	761
19	803
19	813
19	858
19	859
20	62
20	746
24	116
24	188
24	242
24	329
24	528
25	36
25	59
25	83
25	113
25	201
25	230
25	264
25	265
25	274
25	275
25	293
25	299
25	364
25	419
25	444
25	467
25	490
25	514
25	530
25	568
25	585
25	586
25	604
25	666
25	672
25	727
25	834
26	423
26	476
26	674
28	85
28	90
28	149
28	175
28	180
28	199
28	431
28	495
28	583
28	615
28	636
28	705
28	762
29	871
32	185
32	289
32	649
32	810
32	826
35	305
35	481
36	51
36	59
36	83
36	113
36	201
36	230
36	264
36	274
36	275
36	299
36	364
36	419
36	444
36	449
36	467
36	469
36	490
36	505
36	514
36	585
36	586
36	604
36	649
36	666
36	672
36	732
36	834
39	508
39	600
39	701
39	862
42	145
42	195
42	225
42	631
42	652
42	795
42	833
42	844
43	290
43	356
43	360
43	386
43	639
44	201
44	264
44	371
45	760
45	774
51	98
51	281
51	469
51	509
51	514
51	604
51	619
51	649
51	655
51	664
51	783
51	803
51	834
52	833
53	138
53	159
53	184
53	229
53	295
53	343
53	351
53	365
53	411
53	464
53	465
53	470
53	487
53	633
53	669
53	681
53	710
53	716
53	764
53	770
53	798
53	812
54	122
54	139
54	154
54	280
54	347
54	443
54	459
54	485
54	497
54	698
54	721
54	772
54	773
54	775
54	839
54	855
54	868
54	870
55	836
57	473
59	83
59	113
59	201
59	230
59	264
59	265
59	274
59	293
59	299
59	364
59	444
59	467
59	490
59	585
59	586
59	604
59	666
59	672
61	346
62	468
62	746
64	98
64	125
64	197
64	338
64	391
64	469
64	484
64	535
64	626
64	628
64	859
66	93
66	375
66	377
66	696
66	766
66	802
69	85
69	149
69	175
69	180
69	583
69	615
69	636
70	357
73	328
74	98
74	113
74	278
74	292
74	342
74	449
74	469
74	532
74	597
74	641
74	649
74	739
76	220
76	289
76	489
76	509
76	649
76	655
76	664
76	810
78	387
78	461
78	560
80	86
80	178
80	496
80	570
80	612
80	616
80	625
83	98
83	113
83	125
83	201
83	230
83	264
83	274
83	275
83	281
83	293
83	299
83	364
83	367
83	419
83	444
83	449
83	467
83	490
83	514
83	530
83	585
83	586
83	604
83	629
83	666
83	672
83	709
83	770
83	776
83	817
83	834
84	119
84	330
84	340
84	348
84	380
84	694
84	724
84	744
85	90
85	149
85	175
85	180
85	199
85	431
85	495
85	583
85	615
85	636
85	762
86	178
86	496
86	570
86	612
86	616
86	625
87	98
87	125
87	197
87	232
87	328
87	391
87	438
87	469
87	502
87	510
87	526
87	535
87	544
87	577
87	626
87	628
87	761
87	813
87	858
87	859
88	832
90	149
90	175
90	180
90	192
90	199
90	431
90	495
90	583
90	615
90	636
90	762
91	147
91	220
91	401
91	471
91	521
91	524
91	563
91	686
91	718
91	810
91	840
93	375
93	377
93	696
93	766
93	802
94	734
95	160
95	252
95	832
96	251
98	113
98	125
98	197
98	232
98	274
98	292
98	328
98	338
98	391
98	419
98	438
98	449
98	469
98	502
98	509
98	510
98	514
98	526
98	532
98	535
98	544
98	577
98	626
98	628
98	649
98	652
98	664
98	666
98	711
98	732
98	813
98	858
98	859
100	372
104	159
104	411
104	465
104	710
105	267
105	437
106	115
106	342
106	609
106	850
113	201
113	215
113	230
113	240
113	264
113	265
113	274
113	275
113	281
113	292
113	293
113	299
113	316
113	364
113	367
113	419
113	444
113	449
113	467
113	469
113	490
113	514
113	585
113	586
113	604
113	629
113	641
113	666
113	672
113	727
113	770
113	834
114	152
115	609
115	850
116	188
116	329
116	528
116	828
119	330
119	340
119	348
119	380
119	694
119	724
119	744
120	286
121	129
122	280
122	347
122	721
122	773
122	775
122	868
123	305
123	785
125	197
125	232
125	328
125	338
125	391
125	438
125	469
125	502
125	510
125	526
125	535
125	626
125	628
125	711
125	813
125	859
131	532
135	742
137	241
138	159
138	184
138	229
138	295
138	343
138	351
138	365
138	411
138	464
138	465
138	487
138	633
138	681
138	710
138	716
138	764
138	770
138	798
138	812
139	485
139	497
139	772
139	775
139	870
141	650
145	631
145	652
145	844
146	734
147	220
147	274
147	331
147	401
147	471
147	505
147	514
147	524
147	655
147	686
147	718
147	810
147	834
147	840
149	175
149	180
149	192
149	199
149	431
149	495
149	583
149	615
149	636
149	762
150	296
150	787
153	345
154	443
154	459
154	698
154	773
154	839
154	855
154	868
157	567
159	184
159	295
159	343
159	351
159	365
159	411
159	464
159	465
159	487
159	633
159	669
159	681
159	710
159	716
159	764
159	798
159	812
160	252
160	312
160	787
160	832
161	500
161	506
162	225
162	325
162	498
162	556
162	782
162	833
162	839
164	277
164	402
164	620
165	168
165	314
165	528
167	269
167	409
167	706
168	314
168	528
170	418
171	667
173	486
175	180
175	192
175	199
175	431
175	495
175	583
175	615
175	636
175	762
177	241
177	339
177	473
177	494
177	553
177	620
177	692
178	493
178	496
178	570
178	612
178	616
178	625
180	192
180	199
180	431
180	495
180	583
180	615
180	636
180	705
180	762
184	295
184	343
184	351
184	365
184	411
184	464
184	465
184	487
184	633
184	681
184	710
184	716
184	764
184	798
184	812
185	826
188	242
188	329
188	528
192	495
192	583
192	615
193	292
193	513
193	828
193	851
195	631
195	652
195	770
195	795
195	844
197	232
197	328
197	338
197	391
197	438
197	469
197	502
197	510
197	526
197	535
197	544
197	577
197	626
197	628
197	761
197	813
197	858
197	859
199	431
199	495
199	583
199	615
199	705
199	762
200	388
200	473
201	220
201	230
201	264
201	265
201	274
201	275
201	281
201	299
201	364
201	367
201	419
201	444
201	449
201	467
201	469
201	490
201	505
201	514
201	530
201	568
201	575
201	585
201	586
201	604
201	629
201	649
201	664
201	666
201	672
201	727
201	732
201	810
201	834
202	503
202	606
202	755
205	742
211	323
211	445
211	607
211	683
213	312
213	386
213	680
213	842
214	236
216	567
216	804
218	274
218	371
218	469
218	834
220	250
220	259
220	274
220	289
220	331
220	371
220	401
220	471
220	489
220	505
220	509
220	514
220	524
220	563
220	575
220	587
220	619
220	649
220	655
220	664
220	686
220	718
220	732
220	783
220	803
220	810
220	834
220	840
222	624
225	325
225	498
225	556
225	631
225	652
225	782
225	833
225	844
229	295
229	764
229	812
230	264
230	265
230	274
230	281
230	299
230	364
230	419
230	444
230	449
230	467
230	469
230	490
230	514
230	530
230	585
230	586
230	604
230	629
230	666
230	672
230	727
230	776
230	834
232	328
232	338
232	391
232	438
232	502
232	510
232	526
232	535
232	544
232	577
232	626
232	628
232	813
232	858
232	859
233	310
233	548
233	758
235	430
236	305
236	467
236	565
236	585
236	864
239	338
240	530
241	339
241	473
241	494
241	553
241	692
241	695
243	290
243	360
244	511
245	717
246	334
246	661
247	750
248	278
248	292
248	342
248	739
249	418
250	259
250	289
250	331
250	401
250	471
250	489
250	509
250	587
250	619
250	649
250	655
250	664
250	732
250	783
250	810
250	840
252	832
253	416
257	305
258	616
258	715
259	509
259	514
259	649
259	655
259	664
259	810
259	840
261	305
262	296
263	551
264	274
264	275
264	281
264	293
264	299
264	364
264	371
264	419
264	444
264	449
264	467
264	469
264	490
264	514
264	530
264	568
264	585
264	586
264	604
264	629
264	666
264	672
264	709
264	727
264	770
264	817
264	834
265	275
265	444
265	477
265	586
265	672
265	727
269	409
269	706
274	275
274	281
274	299
274	316
274	331
274	364
274	371
274	419
274	444
274	449
274	467
274	490
274	514
274	530
274	563
274	585
274	586
274	604
274	629
274	655
274	666
274	732
274	770
274	810
274	834
274	840
275	281
275	444
275	467
275	490
275	567
275	585
275	604
275	666
275	834
277	620
278	342
278	422
278	449
278	532
278	739
280	347
280	721
280	773
280	775
280	868
281	289
281	299
281	331
281	364
281	419
281	444
281	449
281	467
281	469
281	490
281	505
281	514
281	585
281	586
281	597
281	604
281	629
281	649
281	666
281	810
281	834
284	298
284	550
284	700
289	331
289	401
289	471
289	489
289	509
289	619
289	649
289	655
289	664
289	732
289	783
289	803
289	810
289	840
290	356
290	360
290	375
290	386
290	639
290	696
292	449
292	469
292	513
292	628
292	851
293	364
293	444
293	467
293	490
293	585
293	604
293	727
295	343
295	351
295	365
295	411
295	464
295	465
295	470
295	487
295	633
295	681
295	710
295	716
295	764
295	770
295	798
295	812
296	493
296	787
298	550
298	700
299	364
299	367
299	419
299	444
299	449
299	467
299	471
299	490
299	514
299	575
299	586
299	604
299	649
299	666
299	672
299	727
299	810
299	834
299	840
305	759
310	359
310	839
311	514
311	748
312	680
312	832
312	842
314	528
314	847
316	444
316	467
316	490
323	445
323	607
323	683
325	498
325	556
325	782
325	833
328	391
328	438
328	469
328	526
328	535
328	544
328	545
328	577
328	626
328	628
328	649
328	750
328	813
328	859
329	528
329	828
330	340
330	348
330	380
330	694
330	724
330	744
331	401
331	471
331	505
331	509
331	514
331	524
331	619
331	649
331	655
331	664
331	686
331	718
331	732
331	783
331	803
331	810
331	834
331	840
334	661
338	391
338	502
338	510
338	526
338	535
338	577
338	626
338	813
338	859
339	473
339	494
339	553
339	586
339	620
339	692
340	348
340	380
340	694
340	724
340	744
342	442
342	449
342	739
342	770
343	365
343	407
343	411
343	464
343	465
343	487
343	633
343	681
343	710
343	764
343	798
343	812
347	721
347	773
347	775
347	868
348	380
348	694
348	724
348	744
349	808
351	365
351	411
351	464
351	465
351	470
351	487
351	633
351	681
351	710
351	716
351	764
351	812
353	671
356	375
356	386
356	639
356	696
357	428
358	501
364	419
364	444
364	449
364	467
364	490
364	514
364	585
364	586
364	604
364	629
364	666
364	727
364	834
365	411
365	464
365	465
365	487
365	633
365	681
365	710
365	716
365	764
365	770
365	798
365	812
367	449
367	467
367	490
367	604
367	641
367	727
367	769
371	469
371	490
371	514
371	649
371	666
371	718
371	810
371	834
374	531
375	377
375	696
375	766
375	802
377	696
377	766
377	802
378	704
380	694
380	724
380	744
381	401
381	471
381	524
381	686
381	718
381	810
386	842
387	461
387	560
388	473
389	418
390	773
390	775
390	839
390	868
391	438
391	469
391	502
391	510
391	526
391	535
391	544
391	577
391	626
391	628
391	761
391	813
391	858
391	859
401	471
401	505
401	509
401	524
401	619
401	649
401	655
401	664
401	686
401	718
401	732
401	783
401	810
401	840
402	597
402	629
407	681
409	706
411	464
411	465
411	487
411	633
411	669
411	681
411	710
411	716
411	764
411	798
411	812
419	444
419	449
419	467
419	469
419	490
419	514
419	585
419	586
419	604
419	629
419	649
419	666
419	672
419	732
419	770
419	817
419	834
423	476
423	674
431	495
431	583
431	615
431	636
431	762
438	510
438	526
438	535
438	544
438	577
438	626
438	628
438	813
438	858
438	859
442	739
443	459
443	698
443	773
443	839
443	855
443	868
444	449
444	467
444	490
444	514
444	530
444	585
444	586
444	604
444	629
444	666
444	672
444	709
444	727
444	770
444	776
444	834
445	607
445	683
448	501
449	467
449	469
449	490
449	514
449	530
449	532
449	585
449	586
449	591
449	604
449	627
449	641
449	666
449	672
449	739
449	770
449	818
452	729
453	457
455	472
459	698
459	773
459	775
459	839
459	855
459	868
461	560
464	465
464	487
464	633
464	669
464	681
464	710
464	716
464	764
464	770
464	798
464	812
465	487
465	633
465	669
465	681
465	710
465	716
465	764
465	798
465	812
467	469
467	490
467	514
467	585
467	586
467	604
467	626
467	627
467	629
467	641
467	666
467	672
467	709
467	727
467	770
468	746
469	514
469	530
469	532
469	535
469	585
469	597
469	604
469	626
469	627
469	628
469	649
469	666
469	711
469	770
469	859
470	798
470	812
471	505
471	509
471	514
471	575
471	619
471	649
471	655
471	664
471	686
471	718
471	732
471	783
471	810
471	834
471	840
472	649
472	664
472	803
473	494
473	553
473	586
473	620
473	692
476	674
481	547
485	497
485	772
485	775
485	855
485	868
485	870
487	633
487	681
487	710
487	716
487	764
487	770
487	798
487	812
489	505
489	509
489	514
489	537
489	619
489	649
489	655
489	664
489	732
489	783
489	810
490	514
490	575
490	585
490	586
490	591
490	604
490	629
490	666
490	672
490	709
490	727
490	817
490	834
493	570
493	616
493	625
493	787
494	553
494	620
494	692
495	583
495	615
495	636
496	570
496	612
496	616
496	625
497	772
497	773
497	775
497	855
497	868
497	870
498	556
498	782
498	833
499	564
502	510
502	526
502	535
502	577
502	626
502	628
502	813
502	859
503	606
503	755
505	509
505	514
505	649
505	655
505	664
505	718
505	732
505	810
505	840
508	600
508	701
508	862
509	514
509	524
509	619
509	649
509	655
509	664
509	732
509	783
509	803
509	810
509	840
510	526
510	535
510	544
510	577
510	626
510	813
510	858
510	859
513	528
513	828
513	851
514	537
514	585
514	586
514	604
514	629
514	649
514	655
514	664
514	666
514	732
514	783
514	803
514	810
514	834
514	840
517	547
517	733
521	563
521	718
521	810
524	655
524	686
524	718
524	810
526	535
526	544
526	577
526	626
526	628
526	761
526	813
526	858
526	859
528	765
528	828
530	586
530	604
530	666
530	834
532	649
532	711
535	544
535	577
535	626
535	628
535	761
535	813
535	858
535	859
537	732
544	577
544	626
544	628
544	813
544	858
544	859
547	733
547	758
548	671
549	672
550	700
553	586
553	620
553	692
556	782
556	833
557	780
557	811
563	718
563	810
563	834
570	612
570	616
570	625
575	585
577	626
577	813
577	858
577	859
578	741
578	750
578	757
583	615
583	636
583	705
583	762
585	586
585	604
585	666
585	672
585	727
586	604
586	620
586	629
586	649
586	666
586	672
586	727
586	834
587	605
587	619
587	649
587	664
587	732
587	810
587	818
588	636
591	770
597	739
600	701
600	862
602	741
602	750
602	757
604	629
604	649
604	655
604	664
604	666
604	672
604	727
604	770
604	776
604	810
604	817
604	834
606	755
607	683
608	841
609	850
612	616
612	625
615	636
615	705
615	762
616	625
616	715
619	649
619	655
619	664
619	732
619	783
619	803
619	810
619	840
621	647
621	713
621	720
621	842
623	733
626	628
626	761
626	813
626	858
626	859
628	813
628	858
628	859
629	666
629	770
629	817
629	834
631	652
631	770
631	795
631	844
633	681
633	710
633	764
633	798
633	812
647	713
647	720
649	655
649	664
649	666
649	711
649	732
649	783
649	803
649	810
649	840
651	800
652	770
652	795
652	844
655	664
655	686
655	718
655	732
655	783
655	803
655	810
655	834
655	840
660	759
664	732
664	783
664	803
664	810
664	840
666	672
666	727
666	770
666	817
666	834
672	727
672	818
672	848
680	842
681	710
681	764
681	798
681	812
686	718
686	810
686	840
694	724
694	744
696	766
696	802
698	773
698	775
698	839
698	855
698	868
701	862
710	716
710	764
710	770
710	798
710	812
713	720
713	842
716	764
716	812
718	810
718	834
718	840
720	842
721	773
721	775
721	868
724	744
732	783
732	803
732	810
733	758
739	784
741	750
741	757
750	757
759	832
761	813
764	798
764	812
765	828
766	802
770	795
770	812
770	834
770	844
772	773
772	775
772	855
772	868
772	870
773	775
773	839
773	855
773	868
773	870
775	839
775	855
775	868
775	870
780	811
782	833
783	803
783	810
795	844
798	812
803	810
810	834
810	840
813	858
813	859
817	834
828	851
834	840
839	855
839	868
855	868
855	870
858	859
868	870
363	2
481	2
547	2
11	3
831	7
36	8
42	8
98	8
145	8
195	8
264	8
281	8
449	8
467	8
469	8
514	8
631	8
652	8
795	8
844	8
57	13
200	13
388	13
473	13
734	14
241	15
597	17
308	18
602	18
64	19
87	19
98	19
125	19
197	19
232	19
328	19
338	19
391	19
438	19
502	19
510	19
526	19
535	19
544	19
577	19
626	19
628	19
761	19
803	19
813	19
858	19
859	19
62	20
746	20
116	24
188	24
242	24
329	24
528	24
36	25
59	25
83	25
113	25
201	25
230	25
264	25
265	25
274	25
275	25
293	25
299	25
364	25
419	25
444	25
467	25
490	25
514	25
530	25
568	25
585	25
586	25
604	25
666	25
672	25
727	25
834	25
423	26
476	26
674	26
85	28
90	28
149	28
175	28
180	28
199	28
431	28
495	28
583	28
615	28
636	28
705	28
762	28
871	29
185	32
289	32
649	32
810	32
826	32
305	35
481	35
51	36
59	36
83	36
113	36
201	36
230	36
264	36
274	36
275	36
299	36
364	36
419	36
444	36
449	36
467	36
469	36
490	36
505	36
514	36
585	36
586	36
604	36
649	36
666	36
672	36
732	36
834	36
508	39
600	39
701	39
862	39
145	42
195	42
225	42
631	42
652	42
795	42
833	42
844	42
290	43
356	43
360	43
386	43
639	43
201	44
264	44
371	44
760	45
774	45
98	51
281	51
469	51
509	51
514	51
604	51
619	51
649	51
655	51
664	51
783	51
803	51
834	51
833	52
138	53
159	53
184	53
229	53
295	53
343	53
351	53
365	53
411	53
464	53
465	53
470	53
487	53
633	53
669	53
681	53
710	53
716	53
764	53
770	53
798	53
812	53
122	54
139	54
154	54
280	54
347	54
443	54
459	54
485	54
497	54
698	54
721	54
772	54
773	54
775	54
839	54
855	54
868	54
870	54
836	55
473	57
83	59
113	59
201	59
230	59
264	59
265	59
274	59
293	59
299	59
364	59
444	59
467	59
490	59
585	59
586	59
604	59
666	59
672	59
346	61
468	62
746	62
98	64
125	64
197	64
338	64
391	64
469	64
484	64
535	64
626	64
628	64
859	64
93	66
375	66
377	66
696	66
766	66
802	66
85	69
149	69
175	69
180	69
583	69
615	69
636	69
357	70
328	73
98	74
113	74
278	74
292	74
342	74
449	74
469	74
532	74
597	74
641	74
649	74
739	74
220	76
289	76
489	76
509	76
649	76
655	76
664	76
810	76
387	78
461	78
560	78
86	80
178	80
496	80
570	80
612	80
616	80
625	80
98	83
113	83
125	83
201	83
230	83
264	83
274	83
275	83
281	83
293	83
299	83
364	83
367	83
419	83
444	83
449	83
467	83
490	83
514	83
530	83
585	83
586	83
604	83
629	83
666	83
672	83
709	83
770	83
776	83
817	83
834	83
119	84
330	84
340	84
348	84
380	84
694	84
724	84
744	84
90	85
149	85
175	85
180	85
199	85
431	85
495	85
583	85
615	85
636	85
762	85
178	86
496	86
570	86
612	86
616	86
625	86
98	87
125	87
197	87
232	87
328	87
391	87
438	87
469	87
502	87
510	87
526	87
535	87
544	87
577	87
626	87
628	87
761	87
813	87
858	87
859	87
832	88
149	90
175	90
180	90
192	90
199	90
431	90
495	90
583	90
615	90
636	90
762	90
147	91
220	91
401	91
471	91
521	91
524	91
563	91
686	91
718	91
810	91
840	91
375	93
377	93
696	93
766	93
802	93
734	94
160	95
252	95
832	95
251	96
113	98
125	98
197	98
232	98
274	98
292	98
328	98
338	98
391	98
419	98
438	98
449	98
469	98
502	98
509	98
510	98
514	98
526	98
532	98
535	98
544	98
577	98
626	98
628	98
649	98
652	98
664	98
666	98
711	98
732	98
813	98
858	98
859	98
372	100
159	104
411	104
465	104
710	104
267	105
437	105
115	106
342	106
609	106
850	106
201	113
215	113
230	113
240	113
264	113
265	113
274	113
275	113
281	113
292	113
293	113
299	113
316	113
364	113
367	113
419	113
444	113
449	113
467	113
469	113
490	113
514	113
585	113
586	113
604	113
629	113
641	113
666	113
672	113
727	113
770	113
834	113
152	114
609	115
850	115
188	116
329	116
528	116
828	116
330	119
340	119
348	119
380	119
694	119
724	119
744	119
286	120
129	121
280	122
347	122
721	122
773	122
775	122
868	122
305	123
785	123
197	125
232	125
328	125
338	125
391	125
438	125
469	125
502	125
510	125
526	125
535	125
626	125
628	125
711	125
813	125
859	125
532	131
742	135
241	137
159	138
184	138
229	138
295	138
343	138
351	138
365	138
411	138
464	138
465	138
487	138
633	138
681	138
710	138
716	138
764	138
770	138
798	138
812	138
485	139
497	139
772	139
775	139
870	139
650	141
631	145
652	145
844	145
734	146
220	147
274	147
331	147
401	147
471	147
505	147
514	147
524	147
655	147
686	147
718	147
810	147
834	147
840	147
175	149
180	149
192	149
199	149
431	149
495	149
583	149
615	149
636	149
762	149
296	150
787	150
345	153
443	154
459	154
698	154
773	154
839	154
855	154
868	154
567	157
184	159
295	159
343	159
351	159
365	159
411	159
464	159
465	159
487	159
633	159
669	159
681	159
710	159
716	159
764	159
798	159
812	159
252	160
312	160
787	160
832	160
500	161
506	161
225	162
325	162
498	162
556	162
782	162
833	162
839	162
277	164
402	164
620	164
168	165
314	165
528	165
269	167
409	167
706	167
314	168
528	168
418	170
667	171
486	173
180	175
192	175
199	175
431	175
495	175
583	175
615	175
636	175
762	175
241	177
339	177
473	177
494	177
553	177
620	177
692	177
493	178
496	178
570	178
612	178
616	178
625	178
192	180
199	180
431	180
495	180
583	180
615	180
636	180
705	180
762	180
295	184
343	184
351	184
365	184
411	184
464	184
465	184
487	184
633	184
681	184
710	184
716	184
764	184
798	184
812	184
826	185
242	188
329	188
528	188
495	192
583	192
615	192
292	193
513	193
828	193
851	193
631	195
652	195
770	195
795	195
844	195
232	197
328	197
338	197
391	197
438	197
469	197
502	197
510	197
526	197
535	197
544	197
577	197
626	197
628	197
761	197
813	197
858	197
859	197
431	199
495	199
583	199
615	199
705	199
762	199
388	200
473	200
220	201
230	201
264	201
265	201
274	201
275	201
281	201
299	201
364	201
367	201
419	201
444	201
449	201
467	201
469	201
490	201
505	201
514	201
530	201
568	201
575	201
585	201
586	201
604	201
629	201
649	201
664	201
666	201
672	201
727	201
732	201
810	201
834	201
503	202
606	202
755	202
742	205
323	211
445	211
607	211
683	211
312	213
386	213
680	213
842	213
236	214
567	216
804	216
274	218
371	218
469	218
834	218
250	220
259	220
274	220
289	220
331	220
371	220
401	220
471	220
489	220
505	220
509	220
514	220
524	220
563	220
575	220
587	220
619	220
649	220
655	220
664	220
686	220
718	220
732	220
783	220
803	220
810	220
834	220
840	220
624	222
325	225
498	225
556	225
631	225
652	225
782	225
833	225
844	225
295	229
764	229
812	229
264	230
265	230
274	230
281	230
299	230
364	230
419	230
444	230
449	230
467	230
469	230
490	230
514	230
530	230
585	230
586	230
604	230
629	230
666	230
672	230
727	230
776	230
834	230
328	232
338	232
391	232
438	232
502	232
510	232
526	232
535	232
544	232
577	232
626	232
628	232
813	232
858	232
859	232
310	233
548	233
758	233
430	235
305	236
467	236
565	236
585	236
864	236
338	239
530	240
339	241
473	241
494	241
553	241
692	241
695	241
290	243
360	243
511	244
717	245
334	246
661	246
750	247
278	248
292	248
342	248
739	248
418	249
259	250
289	250
331	250
401	250
471	250
489	250
509	250
587	250
619	250
649	250
655	250
664	250
732	250
783	250
810	250
840	250
832	252
416	253
305	257
616	258
715	258
509	259
514	259
649	259
655	259
664	259
810	259
840	259
305	261
296	262
551	263
274	264
275	264
281	264
293	264
299	264
364	264
371	264
419	264
444	264
449	264
467	264
469	264
490	264
514	264
530	264
568	264
585	264
586	264
604	264
629	264
666	264
672	264
709	264
727	264
770	264
817	264
834	264
275	265
444	265
477	265
586	265
672	265
727	265
409	269
706	269
275	274
281	274
299	274
316	274
331	274
364	274
371	274
419	274
444	274
449	274
467	274
490	274
514	274
530	274
563	274
585	274
586	274
604	274
629	274
655	274
666	274
732	274
770	274
810	274
834	274
840	274
281	275
444	275
467	275
490	275
567	275
585	275
604	275
666	275
834	275
620	277
342	278
422	278
449	278
532	278
739	278
347	280
721	280
773	280
775	280
868	280
289	281
299	281
331	281
364	281
419	281
444	281
449	281
467	281
469	281
490	281
505	281
514	281
585	281
586	281
597	281
604	281
629	281
649	281
666	281
810	281
834	281
298	284
550	284
700	284
331	289
401	289
471	289
489	289
509	289
619	289
649	289
655	289
664	289
732	289
783	289
803	289
810	289
840	289
356	290
360	290
375	290
386	290
639	290
696	290
449	292
469	292
513	292
628	292
851	292
364	293
444	293
467	293
490	293
585	293
604	293
727	293
343	295
351	295
365	295
411	295
464	295
465	295
470	295
487	295
633	295
681	295
710	295
716	295
764	295
770	295
798	295
812	295
493	296
787	296
550	298
700	298
364	299
367	299
419	299
444	299
449	299
467	299
471	299
490	299
514	299
575	299
586	299
604	299
649	299
666	299
672	299
727	299
810	299
834	299
840	299
759	305
359	310
839	310
514	311
748	311
680	312
832	312
842	312
528	314
847	314
444	316
467	316
490	316
445	323
607	323
683	323
498	325
556	325
782	325
833	325
391	328
438	328
469	328
526	328
535	328
544	328
545	328
577	328
626	328
628	328
649	328
750	328
813	328
859	328
528	329
828	329
340	330
348	330
380	330
694	330
724	330
744	330
401	331
471	331
505	331
509	331
514	331
524	331
619	331
649	331
655	331
664	331
686	331
718	331
732	331
783	331
803	331
810	331
834	331
840	331
661	334
391	338
502	338
510	338
526	338
535	338
577	338
626	338
813	338
859	338
473	339
494	339
553	339
586	339
620	339
692	339
348	340
380	340
694	340
724	340
744	340
442	342
449	342
739	342
770	342
365	343
407	343
411	343
464	343
465	343
487	343
633	343
681	343
710	343
764	343
798	343
812	343
721	347
773	347
775	347
868	347
380	348
694	348
724	348
744	348
808	349
365	351
411	351
464	351
465	351
470	351
487	351
633	351
681	351
710	351
716	351
764	351
812	351
671	353
375	356
386	356
639	356
696	356
428	357
501	358
419	364
444	364
449	364
467	364
490	364
514	364
585	364
586	364
604	364
629	364
666	364
727	364
834	364
411	365
464	365
465	365
487	365
633	365
681	365
710	365
716	365
764	365
770	365
798	365
812	365
449	367
467	367
490	367
604	367
641	367
727	367
769	367
469	371
490	371
514	371
649	371
666	371
718	371
810	371
834	371
531	374
377	375
696	375
766	375
802	375
696	377
766	377
802	377
704	378
694	380
724	380
744	380
401	381
471	381
524	381
686	381
718	381
810	381
842	386
461	387
560	387
473	388
418	389
773	390
775	390
839	390
868	390
438	391
469	391
502	391
510	391
526	391
535	391
544	391
577	391
626	391
628	391
761	391
813	391
858	391
859	391
471	401
505	401
509	401
524	401
619	401
649	401
655	401
664	401
686	401
718	401
732	401
783	401
810	401
840	401
597	402
629	402
681	407
706	409
464	411
465	411
487	411
633	411
669	411
681	411
710	411
716	411
764	411
798	411
812	411
444	419
449	419
467	419
469	419
490	419
514	419
585	419
586	419
604	419
629	419
649	419
666	419
672	419
732	419
770	419
817	419
834	419
476	423
674	423
495	431
583	431
615	431
636	431
762	431
510	438
526	438
535	438
544	438
577	438
626	438
628	438
813	438
858	438
859	438
739	442
459	443
698	443
773	443
839	443
855	443
868	443
449	444
467	444
490	444
514	444
530	444
585	444
586	444
604	444
629	444
666	444
672	444
709	444
727	444
770	444
776	444
834	444
607	445
683	445
501	448
467	449
469	449
490	449
514	449
530	449
532	449
585	449
586	449
591	449
604	449
627	449
641	449
666	449
672	449
739	449
770	449
818	449
729	452
457	453
472	455
698	459
773	459
775	459
839	459
855	459
868	459
560	461
465	464
487	464
633	464
669	464
681	464
710	464
716	464
764	464
770	464
798	464
812	464
487	465
633	465
669	465
681	465
710	465
716	465
764	465
798	465
812	465
469	467
490	467
514	467
585	467
586	467
604	467
626	467
627	467
629	467
641	467
666	467
672	467
709	467
727	467
770	467
746	468
514	469
530	469
532	469
535	469
585	469
597	469
604	469
626	469
627	469
628	469
649	469
666	469
711	469
770	469
859	469
798	470
812	470
505	471
509	471
514	471
575	471
619	471
649	471
655	471
664	471
686	471
718	471
732	471
783	471
810	471
834	471
840	471
649	472
664	472
803	472
494	473
553	473
586	473
620	473
692	473
674	476
547	481
497	485
772	485
775	485
855	485
868	485
870	485
633	487
681	487
710	487
716	487
764	487
770	487
798	487
812	487
505	489
509	489
514	489
537	489
619	489
649	489
655	489
664	489
732	489
783	489
810	489
514	490
575	490
585	490
586	490
591	490
604	490
629	490
666	490
672	490
709	490
727	490
817	490
834	490
570	493
616	493
625	493
787	493
553	494
620	494
692	494
583	495
615	495
636	495
570	496
612	496
616	496
625	496
772	497
773	497
775	497
855	497
868	497
870	497
556	498
782	498
833	498
564	499
510	502
526	502
535	502
577	502
626	502
628	502
813	502
859	502
606	503
755	503
509	505
514	505
649	505
655	505
664	505
718	505
732	505
810	505
840	505
600	508
701	508
862	508
514	509
524	509
619	509
649	509
655	509
664	509
732	509
783	509
803	509
810	509
840	509
526	510
535	510
544	510
577	510
626	510
813	510
858	510
859	510
528	513
828	513
851	513
537	514
585	514
586	514
604	514
629	514
649	514
655	514
664	514
666	514
732	514
783	514
803	514
810	514
834	514
840	514
547	517
733	517
563	521
718	521
810	521
655	524
686	524
718	524
810	524
535	526
544	526
577	526
626	526
628	526
761	526
813	526
858	526
859	526
765	528
828	528
586	530
604	530
666	530
834	530
649	532
711	532
544	535
577	535
626	535
628	535
761	535
813	535
858	535
859	535
732	537
577	544
626	544
628	544
813	544
858	544
859	544
733	547
758	547
671	548
672	549
700	550
586	553
620	553
692	553
782	556
833	556
780	557
811	557
718	563
810	563
834	563
612	570
616	570
625	570
585	575
626	577
813	577
858	577
859	577
741	578
750	578
757	578
615	583
636	583
705	583
762	583
586	585
604	585
666	585
672	585
727	585
604	586
620	586
629	586
649	586
666	586
672	586
727	586
834	586
605	587
619	587
649	587
664	587
732	587
810	587
818	587
636	588
770	591
739	597
701	600
862	600
741	602
750	602
757	602
629	604
649	604
655	604
664	604
666	604
672	604
727	604
770	604
776	604
810	604
817	604
834	604
755	606
683	607
841	608
850	609
616	612
625	612
636	615
705	615
762	615
625	616
715	616
649	619
655	619
664	619
732	619
783	619
803	619
810	619
840	619
647	621
713	621
720	621
842	621
733	623
628	626
761	626
813	626
858	626
859	626
813	628
858	628
859	628
666	629
770	629
817	629
834	629
652	631
770	631
795	631
844	631
681	633
710	633
764	633
798	633
812	633
713	647
720	647
655	649
664	649
666	649
711	649
732	649
783	649
803	649
810	649
840	649
800	651
770	652
795	652
844	652
664	655
686	655
718	655
732	655
783	655
803	655
810	655
834	655
840	655
759	660
732	664
783	664
803	664
810	664
840	664
672	666
727	666
770	666
817	666
834	666
727	672
818	672
848	672
842	680
710	681
764	681
798	681
812	681
718	686
810	686
840	686
724	694
744	694
766	696
802	696
773	698
775	698
839	698
855	698
868	698
862	701
716	710
764	710
770	710
798	710
812	710
720	713
842	713
764	716
812	716
810	718
834	718
840	718
842	720
773	721
775	721
868	721
744	724
783	732
803	732
810	732
758	733
784	739
750	741
757	741
757	750
832	759
813	761
798	764
812	764
828	765
802	766
795	770
812	770
834	770
844	770
773	772
775	772
855	772
868	772
870	772
775	773
839	773
855	773
868	773
870	773
839	775
855	775
868	775
870	775
811	780
833	782
803	783
810	783
844	795
812	798
810	803
834	810
840	810
858	813
859	813
834	817
851	828
840	834
855	839
868	839
868	855
870	855
859	858
870	868
