0	334
0	449
4	348
4	650
7	564
11	692
14	285
14	565
15	26
15	57
15	80
15	114
15	121
15	130
15	170
15	217
15	302
15	308
15	362
15	371
15	407
15	507
15	533
15	589
15	601
15	718
15	781
15	810
20	33
20	106
20	176
20	227
20	364
20	409
20	493
20	546
21	29
21	31
21	52
21	99
21	103
21	130
21	177
21	190
21	256
21	301
21	335
21	340
21	389
21	414
21	435
21	457
21	484
21	494
21	530
21	549
21	567
21	606
21	628
21	633
21	686
21	696
21	765
26	31
26	57
26	68
26	97
26	103
26	114
26	130
26	170
26	183
26	190
26	293
26	301
26	302
26	335
26	338
26	340
26	414
26	419
26	435
26	457
26	484
26	528
26	549
26	567
26	589
26	590
26	601
26	606
26	610
26	633
26	669
26	696
26	765
26	772
26	777
26	810
27	174
27	270
27	610
29	31
29	52
29	99
29	103
29	130
29	177
29	190
29	256
29	301
29	335
29	414
29	435
29	457
29	484
29	549
29	567
29	628
29	633
29	686
29	696
30	282
30	434
30	449
31	44
31	52
31	99
31	103
31	177
31	183
31	190
31	195
31	256
31	301
31	335
31	340
31	389
31	414
31	419
31	435
31	457
31	472
31	484
31	549
31	567
31	606
31	610
31	628
31	633
31	695
31	696
31	765
31	777
31	782
33	106
33	176
33	227
33	364
33	409
33	493
34	475
34	563
34	813
39	731
41	83
41	180
41	323
41	400
41	455
41	462
41	474
41	657
42	291
44	128
44	195
44	301
44	476
44	484
44	567
44	582
44	601
44	610
44	739
44	772
44	777
47	115
47	127
47	141
47	289
47	374
47	395
47	427
47	641
47	656
47	679
47	713
47	732
47	747
47	748
47	806
49	520
52	99
52	103
52	183
52	190
52	256
52	301
52	335
52	340
52	414
52	435
52	457
52	549
52	567
52	606
52	628
52	633
52	696
53	571
54	318
54	535
56	79
56	167
56	246
56	250
56	463
56	532
56	588
56	621
56	682
56	742
57	97
57	114
57	130
57	362
57	451
57	589
57	781
57	810
58	126
58	172
58	173
58	275
58	300
58	314
58	322
58	433
58	438
58	454
58	596
58	668
58	673
58	768
59	85
59	168
59	345
62	267
67	302
68	103
68	313
68	419
68	496
68	610
68	697
68	772
69	208
69	270
69	456
69	476
69	610
71	429
71	523
77	304
77	311
77	652
79	167
79	250
79	463
79	532
79	575
79	579
79	588
80	114
80	130
80	170
80	217
80	302
80	308
80	362
80	371
80	401
80	407
80	507
80	589
80	630
80	718
80	781
80	810
83	180
83	323
83	400
83	455
83	462
83	474
83	657
85	168
85	345
87	219
87	237
87	784
88	236
90	342
90	777
91	404
93	433
93	668
97	130
97	293
97	451
98	761
99	103
99	130
99	177
99	183
99	190
99	208
99	256
99	301
99	305
99	335
99	389
99	414
99	419
99	435
99	457
99	484
99	528
99	533
99	567
99	606
99	628
99	633
99	686
99	696
99	765
99	772
99	777
99	782
103	130
103	177
103	183
103	190
103	202
103	256
103	301
103	335
103	338
103	340
103	389
103	414
103	419
103	435
103	457
103	484
103	528
103	549
103	567
103	592
103	606
103	628
103	633
103	686
103	696
103	772
106	176
106	364
106	493
107	425
112	282
112	741
113	154
113	223
113	664
113	751
114	130
114	170
114	217
114	302
114	308
114	362
114	407
114	589
114	601
114	669
114	781
114	810
115	127
115	395
115	641
115	713
115	732
115	806
119	142
124	701
126	172
126	173
126	275
126	300
126	314
126	322
126	433
126	454
126	596
126	668
126	673
126	768
127	395
127	641
127	713
127	732
128	132
128	195
128	208
128	270
128	305
128	389
128	456
128	472
128	476
128	480
128	483
128	484
128	515
128	582
128	601
128	610
128	728
128	739
128	772
129	611
130	177
130	183
130	190
130	217
130	256
130	293
130	301
130	302
130	335
130	338
130	362
130	389
130	414
130	419
130	435
130	457
130	484
130	512
130	533
130	544
130	549
130	557
130	567
130	589
130	590
130	592
130	606
130	628
130	633
130	669
130	686
130	696
130	718
130	765
130	772
130	777
130	781
130	782
130	810
131	647
132	195
132	208
132	270
132	301
132	472
132	476
132	480
132	582
132	610
132	728
132	739
136	191
136	469
136	569
136	712
140	317
141	427
141	656
141	747
141	748
141	806
143	328
143	332
143	576
143	603
145	414
145	606
151	259
151	583
151	735
152	493
154	223
154	664
154	751
158	388
162	453
166	516
166	583
166	651
166	805
167	250
167	463
167	532
167	575
167	579
167	588
168	345
170	179
170	217
170	302
170	308
170	362
170	371
170	401
170	407
170	507
170	589
170	630
170	718
170	781
170	810
172	173
172	275
172	300
172	314
172	322
172	433
172	454
172	596
172	668
172	673
172	768
173	275
173	300
173	314
173	322
173	433
173	454
173	596
173	668
173	673
173	768
176	227
176	364
176	409
176	493
177	183
177	190
177	256
177	301
177	335
177	389
177	414
177	419
177	435
177	457
177	484
177	528
177	549
177	567
177	606
177	628
177	633
177	685
177	696
177	772
177	782
179	308
179	371
179	407
179	589
180	455
180	462
182	364
182	802
183	190
183	256
183	301
183	335
183	340
183	341
183	389
183	414
183	419
183	435
183	457
183	494
183	528
183	549
183	567
183	606
183	628
183	696
183	772
183	782
184	613
189	358
190	195
190	208
190	256
190	301
190	335
190	338
190	340
190	389
190	414
190	419
190	435
190	457
190	472
190	484
190	494
190	530
190	549
190	567
190	592
190	606
190	610
190	628
190	633
190	686
190	696
190	765
190	777
190	782
191	315
191	469
191	569
191	712
195	208
195	256
195	270
195	389
195	440
195	472
195	476
195	480
195	483
195	484
195	496
195	515
195	567
195	582
195	601
195	606
195	610
195	696
195	728
195	739
195	772
195	777
195	782
196	497
199	702
200	288
200	355
200	794
208	256
208	270
208	301
208	305
208	341
208	456
208	472
208	476
208	480
208	483
208	515
208	525
208	582
208	610
208	675
208	696
208	728
208	739
208	772
208	777
209	423
213	241
217	302
217	308
217	362
217	371
217	407
217	507
217	589
217	781
217	810
218	511
219	237
219	784
221	282
221	435
221	527
221	549
221	815
223	664
227	364
227	409
228	332
232	254
232	376
232	709
233	313
233	697
237	784
239	488
242	282
243	579
243	672
250	463
250	532
250	575
250	579
250	588
250	621
250	742
254	302
254	376
254	542
254	565
254	700
254	709
256	301
256	305
256	335
256	340
256	341
256	389
256	414
256	419
256	435
256	457
256	484
256	494
256	525
256	533
256	549
256	567
256	592
256	606
256	628
256	696
256	782
259	583
259	735
270	305
270	456
270	476
270	480
270	483
270	515
270	582
270	610
270	696
270	728
270	739
270	772
275	300
275	314
275	322
275	433
275	438
275	454
275	596
275	668
275	673
275	768
281	362
282	497
282	716
283	704
284	316
288	355
288	784
288	794
289	374
289	679
289	732
291	746
293	610
297	415
297	570
297	642
299	519
299	738
300	314
300	322
300	433
300	438
300	454
300	596
300	668
300	673
300	768
301	335
301	338
301	340
301	389
301	414
301	419
301	435
301	457
301	472
301	484
301	494
301	528
301	533
301	544
301	549
301	567
301	592
301	606
301	610
301	628
301	633
301	686
301	696
301	765
301	772
301	777
301	782
302	308
302	362
302	376
302	407
302	507
302	508
302	589
302	601
302	610
302	709
302	781
302	810
304	311
304	652
305	472
305	476
305	483
305	484
305	582
305	610
305	675
305	696
305	728
305	739
305	772
306	566
308	362
308	371
308	407
308	507
308	589
308	781
308	810
311	652
313	419
313	697
314	378
314	433
314	454
314	596
314	668
314	768
315	469
315	569
315	712
318	535
322	433
322	438
322	454
322	596
322	668
322	673
322	768
323	400
323	455
323	462
323	474
323	657
328	345
328	603
330	559
332	576
332	603
335	340
335	389
335	414
335	419
335	435
335	457
335	528
335	549
335	567
335	592
335	606
335	628
335	686
335	696
335	765
335	777
335	782
338	419
338	435
338	457
338	528
338	567
338	606
338	686
340	389
340	414
340	419
340	435
340	457
340	484
340	549
340	567
340	592
340	606
340	628
340	696
340	765
340	777
340	782
341	457
341	533
341	610
341	628
341	675
341	696
341	777
343	430
343	497
348	650
352	675
355	794
359	388
360	732
360	747
362	371
362	401
362	407
362	507
362	589
362	630
362	718
362	781
362	810
364	409
364	493
364	802
371	407
371	589
371	781
371	810
374	679
374	732
376	450
376	542
376	565
376	700
376	709
385	459
389	414
389	419
389	435
389	457
389	484
389	528
389	549
389	557
389	567
389	592
389	606
389	610
389	628
389	633
389	695
389	696
389	728
389	772
389	777
392	444
392	634
393	783
395	641
395	713
395	732
395	806
400	455
400	462
400	474
400	657
401	407
401	507
401	589
407	507
407	589
407	781
407	810
409	493
409	546
414	419
414	435
414	457
414	484
414	494
414	528
414	549
414	567
414	592
414	606
414	628
414	633
414	686
414	696
414	765
414	777
414	782
415	570
415	642
417	428
417	760
418	559
419	435
419	457
419	484
419	494
419	496
419	528
419	549
419	555
419	567
419	590
419	606
419	628
419	633
419	696
419	697
419	772
419	774
419	777
421	688
424	440
424	699
427	656
427	732
427	747
427	748
427	806
428	760
429	523
433	454
433	596
433	668
433	673
433	768
435	457
435	484
435	528
435	549
435	567
435	589
435	590
435	592
435	606
435	628
435	633
435	686
435	696
435	765
435	772
435	782
436	705
438	768
440	610
440	699
444	634
446	725
448	646
450	554
450	709
454	596
454	668
454	673
454	768
455	462
455	474
455	657
456	472
456	476
456	483
456	484
456	500
456	515
456	582
456	610
456	696
456	728
456	739
456	772
457	484
457	528
457	549
457	555
457	567
457	592
457	606
457	628
457	633
457	686
457	696
457	777
457	782
462	474
462	657
463	532
463	575
463	579
463	588
469	569
469	712
472	476
472	483
472	484
472	515
472	610
472	675
472	696
472	728
472	772
472	777
474	657
475	563
475	813
476	480
476	483
476	515
476	582
476	601
476	610
476	696
476	728
476	739
476	772
476	777
480	483
480	582
480	606
480	610
480	728
480	739
483	484
483	582
483	610
483	696
483	728
483	739
483	772
483	777
484	500
484	528
484	544
484	567
484	601
484	606
484	610
484	628
484	633
484	686
484	695
484	696
484	728
484	765
484	772
484	777
484	782
486	691
489	525
489	675
489	696
494	567
494	606
494	628
494	696
494	777
496	601
496	610
496	669
500	772
506	699
507	589
507	630
507	781
507	810
511	632
512	633
515	582
515	610
515	696
515	728
516	583
516	651
516	805
517	528
519	738
525	675
525	696
528	549
528	567
528	606
528	628
528	685
528	696
528	765
528	782
532	575
532	579
532	588
533	557
533	590
533	697
533	708
540	709
542	700
542	709
544	567
544	610
544	772
544	777
549	567
549	606
549	628
549	633
549	686
549	696
549	765
549	777
549	782
563	813
565	621
565	700
565	709
567	592
567	606
567	610
567	628
567	633
567	686
567	695
567	696
567	765
567	777
567	782
569	712
570	642
575	579
575	588
576	603
579	588
579	672
582	601
582	610
582	696
582	728
582	739
583	735
584	607
584	671
584	794
589	630
589	718
589	781
589	810
592	606
592	628
592	696
592	765
592	777
596	668
596	673
596	768
601	610
601	728
601	739
606	610
606	628
606	633
606	686
606	696
606	728
606	765
606	772
606	777
606	782
607	671
610	628
610	669
610	695
610	696
610	728
610	739
610	772
610	777
610	782
628	633
628	685
628	686
628	695
628	696
628	765
628	777
628	782
628	803
630	810
633	686
633	696
633	765
633	774
641	713
641	732
641	806
651	805
654	684
656	732
656	747
656	748
656	806
657	663
664	751
668	673
668	768
671	794
673	768
675	696
675	772
679	732
685	696
686	696
686	765
689	808
695	696
695	728
695	777
696	728
696	765
696	772
696	777
696	782
697	740
700	709
713	732
713	742
713	806
716	784
728	739
728	772
732	747
732	748
732	806
739	772
739	777
747	748
747	806
748	806
765	777
772	777
772	803
777	782
781	807
781	810
782	803
334	0
449	0
348	4
650	4
564	7
692	11
285	14
565	14
26	15
57	15
80	15
114	15
121	15
130	15
170	15
217	15
302	15
308	15
362	15
371	15
407	15
507	15
533	15
589	15
601	15
718	15
781	15
810	15
33	20
106	20
176	20
227	20
364	20
409	20
493	20
546	20
29	21
31	21
52	21
99	21
103	21
130	21
177	21
190	21
256	21
301	21
335	21
340	21
389	21
414	21
435	21
457	21
484	21
494	21
530	21
549	21
567	21
606	21
628	21
633	21
686	21
696	21
765	21
31	26
57	26
68	26
97	26
103	26
114	26
130	26
170	26
183	26
190	26
293	26
301	26
302	26
335	26
338	26
340	26
414	26
419	26
435	26
457	26
484	26
528	26
549	26
567	26
589	26
590	26
601	26
606	26
610	26
633	26
669	26
696	26
765	26
772	26
777	26
810	26
174	27
270	27
610	27
31	29
52	29
99	29
103	29
130	29
177	29
190	29
256	29
301	29
335	29
414	29
435	29
457	29
484	29
549	29
567	29
628	29
633	29
686	29
696	29
282	30
434	30
449	30
44	31
52	31
99	31
103	31
177	31
183	31
190	31
195	31
256	31
301	31
335	31
340	31
389	31
414	31
419	31
435	31
457	31
472	31
484	31
549	31
567	31
606	31
610	31
628	31
633	31
695	31
696	31
765	31
777	31
782	31
106	33
176	33
227	33
364	33
409	33
493	33
475	34
563	34
813	34
731	39
83	41
180	41
323	41
400	41
455	41
462	41
474	41
657	41
291	42
128	44
195	44
301	44
476	44
484	44
567	44
582	44
601	44
610	44
739	44
772	44
777	44
115	47
127	47
141	47
289	47
374	47
395	47
427	47
641	47
656	47
679	47
713	47
732	47
747	47
748	47
806	47
520	49
99	52
103	52
183	52
190	52
256	52
301	52
335	52
340	52
414	52
435	52
457	52
549	52
567	52
606	52
628	52
633	52
696	52
571	53
318	54
535	54
79	56
167	56
246	56
250	56
463	56
532	56
588	56
621	56
682	56
742	56
97	57
114	57
130	57
362	57
451	57
589	57
781	57
810	57
126	58
172	58
173	58
275	58
300	58
314	58
322	58
433	58
438	58
454	58
596	58
668	58
673	58
768	58
85	59
168	59
345	59
267	62
302	67
103	68
313	68
419	68
496	68
610	68
697	68
772	68
208	69
270	69
456	69
476	69
610	69
429	71
523	71
304	77
311	77
652	77
167	79
250	79
463	79
532	79
575	79
579	79
588	79
114	80
130	80
170	80
217	80
302	80
308	80
362	80
371	80
401	80
407	80
507	80
589	80
630	80
718	80
781	80
810	80
180	83
323	83
400	83
455	83
462	83
474	83
657	83
168	85
345	85
219	87
237	87
784	87
236	88
342	90
777	90
404	91
433	93
668	93
130	97
293	97
451	97
761	98
103	99
130	99
177	99
183	99
190	99
208	99
256	99
301	99
305	99
335	99
389	99
414	99
419	99
435	99
457	99
484	99
528	99
533	99
567	99
606	99
628	99
633	99
686	99
696	99
765	99
772	99
777	99
782	99
130	103
177	103
183	103
190	103
202	103
256	103
301	103
335	103
338	103
340	103
389	103
414	103
419	103
435	103
457	103
484	103
528	103
549	103
567	103
592	103
606	103
628	103
633	103
686	103
696	103
772	103
176	106
364	106
493	106
425	107
282	112
741	112
154	113
223	113
664	113
751	113
130	114
170	114
217	114
302	114
308	114
362	114
407	114
589	114
601	114
669	114
781	114
810	114
127	115
395	115
641	115
713	115
732	115
806	115
142	119
701	124
172	126
173	126
275	126
300	126
314	126
322	126
433	126
454	126
596	126
668	126
673	126
768	126
395	127
641	127
713	127
732	127
132	128
195	128
208	128
270	128
305	128
389	128
456	128
472	128
476	128
480	128
483	128
484	128
515	128
582	128
601	128
610	128
728	128
739	128
772	128
611	129
177	130
183	130
190	130
217	130
256	130
293	130
301	130
302	130
335	130
338	130
362	130
389	130
414	130
419	130
435	130
457	130
484	130
512	130
533	130
544	130
549	130
557	130
567	130
589	130
590	130
592	130
606	130
628	130
633	130
669	130
686	130
696	130
718	130
765	130
772	130
777	130
781	130
782	130
810	130
647	131
195	132
208	132
270	132
301	132
472	132
476	132
480	132
582	132
610	132
728	132
739	132
191	136
469	136
569	136
712	136
317	140
427	141
656	141
747	141
748	141
806	141
328	143
332	143
576	143
603	143
414	145
606	145
259	151
583	151
735	151
493	152
223	154
664	154
751	154
388	158
453	162
516	166
583	166
651	166
805	166
250	167
463	167
532	167
575	167
579	167
588	167
345	168
179	170
217	170
302	170
308	170
362	170
371	170
401	170
407	170
507	170
589	170
630	170
718	170
781	170
810	170
173	172
275	172
300	172
314	172
322	172
433	172
454	172
596	172
668	172
673	172
768	172
275	173
300	173
314	173
322	173
433	173
454	173
596	173
668	173
673	173
768	173
227	176
364	176
409	176
493	176
183	177
190	177
256	177
301	177
335	177
389	177
414	177
419	177
435	177
457	177
484	177
528	177
549	177
567	177
606	177
628	177
633	177
685	177
696	177
772	177
782	177
308	179
371	179
407	179
589	179
455	180
462	180
364	182
802	182
190	183
256	183
301	183
335	183
340	183
341	183
389	183
414	183
419	183
435	183
457	183
494	183
528	183
549	183
567	183
606	183
628	183
696	183
772	183
782	183
613	184
358	189
195	190
208	190
256	190
301	190
335	190
338	190
340	190
389	190
414	190
419	190
435	190
457	190
472	190
484	190
494	190
530	190
549	190
567	190
592	190
606	190
610	190
628	190
633	190
686	190
696	190
765	190
777	190
782	190
315	191
469	191
569	191
712	191
208	195
256	195
270	195
389	195
440	195
472	195
476	195
480	195
483	195
484	195
496	195
515	195
567	195
582	195
601	195
606	195
610	195
696	195
728	195
739	195
772	195
777	195
782	195
497	196
702	199
288	200
355	200
794	200
256	208
270	208
301	208
305	208
341	208
456	208
472	208
476	208
480	208
483	208
515	208
525	208
582	208
610	208
675	208
696	208
728	208
739	208
772	208
777	208
423	209
241	213
302	217
308	217
362	217
371	217
407	217
507	217
589	217
781	217
810	217
511	218
237	219
784	219
282	221
435	221
527	221
549	221
815	221
664	223
364	227
409	227
332	228
254	232
376	232
709	232
313	233
697	233
784	237
488	239
282	242
579	243
672	243
463	250
532	250
575	250
579	250
588	250
621	250
742	250
302	254
376	254
542	254
565	254
700	254
709	254
301	256
305	256
335	256
340	256
341	256
389	256
414	256
419	256
435	256
457	256
484	256
494	256
525	256
533	256
549	256
567	256
592	256
606	256
628	256
696	256
782	256
583	259
735	259
305	270
456	270
476	270
480	270
483	270
515	270
582	270
610	270
696	270
728	270
739	270
772	270
300	275
314	275
322	275
433	275
438	275
454	275
596	275
668	275
673	275
768	275
362	281
497	282
716	282
704	283
316	284
355	288
784	288
794	288
374	289
679	289
732	289
746	291
610	293
415	297
570	297
642	297
519	299
738	299
314	300
322	300
433	300
438	300
454	300
596	300
668	300
673	300
768	300
335	301
338	301
340	301
389	301
414	301
419	301
435	301
457	301
472	301
484	301
494	301
528	301
533	301
544	301
549	301
567	301
592	301
606	301
610	301
628	301
633	301
686	301
696	301
765	301
772	301
777	301
782	301
308	302
362	302
376	302
407	302
507	302
508	302
589	302
601	302
610	302
709	302
781	302
810	302
311	304
652	304
472	305
476	305
483	305
484	305
582	305
610	305
675	305
696	305
728	305
739	305
772	305
566	306
362	308
371	308
407	308
507	308
589	308
781	308
810	308
652	311
419	313
697	313
378	314
433	314
454	314
596	314
668	314
768	314
469	315
569	315
712	315
535	318
433	322
438	322
454	322
596	322
668	322
673	322
768	322
400	323
455	323
462	323
474	323
657	323
345	328
603	328
559	330
576	332
603	332
340	335
389	335
414	335
419	335
435	335
457	335
528	335
549	335
567	335
592	335
606	335
628	335
686	335
696	335
765	335
777	335
782	335
419	338
435	338
457	338
528	338
567	338
606	338
686	338
389	340
414	340
419	340
435	340
457	340
484	340
549	340
567	340
592	340
606	340
628	340
696	340
765	340
777	340
782	340
457	341
533	341
610	341
628	341
675	341
696	341
777	341
430	343
497	343
650	348
675	352
794	355
388	359
732	360
747	360
371	362
401	362
407	362
507	362
589	362
630	362
718	362
781	362
810	362
409	364
493	364
802	364
407	371
589	371
781	371
810	371
679	374
732	374
450	376
542	376
565	376
700	376
709	376
459	385
414	389
419	389
435	389
457	389
484	389
528	389
549	389
557	389
567	389
592	389
606	389
610	389
628	389
633	389
695	389
696	389
728	389
772	389
777	389
444	392
634	392
783	393
641	395
713	395
732	395
806	395
455	400
462	400
474	400
657	400
407	401
507	401
589	401
507	407
589	407
781	407
810	407
493	409
546	409
419	414
435	414
457	414
484	414
494	414
528	414
549	414
567	414
592	414
606	414
628	414
633	414
686	414
696	414
765	414
777	414
782	414
570	415
642	415
428	417
760	417
559	418
435	419
457	419
484	419
494	419
496	419
528	419
549	419
555	419
567	419
590	419
606	419
628	419
633	419
696	419
697	419
772	419
774	419
777	419
688	421
440	424
699	424
656	427
732	427
747	427
748	427
806	427
760	428
523	429
454	433
596	433
668	433
673	433
768	433
457	435
484	435
528	435
549	435
567	435
589	435
590	435
592	435
606	435
628	435
633	435
686	435
696	435
765	435
772	435
782	435
705	436
768	438
610	440
699	440
634	444
725	446
646	448
554	450
709	450
596	454
668	454
673	454
768	454
462	455
474	455
657	455
472	456
476	456
483	456
484	456
500	456
515	456
582	456
610	456
696	456
728	456
739	456
772	456
484	457
528	457
549	457
555	457
567	457
592	457
606	457
628	457
633	457
686	457
696	457
777	457
782	457
474	462
657	462
532	463
575	463
579	463
588	463
569	469
712	469
476	472
483	472
484	472
515	472
610	472
675	472
696	472
728	472
772	472
777	472
657	474
563	475
813	475
480	476
483	476
515	476
582	476
601	476
610	476
696	476
728	476
739	476
772	476
777	476
483	480
582	480
606	480
610	480
728	480
739	480
484	483
582	483
610	483
696	483
728	483
739	483
772	483
777	483
500	484
528	484
544	484
567	484
601	484
606	484
610	484
628	484
633	484
686	484
695	484
696	484
728	484
765	484
772	484
777	484
782	484
691	486
525	489
675	489
696	489
567	494
606	494
628	494
696	494
777	494
601	496
610	496
669	496
772	500
699	506
589	507
630	507
781	507
810	507
632	511
633	512
582	515
610	515
696	515
728	515
583	516
651	516
805	516
528	517
738	519
675	525
696	525
549	528
567	528
606	528
628	528
685	528
696	528
765	528
782	528
575	532
579	532
588	532
557	533
590	533
697	533
708	533
709	540
700	542
709	542
567	544
610	544
772	544
777	544
567	549
606	549
628	549
633	549
686	549
696	549
765	549
777	549
782	549
813	563
621	565
700	565
709	565
592	567
606	567
610	567
628	567
633	567
686	567
695	567
696	567
765	567
777	567
782	567
712	569
642	570
579	575
588	575
603	576
588	579
672	579
601	582
610	582
696	582
728	582
739	582
735	583
607	584
671	584
794	584
630	589
718	589
781	589
810	589
606	592
628	592
696	592
765	592
777	592
668	596
673	596
768	596
610	601
728	601
739	601
610	606
628	606
633	606
686	606
696	606
728	606
765	606
772	606
777	606
782	606
671	607
628	610
669	610
695	610
696	610
728	610
739	610
772	610
777	610
782	610
633	628
685	628
686	628
695	628
696	628
765	628
777	628
782	628
803	628
810	630
686	633
696	633
765	633
774	633
713	641
732	641
806	641
805	651
684	654
732	656
747	656
748	656
806	656
663	657
751	664
673	668
768	668
794	671
768	673
696	675
772	675
732	679
696	685
696	686
765	686
808	689
696	695
728	695
777	695
728	696
765	696
772	696
777	696
782	696
740	697
709	700
732	713
742	713
806	713
784	716
739	728
772	728
747	732
748	732
806	732
772	739
777	739
748	747
806	747
806	748
777	765
777	772
803	772
782	777
807	781
810	781
803	782
