2	656
2	682
2	882
2	1009
2	1467
3	22
3	558
3	1081
4	307
4	349
4	971
4	1232
4	1515
5	739
5	1227
5	1297
5	1311
5	1489
5	1499
11	94
11	483
11	673
12	246
12	359
12	468
12	1093
12	1492
13	35
13	127
13	1283
15	1514
16	208
16	376
16	380
16	520
16	815
16	856
16	1150
16	1194
16	1250
16	1442
16	1535
18	308
18	454
18	614
18	845
18	864
18	876
18	916
18	1019
18	1263
18	1295
18	1399
18	1558
19	712
22	558
22	1081
25	707
25	1336
26	454
27	595
27	1179
29	30
29	929
29	1100
29	1130
29	1314
30	929
30	1130
30	1474
35	127
35	1283
36	1441
41	88
41	170
41	337
41	783
41	917
41	1027
41	1072
41	1086
41	1121
41	1201
42	420
42	472
42	505
42	612
42	647
42	1393
42	1443
51	427
51	468
51	1017
51	1431
51	1578
56	110
56	208
56	209
56	388
56	433
56	510
56	511
56	528
56	545
56	595
56	604
56	657
56	810
56	903
56	1074
56	1103
56	1290
56	1321
56	1342
58	495
58	1016
61	648
63	1064
63	1472
64	406
64	444
65	240
65	556
65	882
67	123
67	149
67	160
67	200
67	209
67	252
67	338
67	360
67	376
67	388
67	425
67	433
67	510
67	520
67	595
67	597
67	657
67	751
67	810
67	815
67	856
67	903
67	1036
67	1074
67	1103
67	1179
67	1188
67	1250
67	1309
67	1342
67	1404
67	1453
67	1477
67	1486
67	1509
70	696
70	1570
76	388
76	1036
77	837
77	1288
80	1042
80	1482
81	987
81	1541
82	161
82	291
82	555
82	926
83	208
83	564
84	327
88	170
88	337
88	372
88	703
88	783
88	917
88	1072
88	1086
88	1121
88	1201
91	271
91	1110
91	1182
93	1482
98	520
98	595
98	679
98	856
98	1103
98	1128
98	1188
98	1214
98	1322
98	1423
98	1486
98	1507
98	1520
101	215
101	427
101	598
101	1431
101	1578
102	222
102	233
102	292
102	725
102	768
102	804
102	834
102	893
102	1235
102	1246
102	1274
102	1298
102	1312
102	1389
102	1406
102	1410
102	1485
102	1560
102	1583
102	1586
110	160
110	208
110	209
110	376
110	388
110	433
110	510
110	528
110	545
110	595
110	657
110	810
110	903
110	1074
110	1103
110	1179
110	1250
110	1342
112	1527
113	1009
113	1157
113	1334
118	557
118	1026
121	188
121	862
121	1303
123	200
123	384
123	613
123	704
123	819
123	856
123	1250
123	1256
123	1453
123	1509
123	1566
126	326
126	389
126	620
126	932
126	1105
126	1375
127	392
128	387
128	864
128	955
132	507
132	560
132	570
132	1060
132	1100
132	1347
132	1359
132	1365
134	337
134	1072
134	1121
134	1201
142	399
142	929
143	597
145	209
145	515
145	534
145	552
145	618
145	668
145	815
145	856
145	989
145	1144
145	1174
145	1188
145	1344
145	1486
146	721
147	157
148	190
148	531
148	1188
148	1214
148	1478
148	1507
149	247
149	338
149	435
149	613
149	704
149	819
149	856
149	944
149	989
149	996
149	1188
149	1509
149	1566
150	840
150	844
153	877
153	1334
156	498
156	585
156	653
156	749
156	918
156	1030
156	1041
156	1532
160	208
160	209
160	376
160	388
160	433
160	510
160	511
160	520
160	528
160	545
160	595
160	657
160	751
160	810
160	815
160	903
160	985
160	1036
160	1074
160	1103
160	1148
160	1179
160	1250
160	1290
160	1291
160	1342
160	1404
160	1477
160	1490
160	1520
161	291
161	555
161	926
162	220
162	1253
162	1265
162	1351
166	346
166	384
166	435
166	597
166	608
166	704
166	718
166	819
166	856
166	944
166	996
166	1005
166	1220
166	1387
166	1483
166	1509
166	1566
170	337
170	372
170	783
170	917
170	1027
170	1072
170	1086
170	1121
170	1201
171	644
171	860
171	968
171	1251
171	1308
171	1478
171	1526
174	468
174	552
174	598
174	1017
174	1184
174	1431
174	1578
178	1336
179	611
179	1287
179	1307
181	307
181	440
181	483
181	546
181	1213
181	1485
181	1515
185	488
185	1061
185	1418
187	695
187	1081
188	862
188	1303
190	471
190	531
190	600
190	679
190	860
190	1018
190	1128
190	1188
190	1214
190	1251
190	1333
190	1342
190	1423
190	1478
190	1486
190	1507
190	1526
191	671
193	981
195	794
196	213
196	618
196	886
196	1281
196	1552
200	433
200	584
200	592
200	856
200	1256
200	1453
203	1470
208	209
208	252
208	376
208	388
208	433
208	510
208	511
208	520
208	528
208	545
208	595
208	600
208	657
208	751
208	810
208	815
208	856
208	903
208	1036
208	1074
208	1103
208	1148
208	1179
208	1188
208	1250
208	1290
208	1322
208	1333
208	1340
208	1342
208	1423
208	1477
208	1478
208	1511
208	1520
209	376
209	388
209	407
209	433
209	453
209	510
209	511
209	520
209	528
209	534
209	545
209	580
209	595
209	604
209	657
209	668
209	751
209	810
209	815
209	856
209	903
209	1036
209	1074
209	1103
209	1148
209	1174
209	1179
209	1250
209	1290
209	1321
209	1342
209	1404
209	1486
209	1520
213	886
213	1552
215	427
215	468
215	598
215	1017
215	1093
215	1184
215	1431
215	1578
218	821
219	385
220	1253
220	1265
220	1351
220	1585
221	905
222	725
222	1312
222	1389
222	1410
222	1583
224	583
226	264
226	348
226	573
226	778
229	556
229	1425
230	448
230	738
230	1286
231	358
231	369
231	488
231	675
231	1061
231	1339
231	1377
231	1418
233	768
233	893
233	1235
233	1246
233	1298
233	1406
233	1410
233	1560
233	1583
233	1586
240	411
240	881
240	1436
241	1113
241	1353
242	1000
243	294
245	689
245	989
245	1195
246	359
246	468
246	534
246	1093
246	1144
246	1492
250	277
250	469
252	376
252	388
252	433
252	528
252	545
252	595
252	751
252	810
252	856
252	903
252	1036
252	1074
252	1103
252	1179
252	1188
252	1214
252	1250
252	1290
252	1322
252	1340
252	1342
252	1477
252	1511
254	873
254	927
255	1062
263	877
263	1334
264	573
264	778
270	809
271	1110
271	1182
276	1336
277	469
277	573
283	884
283	991
283	1157
284	483
288	296
288	302
288	460
288	518
288	532
288	646
288	691
288	965
288	1109
288	1119
288	1172
288	1176
288	1452
289	748
291	555
292	804
292	834
292	1235
292	1274
292	1560
292	1583
293	1331
296	302
296	518
296	532
296	646
296	965
296	1109
296	1119
296	1170
296	1172
296	1176
296	1452
298	1389
298	1533
300	810
300	1179
301	350
301	594
301	740
301	847
301	898
302	518
302	532
302	646
302	691
302	965
302	1170
302	1172
302	1176
302	1452
307	349
307	440
307	483
307	546
307	677
307	971
307	1054
307	1091
307	1130
307	1213
307	1232
307	1485
307	1515
308	454
308	614
308	845
308	864
308	876
308	916
308	1019
308	1179
308	1263
308	1295
308	1399
308	1558
310	348
313	556
316	1041
319	1494
320	323
320	427
320	731
320	861
320	1017
320	1025
320	1093
320	1144
320	1498
320	1582
323	427
323	731
323	861
323	1017
323	1025
323	1144
323	1498
323	1582
326	389
326	620
326	932
326	1105
326	1375
327	625
327	1029
327	1048
330	750
333	1318
334	1361
337	372
337	703
337	783
337	917
337	1027
337	1072
337	1086
337	1121
337	1201
338	613
338	704
338	819
338	856
338	1309
338	1483
338	1509
338	1566
341	424
341	538
341	547
341	601
341	678
341	680
341	1267
341	1462
342	954
342	1542
346	384
346	435
346	597
346	608
346	704
346	718
346	819
346	944
346	996
346	1005
346	1220
346	1387
346	1483
346	1509
346	1566
348	919
349	483
349	971
349	1054
349	1232
349	1515
350	594
350	740
350	847
350	898
358	369
358	488
358	675
358	1061
358	1377
358	1418
359	468
359	1492
360	613
360	1309
361	1171
363	1009
363	1200
369	420
369	488
369	675
369	1061
369	1377
369	1418
372	917
372	1072
372	1086
372	1121
372	1201
374	912
376	388
376	510
376	520
376	528
376	545
376	595
376	657
376	751
376	810
376	815
376	903
376	985
376	1036
376	1074
376	1103
376	1179
376	1250
376	1342
376	1486
376	1511
376	1520
380	1150
380	1194
380	1404
380	1442
380	1535
381	515
381	1144
381	1498
384	435
384	597
384	608
384	613
384	704
384	718
384	819
384	856
384	944
384	996
384	1005
384	1220
384	1387
384	1483
384	1509
384	1566
385	954
385	1529
385	1542
387	864
387	955
388	433
388	510
388	511
388	520
388	528
388	545
388	595
388	657
388	751
388	810
388	815
388	856
388	903
388	985
388	1038
388	1074
388	1103
388	1148
388	1179
388	1188
388	1214
388	1250
388	1290
388	1321
388	1333
388	1342
388	1477
388	1478
388	1507
388	1511
388	1520
389	620
389	932
389	1105
389	1375
398	991
399	929
402	591
402	998
405	483
405	690
405	691
405	1232
405	1240
406	444
406	635
406	672
409	610
409	637
409	1037
411	881
411	1436
415	946
415	1324
418	825
420	472
420	505
420	612
420	647
420	1393
420	1443
424	538
424	547
424	601
424	678
424	680
424	1267
424	1462
425	822
425	1150
425	1194
425	1419
425	1516
425	1535
427	468
427	534
427	598
427	731
427	861
427	1017
427	1025
427	1093
427	1144
427	1395
427	1431
427	1492
427	1578
427	1582
433	510
433	520
433	528
433	545
433	595
433	604
433	657
433	751
433	810
433	815
433	856
433	903
433	985
433	1036
433	1074
433	1103
433	1148
433	1179
433	1250
433	1290
433	1321
433	1342
433	1477
433	1520
434	736
435	597
435	608
435	613
435	704
435	718
435	819
435	944
435	996
435	1005
435	1483
435	1509
435	1566
439	913
440	546
440	1485
440	1515
444	556
444	1034
444	1074
444	1253
447	663
448	1286
449	792
453	985
453	1069
454	469
454	614
454	845
454	864
454	876
454	916
454	957
454	1019
454	1263
454	1266
454	1295
454	1558
460	532
460	1474
462	1306
463	504
463	606
463	1101
465	507
465	1359
465	1365
467	750
468	534
468	598
468	1017
468	1093
468	1144
468	1395
468	1431
468	1492
468	1578
468	1582
469	573
469	957
471	531
471	600
471	679
471	860
471	1128
471	1188
471	1214
471	1333
471	1342
471	1423
471	1478
471	1486
471	1507
471	1526
472	505
472	612
472	647
472	1443
473	789
483	546
483	690
483	859
483	1091
483	1130
483	1213
483	1232
483	1485
483	1515
483	1573
485	809
485	1455
485	1532
487	551
488	675
488	1061
488	1377
488	1418
491	542
491	1474
492	1010
495	1016
498	542
498	585
498	653
498	749
498	915
498	918
498	1030
498	1041
498	1130
498	1298
498	1474
498	1532
504	606
504	1101
505	612
505	647
505	1393
505	1443
507	560
507	570
507	597
507	1060
507	1100
507	1155
507	1347
507	1359
507	1365
510	511
510	520
510	528
510	545
510	580
510	595
510	600
510	657
510	679
510	751
510	810
510	815
510	903
510	985
510	1074
510	1103
510	1148
510	1179
510	1333
510	1342
510	1404
510	1478
510	1511
510	1520
510	1526
511	520
511	528
511	595
511	604
511	633
511	810
511	903
511	1037
511	1074
511	1103
511	1179
511	1342
511	1520
515	552
515	618
515	668
515	757
515	815
515	989
515	1144
515	1344
515	1500
518	532
518	646
518	691
518	965
518	1170
518	1176
518	1452
520	528
520	531
520	545
520	595
520	600
520	657
520	751
520	810
520	815
520	856
520	903
520	1074
520	1103
520	1148
520	1179
520	1188
520	1250
520	1290
520	1322
520	1340
520	1342
520	1478
520	1511
520	1520
522	829
522	874
522	1000
525	1073
528	545
528	595
528	604
528	657
528	679
528	751
528	810
528	815
528	856
528	903
528	1036
528	1037
528	1074
528	1103
528	1148
528	1179
528	1250
528	1290
528	1291
528	1321
528	1342
528	1453
528	1477
528	1478
528	1511
528	1520
529	571
531	600
531	679
531	860
531	1018
531	1128
531	1188
531	1214
531	1333
531	1342
531	1423
531	1478
531	1486
531	1507
531	1526
532	646
532	678
532	691
532	965
532	1109
532	1119
532	1170
532	1172
532	1176
532	1267
532	1452
534	552
534	616
534	815
534	856
534	996
534	1486
534	1492
538	547
538	678
538	680
538	1267
538	1462
542	749
542	784
542	915
542	1474
545	595
545	657
545	751
545	810
545	815
545	860
545	903
545	1036
545	1103
545	1179
545	1188
545	1250
545	1321
545	1342
545	1478
545	1486
545	1520
545	1526
546	1213
546	1485
546	1515
547	601
547	678
547	680
547	1204
547	1267
547	1462
549	865
552	584
552	618
552	668
552	856
552	989
552	1188
552	1344
552	1449
552	1565
552	1578
555	926
556	741
556	884
556	991
557	794
557	1026
558	1081
558	1354
560	570
560	1060
560	1100
560	1324
560	1347
560	1359
560	1365
562	1053
562	1585
570	1060
570	1100
570	1347
570	1359
570	1365
576	1032
580	810
580	903
580	1342
584	1188
584	1256
585	653
585	749
585	918
585	1030
585	1041
585	1532
591	998
592	1193
592	1453
594	740
594	847
594	898
595	657
595	751
595	810
595	815
595	856
595	903
595	985
595	1036
595	1074
595	1103
595	1148
595	1179
595	1188
595	1214
595	1250
595	1290
595	1321
595	1342
595	1403
595	1404
595	1477
595	1478
595	1486
595	1490
595	1511
595	1520
597	608
597	704
597	819
597	856
597	996
597	1005
597	1006
597	1188
597	1359
597	1365
597	1453
597	1483
597	1509
597	1566
598	1017
598	1093
598	1431
598	1578
600	644
600	679
600	860
600	1128
600	1188
600	1214
600	1251
600	1308
600	1333
600	1342
600	1423
600	1478
600	1486
600	1507
600	1520
600	1526
601	678
601	680
601	1267
601	1462
602	873
604	810
604	1074
604	1103
604	1321
604	1342
606	1101
607	1567
608	704
608	718
608	819
608	944
608	996
608	1005
608	1453
608	1483
608	1509
608	1566
610	637
611	1287
611	1307
612	647
612	1393
612	1443
613	704
613	944
613	1309
613	1483
613	1509
613	1566
614	845
614	864
614	876
614	916
614	1019
614	1263
614	1295
614	1399
614	1558
618	668
618	815
618	1144
618	1344
618	1404
620	932
620	1105
620	1375
624	698
625	1029
625	1048
635	672
635	991
637	1037
644	860
644	929
644	1251
644	1308
644	1478
644	1526
646	678
646	691
646	965
646	1170
646	1172
646	1176
646	1267
647	1393
647	1443
650	928
650	1090
653	749
653	809
653	918
653	1030
653	1041
653	1532
656	682
656	1585
657	751
657	810
657	815
657	903
657	1036
657	1074
657	1103
657	1148
657	1179
657	1250
657	1321
657	1342
657	1477
657	1511
657	1520
668	815
668	856
668	1144
668	1344
668	1486
672	884
672	991
675	1061
675	1377
675	1418
677	1515
678	680
678	1267
678	1462
679	860
679	1018
679	1128
679	1179
679	1188
679	1214
679	1251
679	1322
679	1333
679	1342
679	1423
679	1453
679	1478
679	1486
679	1507
679	1526
680	1267
680	1462
682	1009
686	860
686	1251
686	1308
686	1478
689	989
690	1232
690	1240
691	965
691	1176
691	1232
691	1474
696	1570
703	1072
703	1201
704	718
704	819
704	856
704	944
704	996
704	1005
704	1220
704	1387
704	1483
704	1509
704	1566
710	1200
710	1277
715	1476
717	1461
718	819
718	944
718	996
718	1483
718	1509
718	1566
725	1312
725	1389
725	1410
725	1485
725	1583
731	861
731	1017
731	1025
731	1093
731	1144
731	1498
731	1543
731	1582
738	1286
739	1131
739	1227
739	1297
739	1311
739	1489
739	1499
740	847
740	898
744	907
744	1381
749	915
749	918
749	1030
749	1041
749	1474
749	1532
751	810
751	815
751	856
751	903
751	996
751	1036
751	1074
751	1087
751	1103
751	1148
751	1179
751	1188
751	1250
751	1290
751	1322
751	1333
751	1340
751	1342
751	1404
751	1486
751	1490
751	1520
767	890
767	1114
768	893
768	1235
768	1246
768	1298
768	1406
768	1410
768	1560
768	1583
768	1586
778	1326
783	917
783	1027
783	1072
783	1086
783	1121
783	1201
794	1026
797	1425
804	834
804	1235
804	1274
804	1560
804	1583
807	1503
809	1455
809	1485
809	1532
810	815
810	903
810	985
810	1036
810	1074
810	1103
810	1148
810	1179
810	1250
810	1290
810	1291
810	1321
810	1342
810	1404
810	1477
810	1511
810	1520
815	819
815	856
815	903
815	985
815	989
815	996
815	1036
815	1074
815	1103
815	1141
815	1144
815	1174
815	1179
815	1250
815	1342
815	1344
815	1404
815	1486
815	1491
819	856
819	944
819	996
819	1005
819	1220
819	1313
819	1387
819	1453
819	1483
819	1509
819	1566
822	1150
822	1194
822	1419
822	1516
828	863
828	1346
829	874
829	1000
833	1465
834	1235
834	1274
834	1410
834	1560
834	1583
837	1288
840	844
845	864
845	876
845	916
845	1019
845	1263
845	1295
845	1558
847	898
847	1404
856	985
856	989
856	996
856	1074
856	1103
856	1141
856	1179
856	1188
856	1250
856	1340
856	1342
856	1404
856	1453
856	1477
856	1486
856	1509
856	1511
856	1566
860	1128
860	1188
860	1214
860	1251
860	1308
860	1333
860	1423
860	1478
860	1486
860	1507
860	1520
860	1526
861	1017
861	1025
861	1093
861	1144
861	1395
861	1582
862	1303
863	1188
863	1214
863	1346
864	876
864	916
864	955
864	1019
864	1263
864	1295
864	1399
864	1558
866	972
866	1248
866	1414
873	927
874	1000
876	916
876	1019
876	1263
876	1295
876	1558
877	1334
877	1381
880	1252
881	1436
882	1009
882	1467
882	1550
883	1359
883	1365
884	991
884	1389
886	1552
889	988
889	1530
890	1114
891	1449
893	1235
893	1246
893	1298
893	1406
893	1410
893	1560
893	1583
893	1586
898	1404
903	1036
903	1074
903	1103
903	1148
903	1179
903	1250
903	1290
903	1291
903	1321
903	1342
903	1490
903	1511
903	1520
907	1381
911	997
914	1144
914	1498
915	1041
915	1130
915	1474
916	1019
916	1263
916	1295
916	1558
917	1027
917	1072
917	1086
917	1121
917	1201
918	1030
918	1041
918	1532
928	1090
929	1314
932	1105
932	1375
944	996
944	1005
944	1483
944	1509
944	1566
946	1324
954	1542
957	1143
960	1154
965	1170
965	1172
965	1176
968	1308
968	1342
968	1478
971	1091
971	1232
971	1515
972	1414
982	1546
985	1103
985	1179
985	1342
985	1520
987	1541
988	1530
989	996
989	1188
989	1195
989	1453
991	1389
995	1322
995	1333
995	1486
996	1005
996	1188
996	1220
996	1453
996	1483
996	1509
996	1566
1000	1475
1000	1581
1004	1346
1005	1220
1005	1483
1005	1509
1005	1566
1007	1569
1009	1157
1009	1334
1009	1381
1009	1467
1009	1486
1017	1025
1017	1093
1017	1144
1017	1395
1017	1431
1017	1498
1017	1543
1017	1578
1017	1582
1018	1128
1018	1188
1018	1214
1018	1333
1018	1342
1018	1453
1018	1478
1018	1507
1019	1263
1019	1295
1019	1558
1020	1036
1023	1417
1025	1144
1027	1072
1027	1086
1027	1121
1027	1201
1030	1041
1030	1532
1033	1177
1034	1253
1035	1400
1036	1074
1036	1103
1036	1179
1036	1250
1036	1290
1036	1342
1036	1477
1036	1511
1036	1520
1041	1474
1041	1532
1042	1482
1051	1296
1053	1585
1054	1232
1054	1515
1060	1347
1060	1359
1060	1365
1061	1377
1061	1418
1064	1472
1066	1500
1072	1086
1072	1121
1072	1201
1074	1103
1074	1179
1074	1250
1074	1290
1074	1321
1074	1342
1074	1477
1074	1511
1086	1121
1086	1201
1091	1515
1093	1144
1093	1395
1093	1431
1093	1433
1093	1492
1093	1578
1100	1324
1100	1347
1100	1359
1100	1365
1103	1148
1103	1179
1103	1188
1103	1214
1103	1250
1103	1290
1103	1321
1103	1322
1103	1340
1103	1342
1103	1404
1103	1477
1103	1478
1103	1490
1103	1511
1103	1520
1105	1375
1109	1119
1109	1176
1110	1182
1115	1485
1119	1172
1119	1176
1119	1452
1121	1201
1127	1282
1128	1188
1128	1214
1128	1333
1128	1342
1128	1423
1128	1478
1128	1507
1128	1526
1130	1474
1131	1227
1131	1297
1131	1311
1131	1489
1133	1334
1141	1585
1144	1253
1144	1344
1144	1492
1144	1498
1144	1500
1148	1179
1148	1250
1148	1290
1148	1342
1148	1404
1148	1477
1148	1490
1148	1520
1150	1194
1150	1404
1150	1442
1150	1535
1154	1223
1155	1359
1155	1365
1157	1334
1157	1355
1157	1517
1170	1176
1172	1176
1172	1452
1174	1250
1176	1452
1179	1188
1179	1250
1179	1290
1179	1291
1179	1321
1179	1322
1179	1333
1179	1342
1179	1404
1179	1477
1179	1478
1179	1486
1179	1511
1179	1520
1184	1578
1188	1214
1188	1322
1188	1333
1188	1340
1188	1342
1188	1423
1188	1453
1188	1478
1188	1486
1188	1507
1188	1511
1188	1526
1193	1253
1194	1404
1194	1442
1194	1535
1197	1476
1201	1404
1204	1267
1209	1475
1209	1581
1213	1485
1213	1515
1214	1322
1214	1333
1214	1342
1214	1423
1214	1478
1214	1486
1214	1507
1214	1511
1214	1526
1220	1483
1220	1566
1227	1297
1227	1311
1227	1489
1227	1499
1232	1240
1232	1515
1235	1246
1235	1274
1235	1298
1235	1406
1235	1410
1235	1560
1235	1583
1235	1586
1246	1298
1246	1406
1246	1410
1246	1560
1246	1583
1246	1586
1248	1414
1250	1290
1250	1321
1250	1342
1250	1477
1250	1486
1251	1308
1251	1478
1251	1526
1253	1265
1253	1351
1253	1372
1253	1498
1256	1363
1256	1387
1263	1295
1263	1399
1263	1558
1265	1351
1267	1462
1274	1410
1274	1560
1274	1583
1281	1576
1287	1307
1290	1340
1290	1342
1290	1404
1290	1477
1290	1486
1290	1520
1295	1558
1297	1311
1297	1489
1297	1499
1298	1406
1298	1410
1298	1560
1298	1583
1298	1586
1308	1342
1308	1478
1308	1486
1308	1520
1308	1526
1311	1489
1311	1499
1312	1389
1312	1410
1312	1485
1312	1583
1313	1509
1321	1342
1321	1477
1322	1333
1322	1342
1322	1423
1322	1453
1322	1486
1333	1342
1333	1423
1333	1453
1333	1478
1333	1486
1333	1507
1334	1381
1340	1342
1340	1490
1342	1477
1342	1478
1342	1486
1342	1490
1342	1507
1342	1511
1342	1520
1342	1526
1344	1424
1347	1359
1347	1365
1355	1517
1359	1365
1377	1418
1381	1389
1387	1453
1387	1483
1389	1410
1389	1485
1389	1583
1393	1443
1395	1578
1395	1582
1404	1442
1404	1477
1404	1520
1404	1535
1406	1410
1406	1560
1406	1583
1406	1586
1410	1485
1410	1560
1410	1583
1410	1586
1419	1516
1423	1478
1423	1486
1423	1507
1431	1578
1442	1535
1453	1483
1453	1486
1453	1509
1453	1566
1455	1532
1467	1550
1475	1581
1478	1486
1478	1507
1478	1520
1478	1526
1483	1509
1483	1566
1485	1515
1485	1583
1486	1507
1486	1520
1486	1526
1489	1499
1490	1520
1498	1500
1507	1526
1509	1566
1520	1526
1560	1583
1560	1586
1578	1582
1583	1586
656	2
682	2
882	2
1009	2
1467	2
22	3
558	3
1081	3
307	4
349	4
971	4
1232	4
1515	4
739	5
1227	5
1297	5
1311	5
1489	5
1499	5
94	11
483	11
673	11
246	12
359	12
468	12
1093	12
1492	12
35	13
127	13
1283	13
1514	15
208	16
376	16
380	16
520	16
815	16
856	16
1150	16
1194	16
1250	16
1442	16
1535	16
308	18
454	18
614	18
845	18
864	18
876	18
916	18
1019	18
1263	18
1295	18
1399	18
1558	18
712	19
558	22
1081	22
707	25
1336	25
454	26
595	27
1179	27
30	29
929	29
1100	29
1130	29
1314	29
929	30
1130	30
1474	30
127	35
1283	35
1441	36
88	41
170	41
337	41
783	41
917	41
1027	41
1072	41
1086	41
1121	41
1201	41
420	42
472	42
505	42
612	42
647	42
1393	42
1443	42
427	51
468	51
1017	51
1431	51
1578	51
110	56
208	56
209	56
388	56
433	56
510	56
511	56
528	56
545	56
595	56
604	56
657	56
810	56
903	56
1074	56
1103	56
1290	56
1321	56
1342	56
495	58
1016	58
648	61
1064	63
1472	63
406	64
444	64
240	65
556	65
882	65
123	67
149	67
160	67
200	67
209	67
252	67
338	67
360	67
376	67
388	67
425	67
433	67
510	67
520	67
595	67
597	67
657	67
751	67
810	67
815	67
856	67
903	67
1036	67
1074	67
1103	67
1179	67
1188	67
1250	67
1309	67
1342	67
1404	67
1453	67
1477	67
1486	67
1509	67
696	70
1570	70
388	76
1036	76
837	77
1288	77
1042	80
1482	80
987	81
1541	81
161	82
291	82
555	82
926	82
208	83
564	83
327	84
170	88
337	88
372	88
703	88
783	88
917	88
1072	88
1086	88
1121	88
1201	88
271	91
1110	91
1182	91
1482	93
520	98
595	98
679	98
856	98
1103	98
1128	98
1188	98
1214	98
1322	98
1423	98
1486	98
1507	98
1520	98
215	101
427	101
598	101
1431	101
1578	101
222	102
233	102
292	102
725	102
768	102
804	102
834	102
893	102
1235	102
1246	102
1274	102
1298	102
1312	102
1389	102
1406	102
1410	102
1485	102
1560	102
1583	102
1586	102
160	110
208	110
209	110
376	110
388	110
433	110
510	110
528	110
545	110
595	110
657	110
810	110
903	110
1074	110
1103	110
1179	110
1250	110
1342	110
1527	112
1009	113
1157	113
1334	113
557	118
1026	118
188	121
862	121
1303	121
200	123
384	123
613	123
704	123
819	123
856	123
1250	123
1256	123
1453	123
1509	123
1566	123
326	126
389	126
620	126
932	126
1105	126
1375	126
392	127
387	128
864	128
955	128
507	132
560	132
570	132
1060	132
1100	132
1347	132
1359	132
1365	132
337	134
1072	134
1121	134
1201	134
399	142
929	142
597	143
209	145
515	145
534	145
552	145
618	145
668	145
815	145
856	145
989	145
1144	145
1174	145
1188	145
1344	145
1486	145
721	146
157	147
190	148
531	148
1188	148
1214	148
1478	148
1507	148
247	149
338	149
435	149
613	149
704	149
819	149
856	149
944	149
989	149
996	149
1188	149
1509	149
1566	149
840	150
844	150
877	153
1334	153
498	156
585	156
653	156
749	156
918	156
1030	156
1041	156
1532	156
208	160
209	160
376	160
388	160
433	160
510	160
511	160
520	160
528	160
545	160
595	160
657	160
751	160
810	160
815	160
903	160
985	160
1036	160
1074	160
1103	160
1148	160
1179	160
1250	160
1290	160
1291	160
1342	160
1404	160
1477	160
1490	160
1520	160
291	161
555	161
926	161
220	162
1253	162
1265	162
1351	162
346	166
384	166
435	166
597	166
608	166
704	166
718	166
819	166
856	166
944	166
996	166
1005	166
1220	166
1387	166
1483	166
1509	166
1566	166
337	170
372	170
783	170
917	170
1027	170
1072	170
1086	170
1121	170
1201	170
644	171
860	171
968	171
1251	171
1308	171
1478	171
1526	171
468	174
552	174
598	174
1017	174
1184	174
1431	174
1578	174
1336	178
611	179
1287	179
1307	179
307	181
440	181
483	181
546	181
1213	181
1485	181
1515	181
488	185
1061	185
1418	185
695	187
1081	187
862	188
1303	188
471	190
531	190
600	190
679	190
860	190
1018	190
1128	190
1188	190
1214	190
1251	190
1333	190
1342	190
1423	190
1478	190
1486	190
1507	190
1526	190
671	191
981	193
794	195
213	196
618	196
886	196
1281	196
1552	196
433	200
584	200
592	200
856	200
1256	200
1453	200
1470	203
209	208
252	208
376	208
388	208
433	208
510	208
511	208
520	208
528	208
545	208
595	208
600	208
657	208
751	208
810	208
815	208
856	208
903	208
1036	208
1074	208
1103	208
1148	208
1179	208
1188	208
1250	208
1290	208
1322	208
1333	208
1340	208
1342	208
1423	208
1477	208
1478	208
1511	208
1520	208
376	209
388	209
407	209
433	209
453	209
510	209
511	209
520	209
528	209
534	209
545	209
580	209
595	209
604	209
657	209
668	209
751	209
810	209
815	209
856	209
903	209
1036	209
1074	209
1103	209
1148	209
1174	209
1179	209
1250	209
1290	209
1321	209
1342	209
1404	209
1486	209
1520	209
886	213
1552	213
427	215
468	215
598	215
1017	215
1093	215
1184	215
1431	215
1578	215
821	218
385	219
1253	220
1265	220
1351	220
1585	220
905	221
725	222
1312	222
1389	222
1410	222
1583	222
583	224
264	226
348	226
573	226
778	226
556	229
1425	229
448	230
738	230
1286	230
358	231
369	231
488	231
675	231
1061	231
1339	231
1377	231
1418	231
768	233
893	233
1235	233
1246	233
1298	233
1406	233
1410	233
1560	233
1583	233
1586	233
411	240
881	240
1436	240
1113	241
1353	241
1000	242
294	243
689	245
989	245
1195	245
359	246
468	246
534	246
1093	246
1144	246
1492	246
277	250
469	250
376	252
388	252
433	252
528	252
545	252
595	252
751	252
810	252
856	252
903	252
1036	252
1074	252
1103	252
1179	252
1188	252
1214	252
1250	252
1290	252
1322	252
1340	252
1342	252
1477	252
1511	252
873	254
927	254
1062	255
877	263
1334	263
573	264
778	264
809	270
1110	271
1182	271
1336	276
469	277
573	277
884	283
991	283
1157	283
483	284
296	288
302	288
460	288
518	288
532	288
646	288
691	288
965	288
1109	288
1119	288
1172	288
1176	288
1452	288
748	289
555	291
804	292
834	292
1235	292
1274	292
1560	292
1583	292
1331	293
302	296
518	296
532	296
646	296
965	296
1109	296
1119	296
1170	296
1172	296
1176	296
1452	296
1389	298
1533	298
810	300
1179	300
350	301
594	301
740	301
847	301
898	301
518	302
532	302
646	302
691	302
965	302
1170	302
1172	302
1176	302
1452	302
349	307
440	307
483	307
546	307
677	307
971	307
1054	307
1091	307
1130	307
1213	307
1232	307
1485	307
1515	307
454	308
614	308
845	308
864	308
876	308
916	308
1019	308
1179	308
1263	308
1295	308
1399	308
1558	308
348	310
556	313
1041	316
1494	319
323	320
427	320
731	320
861	320
1017	320
1025	320
1093	320
1144	320
1498	320
1582	320
427	323
731	323
861	323
1017	323
1025	323
1144	323
1498	323
1582	323
389	326
620	326
932	326
1105	326
1375	326
625	327
1029	327
1048	327
750	330
1318	333
1361	334
372	337
703	337
783	337
917	337
1027	337
1072	337
1086	337
1121	337
1201	337
613	338
704	338
819	338
856	338
1309	338
1483	338
1509	338
1566	338
424	341
538	341
547	341
601	341
678	341
680	341
1267	341
1462	341
954	342
1542	342
384	346
435	346
597	346
608	346
704	346
718	346
819	346
944	346
996	346
1005	346
1220	346
1387	346
1483	346
1509	346
1566	346
919	348
483	349
971	349
1054	349
1232	349
1515	349
594	350
740	350
847	350
898	350
369	358
488	358
675	358
1061	358
1377	358
1418	358
468	359
1492	359
613	360
1309	360
1171	361
1009	363
1200	363
420	369
488	369
675	369
1061	369
1377	369
1418	369
917	372
1072	372
1086	372
1121	372
1201	372
912	374
388	376
510	376
520	376
528	376
545	376
595	376
657	376
751	376
810	376
815	376
903	376
985	376
1036	376
1074	376
1103	376
1179	376
1250	376
1342	376
1486	376
1511	376
1520	376
1150	380
1194	380
1404	380
1442	380
1535	380
515	381
1144	381
1498	381
435	384
597	384
608	384
613	384
704	384
718	384
819	384
856	384
944	384
996	384
1005	384
1220	384
1387	384
1483	384
1509	384
1566	384
954	385
1529	385
1542	385
864	387
955	387
433	388
510	388
511	388
520	388
528	388
545	388
595	388
657	388
751	388
810	388
815	388
856	388
903	388
985	388
1038	388
1074	388
1103	388
1148	388
1179	388
1188	388
1214	388
1250	388
1290	388
1321	388
1333	388
1342	388
1477	388
1478	388
1507	388
1511	388
1520	388
620	389
932	389
1105	389
1375	389
991	398
929	399
591	402
998	402
483	405
690	405
691	405
1232	405
1240	405
444	406
635	406
672	406
610	409
637	409
1037	409
881	411
1436	411
946	415
1324	415
825	418
472	420
505	420
612	420
647	420
1393	420
1443	420
538	424
547	424
601	424
678	424
680	424
1267	424
1462	424
822	425
1150	425
1194	425
1419	425
1516	425
1535	425
468	427
534	427
598	427
731	427
861	427
1017	427
1025	427
1093	427
1144	427
1395	427
1431	427
1492	427
1578	427
1582	427
510	433
520	433
528	433
545	433
595	433
604	433
657	433
751	433
810	433
815	433
856	433
903	433
985	433
1036	433
1074	433
1103	433
1148	433
1179	433
1250	433
1290	433
1321	433
1342	433
1477	433
1520	433
736	434
597	435
608	435
613	435
704	435
718	435
819	435
944	435
996	435
1005	435
1483	435
1509	435
1566	435
913	439
546	440
1485	440
1515	440
556	444
1034	444
1074	444
1253	444
663	447
1286	448
792	449
985	453
1069	453
469	454
614	454
845	454
864	454
876	454
916	454
957	454
1019	454
1263	454
1266	454
1295	454
1558	454
532	460
1474	460
1306	462
504	463
606	463
1101	463
507	465
1359	465
1365	465
750	467
534	468
598	468
1017	468
1093	468
1144	468
1395	468
1431	468
1492	468
1578	468
1582	468
573	469
957	469
531	471
600	471
679	471
860	471
1128	471
1188	471
1214	471
1333	471
1342	471
1423	471
1478	471
1486	471
1507	471
1526	471
505	472
612	472
647	472
1443	472
789	473
546	483
690	483
859	483
1091	483
1130	483
1213	483
1232	483
1485	483
1515	483
1573	483
809	485
1455	485
1532	485
551	487
675	488
1061	488
1377	488
1418	488
542	491
1474	491
1010	492
1016	495
542	498
585	498
653	498
749	498
915	498
918	498
1030	498
1041	498
1130	498
1298	498
1474	498
1532	498
606	504
1101	504
612	505
647	505
1393	505
1443	505
560	507
570	507
597	507
1060	507
1100	507
1155	507
1347	507
1359	507
1365	507
511	510
520	510
528	510
545	510
580	510
595	510
600	510
657	510
679	510
751	510
810	510
815	510
903	510
985	510
1074	510
1103	510
1148	510
1179	510
1333	510
1342	510
1404	510
1478	510
1511	510
1520	510
1526	510
520	511
528	511
595	511
604	511
633	511
810	511
903	511
1037	511
1074	511
1103	511
1179	511
1342	511
1520	511
552	515
618	515
668	515
757	515
815	515
989	515
1144	515
1344	515
1500	515
532	518
646	518
691	518
965	518
1170	518
1176	518
1452	518
528	520
531	520
545	520
595	520
600	520
657	520
751	520
810	520
815	520
856	520
903	520
1074	520
1103	520
1148	520
1179	520
1188	520
1250	520
1290	520
1322	520
1340	520
1342	520
1478	520
1511	520
1520	520
829	522
874	522
1000	522
1073	525
545	528
595	528
604	528
657	528
679	528
751	528
810	528
815	528
856	528
903	528
1036	528
1037	528
1074	528
1103	528
1148	528
1179	528
1250	528
1290	528
1291	528
1321	528
1342	528
1453	528
1477	528
1478	528
1511	528
1520	528
571	529
600	531
679	531
860	531
1018	531
1128	531
1188	531
1214	531
1333	531
1342	531
1423	531
1478	531
1486	531
1507	531
1526	531
646	532
678	532
691	532
965	532
1109	532
1119	532
1170	532
1172	532
1176	532
1267	532
1452	532
552	534
616	534
815	534
856	534
996	534
1486	534
1492	534
547	538
678	538
680	538
1267	538
1462	538
749	542
784	542
915	542
1474	542
595	545
657	545
751	545
810	545
815	545
860	545
903	545
1036	545
1103	545
1179	545
1188	545
1250	545
1321	545
1342	545
1478	545
1486	545
1520	545
1526	545
1213	546
1485	546
1515	546
601	547
678	547
680	547
1204	547
1267	547
1462	547
865	549
584	552
618	552
668	552
856	552
989	552
1188	552
1344	552
1449	552
1565	552
1578	552
926	555
741	556
884	556
991	556
794	557
1026	557
1081	558
1354	558
570	560
1060	560
1100	560
1324	560
1347	560
1359	560
1365	560
1053	562
1585	562
1060	570
1100	570
1347	570
1359	570
1365	570
1032	576
810	580
903	580
1342	580
1188	584
1256	584
653	585
749	585
918	585
1030	585
1041	585
1532	585
998	591
1193	592
1453	592
740	594
847	594
898	594
657	595
751	595
810	595
815	595
856	595
903	595
985	595
1036	595
1074	595
1103	595
1148	595
1179	595
1188	595
1214	595
1250	595
1290	595
1321	595
1342	595
1403	595
1404	595
1477	595
1478	595
1486	595
1490	595
1511	595
1520	595
608	597
704	597
819	597
856	597
996	597
1005	597
1006	597
1188	597
1359	597
1365	597
1453	597
1483	597
1509	597
1566	597
1017	598
1093	598
1431	598
1578	598
644	600
679	600
860	600
1128	600
1188	600
1214	600
1251	600
1308	600
1333	600
1342	600
1423	600
1478	600
1486	600
1507	600
1520	600
1526	600
678	601
680	601
1267	601
1462	601
873	602
810	604
1074	604
1103	604
1321	604
1342	604
1101	606
1567	607
704	608
718	608
819	608
944	608
996	608
1005	608
1453	608
1483	608
1509	608
1566	608
637	610
1287	611
1307	611
647	612
1393	612
1443	612
704	613
944	613
1309	613
1483	613
1509	613
1566	613
845	614
864	614
876	614
916	614
1019	614
1263	614
1295	614
1399	614
1558	614
668	618
815	618
1144	618
1344	618
1404	618
932	620
1105	620
1375	620
698	624
1029	625
1048	625
672	635
991	635
1037	637
860	644
929	644
1251	644
1308	644
1478	644
1526	644
678	646
691	646
965	646
1170	646
1172	646
1176	646
1267	646
1393	647
1443	647
928	650
1090	650
749	653
809	653
918	653
1030	653
1041	653
1532	653
682	656
1585	656
751	657
810	657
815	657
903	657
1036	657
1074	657
1103	657
1148	657
1179	657
1250	657
1321	657
1342	657
1477	657
1511	657
1520	657
815	668
856	668
1144	668
1344	668
1486	668
884	672
991	672
1061	675
1377	675
1418	675
1515	677
680	678
1267	678
1462	678
860	679
1018	679
1128	679
1179	679
1188	679
1214	679
1251	679
1322	679
1333	679
1342	679
1423	679
1453	679
1478	679
1486	679
1507	679
1526	679
1267	680
1462	680
1009	682
860	686
1251	686
1308	686
1478	686
989	689
1232	690
1240	690
965	691
1176	691
1232	691
1474	691
1570	696
1072	703
1201	703
718	704
819	704
856	704
944	704
996	704
1005	704
1220	704
1387	704
1483	704
1509	704
1566	704
1200	710
1277	710
1476	715
1461	717
819	718
944	718
996	718
1483	718
1509	718
1566	718
1312	725
1389	725
1410	725
1485	725
1583	725
861	731
1017	731
1025	731
1093	731
1144	731
1498	731
1543	731
1582	731
1286	738
1131	739
1227	739
1297	739
1311	739
1489	739
1499	739
847	740
898	740
907	744
1381	744
915	749
918	749
1030	749
1041	749
1474	749
1532	749
810	751
815	751
856	751
903	751
996	751
1036	751
1074	751
1087	751
1103	751
1148	751
1179	751
1188	751
1250	751
1290	751
1322	751
1333	751
1340	751
1342	751
1404	751
1486	751
1490	751
1520	751
890	767
1114	767
893	768
1235	768
1246	768
1298	768
1406	768
1410	768
1560	768
1583	768
1586	768
1326	778
917	783
1027	783
1072	783
1086	783
1121	783
1201	783
1026	794
1425	797
834	804
1235	804
1274	804
1560	804
1583	804
1503	807
1455	809
1485	809
1532	809
815	810
903	810
985	810
1036	810
1074	810
1103	810
1148	810
1179	810
1250	810
1290	810
1291	810
1321	810
1342	810
1404	810
1477	810
1511	810
1520	810
819	815
856	815
903	815
985	815
989	815
996	815
1036	815
1074	815
1103	815
1141	815
1144	815
1174	815
1179	815
1250	815
1342	815
1344	815
1404	815
1486	815
1491	815
856	819
944	819
996	819
1005	819
1220	819
1313	819
1387	819
1453	819
1483	819
1509	819
1566	819
1150	822
1194	822
1419	822
1516	822
863	828
1346	828
874	829
1000	829
1465	833
1235	834
1274	834
1410	834
1560	834
1583	834
1288	837
844	840
864	845
876	845
916	845
1019	845
1263	845
1295	845
1558	845
898	847
1404	847
985	856
989	856
996	856
1074	856
1103	856
1141	856
1179	856
1188	856
1250	856
1340	856
1342	856
1404	856
1453	856
1477	856
1486	856
1509	856
1511	856
1566	856
1128	860
1188	860
1214	860
1251	860
1308	860
1333	860
1423	860
1478	860
1486	860
1507	860
1520	860
1526	860
1017	861
1025	861
1093	861
1144	861
1395	861
1582	861
1303	862
1188	863
1214	863
1346	863
876	864
916	864
955	864
1019	864
1263	864
1295	864
1399	864
1558	864
972	866
1248	866
1414	866
927	873
1000	874
916	876
1019	876
1263	876
1295	876
1558	876
1334	877
1381	877
1252	880
1436	881
1009	882
1467	882
1550	882
1359	883
1365	883
991	884
1389	884
1552	886
988	889
1530	889
1114	890
1449	891
1235	893
1246	893
1298	893
1406	893
1410	893
1560	893
1583	893
1586	893
1404	898
1036	903
1074	903
1103	903
1148	903
1179	903
1250	903
1290	903
1291	903
1321	903
1342	903
1490	903
1511	903
1520	903
1381	907
997	911
1144	914
1498	914
1041	915
1130	915
1474	915
1019	916
1263	916
1295	916
1558	916
1027	917
1072	917
1086	917
1121	917
1201	917
1030	918
1041	918
1532	918
1090	928
1314	929
1105	932
1375	932
996	944
1005	944
1483	944
1509	944
1566	944
1324	946
1542	954
1143	957
1154	960
1170	965
1172	965
1176	965
1308	968
1342	968
1478	968
1091	971
1232	971
1515	971
1414	972
1546	982
1103	985
1179	985
1342	985
1520	985
1541	987
1530	988
996	989
1188	989
1195	989
1453	989
1389	991
1322	995
1333	995
1486	995
1005	996
1188	996
1220	996
1453	996
1483	996
1509	996
1566	996
1475	1000
1581	1000
1346	1004
1220	1005
1483	1005
1509	1005
1566	1005
1569	1007
1157	1009
1334	1009
1381	1009
1467	1009
1486	1009
1025	1017
1093	1017
1144	1017
1395	1017
1431	1017
1498	1017
1543	1017
1578	1017
1582	1017
1128	1018
1188	1018
1214	1018
1333	1018
1342	1018
1453	1018
1478	1018
1507	1018
1263	1019
1295	1019
1558	1019
1036	1020
1417	1023
1144	1025
1072	1027
1086	1027
1121	1027
1201	1027
1041	1030
1532	1030
1177	1033
1253	1034
1400	1035
1074	1036
1103	1036
1179	1036
1250	1036
1290	1036
1342	1036
1477	1036
1511	1036
1520	1036
1474	1041
1532	1041
1482	1042
1296	1051
1585	1053
1232	1054
1515	1054
1347	1060
1359	1060
1365	1060
1377	1061
1418	1061
1472	1064
1500	1066
1086	1072
1121	1072
1201	1072
1103	1074
1179	1074
1250	1074
1290	1074
1321	1074
1342	1074
1477	1074
1511	1074
1121	1086
1201	1086
1515	1091
1144	1093
1395	1093
1431	1093
1433	1093
1492	1093
1578	1093
1324	1100
1347	1100
1359	1100
1365	1100
1148	1103
1179	1103
1188	1103
1214	1103
1250	1103
1290	1103
1321	1103
1322	1103
1340	1103
1342	1103
1404	1103
1477	1103
1478	1103
1490	1103
1511	1103
1520	1103
1375	1105
1119	1109
1176	1109
1182	1110
1485	1115
1172	1119
1176	1119
1452	1119
1201	1121
1282	1127
1188	1128
1214	1128
1333	1128
1342	1128
1423	1128
1478	1128
1507	1128
1526	1128
1474	1130
1227	1131
1297	1131
1311	1131
1489	1131
1334	1133
1585	1141
1253	1144
1344	1144
1492	1144
1498	1144
1500	1144
1179	1148
1250	1148
1290	1148
1342	1148
1404	1148
1477	1148
1490	1148
1520	1148
1194	1150
1404	1150
1442	1150
1535	1150
1223	1154
1359	1155
1365	1155
1334	1157
1355	1157
1517	1157
1176	1170
1176	1172
1452	1172
1250	1174
1452	1176
1188	1179
1250	1179
1290	1179
1291	1179
1321	1179
1322	1179
1333	1179
1342	1179
1404	1179
1477	1179
1478	1179
1486	1179
1511	1179
1520	1179
1578	1184
1214	1188
1322	1188
1333	1188
1340	1188
1342	1188
1423	1188
1453	1188
1478	1188
1486	1188
1507	1188
1511	1188
1526	1188
1253	1193
1404	1194
1442	1194
1535	1194
1476	1197
1404	1201
1267	1204
1475	1209
1581	1209
1485	1213
1515	1213
1322	1214
1333	1214
1342	1214
1423	1214
1478	1214
1486	1214
1507	1214
1511	1214
1526	1214
1483	1220
1566	1220
1297	1227
1311	1227
1489	1227
1499	1227
1240	1232
1515	1232
1246	1235
1274	1235
1298	1235
1406	1235
1410	1235
1560	1235
1583	1235
1586	1235
1298	1246
1406	1246
1410	1246
1560	1246
1583	1246
1586	1246
1414	1248
1290	1250
1321	1250
1342	1250
1477	1250
1486	1250
1308	1251
1478	1251
1526	1251
1265	1253
1351	1253
1372	1253
1498	1253
1363	1256
1387	1256
1295	1263
1399	1263
1558	1263
1351	1265
1462	1267
1410	1274
1560	1274
1583	1274
1576	1281
1307	1287
1340	1290
1342	1290
1404	1290
1477	1290
1486	1290
1520	1290
1558	1295
1311	1297
1489	1297
1499	1297
1406	1298
1410	1298
1560	1298
1583	1298
1586	1298
1342	1308
1478	1308
1486	1308
1520	1308
1526	1308
1489	1311
1499	1311
1389	1312
1410	1312
1485	1312
1583	1312
1509	1313
1342	1321
1477	1321
1333	1322
1342	1322
1423	1322
1453	1322
1486	1322
1342	1333
1423	1333
1453	1333
1478	1333
1486	1333
1507	1333
1381	1334
1342	1340
1490	1340
1477	1342
1478	1342
1486	1342
1490	1342
1507	1342
1511	1342
1520	1342
1526	1342
1424	1344
1359	1347
1365	1347
1517	1355
1365	1359
1418	1377
1389	1381
1453	1387
1483	1387
1410	1389
1485	1389
1583	1389
1443	1393
1578	1395
1582	1395
1442	1404
1477	1404
1520	1404
1535	1404
1410	1406
1560	1406
1583	1406
1586	1406
1485	1410
1560	1410
1583	1410
1586	1410
1516	1419
1478	1423
1486	1423
1507	1423
1578	1431
1535	1442
1483	1453
1486	1453
1509	1453
1566	1453
1532	1455
1550	1467
1581	1475
1486	1478
1507	1478
1520	1478
1526	1478
1509	1483
1566	1483
1515	1485
1583	1485
1507	1486
1520	1486
1526	1486
1499	1489
1520	1490
1500	1498
1526	1507
1566	1509
1526	1520
1583	1560
1586	1560
1582	1578
1586	1583
