6	400
6	416
6	694
6	996
6	1087
6	1902
7	49
7	2089
7	2724
9	49
9	264
9	355
9	1778
11	340
11	477
11	1527
15	2470
18	651
18	901
18	1500
22	112
22	554
22	1085
22	1361
22	1752
22	1861
22	1905
22	2756
27	340
27	1589
27	2290
27	2783
29	1772
31	477
31	1661
41	1781
44	1064
49	323
49	333
49	340
49	365
49	476
49	477
49	486
49	518
49	560
49	572
49	606
49	612
49	699
49	726
49	735
49	842
49	859
49	865
49	924
49	1009
49	1016
49	1136
49	1150
49	1152
49	1207
49	1352
49	1358
49	1377
49	1446
49	1481
49	1702
49	1772
49	1905
49	1917
49	2008
49	2108
49	2142
49	2352
49	2356
49	2433
49	2484
49	2521
49	2603
49	2715
49	2779
53	1817
53	1902
61	1818
61	2252
65	460
65	788
65	1416
65	2262
65	2426
65	2730
73	205
73	1665
73	2458
79	302
79	887
79	899
79	1411
83	641
83	673
84	2154
84	2429
85	99
85	395
85	483
85	1808
85	2608
89	197
89	1358
89	2234
92	774
92	2369
97	477
99	486
99	654
99	955
99	1064
99	1783
100	503
100	1226
100	1358
100	2219
100	2519
100	2522
102	1818
104	477
104	1358
107	213
107	244
107	336
107	651
107	1064
107	1729
107	2298
107	2352
110	2207
121	2574
122	279
122	1581
122	1775
123	713
130	641
137	486
139	815
139	848
139	1058
139	1767
147	673
147	2757
163	653
165	1445
165	1630
166	1009
168	654
168	1055
168	2582
174	660
174	1443
174	2027
174	2134
174	2585
176	279
176	2098
177	558
177	622
177	1009
177	1456
177	1478
177	1527
177	1772
178	954
180	2722
187	777
187	2160
187	2783
190	575
190	1352
190	2525
190	2744
197	651
197	1053
197	1289
197	1475
197	1654
197	1691
197	2158
197	2310
197	2582
201	2252
204	395
204	1574
205	761
205	856
205	952
205	1079
205	1127
205	1338
205	1610
210	1201
211	1075
211	1465
213	244
213	1009
213	1064
213	1729
213	2298
213	2352
213	2495
217	1893
222	616
222	1512
222	1869
222	2730
223	494
223	609
223	1336
223	2202
224	353
227	2162
229	997
229	1838
231	568
231	654
231	740
231	1352
231	1938
232	625
232	699
232	2184
232	2696
234	568
234	2317
238	1064
238	1481
241	537
244	1064
244	1272
244	2298
244	2352
255	2678
259	477
262	2540
262	2589
265	357
265	1755
266	518
266	541
266	657
266	2413
268	494
268	581
268	601
268	654
268	735
268	1009
268	1361
274	1057
274	2225
275	980
275	1150
275	2262
277	2019
278	1009
278	1836
279	859
279	1728
279	2608
284	1702
284	2284
288	1170
294	395
295	603
296	641
296	673
296	980
296	1170
296	1239
297	1181
297	2160
297	2586
302	654
302	1481
311	1974
311	2334
312	887
313	568
315	1445
319	1702
323	654
325	2413
333	859
333	1874
333	2470
333	2696
336	1064
336	1729
336	2352
339	899
339	1446
340	355
340	651
340	842
340	1130
340	1445
340	1654
340	1874
340	2484
340	2734
344	673
345	1475
345	1864
348	1414
349	361
349	1239
350	651
350	942
350	2200
350	2285
353	838
353	1629
353	1745
355	421
355	483
355	560
355	673
355	914
355	987
355	1009
355	1049
355	1207
355	2060
355	2233
355	2321
355	2577
355	2650
355	2730
355	2779
357	1352
357	1354
357	1514
357	1715
357	1894
357	2240
357	2525
357	2576
357	2724
361	1009
361	1704
362	1064
365	651
365	1055
368	2184
368	2521
368	2582
369	609
369	1627
369	2188
372	1563
372	1660
373	1767
373	1932
374	537
387	887
390	405
390	601
390	662
390	1095
390	1406
390	2758
390	2794
391	1621
392	713
392	987
394	654
395	439
395	623
395	824
395	874
395	1064
395	1236
395	1241
395	1614
395	1944
395	2334
395	2611
397	426
399	477
399	2461
400	641
400	775
400	822
400	996
400	1608
400	1654
400	1818
400	2577
400	2582
400	2699
403	537
405	662
405	838
405	1095
405	1406
405	2402
405	2752
405	2794
407	522
407	838
407	1055
407	1583
407	2582
413	962
413	1540
415	735
415	1055
415	1733
416	2142
418	575
421	1683
423	962
426	955
432	1905
435	761
435	936
439	477
439	887
439	962
439	1064
439	1307
439	1734
439	1817
439	1974
439	2089
439	2108
439	2160
443	537
447	469
452	494
452	651
452	850
452	987
452	2685
456	2668
458	936
460	1893
462	1476
463	694
463	772
463	838
463	850
463	2131
464	2225
467	2746
476	654
476	768
477	494
477	541
477	569
477	610
477	622
477	684
477	903
477	987
477	1136
477	1214
477	1358
477	1369
477	1445
477	1561
477	1621
477	1691
477	2046
477	2140
477	2404
477	2469
477	2554
477	2710
482	560
482	2488
486	572
486	603
493	2313
494	567
494	609
494	651
494	702
494	735
494	772
494	811
494	850
494	859
494	924
494	1061
494	1110
494	1323
494	1836
494	1853
494	1995
494	2081
494	2317
494	2525
494	2531
494	2731
496	521
496	735
497	1512
497	2313
499	1064
500	641
500	673
500	1170
500	1239
500	2459
500	2745
503	1226
507	540
507	1220
507	2731
513	2284
513	2746
516	1495
516	2313
516	2603
517	1448
518	541
518	657
518	938
518	1979
518	2298
518	2587
518	2603
521	1213
521	1300
521	2262
522	1079
523	1547
523	2560
524	651
524	1654
527	590
527	673
527	1256
527	2525
534	2746
537	601
537	704
537	838
537	899
537	910
537	1099
537	1119
537	1241
537	1361
537	1772
537	1882
537	1910
537	2066
537	2178
537	2302
537	2332
537	2404
537	2526
537	2672
540	1490
541	561
541	657
541	938
541	2413
541	2603
541	2715
554	651
554	1085
554	1358
554	1752
554	2237
554	2262
554	2756
558	1456
560	651
560	1136
567	1361
567	1445
568	654
568	1562
568	2588
572	612
572	1016
574	1275
574	1905
574	2038
574	2225
576	1455
577	713
581	654
582	2459
589	2582
591	2055
591	2685
592	954
593	612
593	660
593	788
593	1495
593	1869
593	1924
595	768
598	651
598	1939
598	2150
598	2525
601	654
601	732
601	2563
601	2582
601	2783
603	1629
603	2586
606	2200
609	1042
609	2356
610	1358
616	774
616	1026
616	1512
616	2730
622	1456
622	2096
622	2382
625	699
625	1055
625	1737
625	1938
625	2162
625	2184
625	2264
625	2696
637	865
637	1481
637	2203
641	673
641	768
641	905
641	930
641	1170
641	1239
641	1275
641	1445
641	1586
641	2060
641	2066
641	2150
641	2234
641	2461
641	2525
641	2526
641	2757
644	865
645	2081
645	2170
650	768
650	1621
650	2284
651	661
651	678
651	777
651	815
651	843
651	859
651	865
651	917
651	962
651	984
651	987
651	1009
651	1057
651	1181
651	1207
651	1322
651	1422
651	1443
651	1455
651	1481
651	1660
651	1737
651	1775
651	1811
651	1874
651	1902
651	1905
651	1917
651	2001
651	2089
651	2152
651	2154
651	2160
651	2262
651	2278
651	2285
651	2426
651	2582
651	2662
651	2756
651	2779
654	774
654	821
654	824
654	838
654	955
654	1055
654	1154
654	1203
654	1207
654	1211
654	1577
654	1628
654	1704
654	1798
654	1842
654	1869
654	1995
654	2018
654	2019
654	2149
654	2239
654	2377
654	2469
654	2484
654	2752
657	2603
660	840
661	1660
661	2019
671	701
672	1353
672	1734
673	768
673	905
673	930
673	1064
673	1170
673	1239
673	1275
673	1518
673	1586
673	2066
673	2461
673	2526
673	2582
673	2757
678	987
678	1055
678	1289
678	1654
678	2183
678	2582
679	1182
679	1729
679	2352
684	1660
687	2735
694	772
694	824
694	842
694	1004
697	901
699	1055
699	1737
699	2184
699	2696
700	1780
702	1055
702	1610
702	2531
702	2582
702	2583
704	2758
707	1490
713	740
713	818
713	932
713	1182
713	1361
713	1589
720	1869
726	987
726	2046
727	1869
727	2216
735	838
735	1142
735	1361
735	1445
740	848
740	859
740	1464
740	1728
740	1938
740	2278
740	2356
740	2545
745	2470
745	2696
750	962
750	1745
754	2183
754	2225
758	1207
758	1574
758	1842
758	2089
758	2321
758	2352
758	2603
761	903
761	952
761	1079
761	1127
761	1338
761	1403
761	1411
761	1610
761	1830
768	889
768	905
768	930
768	951
768	1170
768	1239
768	1275
768	1418
768	1445
768	1565
768	1586
768	1665
768	1780
768	2152
768	2337
768	2461
768	2526
768	2580
768	2757
772	824
772	842
774	1443
774	1902
774	2225
777	962
777	1788
777	2200
777	2285
779	1170
788	842
788	1554
788	2701
798	1074
801	2252
801	2582
811	2382
811	2582
814	1781
814	2444
815	987
815	1058
815	1767
815	1788
815	2207
821	1211
821	2469
821	2548
821	2757
824	2306
830	1079
831	1060
831	2306
831	2402
838	962
838	1361
838	1769
838	2588
838	2724
840	1858
841	962
842	871
842	1057
842	1074
842	1446
842	1654
842	1902
842	2758
843	1654
843	2008
843	2285
848	1058
848	1147
848	1216
848	1455
848	1767
848	2160
848	2207
850	993
850	1061
850	1323
850	2317
850	2334
850	2510
859	1055
859	1352
859	2233
859	2470
859	2696
865	899
865	1322
865	1481
865	2184
865	2203
865	2521
867	1455
871	1107
873	1948
877	1583
887	1432
887	1645
887	1668
887	1817
887	1930
887	1969
887	2125
887	2332
889	1055
889	2202
889	2582
890	1183
890	1699
896	1551
899	1042
899	1136
899	1561
899	2584
899	2724
901	2334
901	2366
903	1079
903	1127
903	1338
905	930
905	942
905	951
905	1170
905	1239
905	1275
905	1586
905	1608
905	2461
905	2526
905	2757
909	2154
910	1201
914	1057
914	1085
914	1446
914	1453
914	1561
914	1704
914	1902
914	2187
914	2382
914	2644
915	1783
926	2225
930	974
930	1170
930	1212
930	1239
930	1275
930	1586
930	2066
930	2461
930	2526
930	2582
930	2757
932	1446
936	1547
938	2603
941	1858
941	1891
941	2149
942	962
942	2285
954	1211
954	1241
954	1546
954	1763
954	1813
954	2500
955	1055
955	1361
955	1836
955	1842
955	1979
955	2007
955	2060
955	2062
955	2137
955	2203
955	2419
955	2469
955	2522
955	2582
962	987
962	1167
962	1181
962	1322
962	1443
962	1660
962	1894
962	2239
962	2285
962	2327
962	2389
962	2506
971	1798
974	2225
980	1993
987	1055
987	1599
987	2207
987	2225
987	2582
987	2758
989	1170
996	2046
996	2089
997	1838
1009	1074
1009	2037
1009	2073
1016	1660
1016	1817
1016	2089
1017	1061
1017	1540
1017	2027
1026	2730
1034	1798
1036	2237
1042	1136
1042	1561
1042	2284
1042	2724
1046	1079
1055	1170
1055	1583
1055	1660
1055	1733
1055	2184
1055	2254
1055	2419
1055	2582
1055	2696
1055	2760
1057	1322
1057	1540
1057	1581
1057	1654
1057	2160
1057	2225
1057	2285
1057	2321
1057	2691
1058	1660
1058	1767
1058	2207
1060	1215
1060	2306
1060	2391
1060	2402
1061	1079
1064	1096
1064	1716
1064	1729
1064	1817
1064	1878
1064	2023
1064	2170
1064	2216
1064	2298
1064	2352
1064	2470
1074	1902
1074	2278
1074	2469
1074	2577
1074	2752
1079	1127
1079	1289
1079	1307
1079	1338
1079	1610
1079	2589
1085	1107
1085	1752
1085	1861
1085	2237
1085	2756
1092	1348
1092	2108
1092	2672
1109	1938
1116	1222
1120	2471
1127	1338
1127	1610
1127	2216
1136	1422
1136	1561
1136	2540
1136	2589
1136	2724
1142	2296
1147	1581
1147	1775
1149	1704
1149	2461
1152	1291
1152	1446
1152	2582
1154	2582
1165	2470
1170	1239
1170	1275
1170	1289
1170	1586
1170	1842
1170	2063
1170	2066
1170	2252
1170	2339
1170	2461
1170	2526
1170	2582
1170	2757
1181	1654
1181	2285
1181	2588
1181	2772
1207	1325
1207	1654
1207	1754
1207	1788
1207	1845
1207	2008
1207	2582
1207	2779
1214	2001
1218	2113
1222	2037
1226	2522
1239	1275
1239	1586
1239	2066
1239	2461
1239	2526
1239	2582
1239	2757
1260	1455
1260	1902
1269	1475
1269	2752
1274	2055
1275	1586
1275	1817
1275	2066
1275	2461
1275	2526
1275	2582
1275	2670
1275	2757
1289	1817
1306	1817
1307	2735
1324	2170
1325	2137
1325	2746
1352	1495
1352	1574
1352	1858
1352	2624
1354	1888
1358	1445
1358	1574
1358	1818
1358	2008
1358	2685
1361	1445
1361	1455
1361	1636
1361	1938
1361	2334
1362	2467
1369	2336
1375	1990
1385	2302
1400	1583
1403	1817
1411	2188
1411	2556
1411	2758
1411	2794
1414	1447
1414	2760
1417	2678
1418	2521
1422	1817
1422	2298
1422	2305
1422	2540
1422	2589
1422	2724
1437	2763
1443	2019
1443	2749
1445	2149
1445	2262
1445	2334
1445	2484
1445	2612
1446	1727
1448	2100
1455	2113
1455	2658
1455	2667
1456	2671
1457	2225
1458	2284
1475	1529
1475	1864
1481	2184
1481	2203
1481	2521
1481	2723
1493	2580
1494	1574
1494	2001
1495	1574
1495	1619
1495	2677
1511	2028
1511	2758
1512	1869
1512	2013
1512	2672
1512	2730
1527	1540
1527	1836
1529	1864
1532	2433
1540	1778
1540	2164
1540	2608
1551	2451
1551	2497
1561	2724
1562	1781
1562	2188
1563	2089
1565	2058
1573	2443
1574	2018
1574	2060
1575	2681
1577	2004
1577	2024
1581	1775
1583	2205
1583	2377
1583	2582
1583	2715
1586	2461
1586	2582
1586	2757
1587	2302
1589	1682
1589	2779
1601	1939
1605	2225
1607	1654
1608	1654
1611	1817
1614	1969
1615	2038
1615	2666
1623	2096
1627	2758
1628	2089
1628	2225
1645	1817
1654	2046
1654	2225
1654	2321
1654	2352
1654	2586
1654	2783
1660	1902
1660	1956
1660	2019
1660	2150
1660	2152
1660	2402
1666	2269
1673	1707
1683	2469
1683	2589
1685	2756
1691	2205
1691	2262
1702	2307
1704	1772
1704	1799
1704	2433
1704	2470
1704	2582
1704	2644
1715	2724
1723	1980
1729	2298
1729	2352
1730	2470
1731	2321
1733	1889
1733	2764
1737	1783
1737	1818
1748	1902
1751	2001
1752	2055
1752	2237
1752	2756
1759	2202
1767	1811
1767	1845
1767	1932
1767	1934
1767	2207
1771	1817
1772	2029
1772	2334
1772	2525
1772	2746
1775	2696
1779	2095
1779	2113
1779	2131
1781	2444
1783	1938
1788	2313
1806	2001
1811	2216
1818	1938
1818	2701
1822	2485
1836	2183
1842	2582
1845	2321
1858	2262
1858	2691
1861	2237
1874	2290
1889	2580
1891	2225
1893	2731
1895	2611
1897	2666
1930	2234
1934	2001
1934	2545
1938	2586
1948	2758
1956	2720
1969	2152
1979	2587
1998	2147
2001	2019
2001	2149
2001	2366
2001	2439
2001	2715
2013	2262
2022	2494
2023	2201
2027	2470
2038	2666
2046	2187
2060	2377
2062	2248
2066	2757
2072	2302
2078	2225
2089	2149
2089	2352
2089	2420
2089	2478
2096	2225
2113	2468
2113	2749
2122	2461
2131	2334
2131	2447
2134	2582
2137	2202
2160	2749
2184	2203
2184	2521
2188	2556
2188	2731
2188	2758
2188	2794
2191	2285
2191	2494
2196	2205
2200	2685
2201	2586
2203	2252
2203	2521
2203	2611
2205	2444
2205	2636
2225	2284
2225	2758
2233	2470
2233	2696
2237	2756
2254	2582
2254	2671
2262	2685
2282	2302
2284	2540
2285	2313
2285	2586
2298	2352
2302	2379
2302	2453
2305	2540
2305	2589
2306	2402
2316	2385
2336	2746
2370	2762
2378	2406
2391	2402
2412	2582
2419	2582
2461	2582
2461	2757
2470	2696
2511	2540
2521	2662
2526	2582
2526	2757
2540	2589
2540	2685
2540	2724
2556	2758
2556	2794
2582	2612
2588	2685
2589	2724
2629	2762
2658	2798
2731	2758
2746	2756
2758	2794
400	6
416	6
694	6
996	6
1087	6
1902	6
49	7
2089	7
2724	7
49	9
264	9
355	9
1778	9
340	11
477	11
1527	11
2470	15
651	18
901	18
1500	18
112	22
554	22
1085	22
1361	22
1752	22
1861	22
1905	22
2756	22
340	27
1589	27
2290	27
2783	27
1772	29
477	31
1661	31
1781	41
1064	44
323	49
333	49
340	49
365	49
476	49
477	49
486	49
518	49
560	49
572	49
606	49
612	49
699	49
726	49
735	49
842	49
859	49
865	49
924	49
1009	49
1016	49
1136	49
1150	49
1152	49
1207	49
1352	49
1358	49
1377	49
1446	49
1481	49
1702	49
1772	49
1905	49
1917	49
2008	49
2108	49
2142	49
2352	49
2356	49
2433	49
2484	49
2521	49
2603	49
2715	49
2779	49
1817	53
1902	53
1818	61
2252	61
460	65
788	65
1416	65
2262	65
2426	65
2730	65
205	73
1665	73
2458	73
302	79
887	79
899	79
1411	79
641	83
673	83
2154	84
2429	84
99	85
395	85
483	85
1808	85
2608	85
197	89
1358	89
2234	89
774	92
2369	92
477	97
486	99
654	99
955	99
1064	99
1783	99
503	100
1226	100
1358	100
2219	100
2519	100
2522	100
1818	102
477	104
1358	104
213	107
244	107
336	107
651	107
1064	107
1729	107
2298	107
2352	107
2207	110
2574	121
279	122
1581	122
1775	122
713	123
641	130
486	137
815	139
848	139
1058	139
1767	139
673	147
2757	147
653	163
1445	165
1630	165
1009	166
654	168
1055	168
2582	168
660	174
1443	174
2027	174
2134	174
2585	174
279	176
2098	176
558	177
622	177
1009	177
1456	177
1478	177
1527	177
1772	177
954	178
2722	180
777	187
2160	187
2783	187
575	190
1352	190
2525	190
2744	190
651	197
1053	197
1289	197
1475	197
1654	197
1691	197
2158	197
2310	197
2582	197
2252	201
395	204
1574	204
761	205
856	205
952	205
1079	205
1127	205
1338	205
1610	205
1201	210
1075	211
1465	211
244	213
1009	213
1064	213
1729	213
2298	213
2352	213
2495	213
1893	217
616	222
1512	222
1869	222
2730	222
494	223
609	223
1336	223
2202	223
353	224
2162	227
997	229
1838	229
568	231
654	231
740	231
1352	231
1938	231
625	232
699	232
2184	232
2696	232
568	234
2317	234
1064	238
1481	238
537	241
1064	244
1272	244
2298	244
2352	244
2678	255
477	259
2540	262
2589	262
357	265
1755	265
518	266
541	266
657	266
2413	266
494	268
581	268
601	268
654	268
735	268
1009	268
1361	268
1057	274
2225	274
980	275
1150	275
2262	275
2019	277
1009	278
1836	278
859	279
1728	279
2608	279
1702	284
2284	284
1170	288
395	294
603	295
641	296
673	296
980	296
1170	296
1239	296
1181	297
2160	297
2586	297
654	302
1481	302
1974	311
2334	311
887	312
568	313
1445	315
1702	319
654	323
2413	325
859	333
1874	333
2470	333
2696	333
1064	336
1729	336
2352	336
899	339
1446	339
355	340
651	340
842	340
1130	340
1445	340
1654	340
1874	340
2484	340
2734	340
673	344
1475	345
1864	345
1414	348
361	349
1239	349
651	350
942	350
2200	350
2285	350
838	353
1629	353
1745	353
421	355
483	355
560	355
673	355
914	355
987	355
1009	355
1049	355
1207	355
2060	355
2233	355
2321	355
2577	355
2650	355
2730	355
2779	355
1352	357
1354	357
1514	357
1715	357
1894	357
2240	357
2525	357
2576	357
2724	357
1009	361
1704	361
1064	362
651	365
1055	365
2184	368
2521	368
2582	368
609	369
1627	369
2188	369
1563	372
1660	372
1767	373
1932	373
537	374
887	387
405	390
601	390
662	390
1095	390
1406	390
2758	390
2794	390
1621	391
713	392
987	392
654	394
439	395
623	395
824	395
874	395
1064	395
1236	395
1241	395
1614	395
1944	395
2334	395
2611	395
426	397
477	399
2461	399
641	400
775	400
822	400
996	400
1608	400
1654	400
1818	400
2577	400
2582	400
2699	400
537	403
662	405
838	405
1095	405
1406	405
2402	405
2752	405
2794	405
522	407
838	407
1055	407
1583	407
2582	407
962	413
1540	413
735	415
1055	415
1733	415
2142	416
575	418
1683	421
962	423
955	426
1905	432
761	435
936	435
477	439
887	439
962	439
1064	439
1307	439
1734	439
1817	439
1974	439
2089	439
2108	439
2160	439
537	443
469	447
494	452
651	452
850	452
987	452
2685	452
2668	456
936	458
1893	460
1476	462
694	463
772	463
838	463
850	463
2131	463
2225	464
2746	467
654	476
768	476
494	477
541	477
569	477
610	477
622	477
684	477
903	477
987	477
1136	477
1214	477
1358	477
1369	477
1445	477
1561	477
1621	477
1691	477
2046	477
2140	477
2404	477
2469	477
2554	477
2710	477
560	482
2488	482
572	486
603	486
2313	493
567	494
609	494
651	494
702	494
735	494
772	494
811	494
850	494
859	494
924	494
1061	494
1110	494
1323	494
1836	494
1853	494
1995	494
2081	494
2317	494
2525	494
2531	494
2731	494
521	496
735	496
1512	497
2313	497
1064	499
641	500
673	500
1170	500
1239	500
2459	500
2745	500
1226	503
540	507
1220	507
2731	507
2284	513
2746	513
1495	516
2313	516
2603	516
1448	517
541	518
657	518
938	518
1979	518
2298	518
2587	518
2603	518
1213	521
1300	521
2262	521
1079	522
1547	523
2560	523
651	524
1654	524
590	527
673	527
1256	527
2525	527
2746	534
601	537
704	537
838	537
899	537
910	537
1099	537
1119	537
1241	537
1361	537
1772	537
1882	537
1910	537
2066	537
2178	537
2302	537
2332	537
2404	537
2526	537
2672	537
1490	540
561	541
657	541
938	541
2413	541
2603	541
2715	541
651	554
1085	554
1358	554
1752	554
2237	554
2262	554
2756	554
1456	558
651	560
1136	560
1361	567
1445	567
654	568
1562	568
2588	568
612	572
1016	572
1275	574
1905	574
2038	574
2225	574
1455	576
713	577
654	581
2459	582
2582	589
2055	591
2685	591
954	592
612	593
660	593
788	593
1495	593
1869	593
1924	593
768	595
651	598
1939	598
2150	598
2525	598
654	601
732	601
2563	601
2582	601
2783	601
1629	603
2586	603
2200	606
1042	609
2356	609
1358	610
774	616
1026	616
1512	616
2730	616
1456	622
2096	622
2382	622
699	625
1055	625
1737	625
1938	625
2162	625
2184	625
2264	625
2696	625
865	637
1481	637
2203	637
673	641
768	641
905	641
930	641
1170	641
1239	641
1275	641
1445	641
1586	641
2060	641
2066	641
2150	641
2234	641
2461	641
2525	641
2526	641
2757	641
865	644
2081	645
2170	645
768	650
1621	650
2284	650
661	651
678	651
777	651
815	651
843	651
859	651
865	651
917	651
962	651
984	651
987	651
1009	651
1057	651
1181	651
1207	651
1322	651
1422	651
1443	651
1455	651
1481	651
1660	651
1737	651
1775	651
1811	651
1874	651
1902	651
1905	651
1917	651
2001	651
2089	651
2152	651
2154	651
2160	651
2262	651
2278	651
2285	651
2426	651
2582	651
2662	651
2756	651
2779	651
774	654
821	654
824	654
838	654
955	654
1055	654
1154	654
1203	654
1207	654
1211	654
1577	654
1628	654
1704	654
1798	654
1842	654
1869	654
1995	654
2018	654
2019	654
2149	654
2239	654
2377	654
2469	654
2484	654
2752	654
2603	657
840	660
1660	661
2019	661
701	671
1353	672
1734	672
768	673
905	673
930	673
1064	673
1170	673
1239	673
1275	673
1518	673
1586	673
2066	673
2461	673
2526	673
2582	673
2757	673
987	678
1055	678
1289	678
1654	678
2183	678
2582	678
1182	679
1729	679
2352	679
1660	684
2735	687
772	694
824	694
842	694
1004	694
901	697
1055	699
1737	699
2184	699
2696	699
1780	700
1055	702
1610	702
2531	702
2582	702
2583	702
2758	704
1490	707
740	713
818	713
932	713
1182	713
1361	713
1589	713
1869	720
987	726
2046	726
1869	727
2216	727
838	735
1142	735
1361	735
1445	735
848	740
859	740
1464	740
1728	740
1938	740
2278	740
2356	740
2545	740
2470	745
2696	745
962	750
1745	750
2183	754
2225	754
1207	758
1574	758
1842	758
2089	758
2321	758
2352	758
2603	758
903	761
952	761
1079	761
1127	761
1338	761
1403	761
1411	761
1610	761
1830	761
889	768
905	768
930	768
951	768
1170	768
1239	768
1275	768
1418	768
1445	768
1565	768
1586	768
1665	768
1780	768
2152	768
2337	768
2461	768
2526	768
2580	768
2757	768
824	772
842	772
1443	774
1902	774
2225	774
962	777
1788	777
2200	777
2285	777
1170	779
842	788
1554	788
2701	788
1074	798
2252	801
2582	801
2382	811
2582	811
1781	814
2444	814
987	815
1058	815
1767	815
1788	815
2207	815
1211	821
2469	821
2548	821
2757	821
2306	824
1079	830
1060	831
2306	831
2402	831
962	838
1361	838
1769	838
2588	838
2724	838
1858	840
962	841
871	842
1057	842
1074	842
1446	842
1654	842
1902	842
2758	842
1654	843
2008	843
2285	843
1058	848
1147	848
1216	848
1455	848
1767	848
2160	848
2207	848
993	850
1061	850
1323	850
2317	850
2334	850
2510	850
1055	859
1352	859
2233	859
2470	859
2696	859
899	865
1322	865
1481	865
2184	865
2203	865
2521	865
1455	867
1107	871
1948	873
1583	877
1432	887
1645	887
1668	887
1817	887
1930	887
1969	887
2125	887
2332	887
1055	889
2202	889
2582	889
1183	890
1699	890
1551	896
1042	899
1136	899
1561	899
2584	899
2724	899
2334	901
2366	901
1079	903
1127	903
1338	903
930	905
942	905
951	905
1170	905
1239	905
1275	905
1586	905
1608	905
2461	905
2526	905
2757	905
2154	909
1201	910
1057	914
1085	914
1446	914
1453	914
1561	914
1704	914
1902	914
2187	914
2382	914
2644	914
1783	915
2225	926
974	930
1170	930
1212	930
1239	930
1275	930
1586	930
2066	930
2461	930
2526	930
2582	930
2757	930
1446	932
1547	936
2603	938
1858	941
1891	941
2149	941
962	942
2285	942
1211	954
1241	954
1546	954
1763	954
1813	954
2500	954
1055	955
1361	955
1836	955
1842	955
1979	955
2007	955
2060	955
2062	955
2137	955
2203	955
2419	955
2469	955
2522	955
2582	955
987	962
1167	962
1181	962
1322	962
1443	962
1660	962
1894	962
2239	962
2285	962
2327	962
2389	962
2506	962
1798	971
2225	974
1993	980
1055	987
1599	987
2207	987
2225	987
2582	987
2758	987
1170	989
2046	996
2089	996
1838	997
1074	1009
2037	1009
2073	1009
1660	1016
1817	1016
2089	1016
1061	1017
1540	1017
2027	1017
2730	1026
1798	1034
2237	1036
1136	1042
1561	1042
2284	1042
2724	1042
1079	1046
1170	1055
1583	1055
1660	1055
1733	1055
2184	1055
2254	1055
2419	1055
2582	1055
2696	1055
2760	1055
1322	1057
1540	1057
1581	1057
1654	1057
2160	1057
2225	1057
2285	1057
2321	1057
2691	1057
1660	1058
1767	1058
2207	1058
1215	1060
2306	1060
2391	1060
2402	1060
1079	1061
1096	1064
1716	1064
1729	1064
1817	1064
1878	1064
2023	1064
2170	1064
2216	1064
2298	1064
2352	1064
2470	1064
1902	1074
2278	1074
2469	1074
2577	1074
2752	1074
1127	1079
1289	1079
1307	1079
1338	1079
1610	1079
2589	1079
1107	1085
1752	1085
1861	1085
2237	1085
2756	1085
1348	1092
2108	1092
2672	1092
1938	1109
1222	1116
2471	1120
1338	1127
1610	1127
2216	1127
1422	1136
1561	1136
2540	1136
2589	1136
2724	1136
2296	1142
1581	1147
1775	1147
1704	1149
2461	1149
1291	1152
1446	1152
2582	1152
2582	1154
2470	1165
1239	1170
1275	1170
1289	1170
1586	1170
1842	1170
2063	1170
2066	1170
2252	1170
2339	1170
2461	1170
2526	1170
2582	1170
2757	1170
1654	1181
2285	1181
2588	1181
2772	1181
1325	1207
1654	1207
1754	1207
1788	1207
1845	1207
2008	1207
2582	1207
2779	1207
2001	1214
2113	1218
2037	1222
2522	1226
1275	1239
1586	1239
2066	1239
2461	1239
2526	1239
2582	1239
2757	1239
1455	1260
1902	1260
1475	1269
2752	1269
2055	1274
1586	1275
1817	1275
2066	1275
2461	1275
2526	1275
2582	1275
2670	1275
2757	1275
1817	1289
1817	1306
2735	1307
2170	1324
2137	1325
2746	1325
1495	1352
1574	1352
1858	1352
2624	1352
1888	1354
1445	1358
1574	1358
1818	1358
2008	1358
2685	1358
1445	1361
1455	1361
1636	1361
1938	1361
2334	1361
2467	1362
2336	1369
1990	1375
2302	1385
1583	1400
1817	1403
2188	1411
2556	1411
2758	1411
2794	1411
1447	1414
2760	1414
2678	1417
2521	1418
1817	1422
2298	1422
2305	1422
2540	1422
2589	1422
2724	1422
2763	1437
2019	1443
2749	1443
2149	1445
2262	1445
2334	1445
2484	1445
2612	1445
1727	1446
2100	1448
2113	1455
2658	1455
2667	1455
2671	1456
2225	1457
2284	1458
1529	1475
1864	1475
2184	1481
2203	1481
2521	1481
2723	1481
2580	1493
1574	1494
2001	1494
1574	1495
1619	1495
2677	1495
2028	1511
2758	1511
1869	1512
2013	1512
2672	1512
2730	1512
1540	1527
1836	1527
1864	1529
2433	1532
1778	1540
2164	1540
2608	1540
2451	1551
2497	1551
2724	1561
1781	1562
2188	1562
2089	1563
2058	1565
2443	1573
2018	1574
2060	1574
2681	1575
2004	1577
2024	1577
1775	1581
2205	1583
2377	1583
2582	1583
2715	1583
2461	1586
2582	1586
2757	1586
2302	1587
1682	1589
2779	1589
1939	1601
2225	1605
1654	1607
1654	1608
1817	1611
1969	1614
2038	1615
2666	1615
2096	1623
2758	1627
2089	1628
2225	1628
1817	1645
2046	1654
2225	1654
2321	1654
2352	1654
2586	1654
2783	1654
1902	1660
1956	1660
2019	1660
2150	1660
2152	1660
2402	1660
2269	1666
1707	1673
2469	1683
2589	1683
2756	1685
2205	1691
2262	1691
2307	1702
1772	1704
1799	1704
2433	1704
2470	1704
2582	1704
2644	1704
2724	1715
1980	1723
2298	1729
2352	1729
2470	1730
2321	1731
1889	1733
2764	1733
1783	1737
1818	1737
1902	1748
2001	1751
2055	1752
2237	1752
2756	1752
2202	1759
1811	1767
1845	1767
1932	1767
1934	1767
2207	1767
1817	1771
2029	1772
2334	1772
2525	1772
2746	1772
2696	1775
2095	1779
2113	1779
2131	1779
2444	1781
1938	1783
2313	1788
2001	1806
2216	1811
1938	1818
2701	1818
2485	1822
2183	1836
2582	1842
2321	1845
2262	1858
2691	1858
2237	1861
2290	1874
2580	1889
2225	1891
2731	1893
2611	1895
2666	1897
2234	1930
2001	1934
2545	1934
2586	1938
2758	1948
2720	1956
2152	1969
2587	1979
2147	1998
2019	2001
2149	2001
2366	2001
2439	2001
2715	2001
2262	2013
2494	2022
2201	2023
2470	2027
2666	2038
2187	2046
2377	2060
2248	2062
2757	2066
2302	2072
2225	2078
2149	2089
2352	2089
2420	2089
2478	2089
2225	2096
2468	2113
2749	2113
2461	2122
2334	2131
2447	2131
2582	2134
2202	2137
2749	2160
2203	2184
2521	2184
2556	2188
2731	2188
2758	2188
2794	2188
2285	2191
2494	2191
2205	2196
2685	2200
2586	2201
2252	2203
2521	2203
2611	2203
2444	2205
2636	2205
2284	2225
2758	2225
2470	2233
2696	2233
2756	2237
2582	2254
2671	2254
2685	2262
2302	2282
2540	2284
2313	2285
2586	2285
2352	2298
2379	2302
2453	2302
2540	2305
2589	2305
2402	2306
2385	2316
2746	2336
2762	2370
2406	2378
2402	2391
2582	2412
2582	2419
2582	2461
2757	2461
2696	2470
2540	2511
2662	2521
2582	2526
2757	2526
2589	2540
2685	2540
2724	2540
2758	2556
2794	2556
2612	2582
2685	2588
2724	2589
2762	2629
2798	2658
2758	2731
2756	2746
2794	2758
