3294	3796
3294	2755
225	1884
225	564
225	1994
1372	3646
1372	3826
137	2017
2813	3296
348	628
348	3163
91	4491
91	3296
2911	199
3343	199
3343	4082
3475	3426
1594	102
1594	4520
1594	196
1594	3876
1594	2626
1594	4142
3477	654
3477	2970
3477	2643
3477	994
3477	3876
3477	4491
3477	2583
3477	1994
1610	1277
1610	172
1610	2583
1610	2905
2465	3578
2465	199
2465	554
857	542
857	1312
857	1811
857	172
857	4491
857	820
857	1826
857	3333
696	2979
696	4405
696	3188
696	286
696	3665
696	4248
696	899
696	214
696	4133
696	810
696	62
696	2578
696	4195
696	3646
696	3759
696	26
1448	1815
415	1186
415	4411
415	7
415	3936
415	1836
415	1359
415	3191
415	2217
415	241
415	1904
415	4555
415	676
415	2066
415	285
415	2553
1371	3982
3940	2361
3940	505
654	4074
654	102
654	1740
654	4281
654	502
654	4551
654	3639
203	1767
203	1579
203	3167
3949	1970
3533	241
3533	285
3533	2553
245	394
245	1153
245	1881
245	1569
245	3295
245	950
245	241
245	1117
245	1904
245	2768
245	533
245	285
245	671
245	2553
355	241
1438	2757
1438	2896
1366	3147
1790	2522
3183	2936
326	2831
326	4121
284	1739
284	1934
284	780
1539	3868
1539	2578
1539	4491
436	2402
529	784
529	4106
529	2868
529	2522
529	2018
784	4106
784	2868
784	2018
4106	2868
4106	2522
4106	2018
2868	2522
2868	2018
4323	3295
2023	4066
2023	3383
2023	3653
2388	4397
2388	967
4435	4408
4435	1858
4435	637
4435	1408
4356	392
4356	2239
4356	1436
4408	3597
4408	3726
4408	444
4408	4281
4408	2939
4408	3818
4408	1905
4408	2510
392	2239
392	4225
2589	4117
3567	2236
3567	1978
3567	2786
3567	265
3567	4520
3567	870
3567	457
3567	86
3567	3682
3567	2361
2788	3324
2105	3778
2105	346
2105	542
2105	2433
3778	346
3778	542
3778	2433
3778	1978
3778	1576
346	542
346	2433
346	3335
346	3147
346	1934
346	3526
1893	3340
1893	1813
1893	224
485	416
3850	286
3850	3639
2278	263
2291	535
3226	1638
3226	3285
3226	2612
3226	3167
3226	851
826	535
826	3285
985	2205
1532	3886
1989	3469
1989	4343
1989	3997
542	2433
542	2226
542	3558
542	3295
542	2579
542	3033
542	1434
542	3335
542	14
542	2755
542	59
542	4112
542	806
542	554
542	1092
542	3639
542	4082
542	2660
2433	3335
2433	3793
4440	1638
597	1978
597	1927
597	925
597	1988
597	3191
597	1847
597	2550
597	3539
597	1086
597	888
597	1028
597	2029
597	2742
2979	1888
3340	62
3340	3726
3340	444
3340	3963
3340	4186
3340	59
3340	4291
3340	1738
3340	2395
2312	1750
2312	834
3504	3557
1683	2590
1683	820
2541	711
2541	2728
585	3180
585	3364
1705	724
1705	2604
836	2402
4198	1516
4546	1556
4546	1701
4546	1988
4546	1114
1392	3681
1392	1563
1392	2861
1392	724
1392	1299
1392	1969
1392	554
1392	2963
1392	446
3681	2402
2356	1978
4415	2476
2476	2516
2476	0
2476	1
2476	3147
2476	377
2516	0
3694	897
3303	3502
3303	2653
3303	3532
3573	1186
3573	2367
3573	1888
3573	1836
3573	3191
3573	241
3573	4110
3573	676
3573	554
3573	2066
3573	1013
3573	533
3573	285
3573	2553
3573	1461
4501	2511
2148	172
1789	2852
1789	241
211	676
211	146
211	2385
2741	2836
2051	199
2236	4545
2236	3278
2236	81
2236	3335
2236	161
2236	3060
2236	620
2236	3986
4405	286
4405	3638
4405	1847
4405	1849
4405	3100
3107	571
3107	947
3107	1013
571	1277
1293	112
1293	3646
1293	564
1293	554
1293	3872
4334	1971
4334	2970
4334	2171
4334	2777
4334	929
4334	3563
4334	2709
4334	1296
4537	2244
2717	3064
2717	366
2717	4010
2244	479
2423	2850
2423	3494
2423	3678
2423	3098
1834	2687
1834	172
1834	554
419	1176
419	2578
419	2827
1176	1469
2452	1717
2452	535
2452	947
1327	1429
1312	770
1312	4436
1312	701
1312	720
1312	706
1312	3639
1312	1850
1312	1389
770	3001
770	3528
770	4436
770	116
770	794
770	929
770	4141
770	701
770	197
770	3147
770	1608
770	1850
770	2926
4372	444
2404	3234
3622	1971
3622	1081
3622	799
3622	979
3001	947
3528	286
2850	1978
2850	3440
2850	3472
2850	1415
2850	1531
2850	4373
2850	872
2850	2812
2850	86
2850	839
2850	1356
2757	2402
2805	378
2805	1467
2805	628
2805	4318
2805	58
2805	2518
2805	299
689	463
4273	4535
394	4313
394	2367
394	3936
394	1836
394	3191
394	438
394	241
394	469
394	2142
394	676
394	2066
394	533
394	285
394	4276
394	2553
394	1461
1719	4098
883	1712
883	2039
883	2424
1552	2190
1552	1581
1552	2806
3771	502
3983	604
3264	4117
1343	1277
1343	411
1343	280
1343	2980
492	3407
492	2017
409	286
409	4498
409	112
409	1785
409	2133
3072	1850
3072	180
2967	2338
2967	267
1297	1978
1297	1002
1978	2155
1978	3868
1978	2272
1978	746
1978	1396
1978	3711
1978	2453
1978	3033
1978	810
1978	2351
1978	1339
1978	3335
1978	4343
1978	677
1978	481
1978	2089
1978	4130
1978	624
1978	4479
1978	4091
1978	1447
1978	476
1978	1518
1978	2871
1978	1020
1978	86
1978	1088
1978	4254
1978	3826
1978	533
1978	2176
1978	1501
1978	2229
1978	53
1978	547
1978	632
1978	730
1978	938
1978	1694
1978	2333
1978	2840
1978	3438
1978	3565
1978	3812
1978	3965
1978	2633
3229	596
3709	286
1712	3717
1712	3792
3717	648
3717	1680
3717	3792
2695	2164
2695	1680
2695	2947
2695	1883
2695	853
2695	103
1153	3445
1153	2367
1153	114
1153	7
1153	3936
1153	1836
1153	1359
1153	3191
1153	1651
1153	1623
1153	438
1153	241
1153	469
1153	2142
1153	4110
1153	676
1153	2066
1153	66
1153	285
1153	2553
1153	1461
1153	1875
2083	648
2083	425
2083	252
2083	308
2083	13
2083	297
2083	121
2083	233
2083	412
2083	371
3135	2021
3135	2398
3135	4361
3135	2190
3135	2760
3135	1621
3135	4229
3135	3296
3135	1994
3135	4324
3188	3281
3188	1561
3188	568
3188	876
3188	3639
3188	3531
3460	3958
4345	724
4345	252
4345	4352
4345	3242
4345	1956
4345	1309
4345	3008
4345	3639
4345	1738
4345	1172
2428	1717
2428	3324
2428	3575
1717	3324
1717	4226
2925	359
2925	2972
2925	106
2925	444
2925	3589
2925	532
2925	677
2925	2897
2925	4222
2925	2133
2925	3639
2925	1738
4371	77
1747	950
1747	560
1747	2768
253	2687
253	172
2961	3989
2511	2687
2511	2031
2511	3509
2511	4098
2511	2754
2511	1753
2511	1909
2715	2418
2715	1687
3281	2464
2164	1563
2164	1422
2164	1638
2164	805
2164	752
2164	2939
2164	2871
2164	554
2164	2754
2164	4082
2164	853
2164	121
629	2687
2310	3275
2226	4012
1971	3394
1971	3721
1971	1919
1971	929
1971	1081
1971	3197
1971	1470
1971	370
1971	263
1971	2906
1971	2166
63	1680
63	2021
2522	2018
2522	1422
2522	994
2018	1422
2018	4498
2018	3145
286	2366
286	1422
286	188
286	267
286	3721
286	4498
286	639
286	2951
286	37
286	4436
286	3102
286	2210
286	1680
286	4536
286	1396
286	238
286	794
286	4057
286	1081
286	2453
286	4400
286	4513
286	1581
286	1131
286	2819
286	1623
286	768
286	3151
286	4194
286	701
286	3997
286	57
286	1981
286	1274
286	1213
286	4002
286	161
286	2147
286	3574
286	3347
286	2590
286	2427
286	858
286	988
286	1905
286	3925
286	997
286	1266
286	1169
286	3127
286	1965
286	1155
286	2583
286	4068
286	2856
286	969
286	3182
286	2798
286	2827
286	2361
286	853
286	1755
286	2514
286	2131
286	26
286	586
286	861
286	1199
286	1296
286	1411
286	1636
286	1873
286	1882
286	2734
286	2935
286	2975
286	3541
286	3737
286	3788
286	3837
286	3861
286	3986
286	4153
286	3176
286	1824
737	947
737	2169
648	1623
648	1516
2970	3721
2970	929
2970	4392
2970	625
2970	806
2970	1169
2970	3892
2970	1850
1538	2519
617	2662
617	726
617	1670
617	720
617	2169
514	1489
1563	4176
1563	3335
1563	1800
1563	624
1563	853
1563	2567
1563	15
1563	3612
1563	1909
1563	990
1563	3453
4333	4491
2366	99
2366	4527
2366	3696
2366	1981
2366	2612
2366	844
3116	383
3116	628
3116	3163
3116	4310
535	3055
535	99
535	2897
535	2533
535	3583
535	4373
535	259
535	2169
535	3095
535	1125
535	3789
647	228
1422	4498
1422	639
1422	3478
3407	2881
3407	1830
3407	208
3407	3464
3407	1174
3407	30
3407	4325
3407	2017
3407	3008
3407	1708
923	2879
923	2456
923	1277
923	2673
923	866
923	1800
923	40
923	1732
923	3297
923	628
923	2518
923	3010
2879	2456
2879	1277
2879	2673
2879	866
2879	40
2879	1732
2879	3297
2879	628
2879	3662
2879	2518
2879	1873
2879	3010
4218	3920
1186	3295
1186	2955
1186	950
1186	3364
1186	1875
1186	2184
3641	1952
188	1986
188	4228
188	412
2302	4392
2302	1191
3394	4513
3394	2470
4176	1168
4176	1355
1151	3147
1151	42
1151	3148
454	4394
2084	1436
2084	544
2084	3582
2084	4241
2084	3210
2084	3375
2084	81
2084	3597
2084	3726
2084	783
2084	4281
2084	866
2084	3697
2084	2939
2084	3743
2084	2583
2084	1698
2084	1738
2084	2290
2084	1501
2084	1235
2084	1873
2084	4294
2084	990
1436	1516
1436	1698
1436	3562
1436	1662
1436	3561
2896	2402
2896	3354
267	4498
267	639
267	2951
267	364
267	755
267	66
3721	929
3721	1623
3721	3682
4498	4117
4498	3600
4498	994
4498	2361
4498	1258
4498	2169
639	724
2881	208
2881	308
2881	1174
2881	30
2881	2017
2881	122
2881	1338
2881	1708
2881	2574
1580	4237
37	4121
3824	3930
3824	1516
3129	2644
3129	3147
3129	457
3129	2906
3129	1820
3129	3532
2644	3405
49	4099
3665	4195
2786	2224
2786	2453
2786	3147
2786	3296
2786	3602
1701	4487
1701	3527
1701	3272
1701	1469
1701	33
1701	4044
1701	2812
1701	931
1701	3769
1701	1356
4487	3040
4487	1536
4487	4551
4487	2812
4487	2166
4487	1529
4487	3381
4487	4165
3527	1550
3527	2812
3527	2166
3527	3095
165	2402
3783	2963
118	4361
118	4551
118	3296
118	3138
118	2858
118	956
118	2574
3747	3595
2501	2383
2501	285
1843	3595
1843	1888
1843	3191
1843	724
1843	676
1843	619
1843	285
1843	1461
1881	3595
1881	3445
1881	2367
1881	3936
1881	1836
1881	3191
1881	1838
1881	241
1881	1904
1881	2307
1881	1518
1881	4110
1881	676
1881	2066
1881	4280
1881	533
1881	65
1881	285
1881	2553
1881	1461
1881	3813
4342	1216
4313	1464
4313	831
3251	67
1561	265
1561	1579
2407	2766
2407	3743
3595	1569
3595	1986
3595	7
3595	3936
3595	1974
3595	1197
3595	241
3595	2142
3595	285
3998	1800
3272	832
3272	3792
507	4117
507	3019
507	929
507	1254
507	4281
507	3997
507	4130
507	1553
507	2007
507	3827
507	586
507	740
507	2563
2155	102
2155	3089
2155	3046
2155	3639
2155	1975
4358	3950
832	633
832	2710
832	2396
4436	3955
3102	3416
3102	638
3102	1245
3102	704
3324	724
3324	947
4226	1968
4509	3574
4509	3114
812	531
4348	246
4348	1811
4348	3743
4348	576
3380	3612
3111	259
3111	533
3445	1485
3445	3956
3445	2768
3445	66
3445	1501
3445	1875
2573	122
2573	1629
1616	802
3868	2578
3868	1168
3868	421
3868	3639
3868	931
3868	4010
3868	851
3868	1977
1830	30
1830	2017
1830	1645
1830	2574
3195	3763
3195	4257
2418	1965
246	516
246	1449
246	731
2224	1680
2224	274
2224	112
2224	3570
2224	3296
2224	3602
711	2728
711	1469
711	1456
2693	3089
2693	2434
3731	3958
3731	2434
1680	4155
1680	4525
1680	2439
1680	3792
1680	633
1680	4012
1680	259
544	3581
544	2726
3582	106
3582	3314
3957	180
3957	530
2021	3509
2021	1800
2021	1224
2021	1905
2021	872
2021	4500
2021	2325
2021	2561
1283	1134
1283	1456
1283	2169
1283	2492
1283	3808
3376	345
3376	4480
1898	2190
1898	1503
1898	199
1898	2574
2542	3333
2564	532
4471	2731
4471	199
4471	2906
4471	1338
4471	4543
4248	1638
4248	3639
2892	2963
4411	1740
4411	2963
4411	1875
3828	3021
3828	1734
3828	2731
3828	605
3828	476
3828	905
3828	3925
3828	3982
3828	3639
1006	2707
655	1469
2272	531
3405	1711
3405	1084
2171	99
2171	1131
2171	1570
1302	1569
746	131
746	633
746	58
804	502
804	4491
1034	102
4536	787
4536	81
4536	3697
4536	3333
787	81
787	3697
2922	3841
2922	4045
2759	172
2759	199
2759	4131
2752	3628
2752	3581
2752	677
2752	2726
24	45
24	4321
4117	3389
4117	311
4117	1536
4117	1936
4117	1583
4117	1652
4117	3805
4427	2402
4427	4281
4427	1356
4427	1191
1455	628
303	724
303	1917
1469	1272
1469	2355
1469	2612
1469	282
1469	1450
364	3639
364	2776
4432	4103
4432	3743
4432	3639
2630	3670
2630	3628
2630	2726
2630	4139
3013	1536
3013	3639
80	1084
80	3639
50	3385
50	1257
50	3482
2466	438
1868	172
1868	3597
1868	126
1868	1134
1868	4491
1868	1378
1868	633
1868	594
1868	2612
1868	275
1868	1382
208	4325
208	4543
300	3019
300	1516
300	3639
1876	3423
120	4361
120	3682
120	473
120	3872
4241	3296
4241	2574
2039	4361
3740	2169
725	1675
725	1847
725	4300
725	3387
725	3724
725	2619
725	1518
725	2125
3670	4247
3670	3197
3670	3597
3670	842
3670	4281
3670	532
3670	2939
3670	2726
3670	4222
3670	990
2367	1974
2367	3295
2367	950
2367	241
2367	1463
2367	2066
2367	533
2367	285
2367	2553
2367	3529
1768	2585
1768	2481
1569	1986
1569	7
1569	3936
1569	1974
1569	3165
1569	1836
1569	3191
1569	4554
1569	241
1569	1117
1569	2307
1569	1467
1569	633
1569	4373
1569	2949
1569	676
1569	2066
1569	212
1569	1715
1569	533
1569	285
1569	777
1569	2553
1569	1461
2852	1364
2852	285
1364	1578
1364	285
1364	2553
2855	3936
2855	1359
2855	3191
2855	2483
2855	992
2855	2064
2855	2376
2855	1117
2855	158
2855	45
2855	285
2855	4335
3558	3575
3558	4343
3558	2191
3558	86
1813	161
1813	2417
359	4361
359	172
359	3597
359	444
359	2386
359	3963
359	532
359	126
359	3818
359	4222
359	2754
359	83
2479	4007
2777	4392
1986	2217
1986	241
1986	285
1986	2553
114	950
114	3827
2982	3889
2982	2496
1888	950
1888	2751
1888	3547
1888	2784
1748	1838
1748	761
1748	3728
3711	637
1201	724
3398	1516
2835	1988
2835	2114
2835	2818
2835	2768
2835	285
2835	3879
2037	2217
2037	3364
2037	3147
2037	3557
3252	715
3252	3064
3252	2949
7	1974
7	3165
7	3064
7	1257
7	560
7	4367
7	1904
7	762
3936	1974
3936	3295
3936	560
3936	4081
3936	1904
3936	4555
3936	3360
3936	212
3936	2768
3936	533
3936	1501
3936	1875
3936	2396
1974	1836
1974	3191
1974	212
1974	285
1974	2553
1464	241
1464	3646
3165	2949
1836	3295
1836	950
1836	448
1836	1838
1836	469
1836	1117
1836	1904
1836	212
1836	533
1836	66
4103	3579
4103	898
4103	2682
4103	1960
1684	1739
2398	3509
2398	2766
2398	2070
2398	1905
2398	628
2398	3163
2398	1755
2398	1909
2972	3043
2972	3597
2972	1570
2972	2235
2972	842
2972	4072
2972	2939
2972	2726
2972	4222
2972	762
2972	2798
2972	2514
2972	2308
2972	26
238	2017
238	2917
238	1169
238	2110
238	3224
4155	2687
4155	172
4155	554
4155	207
4155	351
715	2389
649	444
649	2949
649	2963
3276	1181
3276	2975
191	637
2548	3908
3090	3639
3457	1755
3295	3019
3295	950
3295	3191
3295	2643
3295	14
3295	241
3295	676
3295	2066
3295	285
3295	2553
3295	1461
3295	3813
3494	1811
3494	1638
3494	1227
3494	2984
3494	2343
3494	2963
3494	2975
1359	2768
1359	1875
1359	2633
794	1277
794	196
2456	1277
2456	2673
2456	40
2456	1732
2456	3297
2456	2962
2456	3639
2456	434
2456	3179
2456	3565
2456	3010
2108	3046
3064	1266
3064	823
3064	8
3064	366
3064	45
3600	827
3600	1207
3600	726
3600	2170
3600	793
3600	3296
3600	2464
3600	1053
3600	2797
3600	1934
3600	931
3600	2118
3600	2653
3600	958
3600	3317
3600	3489
3210	1277
3210	4361
3210	994
3143	1277
3143	252
3143	2238
3143	2939
3143	3147
3143	2726
3143	1199
2955	3273
2955	66
2955	1358
416	1579
416	3639
416	2926
983	1536
1342	2687
1342	1744
1342	3296
1342	3461
3414	2066
4409	3466
35	813
35	568
35	1905
35	2325
35	1738
35	1809
1988	2007
1988	3759
3423	457
2129	4012
2129	121
3598	3147
803	58
803	2172
1609	1537
1609	3639
302	805
2857	950
2857	2217
4057	194
4057	1277
4057	1479
4057	2089
4057	706
2853	2687
4397	918
4397	4112
4397	1458
173	2583
173	3333
1187	1576
3831	2424
3831	241
3831	66
4113	3019
4113	2687
4113	2389
4113	4388
3019	2687
3019	4133
3019	1184
3019	4201
3019	1831
3019	4388
3019	3095
3019	1114
3019	1065
3019	1629
3019	2369
2687	1870
2687	4361
2687	2439
2687	104
2687	3958
2687	2389
2687	4388
2687	2660
2687	3
2687	1319
1111	4242
1111	594
1111	928
1111	1826
1811	222
1811	820
1811	3415
4267	3657
4545	1209
4545	102
4545	1389
4182	3646
4182	3030
4182	851
4182	3612
4182	531
4182	1879
2579	1638
2579	3482
2579	1245
2579	4491
2579	823
2579	2836
2579	2567
2579	931
2579	1484
2579	2622
1972	2126
929	783
929	3453
3611	1670
3611	851
1081	3354
1081	25
194	1209
194	1277
194	161
194	774
1209	1277
1209	4525
1209	3169
2861	3147
1277	3485
1277	4525
1277	4361
1277	2191
1277	2673
1277	2897
1277	40
1277	2997
1277	720
1277	197
1277	4164
1277	3127
1277	86
1277	2389
1277	4388
1277	2518
1277	4058
1277	13
1277	1377
1277	4153
1277	3010
3485	4237
3485	3169
3485	1031
1255	1528
1255	922
1255	3639
1198	3639
1198	2434
1198	2653
1267	2243
1267	872
652	99
652	554
2031	3509
2031	1581
2031	668
2031	4307
2031	248
2031	4491
2031	3296
2031	1994
1814	4307
1814	3296
2359	4343
2359	4012
1181	3589
4525	4361
4525	199
4525	1019
4525	2626
4525	3333
1782	521
950	3191
950	1838
950	481
950	241
950	469
950	1904
950	1463
950	2661
950	2066
950	533
950	1501
950	67
950	285
950	2553
950	1461
950	3529
950	3813
3921	2939
3921	1695
2453	3278
2453	81
2453	2897
2453	1800
2453	3539
2453	1200
2453	947
2453	2169
2453	388
254	199
425	3296
3191	2217
3191	3261
3191	2380
3191	2383
3191	1117
3191	4555
3191	554
3191	3360
3191	212
3191	2768
3191	533
3191	1501
3191	2229
3191	2384
3191	285
3191	1875
3021	1207
3021	172
3021	1257
3021	954
3021	2251
3021	57
3021	3482
3021	3426
3021	3639
1739	4386
2217	2812
2217	4228
2217	586
2217	1725
2217	2072
2217	2300
4351	465
4351	241
4351	761
4351	1346
4351	285
3389	4520
3389	457
2254	4363
1347	2649
1347	1230
2437	1516
3712	3469
2937	4186
2937	220
917	1487
917	3874
917	2470
917	811
3509	668
3509	3296
106	224
106	3501
106	3242
106	2908
106	4388
106	1738
106	1384
3402	102
2763	378
1096	3639
1211	3639
3144	4520
3144	3892
448	516
448	81
448	3285
827	954
827	677
827	345
827	2064
827	3639
827	2737
827	25
517	516
516	3285
184	2402
184	1740
184	4506
184	1751
184	880
616	1227
2442	724
2442	2358
2442	2812
3278	3997
3278	370
3278	3060
3278	1809
3278	3610
2877	3375
2877	4078
2877	1227
2877	1541
2877	2984
2877	1652
1207	1195
1207	564
1207	3354
1207	3444
1207	2201
2113	2997
1215	564
1215	4359
330	3147
801	383
801	1150
801	628
801	3639
801	3775
801	299
1004	621
1004	3639
4361	2766
4361	170
4361	1567
4361	4098
4361	568
4361	2032
4361	123
4361	126
4361	2755
4361	1245
4361	3583
4361	3218
4361	2688
4361	637
4361	1965
4361	2486
4361	554
4361	2607
4361	4166
4361	4085
3385	1847
3385	3874
3385	27
3385	1245
3385	2591
3464	502
3464	30
3464	4045
3464	1338
3464	4543
3464	279
265	638
265	199
265	1850
265	2361
378	4485
378	594
378	1024
378	528
378	4012
378	1458
378	122
378	1423
2766	3876
2766	825
2766	2664
214	3639
465	3147
465	637
1100	3639
1100	3260
824	3657
824	212
81	4147
81	1282
81	4271
81	677
81	3697
81	248
81	4077
81	2672
81	1649
81	1661
81	3614
81	3872
4133	3180
4133	967
4133	86
4133	3682
4133	3639
1526	2521
1197	241
1197	4140
3734	3171
3261	1461
1962	4554
2380	2860
2380	4555
2380	285
2380	3434
2383	67
2383	285
2643	1968
2643	568
2643	2510
3391	3965
2831	1583
3334	564
3334	3593
3334	3333
3074	3138
3074	1994
79	677
79	3093
3197	1282
3197	228
3197	3093
2457	3354
2457	851
3578	3539
3578	418
3578	1252
3578	2688
3578	86
3578	2325
3578	4535
2862	1385
170	2583
170	669
170	4260
749	777
4392	2731
4392	3125
4243	2303
4041	3639
4041	1240
2190	1200
2190	1934
2190	958
4316	411
3667	2402
3667	252
3667	2626
3667	3566
3469	4343
3469	1550
3469	931
172	1257
172	3997
172	104
172	30
172	3624
172	4112
172	670
172	2661
172	1618
172	3521
172	3806
1434	3997
1434	4491
1434	4067
1434	2546
1257	810
1257	27
1257	1550
1257	57
1257	1245
1257	823
1257	275
1257	212
1257	2567
3638	42
4513	2470
4513	4161
1551	102
1551	1259
1551	2402
1551	502
3678	676
3678	2768
810	1339
810	3482
810	1084
810	3639
810	2510
810	3565
2297	2938
1968	3040
1968	2731
1968	1378
603	1523
603	628
62	4281
62	1934
2628	2429
2628	2803
2760	259
1029	3147
1029	3584
4288	724
3597	444
3597	994
3597	677
3597	1608
3597	2754
3597	2325
3597	3882
3597	1649
2351	4067
3726	444
3726	994
3726	3628
3726	677
3726	1117
3726	4491
444	1272
444	1570
444	2386
444	4307
444	532
444	677
444	4511
444	2754
444	2308
444	83
444	3110
444	2710
444	944
726	199
726	4454
1952	3646
1952	15
1638	3834
1638	2439
1638	98
1638	1426
1638	1470
1638	594
1638	3127
1638	774
1638	643
1638	2169
1638	1909
1638	4496
2585	1592
3679	839
3679	2963
2578	33
2578	805
2578	3639
2578	931
2578	4166
2322	1463
1272	3818
4369	30
4369	4045
4369	1338
4369	4543
4369	279
4369	2574
3738	853
3738	2045
3576	2640
557	3511
557	1738
1489	2999
2009	2017
2009	3426
4069	99
1339	2421
1077	3809
3755	3296
424	86
4030	3333
1498	224
1498	374
1984	1749
1984	2755
102	1259
102	2402
102	1734
102	502
102	1669
102	2017
102	494
102	4066
102	594
102	3008
102	2906
102	58
102	3882
102	3955
1259	2402
1259	994
1259	502
1259	913
1259	872
1259	4068
1259	3008
1259	2906
1259	1338
1259	4087
1259	259
1259	3478
1259	3095
1259	2078
1259	2772
1259	3003
2402	1734
2402	3793
2402	502
2402	866
2402	3742
2402	1057
2402	199
2402	2017
2402	4551
2402	605
2402	3127
2402	3832
2402	3982
2402	2906
2402	4149
2402	1125
2402	1509
2402	2682
2402	3003
2402	3535
1651	2515
3502	2434
3502	2653
3502	3333
3502	4347
4466	4271
2126	3482
2126	113
2126	3333
2126	3979
724	699
724	1847
724	582
724	2936
724	568
724	2089
724	59
724	1200
724	2871
724	4318
724	1548
724	888
724	515
724	795
724	1411
724	1695
724	2360
724	2839
724	4298
724	2207
2213	1536
2213	3539
2213	1994
2213	1154
1487	2243
1487	1178
2243	3659
2243	1623
2243	1591
1282	2187
1282	3874
1282	4077
1282	1738
274	4281
274	3498
274	823
274	2514
1838	241
1838	2066
1838	3813
148	3719
1902	1983
3763	2417
3763	1751
3763	4257
4070	3440
4070	4520
4070	931
560	241
560	1904
560	676
560	285
560	1281
560	1461
2669	4089
2669	1904
99	1131
99	259
1570	4281
1570	1024
1570	3410
2040	2731
1567	3482
1567	554
268	768
268	59
268	275
526	4053
526	3908
526	311
526	4531
526	2846
526	220
526	637
526	504
526	3639
526	293
4053	3908
4053	576
4053	1516
4053	928
3908	311
3908	2846
3908	122
3908	1516
3908	928
3908	504
3908	3639
3908	2325
311	1134
311	1516
4512	210
4230	2731
4242	3575
3575	2169
3575	2990
1808	1847
1808	2545
1808	3639
1808	299
1808	288
1808	3140
1808	3565
2212	2567
2212	66
4098	668
4098	1544
4098	457
4098	2583
4098	2417
4098	893
4098	1377
4098	4376
3659	1621
3659	1148
668	2754
668	1753
668	1909
918	1785
2649	554
1449	954
1449	842
1449	2560
224	100
224	275
4097	2065
4097	161
1503	27
1503	263
2819	1740
2819	228
2819	3401
2170	3593
2751	241
2751	2632
2751	4008
4377	2902
2206	3482
4249	4520
4249	3318
2483	870
4126	1171
4271	196
4271	2672
2187	768
2187	59
2386	637
3416	638
1528	502
1472	1785
1675	1847
1675	1810
1008	1785
1008	1292
1847	4300
1847	3387
1847	3724
1847	3368
1847	3364
1847	4044
1847	4102
1847	90
1847	2619
1847	1518
1847	2125
1847	2461
1847	4082
3501	112
3501	1785
3501	1738
2609	3404
2609	3434
112	2730
112	4037
112	942
112	3136
112	4482
112	4137
112	2353
112	83
112	3175
783	1785
783	2251
2730	1785
4037	825
1668	1785
942	1785
942	2251
3162	1785
3136	1785
1785	473
1785	83
1785	3175
1785	4349
2706	3706
1623	4367
1623	2166
1623	66
4289	4206
3874	512
3874	768
3874	3556
3874	4159
3874	4229
3874	59
3874	2325
512	768
512	228
1323	638
638	1309
638	1549
638	2166
768	228
768	248
768	59
768	3729
768	472
768	4386
768	3388
768	2672
954	2727
954	1491
954	3997
954	1550
954	1620
842	3628
842	677
551	1079
551	3095
2641	4318
1734	605
1734	905
1734	3066
33	1550
252	1956
252	3169
252	870
252	1338
2560	4225
994	2939
994	2000
994	2726
994	4310
994	2169
994	1230
994	3514
994	4293
994	990
27	3354
27	263
27	222
3335	1760
3335	2176
3335	3060
4352	3511
4352	825
3242	3511
3242	825
3589	2133
3314	1946
3314	3079
3314	3511
3314	633
3314	3982
3314	825
3314	275
1956	3440
1956	870
1956	3008
1956	2906
1956	3639
4307	2939
4307	573
1793	2612
1793	1458
1793	763
1793	1423
3151	523
1490	2152
1490	273
1917	55
1917	4280
3180	1621
3180	3364
4194	669
582	1716
2999	508
2999	3529
1886	8
4343	3997
4343	1067
4343	3563
4343	2166
4367	2726
992	3040
992	4045
992	3639
992	205
3040	3147
1621	3639
1946	2997
1946	3982
1946	3767
1946	1053
2470	811
2470	4121
2470	2856
2470	1492
2470	2166
4281	3581
4281	2726
4281	42
3793	502
3793	2017
3793	2726
3793	4149
3793	3333
3793	3150
3628	1738
3628	2029
3581	3498
3581	2726
3581	4222
3581	83
532	4150
532	1735
532	3818
532	2754
532	1826
532	3882
4150	677
4150	4511
677	2939
677	2726
677	4222
677	3639
677	2325
677	1738
677	2514
677	2308
677	83
677	1399
677	1475
677	1726
677	1766
677	990
2439	1309
2439	554
2439	2908
2439	3333
2439	2980
4079	449
2799	3093
2251	1550
2251	3482
2251	3175
14	1150
14	564
14	4491
4437	373
2375	621
4195	3482
811	1266
811	879
2545	1491
2545	1550
2545	2949
2545	3759
2727	1550
2727	2949
1491	1550
1491	3364
1491	1749
1491	3482
1491	2949
1491	1468
1491	1912
3997	3482
3997	3639
3997	259
3997	796
3997	2385
3997	3861
1550	3482
1550	3639
3364	3347
3364	3482
3364	1456
3364	1549
3364	3826
3364	3903
3364	1501
3364	3049
3364	3473
57	3639
4531	1516
4531	4417
2041	2307
2041	1114
2860	1425
2860	122
2860	1578
2860	3393
44	4188
3571	3631
3571	3519
3571	515
3571	3540
3201	3818
1859	1266
2378	1389
4554	241
4554	1506
4554	285
262	564
4527	3696
4527	1981
3696	1981
536	1266
3989	3360
3989	2384
1292	4015
4341	1994
1067	131
1067	2157
1067	4051
4121	10
4121	2990
1168	1905
1168	2314
383	628
383	2612
383	3163
383	4310
1274	2166
1274	3117
2191	86
2525	3565
2673	866
2673	40
2673	1732
2673	3297
2673	3639
2673	3662
2673	998
2673	3010
502	568
502	997
502	3562
1141	4045
438	1904
438	1150
438	2307
438	1833
345	990
866	4237
866	40
866	3297
866	1456
866	628
866	3010
306	1516
2112	4186
2112	220
2112	931
1523	4237
3718	4237
1213	4237
1213	685
1213	273
1213	2935
4374	4237
1687	2379
1770	3639
1313	3482
1313	2595
2897	1849
2897	1994
4039	45
3000	3583
1761	248
1761	3333
185	3639
2260	3147
2260	4024
2260	2335
2260	3975
2260	982
3440	3424
142	522
142	3331
4044	90
4044	122
2238	704
3499	1875
104	122
3273	2936
3273	568
2936	1536
2936	3655
2936	2013
2936	876
2936	805
2936	2811
2936	3596
1536	3655
1536	568
1536	876
1536	805
1536	477
1536	1516
3655	568
3655	876
3655	805
2013	805
2013	2180
568	2376
568	876
568	870
568	2846
568	3461
568	2839
568	3366
2651	3742
2376	621
876	805
876	1669
876	1573
3742	3178
3742	1875
805	2180
805	594
805	2110
805	2871
805	1753
2355	4201
1800	4325
1800	126
1800	1245
1800	3296
1800	2626
1800	3415
78	3147
693	3639
3569	3743
3569	3827
4237	1057
4237	3646
4237	1352
4237	456
4237	2464
4237	1350
4237	3333
241	1117
241	590
241	1904
241	2307
241	3454
241	4555
241	2818
241	3360
241	3827
241	2768
241	533
241	66
241	619
241	1501
241	2229
241	1461
241	2266
241	1875
241	2184
241	2396
241	2747
241	3459
241	3706
241	3737
398	2768
398	2900
932	2169
932	3529
1208	295
98	3178
4520	161
4520	3969
4520	2169
4520	2136
123	4386
123	60
123	1516
123	2325
123	2172
161	3360
4130	4082
4130	2333
1426	469
1425	956
1163	199
469	676
469	285
1117	2307
1117	676
1117	3826
1117	285
1117	1875
1767	1875
2950	3639
3574	3697
3574	2416
3574	3792
3697	3511
3697	1738
228	2416
228	4086
228	3719
228	3876
228	1907
228	1199
461	3631
461	3870
3792	1432
3792	197
3792	3958
3792	888
3713	291
1632	291
291	94
291	1932
3539	3563
3539	457
3539	2963
3539	1994
3539	3333
3539	3872
3539	3566
2180	299
1573	792
1904	4555
1904	676
1904	2818
1904	3360
1904	2768
1904	205
1904	533
1904	67
1904	285
1904	2553
1904	2123
1944	624
624	2070
624	4491
624	1092
624	3275
624	15
624	1994
752	3646
752	853
752	1760
752	1909
1030	1358
2047	4454
3169	4164
3169	4149
3169	4266
1150	564
1150	947
1150	1092
1150	384
1150	3331
442	295
4485	633
4485	1429
4485	614
4485	3958
4485	297
4485	4260
3488	3482
3488	633
3488	1429
3488	1382
1713	1429
1713	3955
1463	3886
1463	3965
922	4511
922	825
1184	3639
2731	297
2731	83
2731	2561
2731	2882
2731	4261
2731	4538
2731	2481
1619	763
1174	763
1174	820
875	4386
1667	2906
1667	279
1057	199
1057	2017
1057	2906
1057	1338
1057	279
870	4543
30	4325
30	3639
30	2574
30	3066
4325	1338
4325	4543
4325	3095
4325	2574
349	750
199	2017
199	793
199	2906
199	4045
199	1338
199	4543
199	2464
199	279
199	1934
199	259
199	615
199	3140
2017	2906
2017	4149
2017	854
2590	3098
4186	220
3482	4012
3482	4222
3482	1429
3482	2007
3482	3639
3482	4228
3482	2045
3482	990
3482	2663
3844	299
3352	1945
2753	3955
2809	1516
2809	3955
3646	988
3646	3163
3646	3958
3646	4496
3089	1849
3089	755
40	1732
40	3297
40	3662
40	2518
40	4058
40	931
40	3010
527	3892
527	820
126	564
126	234
1945	2583
1732	4058
1732	3442
3511	2186
3511	2906
3511	4137
3511	4225
3511	1738
2755	3333
4102	1738
2515	604
2939	4551
2939	853
2939	4363
1832	3639
1832	2737
1832	4294
1470	4491
4551	3639
4551	2574
2345	205
600	912
248	472
248	3388
248	2906
248	1760
248	4166
248	2672
248	3878
248	3489
494	2817
494	1467
4229	2110
4229	3127
4229	3046
4229	1850
4229	2169
4229	944
4229	25
4229	146
4229	1220
4229	1460
4229	1909
4229	1976
4229	3584
1134	1299
1134	1905
1134	594
1134	1024
1134	628
1134	2612
1134	528
1134	4012
1134	1458
1134	931
1134	4304
1134	2169
1134	933
1309	704
1309	3719
1309	1949
1309	853
1309	3113
1299	2169
1245	1544
1245	59
1245	3639
1245	3424
1245	3060
1245	4423
564	2070
564	621
564	1645
564	2567
564	1191
1467	3866
1467	4067
1467	1753
1467	2617
858	1907
587	2519
2519	3224
3657	381
3657	3147
3657	637
3657	3138
3657	820
3999	3570
848	947
848	260
848	4166
4118	1355
1541	3938
3309	3743
3309	3996
1478	2201
625	2709
196	4491
196	3639
196	1826
196	2672
2401	3639
2997	823
2997	1084
2997	2840
720	259
4077	733
4077	3583
4077	2611
4077	4491
4077	4425
1415	872
2161	2906
59	3729
59	3425
59	528
59	1230
4086	3876
3719	3876
3719	418
3719	1378
3719	2836
3876	418
3876	806
3876	1484
370	2709
2846	1429
2846	2469
2532	3958
3093	3639
3631	2773
381	3147
3147	4491
3147	3925
3147	158
3147	1020
3147	4068
3147	4254
3147	2353
3147	2987
3147	2325
3147	413
3147	1160
3147	1665
3147	1856
3147	2232
3147	2806
3147	3508
3147	3756
3147	3808
3147	4152
3147	3176
3147	4286
3147	2885
3147	3677
3354	259
3354	851
3354	4331
1352	820
1352	2343
1352	259
472	3425
4066	1084
4278	820
3498	2726
523	3313
523	851
523	623
886	2611
886	121
1159	4125
3297	1456
3297	240
3297	3010
1456	3529
1456	3508
1456	3614
3426	2883
3426	3362
418	3639
418	4082
418	337
418	1123
418	792
3938	3378
2431	4171
2431	4080
2431	280
2431	4091
2431	3583
2431	4491
2431	831
2431	122
2431	74
2431	250
2431	334
2431	620
2431	844
4080	2611
4080	4491
4080	628
2070	280
2070	4091
2070	2000
2070	3583
2070	1755
2070	1618
280	2611
280	4491
280	628
4091	2611
4091	4491
4091	628
2000	2074
733	3010
3583	4491
3583	1383
2611	2686
2611	4491
2686	4491
4491	2856
4491	2666
4491	4166
4491	1976
4491	2975
3743	576
3743	3444
3743	2672
2726	762
2726	3882
2726	1199
2726	1280
220	3682
220	2389
220	4388
220	275
220	3872
1018	621
149	1003
149	718
1378	633
1378	594
1378	1024
1378	2612
1378	528
1378	1458
1378	2195
1378	1382
1378	113
1378	1423
3118	633
3118	594
3118	2612
3118	1458
3118	1423
1905	633
1905	2612
1905	1458
1905	614
1905	299
1905	1423
1905	2629
633	594
633	4490
633	1024
633	2612
633	528
633	4112
633	4012
633	1458
633	1429
633	4233
633	750
633	1516
633	1382
633	958
633	1423
594	4490
594	1024
594	2612
594	528
594	4112
594	4012
594	1458
594	1382
594	1423
4490	2612
4490	614
4490	1423
1024	2612
1024	1382
1024	3095
1024	1423
1024	1661
628	820
628	4310
628	3701
3063	621
3063	1475
3063	1957
621	2394
2612	528
2612	4112
2612	4012
2612	1458
2612	1382
2612	1753
2612	1423
528	1382
528	1423
528	3728
4112	4012
4112	1458
4112	554
4112	3410
4112	1382
4112	1003
4112	1423
4112	1723
4112	3728
4012	113
4012	1423
1458	1382
1458	1753
1458	113
3189	2604
605	905
476	905
476	1516
476	3639
905	3925
905	3982
905	3639
905	2308
905	83
3925	3639
4511	83
4511	1530
4139	2680
2962	4496
3250	1559
1518	66
1518	1461
1070	4417
3447	3296
3447	1358
1779	3965
913	3639
802	947
4386	1826
4386	366
4386	1423
457	243
457	1468
457	2472
576	3444
576	851
2661	676
2661	2066
2661	285
2661	2553
1553	3639
1200	3296
1200	3138
1200	1994
1200	926
1200	2622
1200	3614
806	3639
806	2169
806	4297
2688	554
3444	2941
1591	2354
1591	2377
1591	3381
4373	1065
637	1020
637	4233
637	2798
637	896
637	4109
637	4152
1969	3383
967	3547
1872	1738
4164	3565
3408	288
1429	297
1429	1326
1266	3030
1266	72
2917	2110
2917	1578
2203	285
2949	4274
2949	792
2949	1874
4274	3534
122	1620
122	2812
122	839
122	1054
122	3826
122	3393
122	26
122	505
122	623
122	3833
122	3837
872	288
1169	3478
4110	295
4110	2768
4110	1875
295	1875
823	1409
1620	4163
1620	4383
1620	3383
2812	3534
2812	1965
2812	839
2812	3393
3296	2871
3296	60
3296	2464
3296	2567
3296	2118
3296	2325
3296	4166
3296	2566
3127	2906
2871	60
2114	2832
2114	3728
2347	2007
2689	474
2689	3453
1965	2369
3046	1516
3046	3066
158	1662
4555	2066
4555	212
4555	285
4555	2553
4555	1461
4555	3568
4555	2633
1474	222
2186	3602
2186	1760
2186	1738
2186	1809
3388	299
3388	3562
263	2859
263	275
2836	3639
676	3360
676	3827
676	2768
676	1875
676	2396
1849	755
755	2173
3832	3112
1020	3333
1576	853
2743	3138
2743	1516
3138	2567
3138	3415
554	3275
554	3637
3519	3540
3519	3566
3982	1579
3892	15
1720	366
947	260
947	4166
947	384
947	795
947	926
947	1533
947	2331
947	3071
947	3441
947	3728
3410	1957
86	3602
86	2908
86	825
86	473
86	1501
86	3060
86	2840
86	3438
86	3610
2583	3639
2583	2290
4068	1398
763	630
4234	515
1398	2166
2856	2806
3008	2906
3008	4045
3008	1338
3008	4543
2906	4045
2906	1338
2906	4543
2906	4149
2906	3318
4045	4543
1924	3360
1924	2396
1924	2734
2818	3975
2818	2553
1084	1516
1084	3639
1084	337
1084	3562
1084	998
1084	3759
1084	508
1338	4149
4543	3639
4543	970
4163	1765
4163	3265
4163	3826
4163	1873
750	4137
750	3639
4137	2353
4137	4310
2811	4535
2811	1103
2811	1703
2066	2768
2066	66
2066	1501
2066	1875
3325	3745
474	3453
1520	3113
4149	279
1023	2249
1023	2469
1023	2678
3745	3639
2464	1994
2464	2574
2754	853
1516	928
1516	3958
1516	473
1516	3826
1516	2963
1516	1135
1516	888
1516	1061
1516	1318
1516	1395
1516	1716
1516	2074
1516	2604
1516	2793
1516	2873
1516	4048
969	3591
42	3591
42	2827
42	1578
4462	2905
1290	446
1995	4134
2007	3602
2007	2806
2007	4519
3265	4383
8	2353
4318	58
4318	2518
4318	299
4036	2561
1092	982
1092	1909
4344	1501
3918	222
3918	2834
3918	820
222	2834
222	820
222	3415
589	2594
3639	2195
3639	2391
3639	1760
3639	1721
3639	3177
3639	685
3639	1330
3639	771
3639	1171
3639	1629
3639	1976
3639	3529
3639	2369
3639	2382
3639	2411
3639	2425
3639	2556
3639	2806
3639	3049
3639	3066
3639	3532
3639	3806
3639	4277
3639	4477
3639	3453
2737	508
2737	718
3602	2963
3602	926
3602	3872
4291	3177
2798	3775
2797	931
1934	299
3291	1578
3958	3030
3958	299
3958	2257
3958	3140
3958	3164
1346	1718
4082	774
4082	2091
4082	853
4082	1909
774	643
1102	2157
2389	4388
2389	2325
2389	1738
4388	825
825	275
825	4140
825	3975
275	2152
275	563
275	83
275	3095
275	2233
10	2201
58	2518
58	299
58	2169
2518	299
2518	4058
2518	3010
299	2026
2361	3478
4167	1216
3360	2768
3360	66
3360	53
3360	285
3360	2553
3360	1461
3360	2396
3360	3459
473	2480
820	4310
820	1826
820	4221
820	3239
820	2152
820	851
820	888
820	4496
4310	4221
4310	1755
4310	1618
1826	4221
1826	3419
1826	2672
212	533
212	667
212	2553
212	1461
853	2343
853	2574
853	2815
145	4294
3690	4324
931	4454
931	2166
931	888
931	1977
256	2
256	4217
1618	3565
4500	1994
1721	3584
2166	3150
2325	1738
2325	259
2325	113
2325	1994
2325	2574
210	3677
3933	3562
3933	1525
1054	3826
1054	3393
1054	285
1054	3529
3826	3393
4067	2546
3956	218
3562	990
3562	4266
2434	4347
288	3830
15	1994
15	1833
15	3453
2343	4360
2343	2626
2343	2778
2343	3566
4360	2626
4360	1994
4360	2926
2626	1994
2626	1909
2626	3566
3554	573
2768	285
2768	2553
2768	1461
2768	3677
4125	66
259	3443
259	372
259	879
259	2185
259	3333
205	400
205	1752
205	1769
205	1784
205	1900
205	2233
205	2300
1240	2660
366	4010
2825	2045
1777	4228
1777	2045
3177	4364
372	2991
533	285
533	4276
533	671
533	1080
533	2553
2169	3753
2169	3728
2169	3872
3478	117
3478	780
3478	4496
1753	1484
66	67
66	285
66	1137
66	3459
4228	455
4228	771
113	1484
3759	714
3759	1671
3759	2425
3538	1501
1114	2990
1578	3903
1578	1501
1578	3393
1578	3698
619	2577
1590	121
4441	4122
260	2566
260	4122
4166	4122
2566	4122
2778	1970
234	2977
4024	2335
4024	3975
2335	3975
4535	2929
4535	1273
1065	888
1501	67
1501	285
1501	2553
982	273
982	3071
3685	4456
2384	285
2384	2553
3955	740
2858	289
25	990
2201	1743
888	3140
888	3565
67	285
76	2904
146	3987
200	1379
218	1769
285	671
285	1875
285	2396
285	2747
285	3459
312	4519
343	1080
2784	3333
1994	3612
1994	1268
1994	1695
1994	1976
1994	3584
1994	3566
434	4364
446	4216
455	777
520	2138
521	1875
530	1125
531	1908
572	1157
572	3613
586	3049
632	2557
667	3434
669	1652
713	1061
730	3113
771	4283
792	1909
792	3333
796	2382
881	2277
933	3164
945	1167
970	1483
1061	3049
1125	3331
1137	4153
1167	2395
2553	1875
1358	1875
1407	3769
1461	2632
1572	3403
1624	3331
1629	4294
1636	4013
1652	3532
1671	3555
1706	2839
1752	4260
1875	1908
1875	1612
1900	3752
1909	3333
1970	3698
2045	3568
3698	3529
3698	371
3698	3723
3698	1356
3698	1191
3698	2678
3698	3566
2068	3441
2072	3331
2073	3565
2172	2885
2277	1612
2531	2621
2617	3565
2632	3066
2671	2815
2682	3822
2705	3333
2714	2820
3461	3333
3333	3005
3333	3172
2832	3014
3185	3565
3234	289
3565	3927
3584	3728
3584	4294
3607	1191
3613	4189
3650	4134
3715	4394
3805	3806
4109	4519
2678	3566
990	2663
3796	3294
2755	3294
1884	225
564	225
1994	225
3646	1372
3826	1372
2017	137
3296	2813
628	348
3163	348
4491	91
3296	91
199	2911
199	3343
4082	3343
3426	3475
102	1594
4520	1594
196	1594
3876	1594
2626	1594
4142	1594
654	3477
2970	3477
2643	3477
994	3477
3876	3477
4491	3477
2583	3477
1994	3477
1277	1610
172	1610
2583	1610
2905	1610
3578	2465
199	2465
554	2465
542	857
1312	857
1811	857
172	857
4491	857
820	857
1826	857
3333	857
2979	696
4405	696
3188	696
286	696
3665	696
4248	696
899	696
214	696
4133	696
810	696
62	696
2578	696
4195	696
3646	696
3759	696
26	696
1815	1448
1186	415
4411	415
7	415
3936	415
1836	415
1359	415
3191	415
2217	415
241	415
1904	415
4555	415
676	415
2066	415
285	415
2553	415
3982	1371
2361	3940
505	3940
4074	654
102	654
1740	654
4281	654
502	654
4551	654
3639	654
1767	203
1579	203
3167	203
1970	3949
241	3533
285	3533
2553	3533
394	245
1153	245
1881	245
1569	245
3295	245
950	245
241	245
1117	245
1904	245
2768	245
533	245
285	245
671	245
2553	245
241	355
2757	1438
2896	1438
3147	1366
2522	1790
2936	3183
2831	326
4121	326
1739	284
1934	284
780	284
3868	1539
2578	1539
4491	1539
2402	436
784	529
4106	529
2868	529
2522	529
2018	529
4106	784
2868	784
2018	784
2868	4106
2522	4106
2018	4106
2522	2868
2018	2868
3295	4323
4066	2023
3383	2023
3653	2023
4397	2388
967	2388
4408	4435
1858	4435
637	4435
1408	4435
392	4356
2239	4356
1436	4356
3597	4408
3726	4408
444	4408
4281	4408
2939	4408
3818	4408
1905	4408
2510	4408
2239	392
4225	392
4117	2589
2236	3567
1978	3567
2786	3567
265	3567
4520	3567
870	3567
457	3567
86	3567
3682	3567
2361	3567
3324	2788
3778	2105
346	2105
542	2105
2433	2105
346	3778
542	3778
2433	3778
1978	3778
1576	3778
542	346
2433	346
3335	346
3147	346
1934	346
3526	346
3340	1893
1813	1893
224	1893
416	485
286	3850
3639	3850
263	2278
535	2291
1638	3226
3285	3226
2612	3226
3167	3226
851	3226
535	826
3285	826
2205	985
3886	1532
3469	1989
4343	1989
3997	1989
2433	542
2226	542
3558	542
3295	542
2579	542
3033	542
1434	542
3335	542
14	542
2755	542
59	542
4112	542
806	542
554	542
1092	542
3639	542
4082	542
2660	542
3335	2433
3793	2433
1638	4440
1978	597
1927	597
925	597
1988	597
3191	597
1847	597
2550	597
3539	597
1086	597
888	597
1028	597
2029	597
2742	597
1888	2979
62	3340
3726	3340
444	3340
3963	3340
4186	3340
59	3340
4291	3340
1738	3340
2395	3340
1750	2312
834	2312
3557	3504
2590	1683
820	1683
711	2541
2728	2541
3180	585
3364	585
724	1705
2604	1705
2402	836
1516	4198
1556	4546
1701	4546
1988	4546
1114	4546
3681	1392
1563	1392
2861	1392
724	1392
1299	1392
1969	1392
554	1392
2963	1392
446	1392
2402	3681
1978	2356
2476	4415
2516	2476
0	2476
1	2476
3147	2476
377	2476
0	2516
897	3694
3502	3303
2653	3303
3532	3303
1186	3573
2367	3573
1888	3573
1836	3573
3191	3573
241	3573
4110	3573
676	3573
554	3573
2066	3573
1013	3573
533	3573
285	3573
2553	3573
1461	3573
2511	4501
172	2148
2852	1789
241	1789
676	211
146	211
2385	211
2836	2741
199	2051
4545	2236
3278	2236
81	2236
3335	2236
161	2236
3060	2236
620	2236
3986	2236
286	4405
3638	4405
1847	4405
1849	4405
3100	4405
571	3107
947	3107
1013	3107
1277	571
112	1293
3646	1293
564	1293
554	1293
3872	1293
1971	4334
2970	4334
2171	4334
2777	4334
929	4334
3563	4334
2709	4334
1296	4334
2244	4537
3064	2717
366	2717
4010	2717
479	2244
2850	2423
3494	2423
3678	2423
3098	2423
2687	1834
172	1834
554	1834
1176	419
2578	419
2827	419
1469	1176
1717	2452
535	2452
947	2452
1429	1327
770	1312
4436	1312
701	1312
720	1312
706	1312
3639	1312
1850	1312
1389	1312
3001	770
3528	770
4436	770
116	770
794	770
929	770
4141	770
701	770
197	770
3147	770
1608	770
1850	770
2926	770
444	4372
3234	2404
1971	3622
1081	3622
799	3622
979	3622
947	3001
286	3528
1978	2850
3440	2850
3472	2850
1415	2850
1531	2850
4373	2850
872	2850
2812	2850
86	2850
839	2850
1356	2850
2402	2757
378	2805
1467	2805
628	2805
4318	2805
58	2805
2518	2805
299	2805
463	689
4535	4273
4313	394
2367	394
3936	394
1836	394
3191	394
438	394
241	394
469	394
2142	394
676	394
2066	394
533	394
285	394
4276	394
2553	394
1461	394
4098	1719
1712	883
2039	883
2424	883
2190	1552
1581	1552
2806	1552
502	3771
604	3983
4117	3264
1277	1343
411	1343
280	1343
2980	1343
3407	492
2017	492
286	409
4498	409
112	409
1785	409
2133	409
1850	3072
180	3072
2338	2967
267	2967
1978	1297
1002	1297
2155	1978
3868	1978
2272	1978
746	1978
1396	1978
3711	1978
2453	1978
3033	1978
810	1978
2351	1978
1339	1978
3335	1978
4343	1978
677	1978
481	1978
2089	1978
4130	1978
624	1978
4479	1978
4091	1978
1447	1978
476	1978
1518	1978
2871	1978
1020	1978
86	1978
1088	1978
4254	1978
3826	1978
533	1978
2176	1978
1501	1978
2229	1978
53	1978
547	1978
632	1978
730	1978
938	1978
1694	1978
2333	1978
2840	1978
3438	1978
3565	1978
3812	1978
3965	1978
2633	1978
596	3229
286	3709
3717	1712
3792	1712
648	3717
1680	3717
3792	3717
2164	2695
1680	2695
2947	2695
1883	2695
853	2695
103	2695
3445	1153
2367	1153
114	1153
7	1153
3936	1153
1836	1153
1359	1153
3191	1153
1651	1153
1623	1153
438	1153
241	1153
469	1153
2142	1153
4110	1153
676	1153
2066	1153
66	1153
285	1153
2553	1153
1461	1153
1875	1153
648	2083
425	2083
252	2083
308	2083
13	2083
297	2083
121	2083
233	2083
412	2083
371	2083
2021	3135
2398	3135
4361	3135
2190	3135
2760	3135
1621	3135
4229	3135
3296	3135
1994	3135
4324	3135
3281	3188
1561	3188
568	3188
876	3188
3639	3188
3531	3188
3958	3460
724	4345
252	4345
4352	4345
3242	4345
1956	4345
1309	4345
3008	4345
3639	4345
1738	4345
1172	4345
1717	2428
3324	2428
3575	2428
3324	1717
4226	1717
359	2925
2972	2925
106	2925
444	2925
3589	2925
532	2925
677	2925
2897	2925
4222	2925
2133	2925
3639	2925
1738	2925
77	4371
950	1747
560	1747
2768	1747
2687	253
172	253
3989	2961
2687	2511
2031	2511
3509	2511
4098	2511
2754	2511
1753	2511
1909	2511
2418	2715
1687	2715
2464	3281
1563	2164
1422	2164
1638	2164
805	2164
752	2164
2939	2164
2871	2164
554	2164
2754	2164
4082	2164
853	2164
121	2164
2687	629
3275	2310
4012	2226
3394	1971
3721	1971
1919	1971
929	1971
1081	1971
3197	1971
1470	1971
370	1971
263	1971
2906	1971
2166	1971
1680	63
2021	63
2018	2522
1422	2522
994	2522
1422	2018
4498	2018
3145	2018
2366	286
1422	286
188	286
267	286
3721	286
4498	286
639	286
2951	286
37	286
4436	286
3102	286
2210	286
1680	286
4536	286
1396	286
238	286
794	286
4057	286
1081	286
2453	286
4400	286
4513	286
1581	286
1131	286
2819	286
1623	286
768	286
3151	286
4194	286
701	286
3997	286
57	286
1981	286
1274	286
1213	286
4002	286
161	286
2147	286
3574	286
3347	286
2590	286
2427	286
858	286
988	286
1905	286
3925	286
997	286
1266	286
1169	286
3127	286
1965	286
1155	286
2583	286
4068	286
2856	286
969	286
3182	286
2798	286
2827	286
2361	286
853	286
1755	286
2514	286
2131	286
26	286
586	286
861	286
1199	286
1296	286
1411	286
1636	286
1873	286
1882	286
2734	286
2935	286
2975	286
3541	286
3737	286
3788	286
3837	286
3861	286
3986	286
4153	286
3176	286
1824	286
947	737
2169	737
1623	648
1516	648
3721	2970
929	2970
4392	2970
625	2970
806	2970
1169	2970
3892	2970
1850	2970
2519	1538
2662	617
726	617
1670	617
720	617
2169	617
1489	514
4176	1563
3335	1563
1800	1563
624	1563
853	1563
2567	1563
15	1563
3612	1563
1909	1563
990	1563
3453	1563
4491	4333
99	2366
4527	2366
3696	2366
1981	2366
2612	2366
844	2366
383	3116
628	3116
3163	3116
4310	3116
3055	535
99	535
2897	535
2533	535
3583	535
4373	535
259	535
2169	535
3095	535
1125	535
3789	535
228	647
4498	1422
639	1422
3478	1422
2881	3407
1830	3407
208	3407
3464	3407
1174	3407
30	3407
4325	3407
2017	3407
3008	3407
1708	3407
2879	923
2456	923
1277	923
2673	923
866	923
1800	923
40	923
1732	923
3297	923
628	923
2518	923
3010	923
2456	2879
1277	2879
2673	2879
866	2879
40	2879
1732	2879
3297	2879
628	2879
3662	2879
2518	2879
1873	2879
3010	2879
3920	4218
3295	1186
2955	1186
950	1186
3364	1186
1875	1186
2184	1186
1952	3641
1986	188
4228	188
412	188
4392	2302
1191	2302
4513	3394
2470	3394
1168	4176
1355	4176
3147	1151
42	1151
3148	1151
4394	454
1436	2084
544	2084
3582	2084
4241	2084
3210	2084
3375	2084
81	2084
3597	2084
3726	2084
783	2084
4281	2084
866	2084
3697	2084
2939	2084
3743	2084
2583	2084
1698	2084
1738	2084
2290	2084
1501	2084
1235	2084
1873	2084
4294	2084
990	2084
1516	1436
1698	1436
3562	1436
1662	1436
3561	1436
2402	2896
3354	2896
4498	267
639	267
2951	267
364	267
755	267
66	267
929	3721
1623	3721
3682	3721
4117	4498
3600	4498
994	4498
2361	4498
1258	4498
2169	4498
724	639
208	2881
308	2881
1174	2881
30	2881
2017	2881
122	2881
1338	2881
1708	2881
2574	2881
4237	1580
4121	37
3930	3824
1516	3824
2644	3129
3147	3129
457	3129
2906	3129
1820	3129
3532	3129
3405	2644
4099	49
4195	3665
2224	2786
2453	2786
3147	2786
3296	2786
3602	2786
4487	1701
3527	1701
3272	1701
1469	1701
33	1701
4044	1701
2812	1701
931	1701
3769	1701
1356	1701
3040	4487
1536	4487
4551	4487
2812	4487
2166	4487
1529	4487
3381	4487
4165	4487
1550	3527
2812	3527
2166	3527
3095	3527
2402	165
2963	3783
4361	118
4551	118
3296	118
3138	118
2858	118
956	118
2574	118
3595	3747
2383	2501
285	2501
3595	1843
1888	1843
3191	1843
724	1843
676	1843
619	1843
285	1843
1461	1843
3595	1881
3445	1881
2367	1881
3936	1881
1836	1881
3191	1881
1838	1881
241	1881
1904	1881
2307	1881
1518	1881
4110	1881
676	1881
2066	1881
4280	1881
533	1881
65	1881
285	1881
2553	1881
1461	1881
3813	1881
1216	4342
1464	4313
831	4313
67	3251
265	1561
1579	1561
2766	2407
3743	2407
1569	3595
1986	3595
7	3595
3936	3595
1974	3595
1197	3595
241	3595
2142	3595
285	3595
1800	3998
832	3272
3792	3272
4117	507
3019	507
929	507
1254	507
4281	507
3997	507
4130	507
1553	507
2007	507
3827	507
586	507
740	507
2563	507
102	2155
3089	2155
3046	2155
3639	2155
1975	2155
3950	4358
633	832
2710	832
2396	832
3955	4436
3416	3102
638	3102
1245	3102
704	3102
724	3324
947	3324
1968	4226
3574	4509
3114	4509
531	812
246	4348
1811	4348
3743	4348
576	4348
3612	3380
259	3111
533	3111
1485	3445
3956	3445
2768	3445
66	3445
1501	3445
1875	3445
122	2573
1629	2573
802	1616
2578	3868
1168	3868
421	3868
3639	3868
931	3868
4010	3868
851	3868
1977	3868
30	1830
2017	1830
1645	1830
2574	1830
3763	3195
4257	3195
1965	2418
516	246
1449	246
731	246
1680	2224
274	2224
112	2224
3570	2224
3296	2224
3602	2224
2728	711
1469	711
1456	711
3089	2693
2434	2693
3958	3731
2434	3731
4155	1680
4525	1680
2439	1680
3792	1680
633	1680
4012	1680
259	1680
3581	544
2726	544
106	3582
3314	3582
180	3957
530	3957
3509	2021
1800	2021
1224	2021
1905	2021
872	2021
4500	2021
2325	2021
2561	2021
1134	1283
1456	1283
2169	1283
2492	1283
3808	1283
345	3376
4480	3376
2190	1898
1503	1898
199	1898
2574	1898
3333	2542
532	2564
2731	4471
199	4471
2906	4471
1338	4471
4543	4471
1638	4248
3639	4248
2963	2892
1740	4411
2963	4411
1875	4411
3021	3828
1734	3828
2731	3828
605	3828
476	3828
905	3828
3925	3828
3982	3828
3639	3828
2707	1006
1469	655
531	2272
1711	3405
1084	3405
99	2171
1131	2171
1570	2171
1569	1302
131	746
633	746
58	746
502	804
4491	804
102	1034
787	4536
81	4536
3697	4536
3333	4536
81	787
3697	787
3841	2922
4045	2922
172	2759
199	2759
4131	2759
3628	2752
3581	2752
677	2752
2726	2752
45	24
4321	24
3389	4117
311	4117
1536	4117
1936	4117
1583	4117
1652	4117
3805	4117
2402	4427
4281	4427
1356	4427
1191	4427
628	1455
724	303
1917	303
1272	1469
2355	1469
2612	1469
282	1469
1450	1469
3639	364
2776	364
4103	4432
3743	4432
3639	4432
3670	2630
3628	2630
2726	2630
4139	2630
1536	3013
3639	3013
1084	80
3639	80
3385	50
1257	50
3482	50
438	2466
172	1868
3597	1868
126	1868
1134	1868
4491	1868
1378	1868
633	1868
594	1868
2612	1868
275	1868
1382	1868
4325	208
4543	208
3019	300
1516	300
3639	300
3423	1876
4361	120
3682	120
473	120
3872	120
3296	4241
2574	4241
4361	2039
2169	3740
1675	725
1847	725
4300	725
3387	725
3724	725
2619	725
1518	725
2125	725
4247	3670
3197	3670
3597	3670
842	3670
4281	3670
532	3670
2939	3670
2726	3670
4222	3670
990	3670
1974	2367
3295	2367
950	2367
241	2367
1463	2367
2066	2367
533	2367
285	2367
2553	2367
3529	2367
2585	1768
2481	1768
1986	1569
7	1569
3936	1569
1974	1569
3165	1569
1836	1569
3191	1569
4554	1569
241	1569
1117	1569
2307	1569
1467	1569
633	1569
4373	1569
2949	1569
676	1569
2066	1569
212	1569
1715	1569
533	1569
285	1569
777	1569
2553	1569
1461	1569
1364	2852
285	2852
1578	1364
285	1364
2553	1364
3936	2855
1359	2855
3191	2855
2483	2855
992	2855
2064	2855
2376	2855
1117	2855
158	2855
45	2855
285	2855
4335	2855
3575	3558
4343	3558
2191	3558
86	3558
161	1813
2417	1813
4361	359
172	359
3597	359
444	359
2386	359
3963	359
532	359
126	359
3818	359
4222	359
2754	359
83	359
4007	2479
4392	2777
2217	1986
241	1986
285	1986
2553	1986
950	114
3827	114
3889	2982
2496	2982
950	1888
2751	1888
3547	1888
2784	1888
1838	1748
761	1748
3728	1748
637	3711
724	1201
1516	3398
1988	2835
2114	2835
2818	2835
2768	2835
285	2835
3879	2835
2217	2037
3364	2037
3147	2037
3557	2037
715	3252
3064	3252
2949	3252
1974	7
3165	7
3064	7
1257	7
560	7
4367	7
1904	7
762	7
1974	3936
3295	3936
560	3936
4081	3936
1904	3936
4555	3936
3360	3936
212	3936
2768	3936
533	3936
1501	3936
1875	3936
2396	3936
1836	1974
3191	1974
212	1974
285	1974
2553	1974
241	1464
3646	1464
2949	3165
3295	1836
950	1836
448	1836
1838	1836
469	1836
1117	1836
1904	1836
212	1836
533	1836
66	1836
3579	4103
898	4103
2682	4103
1960	4103
1739	1684
3509	2398
2766	2398
2070	2398
1905	2398
628	2398
3163	2398
1755	2398
1909	2398
3043	2972
3597	2972
1570	2972
2235	2972
842	2972
4072	2972
2939	2972
2726	2972
4222	2972
762	2972
2798	2972
2514	2972
2308	2972
26	2972
2017	238
2917	238
1169	238
2110	238
3224	238
2687	4155
172	4155
554	4155
207	4155
351	4155
2389	715
444	649
2949	649
2963	649
1181	3276
2975	3276
637	191
3908	2548
3639	3090
1755	3457
3019	3295
950	3295
3191	3295
2643	3295
14	3295
241	3295
676	3295
2066	3295
285	3295
2553	3295
1461	3295
3813	3295
1811	3494
1638	3494
1227	3494
2984	3494
2343	3494
2963	3494
2975	3494
2768	1359
1875	1359
2633	1359
1277	794
196	794
1277	2456
2673	2456
40	2456
1732	2456
3297	2456
2962	2456
3639	2456
434	2456
3179	2456
3565	2456
3010	2456
3046	2108
1266	3064
823	3064
8	3064
366	3064
45	3064
827	3600
1207	3600
726	3600
2170	3600
793	3600
3296	3600
2464	3600
1053	3600
2797	3600
1934	3600
931	3600
2118	3600
2653	3600
958	3600
3317	3600
3489	3600
1277	3210
4361	3210
994	3210
1277	3143
252	3143
2238	3143
2939	3143
3147	3143
2726	3143
1199	3143
3273	2955
66	2955
1358	2955
1579	416
3639	416
2926	416
1536	983
2687	1342
1744	1342
3296	1342
3461	1342
2066	3414
3466	4409
813	35
568	35
1905	35
2325	35
1738	35
1809	35
2007	1988
3759	1988
457	3423
4012	2129
121	2129
3147	3598
58	803
2172	803
1537	1609
3639	1609
805	302
950	2857
2217	2857
194	4057
1277	4057
1479	4057
2089	4057
706	4057
2687	2853
918	4397
4112	4397
1458	4397
2583	173
3333	173
1576	1187
2424	3831
241	3831
66	3831
3019	4113
2687	4113
2389	4113
4388	4113
2687	3019
4133	3019
1184	3019
4201	3019
1831	3019
4388	3019
3095	3019
1114	3019
1065	3019
1629	3019
2369	3019
1870	2687
4361	2687
2439	2687
104	2687
3958	2687
2389	2687
4388	2687
2660	2687
3	2687
1319	2687
4242	1111
594	1111
928	1111
1826	1111
222	1811
820	1811
3415	1811
3657	4267
1209	4545
102	4545
1389	4545
3646	4182
3030	4182
851	4182
3612	4182
531	4182
1879	4182
1638	2579
3482	2579
1245	2579
4491	2579
823	2579
2836	2579
2567	2579
931	2579
1484	2579
2622	2579
2126	1972
783	929
3453	929
1670	3611
851	3611
3354	1081
25	1081
1209	194
1277	194
161	194
774	194
1277	1209
4525	1209
3169	1209
3147	2861
3485	1277
4525	1277
4361	1277
2191	1277
2673	1277
2897	1277
40	1277
2997	1277
720	1277
197	1277
4164	1277
3127	1277
86	1277
2389	1277
4388	1277
2518	1277
4058	1277
13	1277
1377	1277
4153	1277
3010	1277
4237	3485
3169	3485
1031	3485
1528	1255
922	1255
3639	1255
3639	1198
2434	1198
2653	1198
2243	1267
872	1267
99	652
554	652
3509	2031
1581	2031
668	2031
4307	2031
248	2031
4491	2031
3296	2031
1994	2031
4307	1814
3296	1814
4343	2359
4012	2359
3589	1181
4361	4525
199	4525
1019	4525
2626	4525
3333	4525
521	1782
3191	950
1838	950
481	950
241	950
469	950
1904	950
1463	950
2661	950
2066	950
533	950
1501	950
67	950
285	950
2553	950
1461	950
3529	950
3813	950
2939	3921
1695	3921
3278	2453
81	2453
2897	2453
1800	2453
3539	2453
1200	2453
947	2453
2169	2453
388	2453
199	254
3296	425
2217	3191
3261	3191
2380	3191
2383	3191
1117	3191
4555	3191
554	3191
3360	3191
212	3191
2768	3191
533	3191
1501	3191
2229	3191
2384	3191
285	3191
1875	3191
1207	3021
172	3021
1257	3021
954	3021
2251	3021
57	3021
3482	3021
3426	3021
3639	3021
4386	1739
2812	2217
4228	2217
586	2217
1725	2217
2072	2217
2300	2217
465	4351
241	4351
761	4351
1346	4351
285	4351
4520	3389
457	3389
4363	2254
2649	1347
1230	1347
1516	2437
3469	3712
4186	2937
220	2937
1487	917
3874	917
2470	917
811	917
668	3509
3296	3509
224	106
3501	106
3242	106
2908	106
4388	106
1738	106
1384	106
102	3402
378	2763
3639	1096
3639	1211
4520	3144
3892	3144
516	448
81	448
3285	448
954	827
677	827
345	827
2064	827
3639	827
2737	827
25	827
516	517
3285	516
2402	184
1740	184
4506	184
1751	184
880	184
1227	616
724	2442
2358	2442
2812	2442
3997	3278
370	3278
3060	3278
1809	3278
3610	3278
3375	2877
4078	2877
1227	2877
1541	2877
2984	2877
1652	2877
1195	1207
564	1207
3354	1207
3444	1207
2201	1207
2997	2113
564	1215
4359	1215
3147	330
383	801
1150	801
628	801
3639	801
3775	801
299	801
621	1004
3639	1004
2766	4361
170	4361
1567	4361
4098	4361
568	4361
2032	4361
123	4361
126	4361
2755	4361
1245	4361
3583	4361
3218	4361
2688	4361
637	4361
1965	4361
2486	4361
554	4361
2607	4361
4166	4361
4085	4361
1847	3385
3874	3385
27	3385
1245	3385
2591	3385
502	3464
30	3464
4045	3464
1338	3464
4543	3464
279	3464
638	265
199	265
1850	265
2361	265
4485	378
594	378
1024	378
528	378
4012	378
1458	378
122	378
1423	378
3876	2766
825	2766
2664	2766
3639	214
3147	465
637	465
3639	1100
3260	1100
3657	824
212	824
4147	81
1282	81
4271	81
677	81
3697	81
248	81
4077	81
2672	81
1649	81
1661	81
3614	81
3872	81
3180	4133
967	4133
86	4133
3682	4133
3639	4133
2521	1526
241	1197
4140	1197
3171	3734
1461	3261
4554	1962
2860	2380
4555	2380
285	2380
3434	2380
67	2383
285	2383
1968	2643
568	2643
2510	2643
3965	3391
1583	2831
564	3334
3593	3334
3333	3334
3138	3074
1994	3074
677	79
3093	79
1282	3197
228	3197
3093	3197
3354	2457
851	2457
3539	3578
418	3578
1252	3578
2688	3578
86	3578
2325	3578
4535	3578
1385	2862
2583	170
669	170
4260	170
777	749
2731	4392
3125	4392
2303	4243
3639	4041
1240	4041
1200	2190
1934	2190
958	2190
411	4316
2402	3667
252	3667
2626	3667
3566	3667
4343	3469
1550	3469
931	3469
1257	172
3997	172
104	172
30	172
3624	172
4112	172
670	172
2661	172
1618	172
3521	172
3806	172
3997	1434
4491	1434
4067	1434
2546	1434
810	1257
27	1257
1550	1257
57	1257
1245	1257
823	1257
275	1257
212	1257
2567	1257
42	3638
2470	4513
4161	4513
102	1551
1259	1551
2402	1551
502	1551
676	3678
2768	3678
1339	810
3482	810
1084	810
3639	810
2510	810
3565	810
2938	2297
3040	1968
2731	1968
1378	1968
1523	603
628	603
4281	62
1934	62
2429	2628
2803	2628
259	2760
3147	1029
3584	1029
724	4288
444	3597
994	3597
677	3597
1608	3597
2754	3597
2325	3597
3882	3597
1649	3597
4067	2351
444	3726
994	3726
3628	3726
677	3726
1117	3726
4491	3726
1272	444
1570	444
2386	444
4307	444
532	444
677	444
4511	444
2754	444
2308	444
83	444
3110	444
2710	444
944	444
199	726
4454	726
3646	1952
15	1952
3834	1638
2439	1638
98	1638
1426	1638
1470	1638
594	1638
3127	1638
774	1638
643	1638
2169	1638
1909	1638
4496	1638
1592	2585
839	3679
2963	3679
33	2578
805	2578
3639	2578
931	2578
4166	2578
1463	2322
3818	1272
30	4369
4045	4369
1338	4369
4543	4369
279	4369
2574	4369
853	3738
2045	3738
2640	3576
3511	557
1738	557
2999	1489
2017	2009
3426	2009
99	4069
2421	1339
3809	1077
3296	3755
86	424
3333	4030
224	1498
374	1498
1749	1984
2755	1984
1259	102
2402	102
1734	102
502	102
1669	102
2017	102
494	102
4066	102
594	102
3008	102
2906	102
58	102
3882	102
3955	102
2402	1259
994	1259
502	1259
913	1259
872	1259
4068	1259
3008	1259
2906	1259
1338	1259
4087	1259
259	1259
3478	1259
3095	1259
2078	1259
2772	1259
3003	1259
1734	2402
3793	2402
502	2402
866	2402
3742	2402
1057	2402
199	2402
2017	2402
4551	2402
605	2402
3127	2402
3832	2402
3982	2402
2906	2402
4149	2402
1125	2402
1509	2402
2682	2402
3003	2402
3535	2402
2515	1651
2434	3502
2653	3502
3333	3502
4347	3502
4271	4466
3482	2126
113	2126
3333	2126
3979	2126
699	724
1847	724
582	724
2936	724
568	724
2089	724
59	724
1200	724
2871	724
4318	724
1548	724
888	724
515	724
795	724
1411	724
1695	724
2360	724
2839	724
4298	724
2207	724
1536	2213
3539	2213
1994	2213
1154	2213
2243	1487
1178	1487
3659	2243
1623	2243
1591	2243
2187	1282
3874	1282
4077	1282
1738	1282
4281	274
3498	274
823	274
2514	274
241	1838
2066	1838
3813	1838
3719	148
1983	1902
2417	3763
1751	3763
4257	3763
3440	4070
4520	4070
931	4070
241	560
1904	560
676	560
285	560
1281	560
1461	560
4089	2669
1904	2669
1131	99
259	99
4281	1570
1024	1570
3410	1570
2731	2040
3482	1567
554	1567
768	268
59	268
275	268
4053	526
3908	526
311	526
4531	526
2846	526
220	526
637	526
504	526
3639	526
293	526
3908	4053
576	4053
1516	4053
928	4053
311	3908
2846	3908
122	3908
1516	3908
928	3908
504	3908
3639	3908
2325	3908
1134	311
1516	311
210	4512
2731	4230
3575	4242
2169	3575
2990	3575
1847	1808
2545	1808
3639	1808
299	1808
288	1808
3140	1808
3565	1808
2567	2212
66	2212
668	4098
1544	4098
457	4098
2583	4098
2417	4098
893	4098
1377	4098
4376	4098
1621	3659
1148	3659
2754	668
1753	668
1909	668
1785	918
554	2649
954	1449
842	1449
2560	1449
100	224
275	224
2065	4097
161	4097
27	1503
263	1503
1740	2819
228	2819
3401	2819
3593	2170
241	2751
2632	2751
4008	2751
2902	4377
3482	2206
4520	4249
3318	4249
870	2483
1171	4126
196	4271
2672	4271
768	2187
59	2187
637	2386
638	3416
502	1528
1785	1472
1847	1675
1810	1675
1785	1008
1292	1008
4300	1847
3387	1847
3724	1847
3368	1847
3364	1847
4044	1847
4102	1847
90	1847
2619	1847
1518	1847
2125	1847
2461	1847
4082	1847
112	3501
1785	3501
1738	3501
3404	2609
3434	2609
2730	112
4037	112
942	112
3136	112
4482	112
4137	112
2353	112
83	112
3175	112
1785	783
2251	783
1785	2730
825	4037
1785	1668
1785	942
2251	942
1785	3162
1785	3136
473	1785
83	1785
3175	1785
4349	1785
3706	2706
4367	1623
2166	1623
66	1623
4206	4289
512	3874
768	3874
3556	3874
4159	3874
4229	3874
59	3874
2325	3874
768	512
228	512
638	1323
1309	638
1549	638
2166	638
228	768
248	768
59	768
3729	768
472	768
4386	768
3388	768
2672	768
2727	954
1491	954
3997	954
1550	954
1620	954
3628	842
677	842
1079	551
3095	551
4318	2641
605	1734
905	1734
3066	1734
1550	33
1956	252
3169	252
870	252
1338	252
4225	2560
2939	994
2000	994
2726	994
4310	994
2169	994
1230	994
3514	994
4293	994
990	994
3354	27
263	27
222	27
1760	3335
2176	3335
3060	3335
3511	4352
825	4352
3511	3242
825	3242
2133	3589
1946	3314
3079	3314
3511	3314
633	3314
3982	3314
825	3314
275	3314
3440	1956
870	1956
3008	1956
2906	1956
3639	1956
2939	4307
573	4307
2612	1793
1458	1793
763	1793
1423	1793
523	3151
2152	1490
273	1490
55	1917
4280	1917
1621	3180
3364	3180
669	4194
1716	582
508	2999
3529	2999
8	1886
3997	4343
1067	4343
3563	4343
2166	4343
2726	4367
3040	992
4045	992
3639	992
205	992
3147	3040
3639	1621
2997	1946
3982	1946
3767	1946
1053	1946
811	2470
4121	2470
2856	2470
1492	2470
2166	2470
3581	4281
2726	4281
42	4281
502	3793
2017	3793
2726	3793
4149	3793
3333	3793
3150	3793
1738	3628
2029	3628
3498	3581
2726	3581
4222	3581
83	3581
4150	532
1735	532
3818	532
2754	532
1826	532
3882	532
677	4150
4511	4150
2939	677
2726	677
4222	677
3639	677
2325	677
1738	677
2514	677
2308	677
83	677
1399	677
1475	677
1726	677
1766	677
990	677
1309	2439
554	2439
2908	2439
3333	2439
2980	2439
449	4079
3093	2799
1550	2251
3482	2251
3175	2251
1150	14
564	14
4491	14
373	4437
621	2375
3482	4195
1266	811
879	811
1491	2545
1550	2545
2949	2545
3759	2545
1550	2727
2949	2727
1550	1491
3364	1491
1749	1491
3482	1491
2949	1491
1468	1491
1912	1491
3482	3997
3639	3997
259	3997
796	3997
2385	3997
3861	3997
3482	1550
3639	1550
3347	3364
3482	3364
1456	3364
1549	3364
3826	3364
3903	3364
1501	3364
3049	3364
3473	3364
3639	57
1516	4531
4417	4531
2307	2041
1114	2041
1425	2860
122	2860
1578	2860
3393	2860
4188	44
3631	3571
3519	3571
515	3571
3540	3571
3818	3201
1266	1859
1389	2378
241	4554
1506	4554
285	4554
564	262
3696	4527
1981	4527
1981	3696
1266	536
3360	3989
2384	3989
4015	1292
1994	4341
131	1067
2157	1067
4051	1067
10	4121
2990	4121
1905	1168
2314	1168
628	383
2612	383
3163	383
4310	383
2166	1274
3117	1274
86	2191
3565	2525
866	2673
40	2673
1732	2673
3297	2673
3639	2673
3662	2673
998	2673
3010	2673
568	502
997	502
3562	502
4045	1141
1904	438
1150	438
2307	438
1833	438
990	345
4237	866
40	866
3297	866
1456	866
628	866
3010	866
1516	306
4186	2112
220	2112
931	2112
4237	1523
4237	3718
4237	1213
685	1213
273	1213
2935	1213
4237	4374
2379	1687
3639	1770
3482	1313
2595	1313
1849	2897
1994	2897
45	4039
3583	3000
248	1761
3333	1761
3639	185
3147	2260
4024	2260
2335	2260
3975	2260
982	2260
3424	3440
522	142
3331	142
90	4044
122	4044
704	2238
1875	3499
122	104
2936	3273
568	3273
1536	2936
3655	2936
2013	2936
876	2936
805	2936
2811	2936
3596	2936
3655	1536
568	1536
876	1536
805	1536
477	1536
1516	1536
568	3655
876	3655
805	3655
805	2013
2180	2013
2376	568
876	568
870	568
2846	568
3461	568
2839	568
3366	568
3742	2651
621	2376
805	876
1669	876
1573	876
3178	3742
1875	3742
2180	805
594	805
2110	805
2871	805
1753	805
4201	2355
4325	1800
126	1800
1245	1800
3296	1800
2626	1800
3415	1800
3147	78
3639	693
3743	3569
3827	3569
1057	4237
3646	4237
1352	4237
456	4237
2464	4237
1350	4237
3333	4237
1117	241
590	241
1904	241
2307	241
3454	241
4555	241
2818	241
3360	241
3827	241
2768	241
533	241
66	241
619	241
1501	241
2229	241
1461	241
2266	241
1875	241
2184	241
2396	241
2747	241
3459	241
3706	241
3737	241
2768	398
2900	398
2169	932
3529	932
295	1208
3178	98
161	4520
3969	4520
2169	4520
2136	4520
4386	123
60	123
1516	123
2325	123
2172	123
3360	161
4082	4130
2333	4130
469	1426
956	1425
199	1163
676	469
285	469
2307	1117
676	1117
3826	1117
285	1117
1875	1117
1875	1767
3639	2950
3697	3574
2416	3574
3792	3574
3511	3697
1738	3697
2416	228
4086	228
3719	228
3876	228
1907	228
1199	228
3631	461
3870	461
1432	3792
197	3792
3958	3792
888	3792
291	3713
291	1632
94	291
1932	291
3563	3539
457	3539
2963	3539
1994	3539
3333	3539
3872	3539
3566	3539
299	2180
792	1573
4555	1904
676	1904
2818	1904
3360	1904
2768	1904
205	1904
533	1904
67	1904
285	1904
2553	1904
2123	1904
624	1944
2070	624
4491	624
1092	624
3275	624
15	624
1994	624
3646	752
853	752
1760	752
1909	752
1358	1030
4454	2047
4164	3169
4149	3169
4266	3169
564	1150
947	1150
1092	1150
384	1150
3331	1150
295	442
633	4485
1429	4485
614	4485
3958	4485
297	4485
4260	4485
3482	3488
633	3488
1429	3488
1382	3488
1429	1713
3955	1713
3886	1463
3965	1463
4511	922
825	922
3639	1184
297	2731
83	2731
2561	2731
2882	2731
4261	2731
4538	2731
2481	2731
763	1619
763	1174
820	1174
4386	875
2906	1667
279	1667
199	1057
2017	1057
2906	1057
1338	1057
279	1057
4543	870
4325	30
3639	30
2574	30
3066	30
1338	4325
4543	4325
3095	4325
2574	4325
750	349
2017	199
793	199
2906	199
4045	199
1338	199
4543	199
2464	199
279	199
1934	199
259	199
615	199
3140	199
2906	2017
4149	2017
854	2017
3098	2590
220	4186
4012	3482
4222	3482
1429	3482
2007	3482
3639	3482
4228	3482
2045	3482
990	3482
2663	3482
299	3844
1945	3352
3955	2753
1516	2809
3955	2809
988	3646
3163	3646
3958	3646
4496	3646
1849	3089
755	3089
1732	40
3297	40
3662	40
2518	40
4058	40
931	40
3010	40
3892	527
820	527
564	126
234	126
2583	1945
4058	1732
3442	1732
2186	3511
2906	3511
4137	3511
4225	3511
1738	3511
3333	2755
1738	4102
604	2515
4551	2939
853	2939
4363	2939
3639	1832
2737	1832
4294	1832
4491	1470
3639	4551
2574	4551
205	2345
912	600
472	248
3388	248
2906	248
1760	248
4166	248
2672	248
3878	248
3489	248
2817	494
1467	494
2110	4229
3127	4229
3046	4229
1850	4229
2169	4229
944	4229
25	4229
146	4229
1220	4229
1460	4229
1909	4229
1976	4229
3584	4229
1299	1134
1905	1134
594	1134
1024	1134
628	1134
2612	1134
528	1134
4012	1134
1458	1134
931	1134
4304	1134
2169	1134
933	1134
704	1309
3719	1309
1949	1309
853	1309
3113	1309
2169	1299
1544	1245
59	1245
3639	1245
3424	1245
3060	1245
4423	1245
2070	564
621	564
1645	564
2567	564
1191	564
3866	1467
4067	1467
1753	1467
2617	1467
1907	858
2519	587
3224	2519
381	3657
3147	3657
637	3657
3138	3657
820	3657
3570	3999
947	848
260	848
4166	848
1355	4118
3938	1541
3743	3309
3996	3309
2201	1478
2709	625
4491	196
3639	196
1826	196
2672	196
3639	2401
823	2997
1084	2997
2840	2997
259	720
733	4077
3583	4077
2611	4077
4491	4077
4425	4077
872	1415
2906	2161
3729	59
3425	59
528	59
1230	59
3876	4086
3876	3719
418	3719
1378	3719
2836	3719
418	3876
806	3876
1484	3876
2709	370
1429	2846
2469	2846
3958	2532
3639	3093
2773	3631
3147	381
4491	3147
3925	3147
158	3147
1020	3147
4068	3147
4254	3147
2353	3147
2987	3147
2325	3147
413	3147
1160	3147
1665	3147
1856	3147
2232	3147
2806	3147
3508	3147
3756	3147
3808	3147
4152	3147
3176	3147
4286	3147
2885	3147
3677	3147
259	3354
851	3354
4331	3354
820	1352
2343	1352
259	1352
3425	472
1084	4066
820	4278
2726	3498
3313	523
851	523
623	523
2611	886
121	886
4125	1159
1456	3297
240	3297
3010	3297
3529	1456
3508	1456
3614	1456
2883	3426
3362	3426
3639	418
4082	418
337	418
1123	418
792	418
3378	3938
4171	2431
4080	2431
280	2431
4091	2431
3583	2431
4491	2431
831	2431
122	2431
74	2431
250	2431
334	2431
620	2431
844	2431
2611	4080
4491	4080
628	4080
280	2070
4091	2070
2000	2070
3583	2070
1755	2070
1618	2070
2611	280
4491	280
628	280
2611	4091
4491	4091
628	4091
2074	2000
3010	733
4491	3583
1383	3583
2686	2611
4491	2611
4491	2686
2856	4491
2666	4491
4166	4491
1976	4491
2975	4491
576	3743
3444	3743
2672	3743
762	2726
3882	2726
1199	2726
1280	2726
3682	220
2389	220
4388	220
275	220
3872	220
621	1018
1003	149
718	149
633	1378
594	1378
1024	1378
2612	1378
528	1378
1458	1378
2195	1378
1382	1378
113	1378
1423	1378
633	3118
594	3118
2612	3118
1458	3118
1423	3118
633	1905
2612	1905
1458	1905
614	1905
299	1905
1423	1905
2629	1905
594	633
4490	633
1024	633
2612	633
528	633
4112	633
4012	633
1458	633
1429	633
4233	633
750	633
1516	633
1382	633
958	633
1423	633
4490	594
1024	594
2612	594
528	594
4112	594
4012	594
1458	594
1382	594
1423	594
2612	4490
614	4490
1423	4490
2612	1024
1382	1024
3095	1024
1423	1024
1661	1024
820	628
4310	628
3701	628
621	3063
1475	3063
1957	3063
2394	621
528	2612
4112	2612
4012	2612
1458	2612
1382	2612
1753	2612
1423	2612
1382	528
1423	528
3728	528
4012	4112
1458	4112
554	4112
3410	4112
1382	4112
1003	4112
1423	4112
1723	4112
3728	4112
113	4012
1423	4012
1382	1458
1753	1458
113	1458
2604	3189
905	605
905	476
1516	476
3639	476
3925	905
3982	905
3639	905
2308	905
83	905
3639	3925
83	4511
1530	4511
2680	4139
4496	2962
1559	3250
66	1518
1461	1518
4417	1070
3296	3447
1358	3447
3965	1779
3639	913
947	802
1826	4386
366	4386
1423	4386
243	457
1468	457
2472	457
3444	576
851	576
676	2661
2066	2661
285	2661
2553	2661
3639	1553
3296	1200
3138	1200
1994	1200
926	1200
2622	1200
3614	1200
3639	806
2169	806
4297	806
554	2688
2941	3444
2354	1591
2377	1591
3381	1591
1065	4373
1020	637
4233	637
2798	637
896	637
4109	637
4152	637
3383	1969
3547	967
1738	1872
3565	4164
288	3408
297	1429
1326	1429
3030	1266
72	1266
2110	2917
1578	2917
285	2203
4274	2949
792	2949
1874	2949
3534	4274
1620	122
2812	122
839	122
1054	122
3826	122
3393	122
26	122
505	122
623	122
3833	122
3837	122
288	872
3478	1169
295	4110
2768	4110
1875	4110
1875	295
1409	823
4163	1620
4383	1620
3383	1620
3534	2812
1965	2812
839	2812
3393	2812
2871	3296
60	3296
2464	3296
2567	3296
2118	3296
2325	3296
4166	3296
2566	3296
2906	3127
60	2871
2832	2114
3728	2114
2007	2347
474	2689
3453	2689
2369	1965
1516	3046
3066	3046
1662	158
2066	4555
212	4555
285	4555
2553	4555
1461	4555
3568	4555
2633	4555
222	1474
3602	2186
1760	2186
1738	2186
1809	2186
299	3388
3562	3388
2859	263
275	263
3639	2836
3360	676
3827	676
2768	676
1875	676
2396	676
755	1849
2173	755
3112	3832
3333	1020
853	1576
3138	2743
1516	2743
2567	3138
3415	3138
3275	554
3637	554
3540	3519
3566	3519
1579	3982
15	3892
366	1720
260	947
4166	947
384	947
795	947
926	947
1533	947
2331	947
3071	947
3441	947
3728	947
1957	3410
3602	86
2908	86
825	86
473	86
1501	86
3060	86
2840	86
3438	86
3610	86
3639	2583
2290	2583
1398	4068
630	763
515	4234
2166	1398
2806	2856
2906	3008
4045	3008
1338	3008
4543	3008
4045	2906
1338	2906
4543	2906
4149	2906
3318	2906
4543	4045
3360	1924
2396	1924
2734	1924
3975	2818
2553	2818
1516	1084
3639	1084
337	1084
3562	1084
998	1084
3759	1084
508	1084
4149	1338
3639	4543
970	4543
1765	4163
3265	4163
3826	4163
1873	4163
4137	750
3639	750
2353	4137
4310	4137
4535	2811
1103	2811
1703	2811
2768	2066
66	2066
1501	2066
1875	2066
3745	3325
3453	474
3113	1520
279	4149
2249	1023
2469	1023
2678	1023
3639	3745
1994	2464
2574	2464
853	2754
928	1516
3958	1516
473	1516
3826	1516
2963	1516
1135	1516
888	1516
1061	1516
1318	1516
1395	1516
1716	1516
2074	1516
2604	1516
2793	1516
2873	1516
4048	1516
3591	969
3591	42
2827	42
1578	42
2905	4462
446	1290
4134	1995
3602	2007
2806	2007
4519	2007
4383	3265
2353	8
58	4318
2518	4318
299	4318
2561	4036
982	1092
1909	1092
1501	4344
222	3918
2834	3918
820	3918
2834	222
820	222
3415	222
2594	589
2195	3639
2391	3639
1760	3639
1721	3639
3177	3639
685	3639
1330	3639
771	3639
1171	3639
1629	3639
1976	3639
3529	3639
2369	3639
2382	3639
2411	3639
2425	3639
2556	3639
2806	3639
3049	3639
3066	3639
3532	3639
3806	3639
4277	3639
4477	3639
3453	3639
508	2737
718	2737
2963	3602
926	3602
3872	3602
3177	4291
3775	2798
931	2797
299	1934
1578	3291
3030	3958
299	3958
2257	3958
3140	3958
3164	3958
1718	1346
774	4082
2091	4082
853	4082
1909	4082
643	774
2157	1102
4388	2389
2325	2389
1738	2389
825	4388
275	825
4140	825
3975	825
2152	275
563	275
83	275
3095	275
2233	275
2201	10
2518	58
299	58
2169	58
299	2518
4058	2518
3010	2518
2026	299
3478	2361
1216	4167
2768	3360
66	3360
53	3360
285	3360
2553	3360
1461	3360
2396	3360
3459	3360
2480	473
4310	820
1826	820
4221	820
3239	820
2152	820
851	820
888	820
4496	820
4221	4310
1755	4310
1618	4310
4221	1826
3419	1826
2672	1826
533	212
667	212
2553	212
1461	212
2343	853
2574	853
2815	853
4294	145
4324	3690
4454	931
2166	931
888	931
1977	931
2	256
4217	256
3565	1618
1994	4500
3584	1721
3150	2166
1738	2325
259	2325
113	2325
1994	2325
2574	2325
3677	210
3562	3933
1525	3933
3826	1054
3393	1054
285	1054
3529	1054
3393	3826
2546	4067
218	3956
990	3562
4266	3562
4347	2434
3830	288
1994	15
1833	15
3453	15
4360	2343
2626	2343
2778	2343
3566	2343
2626	4360
1994	4360
2926	4360
1994	2626
1909	2626
3566	2626
573	3554
285	2768
2553	2768
1461	2768
3677	2768
66	4125
3443	259
372	259
879	259
2185	259
3333	259
400	205
1752	205
1769	205
1784	205
1900	205
2233	205
2300	205
2660	1240
4010	366
2045	2825
4228	1777
2045	1777
4364	3177
2991	372
285	533
4276	533
671	533
1080	533
2553	533
3753	2169
3728	2169
3872	2169
117	3478
780	3478
4496	3478
1484	1753
67	66
285	66
1137	66
3459	66
455	4228
771	4228
1484	113
714	3759
1671	3759
2425	3759
1501	3538
2990	1114
3903	1578
1501	1578
3393	1578
3698	1578
2577	619
121	1590
4122	4441
2566	260
4122	260
4122	4166
4122	2566
1970	2778
2977	234
2335	4024
3975	4024
3975	2335
2929	4535
1273	4535
888	1065
67	1501
285	1501
2553	1501
273	982
3071	982
4456	3685
285	2384
2553	2384
740	3955
289	2858
990	25
1743	2201
3140	888
3565	888
285	67
2904	76
3987	146
1379	200
1769	218
671	285
1875	285
2396	285
2747	285
3459	285
4519	312
1080	343
3333	2784
3612	1994
1268	1994
1695	1994
1976	1994
3584	1994
3566	1994
4364	434
4216	446
777	455
2138	520
1875	521
1125	530
1908	531
1157	572
3613	572
3049	586
2557	632
3434	667
1652	669
1061	713
3113	730
4283	771
1909	792
3333	792
2382	796
2277	881
3164	933
1167	945
1483	970
3049	1061
3331	1125
4153	1137
2395	1167
1875	2553
1875	1358
3769	1407
2632	1461
3403	1572
3331	1624
4294	1629
4013	1636
3532	1652
3555	1671
2839	1706
4260	1752
1908	1875
1612	1875
3752	1900
3333	1909
3698	1970
3568	2045
3529	3698
371	3698
3723	3698
1356	3698
1191	3698
2678	3698
3566	3698
3441	2068
3331	2072
3565	2073
2885	2172
1612	2277
2621	2531
3565	2617
3066	2632
2815	2671
3822	2682
3333	2705
2820	2714
3333	3461
3005	3333
3172	3333
3014	2832
3565	3185
289	3234
3927	3565
3728	3584
4294	3584
1191	3607
4189	3613
4134	3650
4394	3715
3806	3805
4519	4109
3566	2678
2663	990
