1	1052
2	656
2	682
2	882
13	581
13	681
13	1283
14	444
16	66
16	208
16	396
16	520
16	815
16	856
16	952
16	994
16	1150
16	1250
16	1442
16	1535
18	308
18	454
18	614
18	845
18	864
18	916
18	1019
18	1129
18	1295
18	1399
18	1558
19	1237
20	1390
21	1445
22	558
23	1040
23	1253
26	454
27	723
27	1094
27	1097
27	1371
28	1094
29	30
29	929
29	1100
30	122
30	929
30	1205
30	1474
33	1358
34	147
34	157
36	1441
39	760
40	1325
41	88
41	164
41	321
41	386
41	636
41	783
41	917
41	1072
41	1121
44	272
44	1080
44	1255
50	66
50	67
50	145
50	200
50	208
50	232
50	346
50	384
50	433
50	520
50	597
50	661
50	668
50	810
50	815
50	819
50	856
50	903
50	952
50	1021
50	1036
50	1074
50	1076
50	1097
50	1103
50	1141
50	1145
50	1150
50	1173
50	1226
50	1250
50	1293
50	1371
50	1442
50	1477
50	1483
51	69
51	1578
54	531
54	1478
54	1505
55	100
55	124
55	194
55	259
55	260
55	301
55	351
55	619
55	659
55	847
55	898
55	1394
55	1454
55	1481
57	111
57	125
57	341
57	424
57	538
57	547
57	601
57	678
57	967
57	1300
57	1343
57	1547
57	1571
61	648
65	556
65	882
66	67
66	110
66	208
66	396
66	433
66	510
66	511
66	751
66	810
66	815
66	856
66	903
66	952
66	1021
66	1074
66	1076
66	1097
66	1103
66	1226
66	1250
66	1333
66	1371
66	1477
66	1520
67	200
67	232
67	360
67	425
67	433
67	510
67	520
67	597
67	751
67	810
67	815
67	856
67	903
67	952
67	1021
67	1036
67	1044
67	1074
67	1076
67	1097
67	1103
67	1173
67	1226
67	1250
67	1293
67	1371
67	1477
67	1509
69	174
69	189
69	192
69	236
69	390
69	446
69	458
69	799
69	949
69	1063
69	1092
69	1093
69	1178
69	1184
69	1244
69	1395
69	1508
69	1578
70	696
70	1570
73	1216
75	114
75	288
75	296
75	532
75	652
75	1083
75	1170
76	1036
83	208
83	724
88	164
88	321
88	372
88	386
88	636
88	703
88	783
88	917
88	1072
88	1121
89	582
89	1374
93	1482
94	888
100	124
100	259
100	260
100	301
100	351
100	619
100	659
100	847
100	858
100	898
100	1394
100	1454
100	1481
108	864
110	208
110	433
110	497
110	510
110	536
110	810
110	903
110	1021
110	1074
110	1076
110	1103
110	1226
110	1250
111	125
111	176
111	341
111	424
111	538
111	547
111	601
111	678
111	967
111	1300
111	1343
111	1547
111	1571
112	1111
114	288
114	296
114	532
114	652
114	1083
114	1119
114	1170
115	327
115	365
115	854
115	1048
119	314
122	165
122	307
122	340
122	491
122	542
122	915
122	918
122	959
122	1041
122	1135
122	1205
122	1406
122	1430
122	1474
124	260
124	301
124	351
124	619
124	659
124	847
124	858
124	898
124	1394
124	1454
124	1481
125	176
125	341
125	424
125	538
125	547
125	601
125	678
125	967
125	1300
125	1343
125	1547
125	1571
126	326
126	620
126	1105
128	864
130	278
132	560
132	1060
132	1100
132	1347
132	1378
135	1501
136	270
136	485
136	809
136	1301
136	1455
142	929
145	515
145	552
145	668
145	815
145	856
145	1094
145	1144
145	1344
145	1371
147	157
150	249
150	840
150	1028
153	713
153	877
154	184
154	379
154	503
154	675
154	894
154	1061
156	165
156	340
156	918
156	959
156	1041
156	1118
156	1135
158	1088
164	321
164	386
164	636
164	703
164	783
164	917
164	1072
164	1121
164	1249
165	340
165	918
165	959
165	1041
165	1118
165	1135
166	232
166	346
166	384
166	597
166	608
166	704
166	718
166	819
166	856
166	1057
166	1145
166	1220
166	1483
166	1509
167	1515
168	189
168	949
168	1093
168	1167
172	454
172	957
174	236
174	390
174	446
174	458
174	552
174	799
174	1184
174	1244
174	1578
176	341
176	424
176	538
176	547
176	601
176	678
176	967
176	1204
176	1300
176	1343
176	1547
176	1571
177	284
177	1065
184	214
184	379
184	423
184	490
184	503
184	666
184	675
184	737
184	894
184	1061
184	1159
188	732
188	862
188	1045
189	192
189	390
189	949
189	1063
189	1092
189	1093
189	1144
189	1178
189	1508
189	1578
192	1093
192	1144
192	1178
192	1508
192	1578
194	301
195	617
196	213
196	886
196	1112
196	1281
197	698
199	992
200	433
200	592
200	856
200	1256
200	1371
200	1504
205	1183
205	1227
205	1297
205	1311
205	1489
205	1499
208	413
208	433
208	497
208	510
208	511
208	520
208	723
208	751
208	810
208	815
208	856
208	903
208	952
208	1021
208	1036
208	1074
208	1076
208	1097
208	1103
208	1226
208	1250
208	1333
208	1371
208	1423
208	1477
208	1478
208	1520
210	286
210	363
210	1096
211	1092
211	1093
211	1144
213	886
213	1112
214	379
214	423
214	490
214	503
214	666
214	675
214	737
214	894
214	1061
218	830
219	385
220	332
220	615
220	630
220	683
220	1253
220	1351
221	905
222	228
222	519
222	575
222	725
222	1312
222	1407
222	1410
222	1583
223	874
223	1000
228	519
228	575
228	725
228	1080
228	1312
228	1407
228	1410
228	1553
228	1583
229	306
229	556
232	346
232	384
232	597
232	608
232	704
232	819
232	856
232	1145
232	1173
232	1293
232	1371
232	1483
232	1509
233	261
233	893
233	1246
233	1298
233	1376
233	1406
233	1407
233	1410
233	1560
233	1583
236	446
236	552
236	799
236	1244
236	1578
238	1275
241	554
241	1113
241	1185
241	1353
242	1000
245	689
245	1195
249	840
249	1028
250	277
253	1348
254	517
254	927
257	426
257	454
259	260
259	301
259	351
259	659
259	847
259	898
259	1481
260	301
260	351
260	619
260	659
260	847
260	898
260	1394
260	1454
260	1481
261	893
261	1246
261	1298
261	1376
261	1406
261	1410
264	778
265	274
265	396
265	471
265	520
265	531
265	679
265	751
265	952
265	953
265	1018
265	1173
265	1199
265	1333
265	1423
265	1463
265	1478
266	1189
270	809
272	1080
272	1255
274	396
274	471
274	531
274	679
274	1199
274	1333
274	1423
276	1336
278	510
278	644
278	679
278	719
278	952
278	1199
278	1251
278	1308
278	1478
278	1520
283	642
283	884
283	991
284	1065
286	363
286	1096
286	1277
288	296
288	460
288	532
288	652
288	1083
288	1119
289	748
290	622
296	532
296	652
296	1083
296	1119
296	1170
297	1037
298	1225
300	810
301	351
301	619
301	659
301	847
301	898
301	1394
301	1454
301	1481
303	1339
306	489
306	797
306	884
307	440
307	474
307	791
307	964
307	971
307	1050
307	1091
307	1232
307	1260
307	1430
307	1515
308	454
308	614
308	845
308	864
308	916
308	1019
308	1076
308	1295
308	1399
308	1558
312	425
312	822
312	1022
313	556
321	372
321	386
321	636
321	703
321	783
321	917
321	1072
321	1121
324	1156
326	620
326	1105
327	365
327	854
327	1048
328	724
332	615
332	630
332	683
332	1253
332	1351
333	1318
336	1579
340	915
340	918
340	959
340	1041
340	1118
340	1135
340	1474
341	424
341	538
341	547
341	601
341	678
341	967
341	1300
341	1343
341	1547
341	1571
346	384
346	597
346	608
346	704
346	718
346	819
346	1057
346	1145
346	1220
346	1483
346	1509
351	619
351	659
351	847
351	898
351	1394
351	1454
351	1481
354	878
355	405
355	791
355	1232
355	1240
355	1413
361	1171
363	1096
365	854
366	1519
372	917
372	1072
372	1121
374	912
377	426
379	423
379	490
379	503
379	666
379	675
379	737
379	894
379	1061
379	1159
381	515
381	1144
384	597
384	608
384	704
384	718
384	819
384	856
384	1057
384	1145
384	1220
384	1371
384	1483
384	1509
385	954
385	1542
386	636
386	783
386	917
386	1072
386	1121
390	446
390	458
390	799
390	1093
390	1178
390	1244
390	1395
390	1578
392	681
393	771
396	471
396	510
396	520
396	531
396	552
396	679
396	751
396	856
396	863
396	952
396	953
396	1018
396	1103
396	1173
396	1199
396	1333
396	1423
396	1463
396	1478
400	745
400	1581
401	1151
404	1350
405	791
405	1232
405	1240
405	1413
411	1436
411	1534
412	1539
413	510
413	856
413	1097
413	1520
413	1555
415	946
415	1205
415	1324
415	1446
422	754
422	1329
423	490
423	503
423	666
423	675
423	737
423	894
423	1061
423	1159
424	538
424	547
424	601
424	678
424	967
424	1300
424	1343
424	1547
424	1571
425	822
425	1003
425	1022
425	1150
425	1535
429	480
433	497
433	510
433	520
433	751
433	810
433	815
433	856
433	903
433	952
433	1021
433	1036
433	1074
433	1076
433	1097
433	1103
433	1226
433	1250
433	1371
433	1477
433	1520
440	474
440	791
440	964
440	1515
443	1126
444	556
444	1040
444	1074
444	1253
446	458
446	552
446	799
446	1244
446	1578
447	663
449	700
449	792
453	1069
454	614
454	845
454	864
454	916
454	957
454	1019
454	1295
454	1558
457	1391
458	552
458	799
458	1244
458	1578
460	532
460	652
460	1474
466	515
466	668
466	1144
466	1344
471	531
471	679
471	719
471	953
471	1199
471	1333
471	1423
471	1478
474	791
474	964
474	1260
474	1515
478	998
481	662
485	809
485	1301
485	1455
489	556
489	884
489	991
490	503
490	666
490	675
490	737
490	894
490	1061
491	542
491	1474
497	511
497	810
497	1021
497	1076
497	1226
501	612
501	1106
501	1393
502	543
502	738
502	1451
503	666
503	675
503	737
503	894
503	1061
503	1159
504	606
504	1101
510	511
510	520
510	679
510	751
510	810
510	815
510	903
510	952
510	1021
510	1044
510	1074
510	1076
510	1097
510	1103
510	1199
510	1333
510	1371
510	1478
510	1520
511	520
511	810
511	903
511	1037
511	1074
511	1097
511	1103
511	1520
513	1129
513	1415
515	552
515	668
515	815
515	1144
515	1275
515	1344
517	927
519	575
519	725
519	1080
519	1312
519	1407
519	1410
519	1583
520	531
520	751
520	810
520	815
520	856
520	903
520	952
520	953
520	1074
520	1076
520	1094
520	1097
520	1103
520	1250
520	1371
520	1478
520	1520
531	679
531	719
531	953
531	1018
531	1199
531	1333
531	1423
531	1463
531	1478
532	652
532	678
532	1083
532	1119
532	1170
532	1547
536	810
536	903
536	1074
536	1103
536	1250
538	547
538	678
538	967
538	1300
538	1343
538	1547
538	1571
542	915
542	1430
542	1474
543	738
543	1451
547	601
547	678
547	967
547	1204
547	1300
547	1343
547	1547
547	1571
551	605
551	777
552	596
552	668
552	799
552	856
552	1094
552	1244
552	1344
552	1578
554	1113
554	1185
555	926
556	741
556	884
556	991
557	1026
558	1354
560	1060
560	1100
560	1324
560	1347
560	1378
562	1053
565	733
565	793
565	987
575	725
575	1080
575	1312
575	1407
575	1410
575	1583
578	1058
581	681
582	1374
587	1484
592	1193
596	891
596	1065
597	608
597	704
597	819
597	856
597	1057
597	1145
597	1173
597	1371
597	1483
597	1509
601	678
601	967
601	1300
601	1343
601	1547
601	1571
605	777
606	1101
608	704
608	718
608	819
608	1145
608	1483
608	1509
609	1123
610	813
611	824
612	1106
612	1393
614	845
614	864
614	916
614	1019
614	1076
614	1129
614	1295
614	1399
614	1558
615	630
615	683
615	1253
615	1351
619	659
619	734
619	847
619	898
619	1394
619	1454
619	1481
620	1105
628	877
630	683
630	1253
630	1351
635	672
635	841
635	894
635	991
636	783
636	917
636	1072
640	1225
642	991
644	719
644	929
644	1199
644	1251
644	1308
644	1478
652	1083
652	1119
656	682
658	1299
659	847
659	898
659	1394
659	1454
659	1481
661	815
661	903
661	1036
661	1103
661	1250
661	1371
662	889
662	988
662	1530
666	675
666	737
666	894
666	1061
668	815
668	856
668	952
668	1144
668	1344
668	1371
672	841
672	884
672	991
673	1584
675	737
675	894
675	1061
675	1159
678	967
678	1300
678	1343
678	1547
678	1571
679	719
679	952
679	953
679	1018
679	1173
679	1199
679	1251
679	1333
679	1423
679	1463
679	1478
681	1283
682	1257
683	1253
683	1351
686	719
686	1251
686	1308
686	1478
689	1293
692	1440
696	1570
703	1072
704	718
704	819
704	856
704	1057
704	1145
704	1220
704	1371
704	1483
704	1509
713	877
715	1049
717	1461
718	819
718	1483
718	1509
719	953
719	1199
719	1251
719	1308
719	1333
719	1423
719	1478
723	1094
723	1415
725	1080
725	1312
725	1407
725	1410
725	1583
726	831
728	758
732	862
732	1045
733	987
733	1541
737	894
737	991
737	1061
737	1159
738	1451
744	907
745	1581
751	810
751	815
751	856
751	903
751	952
751	1036
751	1074
751	1076
751	1087
751	1097
751	1103
751	1226
751	1250
751	1333
751	1371
751	1490
751	1520
753	1439
754	1329
769	1501
773	1577
777	1126
783	917
783	1072
783	1121
785	1165
791	964
791	971
791	1232
791	1240
791	1260
791	1413
791	1515
799	1244
799	1578
801	1344
805	1380
809	1301
809	1455
810	815
810	903
810	952
810	1021
810	1036
810	1074
810	1076
810	1097
810	1103
810	1226
810	1250
810	1291
810	1371
810	1477
810	1520
811	998
811	1107
811	1247
815	819
815	856
815	903
815	952
815	1036
815	1074
815	1076
815	1097
815	1103
815	1141
815	1144
815	1226
815	1250
815	1344
815	1371
815	1491
819	856
819	1057
819	1145
819	1220
819	1370
819	1371
819	1483
819	1509
820	1325
822	1022
822	1150
831	999
834	1274
834	1407
834	1410
834	1437
834	1438
834	1560
834	1583
836	1279
837	1288
840	1028
841	905
841	1037
845	864
845	916
845	1019
845	1129
845	1295
845	1558
847	898
847	1394
847	1454
847	1481
854	1048
856	952
856	1044
856	1074
856	1094
856	1097
856	1103
856	1141
856	1145
856	1173
856	1250
856	1293
856	1371
856	1477
856	1509
858	1454
858	1481
862	1045
863	1346
863	1463
864	916
864	1019
864	1076
864	1129
864	1295
864	1399
864	1558
874	1000
882	1550
884	991
886	1112
889	988
889	1523
889	1530
893	1246
893	1298
893	1376
893	1406
893	1410
893	1560
893	1583
894	1061
894	1159
895	951
898	1394
898	1454
898	1481
903	952
903	1021
903	1036
903	1074
903	1076
903	1097
903	1103
903	1226
903	1250
903	1291
903	1371
903	1490
903	1520
914	1144
915	959
915	1041
915	1135
915	1430
915	1474
916	1019
916	1129
916	1295
916	1558
917	1072
917	1121
918	959
918	1041
918	1118
918	1135
929	1221
946	1205
946	1324
946	1446
949	1063
949	1093
949	1167
949	1178
949	1508
952	953
952	995
952	1074
952	1076
952	1097
952	1103
952	1199
952	1250
952	1333
952	1371
952	1423
952	1463
952	1477
952	1478
952	1520
953	1199
953	1333
953	1423
953	1478
954	1542
959	1041
959	1118
959	1135
959	1474
964	1260
964	1515
967	1300
967	1343
967	1547
967	1571
968	1308
968	1478
970	1001
971	1091
971	1232
971	1515
987	1541
988	1523
988	1530
994	1150
994	1272
994	1442
994	1535
995	1333
998	1107
998	1247
1000	1581
1004	1346
1013	1226
1018	1199
1018	1333
1018	1463
1018	1478
1019	1076
1019	1129
1019	1295
1019	1558
1020	1036
1021	1074
1021	1076
1021	1097
1021	1103
1021	1226
1021	1250
1021	1291
1021	1320
1036	1074
1036	1076
1036	1097
1036	1103
1036	1250
1036	1320
1036	1477
1036	1520
1040	1193
1040	1253
1040	1372
1040	1457
1041	1118
1041	1135
1041	1474
1042	1482
1044	1087
1044	1141
1044	1256
1044	1344
1044	1363
1044	1371
1044	1520
1047	1484
1050	1232
1057	1483
1057	1509
1060	1347
1060	1378
1061	1159
1063	1093
1063	1144
1063	1508
1065	1573
1070	1192
1072	1121
1073	1278
1074	1076
1074	1097
1074	1103
1074	1226
1074	1250
1074	1371
1074	1477
1076	1097
1076	1103
1076	1129
1076	1226
1076	1250
1076	1371
1076	1477
1076	1520
1080	1255
1080	1312
1080	1410
1080	1583
1083	1119
1087	1371
1091	1515
1092	1093
1092	1144
1092	1178
1092	1508
1092	1578
1093	1144
1093	1167
1093	1178
1093	1395
1093	1508
1093	1578
1094	1344
1096	1277
1097	1103
1097	1226
1097	1250
1097	1371
1097	1477
1097	1520
1100	1205
1100	1324
1100	1347
1100	1378
1103	1199
1103	1226
1103	1250
1103	1371
1103	1477
1103	1478
1103	1490
1103	1520
1106	1393
1107	1247
1110	1182
1113	1185
1118	1135
1127	1282
1129	1295
1129	1415
1131	1183
1131	1227
1131	1297
1131	1311
1131	1489
1135	1474
1141	1371
1144	1178
1144	1253
1144	1275
1144	1344
1144	1508
1145	1173
1145	1220
1145	1371
1145	1483
1145	1509
1150	1272
1150	1442
1150	1535
1160	1519
1173	1333
1173	1423
1173	1483
1178	1508
1178	1578
1183	1227
1183	1297
1183	1311
1183	1489
1183	1499
1184	1244
1184	1578
1193	1253
1193	1457
1199	1251
1199	1308
1199	1333
1199	1423
1199	1463
1199	1478
1199	1520
1205	1324
1205	1446
1209	1581
1211	1225
1220	1483
1226	1250
1226	1371
1226	1477
1226	1491
1227	1297
1227	1311
1227	1489
1227	1499
1232	1240
1232	1413
1232	1515
1240	1413
1244	1578
1246	1298
1246	1376
1246	1406
1246	1407
1246	1410
1246	1560
1246	1583
1250	1371
1250	1477
1251	1308
1251	1478
1253	1351
1253	1372
1253	1457
1256	1363
1256	1504
1260	1515
1272	1442
1272	1535
1274	1407
1274	1410
1274	1437
1274	1438
1274	1560
1274	1583
1281	1576
1295	1558
1297	1311
1297	1489
1297	1499
1298	1376
1298	1406
1298	1407
1298	1410
1298	1560
1298	1583
1300	1343
1300	1547
1300	1571
1301	1455
1308	1478
1308	1520
1311	1489
1311	1499
1312	1407
1312	1410
1312	1583
1324	1446
1333	1423
1333	1463
1333	1478
1343	1547
1343	1571
1344	1424
1347	1378
1371	1477
1371	1483
1371	1509
1371	1520
1376	1406
1376	1407
1376	1410
1376	1430
1376	1474
1376	1560
1376	1583
1394	1454
1394	1481
1395	1508
1395	1578
1406	1407
1406	1410
1406	1560
1406	1583
1407	1410
1407	1437
1407	1438
1407	1560
1407	1583
1410	1437
1410	1438
1410	1560
1410	1583
1417	1479
1423	1463
1423	1478
1430	1474
1436	1534
1437	1438
1437	1560
1437	1583
1438	1560
1438	1583
1442	1535
1448	1544
1454	1481
1463	1478
1478	1520
1478	1555
1483	1509
1489	1499
1490	1520
1508	1578
1523	1530
1547	1571
1560	1583
1052	1
656	2
682	2
882	2
581	13
681	13
1283	13
444	14
66	16
208	16
396	16
520	16
815	16
856	16
952	16
994	16
1150	16
1250	16
1442	16
1535	16
308	18
454	18
614	18
845	18
864	18
916	18
1019	18
1129	18
1295	18
1399	18
1558	18
1237	19
1390	20
1445	21
558	22
1040	23
1253	23
454	26
723	27
1094	27
1097	27
1371	27
1094	28
30	29
929	29
1100	29
122	30
929	30
1205	30
1474	30
1358	33
147	34
157	34
1441	36
760	39
1325	40
88	41
164	41
321	41
386	41
636	41
783	41
917	41
1072	41
1121	41
272	44
1080	44
1255	44
66	50
67	50
145	50
200	50
208	50
232	50
346	50
384	50
433	50
520	50
597	50
661	50
668	50
810	50
815	50
819	50
856	50
903	50
952	50
1021	50
1036	50
1074	50
1076	50
1097	50
1103	50
1141	50
1145	50
1150	50
1173	50
1226	50
1250	50
1293	50
1371	50
1442	50
1477	50
1483	50
69	51
1578	51
531	54
1478	54
1505	54
100	55
124	55
194	55
259	55
260	55
301	55
351	55
619	55
659	55
847	55
898	55
1394	55
1454	55
1481	55
111	57
125	57
341	57
424	57
538	57
547	57
601	57
678	57
967	57
1300	57
1343	57
1547	57
1571	57
648	61
556	65
882	65
67	66
110	66
208	66
396	66
433	66
510	66
511	66
751	66
810	66
815	66
856	66
903	66
952	66
1021	66
1074	66
1076	66
1097	66
1103	66
1226	66
1250	66
1333	66
1371	66
1477	66
1520	66
200	67
232	67
360	67
425	67
433	67
510	67
520	67
597	67
751	67
810	67
815	67
856	67
903	67
952	67
1021	67
1036	67
1044	67
1074	67
1076	67
1097	67
1103	67
1173	67
1226	67
1250	67
1293	67
1371	67
1477	67
1509	67
174	69
189	69
192	69
236	69
390	69
446	69
458	69
799	69
949	69
1063	69
1092	69
1093	69
1178	69
1184	69
1244	69
1395	69
1508	69
1578	69
696	70
1570	70
1216	73
114	75
288	75
296	75
532	75
652	75
1083	75
1170	75
1036	76
208	83
724	83
164	88
321	88
372	88
386	88
636	88
703	88
783	88
917	88
1072	88
1121	88
582	89
1374	89
1482	93
888	94
124	100
259	100
260	100
301	100
351	100
619	100
659	100
847	100
858	100
898	100
1394	100
1454	100
1481	100
864	108
208	110
433	110
497	110
510	110
536	110
810	110
903	110
1021	110
1074	110
1076	110
1103	110
1226	110
1250	110
125	111
176	111
341	111
424	111
538	111
547	111
601	111
678	111
967	111
1300	111
1343	111
1547	111
1571	111
1111	112
288	114
296	114
532	114
652	114
1083	114
1119	114
1170	114
327	115
365	115
854	115
1048	115
314	119
165	122
307	122
340	122
491	122
542	122
915	122
918	122
959	122
1041	122
1135	122
1205	122
1406	122
1430	122
1474	122
260	124
301	124
351	124
619	124
659	124
847	124
858	124
898	124
1394	124
1454	124
1481	124
176	125
341	125
424	125
538	125
547	125
601	125
678	125
967	125
1300	125
1343	125
1547	125
1571	125
326	126
620	126
1105	126
864	128
278	130
560	132
1060	132
1100	132
1347	132
1378	132
1501	135
270	136
485	136
809	136
1301	136
1455	136
929	142
515	145
552	145
668	145
815	145
856	145
1094	145
1144	145
1344	145
1371	145
157	147
249	150
840	150
1028	150
713	153
877	153
184	154
379	154
503	154
675	154
894	154
1061	154
165	156
340	156
918	156
959	156
1041	156
1118	156
1135	156
1088	158
321	164
386	164
636	164
703	164
783	164
917	164
1072	164
1121	164
1249	164
340	165
918	165
959	165
1041	165
1118	165
1135	165
232	166
346	166
384	166
597	166
608	166
704	166
718	166
819	166
856	166
1057	166
1145	166
1220	166
1483	166
1509	166
1515	167
189	168
949	168
1093	168
1167	168
454	172
957	172
236	174
390	174
446	174
458	174
552	174
799	174
1184	174
1244	174
1578	174
341	176
424	176
538	176
547	176
601	176
678	176
967	176
1204	176
1300	176
1343	176
1547	176
1571	176
284	177
1065	177
214	184
379	184
423	184
490	184
503	184
666	184
675	184
737	184
894	184
1061	184
1159	184
732	188
862	188
1045	188
192	189
390	189
949	189
1063	189
1092	189
1093	189
1144	189
1178	189
1508	189
1578	189
1093	192
1144	192
1178	192
1508	192
1578	192
301	194
617	195
213	196
886	196
1112	196
1281	196
698	197
992	199
433	200
592	200
856	200
1256	200
1371	200
1504	200
1183	205
1227	205
1297	205
1311	205
1489	205
1499	205
413	208
433	208
497	208
510	208
511	208
520	208
723	208
751	208
810	208
815	208
856	208
903	208
952	208
1021	208
1036	208
1074	208
1076	208
1097	208
1103	208
1226	208
1250	208
1333	208
1371	208
1423	208
1477	208
1478	208
1520	208
286	210
363	210
1096	210
1092	211
1093	211
1144	211
886	213
1112	213
379	214
423	214
490	214
503	214
666	214
675	214
737	214
894	214
1061	214
830	218
385	219
332	220
615	220
630	220
683	220
1253	220
1351	220
905	221
228	222
519	222
575	222
725	222
1312	222
1407	222
1410	222
1583	222
874	223
1000	223
519	228
575	228
725	228
1080	228
1312	228
1407	228
1410	228
1553	228
1583	228
306	229
556	229
346	232
384	232
597	232
608	232
704	232
819	232
856	232
1145	232
1173	232
1293	232
1371	232
1483	232
1509	232
261	233
893	233
1246	233
1298	233
1376	233
1406	233
1407	233
1410	233
1560	233
1583	233
446	236
552	236
799	236
1244	236
1578	236
1275	238
554	241
1113	241
1185	241
1353	241
1000	242
689	245
1195	245
840	249
1028	249
277	250
1348	253
517	254
927	254
426	257
454	257
260	259
301	259
351	259
659	259
847	259
898	259
1481	259
301	260
351	260
619	260
659	260
847	260
898	260
1394	260
1454	260
1481	260
893	261
1246	261
1298	261
1376	261
1406	261
1410	261
778	264
274	265
396	265
471	265
520	265
531	265
679	265
751	265
952	265
953	265
1018	265
1173	265
1199	265
1333	265
1423	265
1463	265
1478	265
1189	266
809	270
1080	272
1255	272
396	274
471	274
531	274
679	274
1199	274
1333	274
1423	274
1336	276
510	278
644	278
679	278
719	278
952	278
1199	278
1251	278
1308	278
1478	278
1520	278
642	283
884	283
991	283
1065	284
363	286
1096	286
1277	286
296	288
460	288
532	288
652	288
1083	288
1119	288
748	289
622	290
532	296
652	296
1083	296
1119	296
1170	296
1037	297
1225	298
810	300
351	301
619	301
659	301
847	301
898	301
1394	301
1454	301
1481	301
1339	303
489	306
797	306
884	306
440	307
474	307
791	307
964	307
971	307
1050	307
1091	307
1232	307
1260	307
1430	307
1515	307
454	308
614	308
845	308
864	308
916	308
1019	308
1076	308
1295	308
1399	308
1558	308
425	312
822	312
1022	312
556	313
372	321
386	321
636	321
703	321
783	321
917	321
1072	321
1121	321
1156	324
620	326
1105	326
365	327
854	327
1048	327
724	328
615	332
630	332
683	332
1253	332
1351	332
1318	333
1579	336
915	340
918	340
959	340
1041	340
1118	340
1135	340
1474	340
424	341
538	341
547	341
601	341
678	341
967	341
1300	341
1343	341
1547	341
1571	341
384	346
597	346
608	346
704	346
718	346
819	346
1057	346
1145	346
1220	346
1483	346
1509	346
619	351
659	351
847	351
898	351
1394	351
1454	351
1481	351
878	354
405	355
791	355
1232	355
1240	355
1413	355
1171	361
1096	363
854	365
1519	366
917	372
1072	372
1121	372
912	374
426	377
423	379
490	379
503	379
666	379
675	379
737	379
894	379
1061	379
1159	379
515	381
1144	381
597	384
608	384
704	384
718	384
819	384
856	384
1057	384
1145	384
1220	384
1371	384
1483	384
1509	384
954	385
1542	385
636	386
783	386
917	386
1072	386
1121	386
446	390
458	390
799	390
1093	390
1178	390
1244	390
1395	390
1578	390
681	392
771	393
471	396
510	396
520	396
531	396
552	396
679	396
751	396
856	396
863	396
952	396
953	396
1018	396
1103	396
1173	396
1199	396
1333	396
1423	396
1463	396
1478	396
745	400
1581	400
1151	401
1350	404
791	405
1232	405
1240	405
1413	405
1436	411
1534	411
1539	412
510	413
856	413
1097	413
1520	413
1555	413
946	415
1205	415
1324	415
1446	415
754	422
1329	422
490	423
503	423
666	423
675	423
737	423
894	423
1061	423
1159	423
538	424
547	424
601	424
678	424
967	424
1300	424
1343	424
1547	424
1571	424
822	425
1003	425
1022	425
1150	425
1535	425
480	429
497	433
510	433
520	433
751	433
810	433
815	433
856	433
903	433
952	433
1021	433
1036	433
1074	433
1076	433
1097	433
1103	433
1226	433
1250	433
1371	433
1477	433
1520	433
474	440
791	440
964	440
1515	440
1126	443
556	444
1040	444
1074	444
1253	444
458	446
552	446
799	446
1244	446
1578	446
663	447
700	449
792	449
1069	453
614	454
845	454
864	454
916	454
957	454
1019	454
1295	454
1558	454
1391	457
552	458
799	458
1244	458
1578	458
532	460
652	460
1474	460
515	466
668	466
1144	466
1344	466
531	471
679	471
719	471
953	471
1199	471
1333	471
1423	471
1478	471
791	474
964	474
1260	474
1515	474
998	478
662	481
809	485
1301	485
1455	485
556	489
884	489
991	489
503	490
666	490
675	490
737	490
894	490
1061	490
542	491
1474	491
511	497
810	497
1021	497
1076	497
1226	497
612	501
1106	501
1393	501
543	502
738	502
1451	502
666	503
675	503
737	503
894	503
1061	503
1159	503
606	504
1101	504
511	510
520	510
679	510
751	510
810	510
815	510
903	510
952	510
1021	510
1044	510
1074	510
1076	510
1097	510
1103	510
1199	510
1333	510
1371	510
1478	510
1520	510
520	511
810	511
903	511
1037	511
1074	511
1097	511
1103	511
1520	511
1129	513
1415	513
552	515
668	515
815	515
1144	515
1275	515
1344	515
927	517
575	519
725	519
1080	519
1312	519
1407	519
1410	519
1583	519
531	520
751	520
810	520
815	520
856	520
903	520
952	520
953	520
1074	520
1076	520
1094	520
1097	520
1103	520
1250	520
1371	520
1478	520
1520	520
679	531
719	531
953	531
1018	531
1199	531
1333	531
1423	531
1463	531
1478	531
652	532
678	532
1083	532
1119	532
1170	532
1547	532
810	536
903	536
1074	536
1103	536
1250	536
547	538
678	538
967	538
1300	538
1343	538
1547	538
1571	538
915	542
1430	542
1474	542
738	543
1451	543
601	547
678	547
967	547
1204	547
1300	547
1343	547
1547	547
1571	547
605	551
777	551
596	552
668	552
799	552
856	552
1094	552
1244	552
1344	552
1578	552
1113	554
1185	554
926	555
741	556
884	556
991	556
1026	557
1354	558
1060	560
1100	560
1324	560
1347	560
1378	560
1053	562
733	565
793	565
987	565
725	575
1080	575
1312	575
1407	575
1410	575
1583	575
1058	578
681	581
1374	582
1484	587
1193	592
891	596
1065	596
608	597
704	597
819	597
856	597
1057	597
1145	597
1173	597
1371	597
1483	597
1509	597
678	601
967	601
1300	601
1343	601
1547	601
1571	601
777	605
1101	606
704	608
718	608
819	608
1145	608
1483	608
1509	608
1123	609
813	610
824	611
1106	612
1393	612
845	614
864	614
916	614
1019	614
1076	614
1129	614
1295	614
1399	614
1558	614
630	615
683	615
1253	615
1351	615
659	619
734	619
847	619
898	619
1394	619
1454	619
1481	619
1105	620
877	628
683	630
1253	630
1351	630
672	635
841	635
894	635
991	635
783	636
917	636
1072	636
1225	640
991	642
719	644
929	644
1199	644
1251	644
1308	644
1478	644
1083	652
1119	652
682	656
1299	658
847	659
898	659
1394	659
1454	659
1481	659
815	661
903	661
1036	661
1103	661
1250	661
1371	661
889	662
988	662
1530	662
675	666
737	666
894	666
1061	666
815	668
856	668
952	668
1144	668
1344	668
1371	668
841	672
884	672
991	672
1584	673
737	675
894	675
1061	675
1159	675
967	678
1300	678
1343	678
1547	678
1571	678
719	679
952	679
953	679
1018	679
1173	679
1199	679
1251	679
1333	679
1423	679
1463	679
1478	679
1283	681
1257	682
1253	683
1351	683
719	686
1251	686
1308	686
1478	686
1293	689
1440	692
1570	696
1072	703
718	704
819	704
856	704
1057	704
1145	704
1220	704
1371	704
1483	704
1509	704
877	713
1049	715
1461	717
819	718
1483	718
1509	718
953	719
1199	719
1251	719
1308	719
1333	719
1423	719
1478	719
1094	723
1415	723
1080	725
1312	725
1407	725
1410	725
1583	725
831	726
758	728
862	732
1045	732
987	733
1541	733
894	737
991	737
1061	737
1159	737
1451	738
907	744
1581	745
810	751
815	751
856	751
903	751
952	751
1036	751
1074	751
1076	751
1087	751
1097	751
1103	751
1226	751
1250	751
1333	751
1371	751
1490	751
1520	751
1439	753
1329	754
1501	769
1577	773
1126	777
917	783
1072	783
1121	783
1165	785
964	791
971	791
1232	791
1240	791
1260	791
1413	791
1515	791
1244	799
1578	799
1344	801
1380	805
1301	809
1455	809
815	810
903	810
952	810
1021	810
1036	810
1074	810
1076	810
1097	810
1103	810
1226	810
1250	810
1291	810
1371	810
1477	810
1520	810
998	811
1107	811
1247	811
819	815
856	815
903	815
952	815
1036	815
1074	815
1076	815
1097	815
1103	815
1141	815
1144	815
1226	815
1250	815
1344	815
1371	815
1491	815
856	819
1057	819
1145	819
1220	819
1370	819
1371	819
1483	819
1509	819
1325	820
1022	822
1150	822
999	831
1274	834
1407	834
1410	834
1437	834
1438	834
1560	834
1583	834
1279	836
1288	837
1028	840
905	841
1037	841
864	845
916	845
1019	845
1129	845
1295	845
1558	845
898	847
1394	847
1454	847
1481	847
1048	854
952	856
1044	856
1074	856
1094	856
1097	856
1103	856
1141	856
1145	856
1173	856
1250	856
1293	856
1371	856
1477	856
1509	856
1454	858
1481	858
1045	862
1346	863
1463	863
916	864
1019	864
1076	864
1129	864
1295	864
1399	864
1558	864
1000	874
1550	882
991	884
1112	886
988	889
1523	889
1530	889
1246	893
1298	893
1376	893
1406	893
1410	893
1560	893
1583	893
1061	894
1159	894
951	895
1394	898
1454	898
1481	898
952	903
1021	903
1036	903
1074	903
1076	903
1097	903
1103	903
1226	903
1250	903
1291	903
1371	903
1490	903
1520	903
1144	914
959	915
1041	915
1135	915
1430	915
1474	915
1019	916
1129	916
1295	916
1558	916
1072	917
1121	917
959	918
1041	918
1118	918
1135	918
1221	929
1205	946
1324	946
1446	946
1063	949
1093	949
1167	949
1178	949
1508	949
953	952
995	952
1074	952
1076	952
1097	952
1103	952
1199	952
1250	952
1333	952
1371	952
1423	952
1463	952
1477	952
1478	952
1520	952
1199	953
1333	953
1423	953
1478	953
1542	954
1041	959
1118	959
1135	959
1474	959
1260	964
1515	964
1300	967
1343	967
1547	967
1571	967
1308	968
1478	968
1001	970
1091	971
1232	971
1515	971
1541	987
1523	988
1530	988
1150	994
1272	994
1442	994
1535	994
1333	995
1107	998
1247	998
1581	1000
1346	1004
1226	1013
1199	1018
1333	1018
1463	1018
1478	1018
1076	1019
1129	1019
1295	1019
1558	1019
1036	1020
1074	1021
1076	1021
1097	1021
1103	1021
1226	1021
1250	1021
1291	1021
1320	1021
1074	1036
1076	1036
1097	1036
1103	1036
1250	1036
1320	1036
1477	1036
1520	1036
1193	1040
1253	1040
1372	1040
1457	1040
1118	1041
1135	1041
1474	1041
1482	1042
1087	1044
1141	1044
1256	1044
1344	1044
1363	1044
1371	1044
1520	1044
1484	1047
1232	1050
1483	1057
1509	1057
1347	1060
1378	1060
1159	1061
1093	1063
1144	1063
1508	1063
1573	1065
1192	1070
1121	1072
1278	1073
1076	1074
1097	1074
1103	1074
1226	1074
1250	1074
1371	1074
1477	1074
1097	1076
1103	1076
1129	1076
1226	1076
1250	1076
1371	1076
1477	1076
1520	1076
1255	1080
1312	1080
1410	1080
1583	1080
1119	1083
1371	1087
1515	1091
1093	1092
1144	1092
1178	1092
1508	1092
1578	1092
1144	1093
1167	1093
1178	1093
1395	1093
1508	1093
1578	1093
1344	1094
1277	1096
1103	1097
1226	1097
1250	1097
1371	1097
1477	1097
1520	1097
1205	1100
1324	1100
1347	1100
1378	1100
1199	1103
1226	1103
1250	1103
1371	1103
1477	1103
1478	1103
1490	1103
1520	1103
1393	1106
1247	1107
1182	1110
1185	1113
1135	1118
1282	1127
1295	1129
1415	1129
1183	1131
1227	1131
1297	1131
1311	1131
1489	1131
1474	1135
1371	1141
1178	1144
1253	1144
1275	1144
1344	1144
1508	1144
1173	1145
1220	1145
1371	1145
1483	1145
1509	1145
1272	1150
1442	1150
1535	1150
1519	1160
1333	1173
1423	1173
1483	1173
1508	1178
1578	1178
1227	1183
1297	1183
1311	1183
1489	1183
1499	1183
1244	1184
1578	1184
1253	1193
1457	1193
1251	1199
1308	1199
1333	1199
1423	1199
1463	1199
1478	1199
1520	1199
1324	1205
1446	1205
1581	1209
1225	1211
1483	1220
1250	1226
1371	1226
1477	1226
1491	1226
1297	1227
1311	1227
1489	1227
1499	1227
1240	1232
1413	1232
1515	1232
1413	1240
1578	1244
1298	1246
1376	1246
1406	1246
1407	1246
1410	1246
1560	1246
1583	1246
1371	1250
1477	1250
1308	1251
1478	1251
1351	1253
1372	1253
1457	1253
1363	1256
1504	1256
1515	1260
1442	1272
1535	1272
1407	1274
1410	1274
1437	1274
1438	1274
1560	1274
1583	1274
1576	1281
1558	1295
1311	1297
1489	1297
1499	1297
1376	1298
1406	1298
1407	1298
1410	1298
1560	1298
1583	1298
1343	1300
1547	1300
1571	1300
1455	1301
1478	1308
1520	1308
1489	1311
1499	1311
1407	1312
1410	1312
1583	1312
1446	1324
1423	1333
1463	1333
1478	1333
1547	1343
1571	1343
1424	1344
1378	1347
1477	1371
1483	1371
1509	1371
1520	1371
1406	1376
1407	1376
1410	1376
1430	1376
1474	1376
1560	1376
1583	1376
1454	1394
1481	1394
1508	1395
1578	1395
1407	1406
1410	1406
1560	1406
1583	1406
1410	1407
1437	1407
1438	1407
1560	1407
1583	1407
1437	1410
1438	1410
1560	1410
1583	1410
1479	1417
1463	1423
1478	1423
1474	1430
1534	1436
1438	1437
1560	1437
1583	1437
1560	1438
1583	1438
1535	1442
1544	1448
1481	1454
1478	1463
1520	1478
1555	1478
1509	1483
1499	1489
1520	1490
1578	1508
1530	1523
1571	1547
1583	1560
