6	182
7	139
7	469
7	1180
7	1300
7	1737
7	1947
7	2305
7	2381
7	2549
7	2907
7	2990
7	3195
15	396
15	1847
15	2357
19	2769
19	2978
22	1036
22	2598
32	396
32	1533
32	3191
33	1036
33	1862
35	2469
35	2806
37	2066
37	3125
38	1111
38	1862
38	2804
38	3096
38	3200
39	419
40	2672
44	398
44	474
44	520
44	606
44	829
44	837
44	1012
44	1217
44	1257
44	1261
44	1485
44	2322
44	2594
44	3111
44	3156
44	3247
44	3348
46	2190
46	3247
47	514
50	1271
52	2457
58	217
60	2305
60	3001
60	3108
72	458
72	927
73	541
73	927
73	1719
73	1862
73	2214
73	2926
73	3287
82	2023
82	2251
82	2276
82	2408
82	2509
86	1462
86	2111
86	2313
88	1713
88	1966
90	1249
90	3278
93	2606
93	2929
94	464
94	569
94	2193
94	3144
94	3347
96	464
96	705
96	767
96	1027
96	1708
96	2268
96	2354
96	3083
96	3336
98	976
98	1652
98	2700
100	2190
100	2305
106	185
106	275
106	396
106	605
106	1652
106	1692
106	2468
107	943
107	1935
107	1960
113	156
113	598
113	1487
113	1652
113	1857
113	1862
113	2680
115	2070
120	767
120	1644
120	1862
121	244
121	388
121	905
121	1144
121	1271
121	1420
121	2714
121	2781
121	2997
124	1732
124	2665
129	1437
129	1591
132	202
132	634
132	767
132	2642
132	2823
133	1261
133	2662
135	275
135	1644
135	1652
135	1992
135	2264
135	2347
135	2557
135	3125
135	3128
135	3310
136	243
136	1846
136	2298
136	3103
137	323
137	2151
138	846
139	606
140	2028
142	1595
148	1036
151	1753
151	2305
156	392
158	432
158	2048
158	2251
159	193
159	267
159	512
159	606
159	767
159	774
159	897
159	1057
159	1111
159	1595
159	1996
159	2157
159	2188
159	2360
159	2457
159	2565
159	2769
159	2818
159	2925
159	3043
159	3156
159	3285
159	3332
163	2441
164	3111
164	3247
164	3310
178	1738
178	2528
178	2997
181	857
181	1654
181	1973
181	2598
182	432
182	1559
182	2636
182	2776
183	767
185	194
185	512
185	1111
187	352
187	1752
187	2251
187	2915
190	244
190	512
190	691
190	725
190	3122
190	3287
190	3289
191	767
191	1261
191	3111
193	2066
193	2305
194	3149
198	3348
201	323
201	2181
201	2373
201	2542
202	658
202	1265
202	1763
202	1847
202	2187
202	2526
202	2716
202	3194
202	3282
205	950
205	1142
205	3277
208	1462
208	2540
208	3001
209	2874
210	783
210	927
213	914
213	2526
213	2613
213	2850
213	3348
215	2662
217	675
217	1093
217	1645
217	2313
217	3307
219	2331
220	909
220	1144
220	1254
221	458
221	474
221	1094
221	1111
221	1215
221	1312
221	1713
221	1981
221	2647
221	2723
221	2778
221	3334
231	634
231	1347
231	1960
231	3119
232	464
232	1239
232	1911
237	3310
238	1911
243	469
243	1538
243	1753
243	3133
243	3348
244	905
244	950
244	1144
244	1271
244	1420
244	2461
244	2714
244	2781
244	2997
244	3006
254	585
254	1628
254	2660
254	3133
259	524
259	1705
259	2618
261	1117
266	736
266	1674
266	2030
267	385
267	402
267	604
267	1296
267	1547
267	1783
267	1849
267	2263
267	2551
267	2978
268	950
268	2802
271	2305
272	1271
273	296
275	726
275	1597
275	1923
282	1617
283	2066
286	3043
289	451
289	2526
295	318
295	767
295	1902
296	767
296	857
296	2059
296	2357
296	2835
296	2892
296	3116
296	3156
296	3193
301	2525
301	3057
301	3121
308	615
308	797
308	1135
308	2894
308	3255
310	585
310	707
310	767
310	1208
310	1656
310	1947
310	2322
310	3348
313	1644
313	1708
313	2867
318	1161
318	1386
318	2261
318	3108
323	359
323	1011
323	1715
323	2190
323	3144
328	1947
328	3125
335	1411
345	1191
345	1343
345	1654
345	2070
345	2155
345	2613
345	3116
358	1654
359	1370
359	2322
359	2392
359	3161
362	767
362	1343
362	1564
362	1752
362	2012
362	2018
362	2642
363	3318
369	2063
371	2986
381	604
381	789
381	1011
381	2869
385	1011
385	1674
385	2978
388	905
388	1144
388	1271
388	1420
388	2714
388	2997
389	1702
390	406
390	771
390	789
390	1036
390	1097
390	1411
390	1506
390	1925
390	2294
390	3043
390	3322
392	1256
392	3286
392	3322
392	3348
396	606
396	645
396	1360
396	1752
396	2012
396	3191
396	3293
398	1595
401	789
402	1644
402	1783
402	2263
402	2526
402	3125
403	1271
403	1737
403	2142
403	3043
404	767
404	1208
406	1506
415	3249
415	3360
419	691
419	711
419	807
419	1598
419	1645
419	1843
419	2195
419	2296
419	2707
419	2887
419	3105
422	1356
428	854
429	1261
429	1533
432	896
432	1559
432	1674
432	2251
432	3035
432	3111
432	3273
439	1253
439	1546
439	2142
439	2215
451	1208
451	3334
453	1235
453	2062
453	2329
453	3294
456	896
456	2942
458	474
458	707
458	1111
458	1215
458	1312
458	2322
458	2656
461	1170
463	767
464	512
464	734
464	1027
464	1239
464	1271
464	1502
464	1956
464	1963
464	2014
464	2251
464	2261
464	2268
464	2354
464	2594
464	2598
464	2729
464	2997
465	2269
469	912
469	1036
469	1180
469	1210
469	1955
469	2012
469	2116
469	2381
469	2491
469	2549
469	3106
469	3111
469	3191
469	3248
474	1094
474	1111
474	1215
474	1312
474	1758
474	2322
477	1981
487	675
492	2271
493	1139
493	1654
493	2251
495	1370
504	2310
507	897
512	634
512	683
512	691
512	1139
512	1271
512	2101
512	2251
512	2391
512	2457
512	2531
512	2540
512	2555
512	2565
512	2594
512	2613
512	2835
512	2883
512	3034
529	1981
533	2986
535	919
538	846
540	1708
544	908
544	1000
544	2582
544	2793
544	2836
544	2969
549	1702
549	3185
556	714
556	1595
556	2121
556	2769
556	3321
561	2457
568	660
568	873
568	1745
568	1862
568	2999
570	3057
572	1708
572	2322
580	1119
580	2479
585	667
585	711
585	823
585	832
585	888
585	908
585	923
585	943
585	954
585	1000
585	1011
585	1089
585	1268
585	1336
585	1484
585	1518
585	1564
585	1595
585	1610
585	1644
585	1676
585	2134
585	2190
585	2250
585	2251
585	2319
585	2411
585	2557
585	2560
585	2793
585	2802
585	3108
585	3150
585	3257
585	3289
590	1271
591	789
591	1411
591	1506
591	2357
591	3043
591	3308
592	789
597	3348
598	1487
598	1857
598	2115
599	3273
605	720
605	1847
606	767
606	954
606	1586
606	1708
606	2137
606	2232
606	2251
606	2367
606	2454
606	2526
606	3119
606	3125
608	1271
609	2082
609	2763
609	3310
612	1208
612	2322
612	3133
613	1755
615	797
615	1135
615	1286
615	2524
615	2781
615	2894
615	3118
615	3255
619	1708
619	2836
619	2907
621	1191
621	1644
621	1858
621	2012
621	3191
625	2066
631	1072
631	1387
631	1866
631	3247
632	3310
634	923
634	950
634	1595
634	1836
634	2454
634	2594
634	2900
634	2947
654	2636
654	3035
658	1763
659	2565
660	1370
660	1559
660	2155
660	3185
667	1656
667	1752
667	2251
674	1119
674	2218
674	2310
675	1142
675	2565
677	3197
683	909
683	1020
683	1134
683	1253
683	1546
683	2142
683	2215
683	2251
683	2395
683	2919
690	1288
690	1754
691	897
691	1249
691	1274
691	1689
691	2811
692	854
694	1163
698	2155
705	2322
705	2348
705	2537
705	2804
707	767
707	834
707	861
707	1343
707	2835
707	3088
707	3111
707	3191
713	1644
713	2658
714	2116
714	2121
714	2704
714	2769
714	3321
720	2062
720	2525
720	3294
725	1216
725	3122
725	3287
727	1256
727	2594
727	3286
727	3322
728	1111
734	1208
734	1239
736	1001
736	1261
736	1674
736	2104
736	2347
736	2618
736	2737
746	1975
746	2342
748	853
748	1879
750	2636
750	3273
759	2144
763	1973
763	2763
765	3287
767	783
767	834
767	943
767	965
767	1023
767	1111
767	1119
767	1172
767	1187
767	1238
767	1261
767	1354
767	1379
767	1461
767	1595
767	1644
767	1676
767	1819
767	1857
767	1862
767	1914
767	1915
767	1916
767	1988
767	2033
767	2066
767	2082
767	2166
767	2214
767	2220
767	2322
767	2443
767	2464
767	2521
767	2526
767	2565
767	2627
767	2640
767	2720
767	2873
767	2951
767	2969
767	3001
767	3009
767	3125
767	3143
767	3225
767	3253
767	3348
771	789
771	1036
771	1097
771	1340
771	1411
771	1506
771	3043
771	3322
774	989
775	1692
775	2018
775	2804
779	2005
783	1285
783	2123
783	2142
783	2514
784	908
785	1644
785	1862
785	3171
788	1647
788	1761
788	2101
789	1036
789	1097
789	1271
789	1340
789	1411
789	1506
789	1837
789	1925
789	2294
789	3043
789	3111
789	3322
795	905
795	3135
796	870
796	1638
796	3247
797	1135
797	1356
797	2894
797	3255
800	1484
800	1862
800	2018
801	1311
801	2331
812	3056
823	1261
823	1958
823	3111
829	1800
832	2526
833	1008
834	2155
834	2478
834	2721
834	2969
834	3347
834	3348
839	2526
841	1077
841	2863
841	3043
846	1012
853	1115
853	1879
853	2630
854	1076
854	1170
854	1522
854	1599
854	2288
854	2479
857	914
857	959
857	1902
857	2293
857	2650
857	2665
861	2835
863	1411
870	1011
870	1595
870	1702
870	1771
870	1870
870	1947
870	2190
870	2347
870	2598
870	2723
870	2804
870	3043
870	3068
870	3108
870	3125
876	1674
876	2978
883	1139
884	894
884	1271
884	1420
884	2028
884	2331
884	2355
884	2594
884	3106
884	3108
884	3269
887	2642
888	897
888	2836
894	1187
894	1191
894	1911
894	2070
894	2264
894	2355
894	2526
894	2531
894	2806
894	2867
894	3247
896	1144
896	1309
896	1322
896	1331
896	1750
896	1761
896	1766
896	2251
896	2367
896	2559
896	2771
896	2955
896	2969
896	3273
897	1065
897	1630
897	1713
897	1958
897	2221
897	2573
897	2836
897	2986
897	3096
899	1111
899	1966
905	950
905	1144
905	1261
905	1271
905	1420
905	1508
905	1656
905	1864
905	2251
905	2269
905	2461
905	2714
905	2781
905	2997
905	3135
905	3228
907	1622
907	1644
907	1750
907	2181
907	3094
907	3267
907	3336
909	1253
909	2142
909	2215
909	3318
909	3360
913	1411
914	1139
914	1392
914	1644
914	2170
914	2559
914	2658
914	2723
915	2640
915	2709
923	1139
923	1411
927	1644
927	1881
927	2190
927	2370
929	1253
929	1318
929	1667
929	1988
929	1990
929	2263
929	2355
929	2431
943	1208
943	1283
943	1595
943	1656
943	1713
943	1752
943	2251
943	2255
943	2561
944	2721
944	3108
944	3111
950	1752
950	2012
950	2381
950	2455
950	2781
950	2997
950	3017
950	3125
954	1553
954	3111
956	1916
958	3200
959	1170
959	2142
959	2170
959	2665
959	3360
965	1676
965	2550
965	2969
965	3071
965	3322
965	3348
970	2565
972	2949
984	2744
989	2255
993	1916
993	3200
1000	1177
1000	1268
1000	1610
1000	2202
1000	2443
1000	2802
1000	3023
1001	2618
1008	1783
1008	2051
1008	2392
1011	1261
1011	1645
1011	1674
1011	1708
1011	2978
1012	1057
1013	1847
1013	3348
1023	2151
1026	2358
1032	1922
1032	2319
1036	1097
1036	1340
1036	1411
1036	1506
1036	1925
1036	3043
1036	3111
1036	3322
1038	1981
1044	2823
1053	2423
1056	1877
1057	1208
1057	1399
1057	1864
1057	2584
1058	1487
1058	1857
1058	2680
1061	2151
1065	1630
1065	2573
1065	2836
1065	2986
1065	3096
1072	1458
1073	1538
1073	1753
1076	2561
1077	1111
1077	1538
1077	1692
1077	1753
1077	2066
1077	2070
1077	2123
1077	2305
1077	2646
1077	2769
1077	2969
1077	3009
1079	3161
1094	1111
1094	2357
1094	3267
1097	1340
1097	1397
1097	1411
1097	1472
1097	1506
1097	1595
1097	1925
1097	2294
1097	3043
1097	3111
1097	3322
1097	3334
1101	2565
1111	1215
1111	1300
1111	1312
1111	1730
1111	2322
1111	2997
1111	3161
1113	1730
1113	2255
1113	2293
1115	1879
1119	2479
1134	2627
1134	3105
1135	1356
1135	2089
1135	2372
1135	2524
1135	2894
1135	3118
1135	3255
1138	2347
1138	2546
1138	3111
1139	1145
1139	1170
1139	1406
1139	1445
1139	1644
1139	1654
1139	1750
1139	2018
1139	2070
1139	2116
1139	2175
1139	2296
1139	2443
1139	2526
1139	2886
1139	3017
1139	3348
1142	1533
1142	2320
1144	1271
1144	1420
1144	2221
1144	2714
1144	2781
1144	2997
1145	2296
1161	1638
1161	1761
1161	2414
1169	1649
1170	1191
1170	1261
1170	1392
1170	1858
1170	1944
1170	1966
1170	2155
1170	2662
1170	2665
1170	2681
1170	2729
1170	2867
1170	3111
1170	3348
1172	1564
1175	1271
1177	1654
1178	3108
1180	2381
1180	2479
1180	2531
1180	2549
1180	2565
1180	2990
1184	1756
1184	2255
1184	2986
1186	3034
1187	2170
1187	2322
1191	1858
1191	2012
1200	1595
1202	3092
1206	1268
1206	1864
1206	1916
1208	1461
1208	1462
1208	2014
1208	2134
1208	2951
1208	3108
1208	3150
1208	3222
1216	3287
1219	2494
1231	1573
1231	1794
1232	1538
1232	1595
1238	1261
1238	2012
1238	2443
1238	3111
1238	3114
1250	2264
1251	2357
1253	1737
1253	1752
1253	2142
1253	2215
1253	3360
1254	2396
1256	1649
1256	1654
1256	1726
1257	3125
1261	1343
1261	1411
1261	1538
1261	1922
1261	2018
1261	2100
1261	2155
1261	2411
1261	2443
1261	2598
1261	2720
1261	2839
1261	2918
1261	2951
1261	3009
1261	3111
1261	3150
1261	3326
1261	3348
1262	1595
1262	3225
1265	1487
1265	1572
1268	2565
1271	1420
1271	1654
1271	2251
1271	2279
1271	2454
1271	2461
1271	2656
1271	2714
1271	2781
1271	2978
1273	2540
1283	1538
1283	1862
1283	2305
1283	3106
1283	3348
1285	2123
1286	2411
1287	2028
1288	1754
1309	1641
1309	2251
1309	2488
1309	2526
1309	2555
1309	3216
1317	2942
1318	2883
1322	2251
1322	2955
1326	1573
1326	1644
1326	1652
1326	1947
1326	2082
1329	2347
1335	2347
1339	1538
1340	1411
1340	1925
1340	3043
1343	2012
1343	2155
1343	2347
1352	2883
1353	2909
1354	1372
1354	1656
1354	2316
1354	3228
1356	2894
1356	3255
1358	2776
1370	3057
1370	3121
1379	1664
1379	2135
1379	2269
1379	2423
1385	2066
1387	3057
1387	3121
1392	1595
1392	1644
1392	2155
1392	2170
1392	2402
1392	2432
1392	2479
1392	2526
1392	2559
1392	2729
1392	2804
1392	2806
1392	3034
1392	3125
1392	3348
1399	2392
1409	2718
1411	1495
1411	1506
1411	1553
1411	1925
1411	2020
1411	2294
1411	2498
1411	2721
1411	3043
1411	3111
1411	3247
1411	3322
1420	2461
1420	2781
1420	2997
1445	1960
1445	2070
1454	3348
1456	3108
1461	1518
1462	3001
1469	1880
1473	2218
1474	2423
1478	2561
1478	3197
1482	2469
1484	2116
1487	1857
1493	2712
1506	1925
1506	2294
1506	3043
1506	3075
1506	3111
1506	3322
1506	3347
1514	2347
1514	2971
1518	2457
1518	3142
1519	3219
1531	2152
1533	1597
1533	2432
1533	2537
1533	2555
1533	2557
1533	3108
1537	2305
1538	1845
1538	1916
1538	2099
1538	2360
1538	2411
1538	2818
1538	2947
1538	3247
1546	2142
1546	2215
1547	1644
1547	1783
1547	2867
1553	2408
1553	2737
1553	2863
1553	3310
1558	1654
1559	1699
1559	2636
1559	2776
1564	1644
1564	1692
1564	2066
1564	2070
1564	3348
1573	2964
1595	1637
1595	1656
1595	1676
1595	1708
1595	1792
1595	1847
1595	1888
1595	1902
1595	1960
1595	1963
1595	2155
1595	2251
1595	2269
1595	2464
1595	2551
1595	2583
1595	2723
1595	2785
1595	2804
1595	2923
1595	2925
1595	3027
1595	3111
1595	3233
1595	3321
1599	1797
1604	2594
1610	1845
1613	1704
1613	2075
1613	2509
1613	3310
1617	1761
1621	1857
1623	2986
1628	3108
1630	1756
1630	2836
1630	2986
1630	3096
1637	1751
1637	2686
1637	3001
1638	1948
1639	3219
1644	1708
1644	1981
1644	2012
1644	2083
1644	2214
1644	2310
1644	2331
1644	2402
1644	2411
1644	2526
1644	2559
1644	2658
1644	2818
1644	3007
1644	3075
1644	3111
1644	3229
1644	3348
1645	1911
1645	2255
1649	1654
1649	2013
1651	2005
1651	2653
1652	1752
1652	1911
1652	2434
1654	2012
1654	2018
1654	2155
1654	2382
1654	2559
1654	2760
1654	3028
1654	3191
1654	3235
1656	1752
1656	1902
1656	1914
1656	1947
1656	2075
1656	2134
1656	2347
1656	2598
1656	3348
1657	2972
1665	2824
1667	2336
1667	2472
1667	2785
1668	3336
1674	2636
1674	2978
1674	3035
1674	3053
1674	3273
1674	3348
1676	1732
1676	3005
1676	3161
1686	2785
1687	1819
1692	1960
1692	2066
1692	2155
1692	3108
1692	3119
1692	3191
1699	2776
1699	2873
1702	1752
1705	3348
1707	2986
1708	2071
1708	2075
1708	2264
1708	2269
1708	2332
1708	2441
1708	2506
1708	3282
1711	3197
1713	2526
1713	2647
1713	2723
1715	2250
1720	2215
1720	3223
1731	2288
1732	1761
1732	2106
1732	2382
1732	2865
1732	2899
1732	3324
1737	2064
1737	2142
1737	2187
1737	2343
1737	2557
1739	3161
1745	2971
1747	3189
1750	2155
1750	2951
1752	1862
1752	1916
1752	2075
1752	2540
1752	3061
1752	3110
1752	3225
1753	1846
1753	2094
1753	2099
1753	2163
1753	2346
1753	2360
1753	2526
1753	2947
1753	3007
1754	3133
1756	2915
1761	1947
1761	3173
1765	2763
1765	2986
1766	2251
1767	3205
1783	1849
1783	2263
1783	3125
1796	2570
1803	1902
1805	3109
1806	1911
1806	2423
1809	2525
1812	2296
1814	2987
1818	1902
1818	3247
1824	2373
1827	2308
1827	2459
1830	1960
1845	1862
1845	2187
1845	2357
1845	2526
1845	2851
1846	3310
1847	1864
1847	3133
1849	2263
1858	2012
1858	2104
1858	2559
1858	3348
1862	1948
1862	2001
1862	2163
1862	2646
1862	3108
1862	3294
1864	2157
1864	2190
1864	2251
1864	2621
1864	2898
1864	3144
1873	2014
1876	3108
1879	2261
1883	1947
1883	2122
1885	3348
1886	2155
1896	2213
1896	2531
1897	2142
1902	2012
1902	2082
1902	2514
1902	2709
1902	2873
1902	3096
1911	2549
1912	3337
1915	2455
1916	2155
1922	2549
1922	2598
1922	2804
1922	2873
1922	2925
1922	2928
1922	2971
1922	3111
1922	3267
1925	3043
1925	3111
1925	3322
1944	2269
1947	2083
1947	2289
1947	2873
1947	2926
1954	2012
1955	2012
1956	2824
1958	2573
1958	2836
1960	2013
1960	2457
1960	2721
1960	2745
1960	2785
1960	3375
1963	2261
1963	2386
1966	2119
1974	2322
1975	2539
1979	3273
1981	2964
1984	3348
1987	3108
1988	2525
1993	2355
1993	2769
1999	2707
2000	3206
2012	2070
2012	2251
2012	2335
2012	2355
2012	2468
2012	2479
2012	2526
2012	2681
2012	2806
2012	2891
2012	3116
2012	3286
2012	3348
2014	2441
2018	2305
2018	2367
2018	2604
2028	2355
2028	2531
2028	3108
2032	2069
2048	3043
2050	3121
2051	2082
2051	2190
2054	2347
2062	3294
2065	2674
2066	2184
2066	2197
2066	2978
2066	3111
2070	2155
2070	2163
2070	2526
2070	2613
2070	2673
2070	3116
2070	3191
2075	2152
2075	2441
2075	2464
2075	2680
2082	2269
2082	2531
2082	2907
2083	2190
2089	2398
2089	2894
2098	2806
2099	2806
2099	3235
2099	3348
2100	2291
2100	3330
2101	2251
2110	2402
2110	3348
2116	2472
2116	3121
2117	2305
2118	2134
2118	2190
2118	3108
2119	2199
2119	2672
2120	2423
2121	2704
2121	2769
2121	3027
2121	3247
2121	3321
2123	2514
2123	3194
2123	3318
2130	2660
2130	2728
2134	2883
2142	2215
2142	2343
2142	2514
2142	2557
2142	2665
2142	3318
2143	3230
2155	2264
2155	2288
2155	2402
2155	2411
2155	2423
2155	2432
2155	2526
2155	2559
2155	2565
2155	2613
2155	2804
2155	3005
2155	3116
2155	3161
2155	3247
2155	3348
2158	2561
2158	2582
2163	3108
2166	2392
2166	2969
2170	2288
2170	2526
2170	2729
2170	3348
2181	3310
2184	3348
2186	3336
2188	3348
2190	2331
2190	2441
2190	3242
2190	3282
2191	2423
2202	3096
2203	2986
2215	2665
2215	3035
2215	3318
2215	3360
2218	2310
2244	2347
2250	2372
2250	3022
2251	2278
2251	2322
2251	2325
2251	2423
2251	2559
2251	2565
2251	2776
2251	2883
2251	2955
2251	2969
2251	3005
2251	3161
2251	3273
2252	2594
2258	2704
2260	2705
2269	2367
2269	3225
2278	2920
2288	2357
2288	2423
2291	3109
2293	3225
2294	3043
2304	3043
2305	2583
2305	2833
2305	2971
2305	3191
2305	3242
2306	2565
2317	3108
2320	2781
2321	2525
2324	2346
2325	2801
2325	3068
2329	2894
2332	2758
2339	2700
2343	2423
2343	2557
2343	3068
2347	2608
2347	2839
2347	2971
2347	3094
2347	3116
2347	3345
2348	3366
2355	2434
2355	3108
2357	2594
2357	2818
2357	2892
2358	2723
2358	2845
2367	2964
2367	3275
2372	2524
2372	3185
2373	2542
2373	2769
2374	3247
2386	2604
2402	2411
2402	2559
2402	2723
2402	2951
2402	3191
2405	2721
2411	2443
2411	3111
2414	3229
2423	3133
2423	3267
2434	3108
2434	3348
2443	2883
2443	3111
2452	3005
2455	2950
2460	3333
2463	2598
2472	3225
2479	2646
2479	3133
2491	2627
2494	2551
2506	2550
2514	3194
2514	3318
2524	3118
2526	2559
2526	2613
2526	2681
2526	2760
2526	2804
2526	3348
2528	2565
2531	2920
2534	2565
2537	2925
2540	2701
2540	2923
2550	3191
2551	2923
2556	2997
2559	3116
2559	3133
2559	3235
2560	2650
2564	3225
2565	2802
2565	2969
2573	2836
2573	2986
2573	3096
2582	2949
2594	2604
2594	3108
2604	3257
2604	3363
2613	2804
2613	2891
2613	3229
2613	3348
2618	2776
2618	3273
2623	3348
2636	2776
2636	3035
2637	2957
2642	3348
2646	3133
2647	2723
2647	2778
2647	2964
2647	3289
2647	3348
2649	3057
2650	3005
2660	3353
2662	2987
2665	3108
2665	3360
2672	2867
2675	3034
2704	2769
2704	3321
2712	3247
2714	2781
2714	2997
2723	2778
2723	3116
2723	3348
2723	3360
2760	3322
2761	2785
2763	3057
2769	3056
2769	3060
2769	3180
2769	3321
2776	2925
2776	3143
2776	3273
2778	2964
2781	2997
2781	3135
2785	2875
2785	2956
2785	3034
2796	2987
2801	2882
2804	3348
2806	3191
2815	3108
2818	2905
2818	3348
2824	2925
2824	3043
2824	3310
2836	2986
2836	3096
2874	3208
2891	3348
2892	3034
2894	3255
2918	3111
2925	3035
2925	3111
2928	3111
2938	3108
2942	3133
2951	3286
2951	3348
2967	2986
2986	2993
2986	3096
2997	3087
3024	3057
3035	3205
3035	3273
3043	3111
3043	3322
3057	3121
3108	3133
3111	3125
3111	3348
3122	3287
3125	3191
3173	3235
3180	3348
3185	3225
3191	3348
3194	3318
3194	3335
3201	3374
3219	3230
3222	3282
3228	3249
3235	3310
3247	3336
3310	3321
3337	3360
182	6
139	7
469	7
1180	7
1300	7
1737	7
1947	7
2305	7
2381	7
2549	7
2907	7
2990	7
3195	7
396	15
1847	15
2357	15
2769	19
2978	19
1036	22
2598	22
396	32
1533	32
3191	32
1036	33
1862	33
2469	35
2806	35
2066	37
3125	37
1111	38
1862	38
2804	38
3096	38
3200	38
419	39
2672	40
398	44
474	44
520	44
606	44
829	44
837	44
1012	44
1217	44
1257	44
1261	44
1485	44
2322	44
2594	44
3111	44
3156	44
3247	44
3348	44
2190	46
3247	46
514	47
1271	50
2457	52
217	58
2305	60
3001	60
3108	60
458	72
927	72
541	73
927	73
1719	73
1862	73
2214	73
2926	73
3287	73
2023	82
2251	82
2276	82
2408	82
2509	82
1462	86
2111	86
2313	86
1713	88
1966	88
1249	90
3278	90
2606	93
2929	93
464	94
569	94
2193	94
3144	94
3347	94
464	96
705	96
767	96
1027	96
1708	96
2268	96
2354	96
3083	96
3336	96
976	98
1652	98
2700	98
2190	100
2305	100
185	106
275	106
396	106
605	106
1652	106
1692	106
2468	106
943	107
1935	107
1960	107
156	113
598	113
1487	113
1652	113
1857	113
1862	113
2680	113
2070	115
767	120
1644	120
1862	120
244	121
388	121
905	121
1144	121
1271	121
1420	121
2714	121
2781	121
2997	121
1732	124
2665	124
1437	129
1591	129
202	132
634	132
767	132
2642	132
2823	132
1261	133
2662	133
275	135
1644	135
1652	135
1992	135
2264	135
2347	135
2557	135
3125	135
3128	135
3310	135
243	136
1846	136
2298	136
3103	136
323	137
2151	137
846	138
606	139
2028	140
1595	142
1036	148
1753	151
2305	151
392	156
432	158
2048	158
2251	158
193	159
267	159
512	159
606	159
767	159
774	159
897	159
1057	159
1111	159
1595	159
1996	159
2157	159
2188	159
2360	159
2457	159
2565	159
2769	159
2818	159
2925	159
3043	159
3156	159
3285	159
3332	159
2441	163
3111	164
3247	164
3310	164
1738	178
2528	178
2997	178
857	181
1654	181
1973	181
2598	181
432	182
1559	182
2636	182
2776	182
767	183
194	185
512	185
1111	185
352	187
1752	187
2251	187
2915	187
244	190
512	190
691	190
725	190
3122	190
3287	190
3289	190
767	191
1261	191
3111	191
2066	193
2305	193
3149	194
3348	198
323	201
2181	201
2373	201
2542	201
658	202
1265	202
1763	202
1847	202
2187	202
2526	202
2716	202
3194	202
3282	202
950	205
1142	205
3277	205
1462	208
2540	208
3001	208
2874	209
783	210
927	210
914	213
2526	213
2613	213
2850	213
3348	213
2662	215
675	217
1093	217
1645	217
2313	217
3307	217
2331	219
909	220
1144	220
1254	220
458	221
474	221
1094	221
1111	221
1215	221
1312	221
1713	221
1981	221
2647	221
2723	221
2778	221
3334	221
634	231
1347	231
1960	231
3119	231
464	232
1239	232
1911	232
3310	237
1911	238
469	243
1538	243
1753	243
3133	243
3348	243
905	244
950	244
1144	244
1271	244
1420	244
2461	244
2714	244
2781	244
2997	244
3006	244
585	254
1628	254
2660	254
3133	254
524	259
1705	259
2618	259
1117	261
736	266
1674	266
2030	266
385	267
402	267
604	267
1296	267
1547	267
1783	267
1849	267
2263	267
2551	267
2978	267
950	268
2802	268
2305	271
1271	272
296	273
726	275
1597	275
1923	275
1617	282
2066	283
3043	286
451	289
2526	289
318	295
767	295
1902	295
767	296
857	296
2059	296
2357	296
2835	296
2892	296
3116	296
3156	296
3193	296
2525	301
3057	301
3121	301
615	308
797	308
1135	308
2894	308
3255	308
585	310
707	310
767	310
1208	310
1656	310
1947	310
2322	310
3348	310
1644	313
1708	313
2867	313
1161	318
1386	318
2261	318
3108	318
359	323
1011	323
1715	323
2190	323
3144	323
1947	328
3125	328
1411	335
1191	345
1343	345
1654	345
2070	345
2155	345
2613	345
3116	345
1654	358
1370	359
2322	359
2392	359
3161	359
767	362
1343	362
1564	362
1752	362
2012	362
2018	362
2642	362
3318	363
2063	369
2986	371
604	381
789	381
1011	381
2869	381
1011	385
1674	385
2978	385
905	388
1144	388
1271	388
1420	388
2714	388
2997	388
1702	389
406	390
771	390
789	390
1036	390
1097	390
1411	390
1506	390
1925	390
2294	390
3043	390
3322	390
1256	392
3286	392
3322	392
3348	392
606	396
645	396
1360	396
1752	396
2012	396
3191	396
3293	396
1595	398
789	401
1644	402
1783	402
2263	402
2526	402
3125	402
1271	403
1737	403
2142	403
3043	403
767	404
1208	404
1506	406
3249	415
3360	415
691	419
711	419
807	419
1598	419
1645	419
1843	419
2195	419
2296	419
2707	419
2887	419
3105	419
1356	422
854	428
1261	429
1533	429
896	432
1559	432
1674	432
2251	432
3035	432
3111	432
3273	432
1253	439
1546	439
2142	439
2215	439
1208	451
3334	451
1235	453
2062	453
2329	453
3294	453
896	456
2942	456
474	458
707	458
1111	458
1215	458
1312	458
2322	458
2656	458
1170	461
767	463
512	464
734	464
1027	464
1239	464
1271	464
1502	464
1956	464
1963	464
2014	464
2251	464
2261	464
2268	464
2354	464
2594	464
2598	464
2729	464
2997	464
2269	465
912	469
1036	469
1180	469
1210	469
1955	469
2012	469
2116	469
2381	469
2491	469
2549	469
3106	469
3111	469
3191	469
3248	469
1094	474
1111	474
1215	474
1312	474
1758	474
2322	474
1981	477
675	487
2271	492
1139	493
1654	493
2251	493
1370	495
2310	504
897	507
634	512
683	512
691	512
1139	512
1271	512
2101	512
2251	512
2391	512
2457	512
2531	512
2540	512
2555	512
2565	512
2594	512
2613	512
2835	512
2883	512
3034	512
1981	529
2986	533
919	535
846	538
1708	540
908	544
1000	544
2582	544
2793	544
2836	544
2969	544
1702	549
3185	549
714	556
1595	556
2121	556
2769	556
3321	556
2457	561
660	568
873	568
1745	568
1862	568
2999	568
3057	570
1708	572
2322	572
1119	580
2479	580
667	585
711	585
823	585
832	585
888	585
908	585
923	585
943	585
954	585
1000	585
1011	585
1089	585
1268	585
1336	585
1484	585
1518	585
1564	585
1595	585
1610	585
1644	585
1676	585
2134	585
2190	585
2250	585
2251	585
2319	585
2411	585
2557	585
2560	585
2793	585
2802	585
3108	585
3150	585
3257	585
3289	585
1271	590
789	591
1411	591
1506	591
2357	591
3043	591
3308	591
789	592
3348	597
1487	598
1857	598
2115	598
3273	599
720	605
1847	605
767	606
954	606
1586	606
1708	606
2137	606
2232	606
2251	606
2367	606
2454	606
2526	606
3119	606
3125	606
1271	608
2082	609
2763	609
3310	609
1208	612
2322	612
3133	612
1755	613
797	615
1135	615
1286	615
2524	615
2781	615
2894	615
3118	615
3255	615
1708	619
2836	619
2907	619
1191	621
1644	621
1858	621
2012	621
3191	621
2066	625
1072	631
1387	631
1866	631
3247	631
3310	632
923	634
950	634
1595	634
1836	634
2454	634
2594	634
2900	634
2947	634
2636	654
3035	654
1763	658
2565	659
1370	660
1559	660
2155	660
3185	660
1656	667
1752	667
2251	667
1119	674
2218	674
2310	674
1142	675
2565	675
3197	677
909	683
1020	683
1134	683
1253	683
1546	683
2142	683
2215	683
2251	683
2395	683
2919	683
1288	690
1754	690
897	691
1249	691
1274	691
1689	691
2811	691
854	692
1163	694
2155	698
2322	705
2348	705
2537	705
2804	705
767	707
834	707
861	707
1343	707
2835	707
3088	707
3111	707
3191	707
1644	713
2658	713
2116	714
2121	714
2704	714
2769	714
3321	714
2062	720
2525	720
3294	720
1216	725
3122	725
3287	725
1256	727
2594	727
3286	727
3322	727
1111	728
1208	734
1239	734
1001	736
1261	736
1674	736
2104	736
2347	736
2618	736
2737	736
1975	746
2342	746
853	748
1879	748
2636	750
3273	750
2144	759
1973	763
2763	763
3287	765
783	767
834	767
943	767
965	767
1023	767
1111	767
1119	767
1172	767
1187	767
1238	767
1261	767
1354	767
1379	767
1461	767
1595	767
1644	767
1676	767
1819	767
1857	767
1862	767
1914	767
1915	767
1916	767
1988	767
2033	767
2066	767
2082	767
2166	767
2214	767
2220	767
2322	767
2443	767
2464	767
2521	767
2526	767
2565	767
2627	767
2640	767
2720	767
2873	767
2951	767
2969	767
3001	767
3009	767
3125	767
3143	767
3225	767
3253	767
3348	767
789	771
1036	771
1097	771
1340	771
1411	771
1506	771
3043	771
3322	771
989	774
1692	775
2018	775
2804	775
2005	779
1285	783
2123	783
2142	783
2514	783
908	784
1644	785
1862	785
3171	785
1647	788
1761	788
2101	788
1036	789
1097	789
1271	789
1340	789
1411	789
1506	789
1837	789
1925	789
2294	789
3043	789
3111	789
3322	789
905	795
3135	795
870	796
1638	796
3247	796
1135	797
1356	797
2894	797
3255	797
1484	800
1862	800
2018	800
1311	801
2331	801
3056	812
1261	823
1958	823
3111	823
1800	829
2526	832
1008	833
2155	834
2478	834
2721	834
2969	834
3347	834
3348	834
2526	839
1077	841
2863	841
3043	841
1012	846
1115	853
1879	853
2630	853
1076	854
1170	854
1522	854
1599	854
2288	854
2479	854
914	857
959	857
1902	857
2293	857
2650	857
2665	857
2835	861
1411	863
1011	870
1595	870
1702	870
1771	870
1870	870
1947	870
2190	870
2347	870
2598	870
2723	870
2804	870
3043	870
3068	870
3108	870
3125	870
1674	876
2978	876
1139	883
894	884
1271	884
1420	884
2028	884
2331	884
2355	884
2594	884
3106	884
3108	884
3269	884
2642	887
897	888
2836	888
1187	894
1191	894
1911	894
2070	894
2264	894
2355	894
2526	894
2531	894
2806	894
2867	894
3247	894
1144	896
1309	896
1322	896
1331	896
1750	896
1761	896
1766	896
2251	896
2367	896
2559	896
2771	896
2955	896
2969	896
3273	896
1065	897
1630	897
1713	897
1958	897
2221	897
2573	897
2836	897
2986	897
3096	897
1111	899
1966	899
950	905
1144	905
1261	905
1271	905
1420	905
1508	905
1656	905
1864	905
2251	905
2269	905
2461	905
2714	905
2781	905
2997	905
3135	905
3228	905
1622	907
1644	907
1750	907
2181	907
3094	907
3267	907
3336	907
1253	909
2142	909
2215	909
3318	909
3360	909
1411	913
1139	914
1392	914
1644	914
2170	914
2559	914
2658	914
2723	914
2640	915
2709	915
1139	923
1411	923
1644	927
1881	927
2190	927
2370	927
1253	929
1318	929
1667	929
1988	929
1990	929
2263	929
2355	929
2431	929
1208	943
1283	943
1595	943
1656	943
1713	943
1752	943
2251	943
2255	943
2561	943
2721	944
3108	944
3111	944
1752	950
2012	950
2381	950
2455	950
2781	950
2997	950
3017	950
3125	950
1553	954
3111	954
1916	956
3200	958
1170	959
2142	959
2170	959
2665	959
3360	959
1676	965
2550	965
2969	965
3071	965
3322	965
3348	965
2565	970
2949	972
2744	984
2255	989
1916	993
3200	993
1177	1000
1268	1000
1610	1000
2202	1000
2443	1000
2802	1000
3023	1000
2618	1001
1783	1008
2051	1008
2392	1008
1261	1011
1645	1011
1674	1011
1708	1011
2978	1011
1057	1012
1847	1013
3348	1013
2151	1023
2358	1026
1922	1032
2319	1032
1097	1036
1340	1036
1411	1036
1506	1036
1925	1036
3043	1036
3111	1036
3322	1036
1981	1038
2823	1044
2423	1053
1877	1056
1208	1057
1399	1057
1864	1057
2584	1057
1487	1058
1857	1058
2680	1058
2151	1061
1630	1065
2573	1065
2836	1065
2986	1065
3096	1065
1458	1072
1538	1073
1753	1073
2561	1076
1111	1077
1538	1077
1692	1077
1753	1077
2066	1077
2070	1077
2123	1077
2305	1077
2646	1077
2769	1077
2969	1077
3009	1077
3161	1079
1111	1094
2357	1094
3267	1094
1340	1097
1397	1097
1411	1097
1472	1097
1506	1097
1595	1097
1925	1097
2294	1097
3043	1097
3111	1097
3322	1097
3334	1097
2565	1101
1215	1111
1300	1111
1312	1111
1730	1111
2322	1111
2997	1111
3161	1111
1730	1113
2255	1113
2293	1113
1879	1115
2479	1119
2627	1134
3105	1134
1356	1135
2089	1135
2372	1135
2524	1135
2894	1135
3118	1135
3255	1135
2347	1138
2546	1138
3111	1138
1145	1139
1170	1139
1406	1139
1445	1139
1644	1139
1654	1139
1750	1139
2018	1139
2070	1139
2116	1139
2175	1139
2296	1139
2443	1139
2526	1139
2886	1139
3017	1139
3348	1139
1533	1142
2320	1142
1271	1144
1420	1144
2221	1144
2714	1144
2781	1144
2997	1144
2296	1145
1638	1161
1761	1161
2414	1161
1649	1169
1191	1170
1261	1170
1392	1170
1858	1170
1944	1170
1966	1170
2155	1170
2662	1170
2665	1170
2681	1170
2729	1170
2867	1170
3111	1170
3348	1170
1564	1172
1271	1175
1654	1177
3108	1178
2381	1180
2479	1180
2531	1180
2549	1180
2565	1180
2990	1180
1756	1184
2255	1184
2986	1184
3034	1186
2170	1187
2322	1187
1858	1191
2012	1191
1595	1200
3092	1202
1268	1206
1864	1206
1916	1206
1461	1208
1462	1208
2014	1208
2134	1208
2951	1208
3108	1208
3150	1208
3222	1208
3287	1216
2494	1219
1573	1231
1794	1231
1538	1232
1595	1232
1261	1238
2012	1238
2443	1238
3111	1238
3114	1238
2264	1250
2357	1251
1737	1253
1752	1253
2142	1253
2215	1253
3360	1253
2396	1254
1649	1256
1654	1256
1726	1256
3125	1257
1343	1261
1411	1261
1538	1261
1922	1261
2018	1261
2100	1261
2155	1261
2411	1261
2443	1261
2598	1261
2720	1261
2839	1261
2918	1261
2951	1261
3009	1261
3111	1261
3150	1261
3326	1261
3348	1261
1595	1262
3225	1262
1487	1265
1572	1265
2565	1268
1420	1271
1654	1271
2251	1271
2279	1271
2454	1271
2461	1271
2656	1271
2714	1271
2781	1271
2978	1271
2540	1273
1538	1283
1862	1283
2305	1283
3106	1283
3348	1283
2123	1285
2411	1286
2028	1287
1754	1288
1641	1309
2251	1309
2488	1309
2526	1309
2555	1309
3216	1309
2942	1317
2883	1318
2251	1322
2955	1322
1573	1326
1644	1326
1652	1326
1947	1326
2082	1326
2347	1329
2347	1335
1538	1339
1411	1340
1925	1340
3043	1340
2012	1343
2155	1343
2347	1343
2883	1352
2909	1353
1372	1354
1656	1354
2316	1354
3228	1354
2894	1356
3255	1356
2776	1358
3057	1370
3121	1370
1664	1379
2135	1379
2269	1379
2423	1379
2066	1385
3057	1387
3121	1387
1595	1392
1644	1392
2155	1392
2170	1392
2402	1392
2432	1392
2479	1392
2526	1392
2559	1392
2729	1392
2804	1392
2806	1392
3034	1392
3125	1392
3348	1392
2392	1399
2718	1409
1495	1411
1506	1411
1553	1411
1925	1411
2020	1411
2294	1411
2498	1411
2721	1411
3043	1411
3111	1411
3247	1411
3322	1411
2461	1420
2781	1420
2997	1420
1960	1445
2070	1445
3348	1454
3108	1456
1518	1461
3001	1462
1880	1469
2218	1473
2423	1474
2561	1478
3197	1478
2469	1482
2116	1484
1857	1487
2712	1493
1925	1506
2294	1506
3043	1506
3075	1506
3111	1506
3322	1506
3347	1506
2347	1514
2971	1514
2457	1518
3142	1518
3219	1519
2152	1531
1597	1533
2432	1533
2537	1533
2555	1533
2557	1533
3108	1533
2305	1537
1845	1538
1916	1538
2099	1538
2360	1538
2411	1538
2818	1538
2947	1538
3247	1538
2142	1546
2215	1546
1644	1547
1783	1547
2867	1547
2408	1553
2737	1553
2863	1553
3310	1553
1654	1558
1699	1559
2636	1559
2776	1559
1644	1564
1692	1564
2066	1564
2070	1564
3348	1564
2964	1573
1637	1595
1656	1595
1676	1595
1708	1595
1792	1595
1847	1595
1888	1595
1902	1595
1960	1595
1963	1595
2155	1595
2251	1595
2269	1595
2464	1595
2551	1595
2583	1595
2723	1595
2785	1595
2804	1595
2923	1595
2925	1595
3027	1595
3111	1595
3233	1595
3321	1595
1797	1599
2594	1604
1845	1610
1704	1613
2075	1613
2509	1613
3310	1613
1761	1617
1857	1621
2986	1623
3108	1628
1756	1630
2836	1630
2986	1630
3096	1630
1751	1637
2686	1637
3001	1637
1948	1638
3219	1639
1708	1644
1981	1644
2012	1644
2083	1644
2214	1644
2310	1644
2331	1644
2402	1644
2411	1644
2526	1644
2559	1644
2658	1644
2818	1644
3007	1644
3075	1644
3111	1644
3229	1644
3348	1644
1911	1645
2255	1645
1654	1649
2013	1649
2005	1651
2653	1651
1752	1652
1911	1652
2434	1652
2012	1654
2018	1654
2155	1654
2382	1654
2559	1654
2760	1654
3028	1654
3191	1654
3235	1654
1752	1656
1902	1656
1914	1656
1947	1656
2075	1656
2134	1656
2347	1656
2598	1656
3348	1656
2972	1657
2824	1665
2336	1667
2472	1667
2785	1667
3336	1668
2636	1674
2978	1674
3035	1674
3053	1674
3273	1674
3348	1674
1732	1676
3005	1676
3161	1676
2785	1686
1819	1687
1960	1692
2066	1692
2155	1692
3108	1692
3119	1692
3191	1692
2776	1699
2873	1699
1752	1702
3348	1705
2986	1707
2071	1708
2075	1708
2264	1708
2269	1708
2332	1708
2441	1708
2506	1708
3282	1708
3197	1711
2526	1713
2647	1713
2723	1713
2250	1715
2215	1720
3223	1720
2288	1731
1761	1732
2106	1732
2382	1732
2865	1732
2899	1732
3324	1732
2064	1737
2142	1737
2187	1737
2343	1737
2557	1737
3161	1739
2971	1745
3189	1747
2155	1750
2951	1750
1862	1752
1916	1752
2075	1752
2540	1752
3061	1752
3110	1752
3225	1752
1846	1753
2094	1753
2099	1753
2163	1753
2346	1753
2360	1753
2526	1753
2947	1753
3007	1753
3133	1754
2915	1756
1947	1761
3173	1761
2763	1765
2986	1765
2251	1766
3205	1767
1849	1783
2263	1783
3125	1783
2570	1796
1902	1803
3109	1805
1911	1806
2423	1806
2525	1809
2296	1812
2987	1814
1902	1818
3247	1818
2373	1824
2308	1827
2459	1827
1960	1830
1862	1845
2187	1845
2357	1845
2526	1845
2851	1845
3310	1846
1864	1847
3133	1847
2263	1849
2012	1858
2104	1858
2559	1858
3348	1858
1948	1862
2001	1862
2163	1862
2646	1862
3108	1862
3294	1862
2157	1864
2190	1864
2251	1864
2621	1864
2898	1864
3144	1864
2014	1873
3108	1876
2261	1879
1947	1883
2122	1883
3348	1885
2155	1886
2213	1896
2531	1896
2142	1897
2012	1902
2082	1902
2514	1902
2709	1902
2873	1902
3096	1902
2549	1911
3337	1912
2455	1915
2155	1916
2549	1922
2598	1922
2804	1922
2873	1922
2925	1922
2928	1922
2971	1922
3111	1922
3267	1922
3043	1925
3111	1925
3322	1925
2269	1944
2083	1947
2289	1947
2873	1947
2926	1947
2012	1954
2012	1955
2824	1956
2573	1958
2836	1958
2013	1960
2457	1960
2721	1960
2745	1960
2785	1960
3375	1960
2261	1963
2386	1963
2119	1966
2322	1974
2539	1975
3273	1979
2964	1981
3348	1984
3108	1987
2525	1988
2355	1993
2769	1993
2707	1999
3206	2000
2070	2012
2251	2012
2335	2012
2355	2012
2468	2012
2479	2012
2526	2012
2681	2012
2806	2012
2891	2012
3116	2012
3286	2012
3348	2012
2441	2014
2305	2018
2367	2018
2604	2018
2355	2028
2531	2028
3108	2028
2069	2032
3043	2048
3121	2050
2082	2051
2190	2051
2347	2054
3294	2062
2674	2065
2184	2066
2197	2066
2978	2066
3111	2066
2155	2070
2163	2070
2526	2070
2613	2070
2673	2070
3116	2070
3191	2070
2152	2075
2441	2075
2464	2075
2680	2075
2269	2082
2531	2082
2907	2082
2190	2083
2398	2089
2894	2089
2806	2098
2806	2099
3235	2099
3348	2099
2291	2100
3330	2100
2251	2101
2402	2110
3348	2110
2472	2116
3121	2116
2305	2117
2134	2118
2190	2118
3108	2118
2199	2119
2672	2119
2423	2120
2704	2121
2769	2121
3027	2121
3247	2121
3321	2121
2514	2123
3194	2123
3318	2123
2660	2130
2728	2130
2883	2134
2215	2142
2343	2142
2514	2142
2557	2142
2665	2142
3318	2142
3230	2143
2264	2155
2288	2155
2402	2155
2411	2155
2423	2155
2432	2155
2526	2155
2559	2155
2565	2155
2613	2155
2804	2155
3005	2155
3116	2155
3161	2155
3247	2155
3348	2155
2561	2158
2582	2158
3108	2163
2392	2166
2969	2166
2288	2170
2526	2170
2729	2170
3348	2170
3310	2181
3348	2184
3336	2186
3348	2188
2331	2190
2441	2190
3242	2190
3282	2190
2423	2191
3096	2202
2986	2203
2665	2215
3035	2215
3318	2215
3360	2215
2310	2218
2347	2244
2372	2250
3022	2250
2278	2251
2322	2251
2325	2251
2423	2251
2559	2251
2565	2251
2776	2251
2883	2251
2955	2251
2969	2251
3005	2251
3161	2251
3273	2251
2594	2252
2704	2258
2705	2260
2367	2269
3225	2269
2920	2278
2357	2288
2423	2288
3109	2291
3225	2293
3043	2294
3043	2304
2583	2305
2833	2305
2971	2305
3191	2305
3242	2305
2565	2306
3108	2317
2781	2320
2525	2321
2346	2324
2801	2325
3068	2325
2894	2329
2758	2332
2700	2339
2423	2343
2557	2343
3068	2343
2608	2347
2839	2347
2971	2347
3094	2347
3116	2347
3345	2347
3366	2348
2434	2355
3108	2355
2594	2357
2818	2357
2892	2357
2723	2358
2845	2358
2964	2367
3275	2367
2524	2372
3185	2372
2542	2373
2769	2373
3247	2374
2604	2386
2411	2402
2559	2402
2723	2402
2951	2402
3191	2402
2721	2405
2443	2411
3111	2411
3229	2414
3133	2423
3267	2423
3108	2434
3348	2434
2883	2443
3111	2443
3005	2452
2950	2455
3333	2460
2598	2463
3225	2472
2646	2479
3133	2479
2627	2491
2551	2494
2550	2506
3194	2514
3318	2514
3118	2524
2559	2526
2613	2526
2681	2526
2760	2526
2804	2526
3348	2526
2565	2528
2920	2531
2565	2534
2925	2537
2701	2540
2923	2540
3191	2550
2923	2551
2997	2556
3116	2559
3133	2559
3235	2559
2650	2560
3225	2564
2802	2565
2969	2565
2836	2573
2986	2573
3096	2573
2949	2582
2604	2594
3108	2594
3257	2604
3363	2604
2804	2613
2891	2613
3229	2613
3348	2613
2776	2618
3273	2618
3348	2623
2776	2636
3035	2636
2957	2637
3348	2642
3133	2646
2723	2647
2778	2647
2964	2647
3289	2647
3348	2647
3057	2649
3005	2650
3353	2660
2987	2662
3108	2665
3360	2665
2867	2672
3034	2675
2769	2704
3321	2704
3247	2712
2781	2714
2997	2714
2778	2723
3116	2723
3348	2723
3360	2723
3322	2760
2785	2761
3057	2763
3056	2769
3060	2769
3180	2769
3321	2769
2925	2776
3143	2776
3273	2776
2964	2778
2997	2781
3135	2781
2875	2785
2956	2785
3034	2785
2987	2796
2882	2801
3348	2804
3191	2806
3108	2815
2905	2818
3348	2818
2925	2824
3043	2824
3310	2824
2986	2836
3096	2836
3208	2874
3348	2891
3034	2892
3255	2894
3111	2918
3035	2925
3111	2925
3111	2928
3108	2938
3133	2942
3286	2951
3348	2951
2986	2967
2993	2986
3096	2986
3087	2997
3057	3024
3205	3035
3273	3035
3111	3043
3322	3043
3121	3057
3133	3108
3125	3111
3348	3111
3287	3122
3191	3125
3235	3173
3348	3180
3225	3185
3348	3191
3318	3194
3335	3194
3374	3201
3230	3219
3282	3222
3249	3228
3310	3235
3336	3247
3321	3310
3360	3337
