223	335
223	1573
223	3975
223	568
223	492
1356	3741
3519	2519
349	632
349	3101
2419	1947
3691	4423
1193	1780
1193	1537
3677	558
3677	997
2850	990
2850	1869
1342	3616
1342	2985
1342	2178
1342	3182
1342	4016
1342	418
1342	431
1342	3975
1342	1873
1342	3934
1342	990
1342	4099
1342	3517
1342	2122
1342	3001
3939	3532
3939	4245
3939	461
3939	495
3939	4360
3939	1497
3939	4382
3939	3139
3939	267
3939	896
3939	3102
3939	3415
3939	4353
3939	4379
3939	4380
3399	659
3399	2903
3399	1070
3399	1345
278	1070
2417	3494
2417	558
857	544
857	1300
459	492
704	2924
704	3125
704	3582
704	211
704	1227
704	812
704	61
704	2528
704	4169
704	1999
704	423
704	25
704	1797
704	2472
704	2795
704	3273
704	3782
704	4070
2913	3907
3852	506
2823	674
2823	3004
659	2265
659	4187
659	1022
3861	1938
3450	3026
3450	1967
3450	4342
1422	2707
345	3688
4444	2175
3541	786
3541	1985
786	2817
786	1985
2817	1985
2817	3157
2569	1947
2569	4433
393	4264
335	3297
335	4228
335	1990
335	793
335	544
335	4357
335	3075
335	2903
335	3413
335	167
335	2014
335	1144
335	68
335	1362
335	1876
335	1173
335	4395
335	2562
335	994
335	218
335	3904
335	1881
335	3568
3297	4228
3297	1663
3297	3009
3297	4169
3297	3139
3297	1343
1990	3980
2553	4314
2553	1831
2553	2865
2553	1907
2553	222
4262	761
4314	2865
4314	1896
4314	445
4314	2994
4314	4187
4314	337
4314	2995
4314	1876
1831	2865
1831	173
3484	2189
3484	1947
3484	814
3484	1742
3484	266
3484	4123
3484	819
3484	3261
3484	4423
3484	990
3484	83
3484	159
3484	3434
3484	41
3484	1869
4454	1357
4454	1854
4454	1630
4454	4256
4454	1967
2070	3024
2070	2464
2070	544
3024	2464
3024	544
2464	544
2464	3264
2464	748
3679	528
2229	1214
793	1017
360	3874
1965	769
1965	3291
778	1958
1958	4248
1958	1237
544	186
544	3616
544	327
544	3975
544	4224
544	3264
544	730
544	2074
544	994
544	4025
544	558
544	2609
2924	175
3269	61
3269	445
3269	1491
3269	2348
2261	166
2261	1729
2261	3321
3423	401
3423	3609
2491	3243
589	3009
589	3119
589	3292
939	3009
939	4169
939	3139
2859	1298
4384	3729
4384	632
836	2985
4357	1536
4449	1536
1376	3713
1376	1286
1376	156
1376	558
609	4248
609	2201
3580	1340
3043	3382
186	1573
186	568
186	558
186	3785
917	2466
3608	895
1763	2801
3943	841
208	683
208	143
208	2336
2448	1974
2189	814
2189	1183
2189	4448
2189	3975
2189	3264
2189	158
2189	1005
2189	3001
2189	2148
2189	3899
2048	3009
2048	159
575	1461
4204	4240
4204	2065
4204	1799
4204	3376
4240	2132
4240	1194
4240	2142
2667	1003
2667	878
2667	1051
1809	558
420	2528
3713	2267
3713	2362
3712	1040
2403	945
2216	3421
2216	2057
2216	3139
2216	2602
2216	3482
1312	3157
1312	1412
1300	715
1300	1373
3616	2985
3616	619
3616	722
3616	418
3616	3264
3616	3934
2799	1947
2799	4279
2799	4445
2799	2098
2799	1505
2799	83
2707	630
4179	2265
1295	2680
1295	2852
2985	3019
2985	1416
1284	1947
1284	996
1947	2458
1947	4200
1947	3781
1947	2223
1947	1563
1947	3099
1947	1183
1947	2404
1947	1113
1947	2288
1947	1419
1947	812
1947	2300
1947	325
1947	3975
1947	1572
1947	3264
1947	4248
1947	684
1947	3091
1947	2262
1947	1434
1947	3157
1947	2323
1947	4004
1947	4231
1947	1013
1947	83
1947	1086
1947	2281
1947	4161
1947	688
1947	3741
1947	549
1947	636
1947	657
1947	745
1947	1222
1947	1850
1947	2643
1947	2825
1947	3186
1947	3362
1947	3482
1947	2582
1333	18
1333	1031
3630	18
3630	513
3630	1213
3630	3481
3630	3708
3630	1031
2458	2085
2458	2148
4200	1126
4200	167
4200	3009
4200	3351
4200	3139
3075	1988
3075	2149
3075	2710
3075	2994
3075	1598
3125	3215
3125	1540
3125	877
3125	3448
3937	1543
3937	1040
3937	2226
2381	3254
2381	936
1725	564
1725	2718
1725	398
4341	3967
4341	2680
4341	219
4341	1043
18	838
18	513
18	1710
18	1213
18	1654
18	3708
18	1031
18	4151
18	3434
18	3855
18	1731
3215	2416
2184	1406
2184	807
2184	757
2184	2705
2184	1224
633	562
838	3222
838	807
838	3647
838	1505
838	558
838	2705
838	1224
838	794
1985	1406
1985	1126
2977	2178
2977	4296
2977	3486
2977	558
2977	340
744	625
744	3590
744	945
513	1213
513	3708
513	1505
513	1031
513	4151
513	3434
513	3924
619	2610
619	297
619	156
619	123
625	2404
625	2057
625	2844
625	3457
625	1144
625	528
625	804
625	3878
625	2800
625	945
625	924
625	3013
625	906
3187	1406
3187	3009
3187	2188
3187	2231
3187	868
3187	3482
651	1995
1406	643
1406	3400
1287	4066
1287	4058
1287	2620
1177	1630
1177	3292
1177	916
1177	1848
1177	1967
175	1188
1896	3841
1896	2579
1896	3585
1896	3222
1896	1573
1896	275
1896	684
1896	2676
1896	4216
1896	4036
4085	1340
3856	3482
2897	1751
2830	418
2830	1491
2830	29
2830	3129
2830	4388
2830	1687
2830	311
2830	2525
244	3739
244	3135
244	814
244	2736
244	3624
244	1506
244	1126
244	167
244	3264
244	2391
244	3261
244	1175
244	730
244	3321
244	343
244	2637
244	1362
244	1568
244	3862
244	2416
244	2608
244	1661
244	2727
244	3857
244	2582
3739	1497
3135	2595
3135	4395
3135	3449
2595	3330
4392	2982
4392	1901
4392	3964
4392	4075
3724	2336
1357	497
1357	3909
1357	3402
1357	1737
1357	2766
1357	3026
1357	2217
1854	3368
1854	2459
1854	1812
1854	2262
1854	683
1854	3026
1854	64
1854	492
1854	1967
1854	4342
1540	266
1540	1557
1780	4073
814	2404
814	1544
814	4066
814	3772
814	2149
814	2528
814	674
814	239
814	4048
814	473
814	3139
814	2695
1898	2472
2903	4296
2903	2171
2903	3690
2903	1912
2903	603
2903	3658
2903	994
2903	1505
2903	997
2903	794
2903	3955
2359	2716
2359	4296
2359	3658
3686	1497
2298	406
2488	4134
4264	3862
886	3009
3254	4296
3254	945
3254	4093
4134	1936
4134	936
4412	3490
4412	3055
4253	3658
4253	990
4253	580
4253	993
4253	4223
2556	1022
2556	3051
2556	558
1942	2181
3053	259
3828	4390
3828	632
3828	2562
3828	1553
3828	3101
3368	1630
3368	401
3368	2718
3368	65
3368	1848
1593	804
1593	2966
1897	2472
3781	790
3781	2528
3781	4169
3781	3157
3781	422
3781	1946
1498	1491
1498	29
3598	2057
2178	275
2178	3486
2178	3517
1710	1573
1710	1989
1710	2074
1710	3077
1710	3139
1710	1465
3885	3776
2164	3603
3645	2387
2769	2550
3498	100
3498	3245
3498	670
2636	2917
2636	684
2636	856
1988	3261
1988	489
1988	1876
3974	2955
3967	1974
1270	1128
2060	392
4017	1445
648	2265
648	3524
648	1727
648	3708
648	1505
540	1113
4377	3524
4377	2680
4377	2852
3330	1690
2132	96
3841	864
3841	22
3841	1669
3841	2676
3841	845
3841	1510
3841	4036
2610	1819
2610	4081
2610	123
2028	1537
385	2873
385	2023
905	401
905	1829
2669	3400
2702	684
2702	2676
3607	3088
690	558
327	337
2579	3585
2579	3222
2579	2676
2955	4169
2955	3139
79	1212
154	2323
2418	440
1841	3157
1841	1128
1841	1362
1841	2562
1841	990
1841	562
1841	1366
1849	3348
1184	936
4148	2525
3585	3222
3585	4120
3585	3068
3585	3134
3585	4123
3585	4187
3585	3753
3585	1669
3585	1654
3585	2676
3585	4036
1786	158
1786	3694
358	445
358	4418
358	489
358	1650
358	2705
358	569
358	82
358	1224
2893	159
3222	2969
3222	3080
3222	275
3222	2460
3222	3257
3222	2742
3222	4187
3222	684
3222	1669
3222	1424
3222	1491
3222	2676
3222	1252
3222	1347
3222	4275
3222	4036
4142	1762
3182	666
1630	956
1630	2459
1630	2262
1630	683
1630	2700
1630	3026
1630	2718
1630	65
1630	1967
1630	2322
1630	3006
1630	4342
1630	4317
3323	1497
3099	414
3099	590
3185	722
3185	489
1446	2730
1446	3026
4016	967
4016	896
2917	4066
2917	2188
2917	2676
2917	766
2917	2746
2917	3584
2917	25
2026	3157
2969	3813
238	1570
238	1160
238	2075
238	3161
238	3702
4064	558
4064	205
3359	3813
3359	2756
3359	558
3359	1964
3359	3139
3359	997
555	1497
3507	1584
3507	3025
3507	1501
3507	14
3507	741
3507	846
3209	1172
3209	846
2589	4288
3030	3009
3030	4245
3030	3139
2285	1247
4117	107
470	3026
3413	2267
3413	846
3413	3064
796	1183
796	1962
1183	418
1183	1974
1183	3087
4113	1227
3201	1995
3201	3894
781	2812
781	1497
781	3139
781	725
3080	2676
2730	4259
4114	1537
326	1173
326	3888
19	1502
19	1967
418	1812
418	158
418	15
418	1640
418	2635
2093	3930
805	2133
805	3702
4303	4025
4303	1670
4303	4151
172	1505
172	4360
852	3613
852	7
852	4294
1365	562
4448	1200
4448	1373
686	3068
686	4356
427	990
1200	4427
3405	1025
679	2505
679	841
4349	259
1189	1537
1189	1054
1189	423
1189	2387
1189	2602
1189	3584
656	96
656	558
1172	46
1172	547
1172	3504
4427	15
4427	3601
547	492
2666	1505
3834	1675
1088	1573
2404	2844
2404	3457
2404	945
2404	391
4162	1315
4162	2095
4162	3449
3976	3009
3976	3351
1371	1862
1371	1465
1718	1553
1718	1749
1537	380
1537	61
1537	2710
1537	4159
1537	4131
1537	1924
1537	2110
1537	4255
1537	4235
1537	990
1537	2639
1537	1194
1537	83
1537	1774
1537	499
1537	699
1537	2066
1537	3719
1537	4075
1537	1869
2172	1113
2172	1737
2172	3769
2172	590
2172	1704
3315	4423
3315	990
3315	2231
3315	1869
4304	990
1332	1221
1573	167
1573	901
1573	2436
1573	3292
1573	2639
1573	3689
1573	4244
1573	4380
1573	4036
4120	1140
4120	380
4120	96
1140	380
1140	870
494	478
100	222
100	3175
100	4294
3970	1070
3970	2367
166	864
166	2528
166	674
166	3077
166	1054
1737	4279
1737	683
1737	3026
1737	1848
3865	864
3865	4048
3865	2302
3790	4322
1206	568
1544	3772
1544	239
1544	473
1544	3376
2894	2543
1819	3593
1819	3264
1819	3895
1819	406
1819	3668
1819	1797
1819	3667
1819	4400
4066	3129
4066	239
380	1126
380	4390
380	1173
380	1017
380	529
380	994
380	3930
380	1407
2716	2383
2716	3855
2716	1751
2288	205
211	4245
211	3139
4296	3863
4296	945
4296	3019
4296	3855
3772	4040
3772	239
3772	473
3772	928
864	1669
864	3077
864	1497
864	1553
81	666
81	489
1188	4317
1316	3190
3648	492
1931	2701
1931	683
1931	3026
1932	558
956	3975
956	3793
956	2756
956	2597
1126	3004
1126	994
1126	3869
1126	3385
1227	4169
1227	291
3016	1070
3016	990
3016	3077
3068	684
3068	3064
3134	3064
2408	2254
2254	853
3494	3457
3494	1240
3494	2639
3494	83
3923	2265
3769	3292
3769	2262
167	2383
167	3371
167	1491
167	3025
167	3062
3780	1469
2717	684
3613	919
3613	4294
3613	1740
2149	3261
2149	3228
4058	1503
4058	3009
4058	2870
1503	2870
3142	755
4210	2505
3009	2994
3009	684
3009	2505
3009	841
3009	56
3009	1434
3009	1175
3009	239
3009	1163
3009	3376
3233	2829
3233	2231
3233	1629
1531	1247
812	4169
812	990
812	3482
1936	2982
1936	2680
1936	1362
1936	688
1936	868
61	4187
61	159
61	3139
512	3703
2710	664
2710	259
1023	3500
551	936
1185	3520
1185	1752
445	4211
445	4418
445	684
445	489
445	2705
445	82
445	1224
325	83
325	1938
325	1869
325	4394
2459	2262
2459	3026
2459	4356
2459	3139
2459	2563
2459	3396
2459	4317
3593	3139
2528	807
2528	3139
2528	4076
2528	1338
3975	1976
3975	425
3975	2252
3975	3264
3975	4423
3975	1876
3975	990
3975	83
3975	2281
3975	3001
3975	1869
2220	2563
3466	337
2270	1445
1070	269
3922	1039
1976	3351
425	83
2265	1247
2265	3524
2265	3245
2265	2059
2265	1144
2265	3535
2265	4231
2265	1013
2265	1553
2265	3019
2265	4133
2265	1179
2265	2055
2265	2743
2265	3620
2265	711
1247	3524
1247	3481
1247	1037
1247	2852
1247	4001
1247	2607
1247	259
1247	3400
1247	2044
1247	2945
4123	3793
4123	846
3421	461
3421	2387
3421	2602
3421	4252
588	1924
588	3127
588	2463
588	3129
588	2231
588	2852
588	875
588	761
2195	1241
2195	1568
2195	3590
2477	1505
2477	558
2477	4360
275	4187
275	3753
275	4036
1812	3026
1812	1008
1812	4342
401	900
401	683
401	3026
401	1848
401	3382
564	68
564	3196
564	683
564	3026
4354	1364
936	945
936	1055
936	1974
936	557
936	560
936	606
936	650
936	1039
936	1101
936	1151
936	1320
936	1575
936	1602
936	1848
936	2004
936	2725
96	259
2565	4423
4322	4073
2008	2680
2008	1479
2821	994
2821	3117
2821	499
1546	558
1546	340
269	3855
1899	147
1899	1497
1899	2472
313	1164
313	1128
313	147
313	1497
313	1670
4137	2680
2057	2435
2057	804
2057	3422
2057	945
2057	2803
2057	3905
4245	2505
4245	2474
4245	1175
1781	291
1781	3482
3995	900
674	1121
674	1505
674	2705
674	1731
674	1881
1432	3753
1432	1054
1432	4139
4224	1144
4224	1876
4224	4395
3470	259
3477	666
3477	3601
3477	2074
3477	994
3477	2127
3477	1637
4243	3508
2701	3026
2740	900
2740	683
2740	3026
2740	2291
1469	769
235	83
235	1869
4283	2849
4156	4423
2435	3139
1494	2474
1494	3347
1213	3708
3971	2436
3971	4030
3971	3930
4046	4380
2452	3026
1461	2422
2559	1654
2559	3300
2559	3329
3603	1995
4131	1732
2460	1131
2906	3064
315	1859
2829	3127
2829	2463
2829	4133
2829	2387
2675	2852
901	990
1604	3090
1604	3591
1572	2066
2210	3400
4169	1598
4169	1175
4169	994
4169	3139
4169	107
4169	1830
1873	1629
1873	4346
3264	147
3264	990
3264	4018
3264	3001
3245	1989
3245	2436
3245	3895
1924	1022
1924	3127
1924	2463
1924	2852
1924	875
4211	489
4211	1194
4211	2227
4211	1224
819	2267
819	528
4424	291
3119	1598
3119	3292
1859	7
1040	2159
1040	3026
1040	1848
1562	3139
4248	159
986	2982
986	4121
2994	1598
2994	3139
1989	3004
1989	3139
1989	798
1989	2525
2422	813
2422	3601
1657	813
1657	1133
1657	1827
2742	946
2742	2676
4418	489
4187	2505
4187	841
4187	2676
4187	4070
3753	684
3753	2231
3753	569
3753	3064
684	1669
684	1022
684	1491
684	489
684	2676
684	2597
684	569
684	82
684	1705
684	4036
1669	2676
1669	766
1669	4417
1669	4036
1022	2146
1022	1625
1022	3064
3549	1774
1146	794
1146	3945
3602	3658
2747	3748
1714	2597
2383	664
2383	4076
813	1252
813	2231
813	879
2505	2677
2505	2367
2677	841
1241	3292
1241	1398
2202	3292
841	2367
841	3351
841	4445
841	3482
3292	2262
3292	1528
3292	3139
3292	3741
3292	3181
3292	3396
2367	3328
4433	147
4433	1497
4433	4325
2493	1251
4219	3271
2120	1505
2120	1136
537	1252
1911	1974
1261	1054
882	4161
2474	3482
63	338
63	1039
440	1144
440	1967
440	1808
2267	1301
2267	528
2267	3689
2267	3019
308	1497
2077	687
2077	3808
1204	274
1204	2238
661	990
661	3287
1301	337
1301	1505
1301	2545
337	1739
337	1362
2844	1823
1002	65
3863	29
3863	218
3863	155
3863	3198
3863	423
3863	3318
3863	1521
3347	761
3959	87
3701	1761
98	1505
891	3206
891	1690
1980	807
877	807
877	1646
877	1551
3657	3117
3657	1848
807	2075
807	1731
3821	2323
3647	39
3647	853
3647	4394
3934	4096
3934	3517
1426	147
461	1505
461	3924
2548	568
3261	568
3261	924
2262	900
2262	683
2262	916
2262	3026
2262	209
2262	1848
2262	1967
2262	4317
1654	3793
1654	568
1654	1252
1654	1505
1654	846
95	3117
4423	158
3793	1611
900	683
3950	569
3950	2227
3143	3490
3143	1553
3143	4049
3490	2368
3490	3708
3490	1553
3708	1415
3708	1031
3708	664
3457	994
3457	3609
3457	3785
2103	1967
1551	794
1913	666
3690	4352
666	1164
666	4390
666	1398
666	3157
666	1692
666	3729
666	1412
666	4352
666	14
666	4122
666	3376
757	853
757	4352
757	1881
1024	1343
2014	4362
1025	2597
1025	3876
1144	568
1144	1505
1144	945
1144	1054
1144	3260
1164	4390
1164	2175
1164	1398
1164	3157
1164	1692
1164	1128
1164	1362
1164	1876
1164	1173
1164	4395
1164	1017
1164	2562
1164	529
1164	994
1164	3930
1164	1412
1164	1881
1164	2605
1164	2887
4390	2175
4390	1398
4390	1412
4390	616
4390	300
2175	1412
2175	4360
1398	3157
1398	1412
1398	1637
3157	1692
3157	1412
3157	1512
1692	489
1692	1412
1692	3869
4259	3139
1445	1967
68	472
68	209
68	2718
1175	1505
1175	3139
3398	1807
2680	300
2680	82
2680	2831
2680	2433
2323	29
2323	2684
2323	282
2323	505
2463	3590
2463	2227
1491	29
1491	489
1491	2525
29	3129
29	2525
2704	3869
2756	1497
2756	3869
730	423
730	3139
39	3309
39	4394
528	3164
3908	2227
489	1412
489	2705
489	2227
489	82
489	1224
489	1709
489	1754
489	3710
603	3689
603	3855
603	909
495	769
1128	1286
1128	1876
1128	1173
1128	1017
1128	632
1128	2562
1128	529
1128	994
1128	3930
1128	1553
1128	4346
1128	2127
1128	451
1128	932
2362	1347
2362	664
1789	2127
1286	2374
3601	994
3601	1505
3601	664
3601	1138
758	1881
568	994
568	1505
568	1347
568	2608
568	1138
2374	3077
3486	156
3486	569
4030	1340
1520	3850
1520	1054
4110	3139
4110	4352
2123	2852
4040	928
2870	3017
2870	2620
2794	147
2794	1412
2794	3590
2794	562
630	502
630	4374
630	2173
469	3782
138	2608
3293	2759
1337	259
3351	711
1803	3676
2074	1017
147	3590
147	1670
147	505
147	1031
147	4151
4081	283
4081	4004
4081	4450
3729	632
283	632
4004	632
3658	232
3658	580
3658	4223
3658	2620
2676	766
2676	1267
2676	3064
2676	4036
146	997
146	725
1362	1173
1362	1017
1362	2562
1362	529
1362	994
1362	1366
1362	107
1362	1407
1876	2562
1876	994
1876	616
1876	1407
1876	2578
1173	4395
1173	2562
1173	994
1173	970
1173	1366
1173	1407
4395	2562
4395	994
4395	1505
4395	970
4395	616
4395	1407
1017	2562
1017	994
1017	1366
1017	1407
1017	1637
632	4450
632	3590
632	2662
632	3614
3004	584
3004	1212
584	4124
584	4375
2562	529
2562	994
2562	4025
2562	3930
2562	1366
2562	1731
2562	1407
529	994
529	1366
529	1407
529	3642
994	4025
994	3930
994	1505
994	3855
994	2974
994	1366
994	107
994	1407
994	1460
994	3385
4025	3930
4025	558
4025	1366
4025	997
4025	1407
4025	3642
3930	107
3930	1407
4231	14
687	3808
3183	1538
3129	2597
3129	282
1066	4325
870	590
870	4045
804	945
804	2974
990	83
990	1086
990	4382
990	3517
990	107
990	3001
990	243
990	868
990	1797
990	2399
990	2925
990	1869
580	4223
2639	558
2639	4352
1194	423
1568	4352
1568	2303
1568	2327
1568	3883
4279	3139
4279	1060
4074	3482
1412	300
176	1848
1252	2973
1252	71
2597	1688
2159	3026
2159	3006
1570	423
218	1505
1069	3894
4445	2098
4445	670
4445	1933
2098	670
1505	3855
1505	853
1505	502
1160	3400
1347	3139
1347	997
1347	3006
1933	159
2457	1967
2457	3482
155	1638
1454	219
1454	868
2146	3517
3878	945
3878	2134
2550	510
2550	2095
2550	2209
2550	3776
123	339
683	2718
683	1848
683	1967
1823	759
1823	2776
759	2134
2800	945
239	473
239	664
239	3294
239	3376
3590	1054
3590	3434
3590	1618
3590	1679
1013	1054
1013	2974
1013	4375
3606	1054
2242	1054
2242	4151
3077	664
3895	1557
945	664
945	260
945	4076
945	1138
945	924
945	1512
945	3013
945	3642
83	2281
83	3517
83	472
83	3001
83	1797
83	3362
83	1869
562	3517
1650	569
2231	1133
2231	1465
2231	3273
3748	4070
2852	1995
2852	2415
2852	1813
2852	4332
2766	348
4360	3855
4360	1315
4360	2720
2281	1869
616	610
4073	1743
4073	3198
4073	3741
755	4048
1054	4151
1054	3434
1054	3260
4048	2302
4121	3056
473	3376
1501	3054
4388	2525
2416	2525
2705	853
1497	472
1497	3741
1497	769
1497	1129
1497	1136
1497	1251
1497	1583
1497	2197
1497	2741
1497	4028
1497	4047
2451	3139
3506	962
3506	2899
1964	4045
1974	3517
1974	928
7	2302
1553	879
3831	993
3831	219
1670	4151
1670	3434
505	3434
2803	3139
4382	4298
4382	4036
3517	1909
3517	924
3517	3785
2746	3689
2127	3855
2127	4362
1031	4151
4151	3434
3434	2988
1999	3139
3019	423
3019	776
3019	3907
2401	1677
423	776
423	1138
423	4206
423	2633
423	506
423	535
423	2734
3855	2608
3855	924
3855	1210
3855	3642
406	4166
916	3026
916	2718
916	1967
916	4317
3026	209
3026	2718
3026	1848
3026	1967
3026	4317
9	2158
472	2432
209	3006
853	2525
853	4070
3139	1944
3139	2515
3139	1315
3139	2793
3139	270
3139	502
3139	510
3139	1354
3139	1797
3139	1881
3139	1946
3139	4036
3924	1950
664	2227
664	260
664	1603
664	1138
664	3001
664	3260
4291	2718
4291	4317
688	64
207	3591
4352	3894
3741	3318
2626	4436
2387	3584
2387	4252
2602	3584
291	149
14	1808
14	3376
2718	1967
2718	3591
259	756
259	3366
259	3164
259	879
259	3907
259	2145
259	3361
756	3366
756	3164
756	75
3105	3702
1038	2053
3062	3875
2608	769
2608	1237
2974	4122
1237	82
3400	2410
3400	4400
1731	1465
164	2472
65	66
65	67
65	1131
65	2695
65	2599
65	3382
107	2415
107	1465
107	2599
3584	2525
2227	2689
82	1224
997	177
1224	2271
621	2527
3876	1502
4308	3699
1901	1603
260	2515
260	1679
4076	1603
4076	1138
2515	1138
1603	1138
2727	1938
234	2922
3243	3056
3907	1521
3907	1762
3907	3612
2633	1060
2633	2194
2633	726
1060	2194
1060	726
2194	726
846	1364
2988	141
3124	2835
3599	4363
3318	2599
4093	1863
41	541
1774	3482
2158	1721
66	4317
199	1363
290	2336
344	1077
351	2651
391	703
2733	492
456	492
492	4363
492	3718
519	1749
519	1751
521	1848
541	1601
541	1863
576	1151
576	1798
576	3529
590	4342
606	2836
636	2507
748	1575
777	3533
794	1305
794	1881
881	2228
932	3102
966	1464
973	1625
1039	2868
1075	2228
1120	3260
1133	3964
1197	2833
1212	4252
1335	2080
1343	1848
1343	3010
1361	4358
1521	1547
1521	1938
1521	4189
1521	373
1521	3637
1521	1555
1535	2689
1547	3612
1547	4189
1547	373
1547	3637
1547	1555
1550	3328
1601	3260
1776	1869
1797	3945
1797	1869
1816	1830
1827	2630
1848	2023
1848	4342
1848	4317
1872	3667
1922	3482
1938	3612
1967	3006
1967	3382
1967	4342
1967	4317
3612	4342
3612	373
3612	3637
3612	1555
2095	3449
2133	2833
2352	3482
2399	1869
2481	2570
2481	2547
2567	3482
2664	2768
2732	3236
2734	3720
2835	3482
2836	3210
2925	1869
3087	4358
3087	4436
3482	3840
3500	3642
3568	4045
3702	3812
3719	3720
4342	4317
3955	3260
335	223
1573	223
3975	223
568	223
492	223
3741	1356
2519	3519
632	349
3101	349
1947	2419
4423	3691
1780	1193
1537	1193
558	3677
997	3677
990	2850
1869	2850
3616	1342
2985	1342
2178	1342
3182	1342
4016	1342
418	1342
431	1342
3975	1342
1873	1342
3934	1342
990	1342
4099	1342
3517	1342
2122	1342
3001	1342
3532	3939
4245	3939
461	3939
495	3939
4360	3939
1497	3939
4382	3939
3139	3939
267	3939
896	3939
3102	3939
3415	3939
4353	3939
4379	3939
4380	3939
659	3399
2903	3399
1070	3399
1345	3399
1070	278
3494	2417
558	2417
544	857
1300	857
492	459
2924	704
3125	704
3582	704
211	704
1227	704
812	704
61	704
2528	704
4169	704
1999	704
423	704
25	704
1797	704
2472	704
2795	704
3273	704
3782	704
4070	704
3907	2913
506	3852
674	2823
3004	2823
2265	659
4187	659
1022	659
1938	3861
3026	3450
1967	3450
4342	3450
2707	1422
3688	345
2175	4444
786	3541
1985	3541
2817	786
1985	786
1985	2817
3157	2817
1947	2569
4433	2569
4264	393
3297	335
4228	335
1990	335
793	335
544	335
4357	335
3075	335
2903	335
3413	335
167	335
2014	335
1144	335
68	335
1362	335
1876	335
1173	335
4395	335
2562	335
994	335
218	335
3904	335
1881	335
3568	335
4228	3297
1663	3297
3009	3297
4169	3297
3139	3297
1343	3297
3980	1990
4314	2553
1831	2553
2865	2553
1907	2553
222	2553
761	4262
2865	4314
1896	4314
445	4314
2994	4314
4187	4314
337	4314
2995	4314
1876	4314
2865	1831
173	1831
2189	3484
1947	3484
814	3484
1742	3484
266	3484
4123	3484
819	3484
3261	3484
4423	3484
990	3484
83	3484
159	3484
3434	3484
41	3484
1869	3484
1357	4454
1854	4454
1630	4454
4256	4454
1967	4454
3024	2070
2464	2070
544	2070
2464	3024
544	3024
544	2464
3264	2464
748	2464
528	3679
1214	2229
1017	793
3874	360
769	1965
3291	1965
1958	778
4248	1958
1237	1958
186	544
3616	544
327	544
3975	544
4224	544
3264	544
730	544
2074	544
994	544
4025	544
558	544
2609	544
175	2924
61	3269
445	3269
1491	3269
2348	3269
166	2261
1729	2261
3321	2261
401	3423
3609	3423
3243	2491
3009	589
3119	589
3292	589
3009	939
4169	939
3139	939
1298	2859
3729	4384
632	4384
2985	836
1536	4357
1536	4449
3713	1376
1286	1376
156	1376
558	1376
4248	609
2201	609
1340	3580
3382	3043
1573	186
568	186
558	186
3785	186
2466	917
895	3608
2801	1763
841	3943
683	208
143	208
2336	208
1974	2448
814	2189
1183	2189
4448	2189
3975	2189
3264	2189
158	2189
1005	2189
3001	2189
2148	2189
3899	2189
3009	2048
159	2048
1461	575
4240	4204
2065	4204
1799	4204
3376	4204
2132	4240
1194	4240
2142	4240
1003	2667
878	2667
1051	2667
558	1809
2528	420
2267	3713
2362	3713
1040	3712
945	2403
3421	2216
2057	2216
3139	2216
2602	2216
3482	2216
3157	1312
1412	1312
715	1300
1373	1300
2985	3616
619	3616
722	3616
418	3616
3264	3616
3934	3616
1947	2799
4279	2799
4445	2799
2098	2799
1505	2799
83	2799
630	2707
2265	4179
2680	1295
2852	1295
3019	2985
1416	2985
1947	1284
996	1284
2458	1947
4200	1947
3781	1947
2223	1947
1563	1947
3099	1947
1183	1947
2404	1947
1113	1947
2288	1947
1419	1947
812	1947
2300	1947
325	1947
3975	1947
1572	1947
3264	1947
4248	1947
684	1947
3091	1947
2262	1947
1434	1947
3157	1947
2323	1947
4004	1947
4231	1947
1013	1947
83	1947
1086	1947
2281	1947
4161	1947
688	1947
3741	1947
549	1947
636	1947
657	1947
745	1947
1222	1947
1850	1947
2643	1947
2825	1947
3186	1947
3362	1947
3482	1947
2582	1947
18	1333
1031	1333
18	3630
513	3630
1213	3630
3481	3630
3708	3630
1031	3630
2085	2458
2148	2458
1126	4200
167	4200
3009	4200
3351	4200
3139	4200
1988	3075
2149	3075
2710	3075
2994	3075
1598	3075
3215	3125
1540	3125
877	3125
3448	3125
1543	3937
1040	3937
2226	3937
3254	2381
936	2381
564	1725
2718	1725
398	1725
3967	4341
2680	4341
219	4341
1043	4341
838	18
513	18
1710	18
1213	18
1654	18
3708	18
1031	18
4151	18
3434	18
3855	18
1731	18
2416	3215
1406	2184
807	2184
757	2184
2705	2184
1224	2184
562	633
3222	838
807	838
3647	838
1505	838
558	838
2705	838
1224	838
794	838
1406	1985
1126	1985
2178	2977
4296	2977
3486	2977
558	2977
340	2977
625	744
3590	744
945	744
1213	513
3708	513
1505	513
1031	513
4151	513
3434	513
3924	513
2610	619
297	619
156	619
123	619
2404	625
2057	625
2844	625
3457	625
1144	625
528	625
804	625
3878	625
2800	625
945	625
924	625
3013	625
906	625
1406	3187
3009	3187
2188	3187
2231	3187
868	3187
3482	3187
1995	651
643	1406
3400	1406
4066	1287
4058	1287
2620	1287
1630	1177
3292	1177
916	1177
1848	1177
1967	1177
1188	175
3841	1896
2579	1896
3585	1896
3222	1896
1573	1896
275	1896
684	1896
2676	1896
4216	1896
4036	1896
1340	4085
3482	3856
1751	2897
418	2830
1491	2830
29	2830
3129	2830
4388	2830
1687	2830
311	2830
2525	2830
3739	244
3135	244
814	244
2736	244
3624	244
1506	244
1126	244
167	244
3264	244
2391	244
3261	244
1175	244
730	244
3321	244
343	244
2637	244
1362	244
1568	244
3862	244
2416	244
2608	244
1661	244
2727	244
3857	244
2582	244
1497	3739
2595	3135
4395	3135
3449	3135
3330	2595
2982	4392
1901	4392
3964	4392
4075	4392
2336	3724
497	1357
3909	1357
3402	1357
1737	1357
2766	1357
3026	1357
2217	1357
3368	1854
2459	1854
1812	1854
2262	1854
683	1854
3026	1854
64	1854
492	1854
1967	1854
4342	1854
266	1540
1557	1540
4073	1780
2404	814
1544	814
4066	814
3772	814
2149	814
2528	814
674	814
239	814
4048	814
473	814
3139	814
2695	814
2472	1898
4296	2903
2171	2903
3690	2903
1912	2903
603	2903
3658	2903
994	2903
1505	2903
997	2903
794	2903
3955	2903
2716	2359
4296	2359
3658	2359
1497	3686
406	2298
4134	2488
3862	4264
3009	886
4296	3254
945	3254
4093	3254
1936	4134
936	4134
3490	4412
3055	4412
3658	4253
990	4253
580	4253
993	4253
4223	4253
1022	2556
3051	2556
558	2556
2181	1942
259	3053
4390	3828
632	3828
2562	3828
1553	3828
3101	3828
1630	3368
401	3368
2718	3368
65	3368
1848	3368
804	1593
2966	1593
2472	1897
790	3781
2528	3781
4169	3781
3157	3781
422	3781
1946	3781
1491	1498
29	1498
2057	3598
275	2178
3486	2178
3517	2178
1573	1710
1989	1710
2074	1710
3077	1710
3139	1710
1465	1710
3776	3885
3603	2164
2387	3645
2550	2769
100	3498
3245	3498
670	3498
2917	2636
684	2636
856	2636
3261	1988
489	1988
1876	1988
2955	3974
1974	3967
1128	1270
392	2060
1445	4017
2265	648
3524	648
1727	648
3708	648
1505	648
1113	540
3524	4377
2680	4377
2852	4377
1690	3330
96	2132
864	3841
22	3841
1669	3841
2676	3841
845	3841
1510	3841
4036	3841
1819	2610
4081	2610
123	2610
1537	2028
2873	385
2023	385
401	905
1829	905
3400	2669
684	2702
2676	2702
3088	3607
558	690
337	327
3585	2579
3222	2579
2676	2579
4169	2955
3139	2955
1212	79
2323	154
440	2418
3157	1841
1128	1841
1362	1841
2562	1841
990	1841
562	1841
1366	1841
3348	1849
936	1184
2525	4148
3222	3585
4120	3585
3068	3585
3134	3585
4123	3585
4187	3585
3753	3585
1669	3585
1654	3585
2676	3585
4036	3585
158	1786
3694	1786
445	358
4418	358
489	358
1650	358
2705	358
569	358
82	358
1224	358
159	2893
2969	3222
3080	3222
275	3222
2460	3222
3257	3222
2742	3222
4187	3222
684	3222
1669	3222
1424	3222
1491	3222
2676	3222
1252	3222
1347	3222
4275	3222
4036	3222
1762	4142
666	3182
956	1630
2459	1630
2262	1630
683	1630
2700	1630
3026	1630
2718	1630
65	1630
1967	1630
2322	1630
3006	1630
4342	1630
4317	1630
1497	3323
414	3099
590	3099
722	3185
489	3185
2730	1446
3026	1446
967	4016
896	4016
4066	2917
2188	2917
2676	2917
766	2917
2746	2917
3584	2917
25	2917
3157	2026
3813	2969
1570	238
1160	238
2075	238
3161	238
3702	238
558	4064
205	4064
3813	3359
2756	3359
558	3359
1964	3359
3139	3359
997	3359
1497	555
1584	3507
3025	3507
1501	3507
14	3507
741	3507
846	3507
1172	3209
846	3209
4288	2589
3009	3030
4245	3030
3139	3030
1247	2285
107	4117
3026	470
2267	3413
846	3413
3064	3413
1183	796
1962	796
418	1183
1974	1183
3087	1183
1227	4113
1995	3201
3894	3201
2812	781
1497	781
3139	781
725	781
2676	3080
4259	2730
1537	4114
1173	326
3888	326
1502	19
1967	19
1812	418
158	418
15	418
1640	418
2635	418
3930	2093
2133	805
3702	805
4025	4303
1670	4303
4151	4303
1505	172
4360	172
3613	852
7	852
4294	852
562	1365
1200	4448
1373	4448
3068	686
4356	686
990	427
4427	1200
1025	3405
2505	679
841	679
259	4349
1537	1189
1054	1189
423	1189
2387	1189
2602	1189
3584	1189
96	656
558	656
46	1172
547	1172
3504	1172
15	4427
3601	4427
492	547
1505	2666
1675	3834
1573	1088
2844	2404
3457	2404
945	2404
391	2404
1315	4162
2095	4162
3449	4162
3009	3976
3351	3976
1862	1371
1465	1371
1553	1718
1749	1718
380	1537
61	1537
2710	1537
4159	1537
4131	1537
1924	1537
2110	1537
4255	1537
4235	1537
990	1537
2639	1537
1194	1537
83	1537
1774	1537
499	1537
699	1537
2066	1537
3719	1537
4075	1537
1869	1537
1113	2172
1737	2172
3769	2172
590	2172
1704	2172
4423	3315
990	3315
2231	3315
1869	3315
990	4304
1221	1332
167	1573
901	1573
2436	1573
3292	1573
2639	1573
3689	1573
4244	1573
4380	1573
4036	1573
1140	4120
380	4120
96	4120
380	1140
870	1140
478	494
222	100
3175	100
4294	100
1070	3970
2367	3970
864	166
2528	166
674	166
3077	166
1054	166
4279	1737
683	1737
3026	1737
1848	1737
864	3865
4048	3865
2302	3865
4322	3790
568	1206
3772	1544
239	1544
473	1544
3376	1544
2543	2894
3593	1819
3264	1819
3895	1819
406	1819
3668	1819
1797	1819
3667	1819
4400	1819
3129	4066
239	4066
1126	380
4390	380
1173	380
1017	380
529	380
994	380
3930	380
1407	380
2383	2716
3855	2716
1751	2716
205	2288
4245	211
3139	211
3863	4296
945	4296
3019	4296
3855	4296
4040	3772
239	3772
473	3772
928	3772
1669	864
3077	864
1497	864
1553	864
666	81
489	81
4317	1188
3190	1316
492	3648
2701	1931
683	1931
3026	1931
558	1932
3975	956
3793	956
2756	956
2597	956
3004	1126
994	1126
3869	1126
3385	1126
4169	1227
291	1227
1070	3016
990	3016
3077	3016
684	3068
3064	3068
3064	3134
2254	2408
853	2254
3457	3494
1240	3494
2639	3494
83	3494
2265	3923
3292	3769
2262	3769
2383	167
3371	167
1491	167
3025	167
3062	167
1469	3780
684	2717
919	3613
4294	3613
1740	3613
3261	2149
3228	2149
1503	4058
3009	4058
2870	4058
2870	1503
755	3142
2505	4210
2994	3009
684	3009
2505	3009
841	3009
56	3009
1434	3009
1175	3009
239	3009
1163	3009
3376	3009
2829	3233
2231	3233
1629	3233
1247	1531
4169	812
990	812
3482	812
2982	1936
2680	1936
1362	1936
688	1936
868	1936
4187	61
159	61
3139	61
3703	512
664	2710
259	2710
3500	1023
936	551
3520	1185
1752	1185
4211	445
4418	445
684	445
489	445
2705	445
82	445
1224	445
83	325
1938	325
1869	325
4394	325
2262	2459
3026	2459
4356	2459
3139	2459
2563	2459
3396	2459
4317	2459
3139	3593
807	2528
3139	2528
4076	2528
1338	2528
1976	3975
425	3975
2252	3975
3264	3975
4423	3975
1876	3975
990	3975
83	3975
2281	3975
3001	3975
1869	3975
2563	2220
337	3466
1445	2270
269	1070
1039	3922
3351	1976
83	425
1247	2265
3524	2265
3245	2265
2059	2265
1144	2265
3535	2265
4231	2265
1013	2265
1553	2265
3019	2265
4133	2265
1179	2265
2055	2265
2743	2265
3620	2265
711	2265
3524	1247
3481	1247
1037	1247
2852	1247
4001	1247
2607	1247
259	1247
3400	1247
2044	1247
2945	1247
3793	4123
846	4123
461	3421
2387	3421
2602	3421
4252	3421
1924	588
3127	588
2463	588
3129	588
2231	588
2852	588
875	588
761	588
1241	2195
1568	2195
3590	2195
1505	2477
558	2477
4360	2477
4187	275
3753	275
4036	275
3026	1812
1008	1812
4342	1812
900	401
683	401
3026	401
1848	401
3382	401
68	564
3196	564
683	564
3026	564
1364	4354
945	936
1055	936
1974	936
557	936
560	936
606	936
650	936
1039	936
1101	936
1151	936
1320	936
1575	936
1602	936
1848	936
2004	936
2725	936
259	96
4423	2565
4073	4322
2680	2008
1479	2008
994	2821
3117	2821
499	2821
558	1546
340	1546
3855	269
147	1899
1497	1899
2472	1899
1164	313
1128	313
147	313
1497	313
1670	313
2680	4137
2435	2057
804	2057
3422	2057
945	2057
2803	2057
3905	2057
2505	4245
2474	4245
1175	4245
291	1781
3482	1781
900	3995
1121	674
1505	674
2705	674
1731	674
1881	674
3753	1432
1054	1432
4139	1432
1144	4224
1876	4224
4395	4224
259	3470
666	3477
3601	3477
2074	3477
994	3477
2127	3477
1637	3477
3508	4243
3026	2701
900	2740
683	2740
3026	2740
2291	2740
769	1469
83	235
1869	235
2849	4283
4423	4156
3139	2435
2474	1494
3347	1494
3708	1213
2436	3971
4030	3971
3930	3971
4380	4046
3026	2452
2422	1461
1654	2559
3300	2559
3329	2559
1995	3603
1732	4131
1131	2460
3064	2906
1859	315
3127	2829
2463	2829
4133	2829
2387	2829
2852	2675
990	901
3090	1604
3591	1604
2066	1572
3400	2210
1598	4169
1175	4169
994	4169
3139	4169
107	4169
1830	4169
1629	1873
4346	1873
147	3264
990	3264
4018	3264
3001	3264
1989	3245
2436	3245
3895	3245
1022	1924
3127	1924
2463	1924
2852	1924
875	1924
489	4211
1194	4211
2227	4211
1224	4211
2267	819
528	819
291	4424
1598	3119
3292	3119
7	1859
2159	1040
3026	1040
1848	1040
3139	1562
159	4248
2982	986
4121	986
1598	2994
3139	2994
3004	1989
3139	1989
798	1989
2525	1989
813	2422
3601	2422
813	1657
1133	1657
1827	1657
946	2742
2676	2742
489	4418
2505	4187
841	4187
2676	4187
4070	4187
684	3753
2231	3753
569	3753
3064	3753
1669	684
1022	684
1491	684
489	684
2676	684
2597	684
569	684
82	684
1705	684
4036	684
2676	1669
766	1669
4417	1669
4036	1669
2146	1022
1625	1022
3064	1022
1774	3549
794	1146
3945	1146
3658	3602
3748	2747
2597	1714
664	2383
4076	2383
1252	813
2231	813
879	813
2677	2505
2367	2505
841	2677
3292	1241
1398	1241
3292	2202
2367	841
3351	841
4445	841
3482	841
2262	3292
1528	3292
3139	3292
3741	3292
3181	3292
3396	3292
3328	2367
147	4433
1497	4433
4325	4433
1251	2493
3271	4219
1505	2120
1136	2120
1252	537
1974	1911
1054	1261
4161	882
3482	2474
338	63
1039	63
1144	440
1967	440
1808	440
1301	2267
528	2267
3689	2267
3019	2267
1497	308
687	2077
3808	2077
274	1204
2238	1204
990	661
3287	661
337	1301
1505	1301
2545	1301
1739	337
1362	337
1823	2844
65	1002
29	3863
218	3863
155	3863
3198	3863
423	3863
3318	3863
1521	3863
761	3347
87	3959
1761	3701
1505	98
3206	891
1690	891
807	1980
807	877
1646	877
1551	877
3117	3657
1848	3657
2075	807
1731	807
2323	3821
39	3647
853	3647
4394	3647
4096	3934
3517	3934
147	1426
1505	461
3924	461
568	2548
568	3261
924	3261
900	2262
683	2262
916	2262
3026	2262
209	2262
1848	2262
1967	2262
4317	2262
3793	1654
568	1654
1252	1654
1505	1654
846	1654
3117	95
158	4423
1611	3793
683	900
569	3950
2227	3950
3490	3143
1553	3143
4049	3143
2368	3490
3708	3490
1553	3490
1415	3708
1031	3708
664	3708
994	3457
3609	3457
3785	3457
1967	2103
794	1551
666	1913
4352	3690
1164	666
4390	666
1398	666
3157	666
1692	666
3729	666
1412	666
4352	666
14	666
4122	666
3376	666
853	757
4352	757
1881	757
1343	1024
4362	2014
2597	1025
3876	1025
568	1144
1505	1144
945	1144
1054	1144
3260	1144
4390	1164
2175	1164
1398	1164
3157	1164
1692	1164
1128	1164
1362	1164
1876	1164
1173	1164
4395	1164
1017	1164
2562	1164
529	1164
994	1164
3930	1164
1412	1164
1881	1164
2605	1164
2887	1164
2175	4390
1398	4390
1412	4390
616	4390
300	4390
1412	2175
4360	2175
3157	1398
1412	1398
1637	1398
1692	3157
1412	3157
1512	3157
489	1692
1412	1692
3869	1692
3139	4259
1967	1445
472	68
209	68
2718	68
1505	1175
3139	1175
1807	3398
300	2680
82	2680
2831	2680
2433	2680
29	2323
2684	2323
282	2323
505	2323
3590	2463
2227	2463
29	1491
489	1491
2525	1491
3129	29
2525	29
3869	2704
1497	2756
3869	2756
423	730
3139	730
3309	39
4394	39
3164	528
2227	3908
1412	489
2705	489
2227	489
82	489
1224	489
1709	489
1754	489
3710	489
3689	603
3855	603
909	603
769	495
1286	1128
1876	1128
1173	1128
1017	1128
632	1128
2562	1128
529	1128
994	1128
3930	1128
1553	1128
4346	1128
2127	1128
451	1128
932	1128
1347	2362
664	2362
2127	1789
2374	1286
994	3601
1505	3601
664	3601
1138	3601
1881	758
994	568
1505	568
1347	568
2608	568
1138	568
3077	2374
156	3486
569	3486
1340	4030
3850	1520
1054	1520
3139	4110
4352	4110
2852	2123
928	4040
3017	2870
2620	2870
147	2794
1412	2794
3590	2794
562	2794
502	630
4374	630
2173	630
3782	469
2608	138
2759	3293
259	1337
711	3351
3676	1803
1017	2074
3590	147
1670	147
505	147
1031	147
4151	147
283	4081
4004	4081
4450	4081
632	3729
632	283
632	4004
232	3658
580	3658
4223	3658
2620	3658
766	2676
1267	2676
3064	2676
4036	2676
997	146
725	146
1173	1362
1017	1362
2562	1362
529	1362
994	1362
1366	1362
107	1362
1407	1362
2562	1876
994	1876
616	1876
1407	1876
2578	1876
4395	1173
2562	1173
994	1173
970	1173
1366	1173
1407	1173
2562	4395
994	4395
1505	4395
970	4395
616	4395
1407	4395
2562	1017
994	1017
1366	1017
1407	1017
1637	1017
4450	632
3590	632
2662	632
3614	632
584	3004
1212	3004
4124	584
4375	584
529	2562
994	2562
4025	2562
3930	2562
1366	2562
1731	2562
1407	2562
994	529
1366	529
1407	529
3642	529
4025	994
3930	994
1505	994
3855	994
2974	994
1366	994
107	994
1407	994
1460	994
3385	994
3930	4025
558	4025
1366	4025
997	4025
1407	4025
3642	4025
107	3930
1407	3930
14	4231
3808	687
1538	3183
2597	3129
282	3129
4325	1066
590	870
4045	870
945	804
2974	804
83	990
1086	990
4382	990
3517	990
107	990
3001	990
243	990
868	990
1797	990
2399	990
2925	990
1869	990
4223	580
558	2639
4352	2639
423	1194
4352	1568
2303	1568
2327	1568
3883	1568
3139	4279
1060	4279
3482	4074
300	1412
1848	176
2973	1252
71	1252
1688	2597
3026	2159
3006	2159
423	1570
1505	218
3894	1069
2098	4445
670	4445
1933	4445
670	2098
3855	1505
853	1505
502	1505
3400	1160
3139	1347
997	1347
3006	1347
159	1933
1967	2457
3482	2457
1638	155
219	1454
868	1454
3517	2146
945	3878
2134	3878
510	2550
2095	2550
2209	2550
3776	2550
339	123
2718	683
1848	683
1967	683
759	1823
2776	1823
2134	759
945	2800
473	239
664	239
3294	239
3376	239
1054	3590
3434	3590
1618	3590
1679	3590
1054	1013
2974	1013
4375	1013
1054	3606
1054	2242
4151	2242
664	3077
1557	3895
664	945
260	945
4076	945
1138	945
924	945
1512	945
3013	945
3642	945
2281	83
3517	83
472	83
3001	83
1797	83
3362	83
1869	83
3517	562
569	1650
1133	2231
1465	2231
3273	2231
4070	3748
1995	2852
2415	2852
1813	2852
4332	2852
348	2766
3855	4360
1315	4360
2720	4360
1869	2281
610	616
1743	4073
3198	4073
3741	4073
4048	755
4151	1054
3434	1054
3260	1054
2302	4048
3056	4121
3376	473
3054	1501
2525	4388
2525	2416
853	2705
472	1497
3741	1497
769	1497
1129	1497
1136	1497
1251	1497
1583	1497
2197	1497
2741	1497
4028	1497
4047	1497
3139	2451
962	3506
2899	3506
4045	1964
3517	1974
928	1974
2302	7
879	1553
993	3831
219	3831
4151	1670
3434	1670
3434	505
3139	2803
4298	4382
4036	4382
1909	3517
924	3517
3785	3517
3689	2746
3855	2127
4362	2127
4151	1031
3434	4151
2988	3434
3139	1999
423	3019
776	3019
3907	3019
1677	2401
776	423
1138	423
4206	423
2633	423
506	423
535	423
2734	423
2608	3855
924	3855
1210	3855
3642	3855
4166	406
3026	916
2718	916
1967	916
4317	916
209	3026
2718	3026
1848	3026
1967	3026
4317	3026
2158	9
2432	472
3006	209
2525	853
4070	853
1944	3139
2515	3139
1315	3139
2793	3139
270	3139
502	3139
510	3139
1354	3139
1797	3139
1881	3139
1946	3139
4036	3139
1950	3924
2227	664
260	664
1603	664
1138	664
3001	664
3260	664
2718	4291
4317	4291
64	688
3591	207
3894	4352
3318	3741
4436	2626
3584	2387
4252	2387
3584	2602
149	291
1808	14
3376	14
1967	2718
3591	2718
756	259
3366	259
3164	259
879	259
3907	259
2145	259
3361	259
3366	756
3164	756
75	756
3702	3105
2053	1038
3875	3062
769	2608
1237	2608
4122	2974
82	1237
2410	3400
4400	3400
1465	1731
2472	164
66	65
67	65
1131	65
2695	65
2599	65
3382	65
2415	107
1465	107
2599	107
2525	3584
2689	2227
1224	82
177	997
2271	1224
2527	621
1502	3876
3699	4308
1603	1901
2515	260
1679	260
1603	4076
1138	4076
1138	2515
1138	1603
1938	2727
2922	234
3056	3243
1521	3907
1762	3907
3612	3907
1060	2633
2194	2633
726	2633
2194	1060
726	1060
726	2194
1364	846
141	2988
2835	3124
4363	3599
2599	3318
1863	4093
541	41
3482	1774
1721	2158
4317	66
1363	199
2336	290
1077	344
2651	351
703	391
492	2733
492	456
4363	492
3718	492
1749	519
1751	519
1848	521
1601	541
1863	541
1151	576
1798	576
3529	576
4342	590
2836	606
2507	636
1575	748
3533	777
1305	794
1881	794
2228	881
3102	932
1464	966
1625	973
2868	1039
2228	1075
3260	1120
3964	1133
2833	1197
4252	1212
2080	1335
1848	1343
3010	1343
4358	1361
1547	1521
1938	1521
4189	1521
373	1521
3637	1521
1555	1521
2689	1535
3612	1547
4189	1547
373	1547
3637	1547
1555	1547
3328	1550
3260	1601
1869	1776
3945	1797
1869	1797
1830	1816
2630	1827
2023	1848
4342	1848
4317	1848
3667	1872
3482	1922
3612	1938
3006	1967
3382	1967
4342	1967
4317	1967
4342	3612
373	3612
3637	3612
1555	3612
3449	2095
2833	2133
3482	2352
1869	2399
2570	2481
2547	2481
3482	2567
2768	2664
3236	2732
3720	2734
3482	2835
3210	2836
1869	2925
4358	3087
4436	3087
3840	3482
3642	3500
4045	3568
3812	3702
3720	3719
4317	4342
3260	3955
