0	374
0	391
5	20
5	724
6	441
6	858
7	37
7	42
7	98
7	148
7	202
7	204
7	215
7	274
7	289
7	468
7	490
7	492
7	538
7	653
7	673
7	705
7	820
7	851
7	874
14	418
14	490
14	604
14	620
14	622
14	667
14	851
15	620
16	315
16	625
18	29
18	38
18	58
18	65
18	78
18	87
18	98
18	126
18	133
18	182
18	187
18	207
18	335
18	406
18	456
18	525
18	534
18	548
18	560
18	592
18	649
18	662
18	698
18	786
18	841
18	856
18	865
18	887
18	888
20	724
21	819
22	39
22	117
22	195
22	249
22	336
22	408
22	551
22	606
22	813
29	37
29	38
29	42
29	58
29	65
29	78
29	83
29	98
29	114
29	126
29	187
29	202
29	207
29	237
29	274
29	289
29	295
29	300
29	306
29	325
29	335
29	375
29	378
29	381
29	468
29	490
29	492
29	513
29	534
29	538
29	548
29	560
29	587
29	609
29	610
29	622
29	649
29	650
29	653
29	658
29	662
29	667
29	670
29	698
29	705
29	820
29	841
29	843
29	851
29	888
31	670
31	837
31	853
33	37
33	59
33	114
33	196
33	237
33	274
33	282
33	283
33	295
33	306
33	375
33	486
33	490
33	513
33	609
33	610
33	622
33	658
33	685
33	728
33	750
37	38
37	51
37	58
37	59
37	83
37	114
37	136
37	196
37	202
37	215
37	237
37	274
37	282
37	283
37	295
37	306
37	375
37	381
37	468
37	490
37	492
37	513
37	529
37	538
37	609
37	610
37	622
37	658
37	667
37	670
37	685
37	695
37	698
37	705
37	728
37	760
37	851
37	857
37	861
38	58
38	65
38	78
38	83
38	98
38	114
38	126
38	136
38	182
38	202
38	237
38	274
38	282
38	289
38	335
38	375
38	381
38	468
38	490
38	492
38	513
38	538
38	587
38	592
38	609
38	610
38	622
38	658
38	662
38	667
38	670
38	685
38	698
38	705
38	741
38	833
38	843
38	851
38	856
39	117
39	195
39	249
39	321
39	336
39	408
39	551
39	666
39	790
39	813
40	532
40	721
40	891
41	408
42	148
42	204
42	653
42	673
42	820
42	833
42	860
42	874
44	274
44	383
44	587
45	785
47	85
47	89
47	170
47	186
47	199
47	209
47	360
47	449
47	511
47	531
47	607
47	616
47	638
47	657
47	678
47	718
47	787
49	322
51	98
51	142
51	215
51	289
51	492
51	538
51	642
51	662
51	670
51	683
51	751
51	808
51	843
51	851
51	861
52	860
54	158
54	288
54	327
54	445
54	462
54	480
54	508
54	520
54	717
54	744
54	781
54	797
54	817
54	818
54	866
54	884
54	897
54	899
55	863
56	579
56	805
56	838
57	497
58	65
58	83
58	98
58	114
58	126
58	196
58	202
58	207
58	237
58	282
58	283
58	295
58	306
58	331
58	335
58	357
58	378
58	468
58	490
58	492
58	513
58	538
58	560
58	587
58	592
58	609
58	620
58	622
58	650
58	658
58	667
58	685
58	698
58	705
58	708
58	728
58	750
58	786
58	833
58	843
58	865
59	83
59	114
59	202
59	237
59	274
59	282
59	295
59	301
59	306
59	375
59	381
59	490
59	513
59	609
59	610
59	658
59	667
59	685
59	705
60	868
61	354
62	491
62	770
65	98
65	126
65	207
65	406
65	492
65	507
65	649
65	698
65	705
65	708
65	856
65	865
65	888
66	140
66	163
66	189
66	190
66	303
66	333
66	350
66	376
66	487
66	488
66	493
66	510
66	654
66	656
66	730
66	737
66	789
68	210
68	400
68	497
69	150
69	293
69	411
70	85
70	170
70	186
70	607
70	638
70	657
70	678
70	718
71	368
71	850
75	335
77	228
77	512
77	670
77	683
77	694
77	837
78	98
78	126
78	133
78	182
78	406
78	492
78	534
78	554
78	560
78	662
78	670
78	698
78	856
78	888
81	86
81	276
81	519
81	648
83	98
83	114
83	126
83	196
83	202
83	237
83	274
83	282
83	283
83	289
83	295
83	301
83	306
83	375
83	378
83	381
83	468
83	490
83	513
83	538
83	552
83	587
83	609
83	610
83	622
83	658
83	667
83	685
83	698
83	705
83	728
83	729
83	844
83	861
85	89
85	170
85	186
85	209
85	360
85	449
85	511
85	531
85	581
85	607
85	616
85	638
85	657
85	678
85	704
85	718
85	787
86	276
86	519
86	648
87	98
87	126
87	187
87	207
87	335
87	406
87	451
87	456
87	492
87	525
87	534
87	548
87	560
87	649
87	698
87	786
87	841
87	856
87	865
87	887
87	888
89	170
89	186
89	199
89	209
89	360
89	449
89	511
89	531
89	581
89	607
89	616
89	638
89	657
89	678
89	718
89	787
90	150
90	228
90	246
90	495
90	545
90	584
90	706
90	740
90	837
92	185
92	387
92	389
92	791
92	828
93	602
95	164
95	241
95	260
95	307
96	259
98	114
98	126
98	142
98	182
98	187
98	207
98	215
98	282
98	300
98	335
98	406
98	456
98	468
98	492
98	525
98	534
98	538
98	548
98	554
98	560
98	622
98	649
98	662
98	670
98	673
98	683
98	685
98	698
98	814
98	841
98	843
98	851
98	856
98	887
98	888
101	851
102	453
104	550
105	163
105	488
105	730
106	455
107	116
107	349
107	880
112	196
114	196
114	202
114	237
114	248
114	274
114	282
114	283
114	289
114	295
114	300
114	301
114	306
114	323
114	375
114	378
114	381
114	468
114	490
114	492
114	513
114	538
114	587
114	609
114	610
114	622
114	658
114	667
114	685
114	705
114	728
114	750
114	833
114	843
114	861
115	154
115	621
115	677
116	880
117	195
117	336
117	408
117	551
117	666
117	813
118	474
119	208
120	337
120	347
120	392
120	747
120	768
120	898
121	290
121	294
124	312
124	498
124	810
125	171
125	245
125	425
125	726
126	182
126	187
126	207
126	335
126	406
126	456
126	492
126	525
126	534
126	548
126	560
126	649
126	662
126	698
126	814
126	841
126	856
126	888
132	396
132	554
132	674
134	399
136	196
136	202
136	215
136	237
136	274
136	295
136	306
136	381
136	490
136	492
136	513
136	529
136	538
136	587
136	609
136	610
136	622
136	658
136	667
136	670
136	683
136	685
136	705
136	728
136	751
136	760
136	851
136	857
139	233
140	163
140	189
140	190
140	235
140	303
140	333
140	350
140	376
140	487
140	488
140	510
140	654
140	656
140	730
140	737
140	789
142	147
142	215
142	228
142	289
142	338
142	512
142	529
142	538
142	574
142	642
142	662
142	670
142	683
142	728
142	751
142	808
142	837
142	843
143	671
146	707
147	215
147	228
147	495
147	529
147	642
147	670
147	683
147	808
148	653
148	673
148	874
150	228
150	246
150	282
150	293
150	295
150	338
150	495
150	529
150	538
150	694
150	706
150	740
150	837
150	861
154	621
154	677
158	462
158	480
158	717
158	817
158	818
158	866
158	884
158	897
160	367
160	371
160	636
160	661
160	664
160	862
162	667
163	189
163	190
163	303
163	333
163	350
163	376
163	487
163	488
163	510
163	654
163	656
163	730
163	737
163	789
164	241
164	260
164	307
164	319
164	812
167	304
167	315
167	781
167	812
170	186
170	199
170	209
170	360
170	449
170	511
170	531
170	581
170	607
170	616
170	638
170	657
170	678
170	718
170	725
170	787
171	245
171	425
171	726
172	321
172	408
172	551
173	224
173	482
175	433
178	772
180	896
182	406
182	492
182	525
182	698
182	741
182	841
182	856
182	888
183	346
183	497
183	517
183	575
183	643
183	711
185	387
185	389
185	791
185	828
186	199
186	209
186	360
186	449
186	511
186	531
186	581
186	607
186	616
186	638
186	657
186	678
186	718
186	725
186	787
187	207
187	227
187	335
187	406
187	451
187	456
187	525
187	534
187	548
187	560
187	649
187	698
187	786
187	841
187	856
187	865
187	887
187	888
188	273
189	190
189	303
189	333
189	350
189	376
189	487
189	488
189	510
189	654
189	656
189	730
189	737
189	789
190	303
190	333
190	350
190	376
190	487
190	488
190	510
190	654
190	656
190	730
190	737
190	789
195	249
195	336
195	408
195	551
195	813
196	202
196	237
196	274
196	282
196	289
196	295
196	375
196	468
196	490
196	513
196	538
196	587
196	609
196	610
196	622
196	658
196	667
196	685
196	728
196	843
196	857
196	861
199	511
199	607
199	616
199	638
199	678
201	300
201	408
202	274
202	282
202	289
202	295
202	301
202	306
202	375
202	381
202	383
202	468
202	490
202	513
202	538
202	552
202	587
202	609
202	610
202	622
202	658
202	667
202	685
202	705
202	843
202	857
202	861
204	653
204	673
204	820
204	874
205	286
207	309
207	335
207	406
207	451
207	456
207	492
207	525
207	534
207	548
207	560
207	649
207	698
207	786
207	841
207	856
207	865
207	887
207	888
208	876
209	360
209	449
209	511
209	531
209	607
209	616
209	638
209	678
209	718
209	725
209	787
210	400
210	497
212	351
212	526
212	629
215	228
215	282
215	289
215	492
215	495
215	529
215	538
215	554
215	560
215	574
215	642
215	662
215	667
215	670
215	683
215	694
215	808
215	837
215	843
215	851
215	857
220	767
222	243
222	385
222	484
222	637
224	482
226	282
226	383
226	492
226	622
226	861
226	882
227	649
227	841
228	246
228	282
228	338
228	383
228	495
228	512
228	529
228	538
228	574
228	584
228	597
228	642
228	670
228	683
228	694
228	706
228	740
228	808
228	837
228	843
228	851
228	861
230	647
235	303
235	789
237	274
237	282
237	289
237	295
237	306
237	375
237	381
237	468
237	490
237	492
237	513
237	538
237	552
237	587
237	609
237	610
237	622
237	658
237	667
237	685
237	705
237	728
237	750
237	851
237	861
238	424
240	498
241	260
241	307
243	312
243	490
243	609
245	726
246	495
246	529
246	545
246	584
246	642
246	670
246	694
246	740
246	837
248	552
248	605
248	658
249	408
250	371
251	535
253	342
253	681
254	280
255	286
255	300
255	349
256	433
260	307
261	431
262	544
265	312
266	735
269	312
269	498
269	555
272	716
274	282
274	283
274	289
274	295
274	301
274	306
274	375
274	381
274	383
274	468
274	490
274	492
274	513
274	538
274	552
274	587
274	592
274	609
274	610
274	622
274	658
274	667
274	685
274	705
274	728
274	729
274	750
274	760
274	844
274	851
274	857
274	861
276	304
276	516
276	519
276	648
276	812
280	335
280	625
280	782
282	283
282	289
282	295
282	306
282	323
282	338
282	375
282	381
282	383
282	468
282	490
282	513
282	538
282	552
282	584
282	592
282	609
282	610
282	622
282	658
282	667
282	685
282	694
282	698
282	837
282	857
282	861
283	289
283	295
283	357
283	381
283	490
283	513
283	609
283	622
283	658
283	667
283	685
283	861
286	349
286	437
286	468
286	554
288	327
288	744
288	897
289	295
289	306
289	338
289	375
289	381
289	468
289	490
289	492
289	513
289	529
289	538
289	604
289	609
289	610
289	620
289	622
289	658
289	667
289	670
289	685
289	698
289	705
289	728
289	751
289	760
289	837
289	851
289	857
289	861
290	294
291	580
293	411
293	538
293	658
295	301
295	306
295	375
295	378
295	381
295	383
295	468
295	490
295	492
295	512
295	513
295	529
295	538
295	584
295	587
295	597
295	609
295	610
295	622
295	658
295	667
295	685
295	694
295	705
295	728
295	729
295	750
295	837
295	851
295	857
295	861
300	348
300	408
300	468
300	492
300	560
300	698
300	814
300	843
301	375
301	490
301	513
301	609
301	667
301	705
301	750
303	333
303	350
303	376
303	487
303	488
303	493
303	510
303	654
303	656
303	730
303	737
303	789
304	516
304	812
306	375
306	378
306	381
306	468
306	490
306	495
306	513
306	538
306	587
306	597
306	610
306	622
306	658
306	667
306	670
306	685
306	705
306	750
306	837
306	843
306	851
306	861
309	406
309	548
312	428
312	498
312	555
312	784
313	613
313	769
321	408
321	551
321	877
322	816
323	490
323	513
325	670
325	708
327	744
327	897
330	561
330	630
330	703
331	672
332	578
332	807
332	860
333	350
333	376
333	487
333	488
333	493
333	510
333	654
333	656
333	730
333	737
333	789
335	406
335	456
335	492
335	548
335	560
335	649
335	662
335	670
335	698
335	841
335	856
335	888
336	408
336	551
336	666
336	813
337	347
337	392
337	747
337	768
338	495
338	529
338	538
338	642
338	670
338	683
338	694
338	706
338	740
338	808
338	837
338	843
338	861
342	681
346	381
346	497
346	517
346	575
346	610
346	643
346	711
346	792
347	392
347	747
347	768
347	898
349	460
349	468
350	376
350	487
350	488
350	510
350	654
350	656
350	730
350	789
351	526
351	629
360	449
360	511
360	531
360	581
360	607
360	616
360	657
360	678
360	718
365	555
367	387
367	398
367	661
367	664
367	862
368	850
371	636
371	664
374	391
374	898
375	381
375	468
375	490
375	513
375	538
375	587
375	609
375	610
375	622
375	658
375	667
375	685
375	705
375	750
375	851
375	857
375	861
376	487
376	488
376	510
376	654
376	656
376	730
376	737
376	789
377	514
378	468
378	490
378	513
378	587
378	667
378	705
378	750
381	468
381	490
381	492
381	513
381	517
381	538
381	609
381	610
381	622
381	658
381	667
381	685
381	705
381	851
381	857
383	492
383	513
383	538
383	592
383	658
383	670
383	685
383	740
383	837
383	851
383	861
383	898
385	484
385	555
387	389
387	791
387	828
389	791
389	828
391	709
392	747
392	768
393	495
393	706
393	740
393	837
396	554
398	664
398	862
400	497
402	433
404	817
404	866
404	897
406	451
406	456
406	492
406	525
406	534
406	548
406	560
406	649
406	698
406	786
406	841
406	856
406	887
406	888
408	551
408	666
408	790
408	813
414	695
418	604
418	620
418	803
425	726
428	784
439	693
441	858
445	508
445	520
445	781
445	797
445	884
445	897
445	899
447	759
449	511
449	531
449	581
449	607
449	616
449	638
449	657
449	678
449	718
449	787
451	456
451	548
451	649
456	534
456	548
456	560
456	649
456	698
456	841
456	856
456	887
456	888
457	846
462	480
462	717
462	817
462	818
462	866
462	884
462	897
468	490
468	492
468	513
468	538
468	552
468	554
468	560
468	587
468	609
468	610
468	615
468	622
468	650
468	658
468	667
468	685
468	705
468	833
468	843
468	845
468	851
471	528
473	752
476	764
480	717
480	817
480	818
480	866
480	884
480	897
487	488
487	510
487	654
487	656
487	730
487	737
487	789
488	510
488	654
488	656
488	730
488	737
488	789
490	492
490	513
490	538
490	560
490	587
490	609
490	610
490	622
490	649
490	650
490	658
490	667
490	685
490	698
490	705
490	728
490	729
490	750
490	843
490	857
490	865
490	898
491	770
492	538
492	552
492	554
492	560
492	592
492	609
492	620
492	622
492	649
492	650
492	662
492	667
492	670
492	685
492	698
492	705
492	760
492	833
492	843
492	851
492	856
492	857
492	888
495	529
495	538
495	597
495	642
495	670
495	683
495	694
495	706
495	740
495	808
495	837
495	843
495	851
495	861
497	517
497	575
497	610
497	643
497	711
497	792
498	637
501	793
504	614
507	705
507	708
507	865
508	520
508	781
508	797
508	884
508	897
508	899
510	654
510	656
510	730
510	737
510	789
511	531
511	581
511	607
511	616
511	638
511	657
511	678
511	718
512	529
512	538
512	574
512	642
512	670
512	683
512	808
512	837
512	843
513	538
513	587
513	597
513	609
513	610
513	615
513	622
513	658
513	667
513	685
513	698
513	705
513	728
513	729
513	750
513	844
513	851
513	857
513	861
516	648
516	812
517	575
517	643
517	711
519	648
520	781
520	797
520	884
520	897
520	899
522	665
525	534
525	548
525	560
525	649
525	698
525	841
525	888
526	629
529	538
529	574
529	670
529	683
529	694
529	740
529	837
529	843
529	851
531	581
531	607
531	616
531	638
531	657
531	678
531	718
531	787
532	721
532	891
534	548
534	560
534	649
534	698
534	841
534	856
534	887
534	888
538	604
538	609
538	610
538	622
538	658
538	667
538	670
538	683
538	685
538	695
538	698
538	705
538	728
538	751
538	760
538	808
538	837
538	843
538	851
538	857
538	861
541	756
545	584
545	740
545	837
548	560
548	649
548	698
548	786
548	841
548	856
548	865
548	885
548	887
548	888
551	666
551	790
551	813
552	610
552	622
552	667
552	685
552	695
552	851
552	861
554	560
554	662
554	670
554	674
555	637
560	610
560	649
560	662
560	670
560	698
560	814
560	841
560	856
560	887
560	888
561	630
561	703
565	764
574	642
574	670
574	683
574	837
575	610
575	643
575	711
576	587
578	807
578	860
579	805
579	838
581	607
581	616
581	638
581	657
581	678
581	718
584	740
584	837
584	861
587	609
587	610
587	622
587	658
587	667
587	685
587	698
587	705
587	728
587	857
587	861
592	650
592	658
592	708
592	773
592	861
597	609
604	620
604	670
604	705
604	843
604	851
607	616
607	638
607	657
607	678
607	718
607	725
607	787
609	610
609	622
609	658
609	667
609	685
609	705
609	728
609	750
609	851
609	857
610	622
610	643
610	658
610	667
610	670
610	685
610	698
610	705
610	728
610	750
610	751
610	843
610	851
610	857
610	861
615	622
616	638
616	657
616	678
616	704
616	718
620	851
621	677
622	658
622	667
622	670
622	685
622	698
622	705
622	728
622	750
622	760
622	851
622	857
622	861
625	782
630	703
636	664
638	657
638	678
638	718
638	725
638	787
642	662
642	670
642	683
642	694
642	808
642	837
643	803
644	668
644	743
646	756
649	698
649	786
649	841
649	856
649	865
649	887
649	888
650	898
653	673
653	820
653	833
653	874
654	656
654	730
654	789
656	730
656	737
656	789
657	678
657	718
658	667
658	685
658	698
658	705
658	728
658	729
658	750
658	851
658	857
661	664
661	862
662	670
662	683
662	698
662	751
662	808
662	841
664	862
666	813
667	670
667	685
667	705
667	728
667	729
667	750
667	751
667	837
667	843
667	851
667	857
667	861
668	743
670	683
670	685
670	694
670	698
670	751
670	760
670	808
670	837
670	843
670	851
670	857
672	825
673	820
673	874
678	718
678	725
678	787
680	784
682	834
683	694
683	751
683	808
683	837
683	843
683	851
683	857
685	705
685	728
685	750
685	760
685	844
685	851
685	857
685	861
685	882
694	706
694	808
694	837
698	705
698	814
698	833
698	841
698	851
698	856
698	887
698	888
705	728
705	750
705	843
705	851
706	740
706	837
708	773
708	786
708	865
711	792
717	817
717	818
717	866
717	884
717	897
718	725
718	787
721	891
728	760
728	843
728	861
730	737
730	789
737	789
740	837
740	843
740	861
744	897
747	768
751	808
751	843
751	851
760	844
760	851
781	797
781	812
781	884
781	897
781	899
786	841
786	865
791	828
797	884
797	897
797	899
805	838
807	860
808	837
808	843
808	851
814	841
814	887
817	818
817	866
817	884
817	897
818	866
818	884
818	897
820	874
837	843
837	851
837	861
837	882
841	856
841	865
841	887
841	888
843	851
843	861
843	882
844	861
851	857
856	885
856	887
856	888
857	882
864	871
865	888
866	884
866	897
884	897
884	899
887	888
897	899
374	0
391	0
20	5
724	5
441	6
858	6
37	7
42	7
98	7
148	7
202	7
204	7
215	7
274	7
289	7
468	7
490	7
492	7
538	7
653	7
673	7
705	7
820	7
851	7
874	7
418	14
490	14
604	14
620	14
622	14
667	14
851	14
620	15
315	16
625	16
29	18
38	18
58	18
65	18
78	18
87	18
98	18
126	18
133	18
182	18
187	18
207	18
335	18
406	18
456	18
525	18
534	18
548	18
560	18
592	18
649	18
662	18
698	18
786	18
841	18
856	18
865	18
887	18
888	18
724	20
819	21
39	22
117	22
195	22
249	22
336	22
408	22
551	22
606	22
813	22
37	29
38	29
42	29
58	29
65	29
78	29
83	29
98	29
114	29
126	29
187	29
202	29
207	29
237	29
274	29
289	29
295	29
300	29
306	29
325	29
335	29
375	29
378	29
381	29
468	29
490	29
492	29
513	29
534	29
538	29
548	29
560	29
587	29
609	29
610	29
622	29
649	29
650	29
653	29
658	29
662	29
667	29
670	29
698	29
705	29
820	29
841	29
843	29
851	29
888	29
670	31
837	31
853	31
37	33
59	33
114	33
196	33
237	33
274	33
282	33
283	33
295	33
306	33
375	33
486	33
490	33
513	33
609	33
610	33
622	33
658	33
685	33
728	33
750	33
38	37
51	37
58	37
59	37
83	37
114	37
136	37
196	37
202	37
215	37
237	37
274	37
282	37
283	37
295	37
306	37
375	37
381	37
468	37
490	37
492	37
513	37
529	37
538	37
609	37
610	37
622	37
658	37
667	37
670	37
685	37
695	37
698	37
705	37
728	37
760	37
851	37
857	37
861	37
58	38
65	38
78	38
83	38
98	38
114	38
126	38
136	38
182	38
202	38
237	38
274	38
282	38
289	38
335	38
375	38
381	38
468	38
490	38
492	38
513	38
538	38
587	38
592	38
609	38
610	38
622	38
658	38
662	38
667	38
670	38
685	38
698	38
705	38
741	38
833	38
843	38
851	38
856	38
117	39
195	39
249	39
321	39
336	39
408	39
551	39
666	39
790	39
813	39
532	40
721	40
891	40
408	41
148	42
204	42
653	42
673	42
820	42
833	42
860	42
874	42
274	44
383	44
587	44
785	45
85	47
89	47
170	47
186	47
199	47
209	47
360	47
449	47
511	47
531	47
607	47
616	47
638	47
657	47
678	47
718	47
787	47
322	49
98	51
142	51
215	51
289	51
492	51
538	51
642	51
662	51
670	51
683	51
751	51
808	51
843	51
851	51
861	51
860	52
158	54
288	54
327	54
445	54
462	54
480	54
508	54
520	54
717	54
744	54
781	54
797	54
817	54
818	54
866	54
884	54
897	54
899	54
863	55
579	56
805	56
838	56
497	57
65	58
83	58
98	58
114	58
126	58
196	58
202	58
207	58
237	58
282	58
283	58
295	58
306	58
331	58
335	58
357	58
378	58
468	58
490	58
492	58
513	58
538	58
560	58
587	58
592	58
609	58
620	58
622	58
650	58
658	58
667	58
685	58
698	58
705	58
708	58
728	58
750	58
786	58
833	58
843	58
865	58
83	59
114	59
202	59
237	59
274	59
282	59
295	59
301	59
306	59
375	59
381	59
490	59
513	59
609	59
610	59
658	59
667	59
685	59
705	59
868	60
354	61
491	62
770	62
98	65
126	65
207	65
406	65
492	65
507	65
649	65
698	65
705	65
708	65
856	65
865	65
888	65
140	66
163	66
189	66
190	66
303	66
333	66
350	66
376	66
487	66
488	66
493	66
510	66
654	66
656	66
730	66
737	66
789	66
210	68
400	68
497	68
150	69
293	69
411	69
85	70
170	70
186	70
607	70
638	70
657	70
678	70
718	70
368	71
850	71
335	75
228	77
512	77
670	77
683	77
694	77
837	77
98	78
126	78
133	78
182	78
406	78
492	78
534	78
554	78
560	78
662	78
670	78
698	78
856	78
888	78
86	81
276	81
519	81
648	81
98	83
114	83
126	83
196	83
202	83
237	83
274	83
282	83
283	83
289	83
295	83
301	83
306	83
375	83
378	83
381	83
468	83
490	83
513	83
538	83
552	83
587	83
609	83
610	83
622	83
658	83
667	83
685	83
698	83
705	83
728	83
729	83
844	83
861	83
89	85
170	85
186	85
209	85
360	85
449	85
511	85
531	85
581	85
607	85
616	85
638	85
657	85
678	85
704	85
718	85
787	85
276	86
519	86
648	86
98	87
126	87
187	87
207	87
335	87
406	87
451	87
456	87
492	87
525	87
534	87
548	87
560	87
649	87
698	87
786	87
841	87
856	87
865	87
887	87
888	87
170	89
186	89
199	89
209	89
360	89
449	89
511	89
531	89
581	89
607	89
616	89
638	89
657	89
678	89
718	89
787	89
150	90
228	90
246	90
495	90
545	90
584	90
706	90
740	90
837	90
185	92
387	92
389	92
791	92
828	92
602	93
164	95
241	95
260	95
307	95
259	96
114	98
126	98
142	98
182	98
187	98
207	98
215	98
282	98
300	98
335	98
406	98
456	98
468	98
492	98
525	98
534	98
538	98
548	98
554	98
560	98
622	98
649	98
662	98
670	98
673	98
683	98
685	98
698	98
814	98
841	98
843	98
851	98
856	98
887	98
888	98
851	101
453	102
550	104
163	105
488	105
730	105
455	106
116	107
349	107
880	107
196	112
196	114
202	114
237	114
248	114
274	114
282	114
283	114
289	114
295	114
300	114
301	114
306	114
323	114
375	114
378	114
381	114
468	114
490	114
492	114
513	114
538	114
587	114
609	114
610	114
622	114
658	114
667	114
685	114
705	114
728	114
750	114
833	114
843	114
861	114
154	115
621	115
677	115
880	116
195	117
336	117
408	117
551	117
666	117
813	117
474	118
208	119
337	120
347	120
392	120
747	120
768	120
898	120
290	121
294	121
312	124
498	124
810	124
171	125
245	125
425	125
726	125
182	126
187	126
207	126
335	126
406	126
456	126
492	126
525	126
534	126
548	126
560	126
649	126
662	126
698	126
814	126
841	126
856	126
888	126
396	132
554	132
674	132
399	134
196	136
202	136
215	136
237	136
274	136
295	136
306	136
381	136
490	136
492	136
513	136
529	136
538	136
587	136
609	136
610	136
622	136
658	136
667	136
670	136
683	136
685	136
705	136
728	136
751	136
760	136
851	136
857	136
233	139
163	140
189	140
190	140
235	140
303	140
333	140
350	140
376	140
487	140
488	140
510	140
654	140
656	140
730	140
737	140
789	140
147	142
215	142
228	142
289	142
338	142
512	142
529	142
538	142
574	142
642	142
662	142
670	142
683	142
728	142
751	142
808	142
837	142
843	142
671	143
707	146
215	147
228	147
495	147
529	147
642	147
670	147
683	147
808	147
653	148
673	148
874	148
228	150
246	150
282	150
293	150
295	150
338	150
495	150
529	150
538	150
694	150
706	150
740	150
837	150
861	150
621	154
677	154
462	158
480	158
717	158
817	158
818	158
866	158
884	158
897	158
367	160
371	160
636	160
661	160
664	160
862	160
667	162
189	163
190	163
303	163
333	163
350	163
376	163
487	163
488	163
510	163
654	163
656	163
730	163
737	163
789	163
241	164
260	164
307	164
319	164
812	164
304	167
315	167
781	167
812	167
186	170
199	170
209	170
360	170
449	170
511	170
531	170
581	170
607	170
616	170
638	170
657	170
678	170
718	170
725	170
787	170
245	171
425	171
726	171
321	172
408	172
551	172
224	173
482	173
433	175
772	178
896	180
406	182
492	182
525	182
698	182
741	182
841	182
856	182
888	182
346	183
497	183
517	183
575	183
643	183
711	183
387	185
389	185
791	185
828	185
199	186
209	186
360	186
449	186
511	186
531	186
581	186
607	186
616	186
638	186
657	186
678	186
718	186
725	186
787	186
207	187
227	187
335	187
406	187
451	187
456	187
525	187
534	187
548	187
560	187
649	187
698	187
786	187
841	187
856	187
865	187
887	187
888	187
273	188
190	189
303	189
333	189
350	189
376	189
487	189
488	189
510	189
654	189
656	189
730	189
737	189
789	189
303	190
333	190
350	190
376	190
487	190
488	190
510	190
654	190
656	190
730	190
737	190
789	190
249	195
336	195
408	195
551	195
813	195
202	196
237	196
274	196
282	196
289	196
295	196
375	196
468	196
490	196
513	196
538	196
587	196
609	196
610	196
622	196
658	196
667	196
685	196
728	196
843	196
857	196
861	196
511	199
607	199
616	199
638	199
678	199
300	201
408	201
274	202
282	202
289	202
295	202
301	202
306	202
375	202
381	202
383	202
468	202
490	202
513	202
538	202
552	202
587	202
609	202
610	202
622	202
658	202
667	202
685	202
705	202
843	202
857	202
861	202
653	204
673	204
820	204
874	204
286	205
309	207
335	207
406	207
451	207
456	207
492	207
525	207
534	207
548	207
560	207
649	207
698	207
786	207
841	207
856	207
865	207
887	207
888	207
876	208
360	209
449	209
511	209
531	209
607	209
616	209
638	209
678	209
718	209
725	209
787	209
400	210
497	210
351	212
526	212
629	212
228	215
282	215
289	215
492	215
495	215
529	215
538	215
554	215
560	215
574	215
642	215
662	215
667	215
670	215
683	215
694	215
808	215
837	215
843	215
851	215
857	215
767	220
243	222
385	222
484	222
637	222
482	224
282	226
383	226
492	226
622	226
861	226
882	226
649	227
841	227
246	228
282	228
338	228
383	228
495	228
512	228
529	228
538	228
574	228
584	228
597	228
642	228
670	228
683	228
694	228
706	228
740	228
808	228
837	228
843	228
851	228
861	228
647	230
303	235
789	235
274	237
282	237
289	237
295	237
306	237
375	237
381	237
468	237
490	237
492	237
513	237
538	237
552	237
587	237
609	237
610	237
622	237
658	237
667	237
685	237
705	237
728	237
750	237
851	237
861	237
424	238
498	240
260	241
307	241
312	243
490	243
609	243
726	245
495	246
529	246
545	246
584	246
642	246
670	246
694	246
740	246
837	246
552	248
605	248
658	248
408	249
371	250
535	251
342	253
681	253
280	254
286	255
300	255
349	255
433	256
307	260
431	261
544	262
312	265
735	266
312	269
498	269
555	269
716	272
282	274
283	274
289	274
295	274
301	274
306	274
375	274
381	274
383	274
468	274
490	274
492	274
513	274
538	274
552	274
587	274
592	274
609	274
610	274
622	274
658	274
667	274
685	274
705	274
728	274
729	274
750	274
760	274
844	274
851	274
857	274
861	274
304	276
516	276
519	276
648	276
812	276
335	280
625	280
782	280
283	282
289	282
295	282
306	282
323	282
338	282
375	282
381	282
383	282
468	282
490	282
513	282
538	282
552	282
584	282
592	282
609	282
610	282
622	282
658	282
667	282
685	282
694	282
698	282
837	282
857	282
861	282
289	283
295	283
357	283
381	283
490	283
513	283
609	283
622	283
658	283
667	283
685	283
861	283
349	286
437	286
468	286
554	286
327	288
744	288
897	288
295	289
306	289
338	289
375	289
381	289
468	289
490	289
492	289
513	289
529	289
538	289
604	289
609	289
610	289
620	289
622	289
658	289
667	289
670	289
685	289
698	289
705	289
728	289
751	289
760	289
837	289
851	289
857	289
861	289
294	290
580	291
411	293
538	293
658	293
301	295
306	295
375	295
378	295
381	295
383	295
468	295
490	295
492	295
512	295
513	295
529	295
538	295
584	295
587	295
597	295
609	295
610	295
622	295
658	295
667	295
685	295
694	295
705	295
728	295
729	295
750	295
837	295
851	295
857	295
861	295
348	300
408	300
468	300
492	300
560	300
698	300
814	300
843	300
375	301
490	301
513	301
609	301
667	301
705	301
750	301
333	303
350	303
376	303
487	303
488	303
493	303
510	303
654	303
656	303
730	303
737	303
789	303
516	304
812	304
375	306
378	306
381	306
468	306
490	306
495	306
513	306
538	306
587	306
597	306
610	306
622	306
658	306
667	306
670	306
685	306
705	306
750	306
837	306
843	306
851	306
861	306
406	309
548	309
428	312
498	312
555	312
784	312
613	313
769	313
408	321
551	321
877	321
816	322
490	323
513	323
670	325
708	325
744	327
897	327
561	330
630	330
703	330
672	331
578	332
807	332
860	332
350	333
376	333
487	333
488	333
493	333
510	333
654	333
656	333
730	333
737	333
789	333
406	335
456	335
492	335
548	335
560	335
649	335
662	335
670	335
698	335
841	335
856	335
888	335
408	336
551	336
666	336
813	336
347	337
392	337
747	337
768	337
495	338
529	338
538	338
642	338
670	338
683	338
694	338
706	338
740	338
808	338
837	338
843	338
861	338
681	342
381	346
497	346
517	346
575	346
610	346
643	346
711	346
792	346
392	347
747	347
768	347
898	347
460	349
468	349
376	350
487	350
488	350
510	350
654	350
656	350
730	350
789	350
526	351
629	351
449	360
511	360
531	360
581	360
607	360
616	360
657	360
678	360
718	360
555	365
387	367
398	367
661	367
664	367
862	367
850	368
636	371
664	371
391	374
898	374
381	375
468	375
490	375
513	375
538	375
587	375
609	375
610	375
622	375
658	375
667	375
685	375
705	375
750	375
851	375
857	375
861	375
487	376
488	376
510	376
654	376
656	376
730	376
737	376
789	376
514	377
468	378
490	378
513	378
587	378
667	378
705	378
750	378
468	381
490	381
492	381
513	381
517	381
538	381
609	381
610	381
622	381
658	381
667	381
685	381
705	381
851	381
857	381
492	383
513	383
538	383
592	383
658	383
670	383
685	383
740	383
837	383
851	383
861	383
898	383
484	385
555	385
389	387
791	387
828	387
791	389
828	389
709	391
747	392
768	392
495	393
706	393
740	393
837	393
554	396
664	398
862	398
497	400
433	402
817	404
866	404
897	404
451	406
456	406
492	406
525	406
534	406
548	406
560	406
649	406
698	406
786	406
841	406
856	406
887	406
888	406
551	408
666	408
790	408
813	408
695	414
604	418
620	418
803	418
726	425
784	428
693	439
858	441
508	445
520	445
781	445
797	445
884	445
897	445
899	445
759	447
511	449
531	449
581	449
607	449
616	449
638	449
657	449
678	449
718	449
787	449
456	451
548	451
649	451
534	456
548	456
560	456
649	456
698	456
841	456
856	456
887	456
888	456
846	457
480	462
717	462
817	462
818	462
866	462
884	462
897	462
490	468
492	468
513	468
538	468
552	468
554	468
560	468
587	468
609	468
610	468
615	468
622	468
650	468
658	468
667	468
685	468
705	468
833	468
843	468
845	468
851	468
528	471
752	473
764	476
717	480
817	480
818	480
866	480
884	480
897	480
488	487
510	487
654	487
656	487
730	487
737	487
789	487
510	488
654	488
656	488
730	488
737	488
789	488
492	490
513	490
538	490
560	490
587	490
609	490
610	490
622	490
649	490
650	490
658	490
667	490
685	490
698	490
705	490
728	490
729	490
750	490
843	490
857	490
865	490
898	490
770	491
538	492
552	492
554	492
560	492
592	492
609	492
620	492
622	492
649	492
650	492
662	492
667	492
670	492
685	492
698	492
705	492
760	492
833	492
843	492
851	492
856	492
857	492
888	492
529	495
538	495
597	495
642	495
670	495
683	495
694	495
706	495
740	495
808	495
837	495
843	495
851	495
861	495
517	497
575	497
610	497
643	497
711	497
792	497
637	498
793	501
614	504
705	507
708	507
865	507
520	508
781	508
797	508
884	508
897	508
899	508
654	510
656	510
730	510
737	510
789	510
531	511
581	511
607	511
616	511
638	511
657	511
678	511
718	511
529	512
538	512
574	512
642	512
670	512
683	512
808	512
837	512
843	512
538	513
587	513
597	513
609	513
610	513
615	513
622	513
658	513
667	513
685	513
698	513
705	513
728	513
729	513
750	513
844	513
851	513
857	513
861	513
648	516
812	516
575	517
643	517
711	517
648	519
781	520
797	520
884	520
897	520
899	520
665	522
534	525
548	525
560	525
649	525
698	525
841	525
888	525
629	526
538	529
574	529
670	529
683	529
694	529
740	529
837	529
843	529
851	529
581	531
607	531
616	531
638	531
657	531
678	531
718	531
787	531
721	532
891	532
548	534
560	534
649	534
698	534
841	534
856	534
887	534
888	534
604	538
609	538
610	538
622	538
658	538
667	538
670	538
683	538
685	538
695	538
698	538
705	538
728	538
751	538
760	538
808	538
837	538
843	538
851	538
857	538
861	538
756	541
584	545
740	545
837	545
560	548
649	548
698	548
786	548
841	548
856	548
865	548
885	548
887	548
888	548
666	551
790	551
813	551
610	552
622	552
667	552
685	552
695	552
851	552
861	552
560	554
662	554
670	554
674	554
637	555
610	560
649	560
662	560
670	560
698	560
814	560
841	560
856	560
887	560
888	560
630	561
703	561
764	565
642	574
670	574
683	574
837	574
610	575
643	575
711	575
587	576
807	578
860	578
805	579
838	579
607	581
616	581
638	581
657	581
678	581
718	581
740	584
837	584
861	584
609	587
610	587
622	587
658	587
667	587
685	587
698	587
705	587
728	587
857	587
861	587
650	592
658	592
708	592
773	592
861	592
609	597
620	604
670	604
705	604
843	604
851	604
616	607
638	607
657	607
678	607
718	607
725	607
787	607
610	609
622	609
658	609
667	609
685	609
705	609
728	609
750	609
851	609
857	609
622	610
643	610
658	610
667	610
670	610
685	610
698	610
705	610
728	610
750	610
751	610
843	610
851	610
857	610
861	610
622	615
638	616
657	616
678	616
704	616
718	616
851	620
677	621
658	622
667	622
670	622
685	622
698	622
705	622
728	622
750	622
760	622
851	622
857	622
861	622
782	625
703	630
664	636
657	638
678	638
718	638
725	638
787	638
662	642
670	642
683	642
694	642
808	642
837	642
803	643
668	644
743	644
756	646
698	649
786	649
841	649
856	649
865	649
887	649
888	649
898	650
673	653
820	653
833	653
874	653
656	654
730	654
789	654
730	656
737	656
789	656
678	657
718	657
667	658
685	658
698	658
705	658
728	658
729	658
750	658
851	658
857	658
664	661
862	661
670	662
683	662
698	662
751	662
808	662
841	662
862	664
813	666
670	667
685	667
705	667
728	667
729	667
750	667
751	667
837	667
843	667
851	667
857	667
861	667
743	668
683	670
685	670
694	670
698	670
751	670
760	670
808	670
837	670
843	670
851	670
857	670
825	672
820	673
874	673
718	678
725	678
787	678
784	680
834	682
694	683
751	683
808	683
837	683
843	683
851	683
857	683
705	685
728	685
750	685
760	685
844	685
851	685
857	685
861	685
882	685
706	694
808	694
837	694
705	698
814	698
833	698
841	698
851	698
856	698
887	698
888	698
728	705
750	705
843	705
851	705
740	706
837	706
773	708
786	708
865	708
792	711
817	717
818	717
866	717
884	717
897	717
725	718
787	718
891	721
760	728
843	728
861	728
737	730
789	730
789	737
837	740
843	740
861	740
897	744
768	747
808	751
843	751
851	751
844	760
851	760
797	781
812	781
884	781
897	781
899	781
841	786
865	786
828	791
884	797
897	797
899	797
838	805
860	807
837	808
843	808
851	808
841	814
887	814
818	817
866	817
884	817
897	817
866	818
884	818
897	818
874	820
843	837
851	837
861	837
882	837
856	841
865	841
887	841
888	841
851	843
861	843
882	843
861	844
857	851
885	856
887	856
888	856
882	857
871	864
888	865
884	866
897	866
897	884
899	884
888	887
899	897
