0	3305
4	553
5	1133
5	1216
7	2284
9	340
9	439
9	1549
9	2137
9	2517
11	470
11	755
11	788
11	1063
11	1995
11	2066
11	2284
11	2292
11	2297
11	2366
11	2919
11	3119
12	132
12	298
12	372
12	427
12	569
12	678
12	857
12	894
12	2150
15	97
15	985
17	384
17	470
17	730
17	755
17	828
17	1341
17	1561
17	2023
17	2292
17	2424
17	2628
17	2843
17	3092
17	3175
17	3340
17	3341
18	2484
21	401
21	563
21	3304
24	755
24	1057
24	1228
24	2450
24	3228
25	705
25	1390
25	2934
26	1599
28	124
28	470
28	967
28	1654
28	1872
28	2219
28	2302
28	2981
28	3307
30	1490
30	2086
30	2152
30	2692
35	2791
36	553
36	1162
36	2007
36	2618
42	1244
42	2237
42	2243
47	1305
47	2155
52	2442
54	1065
54	1204
54	3075
55	2294
56	132
56	158
56	180
56	270
56	435
56	564
56	661
56	717
56	776
56	921
56	1183
56	1535
56	1628
56	1648
56	1686
56	1750
56	1811
56	1983
56	2306
56	2312
56	2408
56	2418
56	2420
56	2422
56	2584
56	2619
56	2807
56	2829
56	3334
56	3335
59	214
59	601
59	2843
60	1054
60	1239
63	2958
66	2443
68	164
68	627
73	532
73	1305
73	1715
73	1855
73	2910
73	3065
73	3272
75	1484
75	1694
75	1928
75	2206
76	1162
76	2709
79	553
79	3070
81	902
81	1673
81	2834
88	564
88	2312
89	343
89	1054
91	132
91	1054
91	1101
91	1245
91	1788
91	2306
91	2619
94	2913
95	110
95	561
95	1544
95	3075
95	3126
97	219
97	694
97	1023
97	1508
97	1702
97	1798
97	2260
97	2344
97	2655
97	3064
97	3167
97	3322
98	1108
98	3062
99	972
99	2237
99	2686
99	2950
102	1652
108	553
109	2216
110	564
110	597
110	1185
110	1230
110	1268
110	2292
110	3175
111	1108
112	1485
112	1852
112	1855
112	2668
112	3015
114	569
114	2075
116	553
121	132
122	721
122	1050
122	1374
122	2203
130	199
130	627
130	2292
130	2628
130	2809
130	3341
132	151
132	158
132	269
132	305
132	405
132	551
132	798
132	878
132	975
132	1052
132	1054
132	1082
132	1183
132	1254
132	1679
132	1983
132	2137
132	2408
132	2420
132	2441
132	2512
132	2540
132	2542
132	2553
132	2595
132	2648
132	2664
132	2681
132	2761
132	2803
132	2829
132	2976
132	3017
132	3276
135	1912
136	830
140	553
141	930
143	2484
145	1032
145	2228
146	878
146	1352
146	2484
146	2674
148	1580
148	1750
148	2297
150	671
151	172
151	350
151	816
151	1129
151	2284
151	2619
152	564
155	2243
156	164
156	262
156	361
156	503
156	597
156	633
156	858
156	893
156	1052
156	1108
156	1126
156	1274
156	1576
156	1580
156	2150
156	2317
156	2349
156	2442
156	2803
156	2994
156	3058
156	3198
156	3270
156	3318
158	730
158	755
158	2137
158	2311
158	2420
158	3276
158	3335
159	1620
159	3198
161	781
161	1983
161	2484
161	2709
161	3092
161	3296
163	439
163	780
163	3308
164	199
164	654
164	930
164	983
164	2377
164	2584
164	2729
164	2970
164	3231
164	3279
164	3334
164	3336
165	1280
165	1996
170	730
172	228
172	840
172	1183
172	1597
172	2069
172	2455
172	3075
173	1162
182	191
182	503
182	859
182	1108
182	1124
182	1668
182	2756
184	345
184	569
184	799
184	857
184	1973
184	2243
184	2901
186	1519
186	1563
191	340
191	343
191	3132
195	719
195	3334
196	2443
196	2941
197	228
197	561
198	470
198	563
198	2528
199	488
199	648
199	873
199	930
199	1221
199	1261
199	1760
199	1883
199	2376
199	2512
199	3268
204	475
204	577
204	1702
204	2091
205	1278
205	1459
205	2343
205	2982
205	2999
211	628
211	736
211	1759
211	3075
214	1089
215	470
215	2066
215	2108
219	304
219	449
219	1983
219	2484
219	2525
222	475
222	2091
222	3316
222	3317
224	3054
226	277
228	254
228	627
228	1241
228	1304
228	1345
228	1922
228	1983
228	2484
228	2674
228	3045
228	3075
228	3100
228	3301
230	435
234	3296
239	401
239	1769
239	1894
239	2036
239	2115
239	2500
242	2036
242	3330
246	623
246	755
246	761
246	788
246	981
246	1366
246	1791
246	2080
246	2361
246	2384
246	2516
246	3169
246	3241
249	661
254	627
254	1102
254	1678
254	2292
254	2611
255	2284
255	2604
255	3305
256	1114
256	2292
258	652
259	2067
260	658
260	2137
260	2337
262	393
262	595
262	1294
262	1543
262	2292
262	2780
262	3029
263	658
265	611
266	2297
269	470
269	591
269	1032
269	1145
269	1191
269	1442
269	2103
269	2288
269	2408
269	2562
269	2584
269	2598
269	2803
269	3045
269	3276
270	716
270	755
270	1897
270	1915
270	2276
270	2498
270	2596
272	540
272	1869
274	597
274	708
274	901
274	1268
274	1423
274	1506
274	2137
274	2700
274	2767
274	2827
274	2978
277	807
277	1614
279	2802
280	1317
280	2017
285	563
288	2343
291	553
293	435
293	1702
294	1359
296	1750
296	2297
297	553
297	1126
304	443
304	569
304	577
304	674
304	697
304	856
304	857
304	1064
304	1204
304	1654
304	1983
304	2312
304	2484
304	3334
305	1499
305	2424
306	1909
306	1991
307	1054
307	1702
307	1983
307	2459
307	2619
307	2852
311	730
311	1267
311	1686
311	2137
311	2284
311	2512
311	2674
315	2950
318	981
318	1507
323	443
323	697
323	1686
323	1922
323	3334
324	2748
324	3248
325	448
325	500
325	1111
327	822
339	875
339	1730
340	470
340	1054
340	1183
340	1527
340	1580
340	1887
340	1959
340	2069
340	2840
341	553
342	553
343	563
343	1004
343	1788
343	2843
344	470
345	1973
346	447
346	965
346	1316
346	1432
346	1652
346	1908
346	2272
346	2512
346	2873
346	2927
348	720
348	1099
348	2650
348	2844
348	3285
352	524
352	1493
352	2034
352	2379
352	2998
356	375
356	1801
356	3090
359	720
359	2674
361	925
361	967
361	2193
361	2779
362	3305
364	569
364	1108
364	2802
364	3054
366	788
366	1183
368	784
368	1280
372	595
372	780
372	2854
372	2998
375	658
384	448
384	460
384	500
384	588
384	650
384	785
384	789
384	820
384	828
384	876
384	950
384	965
384	975
384	985
384	986
384	1094
384	1111
384	1162
384	1186
384	1267
384	1299
384	1390
384	1421
384	1535
384	1580
384	1606
384	1652
384	1681
384	1750
384	1789
384	1853
384	1867
384	2006
384	2164
384	2254
384	2272
384	2292
384	2306
384	2371
384	2411
384	2422
384	2512
384	2574
384	2708
384	2782
384	2801
384	2842
384	2874
384	2928
384	3031
384	3087
384	3130
384	3219
384	3272
384	3299
384	3334
387	597
387	755
387	985
387	1148
387	1188
387	1738
387	1817
387	2267
387	2277
387	2843
387	2976
387	3175
390	2484
393	2512
394	401
394	810
394	1063
394	1268
394	2134
398	807
398	1268
400	1668
400	1969
400	2512
400	2633
400	2655
400	2946
400	2951
400	2999
401	755
401	810
401	1167
401	1224
401	1484
401	1769
401	2115
401	2134
401	2137
401	2206
401	2517
401	2542
401	3233
401	3276
405	2484
406	433
406	1904
406	2482
409	3049
417	2480
421	833
421	898
422	986
422	1046
422	1099
422	1309
422	1394
422	3076
422	3296
427	1750
427	2791
430	1199
430	1542
430	2134
430	2206
430	2331
430	2970
433	755
433	1904
433	1983
433	2272
433	3212
433	3300
434	602
435	467
435	597
435	689
435	844
435	958
435	1064
435	1204
435	1253
435	1362
435	1407
435	1647
435	2137
435	2292
435	2596
435	2650
435	2936
435	3092
437	1009
437	1250
439	790
439	985
439	1077
439	1153
439	1652
439	1827
439	1974
442	1204
442	3320
443	449
443	697
443	730
443	828
443	853
443	1064
443	1341
443	1983
443	2164
443	2227
443	3175
443	3340
444	2052
444	3279
445	986
445	2825
447	1432
447	2775
447	2927
448	820
448	1267
448	3219
449	465
449	697
449	1108
449	1153
449	1703
449	2312
449	2643
449	2802
449	2999
452	830
452	1885
457	486
460	858
460	962
460	1032
460	1175
460	2108
460	2292
460	2369
460	2484
460	2534
460	2853
460	2994
460	3069
460	3088
460	3092
460	3175
460	3233
463	628
465	798
465	981
465	1108
465	1703
465	2312
465	2802
465	2999
466	569
466	857
466	2951
467	569
467	640
467	981
467	1137
467	2292
467	2801
467	3092
470	503
470	554
470	574
470	717
470	780
470	1032
470	1036
470	1063
470	1196
470	1452
470	1549
470	1564
470	1664
470	1670
470	1917
470	1959
470	2045
470	2488
470	2863
470	2998
470	3024
470	3233
470	3249
470	3308
472	547
472	1969
472	2633
472	2655
472	2764
472	2946
472	2999
472	3356
475	856
475	1263
475	2091
475	2698
482	2674
486	2970
488	856
488	873
488	1221
488	2099
488	2484
488	2868
488	3092
488	3268
489	1175
489	1855
489	1989
489	2534
490	1274
490	1583
490	2674
490	3246
491	761
492	2343
493	901
493	2170
494	2302
499	1183
500	1111
500	1267
500	2137
500	2411
500	2804
502	1319
503	553
503	601
503	627
503	679
503	1050
503	1268
503	1599
503	2194
503	2243
503	2379
503	2442
503	2484
503	2517
503	2540
503	2867
503	3044
503	3047
503	3075
503	3305
515	541
515	569
515	2823
515	3092
519	1183
520	1969
520	2655
523	1050
527	577
527	994
527	1452
527	2292
527	2553
527	2723
532	3075
532	3186
534	2587
534	2633
534	2708
535	811
537	2292
537	2674
540	3296
541	705
541	811
541	1100
541	3169
552	2442
553	577
553	602
553	660
553	707
553	791
553	918
553	938
553	1016
553	1181
553	1471
553	1537
553	1662
553	1670
553	1791
553	1806
553	1817
553	1887
553	1890
553	1960
553	2052
553	2284
553	2464
553	2852
553	2868
553	2958
553	2999
553	3034
553	3070
553	3268
553	3324
553	3336
560	650
560	866
560	1743
560	1855
560	2980
561	2583
561	3276
563	1956
563	1979
563	1987
563	2014
563	2038
563	2243
563	2528
563	2925
564	1702
564	2312
569	612
569	950
569	965
569	975
569	985
569	1036
569	1044
569	1116
569	1245
569	1341
569	1519
569	1544
569	1759
569	1855
569	1922
569	1973
569	2014
569	2256
569	2292
569	2411
569	2444
569	2731
569	2778
569	2825
569	2843
569	3190
569	3301
573	613
573	1116
573	2464
574	1036
574	1702
577	700
577	706
577	735
577	755
577	816
577	826
577	856
577	904
577	918
577	938
577	950
577	967
577	994
577	1025
577	1026
577	1042
577	1099
577	1265
577	1314
577	1334
577	1482
577	1561
577	1608
577	1673
577	1679
577	2149
577	2183
577	2242
577	2243
577	2310
577	2404
577	2484
577	2509
577	2542
577	2545
577	2723
577	2770
577	2779
577	2970
577	3028
577	3133
577	3244
577	3301
577	3341
580	2782
581	878
582	1268
585	755
588	3334
591	2256
591	3070
591	3334
594	1478
594	1535
594	3159
595	1215
595	2267
595	2484
596	710
596	2936
597	950
597	1036
597	1046
597	1583
597	1678
597	1679
597	1702
597	2129
597	2223
597	2235
597	2243
597	2439
597	2455
597	2512
597	2853
597	3100
598	2737
600	2748
600	3296
601	755
601	1486
601	1759
601	2343
601	2987
602	2733
602	2939
603	1204
603	1803
603	2312
603	2744
603	2782
611	1030
611	1305
611	1524
611	1597
611	1867
612	755
612	1186
612	1853
612	1983
612	2272
612	2823
612	3075
612	3175
613	930
613	1054
613	1702
613	2633
613	2674
613	2708
613	2999
613	3062
613	3063
618	1376
620	2170
623	788
623	1366
623	2361
623	2384
623	3241
624	798
624	1385
624	1421
624	1456
624	1860
624	2484
624	2705
625	2484
625	3296
627	918
627	1139
627	1678
627	1831
627	2439
627	2616
627	2646
627	2883
627	2930
627	3328
628	697
628	768
628	799
628	841
628	859
628	981
628	1054
628	1346
628	1366
628	1484
628	1508
628	1654
628	1704
628	1764
628	1836
628	1986
628	2052
628	2243
628	2258
628	2276
628	2308
628	2309
628	2318
628	2484
628	2488
628	2623
628	2698
628	2771
628	3024
635	975
640	2292
643	1111
644	1268
647	755
647	1101
647	1272
647	1867
647	1977
647	2001
648	1760
650	755
650	1183
650	1983
650	3169
652	997
652	2213
652	2244
652	2674
652	2826
652	3070
656	780
656	1702
658	1888
658	3100
661	950
661	1183
661	1983
661	2534
661	2540
661	2739
661	2807
661	2987
666	1759
667	830
667	3181
669	736
669	1542
669	2331
670	719
670	2711
671	959
671	1062
671	1148
671	1278
671	2737
671	2878
672	1702
674	2206
674	2292
678	1752
679	893
679	1245
679	1271
679	1307
679	2228
679	2796
679	2829
683	3092
689	1803
689	2484
694	755
694	2017
694	2137
694	2312
694	2338
694	2523
694	3276
697	730
697	828
697	853
697	1341
697	2227
697	3075
697	3092
697	3175
697	3340
700	1036
705	1054
705	1238
705	1239
705	1517
705	1580
705	1798
705	1887
705	1959
705	2069
705	2311
705	2584
705	3021
705	3327
706	1049
706	1059
706	1239
706	1377
706	1495
706	1544
706	2390
708	901
708	1108
708	1268
708	2700
708	2827
708	2869
708	2978
710	1266
710	2052
710	2511
710	3279
715	1148
715	1213
715	1307
715	2228
715	3103
715	3272
717	3308
718	1108
719	767
719	1390
719	2711
720	764
720	1299
720	1686
720	3328
721	1050
721	2203
724	1204
724	3045
730	780
730	785
730	853
730	985
730	986
730	1032
730	1124
730	1186
730	1265
730	1267
730	1421
730	1652
730	1686
730	1692
730	1853
730	1981
730	2227
730	2277
730	2292
730	2306
730	2411
730	2512
730	2630
730	2648
730	2669
730	2791
730	2842
730	2995
730	3001
730	3031
730	3334
735	2951
736	1455
736	1885
736	1962
736	2063
736	2332
748	996
748	2509
748	2615
748	2709
751	1540
754	1960
754	2748
755	764
755	785
755	789
755	805
755	852
755	910
755	986
755	993
755	1009
755	1036
755	1046
755	1049
755	1077
755	1094
755	1124
755	1186
755	1299
755	1390
755	1421
755	1495
755	1523
755	1535
755	1601
755	1606
755	1652
755	1663
755	1686
755	1695
755	1722
755	1759
755	1763
755	1788
755	1789
755	1838
755	1853
755	1894
755	1900
755	1949
755	1977
755	1983
755	2006
755	2029
755	2235
755	2267
755	2272
755	2284
755	2292
755	2297
755	2302
755	2306
755	2312
755	2313
755	2343
755	2359
755	2371
755	2411
755	2512
755	2517
755	2590
755	2598
755	2619
755	2670
755	2701
755	2711
755	2737
755	2742
755	2801
755	2820
755	2910
755	2934
755	3001
755	3021
755	3092
755	3189
755	3224
755	3307
755	3335
756	1307
756	2228
756	3272
757	2292
760	2246
761	788
761	2516
761	2669
761	3241
764	1686
764	2006
767	1925
767	2320
767	2337
768	2080
770	3075
771	1280
771	2219
775	806
775	857
775	904
775	1134
775	2371
776	1855
776	3155
777	806
777	856
777	901
777	985
777	1134
777	2278
780	1032
780	1036
780	1063
780	1268
780	1832
780	1917
780	2488
780	2998
780	3024
780	3092
780	3258
780	3308
781	931
781	1265
781	1702
781	2706
781	3075
782	1046
782	2118
782	2259
782	2444
782	2481
785	1840
785	2292
785	2628
785	3092
785	3175
787	1637
787	2484
788	2516
788	3241
789	1319
789	1663
790	1964
791	1482
791	1855
791	2006
793	856
794	798
794	857
794	948
794	1036
794	1064
794	2484
798	2822
804	992
804	1009
804	1484
804	1928
804	2768
804	3047
805	967
805	2104
805	3038
806	904
806	985
806	1134
806	3119
807	1665
807	2237
807	2310
807	3198
807	3310
809	1057
810	2036
810	2115
810	2970
811	3308
813	2154
816	1945
816	3028
816	3092
816	3093
820	1390
820	1853
820	1904
820	2137
820	2164
820	2272
820	2306
820	2482
820	2512
820	3328
820	3340
826	2512
828	1183
828	1456
828	1983
828	2164
828	2227
828	2294
828	2951
828	3334
830	958
830	1064
830	1096
830	1654
830	1921
830	2243
830	2484
830	2521
830	2982
830	3070
830	3336
830	3347
833	2512
837	1102
837	2017
837	3241
838	1119
847	1072
847	1519
847	1563
847	1597
847	2464
847	2919
850	910
850	1694
850	1894
850	2137
850	2285
850	2878
852	1210
852	1575
852	1671
852	1788
852	2137
852	2311
852	2629
852	2648
852	2807
852	3017
852	3075
852	3259
853	2264
854	2421
856	981
856	1064
856	1374
856	1654
856	2484
856	3029
856	3076
856	3080
857	1036
857	1111
857	1124
857	1482
857	1484
857	1535
857	1541
857	1750
857	1922
857	2006
857	2014
857	2164
857	2272
857	2292
857	2444
857	2512
857	2590
857	2904
857	2976
857	3262
858	1702
858	2709
858	2950
859	1276
859	1278
859	2194
859	2584
859	2793
859	3119
873	1319
873	2292
874	1673
874	2243
874	2742
874	2923
878	1268
878	3088
878	3255
878	3335
880	2951
881	2628
881	2674
881	2974
885	1183
893	1071
893	1355
893	1628
893	1678
893	1700
893	1945
893	2212
893	2822
893	3076
893	3305
894	2390
895	1108
898	992
898	2183
898	2450
899	2484
901	1268
901	1423
901	1506
901	1654
901	2243
901	2261
901	2700
901	2732
901	2767
901	2827
901	2869
901	2978
901	3212
902	1791
902	1983
902	2243
902	2833
902	3055
902	3202
904	985
904	1134
910	1390
910	1421
910	2137
910	2294
910	2645
910	2708
910	2823
910	2843
914	3336
916	2292
916	3244
918	2674
921	999
922	1376
925	1088
925	1317
925	1664
925	1921
925	2417
930	1342
930	1362
930	1654
930	1668
930	1833
930	2650
930	2683
930	2927
931	1597
931	1608
936	1686
938	1019
938	1064
938	1204
938	1280
938	1654
938	2137
938	2243
938	2484
938	2547
950	1549
950	2863
950	3092
952	1908
954	1539
954	2155
954	3184
956	1183
957	2137
957	2420
957	2619
959	1148
959	1183
959	2137
959	2737
959	2861
959	3144
960	1679
961	1468
961	1673
961	2535
961	2951
961	2958
961	3053
961	3308
961	3334
965	1162
965	1535
965	1686
965	1750
965	1855
965	1922
965	2297
965	2708
965	3334
967	2022
967	2067
967	2509
967	2556
967	2698
967	2779
967	3169
971	2775
973	1750
973	2891
975	1379
975	1667
975	1959
975	1995
975	2294
975	2512
976	1693
976	1983
976	2361
976	2384
976	2484
976	2650
979	1241
981	1183
981	1654
981	2136
981	2261
981	2484
981	2598
981	3075
981	3100
985	1019
985	1162
985	1280
985	1484
985	1544
985	1750
985	1839
985	1949
985	1959
985	2164
985	2274
985	2292
985	2297
985	2655
985	2709
985	2843
985	2982
985	2999
985	3356
986	1076
986	1183
986	2164
986	2294
986	2420
986	2512
986	2823
986	2906
986	2919
987	1908
987	3184
991	3279
992	1009
992	1016
992	1050
992	1278
992	1484
992	1759
992	1928
992	2134
992	2137
992	2206
992	2512
992	2768
992	2970
992	2974
992	3047
994	1042
994	1173
994	1265
994	1608
994	2770
994	3005
996	2509
996	2999
999	2434
999	3070
1001	1046
1004	1164
1004	2466
1004	2587
1004	2951
1004	2958
1006	1052
1006	2137
1009	1086
1009	1484
1009	1542
1009	1928
1009	2055
1009	2134
1009	2206
1009	2607
1009	2768
1009	2970
1009	3047
1010	1060
1014	1230
1015	1759
1015	3047
1018	1912
1018	2650
1018	3262
1019	2274
1019	2512
1025	1722
1025	3039
1026	1908
1027	2452
1028	2310
1029	2512
1029	2674
1029	3334
1030	1275
1032	1036
1032	1063
1032	1917
1032	2488
1032	2998
1032	3024
1032	3092
1032	3308
1034	1969
1036	1063
1036	1840
1036	1917
1036	2108
1036	2243
1036	2292
1036	2337
1036	2845
1036	2951
1036	2976
1036	3024
1036	3233
1036	3308
1044	1055
1044	1408
1044	1433
1044	2050
1044	2704
1046	1148
1046	1183
1046	1267
1046	1403
1046	1763
1046	1894
1046	2292
1046	2482
1046	2771
1048	2411
1049	1693
1049	3075
1050	1268
1050	1632
1050	1819
1050	2203
1050	2243
1050	3133
1051	1871
1052	1064
1052	1204
1052	2570
1054	1239
1054	1366
1054	1580
1054	1887
1054	1959
1054	2069
1054	2243
1054	2672
1054	2967
1054	2999
1054	3070
1055	1135
1055	1846
1055	2891
1057	1340
1057	1407
1057	1460
1057	1541
1057	1884
1057	2844
1057	3138
1059	2484
1062	1148
1063	1111
1063	1121
1063	1452
1063	1917
1063	3024
1063	3138
1063	3308
1064	1208
1064	2086
1064	2183
1064	2484
1064	3334
1067	1190
1067	2584
1070	1304
1070	1352
1070	3108
1071	1265
1071	1355
1071	1564
1071	1628
1071	1945
1071	1994
1071	2172
1071	2822
1071	3076
1071	3305
1072	2547
1072	2587
1074	3075
1075	2284
1075	3144
1076	1183
1076	1885
1076	1922
1076	2284
1076	2312
1076	2906
1076	2919
1079	1599
1082	1702
1086	2801
1087	2674
1088	1157
1092	2557
1092	3021
1094	1299
1094	1702
1094	2317
1094	2455
1094	2584
1094	3307
1095	1539
1096	1183
1096	1750
1099	2063
1099	2540
1100	2801
1101	1224
1101	1272
1101	1867
1101	1977
1101	1983
1101	2001
1101	2553
1108	1411
1108	1670
1108	1703
1108	1942
1108	2230
1108	2312
1108	2572
1108	2802
1108	2978
1108	2999
1108	3144
1108	3174
1110	2285
1110	2587
1111	1183
1111	1959
1111	2164
1111	2448
1112	2278
1113	1599
1116	2464
1116	3262
1124	1390
1124	1704
1124	2104
1124	2137
1124	2994
1124	3334
1126	1204
1126	1468
1126	1508
1126	1678
1126	1866
1126	2127
1126	2189
1126	2572
1126	2637
1126	2892
1126	2993
1126	3174
1129	1183
1133	1384
1134	2961
1135	2337
1135	3092
1137	1730
1138	2311
1141	2288
1142	1810
1145	3045
1148	1204
1148	2020
1148	2228
1148	2313
1148	2509
1148	2737
1148	3126
1148	3272
1153	1671
1153	2298
1153	3119
1153	3229
1155	1850
1156	3231
1157	1164
1157	1637
1157	2402
1158	3203
1159	1681
1162	2090
1162	2596
1162	2602
1162	2803
1164	1183
1165	1275
1165	1647
1168	1561
1171	1268
1173	1652
1175	1544
1175	2369
1175	2464
1175	2517
1175	2534
1175	2972
1176	1299
1176	1977
1176	2484
1177	1540
1177	2223
1183	1265
1183	1415
1183	1580
1183	1682
1183	1983
1183	2052
1183	2069
1183	2137
1183	2284
1183	2406
1183	2411
1183	2455
1183	2464
1183	2619
1183	2803
1183	2829
1183	2833
1183	2875
1183	2906
1183	2913
1183	2919
1183	2940
1183	2950
1183	2953
1186	1527
1186	1846
1186	1853
1186	2137
1186	2272
1190	2584
1199	2194
1202	1265
1202	1908
1202	2443
1204	1459
1204	1544
1204	2001
1204	2484
1204	2587
1204	2807
1204	2934
1204	2937
1204	3128
1204	3133
1204	3174
1204	3236
1205	2910
1208	1900
1208	2183
1208	2411
1208	2681
1208	2852
1208	3336
1209	2166
1210	1671
1210	1788
1210	2629
1210	2648
1210	3017
1210	3229
1210	3259
1213	3272
1221	2099
1221	2868
1221	3268
1223	2104
1227	1569
1228	1535
1230	2024
1230	2879
1237	2540
1238	1390
1238	1678
1239	1580
1239	1887
1239	1959
1239	2069
1239	2748
1240	3305
1241	1681
1241	2452
1241	2654
1241	2951
1244	1267
1246	2256
1250	1928
1250	2383
1254	2553
1261	1485
1263	1885
1265	1964
1267	1702
1267	1983
1267	2243
1267	2411
1267	2512
1267	2584
1267	2595
1267	2843
1267	2856
1267	2919
1267	3031
1267	3070
1267	3146
1267	3238
1268	1269
1268	1315
1268	1423
1268	1572
1268	1652
1268	1738
1268	2034
1268	2194
1268	2243
1268	2426
1268	2439
1268	2460
1268	2615
1268	2643
1268	2666
1268	2700
1268	2767
1268	2827
1268	2869
1268	3070
1272	1867
1272	2001
1273	1964
1274	1702
1274	2235
1274	2292
1274	3320
1275	1647
1278	1686
1278	2853
1278	3070
1280	1535
1280	1789
1280	1855
1280	2297
1280	2742
1280	2958
1280	3088
1280	3128
1280	3334
1283	1306
1283	2292
1288	2411
1299	1652
1299	1702
1299	1760
1299	1944
1299	2317
1299	2619
1299	3033
1299	3195
1305	2833
1305	2972
1305	3229
1307	2228
1307	2829
1307	2834
1307	3064
1307	3103
1307	3272
1309	2104
1315	1686
1316	2927
1317	2867
1317	2919
1319	2164
1319	2261
1319	2553
1319	3217
1321	2243
1321	2938
1325	2889
1328	2056
1330	2490
1333	2337
1336	1864
1341	2294
1341	2337
1344	1712
1344	2951
1350	2867
1352	1606
1352	1631
1352	1654
1352	2308
1352	3212
1355	1628
1355	1945
1355	2822
1355	2963
1355	3076
1355	3174
1355	3305
1359	1840
1359	2272
1359	2292
1362	2919
1364	3334
1366	2361
1366	2384
1366	2516
1366	2557
1366	3187
1368	1928
1368	2036
1368	2115
1368	2134
1368	3075
1373	1991
1374	2765
1376	1661
1376	1668
1376	2127
1376	2261
1376	2411
1379	3075
1384	2292
1385	1722
1385	3039
1388	2970
1390	1922
1390	2418
1390	2464
1390	2512
1390	2791
1390	2843
1390	3334
1394	2288
1394	3340
1405	3047
1407	1580
1407	2227
1407	3354
1408	2704
1411	2605
1411	3170
1412	2235
1421	1692
1421	1694
1421	1964
1421	2512
1421	2630
1421	2823
1421	2994
1421	3276
1423	2827
1423	2978
1432	1440
1432	1908
1432	2243
1432	2775
1432	2873
1432	2927
1436	2425
1436	3341
1440	1893
1440	2775
1440	2873
1441	1599
1442	3120
1445	2807
1452	1679
1452	2723
1452	3069
1459	2982
1468	2919
1471	2411
1474	2708
1474	2999
1474	3062
1474	3063
1475	2547
1475	3181
1482	2108
1484	1928
1484	2014
1484	2134
1484	2206
1484	2768
1484	2970
1484	3047
1485	1852
1486	1759
1486	2343
1486	2712
1490	2951
1492	2698
1493	2709
1497	3141
1497	3150
1499	2424
1506	2827
1513	3198
1517	2619
1518	2384
1519	1563
1523	1667
1523	2312
1527	3075
1527	3119
1527	3208
1531	2851
1532	1759
1533	2292
1535	1840
1535	1908
1535	2090
1535	2137
1535	2294
1535	2349
1535	2484
1535	2596
1535	2602
1535	2803
1535	2807
1535	2843
1535	2930
1540	1592
1540	1983
1541	2194
1542	2134
1542	2206
1542	2331
1542	2970
1543	2852
1544	1670
1544	1983
1544	2584
1544	2615
1549	2863
1549	3296
1550	2475
1561	1686
1561	2056
1561	3334
1563	3126
1566	2337
1569	2368
1569	2946
1575	1647
1579	1599
1579	1652
1580	1887
1580	1903
1580	1959
1580	2069
1580	3039
1583	1999
1583	2709
1583	3305
1589	2194
1594	2124
1594	3328
1599	1608
1599	1635
1599	1681
1599	2055
1599	2243
1599	2533
1599	2744
1599	2771
1599	2951
1601	2574
1606	2492
1606	2512
1606	3334
1608	1840
1615	2540
1619	1852
1622	3092
1628	1754
1628	2822
1628	3076
1628	3305
1632	2164
1637	2673
1647	1652
1647	2166
1648	2292
1652	2006
1652	2137
1652	2164
1652	2823
1652	3010
1652	3146
1652	3175
1652	3219
1654	1759
1654	1894
1654	1949
1654	1979
1654	2014
1654	2046
1654	2066
1654	2337
1654	2584
1654	2619
1654	3334
1654	3336
1658	1810
1658	3198
1663	3141
1664	1712
1664	2378
1664	2458
1664	2771
1665	3322
1667	1991
1668	1679
1668	2292
1668	2708
1668	2977
1668	3062
1668	3334
1670	1681
1670	2029
1670	2484
1670	3119
1671	1788
1671	2329
1671	2598
1671	2629
1671	2648
1671	3017
1671	3229
1671	3259
1671	3334
1673	1730
1673	1746
1673	2987
1673	3144
1678	2292
1679	2292
1679	2297
1679	2439
1679	2628
1679	2683
1679	3341
1681	2164
1681	2243
1681	2874
1681	3092
1682	2771
1686	1744
1686	2056
1686	2137
1686	2164
1686	3100
1686	3175
1692	2553
1693	2648
1693	2762
1693	2858
1693	3198
1695	2600
1700	2194
1702	1779
1702	1827
1702	2066
1702	2256
1702	2261
1702	2292
1702	2553
1702	2709
1702	2919
1702	3063
1702	3268
1702	3301
1703	2312
1703	2802
1703	2999
1707	3181
1712	1752
1722	2194
1722	2767
1722	3039
1730	2850
1730	2894
1730	3310
1737	3144
1741	3315
1743	2953
1744	1754
1744	2648
1750	2085
1750	2090
1750	2137
1750	2336
1750	2349
1750	2512
1750	2557
1750	2823
1750	2930
1754	2199
1754	2901
1759	2227
1759	2343
1759	2484
1759	2547
1759	3185
1762	2748
1763	2137
1763	2243
1763	2455
1763	3195
1764	3189
1769	3304
1771	3117
1775	2411
1788	2137
1788	2235
1788	2306
1788	2629
1788	2648
1788	3017
1788	3259
1789	2137
1789	3100
1791	2807
1801	2681
1801	3090
1803	1856
1803	1957
1803	2405
1808	2288
1821	2444
1821	3063
1826	2484
1827	2953
1829	3347
1831	2284
1837	3092
1840	1855
1840	2512
1840	3012
1846	2020
1846	2858
1853	2272
1853	2807
1853	3334
1855	1989
1855	2137
1855	2142
1855	2194
1855	2422
1855	2595
1855	2632
1855	2807
1855	3279
1856	2587
1862	2064
1867	1977
1867	2001
1869	2676
1869	2709
1869	3119
1871	2936
1871	2990
1872	3307
1877	2114
1879	3334
1880	2194
1880	2674
1880	2823
1883	3334
1885	1941
1885	1996
1885	2906
1885	2914
1885	2919
1885	3300
1887	1959
1887	2069
1887	2425
1887	3167
1888	2155
1888	2452
1888	2633
1893	2869
1894	2500
1894	2695
1894	2858
1894	3076
1895	2292
1900	2867
1900	3164
1900	3276
1901	2928
1904	1908
1904	2294
1904	3212
1904	3300
1908	2443
1911	2572
1912	2306
1912	3262
1913	2371
1915	3231
1917	3092
1917	3308
1921	3335
1922	1983
1922	2292
1922	2919
1922	3175
1925	2320
1928	2134
1928	2206
1928	2292
1928	2517
1928	2970
1928	3047
1928	3304
1928	3308
1935	2338
1935	3049
1941	2674
1945	2822
1946	2194
1949	2137
1949	3149
1950	2374
1959	2069
1959	2455
1959	2623
1962	2525
1964	2041
1964	2058
1964	2264
1964	2534
1964	2585
1964	3054
1967	3259
1969	2655
1969	2946
1969	2999
1969	3356
1972	3334
1977	2001
1982	3334
1983	2006
1983	2235
1983	2292
1983	2329
1983	2444
1983	2452
1983	2807
1983	2840
1983	2904
1983	2980
1983	3144
1983	3219
1983	3301
1987	1996
1992	2978
1995	2867
1995	2902
1996	2919
1997	2155
1998	2017
1999	3070
2003	2490
2006	2164
2006	2292
2006	2297
2006	2590
2006	2807
2014	2392
2014	3092
2015	2766
2017	3310
2019	2411
2020	2059
2020	2908
2023	2709
2027	2056
2027	3170
2034	2137
2034	2704
2034	3075
2035	2452
2036	2115
2036	2124
2036	2500
2036	3304
2042	3284
2046	2194
2046	2292
2046	2925
2048	2920
2052	3279
2056	2188
2056	2292
2056	2657
2056	3092
2056	3170
2059	2908
2060	3174
2063	2484
2066	2484
2066	2668
2067	2452
2067	2779
2071	2484
2075	2377
2080	2385
2080	2516
2086	2484
2090	2791
2090	3219
2090	3334
2091	3316
2091	3317
2099	3268
2102	3334
2103	2408
2104	3127
2108	2458
2109	2297
2111	2190
2115	2500
2115	3034
2115	3262
2115	3304
2124	2484
2130	2478
2130	3063
2133	3288
2134	2206
2134	2233
2134	2331
2134	2500
2134	2542
2134	2937
2134	2970
2134	3047
2134	3304
2135	3054
2135	3213
2137	2183
2137	2272
2137	2284
2137	2297
2137	2306
2137	2310
2137	2364
2137	2418
2137	2480
2137	2512
2137	2602
2137	2630
2137	2648
2137	2674
2137	2709
2137	2791
2137	2801
2137	2833
2137	2869
2137	3175
2137	3177
2137	3231
2137	3236
2137	3334
2137	3336
2140	2605
2142	2297
2151	2547
2151	2568
2152	3092
2164	2243
2164	2261
2164	2294
2164	2306
2164	2313
2164	2587
2164	2619
2164	2674
2164	2709
2164	2851
2164	2874
2164	2928
2164	3180
2164	3262
2164	3334
2166	2194
2166	2357
2166	2509
2182	2194
2183	3268
2194	2243
2194	2307
2194	2492
2194	2553
2201	2977
2201	3236
2206	2459
2206	2768
2206	2970
2206	3017
2206	3047
2206	3128
2206	3304
2211	3080
2216	2480
2218	2974
2227	2443
2228	3103
2228	3272
2230	2809
2230	3092
2233	2791
2235	2386
2235	2517
2235	2587
2235	2850
2237	2243
2237	2683
2239	2867
2239	2982
2242	2361
2242	3004
2243	2267
2243	2270
2243	2312
2243	2411
2243	2452
2243	2455
2243	2484
2243	2587
2243	2646
2243	2648
2243	2762
2243	2827
2243	2843
2243	2867
2243	2938
2243	2951
2243	2987
2243	3075
2243	3144
2243	3180
2243	3195
2243	3259
2243	3305
2243	3347
2243	3356
2246	2439
2246	3230
2256	2537
2261	2292
2261	3070
2267	2572
2267	2758
2267	2974
2272	2337
2272	2338
2272	2512
2272	2517
2277	2919
2278	2617
2284	2292
2284	2428
2284	2447
2284	2484
2284	2875
2284	2906
2284	2919
2284	2950
2284	2958
2284	3233
2284	3237
2285	2674
2289	3130
2292	2512
2292	2613
2292	2628
2292	2683
2292	2706
2292	2807
2292	2853
2292	2951
2292	3092
2292	3175
2292	3217
2292	3334
2292	3341
2294	2337
2294	2602
2294	2953
2294	3074
2294	3219
2297	2696
2297	2953
2297	3175
2302	3075
2306	2512
2306	2619
2306	2708
2306	2843
2306	2920
2306	3164
2311	2767
2312	2802
2312	2919
2312	2999
2312	3070
2312	3075
2313	2336
2313	2807
2320	2490
2325	2484
2325	3334
2329	2629
2329	3229
2330	2686
2331	2970
2337	2484
2337	2737
2337	2801
2337	2825
2337	2950
2337	2953
2337	3074
2337	3331
2338	3188
2338	3359
2343	2712
2343	2987
2361	2384
2361	2516
2361	3169
2364	3180
2368	3276
2374	2590
2383	3174
2384	2516
2398	3044
2408	2420
2411	2587
2411	2844
2411	2924
2411	3031
2411	3253
2412	2484
2420	3334
2421	2715
2422	2484
2422	2762
2422	2801
2422	3103
2422	3259
2425	3341
2439	2515
2439	2646
2439	3347
2441	2540
2442	2674
2442	3237
2443	3334
2448	2584
2452	2779
2452	2924
2452	3092
2455	2938
2455	3195
2458	3174
2464	2632
2475	3109
2480	2537
2480	2708
2480	2858
2482	2703
2484	2584
2484	2674
2484	2733
2484	2771
2484	2773
2484	2807
2484	3092
2484	3121
2484	3175
2484	3262
2484	3299
2484	3301
2488	3308
2490	2711
2490	2773
2500	2970
2500	3304
2504	3170
2511	3352
2512	2619
2512	2669
2512	2842
2512	2843
2512	3021
2512	3031
2512	3262
2512	3334
2515	2648
2516	3241
2517	2587
2517	2827
2517	3063
2525	2674
2535	2853
2535	3175
2537	2863
2541	2978
2542	2970
2547	3299
2568	2932
2570	2974
2572	2958
2583	2946
2584	2733
2584	2936
2587	2763
2587	3091
2590	3075
2590	3244
2596	3336
2598	3229
2602	2632
2602	3092
2604	2762
2604	3259
2609	3334
2616	2674
2619	2906
2619	3071
2619	3219
2619	3328
2619	3334
2623	2940
2628	3334
2629	2648
2629	3017
2629	3259
2630	2791
2630	3146
2630	3175
2630	3340
2633	2655
2633	2708
2633	2764
2633	2946
2633	2999
2633	3062
2633	3063
2633	3334
2633	3356
2635	3039
2641	2650
2644	3213
2648	3017
2648	3130
2648	3259
2650	3081
2655	2764
2655	3356
2668	3341
2673	3334
2674	2708
2674	2748
2674	2843
2674	2919
2674	3180
2681	3287
2686	2999
2686	3119
2690	2981
2690	3307
2695	3229
2698	3075
2700	2767
2700	2827
2700	2869
2700	2978
2703	3047
2706	3075
2706	3174
2708	2764
2708	2999
2708	3062
2708	3063
2708	3334
2709	2791
2709	3175
2737	3252
2737	3314
2748	2770
2748	3039
2762	2801
2762	3259
2764	2946
2764	2999
2764	3356
2766	3070
2767	2827
2767	2978
2768	2970
2768	3100
2770	3075
2770	3119
2771	2802
2771	2860
2771	2939
2779	3075
2786	2866
2791	3146
2791	3175
2801	3259
2802	2999
2802	3320
2803	2889
2803	3334
2807	3334
2822	3076
2822	3305
2823	3334
2825	3070
2827	2869
2827	2978
2842	3075
2843	3334
2846	2951
2853	3175
2853	3341
2858	2999
2858	3276
2867	3070
2868	3268
2869	2978
2873	2927
2874	3334
2875	2906
2875	2919
2875	2950
2894	3092
2904	3092
2906	2919
2908	2978
2914	2919
2932	3081
2934	3075
2934	3119
2934	3334
2936	3328
2937	2970
2946	2999
2946	3356
2950	3070
2951	2958
2970	3304
2977	3236
2978	3068
2994	3174
2994	3334
2999	3062
2999	3063
2999	3356
3017	3189
3017	3259
3024	3092
3024	3308
3032	3305
3039	3070
3062	3063
3070	3347
3070	3356
3075	3108
3075	3121
3075	3144
3075	3170
3076	3305
3092	3182
3092	3334
3103	3272
3119	3296
3121	3296
3128	3304
3135	3219
3141	3150
3144	3191
3157	3219
3162	3279
3164	3334
3164	3335
3174	3276
3175	3334
3175	3335
3185	3360
3219	3296
3220	3241
3229	3259
3272	3276
3276	3334
3296	3307
3305	3340
3334	3340
3334	3341
3305	0
553	4
1133	5
1216	5
2284	7
340	9
439	9
1549	9
2137	9
2517	9
470	11
755	11
788	11
1063	11
1995	11
2066	11
2284	11
2292	11
2297	11
2366	11
2919	11
3119	11
132	12
298	12
372	12
427	12
569	12
678	12
857	12
894	12
2150	12
97	15
985	15
384	17
470	17
730	17
755	17
828	17
1341	17
1561	17
2023	17
2292	17
2424	17
2628	17
2843	17
3092	17
3175	17
3340	17
3341	17
2484	18
401	21
563	21
3304	21
755	24
1057	24
1228	24
2450	24
3228	24
705	25
1390	25
2934	25
1599	26
124	28
470	28
967	28
1654	28
1872	28
2219	28
2302	28
2981	28
3307	28
1490	30
2086	30
2152	30
2692	30
2791	35
553	36
1162	36
2007	36
2618	36
1244	42
2237	42
2243	42
1305	47
2155	47
2442	52
1065	54
1204	54
3075	54
2294	55
132	56
158	56
180	56
270	56
435	56
564	56
661	56
717	56
776	56
921	56
1183	56
1535	56
1628	56
1648	56
1686	56
1750	56
1811	56
1983	56
2306	56
2312	56
2408	56
2418	56
2420	56
2422	56
2584	56
2619	56
2807	56
2829	56
3334	56
3335	56
214	59
601	59
2843	59
1054	60
1239	60
2958	63
2443	66
164	68
627	68
532	73
1305	73
1715	73
1855	73
2910	73
3065	73
3272	73
1484	75
1694	75
1928	75
2206	75
1162	76
2709	76
553	79
3070	79
902	81
1673	81
2834	81
564	88
2312	88
343	89
1054	89
132	91
1054	91
1101	91
1245	91
1788	91
2306	91
2619	91
2913	94
110	95
561	95
1544	95
3075	95
3126	95
219	97
694	97
1023	97
1508	97
1702	97
1798	97
2260	97
2344	97
2655	97
3064	97
3167	97
3322	97
1108	98
3062	98
972	99
2237	99
2686	99
2950	99
1652	102
553	108
2216	109
564	110
597	110
1185	110
1230	110
1268	110
2292	110
3175	110
1108	111
1485	112
1852	112
1855	112
2668	112
3015	112
569	114
2075	114
553	116
132	121
721	122
1050	122
1374	122
2203	122
199	130
627	130
2292	130
2628	130
2809	130
3341	130
151	132
158	132
269	132
305	132
405	132
551	132
798	132
878	132
975	132
1052	132
1054	132
1082	132
1183	132
1254	132
1679	132
1983	132
2137	132
2408	132
2420	132
2441	132
2512	132
2540	132
2542	132
2553	132
2595	132
2648	132
2664	132
2681	132
2761	132
2803	132
2829	132
2976	132
3017	132
3276	132
1912	135
830	136
553	140
930	141
2484	143
1032	145
2228	145
878	146
1352	146
2484	146
2674	146
1580	148
1750	148
2297	148
671	150
172	151
350	151
816	151
1129	151
2284	151
2619	151
564	152
2243	155
164	156
262	156
361	156
503	156
597	156
633	156
858	156
893	156
1052	156
1108	156
1126	156
1274	156
1576	156
1580	156
2150	156
2317	156
2349	156
2442	156
2803	156
2994	156
3058	156
3198	156
3270	156
3318	156
730	158
755	158
2137	158
2311	158
2420	158
3276	158
3335	158
1620	159
3198	159
781	161
1983	161
2484	161
2709	161
3092	161
3296	161
439	163
780	163
3308	163
199	164
654	164
930	164
983	164
2377	164
2584	164
2729	164
2970	164
3231	164
3279	164
3334	164
3336	164
1280	165
1996	165
730	170
228	172
840	172
1183	172
1597	172
2069	172
2455	172
3075	172
1162	173
191	182
503	182
859	182
1108	182
1124	182
1668	182
2756	182
345	184
569	184
799	184
857	184
1973	184
2243	184
2901	184
1519	186
1563	186
340	191
343	191
3132	191
719	195
3334	195
2443	196
2941	196
228	197
561	197
470	198
563	198
2528	198
488	199
648	199
873	199
930	199
1221	199
1261	199
1760	199
1883	199
2376	199
2512	199
3268	199
475	204
577	204
1702	204
2091	204
1278	205
1459	205
2343	205
2982	205
2999	205
628	211
736	211
1759	211
3075	211
1089	214
470	215
2066	215
2108	215
304	219
449	219
1983	219
2484	219
2525	219
475	222
2091	222
3316	222
3317	222
3054	224
277	226
254	228
627	228
1241	228
1304	228
1345	228
1922	228
1983	228
2484	228
2674	228
3045	228
3075	228
3100	228
3301	228
435	230
3296	234
401	239
1769	239
1894	239
2036	239
2115	239
2500	239
2036	242
3330	242
623	246
755	246
761	246
788	246
981	246
1366	246
1791	246
2080	246
2361	246
2384	246
2516	246
3169	246
3241	246
661	249
627	254
1102	254
1678	254
2292	254
2611	254
2284	255
2604	255
3305	255
1114	256
2292	256
652	258
2067	259
658	260
2137	260
2337	260
393	262
595	262
1294	262
1543	262
2292	262
2780	262
3029	262
658	263
611	265
2297	266
470	269
591	269
1032	269
1145	269
1191	269
1442	269
2103	269
2288	269
2408	269
2562	269
2584	269
2598	269
2803	269
3045	269
3276	269
716	270
755	270
1897	270
1915	270
2276	270
2498	270
2596	270
540	272
1869	272
597	274
708	274
901	274
1268	274
1423	274
1506	274
2137	274
2700	274
2767	274
2827	274
2978	274
807	277
1614	277
2802	279
1317	280
2017	280
563	285
2343	288
553	291
435	293
1702	293
1359	294
1750	296
2297	296
553	297
1126	297
443	304
569	304
577	304
674	304
697	304
856	304
857	304
1064	304
1204	304
1654	304
1983	304
2312	304
2484	304
3334	304
1499	305
2424	305
1909	306
1991	306
1054	307
1702	307
1983	307
2459	307
2619	307
2852	307
730	311
1267	311
1686	311
2137	311
2284	311
2512	311
2674	311
2950	315
981	318
1507	318
443	323
697	323
1686	323
1922	323
3334	323
2748	324
3248	324
448	325
500	325
1111	325
822	327
875	339
1730	339
470	340
1054	340
1183	340
1527	340
1580	340
1887	340
1959	340
2069	340
2840	340
553	341
553	342
563	343
1004	343
1788	343
2843	343
470	344
1973	345
447	346
965	346
1316	346
1432	346
1652	346
1908	346
2272	346
2512	346
2873	346
2927	346
720	348
1099	348
2650	348
2844	348
3285	348
524	352
1493	352
2034	352
2379	352
2998	352
375	356
1801	356
3090	356
720	359
2674	359
925	361
967	361
2193	361
2779	361
3305	362
569	364
1108	364
2802	364
3054	364
788	366
1183	366
784	368
1280	368
595	372
780	372
2854	372
2998	372
658	375
448	384
460	384
500	384
588	384
650	384
785	384
789	384
820	384
828	384
876	384
950	384
965	384
975	384
985	384
986	384
1094	384
1111	384
1162	384
1186	384
1267	384
1299	384
1390	384
1421	384
1535	384
1580	384
1606	384
1652	384
1681	384
1750	384
1789	384
1853	384
1867	384
2006	384
2164	384
2254	384
2272	384
2292	384
2306	384
2371	384
2411	384
2422	384
2512	384
2574	384
2708	384
2782	384
2801	384
2842	384
2874	384
2928	384
3031	384
3087	384
3130	384
3219	384
3272	384
3299	384
3334	384
597	387
755	387
985	387
1148	387
1188	387
1738	387
1817	387
2267	387
2277	387
2843	387
2976	387
3175	387
2484	390
2512	393
401	394
810	394
1063	394
1268	394
2134	394
807	398
1268	398
1668	400
1969	400
2512	400
2633	400
2655	400
2946	400
2951	400
2999	400
755	401
810	401
1167	401
1224	401
1484	401
1769	401
2115	401
2134	401
2137	401
2206	401
2517	401
2542	401
3233	401
3276	401
2484	405
433	406
1904	406
2482	406
3049	409
2480	417
833	421
898	421
986	422
1046	422
1099	422
1309	422
1394	422
3076	422
3296	422
1750	427
2791	427
1199	430
1542	430
2134	430
2206	430
2331	430
2970	430
755	433
1904	433
1983	433
2272	433
3212	433
3300	433
602	434
467	435
597	435
689	435
844	435
958	435
1064	435
1204	435
1253	435
1362	435
1407	435
1647	435
2137	435
2292	435
2596	435
2650	435
2936	435
3092	435
1009	437
1250	437
790	439
985	439
1077	439
1153	439
1652	439
1827	439
1974	439
1204	442
3320	442
449	443
697	443
730	443
828	443
853	443
1064	443
1341	443
1983	443
2164	443
2227	443
3175	443
3340	443
2052	444
3279	444
986	445
2825	445
1432	447
2775	447
2927	447
820	448
1267	448
3219	448
465	449
697	449
1108	449
1153	449
1703	449
2312	449
2643	449
2802	449
2999	449
830	452
1885	452
486	457
858	460
962	460
1032	460
1175	460
2108	460
2292	460
2369	460
2484	460
2534	460
2853	460
2994	460
3069	460
3088	460
3092	460
3175	460
3233	460
628	463
798	465
981	465
1108	465
1703	465
2312	465
2802	465
2999	465
569	466
857	466
2951	466
569	467
640	467
981	467
1137	467
2292	467
2801	467
3092	467
503	470
554	470
574	470
717	470
780	470
1032	470
1036	470
1063	470
1196	470
1452	470
1549	470
1564	470
1664	470
1670	470
1917	470
1959	470
2045	470
2488	470
2863	470
2998	470
3024	470
3233	470
3249	470
3308	470
547	472
1969	472
2633	472
2655	472
2764	472
2946	472
2999	472
3356	472
856	475
1263	475
2091	475
2698	475
2674	482
2970	486
856	488
873	488
1221	488
2099	488
2484	488
2868	488
3092	488
3268	488
1175	489
1855	489
1989	489
2534	489
1274	490
1583	490
2674	490
3246	490
761	491
2343	492
901	493
2170	493
2302	494
1183	499
1111	500
1267	500
2137	500
2411	500
2804	500
1319	502
553	503
601	503
627	503
679	503
1050	503
1268	503
1599	503
2194	503
2243	503
2379	503
2442	503
2484	503
2517	503
2540	503
2867	503
3044	503
3047	503
3075	503
3305	503
541	515
569	515
2823	515
3092	515
1183	519
1969	520
2655	520
1050	523
577	527
994	527
1452	527
2292	527
2553	527
2723	527
3075	532
3186	532
2587	534
2633	534
2708	534
811	535
2292	537
2674	537
3296	540
705	541
811	541
1100	541
3169	541
2442	552
577	553
602	553
660	553
707	553
791	553
918	553
938	553
1016	553
1181	553
1471	553
1537	553
1662	553
1670	553
1791	553
1806	553
1817	553
1887	553
1890	553
1960	553
2052	553
2284	553
2464	553
2852	553
2868	553
2958	553
2999	553
3034	553
3070	553
3268	553
3324	553
3336	553
650	560
866	560
1743	560
1855	560
2980	560
2583	561
3276	561
1956	563
1979	563
1987	563
2014	563
2038	563
2243	563
2528	563
2925	563
1702	564
2312	564
612	569
950	569
965	569
975	569
985	569
1036	569
1044	569
1116	569
1245	569
1341	569
1519	569
1544	569
1759	569
1855	569
1922	569
1973	569
2014	569
2256	569
2292	569
2411	569
2444	569
2731	569
2778	569
2825	569
2843	569
3190	569
3301	569
613	573
1116	573
2464	573
1036	574
1702	574
700	577
706	577
735	577
755	577
816	577
826	577
856	577
904	577
918	577
938	577
950	577
967	577
994	577
1025	577
1026	577
1042	577
1099	577
1265	577
1314	577
1334	577
1482	577
1561	577
1608	577
1673	577
1679	577
2149	577
2183	577
2242	577
2243	577
2310	577
2404	577
2484	577
2509	577
2542	577
2545	577
2723	577
2770	577
2779	577
2970	577
3028	577
3133	577
3244	577
3301	577
3341	577
2782	580
878	581
1268	582
755	585
3334	588
2256	591
3070	591
3334	591
1478	594
1535	594
3159	594
1215	595
2267	595
2484	595
710	596
2936	596
950	597
1036	597
1046	597
1583	597
1678	597
1679	597
1702	597
2129	597
2223	597
2235	597
2243	597
2439	597
2455	597
2512	597
2853	597
3100	597
2737	598
2748	600
3296	600
755	601
1486	601
1759	601
2343	601
2987	601
2733	602
2939	602
1204	603
1803	603
2312	603
2744	603
2782	603
1030	611
1305	611
1524	611
1597	611
1867	611
755	612
1186	612
1853	612
1983	612
2272	612
2823	612
3075	612
3175	612
930	613
1054	613
1702	613
2633	613
2674	613
2708	613
2999	613
3062	613
3063	613
1376	618
2170	620
788	623
1366	623
2361	623
2384	623
3241	623
798	624
1385	624
1421	624
1456	624
1860	624
2484	624
2705	624
2484	625
3296	625
918	627
1139	627
1678	627
1831	627
2439	627
2616	627
2646	627
2883	627
2930	627
3328	627
697	628
768	628
799	628
841	628
859	628
981	628
1054	628
1346	628
1366	628
1484	628
1508	628
1654	628
1704	628
1764	628
1836	628
1986	628
2052	628
2243	628
2258	628
2276	628
2308	628
2309	628
2318	628
2484	628
2488	628
2623	628
2698	628
2771	628
3024	628
975	635
2292	640
1111	643
1268	644
755	647
1101	647
1272	647
1867	647
1977	647
2001	647
1760	648
755	650
1183	650
1983	650
3169	650
997	652
2213	652
2244	652
2674	652
2826	652
3070	652
780	656
1702	656
1888	658
3100	658
950	661
1183	661
1983	661
2534	661
2540	661
2739	661
2807	661
2987	661
1759	666
830	667
3181	667
736	669
1542	669
2331	669
719	670
2711	670
959	671
1062	671
1148	671
1278	671
2737	671
2878	671
1702	672
2206	674
2292	674
1752	678
893	679
1245	679
1271	679
1307	679
2228	679
2796	679
2829	679
3092	683
1803	689
2484	689
755	694
2017	694
2137	694
2312	694
2338	694
2523	694
3276	694
730	697
828	697
853	697
1341	697
2227	697
3075	697
3092	697
3175	697
3340	697
1036	700
1054	705
1238	705
1239	705
1517	705
1580	705
1798	705
1887	705
1959	705
2069	705
2311	705
2584	705
3021	705
3327	705
1049	706
1059	706
1239	706
1377	706
1495	706
1544	706
2390	706
901	708
1108	708
1268	708
2700	708
2827	708
2869	708
2978	708
1266	710
2052	710
2511	710
3279	710
1148	715
1213	715
1307	715
2228	715
3103	715
3272	715
3308	717
1108	718
767	719
1390	719
2711	719
764	720
1299	720
1686	720
3328	720
1050	721
2203	721
1204	724
3045	724
780	730
785	730
853	730
985	730
986	730
1032	730
1124	730
1186	730
1265	730
1267	730
1421	730
1652	730
1686	730
1692	730
1853	730
1981	730
2227	730
2277	730
2292	730
2306	730
2411	730
2512	730
2630	730
2648	730
2669	730
2791	730
2842	730
2995	730
3001	730
3031	730
3334	730
2951	735
1455	736
1885	736
1962	736
2063	736
2332	736
996	748
2509	748
2615	748
2709	748
1540	751
1960	754
2748	754
764	755
785	755
789	755
805	755
852	755
910	755
986	755
993	755
1009	755
1036	755
1046	755
1049	755
1077	755
1094	755
1124	755
1186	755
1299	755
1390	755
1421	755
1495	755
1523	755
1535	755
1601	755
1606	755
1652	755
1663	755
1686	755
1695	755
1722	755
1759	755
1763	755
1788	755
1789	755
1838	755
1853	755
1894	755
1900	755
1949	755
1977	755
1983	755
2006	755
2029	755
2235	755
2267	755
2272	755
2284	755
2292	755
2297	755
2302	755
2306	755
2312	755
2313	755
2343	755
2359	755
2371	755
2411	755
2512	755
2517	755
2590	755
2598	755
2619	755
2670	755
2701	755
2711	755
2737	755
2742	755
2801	755
2820	755
2910	755
2934	755
3001	755
3021	755
3092	755
3189	755
3224	755
3307	755
3335	755
1307	756
2228	756
3272	756
2292	757
2246	760
788	761
2516	761
2669	761
3241	761
1686	764
2006	764
1925	767
2320	767
2337	767
2080	768
3075	770
1280	771
2219	771
806	775
857	775
904	775
1134	775
2371	775
1855	776
3155	776
806	777
856	777
901	777
985	777
1134	777
2278	777
1032	780
1036	780
1063	780
1268	780
1832	780
1917	780
2488	780
2998	780
3024	780
3092	780
3258	780
3308	780
931	781
1265	781
1702	781
2706	781
3075	781
1046	782
2118	782
2259	782
2444	782
2481	782
1840	785
2292	785
2628	785
3092	785
3175	785
1637	787
2484	787
2516	788
3241	788
1319	789
1663	789
1964	790
1482	791
1855	791
2006	791
856	793
798	794
857	794
948	794
1036	794
1064	794
2484	794
2822	798
992	804
1009	804
1484	804
1928	804
2768	804
3047	804
967	805
2104	805
3038	805
904	806
985	806
1134	806
3119	806
1665	807
2237	807
2310	807
3198	807
3310	807
1057	809
2036	810
2115	810
2970	810
3308	811
2154	813
1945	816
3028	816
3092	816
3093	816
1390	820
1853	820
1904	820
2137	820
2164	820
2272	820
2306	820
2482	820
2512	820
3328	820
3340	820
2512	826
1183	828
1456	828
1983	828
2164	828
2227	828
2294	828
2951	828
3334	828
958	830
1064	830
1096	830
1654	830
1921	830
2243	830
2484	830
2521	830
2982	830
3070	830
3336	830
3347	830
2512	833
1102	837
2017	837
3241	837
1119	838
1072	847
1519	847
1563	847
1597	847
2464	847
2919	847
910	850
1694	850
1894	850
2137	850
2285	850
2878	850
1210	852
1575	852
1671	852
1788	852
2137	852
2311	852
2629	852
2648	852
2807	852
3017	852
3075	852
3259	852
2264	853
2421	854
981	856
1064	856
1374	856
1654	856
2484	856
3029	856
3076	856
3080	856
1036	857
1111	857
1124	857
1482	857
1484	857
1535	857
1541	857
1750	857
1922	857
2006	857
2014	857
2164	857
2272	857
2292	857
2444	857
2512	857
2590	857
2904	857
2976	857
3262	857
1702	858
2709	858
2950	858
1276	859
1278	859
2194	859
2584	859
2793	859
3119	859
1319	873
2292	873
1673	874
2243	874
2742	874
2923	874
1268	878
3088	878
3255	878
3335	878
2951	880
2628	881
2674	881
2974	881
1183	885
1071	893
1355	893
1628	893
1678	893
1700	893
1945	893
2212	893
2822	893
3076	893
3305	893
2390	894
1108	895
992	898
2183	898
2450	898
2484	899
1268	901
1423	901
1506	901
1654	901
2243	901
2261	901
2700	901
2732	901
2767	901
2827	901
2869	901
2978	901
3212	901
1791	902
1983	902
2243	902
2833	902
3055	902
3202	902
985	904
1134	904
1390	910
1421	910
2137	910
2294	910
2645	910
2708	910
2823	910
2843	910
3336	914
2292	916
3244	916
2674	918
999	921
1376	922
1088	925
1317	925
1664	925
1921	925
2417	925
1342	930
1362	930
1654	930
1668	930
1833	930
2650	930
2683	930
2927	930
1597	931
1608	931
1686	936
1019	938
1064	938
1204	938
1280	938
1654	938
2137	938
2243	938
2484	938
2547	938
1549	950
2863	950
3092	950
1908	952
1539	954
2155	954
3184	954
1183	956
2137	957
2420	957
2619	957
1148	959
1183	959
2137	959
2737	959
2861	959
3144	959
1679	960
1468	961
1673	961
2535	961
2951	961
2958	961
3053	961
3308	961
3334	961
1162	965
1535	965
1686	965
1750	965
1855	965
1922	965
2297	965
2708	965
3334	965
2022	967
2067	967
2509	967
2556	967
2698	967
2779	967
3169	967
2775	971
1750	973
2891	973
1379	975
1667	975
1959	975
1995	975
2294	975
2512	975
1693	976
1983	976
2361	976
2384	976
2484	976
2650	976
1241	979
1183	981
1654	981
2136	981
2261	981
2484	981
2598	981
3075	981
3100	981
1019	985
1162	985
1280	985
1484	985
1544	985
1750	985
1839	985
1949	985
1959	985
2164	985
2274	985
2292	985
2297	985
2655	985
2709	985
2843	985
2982	985
2999	985
3356	985
1076	986
1183	986
2164	986
2294	986
2420	986
2512	986
2823	986
2906	986
2919	986
1908	987
3184	987
3279	991
1009	992
1016	992
1050	992
1278	992
1484	992
1759	992
1928	992
2134	992
2137	992
2206	992
2512	992
2768	992
2970	992
2974	992
3047	992
1042	994
1173	994
1265	994
1608	994
2770	994
3005	994
2509	996
2999	996
2434	999
3070	999
1046	1001
1164	1004
2466	1004
2587	1004
2951	1004
2958	1004
1052	1006
2137	1006
1086	1009
1484	1009
1542	1009
1928	1009
2055	1009
2134	1009
2206	1009
2607	1009
2768	1009
2970	1009
3047	1009
1060	1010
1230	1014
1759	1015
3047	1015
1912	1018
2650	1018
3262	1018
2274	1019
2512	1019
1722	1025
3039	1025
1908	1026
2452	1027
2310	1028
2512	1029
2674	1029
3334	1029
1275	1030
1036	1032
1063	1032
1917	1032
2488	1032
2998	1032
3024	1032
3092	1032
3308	1032
1969	1034
1063	1036
1840	1036
1917	1036
2108	1036
2243	1036
2292	1036
2337	1036
2845	1036
2951	1036
2976	1036
3024	1036
3233	1036
3308	1036
1055	1044
1408	1044
1433	1044
2050	1044
2704	1044
1148	1046
1183	1046
1267	1046
1403	1046
1763	1046
1894	1046
2292	1046
2482	1046
2771	1046
2411	1048
1693	1049
3075	1049
1268	1050
1632	1050
1819	1050
2203	1050
2243	1050
3133	1050
1871	1051
1064	1052
1204	1052
2570	1052
1239	1054
1366	1054
1580	1054
1887	1054
1959	1054
2069	1054
2243	1054
2672	1054
2967	1054
2999	1054
3070	1054
1135	1055
1846	1055
2891	1055
1340	1057
1407	1057
1460	1057
1541	1057
1884	1057
2844	1057
3138	1057
2484	1059
1148	1062
1111	1063
1121	1063
1452	1063
1917	1063
3024	1063
3138	1063
3308	1063
1208	1064
2086	1064
2183	1064
2484	1064
3334	1064
1190	1067
2584	1067
1304	1070
1352	1070
3108	1070
1265	1071
1355	1071
1564	1071
1628	1071
1945	1071
1994	1071
2172	1071
2822	1071
3076	1071
3305	1071
2547	1072
2587	1072
3075	1074
2284	1075
3144	1075
1183	1076
1885	1076
1922	1076
2284	1076
2312	1076
2906	1076
2919	1076
1599	1079
1702	1082
2801	1086
2674	1087
1157	1088
2557	1092
3021	1092
1299	1094
1702	1094
2317	1094
2455	1094
2584	1094
3307	1094
1539	1095
1183	1096
1750	1096
2063	1099
2540	1099
2801	1100
1224	1101
1272	1101
1867	1101
1977	1101
1983	1101
2001	1101
2553	1101
1411	1108
1670	1108
1703	1108
1942	1108
2230	1108
2312	1108
2572	1108
2802	1108
2978	1108
2999	1108
3144	1108
3174	1108
2285	1110
2587	1110
1183	1111
1959	1111
2164	1111
2448	1111
2278	1112
1599	1113
2464	1116
3262	1116
1390	1124
1704	1124
2104	1124
2137	1124
2994	1124
3334	1124
1204	1126
1468	1126
1508	1126
1678	1126
1866	1126
2127	1126
2189	1126
2572	1126
2637	1126
2892	1126
2993	1126
3174	1126
1183	1129
1384	1133
2961	1134
2337	1135
3092	1135
1730	1137
2311	1138
2288	1141
1810	1142
3045	1145
1204	1148
2020	1148
2228	1148
2313	1148
2509	1148
2737	1148
3126	1148
3272	1148
1671	1153
2298	1153
3119	1153
3229	1153
1850	1155
3231	1156
1164	1157
1637	1157
2402	1157
3203	1158
1681	1159
2090	1162
2596	1162
2602	1162
2803	1162
1183	1164
1275	1165
1647	1165
1561	1168
1268	1171
1652	1173
1544	1175
2369	1175
2464	1175
2517	1175
2534	1175
2972	1175
1299	1176
1977	1176
2484	1176
1540	1177
2223	1177
1265	1183
1415	1183
1580	1183
1682	1183
1983	1183
2052	1183
2069	1183
2137	1183
2284	1183
2406	1183
2411	1183
2455	1183
2464	1183
2619	1183
2803	1183
2829	1183
2833	1183
2875	1183
2906	1183
2913	1183
2919	1183
2940	1183
2950	1183
2953	1183
1527	1186
1846	1186
1853	1186
2137	1186
2272	1186
2584	1190
2194	1199
1265	1202
1908	1202
2443	1202
1459	1204
1544	1204
2001	1204
2484	1204
2587	1204
2807	1204
2934	1204
2937	1204
3128	1204
3133	1204
3174	1204
3236	1204
2910	1205
1900	1208
2183	1208
2411	1208
2681	1208
2852	1208
3336	1208
2166	1209
1671	1210
1788	1210
2629	1210
2648	1210
3017	1210
3229	1210
3259	1210
3272	1213
2099	1221
2868	1221
3268	1221
2104	1223
1569	1227
1535	1228
2024	1230
2879	1230
2540	1237
1390	1238
1678	1238
1580	1239
1887	1239
1959	1239
2069	1239
2748	1239
3305	1240
1681	1241
2452	1241
2654	1241
2951	1241
1267	1244
2256	1246
1928	1250
2383	1250
2553	1254
1485	1261
1885	1263
1964	1265
1702	1267
1983	1267
2243	1267
2411	1267
2512	1267
2584	1267
2595	1267
2843	1267
2856	1267
2919	1267
3031	1267
3070	1267
3146	1267
3238	1267
1269	1268
1315	1268
1423	1268
1572	1268
1652	1268
1738	1268
2034	1268
2194	1268
2243	1268
2426	1268
2439	1268
2460	1268
2615	1268
2643	1268
2666	1268
2700	1268
2767	1268
2827	1268
2869	1268
3070	1268
1867	1272
2001	1272
1964	1273
1702	1274
2235	1274
2292	1274
3320	1274
1647	1275
1686	1278
2853	1278
3070	1278
1535	1280
1789	1280
1855	1280
2297	1280
2742	1280
2958	1280
3088	1280
3128	1280
3334	1280
1306	1283
2292	1283
2411	1288
1652	1299
1702	1299
1760	1299
1944	1299
2317	1299
2619	1299
3033	1299
3195	1299
2833	1305
2972	1305
3229	1305
2228	1307
2829	1307
2834	1307
3064	1307
3103	1307
3272	1307
2104	1309
1686	1315
2927	1316
2867	1317
2919	1317
2164	1319
2261	1319
2553	1319
3217	1319
2243	1321
2938	1321
2889	1325
2056	1328
2490	1330
2337	1333
1864	1336
2294	1341
2337	1341
1712	1344
2951	1344
2867	1350
1606	1352
1631	1352
1654	1352
2308	1352
3212	1352
1628	1355
1945	1355
2822	1355
2963	1355
3076	1355
3174	1355
3305	1355
1840	1359
2272	1359
2292	1359
2919	1362
3334	1364
2361	1366
2384	1366
2516	1366
2557	1366
3187	1366
1928	1368
2036	1368
2115	1368
2134	1368
3075	1368
1991	1373
2765	1374
1661	1376
1668	1376
2127	1376
2261	1376
2411	1376
3075	1379
2292	1384
1722	1385
3039	1385
2970	1388
1922	1390
2418	1390
2464	1390
2512	1390
2791	1390
2843	1390
3334	1390
2288	1394
3340	1394
3047	1405
1580	1407
2227	1407
3354	1407
2704	1408
2605	1411
3170	1411
2235	1412
1692	1421
1694	1421
1964	1421
2512	1421
2630	1421
2823	1421
2994	1421
3276	1421
2827	1423
2978	1423
1440	1432
1908	1432
2243	1432
2775	1432
2873	1432
2927	1432
2425	1436
3341	1436
1893	1440
2775	1440
2873	1440
1599	1441
3120	1442
2807	1445
1679	1452
2723	1452
3069	1452
2982	1459
2919	1468
2411	1471
2708	1474
2999	1474
3062	1474
3063	1474
2547	1475
3181	1475
2108	1482
1928	1484
2014	1484
2134	1484
2206	1484
2768	1484
2970	1484
3047	1484
1852	1485
1759	1486
2343	1486
2712	1486
2951	1490
2698	1492
2709	1493
3141	1497
3150	1497
2424	1499
2827	1506
3198	1513
2619	1517
2384	1518
1563	1519
1667	1523
2312	1523
3075	1527
3119	1527
3208	1527
2851	1531
1759	1532
2292	1533
1840	1535
1908	1535
2090	1535
2137	1535
2294	1535
2349	1535
2484	1535
2596	1535
2602	1535
2803	1535
2807	1535
2843	1535
2930	1535
1592	1540
1983	1540
2194	1541
2134	1542
2206	1542
2331	1542
2970	1542
2852	1543
1670	1544
1983	1544
2584	1544
2615	1544
2863	1549
3296	1549
2475	1550
1686	1561
2056	1561
3334	1561
3126	1563
2337	1566
2368	1569
2946	1569
1647	1575
1599	1579
1652	1579
1887	1580
1903	1580
1959	1580
2069	1580
3039	1580
1999	1583
2709	1583
3305	1583
2194	1589
2124	1594
3328	1594
1608	1599
1635	1599
1681	1599
2055	1599
2243	1599
2533	1599
2744	1599
2771	1599
2951	1599
2574	1601
2492	1606
2512	1606
3334	1606
1840	1608
2540	1615
1852	1619
3092	1622
1754	1628
2822	1628
3076	1628
3305	1628
2164	1632
2673	1637
1652	1647
2166	1647
2292	1648
2006	1652
2137	1652
2164	1652
2823	1652
3010	1652
3146	1652
3175	1652
3219	1652
1759	1654
1894	1654
1949	1654
1979	1654
2014	1654
2046	1654
2066	1654
2337	1654
2584	1654
2619	1654
3334	1654
3336	1654
1810	1658
3198	1658
3141	1663
1712	1664
2378	1664
2458	1664
2771	1664
3322	1665
1991	1667
1679	1668
2292	1668
2708	1668
2977	1668
3062	1668
3334	1668
1681	1670
2029	1670
2484	1670
3119	1670
1788	1671
2329	1671
2598	1671
2629	1671
2648	1671
3017	1671
3229	1671
3259	1671
3334	1671
1730	1673
1746	1673
2987	1673
3144	1673
2292	1678
2292	1679
2297	1679
2439	1679
2628	1679
2683	1679
3341	1679
2164	1681
2243	1681
2874	1681
3092	1681
2771	1682
1744	1686
2056	1686
2137	1686
2164	1686
3100	1686
3175	1686
2553	1692
2648	1693
2762	1693
2858	1693
3198	1693
2600	1695
2194	1700
1779	1702
1827	1702
2066	1702
2256	1702
2261	1702
2292	1702
2553	1702
2709	1702
2919	1702
3063	1702
3268	1702
3301	1702
2312	1703
2802	1703
2999	1703
3181	1707
1752	1712
2194	1722
2767	1722
3039	1722
2850	1730
2894	1730
3310	1730
3144	1737
3315	1741
2953	1743
1754	1744
2648	1744
2085	1750
2090	1750
2137	1750
2336	1750
2349	1750
2512	1750
2557	1750
2823	1750
2930	1750
2199	1754
2901	1754
2227	1759
2343	1759
2484	1759
2547	1759
3185	1759
2748	1762
2137	1763
2243	1763
2455	1763
3195	1763
3189	1764
3304	1769
3117	1771
2411	1775
2137	1788
2235	1788
2306	1788
2629	1788
2648	1788
3017	1788
3259	1788
2137	1789
3100	1789
2807	1791
2681	1801
3090	1801
1856	1803
1957	1803
2405	1803
2288	1808
2444	1821
3063	1821
2484	1826
2953	1827
3347	1829
2284	1831
3092	1837
1855	1840
2512	1840
3012	1840
2020	1846
2858	1846
2272	1853
2807	1853
3334	1853
1989	1855
2137	1855
2142	1855
2194	1855
2422	1855
2595	1855
2632	1855
2807	1855
3279	1855
2587	1856
2064	1862
1977	1867
2001	1867
2676	1869
2709	1869
3119	1869
2936	1871
2990	1871
3307	1872
2114	1877
3334	1879
2194	1880
2674	1880
2823	1880
3334	1883
1941	1885
1996	1885
2906	1885
2914	1885
2919	1885
3300	1885
1959	1887
2069	1887
2425	1887
3167	1887
2155	1888
2452	1888
2633	1888
2869	1893
2500	1894
2695	1894
2858	1894
3076	1894
2292	1895
2867	1900
3164	1900
3276	1900
2928	1901
1908	1904
2294	1904
3212	1904
3300	1904
2443	1908
2572	1911
2306	1912
3262	1912
2371	1913
3231	1915
3092	1917
3308	1917
3335	1921
1983	1922
2292	1922
2919	1922
3175	1922
2320	1925
2134	1928
2206	1928
2292	1928
2517	1928
2970	1928
3047	1928
3304	1928
3308	1928
2338	1935
3049	1935
2674	1941
2822	1945
2194	1946
2137	1949
3149	1949
2374	1950
2069	1959
2455	1959
2623	1959
2525	1962
2041	1964
2058	1964
2264	1964
2534	1964
2585	1964
3054	1964
3259	1967
2655	1969
2946	1969
2999	1969
3356	1969
3334	1972
2001	1977
3334	1982
2006	1983
2235	1983
2292	1983
2329	1983
2444	1983
2452	1983
2807	1983
2840	1983
2904	1983
2980	1983
3144	1983
3219	1983
3301	1983
1996	1987
2978	1992
2867	1995
2902	1995
2919	1996
2155	1997
2017	1998
3070	1999
2490	2003
2164	2006
2292	2006
2297	2006
2590	2006
2807	2006
2392	2014
3092	2014
2766	2015
3310	2017
2411	2019
2059	2020
2908	2020
2709	2023
2056	2027
3170	2027
2137	2034
2704	2034
3075	2034
2452	2035
2115	2036
2124	2036
2500	2036
3304	2036
3284	2042
2194	2046
2292	2046
2925	2046
2920	2048
3279	2052
2188	2056
2292	2056
2657	2056
3092	2056
3170	2056
2908	2059
3174	2060
2484	2063
2484	2066
2668	2066
2452	2067
2779	2067
2484	2071
2377	2075
2385	2080
2516	2080
2484	2086
2791	2090
3219	2090
3334	2090
3316	2091
3317	2091
3268	2099
3334	2102
2408	2103
3127	2104
2458	2108
2297	2109
2190	2111
2500	2115
3034	2115
3262	2115
3304	2115
2484	2124
2478	2130
3063	2130
3288	2133
2206	2134
2233	2134
2331	2134
2500	2134
2542	2134
2937	2134
2970	2134
3047	2134
3304	2134
3054	2135
3213	2135
2183	2137
2272	2137
2284	2137
2297	2137
2306	2137
2310	2137
2364	2137
2418	2137
2480	2137
2512	2137
2602	2137
2630	2137
2648	2137
2674	2137
2709	2137
2791	2137
2801	2137
2833	2137
2869	2137
3175	2137
3177	2137
3231	2137
3236	2137
3334	2137
3336	2137
2605	2140
2297	2142
2547	2151
2568	2151
3092	2152
2243	2164
2261	2164
2294	2164
2306	2164
2313	2164
2587	2164
2619	2164
2674	2164
2709	2164
2851	2164
2874	2164
2928	2164
3180	2164
3262	2164
3334	2164
2194	2166
2357	2166
2509	2166
2194	2182
3268	2183
2243	2194
2307	2194
2492	2194
2553	2194
2977	2201
3236	2201
2459	2206
2768	2206
2970	2206
3017	2206
3047	2206
3128	2206
3304	2206
3080	2211
2480	2216
2974	2218
2443	2227
3103	2228
3272	2228
2809	2230
3092	2230
2791	2233
2386	2235
2517	2235
2587	2235
2850	2235
2243	2237
2683	2237
2867	2239
2982	2239
2361	2242
3004	2242
2267	2243
2270	2243
2312	2243
2411	2243
2452	2243
2455	2243
2484	2243
2587	2243
2646	2243
2648	2243
2762	2243
2827	2243
2843	2243
2867	2243
2938	2243
2951	2243
2987	2243
3075	2243
3144	2243
3180	2243
3195	2243
3259	2243
3305	2243
3347	2243
3356	2243
2439	2246
3230	2246
2537	2256
2292	2261
3070	2261
2572	2267
2758	2267
2974	2267
2337	2272
2338	2272
2512	2272
2517	2272
2919	2277
2617	2278
2292	2284
2428	2284
2447	2284
2484	2284
2875	2284
2906	2284
2919	2284
2950	2284
2958	2284
3233	2284
3237	2284
2674	2285
3130	2289
2512	2292
2613	2292
2628	2292
2683	2292
2706	2292
2807	2292
2853	2292
2951	2292
3092	2292
3175	2292
3217	2292
3334	2292
3341	2292
2337	2294
2602	2294
2953	2294
3074	2294
3219	2294
2696	2297
2953	2297
3175	2297
3075	2302
2512	2306
2619	2306
2708	2306
2843	2306
2920	2306
3164	2306
2767	2311
2802	2312
2919	2312
2999	2312
3070	2312
3075	2312
2336	2313
2807	2313
2490	2320
2484	2325
3334	2325
2629	2329
3229	2329
2686	2330
2970	2331
2484	2337
2737	2337
2801	2337
2825	2337
2950	2337
2953	2337
3074	2337
3331	2337
3188	2338
3359	2338
2712	2343
2987	2343
2384	2361
2516	2361
3169	2361
3180	2364
3276	2368
2590	2374
3174	2383
2516	2384
3044	2398
2420	2408
2587	2411
2844	2411
2924	2411
3031	2411
3253	2411
2484	2412
3334	2420
2715	2421
2484	2422
2762	2422
2801	2422
3103	2422
3259	2422
3341	2425
2515	2439
2646	2439
3347	2439
2540	2441
2674	2442
3237	2442
3334	2443
2584	2448
2779	2452
2924	2452
3092	2452
2938	2455
3195	2455
3174	2458
2632	2464
3109	2475
2537	2480
2708	2480
2858	2480
2703	2482
2584	2484
2674	2484
2733	2484
2771	2484
2773	2484
2807	2484
3092	2484
3121	2484
3175	2484
3262	2484
3299	2484
3301	2484
3308	2488
2711	2490
2773	2490
2970	2500
3304	2500
3170	2504
3352	2511
2619	2512
2669	2512
2842	2512
2843	2512
3021	2512
3031	2512
3262	2512
3334	2512
2648	2515
3241	2516
2587	2517
2827	2517
3063	2517
2674	2525
2853	2535
3175	2535
2863	2537
2978	2541
2970	2542
3299	2547
2932	2568
2974	2570
2958	2572
2946	2583
2733	2584
2936	2584
2763	2587
3091	2587
3075	2590
3244	2590
3336	2596
3229	2598
2632	2602
3092	2602
2762	2604
3259	2604
3334	2609
2674	2616
2906	2619
3071	2619
3219	2619
3328	2619
3334	2619
2940	2623
3334	2628
2648	2629
3017	2629
3259	2629
2791	2630
3146	2630
3175	2630
3340	2630
2655	2633
2708	2633
2764	2633
2946	2633
2999	2633
3062	2633
3063	2633
3334	2633
3356	2633
3039	2635
2650	2641
3213	2644
3017	2648
3130	2648
3259	2648
3081	2650
2764	2655
3356	2655
3341	2668
3334	2673
2708	2674
2748	2674
2843	2674
2919	2674
3180	2674
3287	2681
2999	2686
3119	2686
2981	2690
3307	2690
3229	2695
3075	2698
2767	2700
2827	2700
2869	2700
2978	2700
3047	2703
3075	2706
3174	2706
2764	2708
2999	2708
3062	2708
3063	2708
3334	2708
2791	2709
3175	2709
3252	2737
3314	2737
2770	2748
3039	2748
2801	2762
3259	2762
2946	2764
2999	2764
3356	2764
3070	2766
2827	2767
2978	2767
2970	2768
3100	2768
3075	2770
3119	2770
2802	2771
2860	2771
2939	2771
3075	2779
2866	2786
3146	2791
3175	2791
3259	2801
2999	2802
3320	2802
2889	2803
3334	2803
3334	2807
3076	2822
3305	2822
3334	2823
3070	2825
2869	2827
2978	2827
3075	2842
3334	2843
2951	2846
3175	2853
3341	2853
2999	2858
3276	2858
3070	2867
3268	2868
2978	2869
2927	2873
3334	2874
2906	2875
2919	2875
2950	2875
3092	2894
3092	2904
2919	2906
2978	2908
2919	2914
3081	2932
3075	2934
3119	2934
3334	2934
3328	2936
2970	2937
2999	2946
3356	2946
3070	2950
2958	2951
3304	2970
3236	2977
3068	2978
3174	2994
3334	2994
3062	2999
3063	2999
3356	2999
3189	3017
3259	3017
3092	3024
3308	3024
3305	3032
3070	3039
3063	3062
3347	3070
3356	3070
3108	3075
3121	3075
3144	3075
3170	3075
3305	3076
3182	3092
3334	3092
3272	3103
3296	3119
3296	3121
3304	3128
3219	3135
3150	3141
3191	3144
3219	3157
3279	3162
3334	3164
3335	3164
3276	3174
3334	3175
3335	3175
3360	3185
3296	3219
3241	3220
3259	3229
3276	3272
3334	3276
3307	3296
3340	3305
3340	3334
3341	3334
