1	905
2	375
2	632
2	815
2	929
4	284
11	1318
16	169
16	253
16	345
16	348
16	364
16	480
16	793
16	877
16	915
16	1061
16	1099
16	1150
16	1324
16	1408
18	313
18	567
18	782
18	801
18	811
18	897
18	938
18	1041
18	1162
18	1429
27	550
27	981
27	1007
27	1010
27	1259
28	1007
29	1013
32	107
33	133
33	142
34	631
34	1161
34	1182
37	101
37	186
37	233
37	356
37	399
37	470
37	488
37	496
37	505
37	550
37	618
37	698
37	748
37	877
37	882
37	893
37	940
37	956
37	987
37	989
37	1010
37	1016
37	1072
37	1119
37	1127
37	1150
37	1189
37	1259
37	1355
37	1393
38	1130
51	93
51	113
51	177
51	240
51	324
51	325
51	500
51	549
51	572
51	586
51	610
51	687
51	829
51	1064
51	1068
51	1202
51	1281
51	1334
54	455
54	935
65	157
65	197
65	333
65	358
65	393
65	422
65	543
65	657
65	875
65	904
65	1091
65	1093
65	1145
65	1314
65	1383
66	1011
66	1440
68	657
68	875
71	266
71	273
71	598
71	604
71	641
71	1079
71	1080
71	1084
71	1394
77	1224
78	521
82	299
82	393
82	543
82	678
82	798
82	904
82	1415
83	148
83	154
83	258
83	297
83	311
83	342
83	724
83	845
83	865
83	985
83	1034
83	1175
83	1276
87	535
87	814
91	169
91	244
91	364
91	480
91	550
91	793
91	877
91	882
91	1016
91	1081
91	1219
91	1343
91	1382
91	1393
93	113
93	240
93	324
93	325
93	500
93	549
93	572
93	586
93	610
93	687
93	829
93	1064
93	1068
93	1202
93	1281
93	1289
93	1334
95	204
95	210
95	215
95	241
95	270
95	479
95	532
95	744
95	824
95	992
95	1136
95	1173
95	1197
95	1277
95	1291
95	1292
95	1363
95	1398
95	1431
95	1451
95	1454
99	801
101	186
101	345
101	356
101	399
101	470
101	488
101	496
101	505
101	550
101	618
101	748
101	940
101	987
101	989
101	1016
101	1072
101	1119
101	1127
101	1150
103	1400
108	438
111	149
111	284
111	314
111	458
111	502
111	696
111	843
111	846
111	958
111	1047
111	1291
112	169
112	183
112	214
112	352
112	566
112	653
112	793
112	823
112	914
112	1048
112	1056
112	1150
112	1156
112	1259
112	1333
112	1384
112	1436
113	240
113	324
113	325
113	500
113	549
113	572
113	586
113	610
113	687
113	829
113	1064
113	1068
113	1202
113	1281
113	1334
117	355
117	801
121	676
121	1013
121	1241
121	1253
121	1266
123	148
123	258
123	297
123	311
123	985
123	1034
123	1175
124	601
124	1377
125	446
125	747
125	1036
127	664
128	396
131	169
131	475
131	494
131	571
131	793
131	910
131	1007
131	1238
131	1259
132	669
133	142
134	384
134	832
134	1134
134	1382
136	231
136	644
136	777
136	947
140	1411
148	154
148	258
148	297
148	311
148	724
148	845
148	865
148	946
148	985
148	1034
148	1175
148	1276
149	314
149	458
149	696
149	846
149	958
149	1031
149	1036
149	1047
154	258
154	297
154	311
154	342
154	724
154	845
154	865
154	946
154	985
154	1034
154	1175
154	1276
155	256
155	384
155	415
155	596
155	667
155	892
155	1151
155	1206
155	1399
157	333
157	358
157	422
157	657
157	904
157	1091
157	1145
157	1314
159	390
159	507
159	630
159	1166
159	1198
159	1237
159	1284
159	1342
164	284
164	1272
164	1363
165	435
169	214
169	244
169	320
169	352
169	364
169	401
169	470
169	494
169	550
169	562
169	566
169	653
169	698
169	793
169	857
169	870
169	877
169	882
169	893
169	900
169	910
169	914
169	926
169	1010
169	1048
169	1056
169	1081
169	1099
169	1119
169	1228
169	1259
169	1315
169	1333
169	1361
169	1384
169	1436
177	687
178	459
182	913
183	399
183	539
183	793
183	823
183	1156
183	1259
183	1333
184	718
185	1350
186	233
186	256
186	345
186	356
186	384
186	399
186	470
186	480
186	488
186	505
186	550
186	698
186	748
186	877
186	882
186	893
186	940
186	989
186	1010
186	1016
186	1072
186	1119
186	1127
186	1134
186	1189
186	1259
186	1333
186	1355
186	1393
186	1416
192	264
192	1104
195	1423
197	333
197	358
197	393
197	543
197	657
197	904
197	1091
197	1093
197	1145
197	1314
197	1383
200	759
200	768
204	210
204	479
204	532
204	1277
204	1292
204	1451
205	483
205	487
210	479
210	532
210	992
210	1277
210	1292
210	1363
210	1451
211	283
211	699
211	806
211	1309
214	320
214	352
214	401
214	562
214	566
214	653
214	793
214	857
214	870
214	900
214	914
214	1048
214	1056
214	1081
214	1211
214	1259
214	1315
214	1333
214	1361
214	1384
214	1436
215	241
215	824
215	1136
215	1197
215	1291
215	1292
215	1431
215	1451
215	1454
227	910
227	1100
231	644
231	777
231	947
233	345
233	356
233	364
233	399
233	488
233	505
233	550
233	618
233	698
233	748
233	793
233	863
233	877
233	882
233	987
233	989
233	1010
233	1016
233	1072
233	1119
233	1150
233	1189
233	1219
233	1234
233	1259
233	1355
234	1242
240	324
240	325
240	500
240	549
240	572
240	586
240	610
240	687
240	829
240	1064
240	1068
240	1202
240	1281
240	1289
240	1334
241	824
241	1136
241	1197
241	1291
241	1454
244	252
244	364
244	384
244	480
244	698
244	832
244	863
244	877
244	882
244	937
244	1081
244	1189
244	1219
244	1228
244	1333
244	1343
244	1382
252	364
252	384
252	550
252	863
252	1228
252	1382
252	1399
253	915
253	1061
253	1099
253	1259
253	1408
255	1230
256	384
256	415
256	470
256	486
256	488
256	596
256	667
256	863
256	877
256	1134
256	1151
256	1206
256	1382
256	1393
256	1399
258	297
258	311
258	342
258	724
258	845
258	865
258	946
258	985
258	1034
258	1175
258	1276
259	658
259	899
259	1298
260	502
260	1180
260	1445
264	1104
265	1188
266	273
266	598
266	604
266	641
266	1032
266	1080
266	1084
266	1394
267	438
267	695
270	744
270	1136
270	1173
270	1292
270	1398
270	1431
270	1451
273	598
273	604
273	1032
273	1079
273	1080
273	1084
273	1394
277	748
283	449
283	699
283	806
283	817
283	1309
284	531
284	1004
284	1272
284	1363
297	311
297	342
297	724
297	845
297	865
297	946
297	985
297	1034
297	1175
297	1183
297	1276
298	462
299	393
299	543
299	657
299	678
299	798
299	904
300	751
300	955
300	1349
307	554
307	568
307	582
307	633
307	634
307	1164
307	1453
308	1251
309	828
311	342
311	724
311	845
311	865
311	946
311	985
311	1034
311	1175
311	1276
313	567
313	782
313	801
313	811
313	897
313	938
313	1041
313	1162
313	1429
314	458
314	696
314	843
314	846
314	958
314	1031
314	1036
314	1047
320	340
320	352
320	401
320	562
320	653
320	857
320	870
320	900
320	914
320	926
320	1048
320	1056
320	1122
320	1275
320	1361
320	1384
320	1436
321	455
324	325
324	500
324	549
324	572
324	586
324	610
324	687
324	829
324	1064
324	1068
324	1202
324	1281
324	1334
325	500
325	549
325	572
325	586
325	610
325	687
325	829
325	1064
325	1068
325	1202
325	1281
325	1334
333	358
333	393
333	422
333	657
333	904
333	1091
333	1145
333	1314
340	562
340	1048
340	1361
342	545
342	845
342	985
342	1034
343	357
343	573
343	1018
343	1263
345	356
345	470
345	480
345	488
345	496
345	505
345	550
345	618
345	620
345	698
345	748
345	877
345	893
345	987
345	989
345	1010
345	1016
345	1072
345	1119
345	1150
345	1259
345	1393
348	915
348	1061
348	1099
348	1171
348	1289
348	1324
348	1408
352	401
352	509
352	562
352	566
352	653
352	793
352	857
352	870
352	900
352	914
352	926
352	1048
352	1056
352	1122
352	1259
352	1275
352	1361
352	1384
352	1436
355	801
356	364
356	384
356	399
356	470
356	480
356	488
356	505
356	550
356	612
356	618
356	698
356	748
356	793
356	863
356	877
356	882
356	893
356	940
356	956
356	987
356	989
356	1010
356	1016
356	1072
356	1119
356	1127
356	1134
356	1135
356	1150
356	1189
356	1228
356	1259
356	1355
356	1382
356	1393
357	573
357	1018
357	1263
358	393
358	422
358	543
358	657
358	904
358	1093
358	1145
358	1314
363	1242
364	384
364	470
364	480
364	698
364	793
364	800
364	863
364	877
364	882
364	910
364	937
364	1016
364	1081
364	1134
364	1228
364	1333
364	1343
364	1382
364	1399
365	504
365	1177
365	1256
368	1449
371	1243
372	531
372	641
372	1141
373	623
380	470
380	620
380	793
380	1010
380	1393
382	1327
384	415
384	447
384	470
384	550
384	596
384	620
384	667
384	832
384	863
384	877
384	937
384	1134
384	1151
384	1206
384	1228
384	1343
384	1382
384	1393
384	1399
385	763
389	1225
390	507
390	630
390	1166
390	1198
390	1237
390	1284
390	1342
391	548
391	760
391	924
391	1061
391	1099
391	1408
393	494
393	543
393	657
393	678
393	707
393	798
393	904
393	1093
393	1145
393	1314
393	1383
399	470
399	480
399	488
399	505
399	550
399	558
399	618
399	698
399	748
399	793
399	877
399	882
399	893
399	940
399	987
399	989
399	1010
399	1016
399	1072
399	1119
399	1127
399	1150
399	1189
399	1259
399	1355
399	1393
401	562
401	566
401	653
401	857
401	870
401	900
401	914
401	926
401	1048
401	1056
401	1259
401	1361
401	1384
401	1436
403	806
403	931
403	1269
415	596
415	667
415	863
415	892
415	1134
415	1206
415	1399
416	566
418	983
418	1072
422	657
422	1145
426	1204
427	560
427	1113
429	676
429	1253
438	695
439	890
446	747
446	1036
447	877
447	1399
448	559
449	806
449	817
450	668
450	825
450	976
450	1302
455	935
458	502
458	696
458	843
458	846
458	958
458	1031
458	1036
458	1047
458	1197
470	480
470	488
470	505
470	550
470	618
470	620
470	698
470	748
470	877
470	882
470	893
470	940
470	987
470	989
470	1010
470	1016
470	1072
470	1119
470	1134
470	1228
470	1259
470	1289
470	1393
470	1399
473	1041
473	1299
475	571
475	703
475	910
475	1238
479	532
479	992
479	1277
479	1292
479	1363
479	1451
480	488
480	505
480	550
480	618
480	698
480	748
480	793
480	863
480	877
480	882
480	893
480	981
480	987
480	989
480	1007
480	1010
480	1016
480	1072
480	1119
480	1150
480	1189
480	1219
480	1234
480	1259
480	1393
483	487
486	877
486	1072
488	496
488	505
488	550
488	558
488	612
488	618
488	620
488	698
488	748
488	793
488	832
488	863
488	877
488	882
488	893
488	940
488	955
488	987
488	989
488	1010
488	1016
488	1072
488	1119
488	1127
488	1134
488	1150
488	1189
488	1190
488	1259
488	1333
488	1355
488	1393
489	603
494	569
494	657
494	793
494	875
494	1056
494	1259
494	1315
496	550
496	748
496	987
496	1016
496	1150
500	549
500	572
500	586
500	610
500	687
500	829
500	1064
500	1068
500	1202
500	1281
500	1289
500	1334
502	696
502	843
504	1177
504	1256
505	550
505	612
505	618
505	698
505	748
505	877
505	882
505	989
505	1010
505	1016
505	1072
505	1119
505	1127
505	1150
505	1259
505	1393
505	1399
507	630
507	1166
507	1198
507	1237
507	1284
507	1342
509	566
509	653
509	900
509	914
516	574
519	968
519	1453
529	877
529	1251
531	1141
532	992
532	1277
532	1292
532	1363
532	1451
535	1306
535	1319
539	1156
543	657
543	678
543	798
543	904
543	1314
543	1383
543	1415
548	760
549	572
549	586
549	610
549	687
549	829
549	1064
549	1068
549	1202
549	1281
549	1334
550	612
550	618
550	698
550	748
550	793
550	863
550	877
550	882
550	893
550	981
550	987
550	989
550	1010
550	1016
550	1072
550	1119
550	1127
550	1135
550	1150
550	1189
550	1259
550	1289
550	1355
550	1393
551	979
554	568
554	582
554	633
554	634
554	1164
558	748
558	940
558	987
558	1016
558	1072
560	1113
561	1437
562	653
562	870
562	900
562	914
562	926
562	1048
562	1056
562	1333
562	1361
562	1384
562	1436
566	653
566	857
566	870
566	900
566	914
566	1048
566	1072
566	1207
566	1259
566	1361
566	1384
566	1436
567	618
567	782
567	801
567	811
567	897
567	938
567	989
567	1041
567	1162
567	1429
568	582
568	633
568	634
568	1164
568	1453
571	1238
571	1289
572	610
572	681
572	687
572	829
572	1064
572	1068
572	1281
572	1334
573	1018
573	1263
578	948
582	633
582	634
582	1164
584	1101
584	1354
584	1358
585	887
586	610
586	687
586	829
586	1064
586	1068
586	1202
586	1281
591	1340
594	1075
596	667
596	1134
596	1151
596	1206
596	1399
598	641
598	1079
598	1080
598	1084
598	1166
598	1394
599	1216
601	1377
604	1032
604	1080
604	1084
610	687
610	829
610	1064
610	1068
610	1202
610	1281
610	1289
610	1334
612	1016
612	1150
612	1259
618	698
618	748
618	793
618	877
618	882
618	893
618	987
618	989
618	1010
618	1016
618	1072
618	1119
618	1150
618	1259
618	1355
620	793
620	877
620	1072
620	1119
620	1206
620	1259
620	1393
620	1453
623	817
625	907
630	1166
630	1198
630	1237
630	1284
630	1342
631	1161
631	1182
632	929
633	634
633	1164
633	1200
634	1164
641	1084
641	1394
642	1322
644	777
644	947
649	697
651	1292
651	1398
651	1451
653	793
653	857
653	870
653	900
653	914
653	926
653	1048
653	1056
653	1122
653	1259
653	1275
653	1361
653	1384
653	1436
657	678
657	875
657	904
657	1093
657	1145
657	1314
657	1383
658	899
658	1298
661	923
664	1044
665	1135
667	863
667	1134
667	1151
667	1206
667	1228
667	1382
667	1399
668	825
668	976
668	1302
674	769
676	1013
676	1241
676	1253
676	1266
678	798
678	904
678	1415
687	829
687	1064
687	1068
687	1202
687	1281
687	1334
688	1270
690	750
691	838
691	1269
696	843
696	846
696	958
696	1031
696	1036
696	1047
698	748
698	793
698	877
698	882
698	893
698	987
698	989
698	1010
698	1016
698	1072
698	1119
698	1127
698	1150
698	1189
698	1219
698	1228
698	1234
698	1259
698	1289
698	1393
699	1309
702	1107
705	1125
707	1093
707	1383
716	1446
718	1077
720	1232
724	845
724	865
724	946
724	985
724	1034
724	1175
724	1276
739	1371
744	1136
744	1173
744	1292
744	1398
744	1431
744	1451
747	1036
747	1363
748	877
748	882
748	893
748	940
748	987
748	989
748	1010
748	1016
748	1072
748	1119
748	1127
748	1150
748	1189
748	1190
748	1259
748	1289
748	1355
748	1393
749	919
749	1148
751	1349
759	768
760	1061
760	1099
775	1187
775	1294
777	947
782	801
782	811
782	897
782	938
782	1041
782	1162
782	1429
793	877
793	882
793	910
793	914
793	987
793	1007
793	1010
793	1016
793	1048
793	1056
793	1081
793	1119
793	1150
793	1234
793	1259
793	1289
793	1333
793	1351
793	1355
793	1384
793	1436
798	904
800	1240
800	1343
801	811
801	897
801	938
801	989
801	1041
801	1162
801	1429
806	817
811	897
811	938
811	1162
811	1429
813	1152
814	1319
815	929
817	1277
817	1398
821	1396
821	1403
823	1150
823	1156
824	1136
824	1197
824	1291
824	1431
824	1451
824	1454
825	976
825	1302
826	876
829	1064
829	1068
829	1202
829	1281
829	1289
829	1334
832	863
832	877
832	882
832	937
832	1228
832	1382
838	1269
843	958
843	1036
843	1047
845	865
845	946
845	985
845	1034
845	1175
846	958
846	1031
846	1036
846	1047
851	1085
855	1003
857	870
857	900
857	914
857	1048
857	1056
857	1259
857	1361
857	1436
860	1410
862	1049
863	877
863	882
863	937
863	1134
863	1206
863	1228
863	1259
863	1399
865	946
865	985
865	1034
865	1175
865	1276
870	900
870	914
870	926
870	1048
870	1361
870	1384
870	1436
875	904
875	1093
875	1383
877	882
877	893
877	981
877	987
877	989
877	1010
877	1016
877	1072
877	1119
877	1135
877	1150
877	1189
877	1219
877	1228
877	1234
877	1259
877	1333
877	1343
877	1355
877	1382
877	1393
877	1399
882	893
882	940
882	981
882	989
882	1010
882	1016
882	1072
882	1081
882	1119
882	1127
882	1150
882	1189
882	1219
882	1228
882	1234
882	1259
882	1289
882	1355
886	929
892	1206
893	940
893	987
893	989
893	1010
893	1016
893	1072
893	1119
893	1127
893	1135
893	1150
893	1189
893	1259
893	1355
893	1393
897	938
897	1041
897	1162
897	1429
899	1298
900	914
900	926
900	1048
900	1056
900	1275
900	1333
900	1361
900	1384
900	1432
900	1436
901	1455
904	1093
904	1145
904	1314
904	1383
910	1081
910	1100
910	1333
914	926
914	1048
914	1056
914	1259
914	1275
914	1315
914	1333
914	1361
914	1384
914	1436
915	1061
915	1099
915	1171
915	1324
915	1408
919	1148
926	1048
926	1056
926	1122
926	1361
926	1384
926	1436
929	1269
933	1127
937	1228
937	1333
937	1343
937	1382
938	989
938	1041
938	1162
938	1429
940	987
940	989
940	1010
940	1016
940	1072
940	1119
940	1127
940	1150
940	1190
940	1217
946	985
946	1034
946	1175
956	1072
958	1031
958	1036
958	1047
968	1453
976	1302
979	1443
981	1007
981	1016
981	1150
985	1034
985	1175
985	1183
985	1276
987	989
987	1010
987	1016
987	1072
987	1119
987	1127
987	1150
987	1189
987	1259
987	1355
989	1010
989	1016
989	1041
989	1072
989	1119
989	1127
989	1150
989	1189
989	1219
989	1259
989	1355
989	1393
991	1175
992	1277
992	1451
1007	1238
1010	1016
1010	1072
1010	1119
1010	1127
1010	1150
1010	1189
1010	1234
1010	1259
1010	1289
1010	1333
1010	1355
1010	1393
1011	1440
1013	1241
1013	1253
1013	1266
1016	1072
1016	1119
1016	1127
1016	1135
1016	1150
1016	1189
1016	1219
1016	1234
1016	1259
1016	1289
1016	1355
1016	1393
1018	1263
1031	1036
1031	1047
1032	1080
1032	1084
1034	1175
1034	1183
1034	1276
1036	1047
1036	1363
1039	1181
1041	1299
1043	1090
1043	1209
1044	1187
1048	1056
1048	1122
1048	1259
1048	1275
1048	1333
1048	1361
1048	1384
1048	1436
1056	1081
1056	1122
1056	1211
1056	1259
1056	1333
1056	1361
1056	1384
1056	1436
1061	1099
1061	1171
1061	1289
1061	1324
1061	1351
1061	1408
1064	1068
1064	1281
1064	1334
1068	1202
1068	1281
1072	1119
1072	1127
1072	1150
1072	1189
1072	1190
1072	1259
1079	1084
1079	1394
1080	1084
1080	1394
1081	1219
1081	1228
1081	1333
1081	1361
1084	1394
1090	1209
1091	1145
1093	1383
1098	1337
1099	1171
1099	1289
1099	1324
1099	1408
1101	1354
1101	1358
1107	1140
1119	1127
1119	1150
1119	1189
1119	1217
1119	1234
1119	1259
1119	1289
1119	1355
1119	1393
1122	1361
1122	1436
1127	1150
1127	1189
1127	1259
1127	1355
1127	1369
1127	1416
1134	1151
1134	1228
1134	1382
1134	1399
1136	1173
1136	1197
1136	1291
1136	1292
1136	1398
1136	1431
1136	1451
1136	1454
1145	1314
1150	1189
1150	1259
1150	1355
1151	1206
1151	1399
1156	1275
1161	1182
1162	1429
1164	1200
1166	1198
1166	1237
1166	1284
1166	1342
1171	1324
1171	1408
1173	1292
1173	1398
1173	1431
1173	1451
1175	1183
1175	1276
1177	1256
1180	1445
1187	1294
1189	1234
1189	1259
1189	1289
1189	1355
1189	1393
1197	1291
1197	1292
1197	1431
1197	1451
1197	1454
1198	1237
1198	1284
1198	1342
1202	1281
1206	1393
1206	1399
1211	1384
1219	1228
1219	1333
1219	1343
1228	1333
1228	1343
1228	1382
1237	1284
1237	1342
1238	1308
1241	1253
1241	1266
1253	1266
1259	1315
1259	1333
1259	1351
1259	1355
1259	1361
1259	1384
1259	1393
1259	1436
1269	1277
1272	1363
1275	1333
1275	1361
1277	1292
1277	1363
1277	1398
1277	1451
1281	1334
1284	1342
1289	1324
1289	1351
1289	1355
1289	1393
1289	1408
1291	1292
1291	1431
1291	1451
1291	1454
1292	1398
1292	1431
1292	1451
1292	1454
1314	1383
1315	1361
1324	1408
1333	1343
1333	1361
1333	1384
1333	1436
1343	1382
1353	1449
1354	1358
1361	1384
1361	1436
1363	1451
1382	1399
1384	1432
1384	1436
1393	1399
1396	1403
1398	1431
1398	1451
1431	1451
1431	1454
1451	1454
905	1
375	2
632	2
815	2
929	2
284	4
1318	11
169	16
253	16
345	16
348	16
364	16
480	16
793	16
877	16
915	16
1061	16
1099	16
1150	16
1324	16
1408	16
313	18
567	18
782	18
801	18
811	18
897	18
938	18
1041	18
1162	18
1429	18
550	27
981	27
1007	27
1010	27
1259	27
1007	28
1013	29
107	32
133	33
142	33
631	34
1161	34
1182	34
101	37
186	37
233	37
356	37
399	37
470	37
488	37
496	37
505	37
550	37
618	37
698	37
748	37
877	37
882	37
893	37
940	37
956	37
987	37
989	37
1010	37
1016	37
1072	37
1119	37
1127	37
1150	37
1189	37
1259	37
1355	37
1393	37
1130	38
93	51
113	51
177	51
240	51
324	51
325	51
500	51
549	51
572	51
586	51
610	51
687	51
829	51
1064	51
1068	51
1202	51
1281	51
1334	51
455	54
935	54
157	65
197	65
333	65
358	65
393	65
422	65
543	65
657	65
875	65
904	65
1091	65
1093	65
1145	65
1314	65
1383	65
1011	66
1440	66
657	68
875	68
266	71
273	71
598	71
604	71
641	71
1079	71
1080	71
1084	71
1394	71
1224	77
521	78
299	82
393	82
543	82
678	82
798	82
904	82
1415	82
148	83
154	83
258	83
297	83
311	83
342	83
724	83
845	83
865	83
985	83
1034	83
1175	83
1276	83
535	87
814	87
169	91
244	91
364	91
480	91
550	91
793	91
877	91
882	91
1016	91
1081	91
1219	91
1343	91
1382	91
1393	91
113	93
240	93
324	93
325	93
500	93
549	93
572	93
586	93
610	93
687	93
829	93
1064	93
1068	93
1202	93
1281	93
1289	93
1334	93
204	95
210	95
215	95
241	95
270	95
479	95
532	95
744	95
824	95
992	95
1136	95
1173	95
1197	95
1277	95
1291	95
1292	95
1363	95
1398	95
1431	95
1451	95
1454	95
801	99
186	101
345	101
356	101
399	101
470	101
488	101
496	101
505	101
550	101
618	101
748	101
940	101
987	101
989	101
1016	101
1072	101
1119	101
1127	101
1150	101
1400	103
438	108
149	111
284	111
314	111
458	111
502	111
696	111
843	111
846	111
958	111
1047	111
1291	111
169	112
183	112
214	112
352	112
566	112
653	112
793	112
823	112
914	112
1048	112
1056	112
1150	112
1156	112
1259	112
1333	112
1384	112
1436	112
240	113
324	113
325	113
500	113
549	113
572	113
586	113
610	113
687	113
829	113
1064	113
1068	113
1202	113
1281	113
1334	113
355	117
801	117
676	121
1013	121
1241	121
1253	121
1266	121
148	123
258	123
297	123
311	123
985	123
1034	123
1175	123
601	124
1377	124
446	125
747	125
1036	125
664	127
396	128
169	131
475	131
494	131
571	131
793	131
910	131
1007	131
1238	131
1259	131
669	132
142	133
384	134
832	134
1134	134
1382	134
231	136
644	136
777	136
947	136
1411	140
154	148
258	148
297	148
311	148
724	148
845	148
865	148
946	148
985	148
1034	148
1175	148
1276	148
314	149
458	149
696	149
846	149
958	149
1031	149
1036	149
1047	149
258	154
297	154
311	154
342	154
724	154
845	154
865	154
946	154
985	154
1034	154
1175	154
1276	154
256	155
384	155
415	155
596	155
667	155
892	155
1151	155
1206	155
1399	155
333	157
358	157
422	157
657	157
904	157
1091	157
1145	157
1314	157
390	159
507	159
630	159
1166	159
1198	159
1237	159
1284	159
1342	159
284	164
1272	164
1363	164
435	165
214	169
244	169
320	169
352	169
364	169
401	169
470	169
494	169
550	169
562	169
566	169
653	169
698	169
793	169
857	169
870	169
877	169
882	169
893	169
900	169
910	169
914	169
926	169
1010	169
1048	169
1056	169
1081	169
1099	169
1119	169
1228	169
1259	169
1315	169
1333	169
1361	169
1384	169
1436	169
687	177
459	178
913	182
399	183
539	183
793	183
823	183
1156	183
1259	183
1333	183
718	184
1350	185
233	186
256	186
345	186
356	186
384	186
399	186
470	186
480	186
488	186
505	186
550	186
698	186
748	186
877	186
882	186
893	186
940	186
989	186
1010	186
1016	186
1072	186
1119	186
1127	186
1134	186
1189	186
1259	186
1333	186
1355	186
1393	186
1416	186
264	192
1104	192
1423	195
333	197
358	197
393	197
543	197
657	197
904	197
1091	197
1093	197
1145	197
1314	197
1383	197
759	200
768	200
210	204
479	204
532	204
1277	204
1292	204
1451	204
483	205
487	205
479	210
532	210
992	210
1277	210
1292	210
1363	210
1451	210
283	211
699	211
806	211
1309	211
320	214
352	214
401	214
562	214
566	214
653	214
793	214
857	214
870	214
900	214
914	214
1048	214
1056	214
1081	214
1211	214
1259	214
1315	214
1333	214
1361	214
1384	214
1436	214
241	215
824	215
1136	215
1197	215
1291	215
1292	215
1431	215
1451	215
1454	215
910	227
1100	227
644	231
777	231
947	231
345	233
356	233
364	233
399	233
488	233
505	233
550	233
618	233
698	233
748	233
793	233
863	233
877	233
882	233
987	233
989	233
1010	233
1016	233
1072	233
1119	233
1150	233
1189	233
1219	233
1234	233
1259	233
1355	233
1242	234
324	240
325	240
500	240
549	240
572	240
586	240
610	240
687	240
829	240
1064	240
1068	240
1202	240
1281	240
1289	240
1334	240
824	241
1136	241
1197	241
1291	241
1454	241
252	244
364	244
384	244
480	244
698	244
832	244
863	244
877	244
882	244
937	244
1081	244
1189	244
1219	244
1228	244
1333	244
1343	244
1382	244
364	252
384	252
550	252
863	252
1228	252
1382	252
1399	252
915	253
1061	253
1099	253
1259	253
1408	253
1230	255
384	256
415	256
470	256
486	256
488	256
596	256
667	256
863	256
877	256
1134	256
1151	256
1206	256
1382	256
1393	256
1399	256
297	258
311	258
342	258
724	258
845	258
865	258
946	258
985	258
1034	258
1175	258
1276	258
658	259
899	259
1298	259
502	260
1180	260
1445	260
1104	264
1188	265
273	266
598	266
604	266
641	266
1032	266
1080	266
1084	266
1394	266
438	267
695	267
744	270
1136	270
1173	270
1292	270
1398	270
1431	270
1451	270
598	273
604	273
1032	273
1079	273
1080	273
1084	273
1394	273
748	277
449	283
699	283
806	283
817	283
1309	283
531	284
1004	284
1272	284
1363	284
311	297
342	297
724	297
845	297
865	297
946	297
985	297
1034	297
1175	297
1183	297
1276	297
462	298
393	299
543	299
657	299
678	299
798	299
904	299
751	300
955	300
1349	300
554	307
568	307
582	307
633	307
634	307
1164	307
1453	307
1251	308
828	309
342	311
724	311
845	311
865	311
946	311
985	311
1034	311
1175	311
1276	311
567	313
782	313
801	313
811	313
897	313
938	313
1041	313
1162	313
1429	313
458	314
696	314
843	314
846	314
958	314
1031	314
1036	314
1047	314
340	320
352	320
401	320
562	320
653	320
857	320
870	320
900	320
914	320
926	320
1048	320
1056	320
1122	320
1275	320
1361	320
1384	320
1436	320
455	321
325	324
500	324
549	324
572	324
586	324
610	324
687	324
829	324
1064	324
1068	324
1202	324
1281	324
1334	324
500	325
549	325
572	325
586	325
610	325
687	325
829	325
1064	325
1068	325
1202	325
1281	325
1334	325
358	333
393	333
422	333
657	333
904	333
1091	333
1145	333
1314	333
562	340
1048	340
1361	340
545	342
845	342
985	342
1034	342
357	343
573	343
1018	343
1263	343
356	345
470	345
480	345
488	345
496	345
505	345
550	345
618	345
620	345
698	345
748	345
877	345
893	345
987	345
989	345
1010	345
1016	345
1072	345
1119	345
1150	345
1259	345
1393	345
915	348
1061	348
1099	348
1171	348
1289	348
1324	348
1408	348
401	352
509	352
562	352
566	352
653	352
793	352
857	352
870	352
900	352
914	352
926	352
1048	352
1056	352
1122	352
1259	352
1275	352
1361	352
1384	352
1436	352
801	355
364	356
384	356
399	356
470	356
480	356
488	356
505	356
550	356
612	356
618	356
698	356
748	356
793	356
863	356
877	356
882	356
893	356
940	356
956	356
987	356
989	356
1010	356
1016	356
1072	356
1119	356
1127	356
1134	356
1135	356
1150	356
1189	356
1228	356
1259	356
1355	356
1382	356
1393	356
573	357
1018	357
1263	357
393	358
422	358
543	358
657	358
904	358
1093	358
1145	358
1314	358
1242	363
384	364
470	364
480	364
698	364
793	364
800	364
863	364
877	364
882	364
910	364
937	364
1016	364
1081	364
1134	364
1228	364
1333	364
1343	364
1382	364
1399	364
504	365
1177	365
1256	365
1449	368
1243	371
531	372
641	372
1141	372
623	373
470	380
620	380
793	380
1010	380
1393	380
1327	382
415	384
447	384
470	384
550	384
596	384
620	384
667	384
832	384
863	384
877	384
937	384
1134	384
1151	384
1206	384
1228	384
1343	384
1382	384
1393	384
1399	384
763	385
1225	389
507	390
630	390
1166	390
1198	390
1237	390
1284	390
1342	390
548	391
760	391
924	391
1061	391
1099	391
1408	391
494	393
543	393
657	393
678	393
707	393
798	393
904	393
1093	393
1145	393
1314	393
1383	393
470	399
480	399
488	399
505	399
550	399
558	399
618	399
698	399
748	399
793	399
877	399
882	399
893	399
940	399
987	399
989	399
1010	399
1016	399
1072	399
1119	399
1127	399
1150	399
1189	399
1259	399
1355	399
1393	399
562	401
566	401
653	401
857	401
870	401
900	401
914	401
926	401
1048	401
1056	401
1259	401
1361	401
1384	401
1436	401
806	403
931	403
1269	403
596	415
667	415
863	415
892	415
1134	415
1206	415
1399	415
566	416
983	418
1072	418
657	422
1145	422
1204	426
560	427
1113	427
676	429
1253	429
695	438
890	439
747	446
1036	446
877	447
1399	447
559	448
806	449
817	449
668	450
825	450
976	450
1302	450
935	455
502	458
696	458
843	458
846	458
958	458
1031	458
1036	458
1047	458
1197	458
480	470
488	470
505	470
550	470
618	470
620	470
698	470
748	470
877	470
882	470
893	470
940	470
987	470
989	470
1010	470
1016	470
1072	470
1119	470
1134	470
1228	470
1259	470
1289	470
1393	470
1399	470
1041	473
1299	473
571	475
703	475
910	475
1238	475
532	479
992	479
1277	479
1292	479
1363	479
1451	479
488	480
505	480
550	480
618	480
698	480
748	480
793	480
863	480
877	480
882	480
893	480
981	480
987	480
989	480
1007	480
1010	480
1016	480
1072	480
1119	480
1150	480
1189	480
1219	480
1234	480
1259	480
1393	480
487	483
877	486
1072	486
496	488
505	488
550	488
558	488
612	488
618	488
620	488
698	488
748	488
793	488
832	488
863	488
877	488
882	488
893	488
940	488
955	488
987	488
989	488
1010	488
1016	488
1072	488
1119	488
1127	488
1134	488
1150	488
1189	488
1190	488
1259	488
1333	488
1355	488
1393	488
603	489
569	494
657	494
793	494
875	494
1056	494
1259	494
1315	494
550	496
748	496
987	496
1016	496
1150	496
549	500
572	500
586	500
610	500
687	500
829	500
1064	500
1068	500
1202	500
1281	500
1289	500
1334	500
696	502
843	502
1177	504
1256	504
550	505
612	505
618	505
698	505
748	505
877	505
882	505
989	505
1010	505
1016	505
1072	505
1119	505
1127	505
1150	505
1259	505
1393	505
1399	505
630	507
1166	507
1198	507
1237	507
1284	507
1342	507
566	509
653	509
900	509
914	509
574	516
968	519
1453	519
877	529
1251	529
1141	531
992	532
1277	532
1292	532
1363	532
1451	532
1306	535
1319	535
1156	539
657	543
678	543
798	543
904	543
1314	543
1383	543
1415	543
760	548
572	549
586	549
610	549
687	549
829	549
1064	549
1068	549
1202	549
1281	549
1334	549
612	550
618	550
698	550
748	550
793	550
863	550
877	550
882	550
893	550
981	550
987	550
989	550
1010	550
1016	550
1072	550
1119	550
1127	550
1135	550
1150	550
1189	550
1259	550
1289	550
1355	550
1393	550
979	551
568	554
582	554
633	554
634	554
1164	554
748	558
940	558
987	558
1016	558
1072	558
1113	560
1437	561
653	562
870	562
900	562
914	562
926	562
1048	562
1056	562
1333	562
1361	562
1384	562
1436	562
653	566
857	566
870	566
900	566
914	566
1048	566
1072	566
1207	566
1259	566
1361	566
1384	566
1436	566
618	567
782	567
801	567
811	567
897	567
938	567
989	567
1041	567
1162	567
1429	567
582	568
633	568
634	568
1164	568
1453	568
1238	571
1289	571
610	572
681	572
687	572
829	572
1064	572
1068	572
1281	572
1334	572
1018	573
1263	573
948	578
633	582
634	582
1164	582
1101	584
1354	584
1358	584
887	585
610	586
687	586
829	586
1064	586
1068	586
1202	586
1281	586
1340	591
1075	594
667	596
1134	596
1151	596
1206	596
1399	596
641	598
1079	598
1080	598
1084	598
1166	598
1394	598
1216	599
1377	601
1032	604
1080	604
1084	604
687	610
829	610
1064	610
1068	610
1202	610
1281	610
1289	610
1334	610
1016	612
1150	612
1259	612
698	618
748	618
793	618
877	618
882	618
893	618
987	618
989	618
1010	618
1016	618
1072	618
1119	618
1150	618
1259	618
1355	618
793	620
877	620
1072	620
1119	620
1206	620
1259	620
1393	620
1453	620
817	623
907	625
1166	630
1198	630
1237	630
1284	630
1342	630
1161	631
1182	631
929	632
634	633
1164	633
1200	633
1164	634
1084	641
1394	641
1322	642
777	644
947	644
697	649
1292	651
1398	651
1451	651
793	653
857	653
870	653
900	653
914	653
926	653
1048	653
1056	653
1122	653
1259	653
1275	653
1361	653
1384	653
1436	653
678	657
875	657
904	657
1093	657
1145	657
1314	657
1383	657
899	658
1298	658
923	661
1044	664
1135	665
863	667
1134	667
1151	667
1206	667
1228	667
1382	667
1399	667
825	668
976	668
1302	668
769	674
1013	676
1241	676
1253	676
1266	676
798	678
904	678
1415	678
829	687
1064	687
1068	687
1202	687
1281	687
1334	687
1270	688
750	690
838	691
1269	691
843	696
846	696
958	696
1031	696
1036	696
1047	696
748	698
793	698
877	698
882	698
893	698
987	698
989	698
1010	698
1016	698
1072	698
1119	698
1127	698
1150	698
1189	698
1219	698
1228	698
1234	698
1259	698
1289	698
1393	698
1309	699
1107	702
1125	705
1093	707
1383	707
1446	716
1077	718
1232	720
845	724
865	724
946	724
985	724
1034	724
1175	724
1276	724
1371	739
1136	744
1173	744
1292	744
1398	744
1431	744
1451	744
1036	747
1363	747
877	748
882	748
893	748
940	748
987	748
989	748
1010	748
1016	748
1072	748
1119	748
1127	748
1150	748
1189	748
1190	748
1259	748
1289	748
1355	748
1393	748
919	749
1148	749
1349	751
768	759
1061	760
1099	760
1187	775
1294	775
947	777
801	782
811	782
897	782
938	782
1041	782
1162	782
1429	782
877	793
882	793
910	793
914	793
987	793
1007	793
1010	793
1016	793
1048	793
1056	793
1081	793
1119	793
1150	793
1234	793
1259	793
1289	793
1333	793
1351	793
1355	793
1384	793
1436	793
904	798
1240	800
1343	800
811	801
897	801
938	801
989	801
1041	801
1162	801
1429	801
817	806
897	811
938	811
1162	811
1429	811
1152	813
1319	814
929	815
1277	817
1398	817
1396	821
1403	821
1150	823
1156	823
1136	824
1197	824
1291	824
1431	824
1451	824
1454	824
976	825
1302	825
876	826
1064	829
1068	829
1202	829
1281	829
1289	829
1334	829
863	832
877	832
882	832
937	832
1228	832
1382	832
1269	838
958	843
1036	843
1047	843
865	845
946	845
985	845
1034	845
1175	845
958	846
1031	846
1036	846
1047	846
1085	851
1003	855
870	857
900	857
914	857
1048	857
1056	857
1259	857
1361	857
1436	857
1410	860
1049	862
877	863
882	863
937	863
1134	863
1206	863
1228	863
1259	863
1399	863
946	865
985	865
1034	865
1175	865
1276	865
900	870
914	870
926	870
1048	870
1361	870
1384	870
1436	870
904	875
1093	875
1383	875
882	877
893	877
981	877
987	877
989	877
1010	877
1016	877
1072	877
1119	877
1135	877
1150	877
1189	877
1219	877
1228	877
1234	877
1259	877
1333	877
1343	877
1355	877
1382	877
1393	877
1399	877
893	882
940	882
981	882
989	882
1010	882
1016	882
1072	882
1081	882
1119	882
1127	882
1150	882
1189	882
1219	882
1228	882
1234	882
1259	882
1289	882
1355	882
929	886
1206	892
940	893
987	893
989	893
1010	893
1016	893
1072	893
1119	893
1127	893
1135	893
1150	893
1189	893
1259	893
1355	893
1393	893
938	897
1041	897
1162	897
1429	897
1298	899
914	900
926	900
1048	900
1056	900
1275	900
1333	900
1361	900
1384	900
1432	900
1436	900
1455	901
1093	904
1145	904
1314	904
1383	904
1081	910
1100	910
1333	910
926	914
1048	914
1056	914
1259	914
1275	914
1315	914
1333	914
1361	914
1384	914
1436	914
1061	915
1099	915
1171	915
1324	915
1408	915
1148	919
1048	926
1056	926
1122	926
1361	926
1384	926
1436	926
1269	929
1127	933
1228	937
1333	937
1343	937
1382	937
989	938
1041	938
1162	938
1429	938
987	940
989	940
1010	940
1016	940
1072	940
1119	940
1127	940
1150	940
1190	940
1217	940
985	946
1034	946
1175	946
1072	956
1031	958
1036	958
1047	958
1453	968
1302	976
1443	979
1007	981
1016	981
1150	981
1034	985
1175	985
1183	985
1276	985
989	987
1010	987
1016	987
1072	987
1119	987
1127	987
1150	987
1189	987
1259	987
1355	987
1010	989
1016	989
1041	989
1072	989
1119	989
1127	989
1150	989
1189	989
1219	989
1259	989
1355	989
1393	989
1175	991
1277	992
1451	992
1238	1007
1016	1010
1072	1010
1119	1010
1127	1010
1150	1010
1189	1010
1234	1010
1259	1010
1289	1010
1333	1010
1355	1010
1393	1010
1440	1011
1241	1013
1253	1013
1266	1013
1072	1016
1119	1016
1127	1016
1135	1016
1150	1016
1189	1016
1219	1016
1234	1016
1259	1016
1289	1016
1355	1016
1393	1016
1263	1018
1036	1031
1047	1031
1080	1032
1084	1032
1175	1034
1183	1034
1276	1034
1047	1036
1363	1036
1181	1039
1299	1041
1090	1043
1209	1043
1187	1044
1056	1048
1122	1048
1259	1048
1275	1048
1333	1048
1361	1048
1384	1048
1436	1048
1081	1056
1122	1056
1211	1056
1259	1056
1333	1056
1361	1056
1384	1056
1436	1056
1099	1061
1171	1061
1289	1061
1324	1061
1351	1061
1408	1061
1068	1064
1281	1064
1334	1064
1202	1068
1281	1068
1119	1072
1127	1072
1150	1072
1189	1072
1190	1072
1259	1072
1084	1079
1394	1079
1084	1080
1394	1080
1219	1081
1228	1081
1333	1081
1361	1081
1394	1084
1209	1090
1145	1091
1383	1093
1337	1098
1171	1099
1289	1099
1324	1099
1408	1099
1354	1101
1358	1101
1140	1107
1127	1119
1150	1119
1189	1119
1217	1119
1234	1119
1259	1119
1289	1119
1355	1119
1393	1119
1361	1122
1436	1122
1150	1127
1189	1127
1259	1127
1355	1127
1369	1127
1416	1127
1151	1134
1228	1134
1382	1134
1399	1134
1173	1136
1197	1136
1291	1136
1292	1136
1398	1136
1431	1136
1451	1136
1454	1136
1314	1145
1189	1150
1259	1150
1355	1150
1206	1151
1399	1151
1275	1156
1182	1161
1429	1162
1200	1164
1198	1166
1237	1166
1284	1166
1342	1166
1324	1171
1408	1171
1292	1173
1398	1173
1431	1173
1451	1173
1183	1175
1276	1175
1256	1177
1445	1180
1294	1187
1234	1189
1259	1189
1289	1189
1355	1189
1393	1189
1291	1197
1292	1197
1431	1197
1451	1197
1454	1197
1237	1198
1284	1198
1342	1198
1281	1202
1393	1206
1399	1206
1384	1211
1228	1219
1333	1219
1343	1219
1333	1228
1343	1228
1382	1228
1284	1237
1342	1237
1308	1238
1253	1241
1266	1241
1266	1253
1315	1259
1333	1259
1351	1259
1355	1259
1361	1259
1384	1259
1393	1259
1436	1259
1277	1269
1363	1272
1333	1275
1361	1275
1292	1277
1363	1277
1398	1277
1451	1277
1334	1281
1342	1284
1324	1289
1351	1289
1355	1289
1393	1289
1408	1289
1292	1291
1431	1291
1451	1291
1454	1291
1398	1292
1431	1292
1451	1292
1454	1292
1383	1314
1361	1315
1408	1324
1343	1333
1361	1333
1384	1333
1436	1333
1382	1343
1449	1353
1358	1354
1384	1361
1436	1361
1451	1363
1399	1382
1432	1384
1436	1384
1399	1393
1403	1396
1431	1398
1451	1398
1451	1431
1454	1431
1454	1451
