2	622
2	648
2	945
2	1376
3	528
3	1011
7	1207
7	1227
13	1183
13	1203
15	724
15	803
15	1420
16	64
16	71
16	195
16	350
16	353
16	370
16	466
16	772
16	806
16	931
16	1077
16	1282
17	1028
19	676
19	1159
24	661
25	671
25	765
25	1214
30	114
30	294
30	1126
38	55
38	64
38	103
38	195
38	236
38	248
38	340
38	361
38	466
38	467
38	481
38	498
38	506
38	714
38	767
38	806
38	851
38	899
38	1004
38	1006
38	1031
38	1088
38	1139
38	1210
38	1260
38	1282
38	1426
39	722
41	153
41	159
41	261
41	300
41	315
41	323
41	359
41	603
41	742
41	848
41	862
41	882
41	962
41	1016
41	1196
41	1204
41	1304
49	64
49	71
49	135
49	139
49	189
49	195
49	248
49	350
49	361
49	466
49	498
49	553
49	627
49	634
49	767
49	772
49	806
49	851
49	888
49	899
49	917
49	971
49	1004
49	1006
49	1031
49	1063
49	1068
49	1077
49	1088
49	1098
49	1112
49	1213
49	1260
49	1282
49	1390
50	400
53	501
53	1112
53	1385
54	94
54	116
54	183
54	242
54	281
54	329
54	563
54	587
54	601
54	800
54	804
54	1080
54	1084
54	1163
54	1224
54	1309
54	1364
54	1388
55	64
55	103
55	195
55	248
55	340
55	361
55	466
55	467
55	481
55	498
55	767
55	799
55	806
55	851
55	899
55	1004
55	1006
55	1031
55	1088
55	1139
55	1210
55	1260
55	1282
57	465
61	229
62	379
62	416
62	794
63	526
64	103
64	195
64	236
64	340
64	350
64	361
64	370
64	466
64	481
64	498
64	714
64	767
64	772
64	806
64	851
64	880
64	899
64	1004
64	1006
64	1031
64	1088
64	1112
64	1139
64	1210
64	1258
64	1260
64	1282
64	1426
71	248
71	353
71	779
71	931
71	1077
73	361
73	466
73	971
73	1282
74	1208
74	1255
74	1302
74	1321
76	1058
76	1107
76	1149
76	1217
76	1231
76	1406
78	925
78	1445
86	333
86	1360
93	279
94	116
94	242
94	281
94	329
94	563
94	587
94	601
94	800
94	804
94	811
94	1080
94	1084
94	1144
94	1163
94	1224
94	1309
94	1316
94	1364
94	1388
97	219
97	910
97	1428
100	958
103	195
103	350
103	361
103	466
103	467
103	498
103	506
103	767
103	806
103	851
103	1004
103	1006
103	1031
103	1088
103	1139
103	1260
103	1282
106	903
106	945
108	305
108	321
108	341
108	593
108	807
108	964
108	982
110	446
110	1140
113	815
114	154
114	287
114	461
114	468
114	512
114	712
114	860
114	863
114	900
114	975
114	1062
114	1126
114	1235
114	1318
116	242
116	281
116	329
116	563
116	587
116	601
116	800
116	804
116	811
116	1080
116	1084
116	1163
116	1224
116	1309
116	1364
116	1388
118	260
118	588
118	876
118	1033
118	1094
118	1291
124	1165
132	373
135	522
135	586
135	634
135	772
135	1071
135	1099
135	1112
135	1262
138	390
138	501
138	849
138	1112
138	1155
138	1385
139	232
139	408
139	888
139	1098
139	1112
139	1213
140	658
140	797
140	963
143	260
143	344
143	641
144	385
153	159
153	261
153	300
153	315
153	323
153	359
153	603
153	667
153	742
153	848
153	862
153	882
153	962
153	1016
153	1171
153	1196
153	1304
154	468
154	712
154	863
154	900
154	975
154	1046
154	1051
154	1062
156	1421
159	261
159	300
159	315
159	323
159	347
159	359
159	603
159	742
159	848
159	862
159	882
159	962
159	1016
159	1196
159	1304
160	390
160	611
160	683
160	908
160	913
160	966
160	1173
160	1385
160	1432
162	338
162	418
162	429
162	522
162	921
162	1166
164	517
164	646
164	1125
164	1188
164	1311
165	997
169	287
169	413
169	444
169	1135
169	1392
169	1421
170	443
170	748
179	637
183	281
183	804
184	585
185	586
185	837
185	1424
185	1456
188	929
189	248
189	553
189	561
189	841
189	1178
193	922
193	986
193	1100
194	340
195	236
195	248
195	340
195	350
195	361
195	386
195	466
195	467
195	481
195	498
195	569
195	687
195	714
195	767
195	772
195	773
195	806
195	849
195	851
195	899
195	971
195	1004
195	1006
195	1031
195	1075
195	1088
195	1112
195	1139
195	1155
195	1210
195	1258
195	1260
195	1282
195	1385
195	1426
202	338
202	400
202	921
202	1166
206	568
206	597
206	650
206	1186
206	1269
210	224
219	910
220	765
220	1214
228	274
236	340
236	350
236	361
236	370
236	466
236	498
236	714
236	767
236	806
236	851
236	880
236	899
236	971
236	1004
236	1006
236	1031
236	1088
236	1112
236	1139
236	1210
236	1258
236	1260
236	1282
238	487
242	281
242	329
242	563
242	587
242	601
242	800
242	804
242	1080
242	1084
242	1163
242	1224
242	1309
242	1316
242	1364
242	1388
246	255
246	370
246	390
246	441
246	501
246	569
246	645
246	653
246	714
246	849
246	880
246	899
246	1055
246	1098
246	1112
246	1210
246	1282
246	1385
247	1113
248	340
248	350
248	361
248	408
248	466
248	498
248	553
248	627
248	634
248	714
248	767
248	772
248	773
248	806
248	851
248	888
248	899
248	917
248	949
248	978
248	999
248	1004
248	1006
248	1017
248	1031
248	1063
248	1068
248	1075
248	1088
248	1099
248	1139
248	1178
248	1210
248	1213
248	1260
248	1282
248	1390
248	1426
255	370
255	390
255	441
255	501
255	645
255	653
255	880
255	1055
255	1112
255	1432
260	876
260	1033
260	1094
260	1291
261	300
261	315
261	323
261	347
261	359
261	603
261	667
261	742
261	848
261	862
261	882
261	962
261	1016
261	1196
261	1304
263	512
263	1478
264	928
267	674
267	1121
270	446
270	711
273	788
273	1319
273	1431
273	1464
273	1485
278	1305
281	329
281	563
281	587
281	601
281	800
281	804
281	1080
281	1084
281	1144
281	1163
281	1224
281	1309
281	1364
281	1388
286	459
286	715
286	1336
287	413
287	444
287	544
287	984
287	1135
287	1392
287	1421
291	562
291	779
291	957
291	1431
294	512
294	712
294	975
294	1292
295	975
300	315
300	323
300	347
300	359
300	603
300	667
300	742
300	848
300	862
300	882
300	962
300	1016
300	1196
300	1204
300	1304
301	420
301	513
301	701
301	1206
303	578
303	604
303	972
303	1377
305	321
305	341
305	593
305	807
305	964
305	982
308	713
309	1141
315	323
315	347
315	359
315	603
315	667
315	742
315	848
315	862
315	882
315	962
315	1016
315	1171
315	1196
315	1304
321	341
321	593
321	807
321	964
321	982
321	1442
323	347
323	359
323	603
323	667
323	742
323	848
323	862
323	882
323	962
323	1016
323	1196
323	1204
323	1304
325	465
329	563
329	587
329	601
329	800
329	804
329	1080
329	1084
329	1163
329	1224
329	1309
329	1364
329	1388
333	1360
336	735
338	400
338	418
338	429
338	522
338	921
338	1166
340	350
340	361
340	466
340	467
340	498
340	714
340	767
340	772
340	806
340	851
340	899
340	971
340	1004
340	1006
340	1031
340	1088
340	1139
340	1210
340	1260
340	1282
340	1426
341	593
341	807
341	964
344	605
344	632
344	641
344	802
344	1463
347	559
347	848
347	862
347	1016
350	361
350	466
350	498
350	506
350	714
350	767
350	772
350	806
350	851
350	971
350	1004
350	1006
350	1031
350	1088
350	1139
350	1260
350	1282
350	1426
353	931
353	1077
353	1316
354	1071
359	603
359	742
359	848
359	862
359	882
359	1016
359	1196
359	1204
359	1304
361	370
361	390
361	466
361	467
361	481
361	498
361	627
361	714
361	767
361	772
361	806
361	851
361	880
361	899
361	989
361	1004
361	1006
361	1031
361	1075
361	1088
361	1112
361	1139
361	1155
361	1210
361	1260
361	1282
361	1385
361	1426
365	1183
370	390
370	441
370	501
370	522
370	645
370	653
370	714
370	816
370	880
370	899
370	1007
370	1031
370	1055
370	1098
370	1112
370	1155
370	1260
370	1282
370	1385
370	1432
371	495
371	950
371	1003
372	928
376	560
376	768
376	1035
377	1158
377	1268
378	544
378	656
378	1162
379	416
379	638
379	794
379	1048
386	1282
386	1426
386	1459
387	577
387	1063
387	1390
388	890
388	1126
388	1127
388	1244
389	1182
390	441
390	456
390	501
390	569
390	611
390	645
390	653
390	683
390	849
390	880
390	913
390	966
390	989
390	1007
390	1055
390	1112
390	1155
390	1173
390	1260
390	1282
390	1385
390	1426
390	1432
391	781
395	717
395	1249
400	418
400	509
400	547
400	652
400	694
400	921
400	996
400	1071
400	1166
402	450
405	720
408	577
408	755
408	888
408	917
408	941
408	1063
408	1390
410	541
410	947
413	444
413	1392
413	1421
414	765
414	1214
415	741
416	526
416	806
416	969
416	1004
416	1477
418	429
418	522
418	921
418	1166
420	513
420	1206
425	1000
425	1088
429	522
429	1166
431	618
432	889
434	474
434	1030
434	1130
434	1132
437	586
437	634
437	1044
437	1071
437	1262
441	456
441	501
441	569
441	645
441	653
441	683
441	849
441	1007
441	1055
441	1112
441	1155
441	1260
441	1282
441	1385
441	1432
443	748
444	1135
444	1392
444	1421
445	921
446	711
447	907
456	645
456	1112
456	1282
456	1385
456	1432
459	526
459	928
461	512
464	1191
466	481
466	498
466	506
466	714
466	767
466	772
466	773
466	806
466	851
466	899
466	971
466	978
466	1004
466	1006
466	1031
466	1075
466	1088
466	1139
466	1210
466	1258
466	1260
466	1282
466	1316
466	1426
467	481
467	498
467	767
467	899
467	1006
467	1088
467	1260
468	512
468	712
468	860
468	863
468	900
468	975
468	1046
468	1051
468	1062
468	1126
471	580
471	614
471	1308
474	1030
474	1130
474	1132
477	692
477	1029
477	1265
481	498
481	600
481	767
481	806
481	851
481	972
481	1004
481	1031
481	1088
481	1139
481	1260
481	1282
481	1426
482	489
482	545
482	689
482	1232
482	1305
483	1326
487	571
488	618
488	656
488	1101
489	545
489	555
489	689
489	761
489	1232
489	1305
489	1319
489	1392
489	1485
494	959
495	950
495	1003
496	675
496	1088
496	1282
497	784
498	506
498	627
498	645
498	714
498	767
498	772
498	806
498	849
498	851
498	880
498	899
498	966
498	971
498	972
498	989
498	1004
498	1006
498	1031
498	1075
498	1088
498	1139
498	1155
498	1210
498	1260
498	1282
498	1385
498	1426
501	569
501	645
501	653
501	683
501	849
501	1055
501	1112
501	1155
501	1260
501	1282
501	1385
501	1432
506	767
506	806
506	851
506	1004
506	1031
506	1282
509	865
509	996
512	712
512	860
513	541
513	701
513	1206
517	646
517	1125
517	1188
517	1311
520	917
522	553
522	586
522	634
522	1112
522	1158
522	1166
522	1262
525	870
526	928
528	1011
528	1271
532	987
536	1351
541	1431
544	984
544	1162
544	1421
545	555
545	689
545	761
545	1232
545	1305
545	1319
545	1392
545	1485
547	652
547	694
547	921
547	1071
547	1447
549	767
549	806
549	851
549	1260
553	1112
553	1178
553	1282
555	689
555	761
555	1232
555	1305
555	1485
560	768
560	1035
562	779
562	957
563	587
563	601
563	800
563	804
563	811
563	1080
563	1084
563	1163
563	1224
563	1309
563	1364
563	1388
568	597
568	650
568	1186
568	1269
569	611
569	645
569	653
569	683
569	880
569	899
569	913
569	1055
569	1112
569	1155
569	1173
569	1260
569	1282
569	1385
569	1426
569	1432
577	755
577	888
577	917
577	941
577	1063
577	1390
578	604
578	1377
580	614
580	1308
586	634
586	760
586	772
586	1071
586	1262
586	1316
587	697
587	800
587	804
587	1080
587	1084
587	1163
587	1309
587	1364
587	1388
588	876
588	1033
588	1094
588	1291
592	662
593	807
593	964
593	982
597	650
597	1186
597	1269
601	800
601	804
601	811
601	1080
601	1084
601	1163
601	1224
601	1309
601	1388
603	742
603	848
603	862
603	882
603	962
603	1016
603	1196
604	972
604	1377
605	632
605	641
605	1463
606	1164
606	1230
611	683
611	913
611	1155
611	1173
611	1282
611	1385
611	1432
614	1308
615	731
616	872
618	1101
622	648
627	772
627	806
627	851
627	971
627	1031
627	1099
630	1051
630	1221
630	1365
631	1150
632	641
632	1463
634	772
634	806
634	1071
634	1262
638	794
638	928
641	1463
645	653
645	683
645	849
645	880
645	913
645	1007
645	1055
645	1098
645	1112
645	1155
645	1173
645	1260
645	1282
645	1385
645	1432
646	1188
646	1311
648	945
648	1179
650	1186
650	1269
652	694
652	921
652	1071
653	683
653	849
653	1007
653	1055
653	1112
653	1155
653	1260
653	1282
653	1385
653	1432
656	1101
657	1350
658	963
663	713
665	1319
665	1431
665	1485
667	1196
671	1214
674	1121
676	938
676	1159
680	1059
683	880
683	913
683	1055
683	1112
683	1155
683	1173
683	1260
683	1282
683	1385
683	1432
687	999
687	1075
687	1326
689	761
689	1232
689	1305
689	1319
689	1392
689	1485
690	786
692	834
692	1029
692	1265
694	921
694	1071
694	1447
697	1163
701	1206
710	741
712	860
712	863
712	900
712	975
712	1046
712	1051
712	1062
714	767
714	772
714	806
714	851
714	899
714	971
714	1004
714	1006
714	1017
714	1031
714	1075
714	1088
714	1112
714	1139
714	1210
714	1258
714	1260
714	1282
714	1316
714	1426
715	1336
717	1249
718	1124
724	803
724	1420
735	1112
742	848
742	862
742	882
742	962
742	1016
742	1196
742	1304
745	755
745	917
745	941
745	1063
755	888
755	917
755	941
755	1063
755	1390
757	1127
760	1262
761	1232
761	1305
761	1319
761	1392
761	1485
765	1214
767	772
767	806
767	851
767	899
767	971
767	1004
767	1006
767	1031
767	1075
767	1088
767	1139
767	1210
767	1260
767	1282
767	1316
767	1426
768	1035
772	773
772	806
772	851
772	899
772	971
772	1004
772	1006
772	1015
772	1031
772	1068
772	1071
772	1088
772	1099
772	1139
772	1260
772	1262
772	1282
772	1316
772	1398
773	806
773	851
773	1075
773	1282
773	1459
779	957
779	1077
783	816
786	935
788	1319
788	1431
788	1464
788	1485
794	853
794	972
800	804
800	1080
800	1084
800	1144
800	1163
800	1224
800	1309
800	1316
800	1364
800	1388
803	1420
804	1080
804	1084
804	1144
804	1163
804	1224
804	1309
804	1364
804	1388
806	851
806	899
806	971
806	1004
806	1006
806	1031
806	1063
806	1068
806	1075
806	1088
806	1099
806	1139
806	1210
806	1260
806	1282
806	1316
807	964
807	982
807	1442
811	1364
811	1388
816	1112
837	1424
837	1456
841	1178
848	862
848	882
848	962
848	1016
848	1196
849	880
849	899
849	1055
849	1112
849	1260
849	1282
849	1385
851	899
851	971
851	989
851	1004
851	1006
851	1015
851	1031
851	1075
851	1088
851	1139
851	1210
851	1260
851	1282
851	1426
853	903
853	1419
860	900
860	975
860	1051
860	1062
862	882
862	962
862	1016
862	1196
863	900
863	975
863	1046
863	1051
863	1062
865	996
876	1033
876	1094
876	1291
880	899
880	1112
880	1155
880	1260
880	1282
880	1385
880	1432
882	962
882	1016
882	1196
882	1304
888	917
888	941
888	1063
888	1390
890	1126
890	1127
890	1244
899	971
899	999
899	1006
899	1031
899	1088
899	1098
899	1112
899	1139
899	1210
899	1258
899	1260
899	1282
899	1316
899	1385
900	975
900	1046
900	1051
900	1062
903	945
908	966
908	1260
908	1385
913	928
913	1048
913	1173
913	1305
913	1385
917	941
917	1063
917	1390
917	1465
918	1489
921	1071
921	1166
922	986
922	1100
925	1445
926	1429
926	1436
928	1048
928	1305
931	1077
938	1159
941	1063
941	1390
945	1376
947	1133
962	1016
962	1196
966	1260
966	1282
966	1385
966	1426
971	1004
971	1006
971	1031
971	1088
971	1139
971	1210
971	1260
971	1426
975	1046
975	1051
975	1062
978	1017
978	1068
978	1088
978	1178
978	1262
978	1426
983	1383
985	1216
986	1100
989	1004
989	1260
989	1282
992	1357
996	1071
999	1031
999	1112
1004	1006
1004	1031
1004	1088
1004	1139
1004	1210
1004	1260
1004	1282
1006	1031
1006	1075
1006	1088
1006	1112
1006	1139
1006	1210
1006	1260
1006	1282
1006	1426
1007	1032
1007	1055
1007	1112
1007	1260
1007	1282
1007	1385
1007	1398
1009	1196
1015	1316
1016	1171
1016	1196
1029	1126
1029	1244
1029	1265
1030	1130
1030	1132
1031	1075
1031	1088
1031	1112
1031	1139
1031	1210
1031	1258
1031	1260
1031	1282
1031	1316
1031	1385
1031	1426
1033	1094
1033	1291
1045	1048
1046	1051
1046	1062
1048	1305
1051	1062
1051	1221
1051	1365
1051	1392
1055	1098
1055	1112
1055	1155
1055	1260
1055	1282
1055	1385
1055	1432
1058	1107
1058	1149
1058	1217
1058	1231
1059	1208
1059	1255
1063	1390
1071	1262
1075	1088
1075	1139
1075	1210
1075	1260
1075	1282
1075	1316
1075	1426
1077	1316
1080	1084
1080	1163
1080	1309
1080	1364
1080	1388
1081	1145
1084	1163
1084	1224
1084	1309
1084	1388
1086	1425
1088	1139
1088	1210
1088	1260
1088	1282
1094	1291
1098	1112
1098	1390
1107	1149
1107	1217
1107	1231
1107	1406
1112	1139
1112	1155
1112	1213
1112	1258
1112	1260
1112	1282
1112	1385
1112	1432
1123	1481
1124	1161
1125	1188
1126	1244
1127	1244
1130	1132
1135	1392
1135	1421
1139	1210
1139	1258
1139	1260
1139	1282
1139	1316
1139	1426
1139	1459
1149	1217
1149	1231
1149	1406
1155	1173
1155	1260
1155	1282
1155	1385
1155	1432
1158	1268
1163	1309
1163	1364
1163	1388
1173	1282
1173	1385
1173	1432
1183	1203
1186	1269
1188	1311
1196	1204
1196	1304
1207	1227
1208	1255
1208	1302
1208	1321
1210	1258
1210	1260
1210	1282
1210	1316
1210	1426
1217	1231
1217	1406
1221	1365
1221	1392
1224	1309
1224	1388
1231	1406
1232	1305
1232	1319
1232	1392
1232	1485
1255	1302
1255	1321
1258	1260
1258	1282
1260	1282
1260	1385
1260	1426
1260	1432
1272	1423
1282	1385
1282	1426
1282	1432
1292	1318
1292	1319
1292	1464
1292	1485
1305	1319
1305	1392
1305	1431
1305	1485
1309	1364
1309	1388
1316	1388
1316	1426
1318	1319
1318	1464
1318	1485
1319	1431
1319	1464
1319	1485
1364	1388
1385	1426
1385	1432
1385	1459
1392	1421
1392	1485
1424	1456
1426	1432
1429	1436
1431	1464
1431	1485
1464	1485
622	2
648	2
945	2
1376	2
528	3
1011	3
1207	7
1227	7
1183	13
1203	13
724	15
803	15
1420	15
64	16
71	16
195	16
350	16
353	16
370	16
466	16
772	16
806	16
931	16
1077	16
1282	16
1028	17
676	19
1159	19
661	24
671	25
765	25
1214	25
114	30
294	30
1126	30
55	38
64	38
103	38
195	38
236	38
248	38
340	38
361	38
466	38
467	38
481	38
498	38
506	38
714	38
767	38
806	38
851	38
899	38
1004	38
1006	38
1031	38
1088	38
1139	38
1210	38
1260	38
1282	38
1426	38
722	39
153	41
159	41
261	41
300	41
315	41
323	41
359	41
603	41
742	41
848	41
862	41
882	41
962	41
1016	41
1196	41
1204	41
1304	41
64	49
71	49
135	49
139	49
189	49
195	49
248	49
350	49
361	49
466	49
498	49
553	49
627	49
634	49
767	49
772	49
806	49
851	49
888	49
899	49
917	49
971	49
1004	49
1006	49
1031	49
1063	49
1068	49
1077	49
1088	49
1098	49
1112	49
1213	49
1260	49
1282	49
1390	49
400	50
501	53
1112	53
1385	53
94	54
116	54
183	54
242	54
281	54
329	54
563	54
587	54
601	54
800	54
804	54
1080	54
1084	54
1163	54
1224	54
1309	54
1364	54
1388	54
64	55
103	55
195	55
248	55
340	55
361	55
466	55
467	55
481	55
498	55
767	55
799	55
806	55
851	55
899	55
1004	55
1006	55
1031	55
1088	55
1139	55
1210	55
1260	55
1282	55
465	57
229	61
379	62
416	62
794	62
526	63
103	64
195	64
236	64
340	64
350	64
361	64
370	64
466	64
481	64
498	64
714	64
767	64
772	64
806	64
851	64
880	64
899	64
1004	64
1006	64
1031	64
1088	64
1112	64
1139	64
1210	64
1258	64
1260	64
1282	64
1426	64
248	71
353	71
779	71
931	71
1077	71
361	73
466	73
971	73
1282	73
1208	74
1255	74
1302	74
1321	74
1058	76
1107	76
1149	76
1217	76
1231	76
1406	76
925	78
1445	78
333	86
1360	86
279	93
116	94
242	94
281	94
329	94
563	94
587	94
601	94
800	94
804	94
811	94
1080	94
1084	94
1144	94
1163	94
1224	94
1309	94
1316	94
1364	94
1388	94
219	97
910	97
1428	97
958	100
195	103
350	103
361	103
466	103
467	103
498	103
506	103
767	103
806	103
851	103
1004	103
1006	103
1031	103
1088	103
1139	103
1260	103
1282	103
903	106
945	106
305	108
321	108
341	108
593	108
807	108
964	108
982	108
446	110
1140	110
815	113
154	114
287	114
461	114
468	114
512	114
712	114
860	114
863	114
900	114
975	114
1062	114
1126	114
1235	114
1318	114
242	116
281	116
329	116
563	116
587	116
601	116
800	116
804	116
811	116
1080	116
1084	116
1163	116
1224	116
1309	116
1364	116
1388	116
260	118
588	118
876	118
1033	118
1094	118
1291	118
1165	124
373	132
522	135
586	135
634	135
772	135
1071	135
1099	135
1112	135
1262	135
390	138
501	138
849	138
1112	138
1155	138
1385	138
232	139
408	139
888	139
1098	139
1112	139
1213	139
658	140
797	140
963	140
260	143
344	143
641	143
385	144
159	153
261	153
300	153
315	153
323	153
359	153
603	153
667	153
742	153
848	153
862	153
882	153
962	153
1016	153
1171	153
1196	153
1304	153
468	154
712	154
863	154
900	154
975	154
1046	154
1051	154
1062	154
1421	156
261	159
300	159
315	159
323	159
347	159
359	159
603	159
742	159
848	159
862	159
882	159
962	159
1016	159
1196	159
1304	159
390	160
611	160
683	160
908	160
913	160
966	160
1173	160
1385	160
1432	160
338	162
418	162
429	162
522	162
921	162
1166	162
517	164
646	164
1125	164
1188	164
1311	164
997	165
287	169
413	169
444	169
1135	169
1392	169
1421	169
443	170
748	170
637	179
281	183
804	183
585	184
586	185
837	185
1424	185
1456	185
929	188
248	189
553	189
561	189
841	189
1178	189
922	193
986	193
1100	193
340	194
236	195
248	195
340	195
350	195
361	195
386	195
466	195
467	195
481	195
498	195
569	195
687	195
714	195
767	195
772	195
773	195
806	195
849	195
851	195
899	195
971	195
1004	195
1006	195
1031	195
1075	195
1088	195
1112	195
1139	195
1155	195
1210	195
1258	195
1260	195
1282	195
1385	195
1426	195
338	202
400	202
921	202
1166	202
568	206
597	206
650	206
1186	206
1269	206
224	210
910	219
765	220
1214	220
274	228
340	236
350	236
361	236
370	236
466	236
498	236
714	236
767	236
806	236
851	236
880	236
899	236
971	236
1004	236
1006	236
1031	236
1088	236
1112	236
1139	236
1210	236
1258	236
1260	236
1282	236
487	238
281	242
329	242
563	242
587	242
601	242
800	242
804	242
1080	242
1084	242
1163	242
1224	242
1309	242
1316	242
1364	242
1388	242
255	246
370	246
390	246
441	246
501	246
569	246
645	246
653	246
714	246
849	246
880	246
899	246
1055	246
1098	246
1112	246
1210	246
1282	246
1385	246
1113	247
340	248
350	248
361	248
408	248
466	248
498	248
553	248
627	248
634	248
714	248
767	248
772	248
773	248
806	248
851	248
888	248
899	248
917	248
949	248
978	248
999	248
1004	248
1006	248
1017	248
1031	248
1063	248
1068	248
1075	248
1088	248
1099	248
1139	248
1178	248
1210	248
1213	248
1260	248
1282	248
1390	248
1426	248
370	255
390	255
441	255
501	255
645	255
653	255
880	255
1055	255
1112	255
1432	255
876	260
1033	260
1094	260
1291	260
300	261
315	261
323	261
347	261
359	261
603	261
667	261
742	261
848	261
862	261
882	261
962	261
1016	261
1196	261
1304	261
512	263
1478	263
928	264
674	267
1121	267
446	270
711	270
788	273
1319	273
1431	273
1464	273
1485	273
1305	278
329	281
563	281
587	281
601	281
800	281
804	281
1080	281
1084	281
1144	281
1163	281
1224	281
1309	281
1364	281
1388	281
459	286
715	286
1336	286
413	287
444	287
544	287
984	287
1135	287
1392	287
1421	287
562	291
779	291
957	291
1431	291
512	294
712	294
975	294
1292	294
975	295
315	300
323	300
347	300
359	300
603	300
667	300
742	300
848	300
862	300
882	300
962	300
1016	300
1196	300
1204	300
1304	300
420	301
513	301
701	301
1206	301
578	303
604	303
972	303
1377	303
321	305
341	305
593	305
807	305
964	305
982	305
713	308
1141	309
323	315
347	315
359	315
603	315
667	315
742	315
848	315
862	315
882	315
962	315
1016	315
1171	315
1196	315
1304	315
341	321
593	321
807	321
964	321
982	321
1442	321
347	323
359	323
603	323
667	323
742	323
848	323
862	323
882	323
962	323
1016	323
1196	323
1204	323
1304	323
465	325
563	329
587	329
601	329
800	329
804	329
1080	329
1084	329
1163	329
1224	329
1309	329
1364	329
1388	329
1360	333
735	336
400	338
418	338
429	338
522	338
921	338
1166	338
350	340
361	340
466	340
467	340
498	340
714	340
767	340
772	340
806	340
851	340
899	340
971	340
1004	340
1006	340
1031	340
1088	340
1139	340
1210	340
1260	340
1282	340
1426	340
593	341
807	341
964	341
605	344
632	344
641	344
802	344
1463	344
559	347
848	347
862	347
1016	347
361	350
466	350
498	350
506	350
714	350
767	350
772	350
806	350
851	350
971	350
1004	350
1006	350
1031	350
1088	350
1139	350
1260	350
1282	350
1426	350
931	353
1077	353
1316	353
1071	354
603	359
742	359
848	359
862	359
882	359
1016	359
1196	359
1204	359
1304	359
370	361
390	361
466	361
467	361
481	361
498	361
627	361
714	361
767	361
772	361
806	361
851	361
880	361
899	361
989	361
1004	361
1006	361
1031	361
1075	361
1088	361
1112	361
1139	361
1155	361
1210	361
1260	361
1282	361
1385	361
1426	361
1183	365
390	370
441	370
501	370
522	370
645	370
653	370
714	370
816	370
880	370
899	370
1007	370
1031	370
1055	370
1098	370
1112	370
1155	370
1260	370
1282	370
1385	370
1432	370
495	371
950	371
1003	371
928	372
560	376
768	376
1035	376
1158	377
1268	377
544	378
656	378
1162	378
416	379
638	379
794	379
1048	379
1282	386
1426	386
1459	386
577	387
1063	387
1390	387
890	388
1126	388
1127	388
1244	388
1182	389
441	390
456	390
501	390
569	390
611	390
645	390
653	390
683	390
849	390
880	390
913	390
966	390
989	390
1007	390
1055	390
1112	390
1155	390
1173	390
1260	390
1282	390
1385	390
1426	390
1432	390
781	391
717	395
1249	395
418	400
509	400
547	400
652	400
694	400
921	400
996	400
1071	400
1166	400
450	402
720	405
577	408
755	408
888	408
917	408
941	408
1063	408
1390	408
541	410
947	410
444	413
1392	413
1421	413
765	414
1214	414
741	415
526	416
806	416
969	416
1004	416
1477	416
429	418
522	418
921	418
1166	418
513	420
1206	420
1000	425
1088	425
522	429
1166	429
618	431
889	432
474	434
1030	434
1130	434
1132	434
586	437
634	437
1044	437
1071	437
1262	437
456	441
501	441
569	441
645	441
653	441
683	441
849	441
1007	441
1055	441
1112	441
1155	441
1260	441
1282	441
1385	441
1432	441
748	443
1135	444
1392	444
1421	444
921	445
711	446
907	447
645	456
1112	456
1282	456
1385	456
1432	456
526	459
928	459
512	461
1191	464
481	466
498	466
506	466
714	466
767	466
772	466
773	466
806	466
851	466
899	466
971	466
978	466
1004	466
1006	466
1031	466
1075	466
1088	466
1139	466
1210	466
1258	466
1260	466
1282	466
1316	466
1426	466
481	467
498	467
767	467
899	467
1006	467
1088	467
1260	467
512	468
712	468
860	468
863	468
900	468
975	468
1046	468
1051	468
1062	468
1126	468
580	471
614	471
1308	471
1030	474
1130	474
1132	474
692	477
1029	477
1265	477
498	481
600	481
767	481
806	481
851	481
972	481
1004	481
1031	481
1088	481
1139	481
1260	481
1282	481
1426	481
489	482
545	482
689	482
1232	482
1305	482
1326	483
571	487
618	488
656	488
1101	488
545	489
555	489
689	489
761	489
1232	489
1305	489
1319	489
1392	489
1485	489
959	494
950	495
1003	495
675	496
1088	496
1282	496
784	497
506	498
627	498
645	498
714	498
767	498
772	498
806	498
849	498
851	498
880	498
899	498
966	498
971	498
972	498
989	498
1004	498
1006	498
1031	498
1075	498
1088	498
1139	498
1155	498
1210	498
1260	498
1282	498
1385	498
1426	498
569	501
645	501
653	501
683	501
849	501
1055	501
1112	501
1155	501
1260	501
1282	501
1385	501
1432	501
767	506
806	506
851	506
1004	506
1031	506
1282	506
865	509
996	509
712	512
860	512
541	513
701	513
1206	513
646	517
1125	517
1188	517
1311	517
917	520
553	522
586	522
634	522
1112	522
1158	522
1166	522
1262	522
870	525
928	526
1011	528
1271	528
987	532
1351	536
1431	541
984	544
1162	544
1421	544
555	545
689	545
761	545
1232	545
1305	545
1319	545
1392	545
1485	545
652	547
694	547
921	547
1071	547
1447	547
767	549
806	549
851	549
1260	549
1112	553
1178	553
1282	553
689	555
761	555
1232	555
1305	555
1485	555
768	560
1035	560
779	562
957	562
587	563
601	563
800	563
804	563
811	563
1080	563
1084	563
1163	563
1224	563
1309	563
1364	563
1388	563
597	568
650	568
1186	568
1269	568
611	569
645	569
653	569
683	569
880	569
899	569
913	569
1055	569
1112	569
1155	569
1173	569
1260	569
1282	569
1385	569
1426	569
1432	569
755	577
888	577
917	577
941	577
1063	577
1390	577
604	578
1377	578
614	580
1308	580
634	586
760	586
772	586
1071	586
1262	586
1316	586
697	587
800	587
804	587
1080	587
1084	587
1163	587
1309	587
1364	587
1388	587
876	588
1033	588
1094	588
1291	588
662	592
807	593
964	593
982	593
650	597
1186	597
1269	597
800	601
804	601
811	601
1080	601
1084	601
1163	601
1224	601
1309	601
1388	601
742	603
848	603
862	603
882	603
962	603
1016	603
1196	603
972	604
1377	604
632	605
641	605
1463	605
1164	606
1230	606
683	611
913	611
1155	611
1173	611
1282	611
1385	611
1432	611
1308	614
731	615
872	616
1101	618
648	622
772	627
806	627
851	627
971	627
1031	627
1099	627
1051	630
1221	630
1365	630
1150	631
641	632
1463	632
772	634
806	634
1071	634
1262	634
794	638
928	638
1463	641
653	645
683	645
849	645
880	645
913	645
1007	645
1055	645
1098	645
1112	645
1155	645
1173	645
1260	645
1282	645
1385	645
1432	645
1188	646
1311	646
945	648
1179	648
1186	650
1269	650
694	652
921	652
1071	652
683	653
849	653
1007	653
1055	653
1112	653
1155	653
1260	653
1282	653
1385	653
1432	653
1101	656
1350	657
963	658
713	663
1319	665
1431	665
1485	665
1196	667
1214	671
1121	674
938	676
1159	676
1059	680
880	683
913	683
1055	683
1112	683
1155	683
1173	683
1260	683
1282	683
1385	683
1432	683
999	687
1075	687
1326	687
761	689
1232	689
1305	689
1319	689
1392	689
1485	689
786	690
834	692
1029	692
1265	692
921	694
1071	694
1447	694
1163	697
1206	701
741	710
860	712
863	712
900	712
975	712
1046	712
1051	712
1062	712
767	714
772	714
806	714
851	714
899	714
971	714
1004	714
1006	714
1017	714
1031	714
1075	714
1088	714
1112	714
1139	714
1210	714
1258	714
1260	714
1282	714
1316	714
1426	714
1336	715
1249	717
1124	718
803	724
1420	724
1112	735
848	742
862	742
882	742
962	742
1016	742
1196	742
1304	742
755	745
917	745
941	745
1063	745
888	755
917	755
941	755
1063	755
1390	755
1127	757
1262	760
1232	761
1305	761
1319	761
1392	761
1485	761
1214	765
772	767
806	767
851	767
899	767
971	767
1004	767
1006	767
1031	767
1075	767
1088	767
1139	767
1210	767
1260	767
1282	767
1316	767
1426	767
1035	768
773	772
806	772
851	772
899	772
971	772
1004	772
1006	772
1015	772
1031	772
1068	772
1071	772
1088	772
1099	772
1139	772
1260	772
1262	772
1282	772
1316	772
1398	772
806	773
851	773
1075	773
1282	773
1459	773
957	779
1077	779
816	783
935	786
1319	788
1431	788
1464	788
1485	788
853	794
972	794
804	800
1080	800
1084	800
1144	800
1163	800
1224	800
1309	800
1316	800
1364	800
1388	800
1420	803
1080	804
1084	804
1144	804
1163	804
1224	804
1309	804
1364	804
1388	804
851	806
899	806
971	806
1004	806
1006	806
1031	806
1063	806
1068	806
1075	806
1088	806
1099	806
1139	806
1210	806
1260	806
1282	806
1316	806
964	807
982	807
1442	807
1364	811
1388	811
1112	816
1424	837
1456	837
1178	841
862	848
882	848
962	848
1016	848
1196	848
880	849
899	849
1055	849
1112	849
1260	849
1282	849
1385	849
899	851
971	851
989	851
1004	851
1006	851
1015	851
1031	851
1075	851
1088	851
1139	851
1210	851
1260	851
1282	851
1426	851
903	853
1419	853
900	860
975	860
1051	860
1062	860
882	862
962	862
1016	862
1196	862
900	863
975	863
1046	863
1051	863
1062	863
996	865
1033	876
1094	876
1291	876
899	880
1112	880
1155	880
1260	880
1282	880
1385	880
1432	880
962	882
1016	882
1196	882
1304	882
917	888
941	888
1063	888
1390	888
1126	890
1127	890
1244	890
971	899
999	899
1006	899
1031	899
1088	899
1098	899
1112	899
1139	899
1210	899
1258	899
1260	899
1282	899
1316	899
1385	899
975	900
1046	900
1051	900
1062	900
945	903
966	908
1260	908
1385	908
928	913
1048	913
1173	913
1305	913
1385	913
941	917
1063	917
1390	917
1465	917
1489	918
1071	921
1166	921
986	922
1100	922
1445	925
1429	926
1436	926
1048	928
1305	928
1077	931
1159	938
1063	941
1390	941
1376	945
1133	947
1016	962
1196	962
1260	966
1282	966
1385	966
1426	966
1004	971
1006	971
1031	971
1088	971
1139	971
1210	971
1260	971
1426	971
1046	975
1051	975
1062	975
1017	978
1068	978
1088	978
1178	978
1262	978
1426	978
1383	983
1216	985
1100	986
1004	989
1260	989
1282	989
1357	992
1071	996
1031	999
1112	999
1006	1004
1031	1004
1088	1004
1139	1004
1210	1004
1260	1004
1282	1004
1031	1006
1075	1006
1088	1006
1112	1006
1139	1006
1210	1006
1260	1006
1282	1006
1426	1006
1032	1007
1055	1007
1112	1007
1260	1007
1282	1007
1385	1007
1398	1007
1196	1009
1316	1015
1171	1016
1196	1016
1126	1029
1244	1029
1265	1029
1130	1030
1132	1030
1075	1031
1088	1031
1112	1031
1139	1031
1210	1031
1258	1031
1260	1031
1282	1031
1316	1031
1385	1031
1426	1031
1094	1033
1291	1033
1048	1045
1051	1046
1062	1046
1305	1048
1062	1051
1221	1051
1365	1051
1392	1051
1098	1055
1112	1055
1155	1055
1260	1055
1282	1055
1385	1055
1432	1055
1107	1058
1149	1058
1217	1058
1231	1058
1208	1059
1255	1059
1390	1063
1262	1071
1088	1075
1139	1075
1210	1075
1260	1075
1282	1075
1316	1075
1426	1075
1316	1077
1084	1080
1163	1080
1309	1080
1364	1080
1388	1080
1145	1081
1163	1084
1224	1084
1309	1084
1388	1084
1425	1086
1139	1088
1210	1088
1260	1088
1282	1088
1291	1094
1112	1098
1390	1098
1149	1107
1217	1107
1231	1107
1406	1107
1139	1112
1155	1112
1213	1112
1258	1112
1260	1112
1282	1112
1385	1112
1432	1112
1481	1123
1161	1124
1188	1125
1244	1126
1244	1127
1132	1130
1392	1135
1421	1135
1210	1139
1258	1139
1260	1139
1282	1139
1316	1139
1426	1139
1459	1139
1217	1149
1231	1149
1406	1149
1173	1155
1260	1155
1282	1155
1385	1155
1432	1155
1268	1158
1309	1163
1364	1163
1388	1163
1282	1173
1385	1173
1432	1173
1203	1183
1269	1186
1311	1188
1204	1196
1304	1196
1227	1207
1255	1208
1302	1208
1321	1208
1258	1210
1260	1210
1282	1210
1316	1210
1426	1210
1231	1217
1406	1217
1365	1221
1392	1221
1309	1224
1388	1224
1406	1231
1305	1232
1319	1232
1392	1232
1485	1232
1302	1255
1321	1255
1260	1258
1282	1258
1282	1260
1385	1260
1426	1260
1432	1260
1423	1272
1385	1282
1426	1282
1432	1282
1318	1292
1319	1292
1464	1292
1485	1292
1319	1305
1392	1305
1431	1305
1485	1305
1364	1309
1388	1309
1388	1316
1426	1316
1319	1318
1464	1318
1485	1318
1431	1319
1464	1319
1485	1319
1388	1364
1426	1385
1432	1385
1459	1385
1421	1392
1485	1392
1456	1424
1432	1426
1436	1429
1464	1431
1485	1431
1485	1464
