2	379
2	481
2	547
5	50
5	790
6	22
6	704
7	425
8	98
8	145
8	194
8	195
8	206
8	264
8	449
8	467
8	631
8	652
8	685
8	751
8	824
8	844
9	601
10	397
11	306
16	327
16	402
16	467
16	580
16	597
16	645
16	754
16	824
17	597
18	308
18	602
19	64
19	77
19	87
19	98
19	132
19	197
19	232
19	400
19	502
19	538
19	544
19	571
19	577
19	628
19	640
19	678
19	722
19	754
19	761
19	858
19	859
22	704
23	794
25	34
25	83
25	134
25	189
25	201
25	264
25	265
25	274
25	287
25	299
25	327
25	364
25	370
25	419
25	444
25	467
25	516
25	530
25	568
25	604
25	637
25	645
25	672
25	685
25	708
25	727
25	738
25	751
25	754
25	809
25	834
26	423
26	476
28	85
28	90
28	166
28	175
28	199
28	352
28	431
28	488
28	495
28	507
28	583
28	592
28	615
28	636
28	657
28	699
28	762
29	871
30	143
30	688
32	810
32	826
34	189
34	201
34	264
34	265
34	274
34	287
34	299
34	327
34	364
34	444
34	467
34	516
34	604
34	637
34	672
34	708
34	727
34	738
34	751
34	754
38	188
38	393
38	440
38	788
38	828
39	600
39	701
43	156
43	356
43	360
43	386
43	835
45	707
45	735
45	774
51	98
51	140
51	206
51	327
51	509
51	516
51	604
51	619
51	640
51	655
51	664
51	728
51	751
51	783
51	816
51	824
51	827
51	834
52	833
54	126
54	139
54	280
54	313
54	319
54	403
54	427
54	443
54	459
54	485
54	497
54	682
54	698
54	721
54	756
54	773
54	775
54	855
54	868
55	127
55	836
56	557
56	811
63	86
63	160
63	262
63	266
63	296
63	496
63	570
63	625
63	723
64	98
64	108
64	197
64	484
64	628
64	678
64	685
64	689
64	754
64	859
65	159
65	295
65	343
65	351
65	411
65	464
65	465
65	470
65	633
65	635
65	681
65	710
65	798
67	200
67	388
68	285
68	396
69	85
69	166
69	175
69	583
69	615
69	636
69	657
69	699
74	98
74	292
74	449
74	532
74	597
74	641
74	739
74	754
74	816
77	98
77	132
77	232
77	532
77	538
77	628
77	640
77	678
77	711
77	859
83	98
83	189
83	194
83	201
83	264
83	274
83	287
83	299
83	327
83	364
83	370
83	419
83	444
83	449
83	450
83	467
83	516
83	530
83	566
83	604
83	629
83	637
83	645
83	672
83	678
83	685
83	708
83	709
83	738
83	751
83	754
83	809
83	834
84	119
84	330
84	348
84	380
84	724
84	744
85	90
85	166
85	175
85	199
85	352
85	431
85	488
85	495
85	507
85	583
85	592
85	615
85	636
85	657
85	684
85	699
85	762
86	266
86	496
86	570
86	612
86	616
86	625
87	98
87	197
87	232
87	400
87	502
87	538
87	544
87	577
87	628
87	678
87	761
87	858
87	859
88	832
90	166
90	175
90	192
90	199
90	352
90	431
90	488
90	495
90	507
90	583
90	592
90	615
90	636
90	657
90	699
90	762
93	179
93	802
96	251
98	140
98	197
98	206
98	232
98	274
98	292
98	327
98	419
98	449
98	502
98	509
98	516
98	532
98	538
98	544
98	577
98	628
98	640
98	652
98	664
98	678
98	711
98	751
98	754
98	816
98	824
98	858
98	859
103	527
104	159
104	411
104	465
104	710
106	609
106	702
106	850
107	534
108	324
108	484
108	689
108	754
111	189
114	395
114	598
114	656
117	453
117	457
119	330
119	348
119	380
119	724
119	744
119	869
124	167
124	237
124	269
124	706
124	796
126	139
126	427
126	485
126	497
126	682
126	756
126	773
126	775
126	855
126	868
131	532
131	653
134	189
134	194
134	201
134	206
134	264
134	287
134	299
134	327
134	370
134	419
134	444
134	467
134	505
134	516
134	566
134	604
134	637
134	645
134	664
134	685
134	708
134	728
134	737
134	738
134	751
134	754
134	809
134	824
134	830
135	742
139	427
139	485
139	497
139	682
139	756
139	775
140	206
140	220
140	250
140	331
140	419
140	489
140	505
140	509
140	512
140	516
140	619
140	640
140	655
140	664
140	708
140	728
140	751
140	783
140	810
140	816
140	827
143	688
145	631
145	652
145	754
145	844
146	734
150	296
150	702
156	356
156	360
156	613
156	835
158	444
158	645
159	295
159	343
159	351
159	411
159	464
159	465
159	633
159	635
159	681
159	710
159	798
160	234
160	300
160	312
160	832
161	279
164	277
164	402
164	620
164	778
165	168
165	382
166	175
166	192
166	199
166	352
166	431
166	488
166	495
166	507
166	583
166	592
166	615
166	636
166	657
166	699
166	762
167	237
167	269
167	706
167	796
168	382
168	393
169	216
169	447
169	804
174	658
175	192
175	199
175	352
175	431
175	488
175	495
175	507
175	583
175	592
175	615
175	636
175	657
175	684
175	699
175	762
177	339
177	494
177	620
179	802
188	393
188	440
188	788
189	194
189	201
189	264
189	265
189	274
189	287
189	327
189	364
189	419
189	444
189	449
189	467
189	516
189	566
189	604
189	637
189	645
189	672
189	708
189	738
189	751
189	754
189	816
189	830
189	834
192	322
192	488
192	495
192	583
192	592
192	615
192	657
193	292
193	393
193	828
194	201
194	264
194	274
194	287
194	299
194	327
194	364
194	370
194	371
194	419
194	444
194	449
194	467
194	530
194	566
194	604
194	637
194	645
194	685
194	738
194	751
194	754
194	816
194	830
194	834
195	631
195	652
195	844
197	232
197	302
197	400
197	502
197	538
197	544
197	577
197	628
197	678
197	754
197	761
197	858
197	859
199	352
199	431
199	488
199	495
199	507
199	583
199	592
199	615
199	657
199	699
199	762
200	388
201	206
201	220
201	264
201	265
201	274
201	287
201	299
201	327
201	364
201	370
201	419
201	444
201	449
201	467
201	505
201	516
201	530
201	568
201	604
201	629
201	637
201	645
201	664
201	672
201	675
201	676
201	685
201	708
201	727
201	738
201	751
201	754
201	809
201	810
201	824
201	827
201	830
201	834
206	220
206	250
206	274
206	419
206	471
206	505
206	509
206	512
206	516
206	532
206	538
206	587
206	604
206	619
206	640
206	645
206	655
206	664
206	675
206	738
206	751
206	783
206	810
206	816
206	824
206	827
206	830
213	312
213	386
213	680
213	842
214	236
214	373
214	462
214	614
216	447
216	804
218	274
218	371
218	751
218	834
218	852
219	400
220	238
220	250
220	259
220	274
220	327
220	331
220	355
220	371
220	401
220	471
220	489
220	505
220	509
220	512
220	563
220	587
220	619
220	655
220	664
220	675
220	686
220	718
220	738
220	751
220	783
220	810
220	816
220	824
220	827
220	834
222	624
226	291
232	400
232	502
232	538
232	544
232	577
232	628
232	678
232	754
232	858
232	859
233	475
234	300
234	832
235	430
236	305
236	467
236	565
237	706
238	355
238	401
238	471
238	505
238	521
238	563
238	619
238	655
238	675
238	718
238	751
238	810
240	530
240	637
245	717
247	272
248	292
248	739
250	259
250	331
250	401
250	471
250	489
250	509
250	512
250	587
250	619
250	655
250	664
250	675
250	738
250	751
250	783
250	810
250	816
250	827
254	520
258	616
258	715
259	509
259	655
259	664
259	751
259	810
261	305
261	475
262	296
264	274
264	287
264	299
264	327
264	364
264	370
264	371
264	419
264	444
264	449
264	450
264	467
264	516
264	530
264	566
264	568
264	571
264	604
264	629
264	637
264	645
264	672
264	685
264	708
264	709
264	727
264	737
264	738
264	751
264	754
264	809
264	824
264	830
264	834
265	287
265	327
265	444
265	477
265	516
265	637
265	645
265	672
265	727
265	738
266	296
266	496
266	570
266	612
266	616
266	625
269	706
269	796
272	602
272	741
272	757
274	287
274	299
274	327
274	331
274	364
274	370
274	371
274	419
274	444
274	449
274	467
274	516
274	530
274	563
274	571
274	604
274	629
274	637
274	645
274	655
274	675
274	678
274	738
274	751
274	754
274	810
274	830
274	834
276	280
276	313
276	403
276	721
277	620
277	778
280	313
280	319
280	403
280	721
280	773
280	775
280	868
282	286
284	550
284	700
285	396
285	637
285	751
287	299
287	327
287	364
287	370
287	371
287	419
287	444
287	449
287	467
287	489
287	505
287	516
287	563
287	566
287	604
287	629
287	637
287	645
287	672
287	675
287	685
287	708
287	709
287	727
287	738
287	751
287	754
287	809
287	810
287	824
287	830
287	834
292	341
292	393
292	449
292	538
292	628
292	678
292	751
292	754
292	816
295	343
295	351
295	411
295	464
295	465
295	470
295	633
295	635
295	681
295	710
295	798
299	327
299	364
299	370
299	419
299	444
299	449
299	467
299	471
299	516
299	566
299	604
299	637
299	645
299	672
299	685
299	727
299	738
299	751
299	754
299	810
299	816
299	824
299	834
300	832
305	475
306	745
312	680
312	832
312	842
313	319
313	403
313	721
313	773
313	775
313	868
319	403
319	721
319	868
324	651
325	498
325	556
325	782
325	833
327	364
327	370
327	419
327	444
327	449
327	467
327	505
327	516
327	530
327	566
327	571
327	580
327	604
327	629
327	637
327	645
327	664
327	672
327	676
327	678
327	685
327	708
327	727
327	738
327	751
327	754
327	769
327	809
327	810
327	816
327	824
327	830
327	834
330	348
330	380
330	724
330	744
331	355
331	401
331	471
331	505
331	509
331	516
331	619
331	655
331	664
331	675
331	686
331	718
331	738
331	751
331	783
331	810
331	816
331	827
331	834
339	370
339	494
339	620
339	767
343	411
343	464
343	465
343	633
343	635
343	681
343	710
343	798
348	380
348	724
348	744
349	654
350	518
351	411
351	464
351	465
351	470
351	633
351	635
351	681
351	710
352	431
352	488
352	495
352	507
352	583
352	592
352	636
352	657
352	699
355	401
355	471
355	655
355	675
355	686
355	718
355	751
355	810
356	386
356	835
360	613
364	370
364	419
364	444
364	449
364	467
364	566
364	604
364	629
364	637
364	645
364	685
364	727
364	738
364	751
364	754
364	809
364	824
364	830
364	834
370	419
370	444
370	449
370	467
370	494
370	516
370	604
370	629
370	637
370	645
370	685
370	738
370	751
370	754
370	809
370	824
370	830
371	571
371	637
371	718
371	738
371	751
371	754
371	810
371	824
371	834
371	869
373	462
379	547
379	690
380	724
380	744
381	401
381	471
381	686
381	718
381	810
386	835
386	842
390	773
390	775
390	868
393	440
393	788
393	828
395	598
395	656
399	676
400	538
400	858
400	859
401	471
401	505
401	509
401	512
401	619
401	655
401	664
401	675
401	686
401	718
401	738
401	751
401	783
401	810
401	827
402	580
402	597
402	629
402	778
403	721
403	773
403	775
403	868
404	458
411	464
411	465
411	633
411	635
411	681
411	710
411	798
419	444
419	449
419	467
419	516
419	538
419	566
419	593
419	604
419	629
419	637
419	645
419	672
419	678
419	685
419	708
419	728
419	737
419	738
419	751
419	754
419	816
419	824
419	834
423	476
427	485
427	497
427	682
427	756
427	775
427	855
427	868
429	736
431	488
431	495
431	507
431	583
431	592
431	615
431	636
431	657
431	699
431	762
436	467
436	627
440	788
442	739
443	459
443	698
443	773
443	855
443	868
444	449
444	467
444	516
444	530
444	566
444	604
444	629
444	637
444	645
444	672
444	685
444	708
444	709
444	727
444	738
444	751
444	754
444	809
444	824
444	830
444	834
447	804
449	450
449	467
449	516
449	530
449	532
449	538
449	566
449	591
449	604
449	627
449	637
449	641
449	645
449	672
449	685
449	738
449	739
449	751
449	754
449	816
449	824
450	467
450	629
450	685
450	751
450	754
450	852
453	457
459	698
459	773
459	775
459	855
459	868
464	465
464	633
464	635
464	681
464	710
464	798
465	633
465	635
465	681
465	710
465	798
467	516
467	538
467	566
467	604
467	627
467	629
467	637
467	641
467	645
467	672
467	678
467	685
467	708
467	709
467	727
467	738
467	751
467	754
467	809
467	816
467	830
467	869
470	798
471	505
471	509
471	619
471	655
471	664
471	675
471	686
471	718
471	751
471	783
471	810
471	816
471	824
471	827
471	834
475	614
481	547
482	590
484	685
484	689
485	497
485	682
485	756
485	775
485	855
485	868
488	495
488	507
488	583
488	592
488	615
488	636
488	657
488	699
489	505
489	509
489	516
489	537
489	619
489	655
489	664
489	738
489	751
489	783
489	810
489	816
489	827
494	620
495	507
495	583
495	592
495	615
495	636
495	657
495	699
496	570
496	612
496	616
496	625
497	682
497	756
497	773
497	775
497	855
497	868
498	556
498	782
498	833
499	564
502	538
502	577
502	628
502	678
502	754
502	859
503	606
505	509
505	516
505	655
505	664
505	675
505	718
505	738
505	751
505	754
505	810
505	816
505	824
507	583
507	592
507	615
507	636
507	657
507	699
507	762
509	512
509	619
509	640
509	655
509	664
509	675
509	738
509	751
509	783
509	810
509	816
509	824
509	827
512	587
512	619
512	645
512	655
512	664
512	751
512	783
512	810
512	827
516	537
516	566
516	580
516	604
516	637
516	640
516	645
516	655
516	672
516	678
516	685
516	708
516	727
516	728
516	737
516	738
516	751
516	754
516	809
516	810
516	816
516	824
516	830
521	563
521	718
521	738
521	810
530	604
530	645
530	676
530	738
530	751
530	754
530	824
530	834
532	538
532	640
532	653
532	711
532	751
537	728
537	816
538	544
538	577
538	628
538	640
538	678
538	754
538	858
538	859
544	577
544	628
544	678
544	858
544	859
547	733
547	816
550	700
554	566
556	782
556	833
557	811
563	718
563	738
563	751
563	810
563	834
566	604
566	637
566	645
566	678
566	685
566	708
566	738
566	809
566	830
566	834
568	637
570	612
570	616
570	625
571	593
571	627
571	637
571	689
571	739
571	754
571	834
577	678
577	858
577	859
580	597
580	604
580	685
580	816
580	824
583	592
583	615
583	636
583	657
583	699
583	762
587	605
587	619
587	645
587	664
587	738
587	751
587	810
587	816
587	824
587	827
588	636
588	699
591	754
592	615
592	636
592	657
592	684
592	699
593	754
597	739
597	751
597	824
598	656
600	701
602	741
602	757
604	629
604	637
604	645
604	655
604	664
604	672
604	676
604	685
604	708
604	727
604	728
604	737
604	738
604	751
604	754
604	809
604	810
604	824
604	830
604	834
609	850
611	614
612	616
612	625
615	636
615	657
615	699
615	762
616	625
616	715
619	640
619	655
619	664
619	675
619	738
619	751
619	783
619	810
619	827
620	778
621	647
621	713
621	720
621	842
622	707
622	735
623	733
627	754
627	869
628	640
628	678
628	722
628	754
628	858
628	859
629	637
629	645
629	685
629	708
629	738
629	751
629	754
629	809
629	824
629	834
631	652
631	844
633	635
633	681
633	710
633	798
635	681
635	710
636	657
636	699
637	645
637	672
637	678
637	685
637	708
637	709
637	727
637	738
637	751
637	754
637	824
637	830
640	664
640	678
640	728
640	783
641	685
645	655
645	672
645	685
645	708
645	709
645	727
645	728
645	738
645	751
645	754
645	809
645	810
645	816
645	824
645	830
645	834
647	713
647	720
651	800
652	844
655	664
655	675
655	686
655	718
655	728
655	738
655	751
655	783
655	810
655	816
655	827
655	834
657	699
657	762
662	807
664	675
664	728
664	738
664	751
664	783
664	810
664	816
664	824
664	827
664	830
672	685
672	708
672	727
672	738
672	751
672	754
672	809
672	848
675	686
675	738
675	751
675	783
675	810
675	827
676	738
676	751
678	685
678	751
678	754
678	809
678	824
678	858
678	859
680	842
681	710
681	798
682	756
682	773
682	775
682	855
682	868
685	708
685	727
685	738
685	751
685	754
685	809
685	816
685	824
686	718
686	751
686	810
689	761
698	773
698	775
698	855
698	868
699	762
706	796
707	735
707	774
708	737
708	738
708	751
708	754
708	809
708	816
708	834
710	798
713	720
713	842
718	738
718	751
718	810
718	816
718	834
720	842
721	773
721	775
721	868
724	744
727	738
727	751
727	754
727	809
728	738
728	751
728	783
728	816
728	824
735	774
737	738
737	751
737	824
738	751
738	754
738	809
738	810
738	816
738	824
738	827
738	830
738	834
738	848
741	757
751	754
751	783
751	809
751	810
751	816
751	824
751	827
751	830
751	834
751	869
754	809
754	816
754	824
754	830
754	834
754	859
756	773
756	775
756	855
756	868
773	775
773	855
773	868
775	855
775	868
782	833
783	810
783	816
783	824
783	827
788	828
809	824
810	816
810	824
810	827
810	834
810	852
816	824
816	827
816	834
816	852
824	827
824	830
830	852
837	843
855	868
858	859
379	2
481	2
547	2
50	5
790	5
22	6
704	6
425	7
98	8
145	8
194	8
195	8
206	8
264	8
449	8
467	8
631	8
652	8
685	8
751	8
824	8
844	8
601	9
397	10
306	11
327	16
402	16
467	16
580	16
597	16
645	16
754	16
824	16
597	17
308	18
602	18
64	19
77	19
87	19
98	19
132	19
197	19
232	19
400	19
502	19
538	19
544	19
571	19
577	19
628	19
640	19
678	19
722	19
754	19
761	19
858	19
859	19
704	22
794	23
34	25
83	25
134	25
189	25
201	25
264	25
265	25
274	25
287	25
299	25
327	25
364	25
370	25
419	25
444	25
467	25
516	25
530	25
568	25
604	25
637	25
645	25
672	25
685	25
708	25
727	25
738	25
751	25
754	25
809	25
834	25
423	26
476	26
85	28
90	28
166	28
175	28
199	28
352	28
431	28
488	28
495	28
507	28
583	28
592	28
615	28
636	28
657	28
699	28
762	28
871	29
143	30
688	30
810	32
826	32
189	34
201	34
264	34
265	34
274	34
287	34
299	34
327	34
364	34
444	34
467	34
516	34
604	34
637	34
672	34
708	34
727	34
738	34
751	34
754	34
188	38
393	38
440	38
788	38
828	38
600	39
701	39
156	43
356	43
360	43
386	43
835	43
707	45
735	45
774	45
98	51
140	51
206	51
327	51
509	51
516	51
604	51
619	51
640	51
655	51
664	51
728	51
751	51
783	51
816	51
824	51
827	51
834	51
833	52
126	54
139	54
280	54
313	54
319	54
403	54
427	54
443	54
459	54
485	54
497	54
682	54
698	54
721	54
756	54
773	54
775	54
855	54
868	54
127	55
836	55
557	56
811	56
86	63
160	63
262	63
266	63
296	63
496	63
570	63
625	63
723	63
98	64
108	64
197	64
484	64
628	64
678	64
685	64
689	64
754	64
859	64
159	65
295	65
343	65
351	65
411	65
464	65
465	65
470	65
633	65
635	65
681	65
710	65
798	65
200	67
388	67
285	68
396	68
85	69
166	69
175	69
583	69
615	69
636	69
657	69
699	69
98	74
292	74
449	74
532	74
597	74
641	74
739	74
754	74
816	74
98	77
132	77
232	77
532	77
538	77
628	77
640	77
678	77
711	77
859	77
98	83
189	83
194	83
201	83
264	83
274	83
287	83
299	83
327	83
364	83
370	83
419	83
444	83
449	83
450	83
467	83
516	83
530	83
566	83
604	83
629	83
637	83
645	83
672	83
678	83
685	83
708	83
709	83
738	83
751	83
754	83
809	83
834	83
119	84
330	84
348	84
380	84
724	84
744	84
90	85
166	85
175	85
199	85
352	85
431	85
488	85
495	85
507	85
583	85
592	85
615	85
636	85
657	85
684	85
699	85
762	85
266	86
496	86
570	86
612	86
616	86
625	86
98	87
197	87
232	87
400	87
502	87
538	87
544	87
577	87
628	87
678	87
761	87
858	87
859	87
832	88
166	90
175	90
192	90
199	90
352	90
431	90
488	90
495	90
507	90
583	90
592	90
615	90
636	90
657	90
699	90
762	90
179	93
802	93
251	96
140	98
197	98
206	98
232	98
274	98
292	98
327	98
419	98
449	98
502	98
509	98
516	98
532	98
538	98
544	98
577	98
628	98
640	98
652	98
664	98
678	98
711	98
751	98
754	98
816	98
824	98
858	98
859	98
527	103
159	104
411	104
465	104
710	104
609	106
702	106
850	106
534	107
324	108
484	108
689	108
754	108
189	111
395	114
598	114
656	114
453	117
457	117
330	119
348	119
380	119
724	119
744	119
869	119
167	124
237	124
269	124
706	124
796	124
139	126
427	126
485	126
497	126
682	126
756	126
773	126
775	126
855	126
868	126
532	131
653	131
189	134
194	134
201	134
206	134
264	134
287	134
299	134
327	134
370	134
419	134
444	134
467	134
505	134
516	134
566	134
604	134
637	134
645	134
664	134
685	134
708	134
728	134
737	134
738	134
751	134
754	134
809	134
824	134
830	134
742	135
427	139
485	139
497	139
682	139
756	139
775	139
206	140
220	140
250	140
331	140
419	140
489	140
505	140
509	140
512	140
516	140
619	140
640	140
655	140
664	140
708	140
728	140
751	140
783	140
810	140
816	140
827	140
688	143
631	145
652	145
754	145
844	145
734	146
296	150
702	150
356	156
360	156
613	156
835	156
444	158
645	158
295	159
343	159
351	159
411	159
464	159
465	159
633	159
635	159
681	159
710	159
798	159
234	160
300	160
312	160
832	160
279	161
277	164
402	164
620	164
778	164
168	165
382	165
175	166
192	166
199	166
352	166
431	166
488	166
495	166
507	166
583	166
592	166
615	166
636	166
657	166
699	166
762	166
237	167
269	167
706	167
796	167
382	168
393	168
216	169
447	169
804	169
658	174
192	175
199	175
352	175
431	175
488	175
495	175
507	175
583	175
592	175
615	175
636	175
657	175
684	175
699	175
762	175
339	177
494	177
620	177
802	179
393	188
440	188
788	188
194	189
201	189
264	189
265	189
274	189
287	189
327	189
364	189
419	189
444	189
449	189
467	189
516	189
566	189
604	189
637	189
645	189
672	189
708	189
738	189
751	189
754	189
816	189
830	189
834	189
322	192
488	192
495	192
583	192
592	192
615	192
657	192
292	193
393	193
828	193
201	194
264	194
274	194
287	194
299	194
327	194
364	194
370	194
371	194
419	194
444	194
449	194
467	194
530	194
566	194
604	194
637	194
645	194
685	194
738	194
751	194
754	194
816	194
830	194
834	194
631	195
652	195
844	195
232	197
302	197
400	197
502	197
538	197
544	197
577	197
628	197
678	197
754	197
761	197
858	197
859	197
352	199
431	199
488	199
495	199
507	199
583	199
592	199
615	199
657	199
699	199
762	199
388	200
206	201
220	201
264	201
265	201
274	201
287	201
299	201
327	201
364	201
370	201
419	201
444	201
449	201
467	201
505	201
516	201
530	201
568	201
604	201
629	201
637	201
645	201
664	201
672	201
675	201
676	201
685	201
708	201
727	201
738	201
751	201
754	201
809	201
810	201
824	201
827	201
830	201
834	201
220	206
250	206
274	206
419	206
471	206
505	206
509	206
512	206
516	206
532	206
538	206
587	206
604	206
619	206
640	206
645	206
655	206
664	206
675	206
738	206
751	206
783	206
810	206
816	206
824	206
827	206
830	206
312	213
386	213
680	213
842	213
236	214
373	214
462	214
614	214
447	216
804	216
274	218
371	218
751	218
834	218
852	218
400	219
238	220
250	220
259	220
274	220
327	220
331	220
355	220
371	220
401	220
471	220
489	220
505	220
509	220
512	220
563	220
587	220
619	220
655	220
664	220
675	220
686	220
718	220
738	220
751	220
783	220
810	220
816	220
824	220
827	220
834	220
624	222
291	226
400	232
502	232
538	232
544	232
577	232
628	232
678	232
754	232
858	232
859	232
475	233
300	234
832	234
430	235
305	236
467	236
565	236
706	237
355	238
401	238
471	238
505	238
521	238
563	238
619	238
655	238
675	238
718	238
751	238
810	238
530	240
637	240
717	245
272	247
292	248
739	248
259	250
331	250
401	250
471	250
489	250
509	250
512	250
587	250
619	250
655	250
664	250
675	250
738	250
751	250
783	250
810	250
816	250
827	250
520	254
616	258
715	258
509	259
655	259
664	259
751	259
810	259
305	261
475	261
296	262
274	264
287	264
299	264
327	264
364	264
370	264
371	264
419	264
444	264
449	264
450	264
467	264
516	264
530	264
566	264
568	264
571	264
604	264
629	264
637	264
645	264
672	264
685	264
708	264
709	264
727	264
737	264
738	264
751	264
754	264
809	264
824	264
830	264
834	264
287	265
327	265
444	265
477	265
516	265
637	265
645	265
672	265
727	265
738	265
296	266
496	266
570	266
612	266
616	266
625	266
706	269
796	269
602	272
741	272
757	272
287	274
299	274
327	274
331	274
364	274
370	274
371	274
419	274
444	274
449	274
467	274
516	274
530	274
563	274
571	274
604	274
629	274
637	274
645	274
655	274
675	274
678	274
738	274
751	274
754	274
810	274
830	274
834	274
280	276
313	276
403	276
721	276
620	277
778	277
313	280
319	280
403	280
721	280
773	280
775	280
868	280
286	282
550	284
700	284
396	285
637	285
751	285
299	287
327	287
364	287
370	287
371	287
419	287
444	287
449	287
467	287
489	287
505	287
516	287
563	287
566	287
604	287
629	287
637	287
645	287
672	287
675	287
685	287
708	287
709	287
727	287
738	287
751	287
754	287
809	287
810	287
824	287
830	287
834	287
341	292
393	292
449	292
538	292
628	292
678	292
751	292
754	292
816	292
343	295
351	295
411	295
464	295
465	295
470	295
633	295
635	295
681	295
710	295
798	295
327	299
364	299
370	299
419	299
444	299
449	299
467	299
471	299
516	299
566	299
604	299
637	299
645	299
672	299
685	299
727	299
738	299
751	299
754	299
810	299
816	299
824	299
834	299
832	300
475	305
745	306
680	312
832	312
842	312
319	313
403	313
721	313
773	313
775	313
868	313
403	319
721	319
868	319
651	324
498	325
556	325
782	325
833	325
364	327
370	327
419	327
444	327
449	327
467	327
505	327
516	327
530	327
566	327
571	327
580	327
604	327
629	327
637	327
645	327
664	327
672	327
676	327
678	327
685	327
708	327
727	327
738	327
751	327
754	327
769	327
809	327
810	327
816	327
824	327
830	327
834	327
348	330
380	330
724	330
744	330
355	331
401	331
471	331
505	331
509	331
516	331
619	331
655	331
664	331
675	331
686	331
718	331
738	331
751	331
783	331
810	331
816	331
827	331
834	331
370	339
494	339
620	339
767	339
411	343
464	343
465	343
633	343
635	343
681	343
710	343
798	343
380	348
724	348
744	348
654	349
518	350
411	351
464	351
465	351
470	351
633	351
635	351
681	351
710	351
431	352
488	352
495	352
507	352
583	352
592	352
636	352
657	352
699	352
401	355
471	355
655	355
675	355
686	355
718	355
751	355
810	355
386	356
835	356
613	360
370	364
419	364
444	364
449	364
467	364
566	364
604	364
629	364
637	364
645	364
685	364
727	364
738	364
751	364
754	364
809	364
824	364
830	364
834	364
419	370
444	370
449	370
467	370
494	370
516	370
604	370
629	370
637	370
645	370
685	370
738	370
751	370
754	370
809	370
824	370
830	370
571	371
637	371
718	371
738	371
751	371
754	371
810	371
824	371
834	371
869	371
462	373
547	379
690	379
724	380
744	380
401	381
471	381
686	381
718	381
810	381
835	386
842	386
773	390
775	390
868	390
440	393
788	393
828	393
598	395
656	395
676	399
538	400
858	400
859	400
471	401
505	401
509	401
512	401
619	401
655	401
664	401
675	401
686	401
718	401
738	401
751	401
783	401
810	401
827	401
580	402
597	402
629	402
778	402
721	403
773	403
775	403
868	403
458	404
464	411
465	411
633	411
635	411
681	411
710	411
798	411
444	419
449	419
467	419
516	419
538	419
566	419
593	419
604	419
629	419
637	419
645	419
672	419
678	419
685	419
708	419
728	419
737	419
738	419
751	419
754	419
816	419
824	419
834	419
476	423
485	427
497	427
682	427
756	427
775	427
855	427
868	427
736	429
488	431
495	431
507	431
583	431
592	431
615	431
636	431
657	431
699	431
762	431
467	436
627	436
788	440
739	442
459	443
698	443
773	443
855	443
868	443
449	444
467	444
516	444
530	444
566	444
604	444
629	444
637	444
645	444
672	444
685	444
708	444
709	444
727	444
738	444
751	444
754	444
809	444
824	444
830	444
834	444
804	447
450	449
467	449
516	449
530	449
532	449
538	449
566	449
591	449
604	449
627	449
637	449
641	449
645	449
672	449
685	449
738	449
739	449
751	449
754	449
816	449
824	449
467	450
629	450
685	450
751	450
754	450
852	450
457	453
698	459
773	459
775	459
855	459
868	459
465	464
633	464
635	464
681	464
710	464
798	464
633	465
635	465
681	465
710	465
798	465
516	467
538	467
566	467
604	467
627	467
629	467
637	467
641	467
645	467
672	467
678	467
685	467
708	467
709	467
727	467
738	467
751	467
754	467
809	467
816	467
830	467
869	467
798	470
505	471
509	471
619	471
655	471
664	471
675	471
686	471
718	471
751	471
783	471
810	471
816	471
824	471
827	471
834	471
614	475
547	481
590	482
685	484
689	484
497	485
682	485
756	485
775	485
855	485
868	485
495	488
507	488
583	488
592	488
615	488
636	488
657	488
699	488
505	489
509	489
516	489
537	489
619	489
655	489
664	489
738	489
751	489
783	489
810	489
816	489
827	489
620	494
507	495
583	495
592	495
615	495
636	495
657	495
699	495
570	496
612	496
616	496
625	496
682	497
756	497
773	497
775	497
855	497
868	497
556	498
782	498
833	498
564	499
538	502
577	502
628	502
678	502
754	502
859	502
606	503
509	505
516	505
655	505
664	505
675	505
718	505
738	505
751	505
754	505
810	505
816	505
824	505
583	507
592	507
615	507
636	507
657	507
699	507
762	507
512	509
619	509
640	509
655	509
664	509
675	509
738	509
751	509
783	509
810	509
816	509
824	509
827	509
587	512
619	512
645	512
655	512
664	512
751	512
783	512
810	512
827	512
537	516
566	516
580	516
604	516
637	516
640	516
645	516
655	516
672	516
678	516
685	516
708	516
727	516
728	516
737	516
738	516
751	516
754	516
809	516
810	516
816	516
824	516
830	516
563	521
718	521
738	521
810	521
604	530
645	530
676	530
738	530
751	530
754	530
824	530
834	530
538	532
640	532
653	532
711	532
751	532
728	537
816	537
544	538
577	538
628	538
640	538
678	538
754	538
858	538
859	538
577	544
628	544
678	544
858	544
859	544
733	547
816	547
700	550
566	554
782	556
833	556
811	557
718	563
738	563
751	563
810	563
834	563
604	566
637	566
645	566
678	566
685	566
708	566
738	566
809	566
830	566
834	566
637	568
612	570
616	570
625	570
593	571
627	571
637	571
689	571
739	571
754	571
834	571
678	577
858	577
859	577
597	580
604	580
685	580
816	580
824	580
592	583
615	583
636	583
657	583
699	583
762	583
605	587
619	587
645	587
664	587
738	587
751	587
810	587
816	587
824	587
827	587
636	588
699	588
754	591
615	592
636	592
657	592
684	592
699	592
754	593
739	597
751	597
824	597
656	598
701	600
741	602
757	602
629	604
637	604
645	604
655	604
664	604
672	604
676	604
685	604
708	604
727	604
728	604
737	604
738	604
751	604
754	604
809	604
810	604
824	604
830	604
834	604
850	609
614	611
616	612
625	612
636	615
657	615
699	615
762	615
625	616
715	616
640	619
655	619
664	619
675	619
738	619
751	619
783	619
810	619
827	619
778	620
647	621
713	621
720	621
842	621
707	622
735	622
733	623
754	627
869	627
640	628
678	628
722	628
754	628
858	628
859	628
637	629
645	629
685	629
708	629
738	629
751	629
754	629
809	629
824	629
834	629
652	631
844	631
635	633
681	633
710	633
798	633
681	635
710	635
657	636
699	636
645	637
672	637
678	637
685	637
708	637
709	637
727	637
738	637
751	637
754	637
824	637
830	637
664	640
678	640
728	640
783	640
685	641
655	645
672	645
685	645
708	645
709	645
727	645
728	645
738	645
751	645
754	645
809	645
810	645
816	645
824	645
830	645
834	645
713	647
720	647
800	651
844	652
664	655
675	655
686	655
718	655
728	655
738	655
751	655
783	655
810	655
816	655
827	655
834	655
699	657
762	657
807	662
675	664
728	664
738	664
751	664
783	664
810	664
816	664
824	664
827	664
830	664
685	672
708	672
727	672
738	672
751	672
754	672
809	672
848	672
686	675
738	675
751	675
783	675
810	675
827	675
738	676
751	676
685	678
751	678
754	678
809	678
824	678
858	678
859	678
842	680
710	681
798	681
756	682
773	682
775	682
855	682
868	682
708	685
727	685
738	685
751	685
754	685
809	685
816	685
824	685
718	686
751	686
810	686
761	689
773	698
775	698
855	698
868	698
762	699
796	706
735	707
774	707
737	708
738	708
751	708
754	708
809	708
816	708
834	708
798	710
720	713
842	713
738	718
751	718
810	718
816	718
834	718
842	720
773	721
775	721
868	721
744	724
738	727
751	727
754	727
809	727
738	728
751	728
783	728
816	728
824	728
774	735
738	737
751	737
824	737
751	738
754	738
809	738
810	738
816	738
824	738
827	738
830	738
834	738
848	738
757	741
754	751
783	751
809	751
810	751
816	751
824	751
827	751
830	751
834	751
869	751
809	754
816	754
824	754
830	754
834	754
859	754
773	756
775	756
855	756
868	756
775	773
855	773
868	773
855	775
868	775
833	782
810	783
816	783
824	783
827	783
828	788
824	809
816	810
824	810
827	810
834	810
852	810
824	816
827	816
834	816
852	816
827	824
830	824
852	830
843	837
868	855
859	858
