0	3319
2	56
2	106
2	576
2	1100
2	1532
2	1645
2	2008
2	2099
2	2434
2	2610
2	3191
7	469
7	499
7	813
7	1180
7	1947
7	2990
7	3195
8	56
8	448
8	1553
8	2406
8	2531
8	3280
16	566
16	767
16	1261
16	1343
16	1388
16	1571
16	1595
16	1947
16	2767
16	3111
16	3191
19	2769
19	2978
20	410
20	571
23	1062
23	3243
26	445
26	1067
27	126
27	714
27	1878
27	2121
27	2228
27	2258
27	2769
27	3000
27	3321
30	2095
30	2706
32	566
32	1533
32	1930
32	3191
33	1036
33	1862
33	3319
37	2066
39	419
42	957
42	1248
45	1265
45	2070
47	514
48	1045
49	2017
49	2125
49	2775
49	3310
50	1271
51	826
56	154
56	309
56	385
56	452
56	509
56	562
56	615
56	660
56	672
56	719
56	854
56	948
56	950
56	961
56	991
56	1018
56	1089
56	1188
56	1197
56	1211
56	1368
56	1386
56	1388
56	1392
56	1465
56	1526
56	1532
56	1595
56	1645
56	1652
56	1674
56	1677
56	1708
56	1774
56	1858
56	2063
56	2070
56	2078
56	2261
56	2328
56	2434
56	2593
56	2612
56	2693
56	2754
56	2841
56	3035
56	3108
56	3161
56	3267
56	3291
56	3349
58	217
60	2204
60	3001
60	3108
62	2976
66	1640
68	167
68	634
68	2721
68	2894
70	1388
72	458
72	927
73	541
73	927
73	933
73	1719
73	1862
73	3287
78	562
78	1469
78	2063
81	1266
81	2663
82	2023
82	2276
82	2962
83	431
83	562
83	897
83	1065
83	1075
83	1630
83	2366
83	2573
83	2836
83	2986
83	3096
83	3319
84	3186
85	2523
86	1462
86	2111
86	2313
88	350
88	1045
88	1713
89	2565
93	2606
94	464
94	569
94	708
94	2193
94	3144
94	3347
96	464
96	705
96	767
96	1027
96	1708
96	1802
96	2268
96	2354
96	2670
96	3083
96	3336
98	1652
103	2862
103	3161
106	185
106	605
106	1197
106	1652
106	1692
106	2008
106	2057
106	2238
106	2468
106	2519
106	2757
106	3313
106	3351
115	236
115	577
115	708
115	723
115	755
115	2070
115	2084
116	1197
116	1911
117	562
117	1652
121	388
121	1158
121	1271
121	2096
121	2841
121	3303
126	1724
127	172
127	639
129	228
129	1437
129	2519
129	2711
130	1911
132	634
132	767
132	2823
133	1261
136	243
136	2298
136	3103
137	1920
148	1036
148	2236
150	1045
154	175
154	357
154	823
154	2415
154	2506
157	762
157	811
157	959
157	1253
157	1254
157	2142
157	2782
157	3360
157	3364
160	1000
160	1595
166	448
166	3322
167	1197
167	1652
167	1847
167	3294
167	3351
171	1411
171	1555
172	249
172	308
172	568
172	615
172	639
172	1356
172	2530
172	2894
173	565
173	1847
175	1188
175	1599
175	2078
175	2470
183	767
183	2229
185	968
185	1127
190	725
190	1049
190	2236
190	3122
190	3287
191	767
191	1261
191	3111
195	3306
203	1129
208	1462
208	3001
208	3016
209	2874
209	2904
210	577
210	927
210	1055
210	3046
213	257
213	525
213	827
213	914
213	2526
217	378
217	675
217	1645
217	2313
217	3307
218	2075
228	2070
228	2769
229	2703
229	2721
232	464
232	1239
232	1724
232	1911
232	2670
236	870
236	927
236	1708
236	1999
236	2066
236	3186
237	3310
240	1458
243	469
243	499
243	3133
243	3154
249	615
249	639
249	1356
249	2530
249	2894
249	3118
249	3185
254	1628
254	2660
254	3133
257	634
257	2863
259	524
259	1705
259	3319
262	1182
262	2986
265	767
265	870
265	1645
266	649
266	1532
266	1674
266	2030
266	2338
266	2643
268	950
268	2802
273	296
278	402
278	1763
278	1783
278	1800
278	2523
278	2718
278	3175
289	2526
290	571
296	767
296	1188
296	1532
296	1578
296	1677
296	2301
296	2568
296	3016
296	3116
296	3156
296	3193
296	3349
297	562
303	562
303	1129
306	419
306	2125
308	615
308	639
308	2894
309	1139
309	1392
309	1762
309	2012
318	1386
318	2261
318	3108
320	2447
322	1197
322	2229
330	2063
330	2763
334	1708
335	1411
342	464
342	2565
343	710
344	445
344	1411
344	1506
345	509
345	525
345	1191
345	1343
345	1433
345	2070
345	3116
349	562
350	571
350	767
352	1578
357	1170
363	410
365	1103
365	2823
369	2063
371	2986
371	3319
377	767
381	604
381	1555
385	649
385	948
385	1674
385	2612
385	2978
387	982
387	3200
388	1158
388	1271
388	2096
388	2841
388	3303
389	1702
402	1783
402	2526
404	767
406	445
406	1506
410	507
410	767
410	1228
410	1253
410	1285
410	1571
410	2067
410	2123
410	2142
410	2215
410	2531
410	3248
410	3291
419	575
419	807
419	1645
419	1831
419	2849
419	3105
419	3280
426	1271
426	2457
428	854
431	927
431	1103
431	1310
431	1396
431	1533
431	1864
431	2037
431	2573
431	3096
431	3098
431	3310
432	1559
432	1674
432	2643
432	3035
432	3111
432	3273
434	2647
434	3015
438	2018
438	2612
438	2942
441	2593
445	714
445	723
445	1036
445	1067
445	1123
445	1163
445	1340
445	1411
445	1506
445	1555
445	1568
445	1616
445	1692
445	1780
445	1803
445	1902
445	1925
445	2218
445	2503
445	2965
445	2998
445	3099
445	3111
445	3199
445	3220
445	3322
448	942
448	991
448	1081
448	1833
448	1986
452	458
452	707
452	755
452	767
452	861
452	1343
452	2235
452	3191
455	1045
458	707
458	1215
458	1312
458	1468
458	2656
458	2982
458	3016
461	1170
464	500
464	968
464	1027
464	1239
464	1271
464	1502
464	1963
464	2261
464	2268
464	2354
464	2670
464	2729
469	867
469	912
469	966
469	1036
469	1180
469	1210
469	1955
469	2012
469	2767
469	3111
469	3191
469	3248
478	1066
478	1433
478	1518
478	3129
478	3341
484	1261
486	914
486	1595
486	1708
486	2665
486	3200
492	2688
493	1139
495	2257
499	1180
499	1862
499	2001
500	870
500	1239
500	2168
500	2551
500	2688
500	3260
501	2693
507	897
507	1105
508	1188
509	2423
510	2986
519	575
522	1909
525	549
525	577
525	1261
525	3111
525	3116
526	957
526	1930
526	2393
528	1188
530	2168
536	719
536	1000
536	2506
540	1708
541	2295
541	3202
549	715
549	1104
549	1702
549	3185
553	1532
559	2072
561	2457
562	639
562	670
562	733
562	800
562	1006
562	1021
562	1065
562	1170
562	1184
562	1186
562	1211
562	1533
562	1595
562	1652
562	1810
562	1822
562	2062
562	2253
562	2325
562	2366
562	2479
562	2573
562	2849
562	2867
562	2976
562	3016
562	3077
562	3261
562	3338
562	3351
566	1139
566	1170
566	1377
566	1433
566	1692
566	2179
566	2526
566	3286
568	660
568	873
568	1745
568	1862
569	755
569	3291
571	1969
571	1999
571	2373
571	2542
571	2978
573	3306
577	594
577	954
577	991
577	1119
577	1343
577	1391
577	1522
577	1762
577	1862
577	2063
577	2130
577	2229
577	2261
577	2423
577	2459
577	2932
577	3103
580	1119
580	2479
582	2797
590	1271
594	867
598	1204
598	1857
598	2115
598	2128
599	3273
604	1961
605	1847
606	767
606	954
606	1045
606	1708
606	2137
606	2242
606	2454
606	2470
606	2526
606	3119
606	3306
608	1271
609	2082
609	2763
609	3310
615	639
615	1108
615	2530
615	2894
615	3118
619	1301
619	1708
619	2836
626	1702
632	3310
634	950
634	1143
634	1595
634	2229
634	2454
634	2629
634	2900
634	2947
634	3342
639	1108
639	1356
639	2769
639	2894
639	3267
643	705
647	1595
649	876
649	948
649	1188
649	1261
649	1415
649	1674
649	1858
649	2338
649	2612
649	2978
649	3273
650	3108
657	1105
657	1989
658	1763
659	2565
660	1188
660	1559
660	3185
665	2182
672	719
672	1188
672	1650
672	1761
672	2106
672	2273
672	2693
675	1142
675	2565
677	3197
682	1708
692	854
692	1197
692	1566
692	2172
694	1163
694	1197
695	3111
696	2560
698	2490
700	719
700	927
700	1807
700	2083
700	2331
705	2029
705	2348
705	2602
705	3291
707	755
707	767
707	861
707	1343
707	2235
707	3088
707	3111
707	3191
708	2982
710	913
710	1392
710	1599
710	1947
710	2070
710	2565
710	2693
710	3116
714	1045
714	1878
714	2121
714	2769
714	3321
715	1242
715	1520
715	1802
715	2078
715	2257
715	3280
715	3341
723	767
723	982
723	1139
723	1571
723	1845
723	2602
723	2603
725	1216
725	2236
725	3122
725	3287
727	1555
727	3286
727	3322
733	1553
733	1763
733	2539
733	2878
747	930
750	1018
750	3273
755	767
755	807
755	991
755	1081
755	1139
755	1295
755	1368
755	1590
755	1902
755	2012
755	2235
755	2390
755	2423
755	2469
755	2629
755	2807
755	2904
755	3119
755	3191
755	3324
756	1018
757	1002
757	2523
757	2628
758	1761
759	2078
759	2144
762	811
762	914
762	959
762	1170
762	2782
762	3360
765	2236
765	3287
767	961
767	968
767	1119
767	1187
767	1188
767	1211
767	1261
767	1391
767	1465
767	1471
767	1496
767	1520
767	1530
767	1536
767	1595
767	1857
767	1862
767	1916
767	1961
767	1983
767	2033
767	2041
767	2066
767	2082
767	2166
767	2220
767	2327
767	2338
767	2349
767	2416
767	2443
767	2446
767	2447
767	2526
767	2565
767	2601
767	2706
767	2932
767	2951
767	2976
767	3001
767	3015
767	3145
767	3253
767	3316
768	2941
768	3108
773	2349
780	2228
785	1862
785	3171
788	1761
788	2101
792	2327
795	2096
795	2841
800	1211
800	1862
800	2018
801	1311
801	2331
811	959
811	2665
811	2782
811	3364
813	908
813	968
813	991
813	1189
813	3139
823	1261
823	1958
823	3046
823	3111
823	3112
827	870
827	1392
827	1433
827	1858
827	2280
827	2497
827	2526
827	3342
829	1800
829	2767
832	2526
835	2242
854	1076
854	1170
854	1522
854	1566
854	1599
854	2479
867	1652
867	1708
867	1947
870	1532
870	1595
870	1702
870	1771
870	1870
870	1947
870	2095
870	2190
870	2629
870	2723
870	2757
870	3108
870	3358
876	948
876	1674
876	2612
876	2978
894	1187
894	1191
894	1465
894	1911
894	2070
894	2526
894	2531
894	2841
894	2867
897	1065
897	1075
897	1125
897	1630
897	1706
897	1713
897	1958
897	2221
897	2366
897	2573
897	2836
897	2986
897	3096
897	3319
902	2190
906	1123
906	2847
906	3073
908	968
908	991
913	1411
914	1139
914	1392
914	2170
914	2723
918	3351
924	2688
927	991
927	1120
927	1881
927	2190
927	2748
927	3251
930	2210
933	2142
933	3287
942	1081
944	2633
944	2721
944	3108
944	3111
948	1674
948	2978
950	1127
950	2012
950	2767
950	3017
953	1724
953	2767
954	1553
954	2878
954	3111
957	1433
957	1708
957	1862
957	2001
957	2526
959	1170
959	2142
959	2170
959	2665
959	2782
959	3360
960	1188
961	2434
967	1295
972	2949
982	1392
982	1927
982	2526
982	2769
982	3349
991	1761
991	1844
991	1931
991	2012
991	2282
991	3001
991	3016
993	1916
993	3200
996	3319
1000	1046
1000	1177
1000	1610
1000	2443
1000	2802
1002	2523
1002	3016
1004	3291
1018	1608
1018	1674
1018	2643
1018	3035
1019	1234
1020	1762
1025	1595
1026	2358
1030	1916
1032	1922
1035	1949
1036	1067
1036	1340
1036	1411
1036	1506
1036	1555
1036	1616
1036	1925
1036	2503
1036	2965
1036	3111
1036	3322
1045	1221
1045	1736
1045	2000
1045	2027
1045	2204
1045	2386
1045	2526
1045	2820
1046	3366
1047	1261
1047	2660
1047	3111
1052	2723
1053	2423
1055	1271
1055	1825
1055	3150
1056	1877
1058	1204
1058	1857
1058	2680
1065	1075
1065	1630
1065	2366
1065	2573
1065	2836
1065	2986
1065	3096
1065	3319
1067	1411
1067	1506
1067	1555
1067	1616
1067	1925
1067	1955
1067	2965
1067	3322
1072	1458
1075	1568
1075	1625
1075	1630
1075	1958
1075	2006
1075	2179
1075	2366
1075	2573
1075	2836
1075	2986
1075	3096
1075	3319
1076	2561
1076	2601
1076	2756
1076	2767
1079	3161
1081	1761
1084	2349
1086	1708
1090	2593
1091	2688
1100	1188
1100	1595
1101	2565
1103	1309
1103	2072
1103	2374
1103	2451
1105	1228
1105	1989
1105	2986
1108	1595
1108	2530
1108	2894
1113	1730
1113	2255
1113	2293
1113	2601
1119	2479
1123	1860
1127	1392
1127	1710
1129	1471
1129	2198
1129	2586
1129	2783
1129	2908
1134	3105
1138	2589
1138	3111
1139	1170
1139	1188
1139	1295
1139	1301
1139	1406
1139	1433
1139	1608
1139	1750
1139	2018
1139	2070
1139	2443
1139	2526
1139	2706
1139	2807
1139	2814
1139	2849
1139	2886
1139	3017
1142	1533
1142	2982
1154	2688
1158	1170
1158	1197
1158	1271
1158	2461
1158	2568
1158	2841
1158	3303
1162	3218
1167	2338
1170	1188
1170	1191
1170	1242
1170	1261
1170	1392
1170	1858
1170	1944
1170	2280
1170	2665
1170	2681
1170	2688
1170	2729
1170	2867
1170	3111
1170	3192
1173	1411
1175	1271
1180	2479
1180	2531
1180	2565
1180	2990
1184	1756
1184	2255
1184	2986
1186	3034
1187	2170
1188	1211
1188	1349
1188	1388
1188	1416
1188	1532
1188	1686
1188	1704
1188	1724
1188	2062
1188	2078
1188	2418
1188	2423
1188	2470
1188	2479
1188	2593
1188	2847
1188	2863
1188	2971
1188	3133
1191	1530
1191	1858
1191	2012
1191	2280
1195	2606
1197	1522
1197	1566
1197	2301
1197	2469
1197	2840
1200	1595
1203	2204
1204	1621
1204	1857
1204	2128
1204	2680
1211	1261
1211	2104
1211	2338
1211	2526
1211	2697
1211	2863
1211	3111
1215	3016
1216	3287
1219	2494
1221	1253
1221	2215
1221	2341
1221	3364
1239	1468
1242	1392
1242	1433
1253	2142
1253	2215
1253	2634
1253	3215
1253	3295
1253	3360
1253	3364
1254	2396
1261	1343
1261	1411
1261	1922
1261	2018
1261	2443
1261	2568
1261	2612
1261	2643
1261	2951
1261	3111
1261	3150
1262	1595
1262	2172
1271	1316
1271	1757
1271	2096
1271	2204
1271	2279
1271	2371
1271	2454
1271	2461
1271	2628
1271	2656
1271	2678
1271	2841
1271	2906
1271	2978
1271	3199
1271	3303
1285	2123
1295	2807
1301	1595
1301	1708
1301	1763
1301	2328
1301	3210
1309	2238
1309	2526
1309	3013
1309	3216
1311	1530
1311	2486
1311	2799
1312	3016
1316	1692
1326	1573
1326	1652
1326	1947
1326	2057
1326	2082
1330	2066
1340	1411
1340	1555
1340	1925
1340	2965
1343	2012
1349	2979
1352	2883
1356	2530
1356	2894
1368	1392
1368	1708
1368	2729
1376	2003
1377	2779
1383	1920
1385	2066
1385	2965
1386	1441
1388	1485
1388	1573
1388	1909
1388	3111
1391	2230
1391	3111
1392	1595
1392	2170
1392	2196
1392	2432
1392	2479
1392	2526
1392	2729
1392	3034
1395	2007
1404	2978
1410	2012
1411	1506
1411	1532
1411	1553
1411	1555
1411	1571
1411	1925
1411	2020
1411	2498
1411	2503
1411	2721
1411	2965
1411	3111
1411	3322
1414	2986
1415	2568
1424	1577
1433	1532
1433	1890
1433	2012
1433	2526
1433	2681
1433	3119
1433	3341
1439	2182
1441	2325
1462	3001
1465	1613
1465	2012
1465	2170
1465	2434
1465	3108
1465	3111
1465	3291
1465	3349
1468	3328
1471	1532
1471	1595
1478	2561
1478	3197
1485	1724
1485	2767
1506	1555
1506	1925
1506	2503
1506	2748
1506	2965
1506	3111
1506	3322
1506	3347
1508	2841
1518	2457
1522	1566
1530	1720
1530	2568
1530	2932
1530	3139
1531	2152
1532	2008
1532	2170
1532	2261
1532	2276
1532	2485
1532	2494
1532	2564
1532	2593
1532	2666
1532	2863
1532	3319
1533	2416
1533	2432
1533	3015
1533	3108
1533	3218
1533	3319
1534	2568
1537	1762
1547	1783
1547	2867
1547	3316
1553	2863
1553	2878
1553	3310
1554	2490
1555	1925
1555	2204
1555	2503
1555	2965
1555	3099
1555	3111
1555	3322
1566	3144
1571	2204
1571	2836
1571	3226
1573	2964
1595	1612
1595	1637
1595	1708
1595	1788
1595	1792
1595	1847
1595	1888
1595	1902
1595	1963
1595	1969
1595	2057
1595	2238
1595	2551
1595	2628
1595	2645
1595	2723
1595	2923
1595	3027
1595	3111
1595	3321
1596	3342
1600	2693
1603	2660
1608	2526
1609	1911
1610	1845
1610	2182
1612	2628
1612	3108
1613	1704
1613	2075
1613	3306
1613	3310
1616	2099
1617	1761
1617	2703
1621	1857
1623	2986
1628	3108
1630	1756
1630	2366
1630	2836
1630	2986
1630	3096
1630	3319
1631	2204
1631	2663
1637	1860
1637	2510
1637	2686
1637	3001
1638	3327
1645	1807
1645	1911
1645	2255
1652	1911
1652	2434
1652	3291
1653	2366
1657	2972
1658	2349
1666	2287
1667	1716
1667	1950
1667	2390
1672	2242
1674	2338
1674	2612
1674	2643
1674	2978
1674	3035
1674	3273
1677	1941
1690	3045
1692	1746
1692	2066
1692	2447
1692	3108
1692	3119
1692	3191
1703	1922
1703	2681
1704	2182
1706	2204
1708	1833
1708	2075
1708	2332
1708	2506
1708	3082
1713	2526
1713	2647
1713	2723
1713	3016
1713	3082
1720	2215
1721	3035
1724	1965
1724	2106
1724	2767
1724	3184
1725	2204
1725	3280
1729	3108
1739	3161
1744	3306
1745	2971
1746	1756
1746	1864
1746	3360
1750	2172
1750	2447
1750	2951
1750	3313
1756	2915
1761	1947
1761	2688
1762	2235
1762	2415
1762	2561
1763	3215
1763	3306
1764	2688
1765	2763
1765	2986
1775	2354
1783	1849
1803	1902
1805	3109
1806	1911
1806	2423
1807	1863
1807	1911
1807	3222
1812	3226
1826	2008
1827	2308
1827	2459
1827	3082
1833	2767
1833	2971
1845	1862
1845	2526
1845	2851
1845	3316
1847	1864
1847	2229
1847	2230
1847	3133
1857	2128
1858	2012
1858	2104
1858	2280
1862	2001
1862	2149
1862	2204
1862	2646
1862	3108
1862	3294
1863	2601
1863	2767
1864	2157
1864	2190
1864	2621
1864	2898
1864	3144
1864	3342
1865	2349
1867	2041
1876	3108
1878	2121
1878	2769
1878	3321
1886	2204
1886	2688
1902	2012
1902	2082
1902	3096
1909	2883
1909	3291
1911	2446
1916	2711
1922	2663
1922	2971
1922	3111
1922	3267
1925	2965
1925	3111
1925	3322
1927	3108
1930	2042
1930	3349
1947	2083
1949	2327
1952	2688
1955	2012
1958	2172
1958	2573
1958	2836
1959	2204
1961	2561
1963	2261
1963	2386
1965	2655
1965	2686
1968	3306
1979	3273
1983	2242
1983	2531
1983	2688
1993	2769
1999	2008
2000	2204
2001	3316
2007	2883
2012	2061
2012	2070
2012	2335
2012	2468
2012	2479
2012	2526
2012	2681
2012	2688
2012	2841
2012	2891
2012	3116
2012	3286
2018	2447
2018	2602
2029	3324
2037	2523
2037	2688
2037	3096
2039	2066
2039	3186
2057	2083
2057	2204
2058	2075
2061	3034
2062	3294
2063	2791
2066	2184
2066	2197
2066	2941
2066	2978
2066	3111
2066	3186
2070	2526
2070	2754
2070	3116
2070	3191
2073	3358
2075	2152
2075	2680
2078	2257
2078	3280
2082	2531
2083	2190
2096	2590
2096	2841
2096	3303
2097	2978
2104	2338
2109	3327
2115	2349
2120	2423
2121	2490
2121	2769
2121	3027
2121	3321
2128	2680
2130	2660
2134	2883
2142	2196
2142	2215
2142	2341
2142	2665
2142	3364
2143	2349
2146	2204
2149	2239
2158	2561
2158	2582
2168	2568
2168	2688
2170	2526
2170	2729
2170	2797
2172	2366
2172	3111
2186	2523
2186	3336
2190	2331
2190	3242
2191	2423
2196	2215
2204	2257
2204	2565
2204	2986
2210	2996
2210	3250
2211	2688
2215	2589
2215	2665
2215	2782
2215	3035
2215	3145
2215	3295
2215	3360
2215	3364
2218	2965
2230	2748
2235	2256
2236	3122
2236	3287
2238	2610
2242	2399
2242	2447
2242	2531
2242	2601
2242	3190
2247	2883
2247	3001
2255	3237
2255	3351
2255	3358
2257	3280
2280	2348
2280	2526
2280	2531
2287	2807
2287	3086
2291	3109
2293	2688
2295	3202
2306	2565
2313	2349
2325	2801
2331	2749
2332	2758
2338	2643
2341	3364
2348	3366
2349	2423
2349	2680
2349	2765
2349	3172
2349	3312
2358	2723
2366	2454
2366	2573
2366	2836
2366	2886
2366	2986
2366	3096
2366	3319
2373	2542
2373	2769
2423	2447
2423	2576
2423	2601
2423	3049
2423	3133
2423	3267
2434	3108
2443	2883
2443	3111
2454	2932
2457	2688
2457	3251
2470	3210
2479	2646
2479	3133
2487	3280
2490	3129
2494	2551
2497	2565
2497	2717
2497	3242
2503	3156
2503	3322
2506	2550
2518	3186
2526	2681
2526	2756
2526	3049
2528	2565
2530	2894
2530	3118
2531	2601
2531	2841
2531	2989
2531	3082
2534	2565
2539	2688
2550	3191
2551	2923
2560	2650
2561	2975
2561	3313
2565	2697
2565	2802
2568	3111
2568	3253
2572	2965
2573	2836
2573	2986
2573	3016
2573	3096
2573	3319
2582	2949
2585	3111
2586	2976
2593	3108
2601	2777
2601	3110
2602	3242
2610	3351
2612	2978
2629	2688
2629	3280
2643	3035
2643	3273
2646	3133
2647	2723
2647	2778
2647	2964
2647	3015
2647	3016
2647	3082
2650	3005
2663	3101
2663	3177
2665	3108
2665	3360
2670	3013
2675	3034
2688	2723
2688	2763
2703	2749
2711	2889
2711	2942
2723	2778
2723	3016
2723	3082
2723	3116
2723	3360
2731	2932
2767	2966
2769	2860
2769	3056
2769	3291
2769	3321
2775	3215
2778	2964
2778	3015
2778	3016
2782	3119
2782	3360
2782	3364
2799	2932
2801	2882
2836	2986
2836	3096
2836	3319
2841	3108
2841	3303
2863	3328
2870	3319
2874	2904
2874	2991
2889	2942
2910	3111
2932	3216
2932	3306
2938	3108
2942	3133
2949	3101
2951	3139
2951	3286
2964	3015
2964	3016
2965	3111
2965	3322
2972	3015
2982	3016
2982	3313
2986	3096
2986	3316
2986	3319
2996	3250
3015	3016
3016	3082
3035	3273
3058	3306
3096	3319
3108	3133
3108	3349
3111	3358
3122	3287
3139	3310
3170	3328
3191	3349
3224	3306
3226	3280
3280	3311
3286	3291
3287	3291
3295	3364
3310	3321
3310	3327
3360	3364
3319	0
56	2
106	2
576	2
1100	2
1532	2
1645	2
2008	2
2099	2
2434	2
2610	2
3191	2
469	7
499	7
813	7
1180	7
1947	7
2990	7
3195	7
56	8
448	8
1553	8
2406	8
2531	8
3280	8
566	16
767	16
1261	16
1343	16
1388	16
1571	16
1595	16
1947	16
2767	16
3111	16
3191	16
2769	19
2978	19
410	20
571	20
1062	23
3243	23
445	26
1067	26
126	27
714	27
1878	27
2121	27
2228	27
2258	27
2769	27
3000	27
3321	27
2095	30
2706	30
566	32
1533	32
1930	32
3191	32
1036	33
1862	33
3319	33
2066	37
419	39
957	42
1248	42
1265	45
2070	45
514	47
1045	48
2017	49
2125	49
2775	49
3310	49
1271	50
826	51
154	56
309	56
385	56
452	56
509	56
562	56
615	56
660	56
672	56
719	56
854	56
948	56
950	56
961	56
991	56
1018	56
1089	56
1188	56
1197	56
1211	56
1368	56
1386	56
1388	56
1392	56
1465	56
1526	56
1532	56
1595	56
1645	56
1652	56
1674	56
1677	56
1708	56
1774	56
1858	56
2063	56
2070	56
2078	56
2261	56
2328	56
2434	56
2593	56
2612	56
2693	56
2754	56
2841	56
3035	56
3108	56
3161	56
3267	56
3291	56
3349	56
217	58
2204	60
3001	60
3108	60
2976	62
1640	66
167	68
634	68
2721	68
2894	68
1388	70
458	72
927	72
541	73
927	73
933	73
1719	73
1862	73
3287	73
562	78
1469	78
2063	78
1266	81
2663	81
2023	82
2276	82
2962	82
431	83
562	83
897	83
1065	83
1075	83
1630	83
2366	83
2573	83
2836	83
2986	83
3096	83
3319	83
3186	84
2523	85
1462	86
2111	86
2313	86
350	88
1045	88
1713	88
2565	89
2606	93
464	94
569	94
708	94
2193	94
3144	94
3347	94
464	96
705	96
767	96
1027	96
1708	96
1802	96
2268	96
2354	96
2670	96
3083	96
3336	96
1652	98
2862	103
3161	103
185	106
605	106
1197	106
1652	106
1692	106
2008	106
2057	106
2238	106
2468	106
2519	106
2757	106
3313	106
3351	106
236	115
577	115
708	115
723	115
755	115
2070	115
2084	115
1197	116
1911	116
562	117
1652	117
388	121
1158	121
1271	121
2096	121
2841	121
3303	121
1724	126
172	127
639	127
228	129
1437	129
2519	129
2711	129
1911	130
634	132
767	132
2823	132
1261	133
243	136
2298	136
3103	136
1920	137
1036	148
2236	148
1045	150
175	154
357	154
823	154
2415	154
2506	154
762	157
811	157
959	157
1253	157
1254	157
2142	157
2782	157
3360	157
3364	157
1000	160
1595	160
448	166
3322	166
1197	167
1652	167
1847	167
3294	167
3351	167
1411	171
1555	171
249	172
308	172
568	172
615	172
639	172
1356	172
2530	172
2894	172
565	173
1847	173
1188	175
1599	175
2078	175
2470	175
767	183
2229	183
968	185
1127	185
725	190
1049	190
2236	190
3122	190
3287	190
767	191
1261	191
3111	191
3306	195
1129	203
1462	208
3001	208
3016	208
2874	209
2904	209
577	210
927	210
1055	210
3046	210
257	213
525	213
827	213
914	213
2526	213
378	217
675	217
1645	217
2313	217
3307	217
2075	218
2070	228
2769	228
2703	229
2721	229
464	232
1239	232
1724	232
1911	232
2670	232
870	236
927	236
1708	236
1999	236
2066	236
3186	236
3310	237
1458	240
469	243
499	243
3133	243
3154	243
615	249
639	249
1356	249
2530	249
2894	249
3118	249
3185	249
1628	254
2660	254
3133	254
634	257
2863	257
524	259
1705	259
3319	259
1182	262
2986	262
767	265
870	265
1645	265
649	266
1532	266
1674	266
2030	266
2338	266
2643	266
950	268
2802	268
296	273
402	278
1763	278
1783	278
1800	278
2523	278
2718	278
3175	278
2526	289
571	290
767	296
1188	296
1532	296
1578	296
1677	296
2301	296
2568	296
3016	296
3116	296
3156	296
3193	296
3349	296
562	297
562	303
1129	303
419	306
2125	306
615	308
639	308
2894	308
1139	309
1392	309
1762	309
2012	309
1386	318
2261	318
3108	318
2447	320
1197	322
2229	322
2063	330
2763	330
1708	334
1411	335
464	342
2565	342
710	343
445	344
1411	344
1506	344
509	345
525	345
1191	345
1343	345
1433	345
2070	345
3116	345
562	349
571	350
767	350
1578	352
1170	357
410	363
1103	365
2823	365
2063	369
2986	371
3319	371
767	377
604	381
1555	381
649	385
948	385
1674	385
2612	385
2978	385
982	387
3200	387
1158	388
1271	388
2096	388
2841	388
3303	388
1702	389
1783	402
2526	402
767	404
445	406
1506	406
507	410
767	410
1228	410
1253	410
1285	410
1571	410
2067	410
2123	410
2142	410
2215	410
2531	410
3248	410
3291	410
575	419
807	419
1645	419
1831	419
2849	419
3105	419
3280	419
1271	426
2457	426
854	428
927	431
1103	431
1310	431
1396	431
1533	431
1864	431
2037	431
2573	431
3096	431
3098	431
3310	431
1559	432
1674	432
2643	432
3035	432
3111	432
3273	432
2647	434
3015	434
2018	438
2612	438
2942	438
2593	441
714	445
723	445
1036	445
1067	445
1123	445
1163	445
1340	445
1411	445
1506	445
1555	445
1568	445
1616	445
1692	445
1780	445
1803	445
1902	445
1925	445
2218	445
2503	445
2965	445
2998	445
3099	445
3111	445
3199	445
3220	445
3322	445
942	448
991	448
1081	448
1833	448
1986	448
458	452
707	452
755	452
767	452
861	452
1343	452
2235	452
3191	452
1045	455
707	458
1215	458
1312	458
1468	458
2656	458
2982	458
3016	458
1170	461
500	464
968	464
1027	464
1239	464
1271	464
1502	464
1963	464
2261	464
2268	464
2354	464
2670	464
2729	464
867	469
912	469
966	469
1036	469
1180	469
1210	469
1955	469
2012	469
2767	469
3111	469
3191	469
3248	469
1066	478
1433	478
1518	478
3129	478
3341	478
1261	484
914	486
1595	486
1708	486
2665	486
3200	486
2688	492
1139	493
2257	495
1180	499
1862	499
2001	499
870	500
1239	500
2168	500
2551	500
2688	500
3260	500
2693	501
897	507
1105	507
1188	508
2423	509
2986	510
575	519
1909	522
549	525
577	525
1261	525
3111	525
3116	525
957	526
1930	526
2393	526
1188	528
2168	530
719	536
1000	536
2506	536
1708	540
2295	541
3202	541
715	549
1104	549
1702	549
3185	549
1532	553
2072	559
2457	561
639	562
670	562
733	562
800	562
1006	562
1021	562
1065	562
1170	562
1184	562
1186	562
1211	562
1533	562
1595	562
1652	562
1810	562
1822	562
2062	562
2253	562
2325	562
2366	562
2479	562
2573	562
2849	562
2867	562
2976	562
3016	562
3077	562
3261	562
3338	562
3351	562
1139	566
1170	566
1377	566
1433	566
1692	566
2179	566
2526	566
3286	566
660	568
873	568
1745	568
1862	568
755	569
3291	569
1969	571
1999	571
2373	571
2542	571
2978	571
3306	573
594	577
954	577
991	577
1119	577
1343	577
1391	577
1522	577
1762	577
1862	577
2063	577
2130	577
2229	577
2261	577
2423	577
2459	577
2932	577
3103	577
1119	580
2479	580
2797	582
1271	590
867	594
1204	598
1857	598
2115	598
2128	598
3273	599
1961	604
1847	605
767	606
954	606
1045	606
1708	606
2137	606
2242	606
2454	606
2470	606
2526	606
3119	606
3306	606
1271	608
2082	609
2763	609
3310	609
639	615
1108	615
2530	615
2894	615
3118	615
1301	619
1708	619
2836	619
1702	626
3310	632
950	634
1143	634
1595	634
2229	634
2454	634
2629	634
2900	634
2947	634
3342	634
1108	639
1356	639
2769	639
2894	639
3267	639
705	643
1595	647
876	649
948	649
1188	649
1261	649
1415	649
1674	649
1858	649
2338	649
2612	649
2978	649
3273	649
3108	650
1105	657
1989	657
1763	658
2565	659
1188	660
1559	660
3185	660
2182	665
719	672
1188	672
1650	672
1761	672
2106	672
2273	672
2693	672
1142	675
2565	675
3197	677
1708	682
854	692
1197	692
1566	692
2172	692
1163	694
1197	694
3111	695
2560	696
2490	698
719	700
927	700
1807	700
2083	700
2331	700
2029	705
2348	705
2602	705
3291	705
755	707
767	707
861	707
1343	707
2235	707
3088	707
3111	707
3191	707
2982	708
913	710
1392	710
1599	710
1947	710
2070	710
2565	710
2693	710
3116	710
1045	714
1878	714
2121	714
2769	714
3321	714
1242	715
1520	715
1802	715
2078	715
2257	715
3280	715
3341	715
767	723
982	723
1139	723
1571	723
1845	723
2602	723
2603	723
1216	725
2236	725
3122	725
3287	725
1555	727
3286	727
3322	727
1553	733
1763	733
2539	733
2878	733
930	747
1018	750
3273	750
767	755
807	755
991	755
1081	755
1139	755
1295	755
1368	755
1590	755
1902	755
2012	755
2235	755
2390	755
2423	755
2469	755
2629	755
2807	755
2904	755
3119	755
3191	755
3324	755
1018	756
1002	757
2523	757
2628	757
1761	758
2078	759
2144	759
811	762
914	762
959	762
1170	762
2782	762
3360	762
2236	765
3287	765
961	767
968	767
1119	767
1187	767
1188	767
1211	767
1261	767
1391	767
1465	767
1471	767
1496	767
1520	767
1530	767
1536	767
1595	767
1857	767
1862	767
1916	767
1961	767
1983	767
2033	767
2041	767
2066	767
2082	767
2166	767
2220	767
2327	767
2338	767
2349	767
2416	767
2443	767
2446	767
2447	767
2526	767
2565	767
2601	767
2706	767
2932	767
2951	767
2976	767
3001	767
3015	767
3145	767
3253	767
3316	767
2941	768
3108	768
2349	773
2228	780
1862	785
3171	785
1761	788
2101	788
2327	792
2096	795
2841	795
1211	800
1862	800
2018	800
1311	801
2331	801
959	811
2665	811
2782	811
3364	811
908	813
968	813
991	813
1189	813
3139	813
1261	823
1958	823
3046	823
3111	823
3112	823
870	827
1392	827
1433	827
1858	827
2280	827
2497	827
2526	827
3342	827
1800	829
2767	829
2526	832
2242	835
1076	854
1170	854
1522	854
1566	854
1599	854
2479	854
1652	867
1708	867
1947	867
1532	870
1595	870
1702	870
1771	870
1870	870
1947	870
2095	870
2190	870
2629	870
2723	870
2757	870
3108	870
3358	870
948	876
1674	876
2612	876
2978	876
1187	894
1191	894
1465	894
1911	894
2070	894
2526	894
2531	894
2841	894
2867	894
1065	897
1075	897
1125	897
1630	897
1706	897
1713	897
1958	897
2221	897
2366	897
2573	897
2836	897
2986	897
3096	897
3319	897
2190	902
1123	906
2847	906
3073	906
968	908
991	908
1411	913
1139	914
1392	914
2170	914
2723	914
3351	918
2688	924
991	927
1120	927
1881	927
2190	927
2748	927
3251	927
2210	930
2142	933
3287	933
1081	942
2633	944
2721	944
3108	944
3111	944
1674	948
2978	948
1127	950
2012	950
2767	950
3017	950
1724	953
2767	953
1553	954
2878	954
3111	954
1433	957
1708	957
1862	957
2001	957
2526	957
1170	959
2142	959
2170	959
2665	959
2782	959
3360	959
1188	960
2434	961
1295	967
2949	972
1392	982
1927	982
2526	982
2769	982
3349	982
1761	991
1844	991
1931	991
2012	991
2282	991
3001	991
3016	991
1916	993
3200	993
3319	996
1046	1000
1177	1000
1610	1000
2443	1000
2802	1000
2523	1002
3016	1002
3291	1004
1608	1018
1674	1018
2643	1018
3035	1018
1234	1019
1762	1020
1595	1025
2358	1026
1916	1030
1922	1032
1949	1035
1067	1036
1340	1036
1411	1036
1506	1036
1555	1036
1616	1036
1925	1036
2503	1036
2965	1036
3111	1036
3322	1036
1221	1045
1736	1045
2000	1045
2027	1045
2204	1045
2386	1045
2526	1045
2820	1045
3366	1046
1261	1047
2660	1047
3111	1047
2723	1052
2423	1053
1271	1055
1825	1055
3150	1055
1877	1056
1204	1058
1857	1058
2680	1058
1075	1065
1630	1065
2366	1065
2573	1065
2836	1065
2986	1065
3096	1065
3319	1065
1411	1067
1506	1067
1555	1067
1616	1067
1925	1067
1955	1067
2965	1067
3322	1067
1458	1072
1568	1075
1625	1075
1630	1075
1958	1075
2006	1075
2179	1075
2366	1075
2573	1075
2836	1075
2986	1075
3096	1075
3319	1075
2561	1076
2601	1076
2756	1076
2767	1076
3161	1079
1761	1081
2349	1084
1708	1086
2593	1090
2688	1091
1188	1100
1595	1100
2565	1101
1309	1103
2072	1103
2374	1103
2451	1103
1228	1105
1989	1105
2986	1105
1595	1108
2530	1108
2894	1108
1730	1113
2255	1113
2293	1113
2601	1113
2479	1119
1860	1123
1392	1127
1710	1127
1471	1129
2198	1129
2586	1129
2783	1129
2908	1129
3105	1134
2589	1138
3111	1138
1170	1139
1188	1139
1295	1139
1301	1139
1406	1139
1433	1139
1608	1139
1750	1139
2018	1139
2070	1139
2443	1139
2526	1139
2706	1139
2807	1139
2814	1139
2849	1139
2886	1139
3017	1139
1533	1142
2982	1142
2688	1154
1170	1158
1197	1158
1271	1158
2461	1158
2568	1158
2841	1158
3303	1158
3218	1162
2338	1167
1188	1170
1191	1170
1242	1170
1261	1170
1392	1170
1858	1170
1944	1170
2280	1170
2665	1170
2681	1170
2688	1170
2729	1170
2867	1170
3111	1170
3192	1170
1411	1173
1271	1175
2479	1180
2531	1180
2565	1180
2990	1180
1756	1184
2255	1184
2986	1184
3034	1186
2170	1187
1211	1188
1349	1188
1388	1188
1416	1188
1532	1188
1686	1188
1704	1188
1724	1188
2062	1188
2078	1188
2418	1188
2423	1188
2470	1188
2479	1188
2593	1188
2847	1188
2863	1188
2971	1188
3133	1188
1530	1191
1858	1191
2012	1191
2280	1191
2606	1195
1522	1197
1566	1197
2301	1197
2469	1197
2840	1197
1595	1200
2204	1203
1621	1204
1857	1204
2128	1204
2680	1204
1261	1211
2104	1211
2338	1211
2526	1211
2697	1211
2863	1211
3111	1211
3016	1215
3287	1216
2494	1219
1253	1221
2215	1221
2341	1221
3364	1221
1468	1239
1392	1242
1433	1242
2142	1253
2215	1253
2634	1253
3215	1253
3295	1253
3360	1253
3364	1253
2396	1254
1343	1261
1411	1261
1922	1261
2018	1261
2443	1261
2568	1261
2612	1261
2643	1261
2951	1261
3111	1261
3150	1261
1595	1262
2172	1262
1316	1271
1757	1271
2096	1271
2204	1271
2279	1271
2371	1271
2454	1271
2461	1271
2628	1271
2656	1271
2678	1271
2841	1271
2906	1271
2978	1271
3199	1271
3303	1271
2123	1285
2807	1295
1595	1301
1708	1301
1763	1301
2328	1301
3210	1301
2238	1309
2526	1309
3013	1309
3216	1309
1530	1311
2486	1311
2799	1311
3016	1312
1692	1316
1573	1326
1652	1326
1947	1326
2057	1326
2082	1326
2066	1330
1411	1340
1555	1340
1925	1340
2965	1340
2012	1343
2979	1349
2883	1352
2530	1356
2894	1356
1392	1368
1708	1368
2729	1368
2003	1376
2779	1377
1920	1383
2066	1385
2965	1385
1441	1386
1485	1388
1573	1388
1909	1388
3111	1388
2230	1391
3111	1391
1595	1392
2170	1392
2196	1392
2432	1392
2479	1392
2526	1392
2729	1392
3034	1392
2007	1395
2978	1404
2012	1410
1506	1411
1532	1411
1553	1411
1555	1411
1571	1411
1925	1411
2020	1411
2498	1411
2503	1411
2721	1411
2965	1411
3111	1411
3322	1411
2986	1414
2568	1415
1577	1424
1532	1433
1890	1433
2012	1433
2526	1433
2681	1433
3119	1433
3341	1433
2182	1439
2325	1441
3001	1462
1613	1465
2012	1465
2170	1465
2434	1465
3108	1465
3111	1465
3291	1465
3349	1465
3328	1468
1532	1471
1595	1471
2561	1478
3197	1478
1724	1485
2767	1485
1555	1506
1925	1506
2503	1506
2748	1506
2965	1506
3111	1506
3322	1506
3347	1506
2841	1508
2457	1518
1566	1522
1720	1530
2568	1530
2932	1530
3139	1530
2152	1531
2008	1532
2170	1532
2261	1532
2276	1532
2485	1532
2494	1532
2564	1532
2593	1532
2666	1532
2863	1532
3319	1532
2416	1533
2432	1533
3015	1533
3108	1533
3218	1533
3319	1533
2568	1534
1762	1537
1783	1547
2867	1547
3316	1547
2863	1553
2878	1553
3310	1553
2490	1554
1925	1555
2204	1555
2503	1555
2965	1555
3099	1555
3111	1555
3322	1555
3144	1566
2204	1571
2836	1571
3226	1571
2964	1573
1612	1595
1637	1595
1708	1595
1788	1595
1792	1595
1847	1595
1888	1595
1902	1595
1963	1595
1969	1595
2057	1595
2238	1595
2551	1595
2628	1595
2645	1595
2723	1595
2923	1595
3027	1595
3111	1595
3321	1595
3342	1596
2693	1600
2660	1603
2526	1608
1911	1609
1845	1610
2182	1610
2628	1612
3108	1612
1704	1613
2075	1613
3306	1613
3310	1613
2099	1616
1761	1617
2703	1617
1857	1621
2986	1623
3108	1628
1756	1630
2366	1630
2836	1630
2986	1630
3096	1630
3319	1630
2204	1631
2663	1631
1860	1637
2510	1637
2686	1637
3001	1637
3327	1638
1807	1645
1911	1645
2255	1645
1911	1652
2434	1652
3291	1652
2366	1653
2972	1657
2349	1658
2287	1666
1716	1667
1950	1667
2390	1667
2242	1672
2338	1674
2612	1674
2643	1674
2978	1674
3035	1674
3273	1674
1941	1677
3045	1690
1746	1692
2066	1692
2447	1692
3108	1692
3119	1692
3191	1692
1922	1703
2681	1703
2182	1704
2204	1706
1833	1708
2075	1708
2332	1708
2506	1708
3082	1708
2526	1713
2647	1713
2723	1713
3016	1713
3082	1713
2215	1720
3035	1721
1965	1724
2106	1724
2767	1724
3184	1724
2204	1725
3280	1725
3108	1729
3161	1739
3306	1744
2971	1745
1756	1746
1864	1746
3360	1746
2172	1750
2447	1750
2951	1750
3313	1750
2915	1756
1947	1761
2688	1761
2235	1762
2415	1762
2561	1762
3215	1763
3306	1763
2688	1764
2763	1765
2986	1765
2354	1775
1849	1783
1902	1803
3109	1805
1911	1806
2423	1806
1863	1807
1911	1807
3222	1807
3226	1812
2008	1826
2308	1827
2459	1827
3082	1827
2767	1833
2971	1833
1862	1845
2526	1845
2851	1845
3316	1845
1864	1847
2229	1847
2230	1847
3133	1847
2128	1857
2012	1858
2104	1858
2280	1858
2001	1862
2149	1862
2204	1862
2646	1862
3108	1862
3294	1862
2601	1863
2767	1863
2157	1864
2190	1864
2621	1864
2898	1864
3144	1864
3342	1864
2349	1865
2041	1867
3108	1876
2121	1878
2769	1878
3321	1878
2204	1886
2688	1886
2012	1902
2082	1902
3096	1902
2883	1909
3291	1909
2446	1911
2711	1916
2663	1922
2971	1922
3111	1922
3267	1922
2965	1925
3111	1925
3322	1925
3108	1927
2042	1930
3349	1930
2083	1947
2327	1949
2688	1952
2012	1955
2172	1958
2573	1958
2836	1958
2204	1959
2561	1961
2261	1963
2386	1963
2655	1965
2686	1965
3306	1968
3273	1979
2242	1983
2531	1983
2688	1983
2769	1993
2008	1999
2204	2000
3316	2001
2883	2007
2061	2012
2070	2012
2335	2012
2468	2012
2479	2012
2526	2012
2681	2012
2688	2012
2841	2012
2891	2012
3116	2012
3286	2012
2447	2018
2602	2018
3324	2029
2523	2037
2688	2037
3096	2037
2066	2039
3186	2039
2083	2057
2204	2057
2075	2058
3034	2061
3294	2062
2791	2063
2184	2066
2197	2066
2941	2066
2978	2066
3111	2066
3186	2066
2526	2070
2754	2070
3116	2070
3191	2070
3358	2073
2152	2075
2680	2075
2257	2078
3280	2078
2531	2082
2190	2083
2590	2096
2841	2096
3303	2096
2978	2097
2338	2104
3327	2109
2349	2115
2423	2120
2490	2121
2769	2121
3027	2121
3321	2121
2680	2128
2660	2130
2883	2134
2196	2142
2215	2142
2341	2142
2665	2142
3364	2142
2349	2143
2204	2146
2239	2149
2561	2158
2582	2158
2568	2168
2688	2168
2526	2170
2729	2170
2797	2170
2366	2172
3111	2172
2523	2186
3336	2186
2331	2190
3242	2190
2423	2191
2215	2196
2257	2204
2565	2204
2986	2204
2996	2210
3250	2210
2688	2211
2589	2215
2665	2215
2782	2215
3035	2215
3145	2215
3295	2215
3360	2215
3364	2215
2965	2218
2748	2230
2256	2235
3122	2236
3287	2236
2610	2238
2399	2242
2447	2242
2531	2242
2601	2242
3190	2242
2883	2247
3001	2247
3237	2255
3351	2255
3358	2255
3280	2257
2348	2280
2526	2280
2531	2280
2807	2287
3086	2287
3109	2291
2688	2293
3202	2295
2565	2306
2349	2313
2801	2325
2749	2331
2758	2332
2643	2338
3364	2341
3366	2348
2423	2349
2680	2349
2765	2349
3172	2349
3312	2349
2723	2358
2454	2366
2573	2366
2836	2366
2886	2366
2986	2366
3096	2366
3319	2366
2542	2373
2769	2373
2447	2423
2576	2423
2601	2423
3049	2423
3133	2423
3267	2423
3108	2434
2883	2443
3111	2443
2932	2454
2688	2457
3251	2457
3210	2470
2646	2479
3133	2479
3280	2487
3129	2490
2551	2494
2565	2497
2717	2497
3242	2497
3156	2503
3322	2503
2550	2506
3186	2518
2681	2526
2756	2526
3049	2526
2565	2528
2894	2530
3118	2530
2601	2531
2841	2531
2989	2531
3082	2531
2565	2534
2688	2539
3191	2550
2923	2551
2650	2560
2975	2561
3313	2561
2697	2565
2802	2565
3111	2568
3253	2568
2965	2572
2836	2573
2986	2573
3016	2573
3096	2573
3319	2573
2949	2582
3111	2585
2976	2586
3108	2593
2777	2601
3110	2601
3242	2602
3351	2610
2978	2612
2688	2629
3280	2629
3035	2643
3273	2643
3133	2646
2723	2647
2778	2647
2964	2647
3015	2647
3016	2647
3082	2647
3005	2650
3101	2663
3177	2663
3108	2665
3360	2665
3013	2670
3034	2675
2723	2688
2763	2688
2749	2703
2889	2711
2942	2711
2778	2723
3016	2723
3082	2723
3116	2723
3360	2723
2932	2731
2966	2767
2860	2769
3056	2769
3291	2769
3321	2769
3215	2775
2964	2778
3015	2778
3016	2778
3119	2782
3360	2782
3364	2782
2932	2799
2882	2801
2986	2836
3096	2836
3319	2836
3108	2841
3303	2841
3328	2863
3319	2870
2904	2874
2991	2874
2942	2889
3111	2910
3216	2932
3306	2932
3108	2938
3133	2942
3101	2949
3139	2951
3286	2951
3015	2964
3016	2964
3111	2965
3322	2965
3015	2972
3016	2982
3313	2982
3096	2986
3316	2986
3319	2986
3250	2996
3016	3015
3082	3016
3273	3035
3306	3058
3319	3096
3133	3108
3349	3108
3358	3111
3287	3122
3310	3139
3328	3170
3349	3191
3306	3224
3280	3226
3311	3280
3291	3286
3291	3287
3364	3295
3321	3310
3327	3310
3364	3360
