0	582
0	1374
0	1450
1	984
1	1052
2	682
2	882
3	22
3	558
3	1081
6	1185
6	1353
9	1075
10	1108
14	444
15	850
15	1514
16	66
16	186
16	208
16	396
16	496
16	520
16	815
16	853
16	856
16	952
16	994
16	1194
16	1366
16	1502
16	1535
19	712
19	1237
22	558
22	1081
27	595
27	723
27	853
27	1067
27	1094
27	1371
27	1502
28	1094
29	30
29	568
29	929
29	1100
29	1130
30	62
30	315
30	568
30	929
30	1130
30	1205
36	1441
39	760
39	1229
41	88
41	164
41	337
41	386
41	783
41	899
41	917
41	1027
41	1072
41	1121
41	1201
44	272
44	1255
50	66
50	67
50	109
50	149
50	186
50	200
50	208
50	232
50	346
50	384
50	496
50	520
50	534
50	584
50	595
50	657
50	661
50	668
50	810
50	815
50	853
50	856
50	903
50	944
50	952
50	958
50	969
50	979
50	993
50	1036
50	1074
50	1076
50	1103
50	1162
50	1173
50	1188
50	1238
50	1293
50	1342
50	1366
50	1371
50	1453
50	1477
50	1483
50	1486
50	1502
51	427
51	902
51	1017
51	1578
53	709
54	1188
54	1478
54	1505
55	100
55	260
55	301
55	350
55	351
55	594
55	634
55	740
55	851
55	898
55	1158
55	1241
55	1292
55	1394
56	66
56	110
56	208
56	364
56	496
56	510
56	511
56	595
56	604
56	657
56	676
56	810
56	853
56	903
56	958
56	1074
56	1076
56	1103
56	1162
56	1290
56	1342
56	1366
56	1371
61	648
62	946
64	444
64	1396
65	240
65	556
65	882
66	67
66	98
66	109
66	110
66	208
66	252
66	364
66	396
66	496
66	510
66	511
66	595
66	657
66	751
66	810
66	815
66	853
66	856
66	903
66	952
66	958
66	969
66	1074
66	1076
66	1103
66	1162
66	1188
66	1234
66	1238
66	1290
66	1340
66	1342
66	1366
66	1371
66	1453
66	1477
66	1502
66	1520
67	109
67	149
67	186
67	200
67	232
67	252
67	360
67	425
67	496
67	510
67	520
67	595
67	657
67	751
67	810
67	815
67	853
67	856
67	903
67	952
67	958
67	969
67	1036
67	1044
67	1074
67	1076
67	1103
67	1162
67	1173
67	1188
67	1238
67	1293
67	1309
67	1342
67	1366
67	1371
67	1453
67	1477
67	1486
67	1502
67	1509
68	258
70	696
73	1216
77	1288
77	1409
84	327
88	164
88	337
88	372
88	386
88	783
88	899
88	917
88	1072
88	1121
88	1201
93	1482
96	1294
98	186
98	265
98	396
98	520
98	595
98	856
98	952
98	958
98	1103
98	1173
98	1188
98	1199
98	1366
98	1423
98	1486
98	1502
98	1507
98	1520
100	260
100	301
100	350
100	351
100	594
100	634
100	740
100	851
100	898
100	1158
100	1241
100	1292
100	1394
101	215
101	390
101	427
101	598
101	1578
103	1522
109	186
109	200
109	232
109	364
109	384
109	510
109	511
109	552
109	592
109	595
109	661
109	751
109	815
109	853
109	856
109	903
109	952
109	958
109	969
109	993
109	1036
109	1044
109	1074
109	1094
109	1103
109	1162
109	1238
109	1290
109	1342
109	1366
109	1371
109	1453
109	1477
109	1486
110	208
110	496
110	510
110	595
110	657
110	810
110	853
110	903
110	1074
110	1076
110	1103
110	1162
110	1342
110	1366
111	125
111	183
111	509
111	538
111	547
111	678
111	680
111	1398
111	1462
111	1571
112	1111
113	1157
113	1334
114	296
114	302
114	368
114	532
114	646
114	1083
114	1119
114	1170
114	1172
114	1176
114	1349
117	476
117	629
117	1218
118	1026
120	394
120	483
120	791
120	971
120	1050
120	1054
120	1515
125	183
125	509
125	538
125	547
125	678
125	680
125	1398
125	1462
125	1571
126	373
126	620
126	1105
127	392
127	1262
136	270
136	809
136	1301
136	1455
136	1532
140	716
149	186
149	232
149	247
149	856
149	944
149	989
149	993
149	1173
149	1188
149	1238
149	1293
149	1509
153	1334
154	184
154	503
154	675
154	894
156	340
156	498
156	749
156	918
156	959
156	1041
156	1118
156	1532
164	337
164	386
164	783
164	899
164	917
164	1027
164	1072
164	1121
164	1201
164	1249
166	186
166	232
166	346
166	384
166	608
166	718
166	796
166	856
166	944
166	979
166	993
166	1220
166	1238
166	1483
166	1509
167	1515
168	189
168	539
168	1093
168	1167
168	1492
171	719
171	860
171	968
171	1031
171	1251
171	1478
171	1526
172	454
174	390
174	552
174	598
174	799
174	902
174	1017
174	1244
174	1551
174	1578
177	483
177	1065
180	1228
181	474
181	483
181	546
181	791
181	964
181	1213
181	1260
181	1485
181	1515
183	509
183	538
183	547
183	678
183	680
183	1398
183	1571
184	214
184	358
184	423
184	503
184	638
184	675
184	720
184	737
184	894
186	208
186	232
186	265
186	346
186	384
186	396
186	510
186	534
186	595
186	608
186	751
186	774
186	796
186	815
186	856
186	944
186	952
186	958
186	969
186	979
186	989
186	993
186	1173
186	1188
186	1194
186	1238
186	1293
186	1366
186	1371
186	1432
186	1453
186	1483
186	1486
186	1502
186	1509
189	215
189	375
189	390
189	427
189	539
189	598
189	902
189	1017
189	1092
189	1093
189	1178
189	1187
189	1433
189	1492
189	1551
189	1578
193	981
195	794
195	925
197	698
198	1245
200	584
200	592
200	856
200	892
200	1371
200	1453
206	984
206	1052
207	364
208	252
208	364
208	413
208	496
208	510
208	511
208	520
208	595
208	600
208	657
208	723
208	751
208	810
208	815
208	853
208	856
208	903
208	952
208	958
208	969
208	1036
208	1074
208	1076
208	1103
208	1148
208	1162
208	1188
208	1233
208	1290
208	1340
208	1342
208	1366
208	1371
208	1423
208	1477
208	1478
208	1502
208	1520
210	710
210	1096
210	1200
211	323
211	427
211	687
211	861
211	902
211	1017
211	1025
211	1092
211	1093
211	1582
213	886
213	1112
213	1506
213	1552
214	358
214	423
214	503
214	638
214	675
214	720
214	737
214	894
215	390
215	427
215	598
215	902
215	1017
215	1093
215	1178
215	1187
215	1244
215	1551
215	1578
218	830
220	332
220	615
220	1253
220	1265
220	1345
220	1351
220	1369
221	905
229	306
229	556
229	752
229	870
229	1425
232	346
232	384
232	608
232	796
232	856
232	944
232	979
232	993
232	1173
232	1238
232	1293
232	1313
232	1371
232	1432
232	1453
232	1483
232	1509
233	261
233	768
233	893
233	922
233	1298
233	1376
233	1406
233	1407
233	1560
233	1583
240	489
240	579
240	881
240	1436
242	1000
249	694
250	469
252	364
252	396
252	496
252	595
252	751
252	810
252	853
252	856
252	903
252	952
252	958
252	1036
252	1074
252	1076
252	1103
252	1162
252	1188
252	1290
252	1340
252	1342
252	1366
252	1371
252	1477
252	1502
257	454
257	469
257	533
260	301
260	350
260	351
260	594
260	634
260	740
260	851
260	898
260	1158
260	1241
260	1292
260	1394
261	768
261	893
261	922
261	1298
261	1376
261	1406
265	274
265	396
265	471
265	520
265	600
265	751
265	948
265	952
265	958
265	1173
265	1188
265	1199
265	1290
265	1366
265	1423
265	1453
265	1478
265	1486
265	1507
266	1189
270	809
272	1255
274	396
274	471
274	595
274	860
274	948
274	1188
274	1199
274	1423
274	1507
274	1526
285	961
290	622
291	555
291	746
292	804
292	834
292	1407
292	1437
292	1438
292	1560
292	1583
295	565
295	733
295	793
296	302
296	368
296	532
296	646
296	1083
296	1119
296	1170
296	1172
296	1176
296	1349
297	1037
301	350
301	351
301	594
301	634
301	740
301	851
301	898
301	1158
301	1241
301	1292
301	1394
302	368
302	532
302	646
302	1170
302	1172
302	1176
302	1349
303	735
306	489
306	752
306	797
306	870
306	884
306	1425
308	454
308	845
308	864
308	1019
308	1076
308	1558
312	425
312	593
312	1419
315	340
315	542
315	568
315	749
315	1041
315	1376
315	1430
316	1041
317	513
317	723
317	1129
317	1415
322	448
323	427
323	687
323	861
323	1017
323	1025
323	1092
323	1582
327	365
327	1048
331	1219
332	615
332	1253
332	1265
332	1345
332	1351
332	1369
337	372
337	386
337	783
337	899
337	917
337	1027
337	1072
337	1121
337	1201
337	1249
340	498
340	749
340	915
340	918
340	959
340	1041
340	1118
340	1532
346	370
346	384
346	414
346	608
346	718
346	796
346	944
346	979
346	993
346	1220
346	1238
346	1483
346	1509
347	495
350	351
350	594
350	634
350	740
350	851
350	898
350	1158
350	1241
350	1292
350	1394
351	594
351	634
351	740
351	851
351	898
351	1158
351	1241
351	1292
351	1394
358	423
358	503
358	675
358	720
358	737
358	894
360	774
360	1309
364	496
364	510
364	520
364	595
364	657
364	751
364	810
364	815
364	853
364	903
364	952
364	958
364	969
364	1036
364	1074
364	1076
364	1103
364	1162
364	1290
364	1342
364	1366
364	1371
364	1486
364	1520
367	1580
368	532
368	646
368	1170
368	1176
368	1349
370	414
370	608
370	718
370	796
370	1483
372	899
372	917
372	1072
372	1121
372	1201
373	620
373	1105
375	534
375	539
375	654
375	902
375	1093
375	1167
375	1187
375	1492
377	533
381	515
384	608
384	718
384	796
384	856
384	944
384	979
384	993
384	1220
384	1238
384	1371
384	1483
384	1509
386	783
386	899
386	917
386	1072
386	1121
386	1201
390	427
390	598
390	799
390	902
390	1017
390	1093
390	1178
390	1187
390	1244
390	1395
390	1551
390	1578
392	1262
393	771
394	971
394	1515
396	471
396	510
396	520
396	552
396	751
396	856
396	860
396	948
396	952
396	958
396	989
396	1103
396	1173
396	1188
396	1199
396	1233
396	1342
396	1366
396	1423
396	1453
396	1478
396	1486
396	1502
396	1507
396	1526
398	991
399	929
401	508
402	998
402	1107
403	1568
405	483
405	791
405	1240
405	1413
413	510
413	856
413	1366
413	1520
414	608
414	718
414	1483
421	1134
423	503
423	638
423	675
423	720
423	737
423	894
425	593
425	1003
425	1194
425	1419
425	1535
427	534
427	539
427	598
427	687
427	861
427	902
427	1017
427	1025
427	1092
427	1093
427	1178
427	1187
427	1244
427	1395
427	1492
427	1551
427	1578
427	1582
428	455
432	758
434	736
439	913
441	612
441	647
441	1393
441	1443
441	1556
443	782
443	1126
444	556
444	853
444	1040
444	1074
444	1253
444	1575
449	792
449	1383
453	1162
454	469
454	845
454	864
454	1019
454	1196
454	1266
454	1558
455	1012
460	532
463	504
463	563
463	606
463	1101
463	1208
463	1210
466	515
466	534
466	668
466	1344
466	1500
467	750
471	486
471	600
471	719
471	860
471	948
471	1188
471	1199
471	1233
471	1342
471	1366
471	1423
471	1478
471	1486
471	1507
471	1526
474	483
474	546
474	791
474	964
474	1213
474	1260
474	1485
474	1515
476	629
478	998
482	635
483	546
483	791
483	964
483	1065
483	1091
483	1130
483	1213
483	1242
483	1413
483	1485
483	1515
483	1573
486	952
486	1188
486	1199
486	1366
486	1478
486	1526
487	551
487	605
489	556
489	870
489	884
489	991
494	1271
496	510
496	511
496	520
496	595
496	657
496	751
496	810
496	815
496	853
496	856
496	903
496	952
496	958
496	969
496	1036
496	1044
496	1074
496	1076
496	1103
496	1148
496	1162
496	1290
496	1340
496	1342
496	1366
496	1371
496	1477
496	1490
496	1502
496	1520
498	542
498	749
498	915
498	918
498	959
498	1041
498	1118
498	1130
498	1205
498	1298
498	1430
498	1532
503	638
503	675
503	720
503	737
503	894
504	563
504	606
504	1101
504	1208
504	1210
507	560
507	729
507	1060
507	1100
507	1347
507	1359
508	765
509	538
509	547
509	678
509	680
509	1398
509	1462
509	1571
510	511
510	520
510	595
510	600
510	657
510	751
510	810
510	815
510	853
510	903
510	952
510	958
510	969
510	1031
510	1044
510	1074
510	1076
510	1103
510	1148
510	1162
510	1199
510	1233
510	1238
510	1342
510	1366
510	1371
510	1478
510	1520
510	1526
511	520
511	595
511	604
511	810
511	853
511	903
511	969
511	1037
511	1074
511	1103
511	1162
511	1342
511	1366
511	1520
513	1129
513	1415
515	552
515	668
515	757
515	815
515	989
515	1275
515	1344
515	1500
517	602
517	937
519	586
519	627
519	725
519	1407
519	1485
519	1583
520	595
520	600
520	657
520	751
520	810
520	815
520	853
520	856
520	903
520	952
520	958
520	969
520	1067
520	1074
520	1076
520	1094
520	1103
520	1148
520	1162
520	1188
520	1238
520	1290
520	1340
520	1342
520	1366
520	1371
520	1478
520	1502
520	1520
523	868
529	571
532	646
532	678
532	1083
532	1119
532	1170
532	1172
532	1176
532	1349
533	561
534	539
534	552
534	815
534	856
534	902
534	1238
534	1264
534	1366
534	1371
534	1432
534	1486
534	1492
538	547
538	678
538	680
538	1398
538	1462
538	1571
539	902
539	921
539	1017
539	1093
539	1167
539	1187
539	1492
542	749
542	915
542	1430
546	791
546	964
546	1213
546	1485
546	1515
547	678
547	680
547	1398
547	1462
547	1571
551	605
552	584
552	668
552	799
552	856
552	867
552	989
552	1094
552	1188
552	1244
552	1344
552	1565
552	1578
555	746
555	926
556	870
556	884
556	991
558	1081
558	1354
560	729
560	1060
560	1100
560	1324
560	1347
560	1359
563	606
563	1101
563	1208
563	1210
565	733
565	793
567	709
568	929
569	1139
578	1058
579	1075
579	1422
579	1436
582	1374
582	1450
584	1188
584	1366
586	627
586	725
586	1583
592	1453
593	1419
594	634
594	740
594	851
594	898
594	1158
594	1241
594	1292
594	1394
595	657
595	661
595	751
595	810
595	815
595	853
595	856
595	903
595	952
595	958
595	969
595	1036
595	1044
595	1067
595	1074
595	1076
595	1103
595	1148
595	1162
595	1188
595	1234
595	1238
595	1290
595	1342
595	1366
595	1371
595	1477
595	1478
595	1486
595	1490
595	1502
595	1520
598	799
598	902
598	1017
598	1092
598	1093
598	1178
598	1187
598	1244
598	1551
598	1578
600	719
600	860
600	952
600	958
600	1188
600	1199
600	1233
600	1251
600	1342
600	1366
600	1423
600	1478
600	1486
600	1507
600	1520
600	1526
604	810
604	1074
604	1103
604	1162
604	1342
606	1101
606	1208
606	1210
607	1567
608	718
608	796
608	944
608	979
608	993
608	1238
608	1453
608	1483
608	1509
609	1123
610	813
610	1469
612	647
612	1393
612	1443
612	1556
615	1253
615	1265
615	1345
615	1351
615	1369
620	1105
627	725
627	1407
627	1485
627	1583
634	740
634	851
634	898
634	1158
634	1241
634	1292
634	1394
635	672
635	894
635	991
638	675
638	720
638	737
638	894
639	1242
642	991
642	1166
646	678
646	1170
646	1172
646	1176
646	1349
647	1393
647	1443
647	1556
654	902
654	1093
654	1167
654	1187
654	1492
657	751
657	810
657	815
657	853
657	903
657	952
657	969
657	1036
657	1074
657	1076
657	1103
657	1148
657	1162
657	1342
657	1366
657	1371
657	1477
657	1502
657	1520
660	904
661	815
661	853
661	903
661	1036
661	1103
661	1371
668	815
668	853
668	856
668	952
668	1344
668	1371
668	1486
670	1367
671	1416
672	884
672	991
675	720
675	737
675	894
678	680
678	1398
678	1462
678	1571
680	1398
680	1462
680	1571
686	719
686	860
686	1251
686	1478
687	861
687	1017
687	1025
687	1092
689	958
689	989
689	1293
692	1440
699	750
699	1269
710	1096
710	1200
710	1277
712	1237
718	796
718	944
718	979
718	993
718	1483
718	1509
719	860
719	948
719	1188
719	1199
719	1233
719	1251
719	1342
719	1366
719	1423
719	1478
719	1507
719	1526
720	737
720	894
722	857
723	1067
723	1094
723	1148
723	1415
724	1146
725	1407
725	1485
725	1583
728	758
729	739
729	1060
729	1100
729	1347
729	1359
734	1241
737	894
737	991
739	1183
739	1227
739	1297
739	1311
739	1489
739	1499
740	851
740	898
740	1158
740	1241
740	1292
740	1394
743	812
744	1381
745	1581
746	926
749	915
749	918
749	959
749	1041
749	1118
749	1430
749	1532
751	810
751	815
751	853
751	856
751	903
751	952
751	958
751	969
751	1036
751	1074
751	1076
751	1103
751	1148
751	1162
751	1188
751	1238
751	1290
751	1340
751	1342
751	1366
751	1371
751	1486
751	1490
751	1502
751	1520
752	797
752	1258
752	1425
754	1329
755	1255
759	1224
760	1229
767	890
767	1114
768	893
768	922
768	1298
768	1376
768	1406
768	1560
768	1583
769	1501
770	1411
774	1188
783	899
783	917
783	1027
783	1072
783	1121
783	1201
791	964
791	971
791	1054
791	1213
791	1240
791	1260
791	1413
791	1485
791	1515
794	1026
795	1428
796	944
796	979
796	993
796	1238
796	1453
796	1483
796	1509
797	1425
799	902
799	1017
799	1244
799	1551
799	1578
801	1157
801	1344
804	834
804	1407
804	1437
804	1438
804	1560
804	1583
809	1301
809	1455
809	1485
809	1532
810	815
810	853
810	903
810	952
810	958
810	969
810	1036
810	1074
810	1076
810	1103
810	1148
810	1162
810	1290
810	1342
810	1366
810	1371
810	1477
810	1502
810	1520
813	839
813	1469
815	853
815	856
815	903
815	952
815	958
815	969
815	989
815	1036
815	1074
815	1076
815	1103
815	1162
815	1342
815	1344
815	1366
815	1371
815	1486
815	1502
828	1346
833	1465
834	1407
834	1437
834	1438
834	1560
834	1583
839	1469
845	864
845	1019
845	1129
845	1558
850	1514
851	898
851	1158
851	1241
851	1292
851	1394
853	856
853	903
853	952
853	958
853	969
853	1036
853	1074
853	1076
853	1103
853	1148
853	1162
853	1238
853	1290
853	1342
853	1366
853	1371
853	1477
853	1486
856	952
856	958
856	989
856	993
856	1044
856	1074
856	1094
856	1103
856	1173
856	1188
856	1238
856	1293
856	1340
856	1342
856	1366
856	1371
856	1453
856	1477
856	1486
856	1502
856	1509
860	952
860	1188
860	1199
860	1233
860	1251
860	1366
860	1423
860	1478
860	1486
860	1502
860	1507
860	1520
860	1526
861	1017
861	1025
861	1092
861	1093
861	1395
861	1582
862	1303
864	1019
864	1076
864	1129
864	1488
864	1558
870	884
870	1120
874	1000
880	1252
881	1436
882	1550
884	991
885	1075
886	1112
886	1506
886	1552
889	1523
889	1530
890	1114
893	922
893	1298
893	1376
893	1406
893	1560
893	1583
898	1158
898	1241
898	1292
898	1394
899	917
899	1027
899	1072
899	1121
899	1201
902	1017
902	1092
902	1093
902	1167
902	1178
902	1187
902	1244
902	1395
902	1492
902	1551
902	1578
902	1582
903	952
903	958
903	969
903	1036
903	1074
903	1076
903	1103
903	1148
903	1162
903	1238
903	1290
903	1342
903	1366
903	1371
903	1490
903	1502
903	1520
909	1073
915	959
915	1041
915	1130
915	1430
917	1027
917	1072
917	1121
917	1201
918	959
918	1041
918	1118
918	1532
922	1298
922	1376
922	1406
922	1407
922	1560
922	1583
929	1221
944	979
944	993
944	1238
944	1483
944	1509
946	1205
946	1324
948	1188
948	1199
948	1366
948	1423
948	1478
948	1507
952	958
952	969
952	995
952	1067
952	1074
952	1076
952	1103
952	1148
952	1162
952	1188
952	1199
952	1234
952	1238
952	1290
952	1340
952	1342
952	1366
952	1371
952	1423
952	1453
952	1477
952	1478
952	1486
952	1502
952	1507
952	1520
952	1526
958	969
958	995
958	1036
958	1067
958	1076
958	1103
958	1162
958	1173
958	1188
958	1199
958	1238
958	1290
958	1340
958	1342
958	1366
958	1371
958	1427
958	1477
958	1478
958	1486
958	1502
959	1041
959	1118
959	1532
964	1213
964	1260
964	1485
964	1515
968	1031
968	1342
968	1478
969	991
969	1036
969	1074
969	1076
969	1103
969	1148
969	1162
969	1234
969	1238
969	1290
969	1342
969	1366
969	1371
969	1477
969	1502
969	1520
971	1091
971	1515
979	993
979	1238
979	1453
979	1483
979	1509
984	1052
989	1173
989	1188
989	1195
989	1293
989	1366
989	1453
991	1120
993	1238
993	1371
993	1432
993	1453
993	1483
993	1509
994	1194
994	1535
995	1486
998	1107
1000	1581
1004	1346
1008	1042
1008	1482
1017	1025
1017	1092
1017	1093
1017	1178
1017	1187
1017	1244
1017	1395
1017	1543
1017	1551
1017	1578
1017	1582
1019	1076
1019	1129
1019	1558
1020	1036
1025	1092
1027	1072
1027	1121
1027	1201
1031	1342
1031	1366
1031	1478
1031	1520
1036	1074
1036	1076
1036	1103
1036	1162
1036	1238
1036	1290
1036	1342
1036	1477
1036	1520
1040	1253
1040	1372
1040	1457
1041	1118
1041	1532
1042	1482
1044	1162
1044	1344
1044	1371
1044	1520
1047	1484
1050	1054
1054	1515
1060	1347
1060	1359
1065	1139
1065	1573
1066	1275
1066	1500
1067	1094
1067	1103
1067	1188
1067	1486
1067	1502
1072	1121
1072	1201
1073	1368
1074	1076
1074	1103
1074	1162
1074	1290
1074	1342
1074	1366
1074	1371
1074	1477
1074	1502
1075	1422
1076	1103
1076	1129
1076	1148
1076	1162
1076	1188
1076	1238
1076	1290
1076	1342
1076	1366
1076	1371
1076	1477
1076	1486
1076	1502
1076	1520
1083	1119
1083	1172
1083	1176
1091	1515
1092	1093
1092	1178
1092	1187
1092	1551
1092	1578
1092	1582
1093	1167
1093	1178
1093	1187
1093	1395
1093	1433
1093	1492
1093	1551
1093	1578
1094	1344
1094	1366
1094	1502
1096	1200
1096	1277
1100	1205
1100	1324
1100	1347
1100	1359
1101	1208
1101	1210
1103	1148
1103	1162
1103	1188
1103	1199
1103	1234
1103	1290
1103	1340
1103	1342
1103	1366
1103	1371
1103	1477
1103	1478
1103	1490
1103	1502
1103	1520
1112	1506
1112	1552
1115	1485
1118	1532
1119	1172
1119	1176
1121	1201
1129	1415
1130	1364
1130	1540
1148	1162
1148	1290
1148	1342
1148	1366
1148	1371
1148	1477
1148	1490
1148	1502
1148	1520
1149	1162
1157	1334
1157	1355
1157	1517
1158	1241
1158	1292
1158	1394
1162	1238
1162	1290
1162	1342
1162	1366
1162	1371
1162	1502
1167	1187
1167	1492
1170	1176
1170	1349
1172	1176
1173	1188
1173	1238
1173	1423
1173	1453
1173	1483
1176	1349
1178	1187
1178	1433
1178	1492
1178	1551
1178	1578
1183	1227
1183	1297
1183	1311
1183	1489
1183	1499
1187	1395
1187	1433
1187	1492
1187	1551
1187	1578
1188	1199
1188	1233
1188	1238
1188	1293
1188	1340
1188	1342
1188	1366
1188	1371
1188	1423
1188	1427
1188	1453
1188	1478
1188	1486
1188	1502
1188	1507
1188	1526
1194	1535
1199	1233
1199	1251
1199	1342
1199	1366
1199	1423
1199	1478
1199	1486
1199	1507
1199	1520
1199	1526
1205	1324
1208	1210
1209	1581
1213	1260
1213	1485
1213	1515
1220	1483
1227	1297
1227	1311
1227	1489
1227	1499
1233	1251
1233	1342
1233	1366
1233	1423
1233	1478
1233	1507
1233	1526
1234	1342
1234	1366
1238	1366
1238	1371
1238	1432
1238	1453
1238	1477
1238	1483
1238	1502
1238	1509
1240	1413
1241	1292
1241	1394
1244	1551
1244	1578
1251	1366
1251	1478
1251	1526
1253	1265
1253	1345
1253	1351
1253	1369
1253	1372
1253	1457
1260	1515
1265	1345
1265	1351
1265	1369
1275	1500
1281	1576
1288	1409
1290	1340
1290	1342
1290	1366
1290	1371
1290	1477
1290	1486
1290	1520
1292	1394
1293	1453
1297	1311
1297	1489
1297	1499
1298	1376
1298	1406
1298	1407
1298	1560
1298	1583
1301	1455
1301	1485
1301	1532
1311	1489
1311	1499
1313	1509
1334	1381
1338	1500
1340	1342
1340	1366
1340	1490
1340	1502
1342	1366
1342	1371
1342	1477
1342	1478
1342	1486
1342	1490
1342	1502
1342	1507
1342	1520
1342	1526
1342	1545
1344	1424
1345	1351
1345	1369
1347	1359
1351	1369
1355	1517
1366	1371
1366	1423
1366	1453
1366	1477
1366	1478
1366	1486
1366	1490
1366	1502
1366	1507
1366	1520
1366	1526
1371	1432
1371	1453
1371	1477
1371	1483
1371	1486
1371	1502
1371	1509
1371	1520
1374	1450
1376	1406
1376	1407
1376	1430
1376	1560
1376	1583
1393	1443
1393	1556
1395	1578
1395	1582
1398	1462
1398	1571
1406	1407
1406	1560
1406	1583
1407	1437
1407	1438
1407	1560
1407	1583
1422	1568
1423	1478
1423	1486
1423	1502
1423	1507
1427	1486
1432	1483
1437	1438
1437	1560
1437	1583
1438	1560
1438	1583
1443	1556
1453	1483
1453	1486
1453	1509
1455	1532
1462	1571
1477	1502
1478	1486
1478	1502
1478	1507
1478	1520
1478	1526
1483	1509
1485	1515
1485	1583
1486	1502
1486	1507
1486	1520
1486	1526
1489	1499
1490	1520
1502	1507
1506	1552
1507	1526
1520	1526
1523	1530
1551	1578
1560	1583
1578	1582
582	0
1374	0
1450	0
984	1
1052	1
682	2
882	2
22	3
558	3
1081	3
1185	6
1353	6
1075	9
1108	10
444	14
850	15
1514	15
66	16
186	16
208	16
396	16
496	16
520	16
815	16
853	16
856	16
952	16
994	16
1194	16
1366	16
1502	16
1535	16
712	19
1237	19
558	22
1081	22
595	27
723	27
853	27
1067	27
1094	27
1371	27
1502	27
1094	28
30	29
568	29
929	29
1100	29
1130	29
62	30
315	30
568	30
929	30
1130	30
1205	30
1441	36
760	39
1229	39
88	41
164	41
337	41
386	41
783	41
899	41
917	41
1027	41
1072	41
1121	41
1201	41
272	44
1255	44
66	50
67	50
109	50
149	50
186	50
200	50
208	50
232	50
346	50
384	50
496	50
520	50
534	50
584	50
595	50
657	50
661	50
668	50
810	50
815	50
853	50
856	50
903	50
944	50
952	50
958	50
969	50
979	50
993	50
1036	50
1074	50
1076	50
1103	50
1162	50
1173	50
1188	50
1238	50
1293	50
1342	50
1366	50
1371	50
1453	50
1477	50
1483	50
1486	50
1502	50
427	51
902	51
1017	51
1578	51
709	53
1188	54
1478	54
1505	54
100	55
260	55
301	55
350	55
351	55
594	55
634	55
740	55
851	55
898	55
1158	55
1241	55
1292	55
1394	55
66	56
110	56
208	56
364	56
496	56
510	56
511	56
595	56
604	56
657	56
676	56
810	56
853	56
903	56
958	56
1074	56
1076	56
1103	56
1162	56
1290	56
1342	56
1366	56
1371	56
648	61
946	62
444	64
1396	64
240	65
556	65
882	65
67	66
98	66
109	66
110	66
208	66
252	66
364	66
396	66
496	66
510	66
511	66
595	66
657	66
751	66
810	66
815	66
853	66
856	66
903	66
952	66
958	66
969	66
1074	66
1076	66
1103	66
1162	66
1188	66
1234	66
1238	66
1290	66
1340	66
1342	66
1366	66
1371	66
1453	66
1477	66
1502	66
1520	66
109	67
149	67
186	67
200	67
232	67
252	67
360	67
425	67
496	67
510	67
520	67
595	67
657	67
751	67
810	67
815	67
853	67
856	67
903	67
952	67
958	67
969	67
1036	67
1044	67
1074	67
1076	67
1103	67
1162	67
1173	67
1188	67
1238	67
1293	67
1309	67
1342	67
1366	67
1371	67
1453	67
1477	67
1486	67
1502	67
1509	67
258	68
696	70
1216	73
1288	77
1409	77
327	84
164	88
337	88
372	88
386	88
783	88
899	88
917	88
1072	88
1121	88
1201	88
1482	93
1294	96
186	98
265	98
396	98
520	98
595	98
856	98
952	98
958	98
1103	98
1173	98
1188	98
1199	98
1366	98
1423	98
1486	98
1502	98
1507	98
1520	98
260	100
301	100
350	100
351	100
594	100
634	100
740	100
851	100
898	100
1158	100
1241	100
1292	100
1394	100
215	101
390	101
427	101
598	101
1578	101
1522	103
186	109
200	109
232	109
364	109
384	109
510	109
511	109
552	109
592	109
595	109
661	109
751	109
815	109
853	109
856	109
903	109
952	109
958	109
969	109
993	109
1036	109
1044	109
1074	109
1094	109
1103	109
1162	109
1238	109
1290	109
1342	109
1366	109
1371	109
1453	109
1477	109
1486	109
208	110
496	110
510	110
595	110
657	110
810	110
853	110
903	110
1074	110
1076	110
1103	110
1162	110
1342	110
1366	110
125	111
183	111
509	111
538	111
547	111
678	111
680	111
1398	111
1462	111
1571	111
1111	112
1157	113
1334	113
296	114
302	114
368	114
532	114
646	114
1083	114
1119	114
1170	114
1172	114
1176	114
1349	114
476	117
629	117
1218	117
1026	118
394	120
483	120
791	120
971	120
1050	120
1054	120
1515	120
183	125
509	125
538	125
547	125
678	125
680	125
1398	125
1462	125
1571	125
373	126
620	126
1105	126
392	127
1262	127
270	136
809	136
1301	136
1455	136
1532	136
716	140
186	149
232	149
247	149
856	149
944	149
989	149
993	149
1173	149
1188	149
1238	149
1293	149
1509	149
1334	153
184	154
503	154
675	154
894	154
340	156
498	156
749	156
918	156
959	156
1041	156
1118	156
1532	156
337	164
386	164
783	164
899	164
917	164
1027	164
1072	164
1121	164
1201	164
1249	164
186	166
232	166
346	166
384	166
608	166
718	166
796	166
856	166
944	166
979	166
993	166
1220	166
1238	166
1483	166
1509	166
1515	167
189	168
539	168
1093	168
1167	168
1492	168
719	171
860	171
968	171
1031	171
1251	171
1478	171
1526	171
454	172
390	174
552	174
598	174
799	174
902	174
1017	174
1244	174
1551	174
1578	174
483	177
1065	177
1228	180
474	181
483	181
546	181
791	181
964	181
1213	181
1260	181
1485	181
1515	181
509	183
538	183
547	183
678	183
680	183
1398	183
1571	183
214	184
358	184
423	184
503	184
638	184
675	184
720	184
737	184
894	184
208	186
232	186
265	186
346	186
384	186
396	186
510	186
534	186
595	186
608	186
751	186
774	186
796	186
815	186
856	186
944	186
952	186
958	186
969	186
979	186
989	186
993	186
1173	186
1188	186
1194	186
1238	186
1293	186
1366	186
1371	186
1432	186
1453	186
1483	186
1486	186
1502	186
1509	186
215	189
375	189
390	189
427	189
539	189
598	189
902	189
1017	189
1092	189
1093	189
1178	189
1187	189
1433	189
1492	189
1551	189
1578	189
981	193
794	195
925	195
698	197
1245	198
584	200
592	200
856	200
892	200
1371	200
1453	200
984	206
1052	206
364	207
252	208
364	208
413	208
496	208
510	208
511	208
520	208
595	208
600	208
657	208
723	208
751	208
810	208
815	208
853	208
856	208
903	208
952	208
958	208
969	208
1036	208
1074	208
1076	208
1103	208
1148	208
1162	208
1188	208
1233	208
1290	208
1340	208
1342	208
1366	208
1371	208
1423	208
1477	208
1478	208
1502	208
1520	208
710	210
1096	210
1200	210
323	211
427	211
687	211
861	211
902	211
1017	211
1025	211
1092	211
1093	211
1582	211
886	213
1112	213
1506	213
1552	213
358	214
423	214
503	214
638	214
675	214
720	214
737	214
894	214
390	215
427	215
598	215
902	215
1017	215
1093	215
1178	215
1187	215
1244	215
1551	215
1578	215
830	218
332	220
615	220
1253	220
1265	220
1345	220
1351	220
1369	220
905	221
306	229
556	229
752	229
870	229
1425	229
346	232
384	232
608	232
796	232
856	232
944	232
979	232
993	232
1173	232
1238	232
1293	232
1313	232
1371	232
1432	232
1453	232
1483	232
1509	232
261	233
768	233
893	233
922	233
1298	233
1376	233
1406	233
1407	233
1560	233
1583	233
489	240
579	240
881	240
1436	240
1000	242
694	249
469	250
364	252
396	252
496	252
595	252
751	252
810	252
853	252
856	252
903	252
952	252
958	252
1036	252
1074	252
1076	252
1103	252
1162	252
1188	252
1290	252
1340	252
1342	252
1366	252
1371	252
1477	252
1502	252
454	257
469	257
533	257
301	260
350	260
351	260
594	260
634	260
740	260
851	260
898	260
1158	260
1241	260
1292	260
1394	260
768	261
893	261
922	261
1298	261
1376	261
1406	261
274	265
396	265
471	265
520	265
600	265
751	265
948	265
952	265
958	265
1173	265
1188	265
1199	265
1290	265
1366	265
1423	265
1453	265
1478	265
1486	265
1507	265
1189	266
809	270
1255	272
396	274
471	274
595	274
860	274
948	274
1188	274
1199	274
1423	274
1507	274
1526	274
961	285
622	290
555	291
746	291
804	292
834	292
1407	292
1437	292
1438	292
1560	292
1583	292
565	295
733	295
793	295
302	296
368	296
532	296
646	296
1083	296
1119	296
1170	296
1172	296
1176	296
1349	296
1037	297
350	301
351	301
594	301
634	301
740	301
851	301
898	301
1158	301
1241	301
1292	301
1394	301
368	302
532	302
646	302
1170	302
1172	302
1176	302
1349	302
735	303
489	306
752	306
797	306
870	306
884	306
1425	306
454	308
845	308
864	308
1019	308
1076	308
1558	308
425	312
593	312
1419	312
340	315
542	315
568	315
749	315
1041	315
1376	315
1430	315
1041	316
513	317
723	317
1129	317
1415	317
448	322
427	323
687	323
861	323
1017	323
1025	323
1092	323
1582	323
365	327
1048	327
1219	331
615	332
1253	332
1265	332
1345	332
1351	332
1369	332
372	337
386	337
783	337
899	337
917	337
1027	337
1072	337
1121	337
1201	337
1249	337
498	340
749	340
915	340
918	340
959	340
1041	340
1118	340
1532	340
370	346
384	346
414	346
608	346
718	346
796	346
944	346
979	346
993	346
1220	346
1238	346
1483	346
1509	346
495	347
351	350
594	350
634	350
740	350
851	350
898	350
1158	350
1241	350
1292	350
1394	350
594	351
634	351
740	351
851	351
898	351
1158	351
1241	351
1292	351
1394	351
423	358
503	358
675	358
720	358
737	358
894	358
774	360
1309	360
496	364
510	364
520	364
595	364
657	364
751	364
810	364
815	364
853	364
903	364
952	364
958	364
969	364
1036	364
1074	364
1076	364
1103	364
1162	364
1290	364
1342	364
1366	364
1371	364
1486	364
1520	364
1580	367
532	368
646	368
1170	368
1176	368
1349	368
414	370
608	370
718	370
796	370
1483	370
899	372
917	372
1072	372
1121	372
1201	372
620	373
1105	373
534	375
539	375
654	375
902	375
1093	375
1167	375
1187	375
1492	375
533	377
515	381
608	384
718	384
796	384
856	384
944	384
979	384
993	384
1220	384
1238	384
1371	384
1483	384
1509	384
783	386
899	386
917	386
1072	386
1121	386
1201	386
427	390
598	390
799	390
902	390
1017	390
1093	390
1178	390
1187	390
1244	390
1395	390
1551	390
1578	390
1262	392
771	393
971	394
1515	394
471	396
510	396
520	396
552	396
751	396
856	396
860	396
948	396
952	396
958	396
989	396
1103	396
1173	396
1188	396
1199	396
1233	396
1342	396
1366	396
1423	396
1453	396
1478	396
1486	396
1502	396
1507	396
1526	396
991	398
929	399
508	401
998	402
1107	402
1568	403
483	405
791	405
1240	405
1413	405
510	413
856	413
1366	413
1520	413
608	414
718	414
1483	414
1134	421
503	423
638	423
675	423
720	423
737	423
894	423
593	425
1003	425
1194	425
1419	425
1535	425
534	427
539	427
598	427
687	427
861	427
902	427
1017	427
1025	427
1092	427
1093	427
1178	427
1187	427
1244	427
1395	427
1492	427
1551	427
1578	427
1582	427
455	428
758	432
736	434
913	439
612	441
647	441
1393	441
1443	441
1556	441
782	443
1126	443
556	444
853	444
1040	444
1074	444
1253	444
1575	444
792	449
1383	449
1162	453
469	454
845	454
864	454
1019	454
1196	454
1266	454
1558	454
1012	455
532	460
504	463
563	463
606	463
1101	463
1208	463
1210	463
515	466
534	466
668	466
1344	466
1500	466
750	467
486	471
600	471
719	471
860	471
948	471
1188	471
1199	471
1233	471
1342	471
1366	471
1423	471
1478	471
1486	471
1507	471
1526	471
483	474
546	474
791	474
964	474
1213	474
1260	474
1485	474
1515	474
629	476
998	478
635	482
546	483
791	483
964	483
1065	483
1091	483
1130	483
1213	483
1242	483
1413	483
1485	483
1515	483
1573	483
952	486
1188	486
1199	486
1366	486
1478	486
1526	486
551	487
605	487
556	489
870	489
884	489
991	489
1271	494
510	496
511	496
520	496
595	496
657	496
751	496
810	496
815	496
853	496
856	496
903	496
952	496
958	496
969	496
1036	496
1044	496
1074	496
1076	496
1103	496
1148	496
1162	496
1290	496
1340	496
1342	496
1366	496
1371	496
1477	496
1490	496
1502	496
1520	496
542	498
749	498
915	498
918	498
959	498
1041	498
1118	498
1130	498
1205	498
1298	498
1430	498
1532	498
638	503
675	503
720	503
737	503
894	503
563	504
606	504
1101	504
1208	504
1210	504
560	507
729	507
1060	507
1100	507
1347	507
1359	507
765	508
538	509
547	509
678	509
680	509
1398	509
1462	509
1571	509
511	510
520	510
595	510
600	510
657	510
751	510
810	510
815	510
853	510
903	510
952	510
958	510
969	510
1031	510
1044	510
1074	510
1076	510
1103	510
1148	510
1162	510
1199	510
1233	510
1238	510
1342	510
1366	510
1371	510
1478	510
1520	510
1526	510
520	511
595	511
604	511
810	511
853	511
903	511
969	511
1037	511
1074	511
1103	511
1162	511
1342	511
1366	511
1520	511
1129	513
1415	513
552	515
668	515
757	515
815	515
989	515
1275	515
1344	515
1500	515
602	517
937	517
586	519
627	519
725	519
1407	519
1485	519
1583	519
595	520
600	520
657	520
751	520
810	520
815	520
853	520
856	520
903	520
952	520
958	520
969	520
1067	520
1074	520
1076	520
1094	520
1103	520
1148	520
1162	520
1188	520
1238	520
1290	520
1340	520
1342	520
1366	520
1371	520
1478	520
1502	520
1520	520
868	523
571	529
646	532
678	532
1083	532
1119	532
1170	532
1172	532
1176	532
1349	532
561	533
539	534
552	534
815	534
856	534
902	534
1238	534
1264	534
1366	534
1371	534
1432	534
1486	534
1492	534
547	538
678	538
680	538
1398	538
1462	538
1571	538
902	539
921	539
1017	539
1093	539
1167	539
1187	539
1492	539
749	542
915	542
1430	542
791	546
964	546
1213	546
1485	546
1515	546
678	547
680	547
1398	547
1462	547
1571	547
605	551
584	552
668	552
799	552
856	552
867	552
989	552
1094	552
1188	552
1244	552
1344	552
1565	552
1578	552
746	555
926	555
870	556
884	556
991	556
1081	558
1354	558
729	560
1060	560
1100	560
1324	560
1347	560
1359	560
606	563
1101	563
1208	563
1210	563
733	565
793	565
709	567
929	568
1139	569
1058	578
1075	579
1422	579
1436	579
1374	582
1450	582
1188	584
1366	584
627	586
725	586
1583	586
1453	592
1419	593
634	594
740	594
851	594
898	594
1158	594
1241	594
1292	594
1394	594
657	595
661	595
751	595
810	595
815	595
853	595
856	595
903	595
952	595
958	595
969	595
1036	595
1044	595
1067	595
1074	595
1076	595
1103	595
1148	595
1162	595
1188	595
1234	595
1238	595
1290	595
1342	595
1366	595
1371	595
1477	595
1478	595
1486	595
1490	595
1502	595
1520	595
799	598
902	598
1017	598
1092	598
1093	598
1178	598
1187	598
1244	598
1551	598
1578	598
719	600
860	600
952	600
958	600
1188	600
1199	600
1233	600
1251	600
1342	600
1366	600
1423	600
1478	600
1486	600
1507	600
1520	600
1526	600
810	604
1074	604
1103	604
1162	604
1342	604
1101	606
1208	606
1210	606
1567	607
718	608
796	608
944	608
979	608
993	608
1238	608
1453	608
1483	608
1509	608
1123	609
813	610
1469	610
647	612
1393	612
1443	612
1556	612
1253	615
1265	615
1345	615
1351	615
1369	615
1105	620
725	627
1407	627
1485	627
1583	627
740	634
851	634
898	634
1158	634
1241	634
1292	634
1394	634
672	635
894	635
991	635
675	638
720	638
737	638
894	638
1242	639
991	642
1166	642
678	646
1170	646
1172	646
1176	646
1349	646
1393	647
1443	647
1556	647
902	654
1093	654
1167	654
1187	654
1492	654
751	657
810	657
815	657
853	657
903	657
952	657
969	657
1036	657
1074	657
1076	657
1103	657
1148	657
1162	657
1342	657
1366	657
1371	657
1477	657
1502	657
1520	657
904	660
815	661
853	661
903	661
1036	661
1103	661
1371	661
815	668
853	668
856	668
952	668
1344	668
1371	668
1486	668
1367	670
1416	671
884	672
991	672
720	675
737	675
894	675
680	678
1398	678
1462	678
1571	678
1398	680
1462	680
1571	680
719	686
860	686
1251	686
1478	686
861	687
1017	687
1025	687
1092	687
958	689
989	689
1293	689
1440	692
750	699
1269	699
1096	710
1200	710
1277	710
1237	712
796	718
944	718
979	718
993	718
1483	718
1509	718
860	719
948	719
1188	719
1199	719
1233	719
1251	719
1342	719
1366	719
1423	719
1478	719
1507	719
1526	719
737	720
894	720
857	722
1067	723
1094	723
1148	723
1415	723
1146	724
1407	725
1485	725
1583	725
758	728
739	729
1060	729
1100	729
1347	729
1359	729
1241	734
894	737
991	737
1183	739
1227	739
1297	739
1311	739
1489	739
1499	739
851	740
898	740
1158	740
1241	740
1292	740
1394	740
812	743
1381	744
1581	745
926	746
915	749
918	749
959	749
1041	749
1118	749
1430	749
1532	749
810	751
815	751
853	751
856	751
903	751
952	751
958	751
969	751
1036	751
1074	751
1076	751
1103	751
1148	751
1162	751
1188	751
1238	751
1290	751
1340	751
1342	751
1366	751
1371	751
1486	751
1490	751
1502	751
1520	751
797	752
1258	752
1425	752
1329	754
1255	755
1224	759
1229	760
890	767
1114	767
893	768
922	768
1298	768
1376	768
1406	768
1560	768
1583	768
1501	769
1411	770
1188	774
899	783
917	783
1027	783
1072	783
1121	783
1201	783
964	791
971	791
1054	791
1213	791
1240	791
1260	791
1413	791
1485	791
1515	791
1026	794
1428	795
944	796
979	796
993	796
1238	796
1453	796
1483	796
1509	796
1425	797
902	799
1017	799
1244	799
1551	799
1578	799
1157	801
1344	801
834	804
1407	804
1437	804
1438	804
1560	804
1583	804
1301	809
1455	809
1485	809
1532	809
815	810
853	810
903	810
952	810
958	810
969	810
1036	810
1074	810
1076	810
1103	810
1148	810
1162	810
1290	810
1342	810
1366	810
1371	810
1477	810
1502	810
1520	810
839	813
1469	813
853	815
856	815
903	815
952	815
958	815
969	815
989	815
1036	815
1074	815
1076	815
1103	815
1162	815
1342	815
1344	815
1366	815
1371	815
1486	815
1502	815
1346	828
1465	833
1407	834
1437	834
1438	834
1560	834
1583	834
1469	839
864	845
1019	845
1129	845
1558	845
1514	850
898	851
1158	851
1241	851
1292	851
1394	851
856	853
903	853
952	853
958	853
969	853
1036	853
1074	853
1076	853
1103	853
1148	853
1162	853
1238	853
1290	853
1342	853
1366	853
1371	853
1477	853
1486	853
952	856
958	856
989	856
993	856
1044	856
1074	856
1094	856
1103	856
1173	856
1188	856
1238	856
1293	856
1340	856
1342	856
1366	856
1371	856
1453	856
1477	856
1486	856
1502	856
1509	856
952	860
1188	860
1199	860
1233	860
1251	860
1366	860
1423	860
1478	860
1486	860
1502	860
1507	860
1520	860
1526	860
1017	861
1025	861
1092	861
1093	861
1395	861
1582	861
1303	862
1019	864
1076	864
1129	864
1488	864
1558	864
884	870
1120	870
1000	874
1252	880
1436	881
1550	882
991	884
1075	885
1112	886
1506	886
1552	886
1523	889
1530	889
1114	890
922	893
1298	893
1376	893
1406	893
1560	893
1583	893
1158	898
1241	898
1292	898
1394	898
917	899
1027	899
1072	899
1121	899
1201	899
1017	902
1092	902
1093	902
1167	902
1178	902
1187	902
1244	902
1395	902
1492	902
1551	902
1578	902
1582	902
952	903
958	903
969	903
1036	903
1074	903
1076	903
1103	903
1148	903
1162	903
1238	903
1290	903
1342	903
1366	903
1371	903
1490	903
1502	903
1520	903
1073	909
959	915
1041	915
1130	915
1430	915
1027	917
1072	917
1121	917
1201	917
959	918
1041	918
1118	918
1532	918
1298	922
1376	922
1406	922
1407	922
1560	922
1583	922
1221	929
979	944
993	944
1238	944
1483	944
1509	944
1205	946
1324	946
1188	948
1199	948
1366	948
1423	948
1478	948
1507	948
958	952
969	952
995	952
1067	952
1074	952
1076	952
1103	952
1148	952
1162	952
1188	952
1199	952
1234	952
1238	952
1290	952
1340	952
1342	952
1366	952
1371	952
1423	952
1453	952
1477	952
1478	952
1486	952
1502	952
1507	952
1520	952
1526	952
969	958
995	958
1036	958
1067	958
1076	958
1103	958
1162	958
1173	958
1188	958
1199	958
1238	958
1290	958
1340	958
1342	958
1366	958
1371	958
1427	958
1477	958
1478	958
1486	958
1502	958
1041	959
1118	959
1532	959
1213	964
1260	964
1485	964
1515	964
1031	968
1342	968
1478	968
991	969
1036	969
1074	969
1076	969
1103	969
1148	969
1162	969
1234	969
1238	969
1290	969
1342	969
1366	969
1371	969
1477	969
1502	969
1520	969
1091	971
1515	971
993	979
1238	979
1453	979
1483	979
1509	979
1052	984
1173	989
1188	989
1195	989
1293	989
1366	989
1453	989
1120	991
1238	993
1371	993
1432	993
1453	993
1483	993
1509	993
1194	994
1535	994
1486	995
1107	998
1581	1000
1346	1004
1042	1008
1482	1008
1025	1017
1092	1017
1093	1017
1178	1017
1187	1017
1244	1017
1395	1017
1543	1017
1551	1017
1578	1017
1582	1017
1076	1019
1129	1019
1558	1019
1036	1020
1092	1025
1072	1027
1121	1027
1201	1027
1342	1031
1366	1031
1478	1031
1520	1031
1074	1036
1076	1036
1103	1036
1162	1036
1238	1036
1290	1036
1342	1036
1477	1036
1520	1036
1253	1040
1372	1040
1457	1040
1118	1041
1532	1041
1482	1042
1162	1044
1344	1044
1371	1044
1520	1044
1484	1047
1054	1050
1515	1054
1347	1060
1359	1060
1139	1065
1573	1065
1275	1066
1500	1066
1094	1067
1103	1067
1188	1067
1486	1067
1502	1067
1121	1072
1201	1072
1368	1073
1076	1074
1103	1074
1162	1074
1290	1074
1342	1074
1366	1074
1371	1074
1477	1074
1502	1074
1422	1075
1103	1076
1129	1076
1148	1076
1162	1076
1188	1076
1238	1076
1290	1076
1342	1076
1366	1076
1371	1076
1477	1076
1486	1076
1502	1076
1520	1076
1119	1083
1172	1083
1176	1083
1515	1091
1093	1092
1178	1092
1187	1092
1551	1092
1578	1092
1582	1092
1167	1093
1178	1093
1187	1093
1395	1093
1433	1093
1492	1093
1551	1093
1578	1093
1344	1094
1366	1094
1502	1094
1200	1096
1277	1096
1205	1100
1324	1100
1347	1100
1359	1100
1208	1101
1210	1101
1148	1103
1162	1103
1188	1103
1199	1103
1234	1103
1290	1103
1340	1103
1342	1103
1366	1103
1371	1103
1477	1103
1478	1103
1490	1103
1502	1103
1520	1103
1506	1112
1552	1112
1485	1115
1532	1118
1172	1119
1176	1119
1201	1121
1415	1129
1364	1130
1540	1130
1162	1148
1290	1148
1342	1148
1366	1148
1371	1148
1477	1148
1490	1148
1502	1148
1520	1148
1162	1149
1334	1157
1355	1157
1517	1157
1241	1158
1292	1158
1394	1158
1238	1162
1290	1162
1342	1162
1366	1162
1371	1162
1502	1162
1187	1167
1492	1167
1176	1170
1349	1170
1176	1172
1188	1173
1238	1173
1423	1173
1453	1173
1483	1173
1349	1176
1187	1178
1433	1178
1492	1178
1551	1178
1578	1178
1227	1183
1297	1183
1311	1183
1489	1183
1499	1183
1395	1187
1433	1187
1492	1187
1551	1187
1578	1187
1199	1188
1233	1188
1238	1188
1293	1188
1340	1188
1342	1188
1366	1188
1371	1188
1423	1188
1427	1188
1453	1188
1478	1188
1486	1188
1502	1188
1507	1188
1526	1188
1535	1194
1233	1199
1251	1199
1342	1199
1366	1199
1423	1199
1478	1199
1486	1199
1507	1199
1520	1199
1526	1199
1324	1205
1210	1208
1581	1209
1260	1213
1485	1213
1515	1213
1483	1220
1297	1227
1311	1227
1489	1227
1499	1227
1251	1233
1342	1233
1366	1233
1423	1233
1478	1233
1507	1233
1526	1233
1342	1234
1366	1234
1366	1238
1371	1238
1432	1238
1453	1238
1477	1238
1483	1238
1502	1238
1509	1238
1413	1240
1292	1241
1394	1241
1551	1244
1578	1244
1366	1251
1478	1251
1526	1251
1265	1253
1345	1253
1351	1253
1369	1253
1372	1253
1457	1253
1515	1260
1345	1265
1351	1265
1369	1265
1500	1275
1576	1281
1409	1288
1340	1290
1342	1290
1366	1290
1371	1290
1477	1290
1486	1290
1520	1290
1394	1292
1453	1293
1311	1297
1489	1297
1499	1297
1376	1298
1406	1298
1407	1298
1560	1298
1583	1298
1455	1301
1485	1301
1532	1301
1489	1311
1499	1311
1509	1313
1381	1334
1500	1338
1342	1340
1366	1340
1490	1340
1502	1340
1366	1342
1371	1342
1477	1342
1478	1342
1486	1342
1490	1342
1502	1342
1507	1342
1520	1342
1526	1342
1545	1342
1424	1344
1351	1345
1369	1345
1359	1347
1369	1351
1517	1355
1371	1366
1423	1366
1453	1366
1477	1366
1478	1366
1486	1366
1490	1366
1502	1366
1507	1366
1520	1366
1526	1366
1432	1371
1453	1371
1477	1371
1483	1371
1486	1371
1502	1371
1509	1371
1520	1371
1450	1374
1406	1376
1407	1376
1430	1376
1560	1376
1583	1376
1443	1393
1556	1393
1578	1395
1582	1395
1462	1398
1571	1398
1407	1406
1560	1406
1583	1406
1437	1407
1438	1407
1560	1407
1583	1407
1568	1422
1478	1423
1486	1423
1502	1423
1507	1423
1486	1427
1483	1432
1438	1437
1560	1437
1583	1437
1560	1438
1583	1438
1556	1443
1483	1453
1486	1453
1509	1453
1532	1455
1571	1462
1502	1477
1486	1478
1502	1478
1507	1478
1520	1478
1526	1478
1509	1483
1515	1485
1583	1485
1502	1486
1507	1486
1520	1486
1526	1486
1499	1489
1520	1490
1507	1502
1552	1506
1526	1507
1526	1520
1530	1523
1578	1551
1583	1560
1582	1578
