1	97
1	422
1	436
1	470
1	487
1	744
1	755
1	1063
1	1116
1	1234
1	1267
1	1552
1	2366
1	2941
1	3026
2	56
2	568
2	755
2	835
2	1096
2	1643
2	2090
2	2240
2	2313
2	2420
2	2501
2	2596
2	2638
2	3175
5	1133
5	1216
5	1947
5	2435
5	2808
9	167
9	340
9	2517
9	2992
10	1348
15	97
15	985
15	1480
16	553
16	1842
16	2346
17	470
17	476
17	755
17	828
17	1341
17	1463
17	1561
17	1567
17	1936
17	2023
17	2292
17	2424
17	2457
17	2628
17	2843
17	2996
17	3092
17	3175
18	2484
22	226
22	1614
22	2689
23	2584
23	2801
24	755
24	1057
24	1809
24	3228
25	399
25	1390
25	2684
25	2934
27	436
27	470
27	1063
28	124
28	470
28	645
28	2302
28	2755
28	3307
32	1927
32	1999
32	2164
32	3175
33	3305
36	37
36	553
36	1162
36	2007
36	2760
37	825
37	2056
40	2660
42	892
42	1244
42	2237
42	2243
43	1785
43	2056
43	3170
45	1261
45	1480
45	2061
45	2382
47	505
49	167
49	333
49	399
49	577
49	609
49	1508
49	2005
49	2117
49	2346
49	2865
49	3075
49	3296
56	125
56	270
56	476
56	642
56	662
56	717
56	776
56	921
56	1085
56	1201
56	1448
56	1461
56	1648
56	1811
56	2231
56	2266
56	2306
56	2346
56	2408
56	2418
56	2420
56	2579
56	2580
56	2584
56	2684
56	3334
59	2843
61	1968
61	2194
61	2297
61	2982
66	2443
69	167
69	436
69	1093
69	2297
69	2455
70	340
72	449
75	743
75	1166
75	1484
75	1694
75	1928
76	1162
77	134
77	1204
77	2075
77	2153
77	2701
82	1732
82	2320
82	2650
82	3223
83	2011
83	2243
83	2396
83	2495
83	2684
84	422
84	553
84	1061
84	1355
84	2355
84	2559
84	2822
84	2968
84	3076
84	3305
86	2509
87	1459
87	2103
87	3036
88	662
88	699
88	839
88	1243
92	3223
93	470
93	744
93	780
94	2592
94	2913
96	900
97	219
97	414
97	694
97	701
97	1023
97	1508
97	1702
97	2191
97	2655
97	3064
97	3339
99	221
99	972
99	1203
99	2237
99	2501
101	1823
101	2390
104	999
104	1162
108	553
110	597
110	1185
110	1268
110	1689
110	2292
110	3175
114	487
114	569
114	698
114	746
114	2061
114	2075
114	2195
119	487
119	755
123	1730
123	2652
125	632
128	1366
128	1902
131	2649
133	270
133	689
133	1203
133	1980
133	2194
133	2256
133	2443
133	2519
133	3128
133	3130
133	3296
134	2290
135	1912
135	2144
136	830
136	839
137	597
137	1437
138	2016
141	930
143	662
143	2484
145	744
145	2228
146	878
146	1352
146	2484
146	2674
148	2297
149	2951
153	755
154	905
154	955
154	992
154	1260
154	1928
154	2134
154	2768
155	2037
155	2243
161	2484
161	3092
161	3232
161	3296
167	270
167	294
167	511
167	554
167	580
167	743
167	930
167	1726
167	2121
167	2165
167	2195
167	2322
167	2430
167	2449
167	2484
167	2495
167	2590
167	2598
167	2602
167	2684
167	2913
167	2919
167	2936
167	3075
167	3130
167	3269
168	470
168	744
168	780
168	1093
168	1410
168	1552
168	3026
171	1679
178	850
178	1348
178	1960
178	2584
179	1556
179	2762
179	2801
179	3171
179	3197
181	2292
182	964
182	1668
186	1519
186	1563
187	250
187	715
187	1045
187	1307
187	1823
187	2228
187	3103
187	3272
188	3092
194	658
198	470
198	2174
198	2362
198	2528
198	2684
201	553
201	755
201	2292
204	475
204	577
204	1702
204	2091
204	2684
205	1459
205	2526
205	2982
205	2999
205	3223
206	2859
206	2888
212	273
212	1256
212	2649
213	1463
215	470
215	2066
215	2108
217	437
217	905
219	449
219	1758
219	2484
219	2525
219	2684
221	597
221	755
221	1463
221	1567
221	1665
221	2052
221	2164
221	2227
221	2292
221	2596
221	2780
221	3092
221	3175
223	2431
226	2689
226	2707
227	900
229	947
229	1902
234	3296
246	606
246	632
246	755
246	761
246	1073
246	1366
246	1791
246	2080
246	2361
246	2384
246	2510
246	2877
246	3118
246	3169
250	715
250	1307
250	1823
250	2228
250	3103
250	3272
255	2604
255	3305
259	2067
260	658
260	861
260	1643
261	642
261	2018
261	2266
261	2629
261	3229
262	376
262	595
262	1294
262	1543
262	1781
262	2292
262	2780
262	2960
262	2996
264	945
265	900
267	1268
267	1788
269	470
269	1039
269	1093
269	1145
269	1442
269	1612
269	2103
269	2238
269	2288
269	2408
269	2562
269	2584
269	2598
269	2810
269	3045
269	3276
270	755
270	2276
270	2498
270	2596
270	2788
273	544
273	594
273	755
273	1800
273	2484
273	2486
273	2509
273	2649
273	3232
274	597
274	708
274	1268
274	1417
274	1506
274	1547
274	2684
274	2700
274	2827
274	2978
274	3339
286	487
287	2263
289	701
289	755
289	1894
289	1927
289	2509
289	2843
289	3276
289	3344
291	553
293	1702
294	1638
295	3102
296	2297
297	553
300	410
300	1322
300	2117
300	3021
301	2153
305	1499
305	2424
306	744
306	1991
306	3293
307	436
307	1672
307	1702
307	2852
308	2526
313	3075
316	2220
322	1936
323	443
323	3334
326	900
328	1348
328	1702
328	2292
333	597
333	2164
333	2221
333	2292
333	2628
333	3092
335	2551
336	699
339	875
339	1730
340	470
340	1887
340	2069
340	2249
340	2401
340	2431
340	2840
341	553
342	553
344	470
344	2830
353	1730
355	401
355	658
357	1099
357	1749
357	2495
357	2809
361	2193
362	2968
362	3305
364	569
364	2802
365	708
365	786
365	3115
367	1950
372	595
372	744
372	780
372	1552
373	874
373	1387
373	3252
376	642
376	1153
376	2079
376	2267
376	2598
376	2960
376	3229
378	978
378	2480
378	3184
382	915
388	3344
389	1964
390	436
390	2484
392	780
397	436
397	470
397	1504
398	807
398	1268
399	755
399	2164
399	2544
399	2708
399	3021
400	1463
400	1668
400	2655
400	2951
400	2997
400	2999
401	755
401	905
401	1167
401	1224
401	1484
401	1567
401	1735
401	2115
401	2134
401	2333
401	2517
401	2519
401	3050
401	3178
401	3233
401	3276
402	2968
404	1055
404	1972
407	1968
410	567
410	800
410	1055
410	1453
410	1643
410	1646
410	1825
410	2071
410	2288
410	2693
410	2835
410	2871
410	3023
410	3085
411	1676
411	2267
411	2411
414	475
414	746
414	755
414	965
414	1379
414	1561
414	1679
414	1697
414	2014
414	2164
414	2297
414	2628
414	2994
414	2996
414	3144
414	3175
414	3276
414	3334
416	1268
421	833
421	845
422	1099
422	1309
422	1394
422	2559
422	3076
422	3296
429	1889
429	2006
429	2256
429	2598
429	2927
430	1199
430	1542
430	1843
430	2134
433	755
433	1348
433	3212
433	3234
436	470
436	635
436	744
436	762
436	780
436	874
436	900
436	1063
436	1093
436	1120
436	1121
436	1159
436	1410
436	1504
436	1552
436	1564
436	1777
436	1813
436	1894
436	1924
436	2243
436	2488
436	2569
436	2875
436	2941
436	2979
436	3026
436	3092
436	3138
436	3183
436	3308
437	1260
438	746
438	834
441	1747
443	449
443	746
443	828
443	1064
443	1115
443	1341
443	1463
443	2164
443	2227
443	3175
444	2052
444	2319
444	3260
447	892
447	1297
447	2775
447	2884
447	2927
448	1267
448	1689
448	3219
449	465
449	766
449	1153
449	1311
449	1703
449	1718
449	2643
449	2802
449	2964
449	2999
449	3353
451	1908
451	1960
452	830
452	1166
456	572
456	2261
459	553
459	2164
460	744
460	962
460	1175
460	1206
460	1927
460	1943
460	2108
460	2195
460	2292
460	2484
460	2994
460	3092
460	3175
460	3233
462	1540
463	825
465	698
465	766
465	798
465	1090
465	1243
465	1311
465	1703
465	1718
465	1755
465	2802
465	2884
465	2964
465	2999
465	3140
465	3166
465	3353
470	554
470	717
470	744
470	762
470	780
470	900
470	937
470	978
470	1063
470	1093
470	1410
470	1504
470	1545
470	1552
470	1564
470	1664
470	2037
470	2488
470	2863
470	3026
470	3233
470	3308
473	972
473	3334
474	1785
475	856
475	2091
476	2579
476	3219
476	3334
481	2031
482	2139
482	2263
482	2674
484	1563
484	1674
487	488
487	755
487	776
487	959
487	1073
487	1411
487	1716
487	1795
487	1886
487	1989
487	2037
487	2090
487	2120
487	2142
487	2408
487	2526
487	2595
487	2676
487	2755
487	2994
487	3148
487	3276
487	3296
488	856
488	2484
488	2868
488	3092
488	3207
491	761
494	2302
494	2457
496	755
496	1390
501	2968
509	828
509	2176
509	2227
509	2243
516	3256
518	577
518	755
518	968
518	994
518	1166
518	2484
520	2655
520	3353
522	3197
524	2968
526	647
526	915
526	1101
526	1977
527	577
527	709
527	994
527	2292
527	2553
527	2684
527	2723
528	1540
533	2863
536	994
536	1421
536	2688
536	2822
536	2951
539	1437
540	3296
541	653
541	811
541	1100
541	3169
544	1842
544	2649
549	3075
550	2872
553	577
553	632
553	660
553	791
553	918
553	938
553	1016
553	1061
553	1166
553	1181
553	1545
553	1585
553	1609
553	1662
553	1749
553	1791
553	1817
553	1868
553	1887
553	1890
553	1960
553	1990
553	2052
553	2238
553	2354
553	2355
553	2464
553	2559
553	2835
553	2852
553	2868
553	2886
553	2958
553	2999
553	3034
553	3051
553	3059
554	2996
558	2292
560	1743
561	746
561	3276
566	1894
569	586
569	612
569	950
569	965
569	985
569	1044
569	1116
569	1234
569	1245
569	1341
569	1519
569	1544
569	1710
569	1795
569	1973
569	2014
569	2068
569	2191
569	2220
569	2256
569	2292
569	2389
569	2410
569	2411
569	2444
569	2606
569	2731
569	2778
569	2843
569	3145
569	3301
570	1887
572	744
572	1629
572	2717
576	1189
576	2031
577	657
577	735
577	755
577	816
577	856
577	882
577	918
577	938
577	950
577	994
577	1025
577	1026
577	1085
577	1099
577	1314
577	1561
577	1673
577	1679
577	2126
577	2149
577	2220
577	2242
577	2243
577	2310
577	2394
577	2404
577	2484
577	2509
577	2545
577	2684
577	2723
577	2787
577	3023
577	3028
577	3244
577	3301
580	947
580	1823
580	2782
581	878
582	1268
588	3334
594	1478
594	2486
595	1215
595	2267
595	2484
595	2808
597	950
597	1118
597	1678
597	1679
597	1702
597	2079
597	2223
597	2243
597	2455
597	2808
597	3100
597	3292
600	2073
600	2684
600	2748
600	3296
606	632
606	761
606	1105
606	1366
606	2384
606	2510
606	2877
606	3118
609	1010
609	1277
609	1470
609	1579
610	1299
610	1702
610	2822
610	2891
610	2956
610	3075
612	755
612	1186
612	3075
612	3175
616	685
616	780
616	1528
616	2551
616	3023
617	2056
622	930
622	1275
622	1702
622	2066
622	2501
622	2978
622	3311
624	798
624	825
624	1068
624	1421
624	2401
624	2484
624	3232
625	941
625	2191
625	2484
625	3296
627	918
627	945
627	1678
627	2220
627	2580
627	2616
627	2930
627	3116
627	3267
629	662
632	761
632	870
632	1105
632	2495
632	2755
632	2877
632	3118
632	3253
639	2952
640	2292
641	1569
641	2065
641	3292
642	869
642	1153
642	2079
642	2266
642	2484
642	2598
642	2685
642	2960
642	3166
642	3229
644	1268
645	755
645	2690
645	2755
645	3307
647	755
647	1101
647	1867
647	1977
649	2551
653	1348
653	2292
655	2484
655	3301
657	1463
657	1749
657	2243
658	1500
658	1888
658	2495
658	3100
662	709
662	1006
662	1201
662	1648
662	1758
662	2097
662	2108
662	2346
663	934
665	1185
665	2551
667	830
669	673
669	736
669	1542
669	1843
670	719
672	1702
673	905
673	1015
673	1477
673	1542
673	1787
673	1843
673	2134
673	2231
673	2243
675	803
678	1285
678	1500
678	1752
680	1563
680	2165
683	3092
684	2545
689	709
689	2322
689	2484
690	1504
691	900
692	2140
694	755
694	2017
694	2338
694	2523
694	2588
694	3023
694	3276
698	892
698	2243
698	2964
699	777
699	909
699	965
699	1390
699	1490
699	1936
699	1972
699	2061
699	2243
699	2551
699	3097
699	3219
699	3334
701	2186
701	2572
701	2580
701	2613
701	2958
702	746
708	786
708	945
708	1268
708	2700
708	2827
708	2869
708	2978
708	3339
709	1868
709	3034
709	3075
710	1266
710	2052
710	3260
711	1429
711	1968
711	2919
715	1213
715	1307
715	1823
715	2228
715	3103
715	3272
717	1552
717	2580
717	3271
717	3308
719	1390
719	2225
719	2252
720	764
720	1299
720	3163
721	1463
724	1204
724	3045
727	1156
727	1267
727	1463
735	2951
736	1962
736	2332
740	852
740	1013
740	1448
740	1788
743	1072
743	1158
743	2014
744	762
744	780
744	900
744	959
744	978
744	1039
744	1063
744	1093
744	1120
744	1410
744	1504
744	1552
744	1749
744	1928
744	2188
744	2191
744	2480
744	2488
744	2588
744	3023
744	3026
744	3271
744	3308
746	752
746	755
746	800
746	828
746	959
746	965
746	985
746	1077
746	1428
746	1588
746	1894
746	2164
746	2227
746	2378
746	2411
746	2538
746	2616
746	2624
746	2888
746	2919
746	3100
746	3175
746	3310
746	3334
747	1013
749	1758
751	1540
754	900
754	1927
754	1960
754	2748
755	764
755	785
755	805
755	852
755	910
755	955
755	978
755	993
755	1013
755	1077
755	1106
755	1166
755	1186
755	1203
755	1299
755	1348
755	1390
755	1421
755	1429
755	1448
755	1461
755	1495
755	1500
755	1606
755	1612
755	1718
755	1722
755	1763
755	1788
755	1878
755	1894
755	1949
755	1968
755	1977
755	2006
755	2061
755	2095
755	2144
755	2267
755	2292
755	2297
755	2302
755	2306
755	2313
755	2359
755	2389
755	2411
755	2457
755	2517
755	2519
755	2590
755	2592
755	2598
755	2701
755	2755
755	2801
755	2820
755	2934
755	2996
755	3021
755	3092
755	3204
755	3211
755	3224
755	3256
755	3271
755	3307
759	1123
759	1668
759	2793
759	3347
761	1109
761	2326
761	2877
761	3118
762	780
762	900
762	1093
762	1410
762	1504
762	1552
762	3026
762	3308
764	2006
764	3163
766	2802
766	2999
766	3166
769	803
771	2031
773	1947
775	1463
776	3155
777	856
777	964
777	985
777	3094
778	814
779	1645
779	1758
779	2092
780	900
780	1063
780	1093
780	1268
780	1410
780	1504
780	1552
780	2488
780	3026
780	3092
780	3308
782	1002
782	2259
782	2444
782	2481
783	1055
783	2316
785	1166
785	1463
785	1567
785	1840
785	2292
785	2628
785	2996
785	3092
785	3175
786	1430
786	2827
786	3115
790	1964
791	2006
792	2322
798	2822
803	2551
805	2104
805	3038
807	1308
807	1461
807	1665
807	2237
807	2310
807	2689
807	2784
807	2810
807	3310
811	1640
811	2684
811	3308
816	3028
816	3092
816	3093
818	2649
825	918
825	985
825	2073
825	2153
825	2291
827	1002
828	1612
828	1878
828	2164
828	2227
828	2463
828	2707
828	2951
828	3334
830	861
830	1037
830	1064
830	1096
830	1430
830	2243
830	2484
830	2521
830	2684
830	2982
830	3347
834	2292
834	2297
834	2352
834	2390
834	2768
834	3147
834	3305
835	1073
835	2848
835	3026
838	1119
839	1006
839	1440
839	1912
839	2227
839	2563
839	2763
843	2292
843	2484
845	1469
845	1500
845	1647
845	1708
845	1723
850	910
850	955
850	1694
850	1894
850	2285
850	2636
850	2652
852	1013
852	1448
852	1463
852	1575
852	1788
852	2629
852	3017
852	3075
855	1410
856	1064
856	1374
856	1735
856	1749
856	2191
856	2484
856	3076
856	3080
861	992
861	1768
861	1864
861	1936
861	1949
861	2584
861	2616
861	2708
861	2832
861	3026
861	3050
861	3301
869	1153
869	2079
869	2598
869	2960
869	3229
872	2490
874	1673
874	2221
874	2243
874	2923
875	1002
878	1268
878	1417
878	1461
878	1500
878	2016
878	2195
878	2322
878	2382
878	2513
878	2579
878	2580
878	3118
879	900
881	2628
881	2674
882	1355
882	2822
885	892
885	1936
887	3018
888	2153
892	1267
892	1308
892	1321
892	1329
892	1448
892	1718
892	1758
892	1763
892	1928
892	2164
892	2237
892	2243
892	2341
892	2455
892	2544
892	2757
892	2801
892	2827
892	2884
892	2938
892	2951
892	3105
892	3180
892	3347
892	3358
894	2390
899	2484
900	1063
900	1093
900	1121
900	1409
900	1410
900	1442
900	1504
900	1552
900	1673
900	1738
900	1749
900	1891
900	1910
900	2011
900	2566
900	2590
900	2811
900	2953
900	3026
900	3308
905	1260
905	1484
905	1843
905	1928
905	2134
905	2519
905	3214
907	968
909	1410
910	1390
910	1421
910	2163
910	2544
910	2708
910	2843
911	2695
912	1410
918	1410
918	2674
919	2674
921	999
924	2553
930	968
930	1308
930	1362
930	1545
930	1639
930	1660
930	1668
930	1758
930	1833
930	1868
930	2191
930	2650
930	2683
930	2688
930	2927
935	2017
935	3292
936	1936
937	1077
938	1064
938	1204
938	1749
938	2191
938	2195
938	2243
938	2247
938	2484
938	2547
938	3023
938	3292
939	1878
939	2707
939	3092
945	1749
945	2266
945	2325
945	2978
945	3000
947	1171
947	3197
947	3292
950	2863
950	3092
951	2553
954	3184
955	1166
955	1260
955	1694
955	2134
955	2163
955	2652
955	2768
957	2420
959	2061
959	3144
964	2775
965	1073
965	1162
965	1463
965	2297
965	2544
965	2708
965	2877
965	3334
966	2551
972	1919
978	1151
978	1390
978	1730
978	1919
978	2480
978	2755
978	2843
978	3163
978	3334
983	2247
985	1162
985	1484
985	1544
985	1710
985	1758
985	1949
985	2164
985	2274
985	2292
985	2297
985	2501
985	2544
985	2655
985	2843
985	2982
985	2999
988	2124
992	1016
992	1260
992	1381
992	1473
992	1484
992	1928
992	2134
992	2652
992	2768
992	2839
994	1173
994	1463
994	2787
994	2808
994	2959
994	3005
996	1243
996	2509
996	2999
997	1480
999	2434
1002	2101
1002	2194
1002	3182
1006	1052
1006	3134
1010	1060
1013	1448
1013	1463
1013	1606
1013	1788
1013	2629
1013	3017
1018	1912
1018	2144
1018	2650
1022	2347
1025	1722
1026	1908
1027	2452
1030	1275
1031	1938
1033	2968
1033	3075
1039	2191
1040	2809
1044	1055
1044	1433
1044	2713
1048	2411
1052	1064
1052	1204
1052	1397
1053	1200
1053	1852
1053	2668
1055	2891
1056	2144
1057	1340
1057	1460
1057	1541
1057	1884
1057	2808
1057	3138
1059	1115
1059	1710
1059	2484
1061	1355
1061	2355
1061	2559
1061	2822
1061	2968
1061	3076
1061	3305
1063	1093
1063	1121
1063	1410
1063	1504
1063	1552
1063	1943
1063	2410
1063	2430
1063	3026
1063	3138
1063	3308
1064	1208
1064	2126
1064	2484
1064	3291
1064	3334
1067	1190
1067	2348
1067	2584
1067	2592
1068	1454
1072	2547
1072	2587
1073	1092
1073	1180
1073	1243
1073	1545
1073	1757
1073	1887
1073	1949
1073	2056
1073	2061
1073	2115
1073	2297
1073	2632
1073	2755
1073	2863
1073	2951
1073	2991
1073	3170
1073	3260
1075	3144
1076	1243
1076	2479
1076	2580
1076	2919
1077	1758
1082	1702
1084	2347
1090	2346
1090	2408
1090	2802
1090	3253
1092	3021
1093	1150
1093	1410
1093	1469
1093	1504
1093	1552
1093	1631
1093	2231
1093	2390
1093	2488
1093	2922
1093	3026
1093	3092
1093	3176
1093	3308
1097	2551
1099	1308
1099	2363
1099	2436
1099	2745
1100	2801
1101	1224
1101	1867
1101	1977
1101	2553
1101	2968
1105	2191
1105	2484
1105	2877
1105	3118
1106	1463
1106	1977
1106	3023
1110	2247
1110	2285
1110	2587
1116	2464
1116	2564
1118	1125
1118	1764
1118	2170
1118	2292
1120	1968
1123	1500
1123	1964
1123	2146
1133	1384
1133	1785
1137	1730
1137	2410
1141	2288
1144	2230
1144	3092
1145	3045
1146	2176
1150	2674
1153	2079
1153	2298
1153	2960
1153	3119
1153	3166
1153	3229
1158	3203
1162	1591
1162	1718
1162	2090
1162	2596
1162	2602
1165	1275
1165	1647
1166	1186
1166	1238
1166	1390
1166	1694
1166	2649
1166	2652
1166	2674
1166	2714
1166	2852
1166	2872
1166	3092
1166	3176
1166	3334
1167	2519
1168	1561
1169	1410
1171	1268
1175	1544
1175	2464
1175	2517
1175	2551
1175	2972
1176	1299
1176	1977
1176	2484
1177	1540
1177	2223
1182	2163
1185	1463
1190	2584
1190	2592
1199	2194
1200	1619
1200	1852
1200	2121
1200	2668
1201	2006
1201	2194
1201	2517
1203	1437
1203	2346
1203	2875
1204	1458
1204	1459
1204	1544
1204	1795
1204	1896
1204	2126
1204	2410
1204	2484
1204	2587
1204	2832
1204	2934
1204	2937
1204	3128
1204	3207
1206	2191
1208	2411
1208	2681
1208	2852
1213	3272
1216	2234
1216	2479
1222	2200
1223	2104
1227	1569
1227	1790
1229	2176
1234	2941
1234	3092
1238	1390
1238	1429
1238	1678
1240	3305
1243	1703
1243	2340
1243	2919
1243	2964
1243	3144
1243	3353
1244	1267
1245	2684
1246	2256
1254	2553
1256	1424
1256	2486
1256	2649
1260	1484
1260	1928
1260	2006
1260	2134
1260	2652
1260	2768
1261	1568
1267	1676
1267	1702
1267	1727
1267	2243
1267	2340
1267	2394
1267	2411
1267	2544
1267	2584
1267	2595
1267	2843
1267	2856
1267	2919
1267	2996
1267	3031
1267	3146
1267	3223
1267	3238
1268	1269
1268	1417
1268	1738
1268	2194
1268	2243
1268	2426
1268	2513
1268	2615
1268	2643
1268	2684
1268	2700
1268	2827
1268	2869
1268	2890
1268	2960
1268	3183
1268	3339
1273	1964
1275	1647
1276	2348
1277	2484
1277	2891
1277	2936
1277	3232
1279	1528
1284	2016
1285	1500
1285	1752
1288	2411
1291	2465
1295	1396
1295	1896
1295	2350
1295	2564
1295	2951
1295	2964
1295	3296
1297	1316
1297	1440
1297	2775
1297	2884
1297	2927
1299	1702
1299	2317
1299	2872
1307	1823
1307	2228
1307	2834
1307	3064
1307	3103
1307	3272
1308	1639
1308	1739
1308	2231
1308	2243
1309	2104
1309	2956
1311	2802
1311	2999
1311	3166
1316	2884
1316	2927
1321	2243
1321	2938
1322	2117
1328	2056
1341	1463
1344	2495
1344	2808
1344	2951
1348	1631
1348	2164
1348	2261
1350	2867
1351	2893
1352	1606
1352	1631
1352	2308
1352	2334
1352	3212
1355	2355
1355	2559
1355	2822
1355	2963
1355	2968
1355	3076
1355	3305
1356	2762
1357	1493
1362	2919
1366	1463
1366	2361
1366	2384
1366	2510
1366	2877
1371	2822
1373	1991
1379	3075
1381	1912
1381	2144
1384	1437
1384	2292
1390	1500
1390	2163
1390	2389
1390	2418
1390	2464
1390	2544
1390	2714
1390	2843
1390	3334
1394	1689
1394	2288
1402	2960
1410	1504
1410	1552
1410	1567
1410	2230
1410	2431
1410	2488
1410	2707
1410	2915
1410	3026
1410	3092
1410	3232
1410	3308
1411	1545
1411	2755
1411	3170
1413	2968
1417	1868
1417	2827
1417	2869
1417	2978
1417	3339
1421	1694
1421	1964
1421	2544
1421	2630
1421	2994
1421	3276
1429	1463
1429	1883
1429	1927
1429	1968
1429	2544
1429	2639
1429	2996
1429	3100
1433	1710
1437	2263
1437	2335
1440	2589
1440	2775
1440	2884
1441	1947
1441	2061
1442	3120
1448	1463
1448	1788
1448	2243
1448	2629
1448	3017
1448	3296
1453	2016
1458	2802
1459	2982
1461	1463
1461	1611
1461	1795
1461	2016
1461	2163
1461	2292
1461	2420
1461	3092
1461	3276
1463	1519
1463	1606
1463	1653
1463	1679
1463	1788
1463	1822
1463	1878
1463	1896
1463	2006
1463	2032
1463	2068
1463	2079
1463	2159
1463	2325
1463	2326
1463	2464
1463	2519
1463	2630
1463	2684
1463	2693
1463	2810
1463	2868
1463	2920
1463	2958
1463	3017
1463	3023
1463	3118
1463	3232
1463	3252
1463	3265
1463	3334
1463	3339
1463	3344
1464	1582
1470	1493
1475	2547
1480	2519
1480	3182
1484	1928
1484	1966
1484	2014
1484	2134
1484	2707
1484	2768
1490	2951
1498	2153
1499	2424
1500	1752
1500	2464
1500	2544
1500	2632
1500	2708
1500	2994
1500	3075
1503	2017
1504	1552
1504	2488
1504	3026
1504	3057
1504	3092
1504	3151
1504	3308
1506	2827
1516	3204
1518	2384
1519	1563
1528	2145
1528	2191
1531	2851
1540	1914
1540	3140
1541	2194
1542	1843
1542	2134
1542	2229
1543	2606
1543	2852
1544	1868
1544	2584
1544	2615
1552	1928
1552	2153
1552	2194
1552	2488
1552	3026
1552	3092
1552	3308
1556	2762
1556	2801
1556	3197
1561	2056
1561	2061
1561	3334
1567	1679
1567	2194
1567	2822
1567	3210
1567	3334
1569	2368
1574	1973
1575	1647
1575	2191
1577	1689
1589	2194
1590	1718
1590	2595
1590	2839
1594	2124
1600	1914
1600	2164
1600	2852
1602	2580
1603	2551
1606	3334
1611	2066
1611	2484
1611	2495
1611	3292
1611	3296
1614	1758
1614	2689
1618	2551
1619	1852
1625	2274
1629	2194
1629	2650
1632	2164
1637	1937
1637	2354
1638	3204
1639	2688
1643	1902
1643	2247
1643	2292
1643	2501
1643	3145
1648	2292
1651	2355
1655	1710
1655	2922
1660	2410
1662	2810
1664	1939
1664	2378
1664	2458
1668	1679
1668	2292
1668	2708
1668	2977
1668	3154
1668	3334
1672	2398
1673	1730
1673	1746
1673	2987
1673	3144
1678	1689
1678	2292
1679	2195
1679	2292
1679	2297
1679	2628
1679	2683
1685	2951
1689	1827
1689	2579
1689	2580
1689	2875
1689	2905
1689	2919
1689	3180
1694	2636
1694	2652
1697	1914
1697	2992
1700	2194
1702	1779
1702	1827
1702	2066
1702	2191
1702	2256
1702	2261
1702	2292
1702	2323
1702	2553
1702	2808
1702	2872
1702	2919
1702	3063
1702	3301
1703	2802
1703	2999
1703	3166
1710	2922
1714	2164
1718	1927
1718	2111
1718	2119
1718	2243
1718	2684
1718	2891
1718	2999
1718	3353
1722	2194
1722	2401
1722	2578
1722	3102
1722	3166
1725	1978
1730	1758
1730	2097
1730	2370
1730	2850
1730	2882
1730	2894
1730	3310
1731	3232
1732	1964
1735	2054
1735	2134
1735	2180
1735	2333
1735	2519
1737	3144
1741	3315
1743	2953
1749	1908
1749	2014
1749	2066
1749	2452
1749	2484
1749	2526
1749	2587
1749	2808
1749	2976
1749	3043
1749	3080
1754	2199
1755	2964
1755	2999
1758	1936
1758	2674
1758	3157
1762	2748
1762	2968
1763	1951
1763	2243
1763	2455
1767	2674
1775	2411
1775	3023
1776	2684
1781	2551
1785	2905
1785	3083
1785	3180
1788	2306
1788	2629
1788	3017
1795	2684
1795	2989
1797	2297
1797	3092
1801	2681
1809	3228
1818	2362
1821	2300
1821	2444
1821	3063
1823	2228
1823	2452
1823	3103
1823	3272
1827	2953
1829	3347
1840	2180
1840	2346
1840	2606
1840	2836
1842	2220
1842	2221
1842	2484
1843	2134
1851	3256
1852	2121
1856	2587
1864	2684
1867	1977
1868	1902
1868	2257
1868	2302
1868	2999
1868	3063
1878	2164
1878	2662
1878	2934
1879	3334
1883	3334
1887	2069
1887	2249
1887	2401
1887	2431
1888	2452
1889	2204
1889	2517
1891	2478
1894	2073
1894	2238
1894	2684
1894	2695
1894	3076
1902	2480
1907	2430
1908	2443
1911	2572
1912	2144
1912	2306
1914	2584
1914	2602
1914	2650
1914	2953
1914	3092
1914	3253
1924	2484
1925	2320
1927	2061
1927	2163
1927	2306
1927	2630
1927	3031
1927	3175
1927	3271
1927	3334
1928	2134
1928	2292
1928	2517
1928	2652
1928	3308
1936	2281
1936	2484
1936	2513
1936	3037
1938	2316
1941	2674
1947	2707
1947	2730
1947	3211
1947	3361
1949	2191
1949	2195
1949	3149
1950	2374
1950	3344
1951	2455
1955	3292
1962	2525
1964	2041
1964	2264
1964	2585
1966	2288
1966	2368
1966	3184
1968	2163
1968	2843
1968	2996
1972	3334
1976	2355
1982	3334
1987	2693
1991	3018
1992	2978
1998	2017
1998	2348
1999	2322
2006	2164
2006	2292
2006	2297
2006	2588
2006	2590
2006	2884
2013	2292
2013	2891
2014	2684
2014	2707
2014	3092
2016	2517
2017	3310
2020	2059
2027	2031
2027	2056
2027	3170
2031	2951
2031	2958
2031	3102
2031	3232
2033	3307
2035	2452
2037	3026
2039	3102
2042	3284
2047	2066
2052	3260
2055	2662
2056	2139
2056	2188
2056	2292
2056	2785
2056	2960
2056	3092
2056	3170
2061	2156
2061	2164
2061	2661
2061	2684
2061	2739
2061	2843
2061	3097
2061	3175
2066	2145
2066	2449
2066	2484
2066	2564
2066	2668
2067	2452
2069	2249
2069	2401
2069	2431
2071	2484
2073	2261
2073	2517
2073	2891
2073	3223
2079	2685
2079	2960
2079	3229
2080	2877
2088	2191
2088	2580
2088	2960
2090	3219
2090	3334
2092	2243
2095	2195
2095	2266
2102	2389
2102	3334
2103	2408
2108	2458
2108	3102
2111	2190
2111	2660
2112	2411
2115	3034
2115	3178
2117	3021
2121	2495
2121	2668
2121	3018
2124	2191
2124	2484
2124	3232
2126	2191
2126	2867
2130	2478
2130	3063
2134	2333
2134	2519
2134	2652
2134	2937
2138	2194
2139	2808
2139	3023
2139	3292
2139	3296
2142	2232
2142	2297
2144	3229
2147	2688
2151	2547
2153	2968
2153	3023
2153	3229
2153	3314
2159	2951
2163	2306
2163	2714
2163	2782
2163	2843
2163	2996
2163	3334
2164	2231
2164	2243
2164	2261
2164	2306
2164	2313
2164	2551
2164	2587
2164	2674
2164	2851
2164	2874
2164	3097
2164	3180
2164	3334
2165	2191
2165	2355
2165	2484
2165	3092
2174	3296
2176	2292
2176	2613
2190	2342
2191	2346
2191	2484
2191	2584
2191	2598
2191	2707
2191	2808
2191	2930
2191	2934
2191	3223
2191	3284
2191	3305
2193	2968
2194	2243
2194	2249
2194	2551
2194	2553
2194	2968
2195	2231
2195	2616
2195	3347
2207	2306
2207	2553
2207	2996
2207	3334
2210	2323
2214	3022
2220	2457
2220	2628
2220	3057
2225	2395
2225	3192
2227	2443
2228	3103
2228	3272
2230	2809
2230	3092
2230	3223
2231	2596
2231	2684
2231	2994
2237	2243
2237	2683
2239	2867
2239	2982
2242	2361
2242	3004
2243	2267
2243	2270
2243	2341
2243	2355
2243	2411
2243	2452
2243	2455
2243	2484
2243	2544
2243	2551
2243	2587
2243	2762
2243	2827
2243	2843
2243	2867
2243	2884
2243	2938
2243	2951
2243	2987
2243	3075
2243	3105
2243	3144
2243	3180
2243	3211
2243	3305
2243	3347
2244	2580
2249	2401
2249	2431
2249	3306
2256	2537
2259	2340
2261	2292
2263	3214
2266	2629
2266	2828
2266	3229
2267	2572
2270	2905
2277	2919
2285	2674
2288	3210
2289	3130
2292	2519
2292	2580
2292	2581
2292	2606
2292	2613
2292	2628
2292	2683
2292	2884
2292	2951
2292	2962
2292	3092
2292	3175
2292	3334
2297	2569
2297	2682
2297	2696
2297	2953
2297	3060
2297	3175
2297	3227
2297	3344
2298	2551
2302	3075
2306	2544
2306	2708
2306	2843
2306	2920
2306	2996
2313	2336
2317	2872
2319	2877
2320	2490
2320	3192
2323	2480
2324	2510
2325	2484
2325	3334
2333	2411
2333	2519
2333	3050
2338	3188
2338	3359
2346	2579
2346	2580
2346	2684
2346	2808
2346	2875
2346	2919
2347	2549
2347	2708
2347	2831
2348	2584
2348	2592
2355	2559
2355	2822
2355	2870
2355	2968
2355	3076
2355	3305
2361	2384
2361	2510
2361	3169
2362	2528
2362	2755
2363	3232
2368	3276
2374	2590
2382	2488
2382	2880
2382	2935
2389	2544
2389	2587
2389	2708
2389	2934
2389	3175
2395	3144
2397	2968
2401	2431
2401	3102
2408	2420
2410	2880
2411	2587
2411	2924
2411	3031
2411	3253
2412	2484
2418	2578
2420	3260
2420	3334
2431	3334
2437	2987
2443	2839
2443	2960
2443	3334
2448	2584
2449	2992
2452	2924
2452	3092
2455	2938
2457	2544
2457	2667
2457	2786
2457	2996
2457	3223
2464	2632
2470	3214
2479	2919
2480	2537
2480	2708
2480	3163
2482	2551
2482	2703
2482	3227
2484	2584
2484	2674
2484	2773
2484	2808
2484	3092
2484	3175
2484	3232
2484	3301
2488	3308
2489	2684
2489	3239
2490	2773
2490	3192
2504	3170
2506	2674
2517	2587
2517	2827
2517	2905
2517	3063
2519	2936
2519	3050
2519	3214
2520	2551
2525	2674
2526	2687
2526	2907
2527	2788
2528	2684
2535	3175
2537	2863
2544	2915
2544	3097
2544	3219
2545	2636
2551	2683
2551	2787
2551	2943
2551	2951
2553	2580
2553	3105
2559	2822
2559	2968
2559	2999
2559	3076
2559	3305
2566	3334
2571	3092
2572	2958
2579	2580
2579	2681
2580	2590
2580	2681
2580	2919
2581	2624
2584	2936
2587	2763
2587	3085
2588	3227
2590	3075
2590	3140
2590	3244
2598	2685
2598	2960
2598	3166
2598	3229
2602	2632
2602	2707
2602	3092
2604	2762
2604	3171
2606	2683
2610	2840
2616	2674
2623	2940
2624	3075
2628	3334
2629	3017
2630	2996
2630	3146
2630	3175
2632	2684
2634	3026
2636	2987
2636	3143
2641	2650
2644	3213
2647	3337
2649	3101
2650	3081
2650	3161
2655	2764
2655	2997
2655	3353
2660	2852
2674	2684
2674	2708
2674	2748
2674	2843
2674	2919
2674	3180
2674	3232
2684	2905
2684	2922
2684	3092
2684	3301
2685	2960
2685	3229
2688	2943
2688	3023
2690	2755
2690	3307
2695	3229
2700	2827
2700	2869
2700	2978
2700	3339
2708	2764
2708	2999
2708	3063
2708	3097
2708	3334
2708	3353
2713	3180
2714	2843
2745	3308
2755	2845
2755	3038
2755	3042
2755	3276
2755	3307
2762	2801
2762	3171
2762	3197
2764	2997
2764	2999
2764	3353
2768	3100
2775	2884
2786	2866
2801	3171
2801	3197
2801	3265
2802	2964
2802	2999
2802	3353
2808	3085
2808	3184
2808	3232
2810	3026
2810	3296
2822	2968
2822	3076
2822	3305
2827	2869
2827	2978
2827	3339
2841	3296
2843	3204
2843	3271
2843	3334
2846	2951
2848	3314
2859	2888
2859	3193
2869	2978
2869	3339
2872	3097
2872	3244
2874	3334
2875	2919
2875	2996
2877	3118
2884	2927
2884	3063
2894	3092
2904	3092
2911	2952
2914	2919
2934	3075
2934	3119
2934	3269
2934	3271
2934	3334
2934	3344
2943	3030
2951	2958
2952	3097
2960	3229
2964	2999
2964	3166
2964	3353
2968	3076
2968	3305
2978	3068
2978	3339
2994	3334
2996	3100
2996	3271
2997	2999
2997	3353
2999	3063
2999	3353
3023	3157
3026	3092
3026	3308
3040	3292
3063	3353
3075	3144
3075	3163
3075	3170
3075	3178
3075	3269
3075	3338
3075	3344
3076	3305
3092	3182
3092	3334
3096	3223
3100	3344
3103	3272
3115	3256
3119	3296
3123	3292
3140	3224
3141	3150
3144	3260
3154	3314
3157	3219
3166	3229
3166	3353
3171	3197
3175	3334
3175	3344
3178	3321
3185	3360
3204	3213
3212	3234
3219	3296
3250	3310
3260	3276
3271	3276
3272	3276
3276	3334
3292	3295
3296	3307
97	1
422	1
436	1
470	1
487	1
744	1
755	1
1063	1
1116	1
1234	1
1267	1
1552	1
2366	1
2941	1
3026	1
56	2
568	2
755	2
835	2
1096	2
1643	2
2090	2
2240	2
2313	2
2420	2
2501	2
2596	2
2638	2
3175	2
1133	5
1216	5
1947	5
2435	5
2808	5
167	9
340	9
2517	9
2992	9
1348	10
97	15
985	15
1480	15
553	16
1842	16
2346	16
470	17
476	17
755	17
828	17
1341	17
1463	17
1561	17
1567	17
1936	17
2023	17
2292	17
2424	17
2457	17
2628	17
2843	17
2996	17
3092	17
3175	17
2484	18
226	22
1614	22
2689	22
2584	23
2801	23
755	24
1057	24
1809	24
3228	24
399	25
1390	25
2684	25
2934	25
436	27
470	27
1063	27
124	28
470	28
645	28
2302	28
2755	28
3307	28
1927	32
1999	32
2164	32
3175	32
3305	33
37	36
553	36
1162	36
2007	36
2760	36
825	37
2056	37
2660	40
892	42
1244	42
2237	42
2243	42
1785	43
2056	43
3170	43
1261	45
1480	45
2061	45
2382	45
505	47
167	49
333	49
399	49
577	49
609	49
1508	49
2005	49
2117	49
2346	49
2865	49
3075	49
3296	49
125	56
270	56
476	56
642	56
662	56
717	56
776	56
921	56
1085	56
1201	56
1448	56
1461	56
1648	56
1811	56
2231	56
2266	56
2306	56
2346	56
2408	56
2418	56
2420	56
2579	56
2580	56
2584	56
2684	56
3334	56
2843	59
1968	61
2194	61
2297	61
2982	61
2443	66
167	69
436	69
1093	69
2297	69
2455	69
340	70
449	72
743	75
1166	75
1484	75
1694	75
1928	75
1162	76
134	77
1204	77
2075	77
2153	77
2701	77
1732	82
2320	82
2650	82
3223	82
2011	83
2243	83
2396	83
2495	83
2684	83
422	84
553	84
1061	84
1355	84
2355	84
2559	84
2822	84
2968	84
3076	84
3305	84
2509	86
1459	87
2103	87
3036	87
662	88
699	88
839	88
1243	88
3223	92
470	93
744	93
780	93
2592	94
2913	94
900	96
219	97
414	97
694	97
701	97
1023	97
1508	97
1702	97
2191	97
2655	97
3064	97
3339	97
221	99
972	99
1203	99
2237	99
2501	99
1823	101
2390	101
999	104
1162	104
553	108
597	110
1185	110
1268	110
1689	110
2292	110
3175	110
487	114
569	114
698	114
746	114
2061	114
2075	114
2195	114
487	119
755	119
1730	123
2652	123
632	125
1366	128
1902	128
2649	131
270	133
689	133
1203	133
1980	133
2194	133
2256	133
2443	133
2519	133
3128	133
3130	133
3296	133
2290	134
1912	135
2144	135
830	136
839	136
597	137
1437	137
2016	138
930	141
662	143
2484	143
744	145
2228	145
878	146
1352	146
2484	146
2674	146
2297	148
2951	149
755	153
905	154
955	154
992	154
1260	154
1928	154
2134	154
2768	154
2037	155
2243	155
2484	161
3092	161
3232	161
3296	161
270	167
294	167
511	167
554	167
580	167
743	167
930	167
1726	167
2121	167
2165	167
2195	167
2322	167
2430	167
2449	167
2484	167
2495	167
2590	167
2598	167
2602	167
2684	167
2913	167
2919	167
2936	167
3075	167
3130	167
3269	167
470	168
744	168
780	168
1093	168
1410	168
1552	168
3026	168
1679	171
850	178
1348	178
1960	178
2584	178
1556	179
2762	179
2801	179
3171	179
3197	179
2292	181
964	182
1668	182
1519	186
1563	186
250	187
715	187
1045	187
1307	187
1823	187
2228	187
3103	187
3272	187
3092	188
658	194
470	198
2174	198
2362	198
2528	198
2684	198
553	201
755	201
2292	201
475	204
577	204
1702	204
2091	204
2684	204
1459	205
2526	205
2982	205
2999	205
3223	205
2859	206
2888	206
273	212
1256	212
2649	212
1463	213
470	215
2066	215
2108	215
437	217
905	217
449	219
1758	219
2484	219
2525	219
2684	219
597	221
755	221
1463	221
1567	221
1665	221
2052	221
2164	221
2227	221
2292	221
2596	221
2780	221
3092	221
3175	221
2431	223
2689	226
2707	226
900	227
947	229
1902	229
3296	234
606	246
632	246
755	246
761	246
1073	246
1366	246
1791	246
2080	246
2361	246
2384	246
2510	246
2877	246
3118	246
3169	246
715	250
1307	250
1823	250
2228	250
3103	250
3272	250
2604	255
3305	255
2067	259
658	260
861	260
1643	260
642	261
2018	261
2266	261
2629	261
3229	261
376	262
595	262
1294	262
1543	262
1781	262
2292	262
2780	262
2960	262
2996	262
945	264
900	265
1268	267
1788	267
470	269
1039	269
1093	269
1145	269
1442	269
1612	269
2103	269
2238	269
2288	269
2408	269
2562	269
2584	269
2598	269
2810	269
3045	269
3276	269
755	270
2276	270
2498	270
2596	270
2788	270
544	273
594	273
755	273
1800	273
2484	273
2486	273
2509	273
2649	273
3232	273
597	274
708	274
1268	274
1417	274
1506	274
1547	274
2684	274
2700	274
2827	274
2978	274
3339	274
487	286
2263	287
701	289
755	289
1894	289
1927	289
2509	289
2843	289
3276	289
3344	289
553	291
1702	293
1638	294
3102	295
2297	296
553	297
410	300
1322	300
2117	300
3021	300
2153	301
1499	305
2424	305
744	306
1991	306
3293	306
436	307
1672	307
1702	307
2852	307
2526	308
3075	313
2220	316
1936	322
443	323
3334	323
900	326
1348	328
1702	328
2292	328
597	333
2164	333
2221	333
2292	333
2628	333
3092	333
2551	335
699	336
875	339
1730	339
470	340
1887	340
2069	340
2249	340
2401	340
2431	340
2840	340
553	341
553	342
470	344
2830	344
1730	353
401	355
658	355
1099	357
1749	357
2495	357
2809	357
2193	361
2968	362
3305	362
569	364
2802	364
708	365
786	365
3115	365
1950	367
595	372
744	372
780	372
1552	372
874	373
1387	373
3252	373
642	376
1153	376
2079	376
2267	376
2598	376
2960	376
3229	376
978	378
2480	378
3184	378
915	382
3344	388
1964	389
436	390
2484	390
780	392
436	397
470	397
1504	397
807	398
1268	398
755	399
2164	399
2544	399
2708	399
3021	399
1463	400
1668	400
2655	400
2951	400
2997	400
2999	400
755	401
905	401
1167	401
1224	401
1484	401
1567	401
1735	401
2115	401
2134	401
2333	401
2517	401
2519	401
3050	401
3178	401
3233	401
3276	401
2968	402
1055	404
1972	404
1968	407
567	410
800	410
1055	410
1453	410
1643	410
1646	410
1825	410
2071	410
2288	410
2693	410
2835	410
2871	410
3023	410
3085	410
1676	411
2267	411
2411	411
475	414
746	414
755	414
965	414
1379	414
1561	414
1679	414
1697	414
2014	414
2164	414
2297	414
2628	414
2994	414
2996	414
3144	414
3175	414
3276	414
3334	414
1268	416
833	421
845	421
1099	422
1309	422
1394	422
2559	422
3076	422
3296	422
1889	429
2006	429
2256	429
2598	429
2927	429
1199	430
1542	430
1843	430
2134	430
755	433
1348	433
3212	433
3234	433
470	436
635	436
744	436
762	436
780	436
874	436
900	436
1063	436
1093	436
1120	436
1121	436
1159	436
1410	436
1504	436
1552	436
1564	436
1777	436
1813	436
1894	436
1924	436
2243	436
2488	436
2569	436
2875	436
2941	436
2979	436
3026	436
3092	436
3138	436
3183	436
3308	436
1260	437
746	438
834	438
1747	441
449	443
746	443
828	443
1064	443
1115	443
1341	443
1463	443
2164	443
2227	443
3175	443
2052	444
2319	444
3260	444
892	447
1297	447
2775	447
2884	447
2927	447
1267	448
1689	448
3219	448
465	449
766	449
1153	449
1311	449
1703	449
1718	449
2643	449
2802	449
2964	449
2999	449
3353	449
1908	451
1960	451
830	452
1166	452
572	456
2261	456
553	459
2164	459
744	460
962	460
1175	460
1206	460
1927	460
1943	460
2108	460
2195	460
2292	460
2484	460
2994	460
3092	460
3175	460
3233	460
1540	462
825	463
698	465
766	465
798	465
1090	465
1243	465
1311	465
1703	465
1718	465
1755	465
2802	465
2884	465
2964	465
2999	465
3140	465
3166	465
3353	465
554	470
717	470
744	470
762	470
780	470
900	470
937	470
978	470
1063	470
1093	470
1410	470
1504	470
1545	470
1552	470
1564	470
1664	470
2037	470
2488	470
2863	470
3026	470
3233	470
3308	470
972	473
3334	473
1785	474
856	475
2091	475
2579	476
3219	476
3334	476
2031	481
2139	482
2263	482
2674	482
1563	484
1674	484
488	487
755	487
776	487
959	487
1073	487
1411	487
1716	487
1795	487
1886	487
1989	487
2037	487
2090	487
2120	487
2142	487
2408	487
2526	487
2595	487
2676	487
2755	487
2994	487
3148	487
3276	487
3296	487
856	488
2484	488
2868	488
3092	488
3207	488
761	491
2302	494
2457	494
755	496
1390	496
2968	501
828	509
2176	509
2227	509
2243	509
3256	516
577	518
755	518
968	518
994	518
1166	518
2484	518
2655	520
3353	520
3197	522
2968	524
647	526
915	526
1101	526
1977	526
577	527
709	527
994	527
2292	527
2553	527
2684	527
2723	527
1540	528
2863	533
994	536
1421	536
2688	536
2822	536
2951	536
1437	539
3296	540
653	541
811	541
1100	541
3169	541
1842	544
2649	544
3075	549
2872	550
577	553
632	553
660	553
791	553
918	553
938	553
1016	553
1061	553
1166	553
1181	553
1545	553
1585	553
1609	553
1662	553
1749	553
1791	553
1817	553
1868	553
1887	553
1890	553
1960	553
1990	553
2052	553
2238	553
2354	553
2355	553
2464	553
2559	553
2835	553
2852	553
2868	553
2886	553
2958	553
2999	553
3034	553
3051	553
3059	553
2996	554
2292	558
1743	560
746	561
3276	561
1894	566
586	569
612	569
950	569
965	569
985	569
1044	569
1116	569
1234	569
1245	569
1341	569
1519	569
1544	569
1710	569
1795	569
1973	569
2014	569
2068	569
2191	569
2220	569
2256	569
2292	569
2389	569
2410	569
2411	569
2444	569
2606	569
2731	569
2778	569
2843	569
3145	569
3301	569
1887	570
744	572
1629	572
2717	572
1189	576
2031	576
657	577
735	577
755	577
816	577
856	577
882	577
918	577
938	577
950	577
994	577
1025	577
1026	577
1085	577
1099	577
1314	577
1561	577
1673	577
1679	577
2126	577
2149	577
2220	577
2242	577
2243	577
2310	577
2394	577
2404	577
2484	577
2509	577
2545	577
2684	577
2723	577
2787	577
3023	577
3028	577
3244	577
3301	577
947	580
1823	580
2782	580
878	581
1268	582
3334	588
1478	594
2486	594
1215	595
2267	595
2484	595
2808	595
950	597
1118	597
1678	597
1679	597
1702	597
2079	597
2223	597
2243	597
2455	597
2808	597
3100	597
3292	597
2073	600
2684	600
2748	600
3296	600
632	606
761	606
1105	606
1366	606
2384	606
2510	606
2877	606
3118	606
1010	609
1277	609
1470	609
1579	609
1299	610
1702	610
2822	610
2891	610
2956	610
3075	610
755	612
1186	612
3075	612
3175	612
685	616
780	616
1528	616
2551	616
3023	616
2056	617
930	622
1275	622
1702	622
2066	622
2501	622
2978	622
3311	622
798	624
825	624
1068	624
1421	624
2401	624
2484	624
3232	624
941	625
2191	625
2484	625
3296	625
918	627
945	627
1678	627
2220	627
2580	627
2616	627
2930	627
3116	627
3267	627
662	629
761	632
870	632
1105	632
2495	632
2755	632
2877	632
3118	632
3253	632
2952	639
2292	640
1569	641
2065	641
3292	641
869	642
1153	642
2079	642
2266	642
2484	642
2598	642
2685	642
2960	642
3166	642
3229	642
1268	644
755	645
2690	645
2755	645
3307	645
755	647
1101	647
1867	647
1977	647
2551	649
1348	653
2292	653
2484	655
3301	655
1463	657
1749	657
2243	657
1500	658
1888	658
2495	658
3100	658
709	662
1006	662
1201	662
1648	662
1758	662
2097	662
2108	662
2346	662
934	663
1185	665
2551	665
830	667
673	669
736	669
1542	669
1843	669
719	670
1702	672
905	673
1015	673
1477	673
1542	673
1787	673
1843	673
2134	673
2231	673
2243	673
803	675
1285	678
1500	678
1752	678
1563	680
2165	680
3092	683
2545	684
709	689
2322	689
2484	689
1504	690
900	691
2140	692
755	694
2017	694
2338	694
2523	694
2588	694
3023	694
3276	694
892	698
2243	698
2964	698
777	699
909	699
965	699
1390	699
1490	699
1936	699
1972	699
2061	699
2243	699
2551	699
3097	699
3219	699
3334	699
2186	701
2572	701
2580	701
2613	701
2958	701
746	702
786	708
945	708
1268	708
2700	708
2827	708
2869	708
2978	708
3339	708
1868	709
3034	709
3075	709
1266	710
2052	710
3260	710
1429	711
1968	711
2919	711
1213	715
1307	715
1823	715
2228	715
3103	715
3272	715
1552	717
2580	717
3271	717
3308	717
1390	719
2225	719
2252	719
764	720
1299	720
3163	720
1463	721
1204	724
3045	724
1156	727
1267	727
1463	727
2951	735
1962	736
2332	736
852	740
1013	740
1448	740
1788	740
1072	743
1158	743
2014	743
762	744
780	744
900	744
959	744
978	744
1039	744
1063	744
1093	744
1120	744
1410	744
1504	744
1552	744
1749	744
1928	744
2188	744
2191	744
2480	744
2488	744
2588	744
3023	744
3026	744
3271	744
3308	744
752	746
755	746
800	746
828	746
959	746
965	746
985	746
1077	746
1428	746
1588	746
1894	746
2164	746
2227	746
2378	746
2411	746
2538	746
2616	746
2624	746
2888	746
2919	746
3100	746
3175	746
3310	746
3334	746
1013	747
1758	749
1540	751
900	754
1927	754
1960	754
2748	754
764	755
785	755
805	755
852	755
910	755
955	755
978	755
993	755
1013	755
1077	755
1106	755
1166	755
1186	755
1203	755
1299	755
1348	755
1390	755
1421	755
1429	755
1448	755
1461	755
1495	755
1500	755
1606	755
1612	755
1718	755
1722	755
1763	755
1788	755
1878	755
1894	755
1949	755
1968	755
1977	755
2006	755
2061	755
2095	755
2144	755
2267	755
2292	755
2297	755
2302	755
2306	755
2313	755
2359	755
2389	755
2411	755
2457	755
2517	755
2519	755
2590	755
2592	755
2598	755
2701	755
2755	755
2801	755
2820	755
2934	755
2996	755
3021	755
3092	755
3204	755
3211	755
3224	755
3256	755
3271	755
3307	755
1123	759
1668	759
2793	759
3347	759
1109	761
2326	761
2877	761
3118	761
780	762
900	762
1093	762
1410	762
1504	762
1552	762
3026	762
3308	762
2006	764
3163	764
2802	766
2999	766
3166	766
803	769
2031	771
1947	773
1463	775
3155	776
856	777
964	777
985	777
3094	777
814	778
1645	779
1758	779
2092	779
900	780
1063	780
1093	780
1268	780
1410	780
1504	780
1552	780
2488	780
3026	780
3092	780
3308	780
1002	782
2259	782
2444	782
2481	782
1055	783
2316	783
1166	785
1463	785
1567	785
1840	785
2292	785
2628	785
2996	785
3092	785
3175	785
1430	786
2827	786
3115	786
1964	790
2006	791
2322	792
2822	798
2551	803
2104	805
3038	805
1308	807
1461	807
1665	807
2237	807
2310	807
2689	807
2784	807
2810	807
3310	807
1640	811
2684	811
3308	811
3028	816
3092	816
3093	816
2649	818
918	825
985	825
2073	825
2153	825
2291	825
1002	827
1612	828
1878	828
2164	828
2227	828
2463	828
2707	828
2951	828
3334	828
861	830
1037	830
1064	830
1096	830
1430	830
2243	830
2484	830
2521	830
2684	830
2982	830
3347	830
2292	834
2297	834
2352	834
2390	834
2768	834
3147	834
3305	834
1073	835
2848	835
3026	835
1119	838
1006	839
1440	839
1912	839
2227	839
2563	839
2763	839
2292	843
2484	843
1469	845
1500	845
1647	845
1708	845
1723	845
910	850
955	850
1694	850
1894	850
2285	850
2636	850
2652	850
1013	852
1448	852
1463	852
1575	852
1788	852
2629	852
3017	852
3075	852
1410	855
1064	856
1374	856
1735	856
1749	856
2191	856
2484	856
3076	856
3080	856
992	861
1768	861
1864	861
1936	861
1949	861
2584	861
2616	861
2708	861
2832	861
3026	861
3050	861
3301	861
1153	869
2079	869
2598	869
2960	869
3229	869
2490	872
1673	874
2221	874
2243	874
2923	874
1002	875
1268	878
1417	878
1461	878
1500	878
2016	878
2195	878
2322	878
2382	878
2513	878
2579	878
2580	878
3118	878
900	879
2628	881
2674	881
1355	882
2822	882
892	885
1936	885
3018	887
2153	888
1267	892
1308	892
1321	892
1329	892
1448	892
1718	892
1758	892
1763	892
1928	892
2164	892
2237	892
2243	892
2341	892
2455	892
2544	892
2757	892
2801	892
2827	892
2884	892
2938	892
2951	892
3105	892
3180	892
3347	892
3358	892
2390	894
2484	899
1063	900
1093	900
1121	900
1409	900
1410	900
1442	900
1504	900
1552	900
1673	900
1738	900
1749	900
1891	900
1910	900
2011	900
2566	900
2590	900
2811	900
2953	900
3026	900
3308	900
1260	905
1484	905
1843	905
1928	905
2134	905
2519	905
3214	905
968	907
1410	909
1390	910
1421	910
2163	910
2544	910
2708	910
2843	910
2695	911
1410	912
1410	918
2674	918
2674	919
999	921
2553	924
968	930
1308	930
1362	930
1545	930
1639	930
1660	930
1668	930
1758	930
1833	930
1868	930
2191	930
2650	930
2683	930
2688	930
2927	930
2017	935
3292	935
1936	936
1077	937
1064	938
1204	938
1749	938
2191	938
2195	938
2243	938
2247	938
2484	938
2547	938
3023	938
3292	938
1878	939
2707	939
3092	939
1749	945
2266	945
2325	945
2978	945
3000	945
1171	947
3197	947
3292	947
2863	950
3092	950
2553	951
3184	954
1166	955
1260	955
1694	955
2134	955
2163	955
2652	955
2768	955
2420	957
2061	959
3144	959
2775	964
1073	965
1162	965
1463	965
2297	965
2544	965
2708	965
2877	965
3334	965
2551	966
1919	972
1151	978
1390	978
1730	978
1919	978
2480	978
2755	978
2843	978
3163	978
3334	978
2247	983
1162	985
1484	985
1544	985
1710	985
1758	985
1949	985
2164	985
2274	985
2292	985
2297	985
2501	985
2544	985
2655	985
2843	985
2982	985
2999	985
2124	988
1016	992
1260	992
1381	992
1473	992
1484	992
1928	992
2134	992
2652	992
2768	992
2839	992
1173	994
1463	994
2787	994
2808	994
2959	994
3005	994
1243	996
2509	996
2999	996
1480	997
2434	999
2101	1002
2194	1002
3182	1002
1052	1006
3134	1006
1060	1010
1448	1013
1463	1013
1606	1013
1788	1013
2629	1013
3017	1013
1912	1018
2144	1018
2650	1018
2347	1022
1722	1025
1908	1026
2452	1027
1275	1030
1938	1031
2968	1033
3075	1033
2191	1039
2809	1040
1055	1044
1433	1044
2713	1044
2411	1048
1064	1052
1204	1052
1397	1052
1200	1053
1852	1053
2668	1053
2891	1055
2144	1056
1340	1057
1460	1057
1541	1057
1884	1057
2808	1057
3138	1057
1115	1059
1710	1059
2484	1059
1355	1061
2355	1061
2559	1061
2822	1061
2968	1061
3076	1061
3305	1061
1093	1063
1121	1063
1410	1063
1504	1063
1552	1063
1943	1063
2410	1063
2430	1063
3026	1063
3138	1063
3308	1063
1208	1064
2126	1064
2484	1064
3291	1064
3334	1064
1190	1067
2348	1067
2584	1067
2592	1067
1454	1068
2547	1072
2587	1072
1092	1073
1180	1073
1243	1073
1545	1073
1757	1073
1887	1073
1949	1073
2056	1073
2061	1073
2115	1073
2297	1073
2632	1073
2755	1073
2863	1073
2951	1073
2991	1073
3170	1073
3260	1073
3144	1075
1243	1076
2479	1076
2580	1076
2919	1076
1758	1077
1702	1082
2347	1084
2346	1090
2408	1090
2802	1090
3253	1090
3021	1092
1150	1093
1410	1093
1469	1093
1504	1093
1552	1093
1631	1093
2231	1093
2390	1093
2488	1093
2922	1093
3026	1093
3092	1093
3176	1093
3308	1093
2551	1097
1308	1099
2363	1099
2436	1099
2745	1099
2801	1100
1224	1101
1867	1101
1977	1101
2553	1101
2968	1101
2191	1105
2484	1105
2877	1105
3118	1105
1463	1106
1977	1106
3023	1106
2247	1110
2285	1110
2587	1110
2464	1116
2564	1116
1125	1118
1764	1118
2170	1118
2292	1118
1968	1120
1500	1123
1964	1123
2146	1123
1384	1133
1785	1133
1730	1137
2410	1137
2288	1141
2230	1144
3092	1144
3045	1145
2176	1146
2674	1150
2079	1153
2298	1153
2960	1153
3119	1153
3166	1153
3229	1153
3203	1158
1591	1162
1718	1162
2090	1162
2596	1162
2602	1162
1275	1165
1647	1165
1186	1166
1238	1166
1390	1166
1694	1166
2649	1166
2652	1166
2674	1166
2714	1166
2852	1166
2872	1166
3092	1166
3176	1166
3334	1166
2519	1167
1561	1168
1410	1169
1268	1171
1544	1175
2464	1175
2517	1175
2551	1175
2972	1175
1299	1176
1977	1176
2484	1176
1540	1177
2223	1177
2163	1182
1463	1185
2584	1190
2592	1190
2194	1199
1619	1200
1852	1200
2121	1200
2668	1200
2006	1201
2194	1201
2517	1201
1437	1203
2346	1203
2875	1203
1458	1204
1459	1204
1544	1204
1795	1204
1896	1204
2126	1204
2410	1204
2484	1204
2587	1204
2832	1204
2934	1204
2937	1204
3128	1204
3207	1204
2191	1206
2411	1208
2681	1208
2852	1208
3272	1213
2234	1216
2479	1216
2200	1222
2104	1223
1569	1227
1790	1227
2176	1229
2941	1234
3092	1234
1390	1238
1429	1238
1678	1238
3305	1240
1703	1243
2340	1243
2919	1243
2964	1243
3144	1243
3353	1243
1267	1244
2684	1245
2256	1246
2553	1254
1424	1256
2486	1256
2649	1256
1484	1260
1928	1260
2006	1260
2134	1260
2652	1260
2768	1260
1568	1261
1676	1267
1702	1267
1727	1267
2243	1267
2340	1267
2394	1267
2411	1267
2544	1267
2584	1267
2595	1267
2843	1267
2856	1267
2919	1267
2996	1267
3031	1267
3146	1267
3223	1267
3238	1267
1269	1268
1417	1268
1738	1268
2194	1268
2243	1268
2426	1268
2513	1268
2615	1268
2643	1268
2684	1268
2700	1268
2827	1268
2869	1268
2890	1268
2960	1268
3183	1268
3339	1268
1964	1273
1647	1275
2348	1276
2484	1277
2891	1277
2936	1277
3232	1277
1528	1279
2016	1284
1500	1285
1752	1285
2411	1288
2465	1291
1396	1295
1896	1295
2350	1295
2564	1295
2951	1295
2964	1295
3296	1295
1316	1297
1440	1297
2775	1297
2884	1297
2927	1297
1702	1299
2317	1299
2872	1299
1823	1307
2228	1307
2834	1307
3064	1307
3103	1307
3272	1307
1639	1308
1739	1308
2231	1308
2243	1308
2104	1309
2956	1309
2802	1311
2999	1311
3166	1311
2884	1316
2927	1316
2243	1321
2938	1321
2117	1322
2056	1328
1463	1341
2495	1344
2808	1344
2951	1344
1631	1348
2164	1348
2261	1348
2867	1350
2893	1351
1606	1352
1631	1352
2308	1352
2334	1352
3212	1352
2355	1355
2559	1355
2822	1355
2963	1355
2968	1355
3076	1355
3305	1355
2762	1356
1493	1357
2919	1362
1463	1366
2361	1366
2384	1366
2510	1366
2877	1366
2822	1371
1991	1373
3075	1379
1912	1381
2144	1381
1437	1384
2292	1384
1500	1390
2163	1390
2389	1390
2418	1390
2464	1390
2544	1390
2714	1390
2843	1390
3334	1390
1689	1394
2288	1394
2960	1402
1504	1410
1552	1410
1567	1410
2230	1410
2431	1410
2488	1410
2707	1410
2915	1410
3026	1410
3092	1410
3232	1410
3308	1410
1545	1411
2755	1411
3170	1411
2968	1413
1868	1417
2827	1417
2869	1417
2978	1417
3339	1417
1694	1421
1964	1421
2544	1421
2630	1421
2994	1421
3276	1421
1463	1429
1883	1429
1927	1429
1968	1429
2544	1429
2639	1429
2996	1429
3100	1429
1710	1433
2263	1437
2335	1437
2589	1440
2775	1440
2884	1440
1947	1441
2061	1441
3120	1442
1463	1448
1788	1448
2243	1448
2629	1448
3017	1448
3296	1448
2016	1453
2802	1458
2982	1459
1463	1461
1611	1461
1795	1461
2016	1461
2163	1461
2292	1461
2420	1461
3092	1461
3276	1461
1519	1463
1606	1463
1653	1463
1679	1463
1788	1463
1822	1463
1878	1463
1896	1463
2006	1463
2032	1463
2068	1463
2079	1463
2159	1463
2325	1463
2326	1463
2464	1463
2519	1463
2630	1463
2684	1463
2693	1463
2810	1463
2868	1463
2920	1463
2958	1463
3017	1463
3023	1463
3118	1463
3232	1463
3252	1463
3265	1463
3334	1463
3339	1463
3344	1463
1582	1464
1493	1470
2547	1475
2519	1480
3182	1480
1928	1484
1966	1484
2014	1484
2134	1484
2707	1484
2768	1484
2951	1490
2153	1498
2424	1499
1752	1500
2464	1500
2544	1500
2632	1500
2708	1500
2994	1500
3075	1500
2017	1503
1552	1504
2488	1504
3026	1504
3057	1504
3092	1504
3151	1504
3308	1504
2827	1506
3204	1516
2384	1518
1563	1519
2145	1528
2191	1528
2851	1531
1914	1540
3140	1540
2194	1541
1843	1542
2134	1542
2229	1542
2606	1543
2852	1543
1868	1544
2584	1544
2615	1544
1928	1552
2153	1552
2194	1552
2488	1552
3026	1552
3092	1552
3308	1552
2762	1556
2801	1556
3197	1556
2056	1561
2061	1561
3334	1561
1679	1567
2194	1567
2822	1567
3210	1567
3334	1567
2368	1569
1973	1574
1647	1575
2191	1575
1689	1577
2194	1589
1718	1590
2595	1590
2839	1590
2124	1594
1914	1600
2164	1600
2852	1600
2580	1602
2551	1603
3334	1606
2066	1611
2484	1611
2495	1611
3292	1611
3296	1611
1758	1614
2689	1614
2551	1618
1852	1619
2274	1625
2194	1629
2650	1629
2164	1632
1937	1637
2354	1637
3204	1638
2688	1639
1902	1643
2247	1643
2292	1643
2501	1643
3145	1643
2292	1648
2355	1651
1710	1655
2922	1655
2410	1660
2810	1662
1939	1664
2378	1664
2458	1664
1679	1668
2292	1668
2708	1668
2977	1668
3154	1668
3334	1668
2398	1672
1730	1673
1746	1673
2987	1673
3144	1673
1689	1678
2292	1678
2195	1679
2292	1679
2297	1679
2628	1679
2683	1679
2951	1685
1827	1689
2579	1689
2580	1689
2875	1689
2905	1689
2919	1689
3180	1689
2636	1694
2652	1694
1914	1697
2992	1697
2194	1700
1779	1702
1827	1702
2066	1702
2191	1702
2256	1702
2261	1702
2292	1702
2323	1702
2553	1702
2808	1702
2872	1702
2919	1702
3063	1702
3301	1702
2802	1703
2999	1703
3166	1703
2922	1710
2164	1714
1927	1718
2111	1718
2119	1718
2243	1718
2684	1718
2891	1718
2999	1718
3353	1718
2194	1722
2401	1722
2578	1722
3102	1722
3166	1722
1978	1725
1758	1730
2097	1730
2370	1730
2850	1730
2882	1730
2894	1730
3310	1730
3232	1731
1964	1732
2054	1735
2134	1735
2180	1735
2333	1735
2519	1735
3144	1737
3315	1741
2953	1743
1908	1749
2014	1749
2066	1749
2452	1749
2484	1749
2526	1749
2587	1749
2808	1749
2976	1749
3043	1749
3080	1749
2199	1754
2964	1755
2999	1755
1936	1758
2674	1758
3157	1758
2748	1762
2968	1762
1951	1763
2243	1763
2455	1763
2674	1767
2411	1775
3023	1775
2684	1776
2551	1781
2905	1785
3083	1785
3180	1785
2306	1788
2629	1788
3017	1788
2684	1795
2989	1795
2297	1797
3092	1797
2681	1801
3228	1809
2362	1818
2300	1821
2444	1821
3063	1821
2228	1823
2452	1823
3103	1823
3272	1823
2953	1827
3347	1829
2180	1840
2346	1840
2606	1840
2836	1840
2220	1842
2221	1842
2484	1842
2134	1843
3256	1851
2121	1852
2587	1856
2684	1864
1977	1867
1902	1868
2257	1868
2302	1868
2999	1868
3063	1868
2164	1878
2662	1878
2934	1878
3334	1879
3334	1883
2069	1887
2249	1887
2401	1887
2431	1887
2452	1888
2204	1889
2517	1889
2478	1891
2073	1894
2238	1894
2684	1894
2695	1894
3076	1894
2480	1902
2430	1907
2443	1908
2572	1911
2144	1912
2306	1912
2584	1914
2602	1914
2650	1914
2953	1914
3092	1914
3253	1914
2484	1924
2320	1925
2061	1927
2163	1927
2306	1927
2630	1927
3031	1927
3175	1927
3271	1927
3334	1927
2134	1928
2292	1928
2517	1928
2652	1928
3308	1928
2281	1936
2484	1936
2513	1936
3037	1936
2316	1938
2674	1941
2707	1947
2730	1947
3211	1947
3361	1947
2191	1949
2195	1949
3149	1949
2374	1950
3344	1950
2455	1951
3292	1955
2525	1962
2041	1964
2264	1964
2585	1964
2288	1966
2368	1966
3184	1966
2163	1968
2843	1968
2996	1968
3334	1972
2355	1976
3334	1982
2693	1987
3018	1991
2978	1992
2017	1998
2348	1998
2322	1999
2164	2006
2292	2006
2297	2006
2588	2006
2590	2006
2884	2006
2292	2013
2891	2013
2684	2014
2707	2014
3092	2014
2517	2016
3310	2017
2059	2020
2031	2027
2056	2027
3170	2027
2951	2031
2958	2031
3102	2031
3232	2031
3307	2033
2452	2035
3026	2037
3102	2039
3284	2042
2066	2047
3260	2052
2662	2055
2139	2056
2188	2056
2292	2056
2785	2056
2960	2056
3092	2056
3170	2056
2156	2061
2164	2061
2661	2061
2684	2061
2739	2061
2843	2061
3097	2061
3175	2061
2145	2066
2449	2066
2484	2066
2564	2066
2668	2066
2452	2067
2249	2069
2401	2069
2431	2069
2484	2071
2261	2073
2517	2073
2891	2073
3223	2073
2685	2079
2960	2079
3229	2079
2877	2080
2191	2088
2580	2088
2960	2088
3219	2090
3334	2090
2243	2092
2195	2095
2266	2095
2389	2102
3334	2102
2408	2103
2458	2108
3102	2108
2190	2111
2660	2111
2411	2112
3034	2115
3178	2115
3021	2117
2495	2121
2668	2121
3018	2121
2191	2124
2484	2124
3232	2124
2191	2126
2867	2126
2478	2130
3063	2130
2333	2134
2519	2134
2652	2134
2937	2134
2194	2138
2808	2139
3023	2139
3292	2139
3296	2139
2232	2142
2297	2142
3229	2144
2688	2147
2547	2151
2968	2153
3023	2153
3229	2153
3314	2153
2951	2159
2306	2163
2714	2163
2782	2163
2843	2163
2996	2163
3334	2163
2231	2164
2243	2164
2261	2164
2306	2164
2313	2164
2551	2164
2587	2164
2674	2164
2851	2164
2874	2164
3097	2164
3180	2164
3334	2164
2191	2165
2355	2165
2484	2165
3092	2165
3296	2174
2292	2176
2613	2176
2342	2190
2346	2191
2484	2191
2584	2191
2598	2191
2707	2191
2808	2191
2930	2191
2934	2191
3223	2191
3284	2191
3305	2191
2968	2193
2243	2194
2249	2194
2551	2194
2553	2194
2968	2194
2231	2195
2616	2195
3347	2195
2306	2207
2553	2207
2996	2207
3334	2207
2323	2210
3022	2214
2457	2220
2628	2220
3057	2220
2395	2225
3192	2225
2443	2227
3103	2228
3272	2228
2809	2230
3092	2230
3223	2230
2596	2231
2684	2231
2994	2231
2243	2237
2683	2237
2867	2239
2982	2239
2361	2242
3004	2242
2267	2243
2270	2243
2341	2243
2355	2243
2411	2243
2452	2243
2455	2243
2484	2243
2544	2243
2551	2243
2587	2243
2762	2243
2827	2243
2843	2243
2867	2243
2884	2243
2938	2243
2951	2243
2987	2243
3075	2243
3105	2243
3144	2243
3180	2243
3211	2243
3305	2243
3347	2243
2580	2244
2401	2249
2431	2249
3306	2249
2537	2256
2340	2259
2292	2261
3214	2263
2629	2266
2828	2266
3229	2266
2572	2267
2905	2270
2919	2277
2674	2285
3210	2288
3130	2289
2519	2292
2580	2292
2581	2292
2606	2292
2613	2292
2628	2292
2683	2292
2884	2292
2951	2292
2962	2292
3092	2292
3175	2292
3334	2292
2569	2297
2682	2297
2696	2297
2953	2297
3060	2297
3175	2297
3227	2297
3344	2297
2551	2298
3075	2302
2544	2306
2708	2306
2843	2306
2920	2306
2996	2306
2336	2313
2872	2317
2877	2319
2490	2320
3192	2320
2480	2323
2510	2324
2484	2325
3334	2325
2411	2333
2519	2333
3050	2333
3188	2338
3359	2338
2579	2346
2580	2346
2684	2346
2808	2346
2875	2346
2919	2346
2549	2347
2708	2347
2831	2347
2584	2348
2592	2348
2559	2355
2822	2355
2870	2355
2968	2355
3076	2355
3305	2355
2384	2361
2510	2361
3169	2361
2528	2362
2755	2362
3232	2363
3276	2368
2590	2374
2488	2382
2880	2382
2935	2382
2544	2389
2587	2389
2708	2389
2934	2389
3175	2389
3144	2395
2968	2397
2431	2401
3102	2401
2420	2408
2880	2410
2587	2411
2924	2411
3031	2411
3253	2411
2484	2412
2578	2418
3260	2420
3334	2420
3334	2431
2987	2437
2839	2443
2960	2443
3334	2443
2584	2448
2992	2449
2924	2452
3092	2452
2938	2455
2544	2457
2667	2457
2786	2457
2996	2457
3223	2457
2632	2464
3214	2470
2919	2479
2537	2480
2708	2480
3163	2480
2551	2482
2703	2482
3227	2482
2584	2484
2674	2484
2773	2484
2808	2484
3092	2484
3175	2484
3232	2484
3301	2484
3308	2488
2684	2489
3239	2489
2773	2490
3192	2490
3170	2504
2674	2506
2587	2517
2827	2517
2905	2517
3063	2517
2936	2519
3050	2519
3214	2519
2551	2520
2674	2525
2687	2526
2907	2526
2788	2527
2684	2528
3175	2535
2863	2537
2915	2544
3097	2544
3219	2544
2636	2545
2683	2551
2787	2551
2943	2551
2951	2551
2580	2553
3105	2553
2822	2559
2968	2559
2999	2559
3076	2559
3305	2559
3334	2566
3092	2571
2958	2572
2580	2579
2681	2579
2590	2580
2681	2580
2919	2580
2624	2581
2936	2584
2763	2587
3085	2587
3227	2588
3075	2590
3140	2590
3244	2590
2685	2598
2960	2598
3166	2598
3229	2598
2632	2602
2707	2602
3092	2602
2762	2604
3171	2604
2683	2606
2840	2610
2674	2616
2940	2623
3075	2624
3334	2628
3017	2629
2996	2630
3146	2630
3175	2630
2684	2632
3026	2634
2987	2636
3143	2636
2650	2641
3213	2644
3337	2647
3101	2649
3081	2650
3161	2650
2764	2655
2997	2655
3353	2655
2852	2660
2684	2674
2708	2674
2748	2674
2843	2674
2919	2674
3180	2674
3232	2674
2905	2684
2922	2684
3092	2684
3301	2684
2960	2685
3229	2685
2943	2688
3023	2688
2755	2690
3307	2690
3229	2695
2827	2700
2869	2700
2978	2700
3339	2700
2764	2708
2999	2708
3063	2708
3097	2708
3334	2708
3353	2708
3180	2713
2843	2714
3308	2745
2845	2755
3038	2755
3042	2755
3276	2755
3307	2755
2801	2762
3171	2762
3197	2762
2997	2764
2999	2764
3353	2764
3100	2768
2884	2775
2866	2786
3171	2801
3197	2801
3265	2801
2964	2802
2999	2802
3353	2802
3085	2808
3184	2808
3232	2808
3026	2810
3296	2810
2968	2822
3076	2822
3305	2822
2869	2827
2978	2827
3339	2827
3296	2841
3204	2843
3271	2843
3334	2843
2951	2846
3314	2848
2888	2859
3193	2859
2978	2869
3339	2869
3097	2872
3244	2872
3334	2874
2919	2875
2996	2875
3118	2877
2927	2884
3063	2884
3092	2894
3092	2904
2952	2911
2919	2914
3075	2934
3119	2934
3269	2934
3271	2934
3334	2934
3344	2934
3030	2943
2958	2951
3097	2952
3229	2960
2999	2964
3166	2964
3353	2964
3076	2968
3305	2968
3068	2978
3339	2978
3334	2994
3100	2996
3271	2996
2999	2997
3353	2997
3063	2999
3353	2999
3157	3023
3092	3026
3308	3026
3292	3040
3353	3063
3144	3075
3163	3075
3170	3075
3178	3075
3269	3075
3338	3075
3344	3075
3305	3076
3182	3092
3334	3092
3223	3096
3344	3100
3272	3103
3256	3115
3296	3119
3292	3123
3224	3140
3150	3141
3260	3144
3314	3154
3219	3157
3229	3166
3353	3166
3197	3171
3334	3175
3344	3175
3321	3178
3360	3185
3213	3204
3234	3212
3296	3219
3310	3250
3276	3260
3276	3271
3276	3272
3334	3276
3295	3292
3307	3296
