5	2645
5	2668
6	124
6	209
6	400
6	428
6	694
6	996
6	1087
6	1966
6	2652
13	2064
18	651
18	901
21	410
21	905
22	112
22	410
22	473
22	554
22	1085
22	1361
22	1552
22	1905
22	2288
25	1229
25	2239
30	2037
31	477
36	998
41	1781
53	1817
53	2490
57	1669
65	788
65	2730
72	317
72	1880
72	2205
77	1743
77	1908
80	2116
81	119
81	899
81	2723
89	832
89	1358
92	774
92	1965
92	2369
94	302
94	411
94	1990
94	2791
95	892
95	1009
95	1358
95	1640
95	2077
95	2749
102	615
102	1818
107	244
107	336
107	611
107	651
107	978
107	1064
107	2246
107	2388
107	2742
107	2782
108	119
109	654
109	1079
109	1142
115	859
117	169
117	654
117	955
117	2183
117	2335
117	2784
119	476
119	899
119	1021
119	1358
119	1392
119	1527
119	1640
119	1702
119	1863
119	1991
119	1999
119	2108
119	2142
119	2157
119	2203
119	2215
119	2353
119	2361
119	2484
120	593
120	1358
120	1817
120	1865
120	2611
120	2746
122	279
122	1581
124	510
124	1186
125	1669
130	641
137	486
140	1688
141	148
141	169
141	233
141	320
141	510
141	641
141	654
141	738
141	761
141	808
141	955
141	1641
141	1989
141	2116
141	2288
141	2728
148	1009
148	1358
148	1461
148	1527
148	1972
148	2269
148	2735
151	410
151	641
151	930
152	218
152	266
152	482
152	1126
152	1723
152	2088
152	2395
162	654
162	1836
163	653
168	654
168	2582
169	179
169	783
169	808
169	860
169	955
169	1392
169	1495
169	1578
169	1797
169	1836
169	1859
169	1928
169	2007
169	2116
169	2124
169	2335
169	2372
169	2419
169	2465
169	2599
169	2784
174	1443
174	2455
174	2585
176	279
176	410
176	1961
179	477
179	651
179	955
182	2097
182	2490
183	2378
190	1908
192	1924
192	2197
194	405
194	899
194	1045
194	1095
194	1419
194	1627
194	2253
194	2557
194	2749
196	2680
201	2252
203	955
203	1118
203	1612
203	1640
203	2064
203	2543
203	2588
203	2751
205	761
205	805
205	856
205	1079
205	1089
205	1338
205	1610
205	1970
205	2123
205	2347
205	2476
209	275
210	1201
218	651
218	914
218	1126
218	1723
218	1919
218	2088
218	2395
218	2587
222	586
222	652
222	2590
222	2730
223	494
223	609
227	2162
229	1838
229	2476
231	654
232	1257
232	1671
232	1880
233	345
233	1083
233	1174
233	1269
233	1476
233	1864
233	2209
233	2310
233	2470
233	2502
233	2532
234	806
234	2317
244	510
244	611
244	978
244	1064
244	1272
244	2246
244	2742
244	2782
254	395
257	275
257	645
257	651
257	654
259	477
262	2540
263	477
265	1103
265	1755
266	2395
268	444
268	494
268	654
268	735
268	1009
268	1361
268	1640
268	1916
268	2064
272	689
272	2042
272	2532
275	1150
275	1863
279	859
279	1413
279	2608
284	1702
284	2284
284	2711
289	1045
294	395
294	2116
302	654
302	2097
303	410
303	2354
305	388
305	760
305	1578
305	2442
307	2077
307	2205
307	2739
317	651
319	1702
321	805
321	2476
322	417
322	806
322	1343
322	1361
322	2064
324	611
324	679
324	2600
325	1126
326	395
329	1965
330	641
330	859
330	2275
331	748
336	611
336	978
336	1064
336	2246
336	2742
336	2782
342	2064
345	1864
355	421
355	483
355	914
355	998
355	1000
355	1009
355	2577
355	2680
355	2730
355	2740
356	2544
363	2116
370	1446
381	842
381	1148
382	1991
388	760
388	889
388	2442
392	713
392	1560
395	623
395	824
395	874
395	1038
395	1064
395	1236
395	1241
395	1609
395	1656
395	1863
395	1868
395	1944
395	2611
395	2782
399	477
399	2461
400	641
400	738
400	775
400	996
400	1608
400	1654
400	1818
400	1966
400	2064
400	2372
400	2577
400	2582
400	2699
405	1045
405	1095
405	1419
405	1916
406	859
407	963
407	1548
407	1583
407	2582
409	651
409	918
409	2594
409	2688
410	618
410	641
410	905
410	930
410	1239
410	1273
410	1286
410	1371
410	1688
410	2275
410	2382
410	2461
410	2699
410	2712
411	892
411	905
411	1124
411	1371
411	1540
411	1783
411	2064
411	2502
413	832
413	1540
413	2787
415	735
415	1733
419	477
420	2111
420	2502
425	1136
428	996
430	2228
432	1905
435	761
442	1064
444	711
444	1480
444	1640
444	1840
450	468
450	955
450	2582
456	2668
459	1266
462	698
462	1476
463	694
463	772
463	2131
463	2347
468	698
468	935
473	1085
473	1552
473	2288
476	654
477	494
477	622
477	684
477	785
477	903
477	1001
477	1021
477	1136
477	1214
477	1258
477	1358
477	1507
477	1548
477	1621
477	1691
477	1954
477	2046
477	2123
477	2140
477	2358
477	2554
477	2726
482	1438
484	2540
486	572
486	603
486	1045
486	1548
486	1916
486	1965
486	2228
492	947
492	2046
494	584
494	604
494	609
494	651
494	702
494	709
494	735
494	772
494	785
494	859
494	1021
494	1061
494	1110
494	1224
494	1323
494	1376
494	1663
494	1820
494	1836
494	1853
494	1991
494	1995
494	2064
494	2112
494	2317
494	2361
494	2614
494	2731
494	2751
494	2784
496	521
496	735
499	1064
502	738
510	654
510	892
510	1380
510	1764
510	1838
510	1847
510	2023
510	2372
510	2588
513	2284
513	2746
516	1495
516	1916
521	863
521	1213
521	1300
521	2333
524	651
524	1535
524	1640
524	1654
526	1641
531	641
531	788
531	1542
534	2064
534	2746
540	1490
540	1501
540	2311
547	2465
549	1291
554	651
554	1085
554	1358
554	1552
554	2288
558	1456
559	2116
572	860
572	1600
572	1640
572	1739
572	2228
572	2353
574	947
574	1905
577	713
577	2654
584	1361
585	1447
586	761
586	1387
586	2325
586	2353
587	726
587	1009
587	1285
587	2043
589	2582
593	788
593	1461
593	1495
593	1924
593	2064
598	651
598	1089
598	1916
598	2094
598	2150
603	776
603	1229
603	2116
603	2228
609	1197
609	1232
609	2492
611	679
611	806
611	978
611	1064
611	2246
611	2388
611	2742
611	2782
613	1062
613	2719
613	2735
615	654
615	914
615	1289
615	2150
615	2740
615	2784
618	2729
622	1273
622	1456
622	2382
623	1038
623	2543
635	1553
641	905
641	930
641	1239
641	2150
641	2456
641	2461
641	2729
645	852
645	2170
651	661
651	843
651	859
651	892
651	984
651	998
651	1009
651	1021
651	1232
651	1419
651	1422
651	1443
651	1535
651	1640
651	1660
651	1847
651	1874
651	1905
651	1916
651	2089
651	2154
651	2288
651	2492
651	2502
651	2582
651	2680
651	2729
652	2730
654	711
654	717
654	774
654	783
654	821
654	824
654	870
654	892
654	947
654	955
654	1021
654	1124
654	1211
654	1232
654	1315
654	1376
654	1461
654	1534
654	1576
654	1577
654	1578
654	1628
654	1784
654	1820
654	1916
654	1940
654	1995
654	2018
654	2064
654	2116
654	2163
654	2169
654	2239
654	2333
654	2372
654	2484
654	2490
654	2680
654	2703
654	2784
655	2789
659	1940
661	1660
665	1074
671	1655
672	1353
679	1182
679	2600
680	1345
680	2064
684	1021
684	1224
684	1660
685	1094
685	1924
694	772
694	824
694	842
694	960
697	901
698	1349
702	1610
702	2582
702	2583
705	1535
705	1818
706	1940
711	955
711	1480
711	1640
711	1840
711	2045
711	2252
713	818
713	884
713	932
713	1182
713	1361
713	1589
713	1726
713	2064
713	2490
713	2789
717	1293
717	1952
717	2626
726	1285
726	2046
733	2009
735	1142
735	1361
735	2064
735	2532
736	1654
738	1358
744	1583
745	2470
748	1376
748	2438
757	2522
760	1092
760	1419
760	1443
760	1833
760	2111
760	2203
760	2289
760	2666
760	2789
761	805
761	903
761	1079
761	1338
761	1380
761	1403
761	1610
761	2123
761	2347
761	2476
767	2064
772	824
772	842
772	960
774	1285
774	1443
774	1604
774	2064
774	2333
787	2594
788	842
788	1262
788	2701
798	1074
798	1192
805	903
805	1079
805	2347
805	2476
806	955
806	1654
806	1927
806	1966
806	2024
807	1257
808	2369
808	2668
813	1578
814	1781
821	1211
821	1376
821	2548
824	960
824	1089
824	1640
828	1820
828	2447
842	871
842	1074
842	1446
842	1524
842	1654
842	2111
842	2490
843	1257
843	1258
843	1654
851	2162
852	1045
856	892
859	1640
859	2064
859	2470
860	2228
863	902
866	1035
870	1581
870	2205
870	2721
871	1940
877	1583
879	1604
882	1627
889	1548
889	2582
890	1183
890	1699
890	2249
891	1446
892	1166
892	2097
892	2395
892	2423
898	1226
898	1534
898	2219
899	1136
899	1196
899	2247
899	2584
899	2724
901	1114
901	1206
903	1079
903	1338
903	2123
903	2347
903	2476
905	930
905	951
905	1239
905	1608
905	2461
910	1201
914	929
914	1000
914	1045
914	1085
914	1446
914	1453
914	1753
914	2187
914	2288
914	2382
914	2719
915	1783
926	1795
930	974
930	1133
930	1160
930	1212
930	1239
930	2461
930	2582
930	2649
932	1446
938	2064
938	2088
938	2395
941	1428
941	1891
946	2324
947	2046
947	2721
955	1361
955	1576
955	1836
955	1859
955	1928
955	2007
955	2116
955	2163
955	2195
955	2203
955	2354
955	2361
955	2372
955	2419
955	2465
955	2522
955	2582
955	2599
955	2784
960	2471
978	1009
978	1064
978	2246
978	2388
978	2742
978	2782
981	2674
996	1966
996	2046
996	2089
996	2116
1000	2740
1009	1066
1009	1074
1009	1285
1009	2037
1009	2043
1009	2073
1009	2246
1009	2351
1009	2388
1021	1361
1021	2165
1021	2232
1021	2582
1026	2730
1033	1291
1035	1677
1038	1241
1045	1257
1045	1916
1045	1941
1045	2023
1045	2228
1046	1079
1051	1978
1061	1079
1061	2116
1064	1065
1064	1096
1064	1716
1064	1817
1064	1878
1064	2023
1064	2170
1064	2198
1064	2246
1064	2388
1064	2470
1064	2742
1064	2782
1066	2097
1074	2577
1077	1669
1079	1289
1079	1338
1079	1610
1079	1650
1079	1662
1079	2123
1079	2347
1079	2394
1079	2476
1085	1552
1085	2288
1092	2108
1092	2672
1094	2314
1103	1755
1104	1291
1104	1358
1104	1392
1115	1654
1120	2471
1124	1138
1124	1361
1124	1965
1124	2681
1126	2088
1126	2395
1128	1940
1128	2293
1136	1422
1136	2540
1136	2724
1139	2347
1149	2461
1150	1186
1151	1422
1151	2540
1151	2724
1157	1857
1159	1392
1159	1894
1173	2476
1174	2064
1179	2324
1186	1936
1192	2333
1211	1257
1218	2654
1226	1419
1226	1534
1226	2522
1229	1795
1229	2197
1239	1304
1239	2461
1239	2552
1239	2582
1256	1776
1257	1357
1257	1392
1257	1560
1257	1749
1257	1788
1257	1863
1257	1883
1257	1916
1257	2050
1257	2115
1257	2142
1257	2208
1257	2353
1257	2414
1258	1995
1258	2006
1258	2094
1258	2108
1258	2484
1258	2674
1266	1583
1266	1640
1269	2163
1273	2264
1273	2382
1273	2746
1285	2043
1285	2608
1289	1817
1289	2347
1291	1740
1296	1655
1300	1315
1304	1612
1315	1323
1315	2247
1315	2719
1316	1583
1319	2116
1323	1797
1325	2064
1325	2746
1332	1534
1334	2476
1338	2347
1338	2476
1339	1817
1339	2205
1345	1603
1345	1954
1345	2224
1357	1640
1357	2195
1358	1818
1361	1576
1361	1636
1361	1954
1361	2361
1362	2467
1363	1940
1366	2543
1367	1972
1375	1990
1376	2494
1380	1392
1391	1612
1392	1456
1392	1495
1392	2142
1392	2420
1394	1563
1396	2203
1396	2293
1403	1817
1404	1817
1404	2476
1404	2724
1408	1982
1413	1853
1417	2678
1419	1654
1419	2203
1419	2353
1422	1817
1422	2141
1422	2540
1422	2724
1424	1548
1438	2466
1440	2646
1443	2749
1446	2303
1446	2445
1458	2284
1458	2476
1461	1548
1476	2116
1486	2120
1495	2677
1498	2205
1498	2347
1498	2542
1499	1894
1501	2311
1513	1612
1515	2064
1521	1893
1527	1540
1527	1836
1527	2064
1527	2209
1532	2433
1535	1654
1535	2111
1535	2333
1540	2608
1547	1656
1548	1905
1548	2557
1550	2209
1552	2288
1553	1863
1560	1605
1560	2694
1563	1824
1563	2089
1565	2058
1577	2004
1577	2024
1581	2721
1583	2205
1583	2466
1583	2582
1583	2715
1589	1669
1594	1612
1608	1654
1610	2123
1610	2347
1612	1655
1612	1736
1612	2252
1612	2270
1612	2680
1612	2799
1618	1820
1628	1847
1628	2089
1638	2288
1640	1660
1640	1847
1640	2028
1640	2045
1640	2142
1640	2228
1640	2275
1640	2333
1640	2363
1640	2419
1640	2751
1654	1928
1654	2046
1654	2163
1654	2185
1654	2502
1654	2729
1656	1965
1660	2150
1660	2333
1669	2089
1691	2205
1702	2307
1723	2088
1723	2395
1730	2470
1733	2764
1740	1818
1743	1999
1746	1940
1751	2361
1753	2721
1771	1817
1779	2095
1779	2131
1783	2111
1785	2594
1788	2502
1797	2064
1804	1817
1817	1909
1817	2116
1817	2476
1818	2701
1818	2789
1820	2064
1836	2183
1836	2552
1840	1859
1847	1981
1847	2089
1847	2303
1847	2403
1851	2386
1851	2490
1853	2509
1857	2023
1857	2697
1880	2203
1893	2659
1893	2731
1895	2611
1908	1940
1908	2209
1916	2228
1919	2088
1919	2587
1926	2665
1927	2064
1940	2219
1940	2286
1940	2631
1953	1972
1961	2288
1961	2324
1965	2700
1965	2785
1989	2476
1990	2542
1991	2361
1991	2582
2006	2141
2023	2789
2046	2187
2055	2594
2064	2307
2064	2333
2064	2582
2064	2721
2064	2749
2064	2751
2086	2116
2088	2395
2088	2587
2089	2420
2089	2557
2097	2423
2116	2232
2116	2317
2122	2461
2123	2347
2123	2476
2131	2447
2142	2353
2162	2293
2162	2645
2163	2232
2168	2361
2185	2502
2190	2540
2196	2205
2203	2252
2203	2611
2205	2636
2219	2784
2246	2388
2246	2742
2246	2782
2253	2557
2253	2787
2254	2582
2267	2476
2273	2472
2275	2575
2284	2540
2288	2539
2288	2639
2293	2645
2293	2668
2316	2385
2347	2476
2353	2467
2372	2784
2378	2480
2378	2664
2388	2742
2388	2782
2419	2582
2461	2582
2502	2588
2502	2729
2540	2724
2590	2730
2594	2688
2629	2762
2645	2668
2659	2731
2677	2726
2681	2700
2719	2735
2724	2747
2742	2782
2787	2791
2645	5
2668	5
124	6
209	6
400	6
428	6
694	6
996	6
1087	6
1966	6
2652	6
2064	13
651	18
901	18
410	21
905	21
112	22
410	22
473	22
554	22
1085	22
1361	22
1552	22
1905	22
2288	22
1229	25
2239	25
2037	30
477	31
998	36
1781	41
1817	53
2490	53
1669	57
788	65
2730	65
317	72
1880	72
2205	72
1743	77
1908	77
2116	80
119	81
899	81
2723	81
832	89
1358	89
774	92
1965	92
2369	92
302	94
411	94
1990	94
2791	94
892	95
1009	95
1358	95
1640	95
2077	95
2749	95
615	102
1818	102
244	107
336	107
611	107
651	107
978	107
1064	107
2246	107
2388	107
2742	107
2782	107
119	108
654	109
1079	109
1142	109
859	115
169	117
654	117
955	117
2183	117
2335	117
2784	117
476	119
899	119
1021	119
1358	119
1392	119
1527	119
1640	119
1702	119
1863	119
1991	119
1999	119
2108	119
2142	119
2157	119
2203	119
2215	119
2353	119
2361	119
2484	119
593	120
1358	120
1817	120
1865	120
2611	120
2746	120
279	122
1581	122
510	124
1186	124
1669	125
641	130
486	137
1688	140
148	141
169	141
233	141
320	141
510	141
641	141
654	141
738	141
761	141
808	141
955	141
1641	141
1989	141
2116	141
2288	141
2728	141
1009	148
1358	148
1461	148
1527	148
1972	148
2269	148
2735	148
410	151
641	151
930	151
218	152
266	152
482	152
1126	152
1723	152
2088	152
2395	152
654	162
1836	162
653	163
654	168
2582	168
179	169
783	169
808	169
860	169
955	169
1392	169
1495	169
1578	169
1797	169
1836	169
1859	169
1928	169
2007	169
2116	169
2124	169
2335	169
2372	169
2419	169
2465	169
2599	169
2784	169
1443	174
2455	174
2585	174
279	176
410	176
1961	176
477	179
651	179
955	179
2097	182
2490	182
2378	183
1908	190
1924	192
2197	192
405	194
899	194
1045	194
1095	194
1419	194
1627	194
2253	194
2557	194
2749	194
2680	196
2252	201
955	203
1118	203
1612	203
1640	203
2064	203
2543	203
2588	203
2751	203
761	205
805	205
856	205
1079	205
1089	205
1338	205
1610	205
1970	205
2123	205
2347	205
2476	205
275	209
1201	210
651	218
914	218
1126	218
1723	218
1919	218
2088	218
2395	218
2587	218
586	222
652	222
2590	222
2730	222
494	223
609	223
2162	227
1838	229
2476	229
654	231
1257	232
1671	232
1880	232
345	233
1083	233
1174	233
1269	233
1476	233
1864	233
2209	233
2310	233
2470	233
2502	233
2532	233
806	234
2317	234
510	244
611	244
978	244
1064	244
1272	244
2246	244
2742	244
2782	244
395	254
275	257
645	257
651	257
654	257
477	259
2540	262
477	263
1103	265
1755	265
2395	266
444	268
494	268
654	268
735	268
1009	268
1361	268
1640	268
1916	268
2064	268
689	272
2042	272
2532	272
1150	275
1863	275
859	279
1413	279
2608	279
1702	284
2284	284
2711	284
1045	289
395	294
2116	294
654	302
2097	302
410	303
2354	303
388	305
760	305
1578	305
2442	305
2077	307
2205	307
2739	307
651	317
1702	319
805	321
2476	321
417	322
806	322
1343	322
1361	322
2064	322
611	324
679	324
2600	324
1126	325
395	326
1965	329
641	330
859	330
2275	330
748	331
611	336
978	336
1064	336
2246	336
2742	336
2782	336
2064	342
1864	345
421	355
483	355
914	355
998	355
1000	355
1009	355
2577	355
2680	355
2730	355
2740	355
2544	356
2116	363
1446	370
842	381
1148	381
1991	382
760	388
889	388
2442	388
713	392
1560	392
623	395
824	395
874	395
1038	395
1064	395
1236	395
1241	395
1609	395
1656	395
1863	395
1868	395
1944	395
2611	395
2782	395
477	399
2461	399
641	400
738	400
775	400
996	400
1608	400
1654	400
1818	400
1966	400
2064	400
2372	400
2577	400
2582	400
2699	400
1045	405
1095	405
1419	405
1916	405
859	406
963	407
1548	407
1583	407
2582	407
651	409
918	409
2594	409
2688	409
618	410
641	410
905	410
930	410
1239	410
1273	410
1286	410
1371	410
1688	410
2275	410
2382	410
2461	410
2699	410
2712	410
892	411
905	411
1124	411
1371	411
1540	411
1783	411
2064	411
2502	411
832	413
1540	413
2787	413
735	415
1733	415
477	419
2111	420
2502	420
1136	425
996	428
2228	430
1905	432
761	435
1064	442
711	444
1480	444
1640	444
1840	444
468	450
955	450
2582	450
2668	456
1266	459
698	462
1476	462
694	463
772	463
2131	463
2347	463
698	468
935	468
1085	473
1552	473
2288	473
654	476
494	477
622	477
684	477
785	477
903	477
1001	477
1021	477
1136	477
1214	477
1258	477
1358	477
1507	477
1548	477
1621	477
1691	477
1954	477
2046	477
2123	477
2140	477
2358	477
2554	477
2726	477
1438	482
2540	484
572	486
603	486
1045	486
1548	486
1916	486
1965	486
2228	486
947	492
2046	492
584	494
604	494
609	494
651	494
702	494
709	494
735	494
772	494
785	494
859	494
1021	494
1061	494
1110	494
1224	494
1323	494
1376	494
1663	494
1820	494
1836	494
1853	494
1991	494
1995	494
2064	494
2112	494
2317	494
2361	494
2614	494
2731	494
2751	494
2784	494
521	496
735	496
1064	499
738	502
654	510
892	510
1380	510
1764	510
1838	510
1847	510
2023	510
2372	510
2588	510
2284	513
2746	513
1495	516
1916	516
863	521
1213	521
1300	521
2333	521
651	524
1535	524
1640	524
1654	524
1641	526
641	531
788	531
1542	531
2064	534
2746	534
1490	540
1501	540
2311	540
2465	547
1291	549
651	554
1085	554
1358	554
1552	554
2288	554
1456	558
2116	559
860	572
1600	572
1640	572
1739	572
2228	572
2353	572
947	574
1905	574
713	577
2654	577
1361	584
1447	585
761	586
1387	586
2325	586
2353	586
726	587
1009	587
1285	587
2043	587
2582	589
788	593
1461	593
1495	593
1924	593
2064	593
651	598
1089	598
1916	598
2094	598
2150	598
776	603
1229	603
2116	603
2228	603
1197	609
1232	609
2492	609
679	611
806	611
978	611
1064	611
2246	611
2388	611
2742	611
2782	611
1062	613
2719	613
2735	613
654	615
914	615
1289	615
2150	615
2740	615
2784	615
2729	618
1273	622
1456	622
2382	622
1038	623
2543	623
1553	635
905	641
930	641
1239	641
2150	641
2456	641
2461	641
2729	641
852	645
2170	645
661	651
843	651
859	651
892	651
984	651
998	651
1009	651
1021	651
1232	651
1419	651
1422	651
1443	651
1535	651
1640	651
1660	651
1847	651
1874	651
1905	651
1916	651
2089	651
2154	651
2288	651
2492	651
2502	651
2582	651
2680	651
2729	651
2730	652
711	654
717	654
774	654
783	654
821	654
824	654
870	654
892	654
947	654
955	654
1021	654
1124	654
1211	654
1232	654
1315	654
1376	654
1461	654
1534	654
1576	654
1577	654
1578	654
1628	654
1784	654
1820	654
1916	654
1940	654
1995	654
2018	654
2064	654
2116	654
2163	654
2169	654
2239	654
2333	654
2372	654
2484	654
2490	654
2680	654
2703	654
2784	654
2789	655
1940	659
1660	661
1074	665
1655	671
1353	672
1182	679
2600	679
1345	680
2064	680
1021	684
1224	684
1660	684
1094	685
1924	685
772	694
824	694
842	694
960	694
901	697
1349	698
1610	702
2582	702
2583	702
1535	705
1818	705
1940	706
955	711
1480	711
1640	711
1840	711
2045	711
2252	711
818	713
884	713
932	713
1182	713
1361	713
1589	713
1726	713
2064	713
2490	713
2789	713
1293	717
1952	717
2626	717
1285	726
2046	726
2009	733
1142	735
1361	735
2064	735
2532	735
1654	736
1358	738
1583	744
2470	745
1376	748
2438	748
2522	757
1092	760
1419	760
1443	760
1833	760
2111	760
2203	760
2289	760
2666	760
2789	760
805	761
903	761
1079	761
1338	761
1380	761
1403	761
1610	761
2123	761
2347	761
2476	761
2064	767
824	772
842	772
960	772
1285	774
1443	774
1604	774
2064	774
2333	774
2594	787
842	788
1262	788
2701	788
1074	798
1192	798
903	805
1079	805
2347	805
2476	805
955	806
1654	806
1927	806
1966	806
2024	806
1257	807
2369	808
2668	808
1578	813
1781	814
1211	821
1376	821
2548	821
960	824
1089	824
1640	824
1820	828
2447	828
871	842
1074	842
1446	842
1524	842
1654	842
2111	842
2490	842
1257	843
1258	843
1654	843
2162	851
1045	852
892	856
1640	859
2064	859
2470	859
2228	860
902	863
1035	866
1581	870
2205	870
2721	870
1940	871
1583	877
1604	879
1627	882
1548	889
2582	889
1183	890
1699	890
2249	890
1446	891
1166	892
2097	892
2395	892
2423	892
1226	898
1534	898
2219	898
1136	899
1196	899
2247	899
2584	899
2724	899
1114	901
1206	901
1079	903
1338	903
2123	903
2347	903
2476	903
930	905
951	905
1239	905
1608	905
2461	905
1201	910
929	914
1000	914
1045	914
1085	914
1446	914
1453	914
1753	914
2187	914
2288	914
2382	914
2719	914
1783	915
1795	926
974	930
1133	930
1160	930
1212	930
1239	930
2461	930
2582	930
2649	930
1446	932
2064	938
2088	938
2395	938
1428	941
1891	941
2324	946
2046	947
2721	947
1361	955
1576	955
1836	955
1859	955
1928	955
2007	955
2116	955
2163	955
2195	955
2203	955
2354	955
2361	955
2372	955
2419	955
2465	955
2522	955
2582	955
2599	955
2784	955
2471	960
1009	978
1064	978
2246	978
2388	978
2742	978
2782	978
2674	981
1966	996
2046	996
2089	996
2116	996
2740	1000
1066	1009
1074	1009
1285	1009
2037	1009
2043	1009
2073	1009
2246	1009
2351	1009
2388	1009
1361	1021
2165	1021
2232	1021
2582	1021
2730	1026
1291	1033
1677	1035
1241	1038
1257	1045
1916	1045
1941	1045
2023	1045
2228	1045
1079	1046
1978	1051
1079	1061
2116	1061
1065	1064
1096	1064
1716	1064
1817	1064
1878	1064
2023	1064
2170	1064
2198	1064
2246	1064
2388	1064
2470	1064
2742	1064
2782	1064
2097	1066
2577	1074
1669	1077
1289	1079
1338	1079
1610	1079
1650	1079
1662	1079
2123	1079
2347	1079
2394	1079
2476	1079
1552	1085
2288	1085
2108	1092
2672	1092
2314	1094
1755	1103
1291	1104
1358	1104
1392	1104
1654	1115
2471	1120
1138	1124
1361	1124
1965	1124
2681	1124
2088	1126
2395	1126
1940	1128
2293	1128
1422	1136
2540	1136
2724	1136
2347	1139
2461	1149
1186	1150
1422	1151
2540	1151
2724	1151
1857	1157
1392	1159
1894	1159
2476	1173
2064	1174
2324	1179
1936	1186
2333	1192
1257	1211
2654	1218
1419	1226
1534	1226
2522	1226
1795	1229
2197	1229
1304	1239
2461	1239
2552	1239
2582	1239
1776	1256
1357	1257
1392	1257
1560	1257
1749	1257
1788	1257
1863	1257
1883	1257
1916	1257
2050	1257
2115	1257
2142	1257
2208	1257
2353	1257
2414	1257
1995	1258
2006	1258
2094	1258
2108	1258
2484	1258
2674	1258
1583	1266
1640	1266
2163	1269
2264	1273
2382	1273
2746	1273
2043	1285
2608	1285
1817	1289
2347	1289
1740	1291
1655	1296
1315	1300
1612	1304
1323	1315
2247	1315
2719	1315
1583	1316
2116	1319
1797	1323
2064	1325
2746	1325
1534	1332
2476	1334
2347	1338
2476	1338
1817	1339
2205	1339
1603	1345
1954	1345
2224	1345
1640	1357
2195	1357
1818	1358
1576	1361
1636	1361
1954	1361
2361	1361
2467	1362
1940	1363
2543	1366
1972	1367
1990	1375
2494	1376
1392	1380
1612	1391
1456	1392
1495	1392
2142	1392
2420	1392
1563	1394
2203	1396
2293	1396
1817	1403
1817	1404
2476	1404
2724	1404
1982	1408
1853	1413
2678	1417
1654	1419
2203	1419
2353	1419
1817	1422
2141	1422
2540	1422
2724	1422
1548	1424
2466	1438
2646	1440
2749	1443
2303	1446
2445	1446
2284	1458
2476	1458
1548	1461
2116	1476
2120	1486
2677	1495
2205	1498
2347	1498
2542	1498
1894	1499
2311	1501
1612	1513
2064	1515
1893	1521
1540	1527
1836	1527
2064	1527
2209	1527
2433	1532
1654	1535
2111	1535
2333	1535
2608	1540
1656	1547
1905	1548
2557	1548
2209	1550
2288	1552
1863	1553
1605	1560
2694	1560
1824	1563
2089	1563
2058	1565
2004	1577
2024	1577
2721	1581
2205	1583
2466	1583
2582	1583
2715	1583
1669	1589
1612	1594
1654	1608
2123	1610
2347	1610
1655	1612
1736	1612
2252	1612
2270	1612
2680	1612
2799	1612
1820	1618
1847	1628
2089	1628
2288	1638
1660	1640
1847	1640
2028	1640
2045	1640
2142	1640
2228	1640
2275	1640
2333	1640
2363	1640
2419	1640
2751	1640
1928	1654
2046	1654
2163	1654
2185	1654
2502	1654
2729	1654
1965	1656
2150	1660
2333	1660
2089	1669
2205	1691
2307	1702
2088	1723
2395	1723
2470	1730
2764	1733
1818	1740
1999	1743
1940	1746
2361	1751
2721	1753
1817	1771
2095	1779
2131	1779
2111	1783
2594	1785
2502	1788
2064	1797
1817	1804
1909	1817
2116	1817
2476	1817
2701	1818
2789	1818
2064	1820
2183	1836
2552	1836
1859	1840
1981	1847
2089	1847
2303	1847
2403	1847
2386	1851
2490	1851
2509	1853
2023	1857
2697	1857
2203	1880
2659	1893
2731	1893
2611	1895
1940	1908
2209	1908
2228	1916
2088	1919
2587	1919
2665	1926
2064	1927
2219	1940
2286	1940
2631	1940
1972	1953
2288	1961
2324	1961
2700	1965
2785	1965
2476	1989
2542	1990
2361	1991
2582	1991
2141	2006
2789	2023
2187	2046
2594	2055
2307	2064
2333	2064
2582	2064
2721	2064
2749	2064
2751	2064
2116	2086
2395	2088
2587	2088
2420	2089
2557	2089
2423	2097
2232	2116
2317	2116
2461	2122
2347	2123
2476	2123
2447	2131
2353	2142
2293	2162
2645	2162
2232	2163
2361	2168
2502	2185
2540	2190
2205	2196
2252	2203
2611	2203
2636	2205
2784	2219
2388	2246
2742	2246
2782	2246
2557	2253
2787	2253
2582	2254
2476	2267
2472	2273
2575	2275
2540	2284
2539	2288
2639	2288
2645	2293
2668	2293
2385	2316
2476	2347
2467	2353
2784	2372
2480	2378
2664	2378
2742	2388
2782	2388
2582	2419
2582	2461
2588	2502
2729	2502
2724	2540
2730	2590
2688	2594
2762	2629
2668	2645
2731	2659
2726	2677
2700	2681
2735	2719
2747	2724
2782	2742
2791	2787
