0	449
0	510
1	9
1	553
3	745
4	18
4	650
4	662
7	564
9	553
12	301
14	285
14	565
18	650
18	662
19	749
21	29
21	31
21	32
21	76
21	99
21	102
21	123
21	177
21	215
21	248
21	249
21	301
21	335
21	340
21	389
21	494
21	530
21	550
21	567
21	598
21	633
21	644
21	696
22	392
23	41
23	137
23	153
23	164
23	169
23	400
23	462
23	474
23	547
23	556
23	578
23	618
23	719
25	647
26	31
26	32
26	51
26	57
26	68
26	76
26	89
26	102
26	170
26	186
26	215
26	248
26	263
26	293
26	301
26	309
26	335
26	338
26	340
26	419
26	437
26	499
26	501
26	550
26	567
26	589
26	590
26	594
26	598
26	601
26	610
26	633
26	644
26	669
26	696
26	772
27	270
27	610
27	766
28	46
28	93
28	172
28	173
28	275
28	300
28	432
28	433
28	596
28	639
28	668
28	753
28	768
29	31
29	99
29	102
29	177
29	215
29	248
29	249
29	301
29	335
29	431
29	550
29	567
29	598
29	633
29	696
30	282
30	449
31	32
31	51
31	76
31	99
31	102
31	123
31	177
31	195
31	215
31	248
31	301
31	335
31	340
31	389
31	419
31	437
31	550
31	567
31	598
31	610
31	633
31	636
31	644
31	690
31	696
31	782
32	51
32	57
32	76
32	89
32	123
32	165
32	175
32	211
32	215
32	248
32	263
32	301
32	335
32	340
32	389
32	419
32	437
32	550
32	567
32	598
32	601
32	610
32	633
32	644
32	669
32	676
32	696
32	772
32	781
33	106
33	176
33	227
33	290
33	409
33	493
33	743
34	813
38	248
40	102
41	137
41	153
41	164
41	169
41	400
41	462
41	474
41	547
41	556
41	578
41	618
41	719
46	172
46	173
46	214
46	275
46	300
46	432
46	433
46	596
46	639
46	668
46	753
46	768
47	262
47	294
47	395
47	412
47	452
47	464
47	641
47	713
47	821
49	737
50	441
51	57
51	68
51	76
51	89
51	177
51	186
51	215
51	301
51	321
51	338
51	389
51	419
51	437
51	499
51	501
51	512
51	567
51	590
51	598
51	633
51	644
51	648
51	696
51	718
51	772
51	790
54	318
55	436
56	167
56	387
56	463
56	532
57	89
57	186
57	309
57	437
57	451
57	499
57	589
57	644
57	648
57	781
57	790
68	89
68	313
68	419
68	437
68	496
68	602
68	610
68	697
68	772
69	270
69	610
69	616
69	626
69	766
69	779
71	122
71	429
71	523
73	167
73	387
73	463
73	532
73	579
76	89
76	99
76	102
76	177
76	215
76	248
76	263
76	301
76	335
76	338
76	340
76	389
76	419
76	494
76	550
76	567
76	598
76	633
76	644
76	667
76	696
76	733
76	773
77	304
77	311
77	319
77	351
77	683
77	703
85	347
85	653
85	723
87	784
88	236
89	102
89	165
89	170
89	186
89	195
89	217
89	301
89	308
89	309
89	389
89	407
89	419
89	437
89	496
89	499
89	501
89	589
89	601
89	610
89	613
89	626
89	669
89	690
89	728
89	772
89	781
89	809
93	433
93	668
95	313
95	660
95	801
99	102
99	123
99	135
99	177
99	215
99	248
99	249
99	263
99	301
99	335
99	389
99	419
99	550
99	567
99	598
99	616
99	633
99	696
99	733
99	772
99	782
99	800
102	123
102	177
102	215
102	248
102	249
102	263
102	301
102	335
102	340
102	389
102	419
102	437
102	550
102	567
102	598
102	610
102	633
102	644
102	690
102	696
102	733
102	739
102	766
102	782
106	176
106	493
106	743
110	118
112	282
112	741
122	429
122	523
123	177
123	195
123	215
123	248
123	301
123	340
123	389
123	437
123	550
123	567
123	598
123	610
123	626
123	644
123	696
123	782
124	402
124	701
129	611
135	372
135	439
135	616
135	645
135	675
135	766
135	779
137	153
137	164
137	169
137	400
137	462
137	474
137	547
137	556
137	578
137	618
137	719
143	328
143	332
143	576
143	603
143	787
144	529
148	261
148	473
149	211
149	299
149	465
149	519
149	738
151	259
151	583
153	164
153	169
153	400
153	462
153	474
153	547
153	556
153	578
153	618
153	719
158	388
161	707
163	619
163	818
164	169
164	400
164	462
164	474
164	547
164	556
164	578
164	618
164	719
165	309
165	437
165	499
165	669
165	676
165	781
167	387
167	463
167	532
167	579
169	400
169	462
169	474
169	547
169	556
169	578
169	618
169	719
170	179
170	186
170	206
170	217
170	308
170	407
170	499
170	501
170	589
170	630
170	718
170	781
170	790
170	809
172	173
172	275
172	300
172	432
172	433
172	596
172	639
172	668
172	753
172	768
173	275
173	300
173	432
173	433
173	596
173	639
173	668
173	753
173	768
175	309
175	676
176	227
176	409
176	493
176	743
177	215
177	248
177	249
177	263
177	301
177	335
177	389
177	419
177	550
177	567
177	598
177	633
177	685
177	696
177	733
177	772
177	782
179	206
179	308
179	407
179	589
184	594
184	613
184	796
186	217
186	281
186	308
186	309
186	407
186	437
186	499
186	501
186	589
186	630
186	718
186	781
186	790
186	809
191	315
191	569
195	235
195	263
195	270
195	389
195	437
195	439
195	440
195	480
195	483
195	496
195	501
195	567
195	582
195	601
195	610
195	616
195	626
195	690
195	696
195	728
195	739
195	766
195	772
195	779
195	782
200	288
200	356
200	638
201	221
201	343
206	308
206	589
207	479
211	299
211	465
211	519
211	594
211	613
211	738
211	796
214	275
214	768
215	248
215	249
215	263
215	301
215	335
215	340
215	389
215	419
215	437
215	494
215	550
215	567
215	598
215	633
215	644
215	696
215	733
217	308
217	309
217	407
217	499
217	501
217	589
217	781
217	790
217	809
220	399
220	580
221	282
227	409
228	332
229	478
231	306
231	623
232	376
234	388
235	270
235	372
235	439
235	480
235	483
235	582
235	610
235	616
235	626
235	690
235	696
235	728
235	739
235	766
235	772
235	779
242	282
243	579
248	263
248	301
248	335
248	340
248	389
248	419
248	437
248	494
248	530
248	550
248	567
248	598
248	633
248	644
248	667
248	696
248	773
248	782
249	301
249	445
249	550
249	598
249	633
249	696
253	380
253	664
253	751
259	583
261	473
262	294
263	270
263	301
263	335
263	340
263	389
263	419
263	437
263	483
263	550
263	567
263	598
263	610
263	644
263	696
263	728
263	766
263	782
266	277
266	513
266	658
270	372
270	439
270	480
270	483
270	582
270	610
270	616
270	626
270	690
270	696
270	728
270	739
270	766
270	772
270	779
275	300
275	432
275	433
275	596
275	639
275	668
275	753
275	768
277	513
277	658
281	309
281	499
282	383
282	716
287	707
288	638
288	784
290	493
293	610
293	648
297	415
297	502
299	465
299	519
299	738
300	432
300	433
300	596
300	639
300	668
300	753
300	768
301	335
301	338
301	340
301	389
301	419
301	437
301	494
301	550
301	567
301	598
301	610
301	626
301	633
301	636
301	644
301	696
301	733
301	766
301	772
301	773
301	782
304	311
304	319
304	351
304	683
304	703
306	623
308	407
308	499
308	501
308	589
308	781
309	499
309	589
309	598
309	676
309	781
311	319
311	351
311	683
311	703
311	820
313	411
313	419
313	697
315	569
319	351
319	683
319	703
320	764
321	487
328	356
328	603
328	653
328	787
330	467
332	576
332	603
333	614
335	340
335	389
335	419
335	550
335	567
335	598
335	644
335	696
335	782
337	458
338	419
338	567
338	602
338	644
340	389
340	419
340	437
340	461
340	550
340	567
340	598
340	644
340	696
340	782
344	495
347	653
347	723
351	683
351	703
356	603
356	787
358	441
365	734
366	561
366	617
372	439
372	480
372	483
372	582
372	610
372	616
372	626
372	645
372	675
372	690
372	696
372	728
372	739
372	766
372	779
376	542
376	565
376	700
376	714
378	639
380	664
380	751
383	716
385	715
387	463
387	532
387	579
389	419
389	437
389	501
389	550
389	557
389	567
389	598
389	610
389	633
389	644
389	690
389	696
389	728
389	772
389	773
395	452
395	464
395	641
395	713
395	821
400	462
400	474
400	547
400	556
400	578
400	618
400	719
402	701
407	499
407	501
407	589
407	781
407	809
408	775
409	493
409	546
409	743
410	627
411	697
415	502
418	467
419	437
419	494
419	496
419	501
419	550
419	555
419	567
419	590
419	598
419	602
419	633
419	644
419	696
419	697
419	772
421	688
424	440
428	760
429	523
432	433
432	596
432	639
432	668
432	753
432	768
433	596
433	639
433	668
433	753
433	768
437	494
437	496
437	499
437	501
437	567
437	589
437	590
437	601
437	610
437	644
437	669
437	696
437	772
437	781
437	782
439	483
439	539
439	582
439	610
439	616
439	626
439	645
439	675
439	690
439	728
439	739
439	766
439	772
439	779
440	610
440	626
441	461
441	550
441	583
441	651
446	725
449	510
451	644
451	648
451	790
452	464
452	641
452	713
452	821
461	583
461	651
462	474
462	547
462	556
462	578
462	618
463	532
463	579
464	641
464	713
464	821
465	519
465	738
474	547
474	556
474	578
474	618
474	719
480	483
480	582
480	610
480	616
480	626
480	690
480	728
480	739
480	766
480	779
483	582
483	610
483	616
483	626
483	690
483	696
483	728
483	739
483	766
483	772
483	779
486	510
489	675
489	696
489	766
493	743
494	550
494	567
494	636
494	696
496	501
496	601
496	610
496	614
496	669
499	501
499	589
499	718
499	781
499	809
501	550
501	589
501	601
501	610
501	630
501	781
501	809
510	715
510	772
512	633
513	658
519	738
526	604
530	598
532	579
538	820
539	696
542	700
542	714
547	556
547	578
547	618
547	719
550	567
550	583
550	598
550	610
550	633
550	644
550	696
550	772
550	782
556	578
556	618
561	617
565	700
565	714
567	598
567	610
567	616
567	626
567	633
567	636
567	644
567	696
567	733
567	766
567	773
567	782
576	603
578	618
578	719
582	601
582	610
582	616
582	626
582	690
582	696
582	728
582	739
582	766
582	779
589	630
589	718
589	781
589	790
589	809
590	820
594	613
594	796
596	639
596	668
596	768
598	633
598	644
598	667
598	696
598	782
601	610
601	626
601	690
601	728
601	739
602	644
603	787
610	616
610	626
610	669
610	690
610	696
610	728
610	739
610	766
610	772
610	779
610	782
613	796
616	626
616	645
616	675
616	690
616	696
616	728
616	739
616	766
616	772
616	779
618	719
619	818
622	716
626	690
626	696
626	728
626	739
626	766
626	772
626	779
626	782
630	809
633	644
633	696
633	800
636	696
639	668
639	753
639	768
641	713
641	821
644	696
644	772
645	675
645	766
648	708
648	718
648	790
650	662
653	723
660	816
664	751
668	753
668	768
675	696
675	766
675	772
680	781
683	703
685	696
690	696
690	728
690	739
690	766
690	772
690	779
696	728
696	766
696	772
696	773
696	779
696	782
696	800
697	740
700	714
713	821
716	784
718	790
728	739
728	766
728	772
728	779
739	766
739	772
739	779
753	768
766	772
766	779
766	803
772	779
772	803
781	809
782	803
789	795
449	0
510	0
9	1
553	1
745	3
18	4
650	4
662	4
564	7
553	9
301	12
285	14
565	14
650	18
662	18
749	19
29	21
31	21
32	21
76	21
99	21
102	21
123	21
177	21
215	21
248	21
249	21
301	21
335	21
340	21
389	21
494	21
530	21
550	21
567	21
598	21
633	21
644	21
696	21
392	22
41	23
137	23
153	23
164	23
169	23
400	23
462	23
474	23
547	23
556	23
578	23
618	23
719	23
647	25
31	26
32	26
51	26
57	26
68	26
76	26
89	26
102	26
170	26
186	26
215	26
248	26
263	26
293	26
301	26
309	26
335	26
338	26
340	26
419	26
437	26
499	26
501	26
550	26
567	26
589	26
590	26
594	26
598	26
601	26
610	26
633	26
644	26
669	26
696	26
772	26
270	27
610	27
766	27
46	28
93	28
172	28
173	28
275	28
300	28
432	28
433	28
596	28
639	28
668	28
753	28
768	28
31	29
99	29
102	29
177	29
215	29
248	29
249	29
301	29
335	29
431	29
550	29
567	29
598	29
633	29
696	29
282	30
449	30
32	31
51	31
76	31
99	31
102	31
123	31
177	31
195	31
215	31
248	31
301	31
335	31
340	31
389	31
419	31
437	31
550	31
567	31
598	31
610	31
633	31
636	31
644	31
690	31
696	31
782	31
51	32
57	32
76	32
89	32
123	32
165	32
175	32
211	32
215	32
248	32
263	32
301	32
335	32
340	32
389	32
419	32
437	32
550	32
567	32
598	32
601	32
610	32
633	32
644	32
669	32
676	32
696	32
772	32
781	32
106	33
176	33
227	33
290	33
409	33
493	33
743	33
813	34
248	38
102	40
137	41
153	41
164	41
169	41
400	41
462	41
474	41
547	41
556	41
578	41
618	41
719	41
172	46
173	46
214	46
275	46
300	46
432	46
433	46
596	46
639	46
668	46
753	46
768	46
262	47
294	47
395	47
412	47
452	47
464	47
641	47
713	47
821	47
737	49
441	50
57	51
68	51
76	51
89	51
177	51
186	51
215	51
301	51
321	51
338	51
389	51
419	51
437	51
499	51
501	51
512	51
567	51
590	51
598	51
633	51
644	51
648	51
696	51
718	51
772	51
790	51
318	54
436	55
167	56
387	56
463	56
532	56
89	57
186	57
309	57
437	57
451	57
499	57
589	57
644	57
648	57
781	57
790	57
89	68
313	68
419	68
437	68
496	68
602	68
610	68
697	68
772	68
270	69
610	69
616	69
626	69
766	69
779	69
122	71
429	71
523	71
167	73
387	73
463	73
532	73
579	73
89	76
99	76
102	76
177	76
215	76
248	76
263	76
301	76
335	76
338	76
340	76
389	76
419	76
494	76
550	76
567	76
598	76
633	76
644	76
667	76
696	76
733	76
773	76
304	77
311	77
319	77
351	77
683	77
703	77
347	85
653	85
723	85
784	87
236	88
102	89
165	89
170	89
186	89
195	89
217	89
301	89
308	89
309	89
389	89
407	89
419	89
437	89
496	89
499	89
501	89
589	89
601	89
610	89
613	89
626	89
669	89
690	89
728	89
772	89
781	89
809	89
433	93
668	93
313	95
660	95
801	95
102	99
123	99
135	99
177	99
215	99
248	99
249	99
263	99
301	99
335	99
389	99
419	99
550	99
567	99
598	99
616	99
633	99
696	99
733	99
772	99
782	99
800	99
123	102
177	102
215	102
248	102
249	102
263	102
301	102
335	102
340	102
389	102
419	102
437	102
550	102
567	102
598	102
610	102
633	102
644	102
690	102
696	102
733	102
739	102
766	102
782	102
176	106
493	106
743	106
118	110
282	112
741	112
429	122
523	122
177	123
195	123
215	123
248	123
301	123
340	123
389	123
437	123
550	123
567	123
598	123
610	123
626	123
644	123
696	123
782	123
402	124
701	124
611	129
372	135
439	135
616	135
645	135
675	135
766	135
779	135
153	137
164	137
169	137
400	137
462	137
474	137
547	137
556	137
578	137
618	137
719	137
328	143
332	143
576	143
603	143
787	143
529	144
261	148
473	148
211	149
299	149
465	149
519	149
738	149
259	151
583	151
164	153
169	153
400	153
462	153
474	153
547	153
556	153
578	153
618	153
719	153
388	158
707	161
619	163
818	163
169	164
400	164
462	164
474	164
547	164
556	164
578	164
618	164
719	164
309	165
437	165
499	165
669	165
676	165
781	165
387	167
463	167
532	167
579	167
400	169
462	169
474	169
547	169
556	169
578	169
618	169
719	169
179	170
186	170
206	170
217	170
308	170
407	170
499	170
501	170
589	170
630	170
718	170
781	170
790	170
809	170
173	172
275	172
300	172
432	172
433	172
596	172
639	172
668	172
753	172
768	172
275	173
300	173
432	173
433	173
596	173
639	173
668	173
753	173
768	173
309	175
676	175
227	176
409	176
493	176
743	176
215	177
248	177
249	177
263	177
301	177
335	177
389	177
419	177
550	177
567	177
598	177
633	177
685	177
696	177
733	177
772	177
782	177
206	179
308	179
407	179
589	179
594	184
613	184
796	184
217	186
281	186
308	186
309	186
407	186
437	186
499	186
501	186
589	186
630	186
718	186
781	186
790	186
809	186
315	191
569	191
235	195
263	195
270	195
389	195
437	195
439	195
440	195
480	195
483	195
496	195
501	195
567	195
582	195
601	195
610	195
616	195
626	195
690	195
696	195
728	195
739	195
766	195
772	195
779	195
782	195
288	200
356	200
638	200
221	201
343	201
308	206
589	206
479	207
299	211
465	211
519	211
594	211
613	211
738	211
796	211
275	214
768	214
248	215
249	215
263	215
301	215
335	215
340	215
389	215
419	215
437	215
494	215
550	215
567	215
598	215
633	215
644	215
696	215
733	215
308	217
309	217
407	217
499	217
501	217
589	217
781	217
790	217
809	217
399	220
580	220
282	221
409	227
332	228
478	229
306	231
623	231
376	232
388	234
270	235
372	235
439	235
480	235
483	235
582	235
610	235
616	235
626	235
690	235
696	235
728	235
739	235
766	235
772	235
779	235
282	242
579	243
263	248
301	248
335	248
340	248
389	248
419	248
437	248
494	248
530	248
550	248
567	248
598	248
633	248
644	248
667	248
696	248
773	248
782	248
301	249
445	249
550	249
598	249
633	249
696	249
380	253
664	253
751	253
583	259
473	261
294	262
270	263
301	263
335	263
340	263
389	263
419	263
437	263
483	263
550	263
567	263
598	263
610	263
644	263
696	263
728	263
766	263
782	263
277	266
513	266
658	266
372	270
439	270
480	270
483	270
582	270
610	270
616	270
626	270
690	270
696	270
728	270
739	270
766	270
772	270
779	270
300	275
432	275
433	275
596	275
639	275
668	275
753	275
768	275
513	277
658	277
309	281
499	281
383	282
716	282
707	287
638	288
784	288
493	290
610	293
648	293
415	297
502	297
465	299
519	299
738	299
432	300
433	300
596	300
639	300
668	300
753	300
768	300
335	301
338	301
340	301
389	301
419	301
437	301
494	301
550	301
567	301
598	301
610	301
626	301
633	301
636	301
644	301
696	301
733	301
766	301
772	301
773	301
782	301
311	304
319	304
351	304
683	304
703	304
623	306
407	308
499	308
501	308
589	308
781	308
499	309
589	309
598	309
676	309
781	309
319	311
351	311
683	311
703	311
820	311
411	313
419	313
697	313
569	315
351	319
683	319
703	319
764	320
487	321
356	328
603	328
653	328
787	328
467	330
576	332
603	332
614	333
340	335
389	335
419	335
550	335
567	335
598	335
644	335
696	335
782	335
458	337
419	338
567	338
602	338
644	338
389	340
419	340
437	340
461	340
550	340
567	340
598	340
644	340
696	340
782	340
495	344
653	347
723	347
683	351
703	351
603	356
787	356
441	358
734	365
561	366
617	366
439	372
480	372
483	372
582	372
610	372
616	372
626	372
645	372
675	372
690	372
696	372
728	372
739	372
766	372
779	372
542	376
565	376
700	376
714	376
639	378
664	380
751	380
716	383
715	385
463	387
532	387
579	387
419	389
437	389
501	389
550	389
557	389
567	389
598	389
610	389
633	389
644	389
690	389
696	389
728	389
772	389
773	389
452	395
464	395
641	395
713	395
821	395
462	400
474	400
547	400
556	400
578	400
618	400
719	400
701	402
499	407
501	407
589	407
781	407
809	407
775	408
493	409
546	409
743	409
627	410
697	411
502	415
467	418
437	419
494	419
496	419
501	419
550	419
555	419
567	419
590	419
598	419
602	419
633	419
644	419
696	419
697	419
772	419
688	421
440	424
760	428
523	429
433	432
596	432
639	432
668	432
753	432
768	432
596	433
639	433
668	433
753	433
768	433
494	437
496	437
499	437
501	437
567	437
589	437
590	437
601	437
610	437
644	437
669	437
696	437
772	437
781	437
782	437
483	439
539	439
582	439
610	439
616	439
626	439
645	439
675	439
690	439
728	439
739	439
766	439
772	439
779	439
610	440
626	440
461	441
550	441
583	441
651	441
725	446
510	449
644	451
648	451
790	451
464	452
641	452
713	452
821	452
583	461
651	461
474	462
547	462
556	462
578	462
618	462
532	463
579	463
641	464
713	464
821	464
519	465
738	465
547	474
556	474
578	474
618	474
719	474
483	480
582	480
610	480
616	480
626	480
690	480
728	480
739	480
766	480
779	480
582	483
610	483
616	483
626	483
690	483
696	483
728	483
739	483
766	483
772	483
779	483
510	486
675	489
696	489
766	489
743	493
550	494
567	494
636	494
696	494
501	496
601	496
610	496
614	496
669	496
501	499
589	499
718	499
781	499
809	499
550	501
589	501
601	501
610	501
630	501
781	501
809	501
715	510
772	510
633	512
658	513
738	519
604	526
598	530
579	532
820	538
696	539
700	542
714	542
556	547
578	547
618	547
719	547
567	550
583	550
598	550
610	550
633	550
644	550
696	550
772	550
782	550
578	556
618	556
617	561
700	565
714	565
598	567
610	567
616	567
626	567
633	567
636	567
644	567
696	567
733	567
766	567
773	567
782	567
603	576
618	578
719	578
601	582
610	582
616	582
626	582
690	582
696	582
728	582
739	582
766	582
779	582
630	589
718	589
781	589
790	589
809	589
820	590
613	594
796	594
639	596
668	596
768	596
633	598
644	598
667	598
696	598
782	598
610	601
626	601
690	601
728	601
739	601
644	602
787	603
616	610
626	610
669	610
690	610
696	610
728	610
739	610
766	610
772	610
779	610
782	610
796	613
626	616
645	616
675	616
690	616
696	616
728	616
739	616
766	616
772	616
779	616
719	618
818	619
716	622
690	626
696	626
728	626
739	626
766	626
772	626
779	626
782	626
809	630
644	633
696	633
800	633
696	636
668	639
753	639
768	639
713	641
821	641
696	644
772	644
675	645
766	645
708	648
718	648
790	648
662	650
723	653
816	660
751	664
753	668
768	668
696	675
766	675
772	675
781	680
703	683
696	685
696	690
728	690
739	690
766	690
772	690
779	690
728	696
766	696
772	696
773	696
779	696
782	696
800	696
740	697
714	700
821	713
784	716
790	718
739	728
766	728
772	728
779	728
766	739
772	739
779	739
768	753
772	766
779	766
803	766
779	772
803	772
809	781
803	782
795	789
