4	50
4	815
5	20
5	710
7	37
7	42
7	98
7	148
7	202
7	215
7	289
7	468
7	490
7	492
7	538
7	705
7	820
7	874
11	590
15	620
18	29
18	38
18	58
18	78
18	87
18	98
18	133
18	144
18	187
18	207
18	239
18	335
18	344
18	406
18	456
18	525
18	534
18	548
18	557
18	560
18	566
18	592
18	599
18	649
18	662
18	698
18	745
18	778
18	829
18	856
18	865
18	887
19	62
20	710
22	39
22	117
22	249
22	328
22	336
22	458
22	551
22	606
22	813
23	37
23	38
23	59
23	111
23	114
23	144
23	237
23	275
23	279
23	282
23	295
23	301
23	306
23	334
23	375
23	381
23	434
23	490
23	513
23	538
23	546
23	577
23	609
23	610
23	622
23	627
23	658
23	667
23	685
23	691
23	705
23	728
23	761
23	778
23	861
28	146
28	707
29	37
29	38
29	42
29	58
29	78
29	98
29	114
29	144
29	187
29	202
29	207
29	237
29	289
29	295
29	300
29	306
29	325
29	334
29	335
29	375
29	378
29	381
29	468
29	490
29	492
29	513
29	534
29	538
29	546
29	548
29	557
29	560
29	577
29	609
29	610
29	622
29	627
29	649
29	650
29	658
29	662
29	667
29	670
29	691
29	698
29	705
29	731
29	761
29	778
29	820
31	192
31	297
31	670
31	837
36	503
37	38
37	58
37	59
37	111
37	114
37	202
37	215
37	237
37	282
37	295
37	306
37	334
37	375
37	381
37	434
37	468
37	490
37	492
37	513
37	529
37	538
37	546
37	577
37	609
37	610
37	622
37	627
37	658
37	667
37	670
37	685
37	691
37	698
37	705
37	728
37	761
37	778
37	857
37	861
38	58
38	78
38	98
38	114
38	144
38	194
38	202
38	237
38	282
38	289
38	334
38	335
38	375
38	381
38	434
38	468
38	490
38	492
38	513
38	538
38	546
38	577
38	592
38	609
38	610
38	622
38	627
38	658
38	662
38	667
38	670
38	685
38	691
38	698
38	705
38	731
38	761
38	778
38	795
38	833
38	856
39	103
39	117
39	249
39	321
39	328
39	336
39	458
39	551
39	666
39	790
39	813
39	855
42	144
42	148
42	778
42	820
42	833
42	860
42	874
49	322
52	860
54	127
54	141
54	158
54	288
54	320
54	327
54	419
54	445
54	480
54	508
54	520
54	717
54	798
54	800
54	817
54	818
54	842
54	866
54	899
58	98
58	114
58	144
58	202
58	207
58	237
58	282
58	295
58	306
58	331
58	334
58	335
58	357
58	378
58	434
58	468
58	490
58	492
58	513
58	538
58	546
58	557
58	560
58	592
58	609
58	620
58	622
58	627
58	650
58	658
58	667
58	685
58	691
58	698
58	705
58	708
58	728
58	761
58	778
58	795
58	833
58	865
59	111
59	114
59	202
59	237
59	275
59	279
59	282
59	295
59	301
59	306
59	334
59	375
59	381
59	490
59	513
59	577
59	609
59	610
59	627
59	658
59	667
59	685
59	691
59	705
59	761
64	86
64	271
64	276
64	432
64	591
64	648
64	812
75	335
77	100
77	228
77	297
77	512
77	533
77	670
77	676
77	683
77	837
77	854
78	98
78	133
78	239
78	406
78	492
78	534
78	554
78	557
78	560
78	662
78	670
78	698
78	731
78	856
80	225
84	337
84	347
84	392
84	713
84	747
84	768
86	276
86	432
86	583
86	591
86	639
86	648
87	98
87	144
87	187
87	207
87	239
87	335
87	344
87	406
87	451
87	456
87	492
87	525
87	534
87	548
87	557
87	560
87	566
87	599
87	649
87	687
87	698
87	856
87	865
87	887
88	859
95	842
95	859
98	114
98	144
98	187
98	207
98	215
98	239
98	282
98	300
98	334
98	335
98	344
98	406
98	434
98	456
98	468
98	492
98	525
98	533
98	534
98	538
98	546
98	548
98	554
98	557
98	560
98	566
98	599
98	622
98	649
98	662
98	670
98	683
98	685
98	698
98	731
98	778
98	856
98	887
100	147
100	150
100	215
100	228
100	246
100	258
100	267
100	297
100	416
100	495
100	512
100	529
100	533
100	536
100	538
100	539
100	574
100	611
100	670
100	676
100	683
100	706
100	761
100	808
100	829
100	837
100	854
100	867
103	551
103	666
103	855
111	114
111	144
111	150
111	202
111	228
111	237
111	275
111	279
111	282
111	289
111	295
111	306
111	334
111	375
111	434
111	468
111	490
111	513
111	538
111	546
111	577
111	592
111	610
111	622
111	627
111	658
111	667
111	676
111	685
111	691
111	728
111	761
111	778
111	857
111	861
114	144
114	202
114	223
114	237
114	248
114	275
114	282
114	289
114	295
114	300
114	301
114	306
114	323
114	334
114	340
114	375
114	378
114	381
114	434
114	468
114	490
114	492
114	513
114	538
114	546
114	577
114	609
114	610
114	622
114	627
114	658
114	663
114	667
114	685
114	691
114	705
114	728
114	761
114	778
114	795
114	833
114	861
116	880
117	328
117	336
117	551
117	666
117	813
117	855
124	435
124	498
124	810
125	171
125	726
127	141
127	445
127	508
127	520
127	798
127	800
127	899
131	159
132	396
132	554
132	674
134	399
134	483
141	445
141	508
141	520
141	800
141	899
143	671
144	202
144	207
144	237
144	239
144	279
144	282
144	295
144	300
144	306
144	325
144	334
144	335
144	375
144	378
144	406
144	434
144	468
144	469
144	490
144	492
144	513
144	534
144	538
144	546
144	548
144	557
144	560
144	577
144	592
144	604
144	609
144	610
144	617
144	622
144	627
144	649
144	650
144	658
144	663
144	667
144	685
144	691
144	698
144	705
144	708
144	728
144	731
144	761
144	778
144	833
144	856
144	857
144	861
144	865
146	707
147	215
147	228
147	258
147	297
147	334
147	495
147	529
147	533
147	536
147	670
147	676
147	683
147	808
147	854
147	867
148	778
148	874
150	228
150	246
150	282
150	293
150	295
150	366
150	416
150	495
150	529
150	538
150	547
150	676
150	706
150	740
150	837
150	854
150	861
150	867
153	812
157	352
158	480
158	717
158	798
158	817
158	818
158	866
160	371
160	636
160	661
160	664
160	862
161	588
162	667
166	332
166	807
166	860
166	866
171	726
172	321
172	328
172	422
172	551
179	509
180	679
180	896
185	734
185	762
185	828
187	198
187	207
187	227
187	239
187	335
187	344
187	406
187	451
187	456
187	525
187	534
187	548
187	557
187	560
187	566
187	599
187	649
187	687
187	698
187	856
187	865
187	887
198	227
198	344
198	456
198	649
201	300
201	372
201	855
202	282
202	289
202	295
202	301
202	306
202	334
202	375
202	381
202	434
202	468
202	490
202	513
202	538
202	546
202	609
202	610
202	622
202	627
202	658
202	667
202	685
202	705
202	761
202	778
202	857
202	861
205	286
207	239
207	309
207	335
207	344
207	406
207	451
207	456
207	492
207	525
207	534
207	548
207	557
207	560
207	566
207	599
207	649
207	687
207	698
207	778
207	856
207	865
207	887
210	400
210	497
213	710
214	766
215	228
215	258
215	282
215	289
215	297
215	434
215	492
215	495
215	529
215	533
215	536
215	538
215	539
215	554
215	560
215	574
215	611
215	627
215	662
215	667
215	670
215	676
215	683
215	761
215	808
215	829
215	837
215	854
215	857
215	867
219	330
219	464
219	561
219	630
220	767
227	344
227	649
228	246
228	258
228	267
228	282
228	297
228	334
228	366
228	416
228	495
228	512
228	529
228	533
228	536
228	538
228	539
228	547
228	574
228	611
228	670
228	676
228	683
228	706
228	740
228	761
228	808
228	829
228	837
228	854
228	861
228	867
229	475
234	264
237	275
237	279
237	282
237	289
237	295
237	306
237	334
237	340
237	375
237	381
237	434
237	468
237	490
237	492
237	513
237	538
237	546
237	577
237	609
237	610
237	622
237	627
237	658
237	667
237	685
237	691
237	705
237	728
237	761
237	778
237	861
239	335
239	344
239	406
239	456
239	525
239	534
239	548
239	557
239	560
239	566
239	599
239	649
239	698
239	778
239	856
239	865
239	887
240	317
240	498
240	783
246	366
246	416
246	495
246	529
246	545
246	670
246	676
246	740
246	837
246	867
248	605
248	658
249	458
250	371
252	738
253	626
253	681
254	280
254	421
255	286
255	300
255	349
258	267
258	297
258	416
258	495
258	512
258	533
258	536
258	539
258	611
258	670
258	676
258	683
258	761
258	808
258	837
258	854
258	867
263	561
266	379
266	639
267	533
267	538
267	539
267	670
267	676
267	683
267	837
267	867
269	498
269	555
273	573
275	279
275	295
275	334
275	340
275	500
275	577
275	610
275	658
275	667
275	691
275	761
276	432
276	583
276	591
276	639
276	648
276	812
279	295
279	375
279	577
279	610
279	622
279	627
279	658
279	667
279	691
279	728
279	761
280	316
280	335
280	421
280	600
280	765
280	782
282	289
282	295
282	306
282	323
282	334
282	375
282	381
282	434
282	468
282	490
282	513
282	538
282	546
282	577
282	592
282	609
282	610
282	622
282	627
282	658
282	667
282	676
282	685
282	698
282	761
282	778
282	795
282	837
282	857
282	861
282	867
284	288
284	320
284	419
286	349
286	468
286	554
288	320
288	327
288	419
288	798
288	800
288	842
289	295
289	297
289	306
289	334
289	375
289	381
289	434
289	468
289	490
289	492
289	513
289	529
289	538
289	539
289	546
289	604
289	609
289	610
289	620
289	622
289	627
289	658
289	667
289	670
289	685
289	698
289	705
289	728
289	751
289	761
289	778
289	837
289	857
289	861
292	572
293	411
293	538
293	658
295	301
295	306
295	334
295	340
295	375
295	378
295	381
295	434
295	468
295	490
295	492
295	512
295	513
295	529
295	538
295	546
295	577
295	588
295	609
295	610
295	622
295	627
295	658
295	667
295	685
295	691
295	705
295	728
295	761
295	778
295	837
295	857
295	861
296	317
297	416
297	495
297	512
297	533
297	536
297	539
297	574
297	670
297	676
297	683
297	761
297	808
297	829
297	837
297	854
297	867
300	348
300	468
300	492
300	560
300	698
300	778
301	334
301	375
301	490
301	513
301	609
301	627
301	667
301	705
306	334
306	375
306	378
306	381
306	434
306	468
306	490
306	495
306	513
306	538
306	610
306	622
306	627
306	658
306	667
306	670
306	685
306	691
306	705
306	761
306	778
306	837
306	861
306	867
309	406
309	548
309	557
310	341
314	596
316	421
316	600
316	765
316	782
317	866
318	538
318	772
320	327
320	419
320	798
320	800
320	842
321	328
321	422
321	551
321	877
323	490
323	513
323	577
323	761
325	670
325	708
327	419
328	336
328	422
328	551
328	666
328	790
328	813
328	855
328	877
330	464
330	561
330	630
331	672
332	807
332	860
334	375
334	378
334	381
334	434
334	468
334	490
334	492
334	513
334	529
334	538
334	546
334	592
334	604
334	609
334	610
334	622
334	627
334	658
334	667
334	670
334	683
334	685
334	691
334	698
334	705
334	728
334	761
334	778
334	794
334	795
334	837
334	844
334	857
334	861
335	344
335	406
335	421
335	456
335	492
335	548
335	557
335	560
335	566
335	567
335	599
335	649
335	662
335	670
335	698
335	778
335	856
336	458
336	551
336	666
336	813
336	855
337	347
337	392
337	713
337	747
337	768
340	577
340	609
340	627
340	658
340	761
344	406
344	456
344	534
344	548
344	557
344	560
344	566
344	649
344	698
344	856
347	392
347	713
347	747
347	768
349	460
349	468
349	795
351	526
351	629
351	780
364	690
365	555
366	416
366	495
366	547
366	676
366	706
366	740
366	837
366	867
369	524
371	636
371	664
375	381
375	434
375	468
375	490
375	513
375	538
375	546
375	577
375	609
375	610
375	622
375	627
375	658
375	667
375	685
375	705
375	761
375	778
375	857
375	861
378	468
378	490
378	513
378	627
378	663
378	667
378	705
378	778
378	794
379	639
380	692
381	434
381	468
381	490
381	492
381	513
381	538
381	546
381	609
381	610
381	622
381	627
381	658
381	667
381	685
381	705
381	761
381	778
381	857
385	484
385	555
392	713
392	747
392	768
393	416
393	495
393	547
393	706
393	740
393	837
396	554
396	731
399	483
400	497
404	798
404	800
404	817
404	866
406	451
406	456
406	492
406	525
406	534
406	548
406	557
406	560
406	566
406	599
406	649
406	687
406	698
406	778
406	856
406	887
416	495
416	529
416	533
416	536
416	539
416	547
416	670
416	676
416	683
416	706
416	740
416	761
416	808
416	837
416	854
416	867
419	798
419	800
419	842
421	504
421	600
421	765
421	782
422	551
422	877
432	583
432	591
432	639
432	648
432	812
434	468
434	490
434	492
434	513
434	538
434	546
434	560
434	609
434	610
434	617
434	622
434	627
434	658
434	667
434	670
434	685
434	691
434	698
434	705
434	728
434	751
434	761
434	778
434	795
434	844
434	861
435	810
440	666
440	855
441	858
445	508
445	520
445	800
445	899
447	759
451	456
451	548
451	566
451	599
451	649
454	490
454	650
456	534
456	548
456	557
456	560
456	566
456	599
456	649
456	698
456	856
456	887
458	551
458	606
458	813
459	684
464	561
464	630
466	482
466	831
467	524
468	469
468	490
468	492
468	513
468	538
468	546
468	554
468	560
468	609
468	610
468	622
468	627
468	650
468	658
468	663
468	667
468	685
468	691
468	705
468	761
468	778
468	795
468	833
468	845
469	490
469	513
469	622
469	705
469	778
469	882
476	764
480	717
480	798
480	800
480	817
480	818
480	866
482	831
484	588
490	492
490	513
490	538
490	546
490	560
490	577
490	609
490	610
490	622
490	627
490	649
490	650
490	658
490	663
490	667
490	685
490	691
490	698
490	705
490	728
490	761
490	778
490	795
490	857
490	865
492	538
492	554
492	557
492	560
492	592
492	609
492	620
492	622
492	627
492	649
492	650
492	662
492	667
492	670
492	685
492	698
492	705
492	731
492	761
492	778
492	795
492	833
492	856
492	857
495	529
495	533
495	538
495	539
495	670
495	676
495	683
495	706
495	740
495	808
495	837
495	854
495	861
495	867
497	610
498	547
498	637
503	569
507	705
507	708
507	865
508	520
508	800
508	899
510	656
510	795
512	529
512	533
512	538
512	539
512	559
512	574
512	670
512	676
512	683
512	761
512	808
512	837
512	854
513	538
513	546
513	577
513	609
513	610
513	622
513	627
513	658
513	667
513	685
513	691
513	698
513	705
513	728
513	761
513	778
513	844
513	857
513	861
515	783
520	798
520	800
520	899
525	534
525	548
525	557
525	560
525	599
525	649
525	698
525	778
526	629
526	780
529	533
529	538
529	539
529	574
529	670
529	676
529	683
529	740
529	761
529	778
529	837
529	867
532	623
532	721
533	536
533	538
533	539
533	547
533	574
533	662
533	670
533	676
533	683
533	761
533	808
533	829
533	837
533	854
533	867
534	548
534	557
534	560
534	566
534	599
534	649
534	698
534	856
534	887
536	539
536	611
536	667
536	670
536	676
536	683
536	808
536	829
536	837
536	854
538	539
538	546
538	559
538	604
538	609
538	610
538	622
538	627
538	658
538	667
538	670
538	676
538	683
538	685
538	698
538	705
538	728
538	751
538	761
538	778
538	808
538	829
538	837
538	854
538	857
538	861
538	867
539	611
539	670
539	676
539	683
539	751
539	761
539	808
539	837
539	854
539	867
545	740
545	761
545	837
546	555
546	577
546	609
546	610
546	622
546	627
546	658
546	667
546	685
546	691
546	698
546	705
546	728
546	761
546	778
546	857
546	861
547	555
547	637
547	676
547	706
547	740
547	837
548	557
548	560
548	566
548	599
548	649
548	698
548	856
548	865
548	885
548	887
551	666
551	790
551	813
551	855
554	560
554	662
554	670
554	674
554	731
555	637
557	560
557	566
557	599
557	649
557	698
557	778
557	856
557	887
559	751
560	566
560	599
560	610
560	649
560	662
560	670
560	687
560	698
560	778
560	856
560	887
561	630
565	764
566	599
566	649
566	687
566	698
566	856
566	887
568	890
569	756
569	783
574	670
574	676
574	683
574	761
574	829
574	837
574	854
577	609
577	610
577	622
577	627
577	658
577	667
577	685
577	691
577	705
577	749
577	761
579	838
583	591
583	639
583	648
590	672
591	639
591	648
592	617
592	650
592	658
592	708
592	773
592	778
592	861
599	649
599	698
599	856
599	887
600	765
600	782
604	620
604	627
604	670
604	705
609	610
609	622
609	627
609	658
609	667
609	685
609	691
609	705
609	728
609	761
609	778
609	857
610	622
610	627
610	658
610	667
610	670
610	685
610	691
610	698
610	705
610	728
610	751
610	761
610	778
610	857
610	861
611	667
611	670
611	683
611	761
611	837
611	845
611	854
617	778
622	627
622	658
622	667
622	670
622	685
622	691
622	698
622	705
622	728
622	761
622	778
622	795
622	857
622	861
623	721
626	681
627	658
627	667
627	670
627	676
627	683
627	685
627	691
627	705
627	728
627	751
627	761
627	778
627	795
627	837
627	844
627	857
627	861
629	780
634	637
636	664
639	648
639	842
649	687
649	698
649	778
649	856
649	865
649	887
650	778
658	667
658	685
658	691
658	698
658	705
658	728
658	761
658	778
658	857
661	664
661	862
662	670
662	683
662	698
662	751
662	808
663	705
664	862
666	813
666	855
667	670
667	676
667	685
667	691
667	705
667	728
667	751
667	761
667	778
667	795
667	837
667	857
667	861
668	849
670	676
670	683
670	685
670	698
670	731
670	751
670	761
670	778
670	808
670	829
670	837
670	854
670	857
670	867
675	835
676	683
676	706
676	740
676	751
676	761
676	808
676	829
676	837
676	854
676	861
676	867
679	896
682	834
683	751
683	761
683	808
683	829
683	837
683	854
683	857
683	867
685	691
685	705
685	728
685	749
685	761
685	778
685	795
685	844
685	857
685	861
685	882
687	887
691	705
691	728
691	761
691	778
691	845
698	705
698	778
698	833
698	856
698	887
705	728
705	761
705	778
706	740
706	837
706	867
708	773
708	865
713	747
713	768
715	748
717	798
717	800
717	817
717	818
717	866
728	761
728	778
728	795
728	861
734	762
734	828
740	761
740	837
740	861
740	867
745	856
747	768
749	761
751	761
751	808
751	829
756	783
758	799
761	778
761	829
761	837
761	844
761	854
761	857
761	861
761	867
762	828
765	782
778	833
778	856
778	857
778	861
790	855
795	820
795	833
795	861
795	874
798	800
798	817
798	818
798	866
798	899
800	817
800	818
800	842
800	866
800	899
807	860
808	829
808	837
808	854
813	855
817	818
817	866
818	866
820	874
829	837
829	854
837	854
837	861
837	867
837	882
842	859
844	861
854	867
856	885
856	887
857	882
861	867
50	4
815	4
20	5
710	5
37	7
42	7
98	7
148	7
202	7
215	7
289	7
468	7
490	7
492	7
538	7
705	7
820	7
874	7
590	11
620	15
29	18
38	18
58	18
78	18
87	18
98	18
133	18
144	18
187	18
207	18
239	18
335	18
344	18
406	18
456	18
525	18
534	18
548	18
557	18
560	18
566	18
592	18
599	18
649	18
662	18
698	18
745	18
778	18
829	18
856	18
865	18
887	18
62	19
710	20
39	22
117	22
249	22
328	22
336	22
458	22
551	22
606	22
813	22
37	23
38	23
59	23
111	23
114	23
144	23
237	23
275	23
279	23
282	23
295	23
301	23
306	23
334	23
375	23
381	23
434	23
490	23
513	23
538	23
546	23
577	23
609	23
610	23
622	23
627	23
658	23
667	23
685	23
691	23
705	23
728	23
761	23
778	23
861	23
146	28
707	28
37	29
38	29
42	29
58	29
78	29
98	29
114	29
144	29
187	29
202	29
207	29
237	29
289	29
295	29
300	29
306	29
325	29
334	29
335	29
375	29
378	29
381	29
468	29
490	29
492	29
513	29
534	29
538	29
546	29
548	29
557	29
560	29
577	29
609	29
610	29
622	29
627	29
649	29
650	29
658	29
662	29
667	29
670	29
691	29
698	29
705	29
731	29
761	29
778	29
820	29
192	31
297	31
670	31
837	31
503	36
38	37
58	37
59	37
111	37
114	37
202	37
215	37
237	37
282	37
295	37
306	37
334	37
375	37
381	37
434	37
468	37
490	37
492	37
513	37
529	37
538	37
546	37
577	37
609	37
610	37
622	37
627	37
658	37
667	37
670	37
685	37
691	37
698	37
705	37
728	37
761	37
778	37
857	37
861	37
58	38
78	38
98	38
114	38
144	38
194	38
202	38
237	38
282	38
289	38
334	38
335	38
375	38
381	38
434	38
468	38
490	38
492	38
513	38
538	38
546	38
577	38
592	38
609	38
610	38
622	38
627	38
658	38
662	38
667	38
670	38
685	38
691	38
698	38
705	38
731	38
761	38
778	38
795	38
833	38
856	38
103	39
117	39
249	39
321	39
328	39
336	39
458	39
551	39
666	39
790	39
813	39
855	39
144	42
148	42
778	42
820	42
833	42
860	42
874	42
322	49
860	52
127	54
141	54
158	54
288	54
320	54
327	54
419	54
445	54
480	54
508	54
520	54
717	54
798	54
800	54
817	54
818	54
842	54
866	54
899	54
98	58
114	58
144	58
202	58
207	58
237	58
282	58
295	58
306	58
331	58
334	58
335	58
357	58
378	58
434	58
468	58
490	58
492	58
513	58
538	58
546	58
557	58
560	58
592	58
609	58
620	58
622	58
627	58
650	58
658	58
667	58
685	58
691	58
698	58
705	58
708	58
728	58
761	58
778	58
795	58
833	58
865	58
111	59
114	59
202	59
237	59
275	59
279	59
282	59
295	59
301	59
306	59
334	59
375	59
381	59
490	59
513	59
577	59
609	59
610	59
627	59
658	59
667	59
685	59
691	59
705	59
761	59
86	64
271	64
276	64
432	64
591	64
648	64
812	64
335	75
100	77
228	77
297	77
512	77
533	77
670	77
676	77
683	77
837	77
854	77
98	78
133	78
239	78
406	78
492	78
534	78
554	78
557	78
560	78
662	78
670	78
698	78
731	78
856	78
225	80
337	84
347	84
392	84
713	84
747	84
768	84
276	86
432	86
583	86
591	86
639	86
648	86
98	87
144	87
187	87
207	87
239	87
335	87
344	87
406	87
451	87
456	87
492	87
525	87
534	87
548	87
557	87
560	87
566	87
599	87
649	87
687	87
698	87
856	87
865	87
887	87
859	88
842	95
859	95
114	98
144	98
187	98
207	98
215	98
239	98
282	98
300	98
334	98
335	98
344	98
406	98
434	98
456	98
468	98
492	98
525	98
533	98
534	98
538	98
546	98
548	98
554	98
557	98
560	98
566	98
599	98
622	98
649	98
662	98
670	98
683	98
685	98
698	98
731	98
778	98
856	98
887	98
147	100
150	100
215	100
228	100
246	100
258	100
267	100
297	100
416	100
495	100
512	100
529	100
533	100
536	100
538	100
539	100
574	100
611	100
670	100
676	100
683	100
706	100
761	100
808	100
829	100
837	100
854	100
867	100
551	103
666	103
855	103
114	111
144	111
150	111
202	111
228	111
237	111
275	111
279	111
282	111
289	111
295	111
306	111
334	111
375	111
434	111
468	111
490	111
513	111
538	111
546	111
577	111
592	111
610	111
622	111
627	111
658	111
667	111
676	111
685	111
691	111
728	111
761	111
778	111
857	111
861	111
144	114
202	114
223	114
237	114
248	114
275	114
282	114
289	114
295	114
300	114
301	114
306	114
323	114
334	114
340	114
375	114
378	114
381	114
434	114
468	114
490	114
492	114
513	114
538	114
546	114
577	114
609	114
610	114
622	114
627	114
658	114
663	114
667	114
685	114
691	114
705	114
728	114
761	114
778	114
795	114
833	114
861	114
880	116
328	117
336	117
551	117
666	117
813	117
855	117
435	124
498	124
810	124
171	125
726	125
141	127
445	127
508	127
520	127
798	127
800	127
899	127
159	131
396	132
554	132
674	132
399	134
483	134
445	141
508	141
520	141
800	141
899	141
671	143
202	144
207	144
237	144
239	144
279	144
282	144
295	144
300	144
306	144
325	144
334	144
335	144
375	144
378	144
406	144
434	144
468	144
469	144
490	144
492	144
513	144
534	144
538	144
546	144
548	144
557	144
560	144
577	144
592	144
604	144
609	144
610	144
617	144
622	144
627	144
649	144
650	144
658	144
663	144
667	144
685	144
691	144
698	144
705	144
708	144
728	144
731	144
761	144
778	144
833	144
856	144
857	144
861	144
865	144
707	146
215	147
228	147
258	147
297	147
334	147
495	147
529	147
533	147
536	147
670	147
676	147
683	147
808	147
854	147
867	147
778	148
874	148
228	150
246	150
282	150
293	150
295	150
366	150
416	150
495	150
529	150
538	150
547	150
676	150
706	150
740	150
837	150
854	150
861	150
867	150
812	153
352	157
480	158
717	158
798	158
817	158
818	158
866	158
371	160
636	160
661	160
664	160
862	160
588	161
667	162
332	166
807	166
860	166
866	166
726	171
321	172
328	172
422	172
551	172
509	179
679	180
896	180
734	185
762	185
828	185
198	187
207	187
227	187
239	187
335	187
344	187
406	187
451	187
456	187
525	187
534	187
548	187
557	187
560	187
566	187
599	187
649	187
687	187
698	187
856	187
865	187
887	187
227	198
344	198
456	198
649	198
300	201
372	201
855	201
282	202
289	202
295	202
301	202
306	202
334	202
375	202
381	202
434	202
468	202
490	202
513	202
538	202
546	202
609	202
610	202
622	202
627	202
658	202
667	202
685	202
705	202
761	202
778	202
857	202
861	202
286	205
239	207
309	207
335	207
344	207
406	207
451	207
456	207
492	207
525	207
534	207
548	207
557	207
560	207
566	207
599	207
649	207
687	207
698	207
778	207
856	207
865	207
887	207
400	210
497	210
710	213
766	214
228	215
258	215
282	215
289	215
297	215
434	215
492	215
495	215
529	215
533	215
536	215
538	215
539	215
554	215
560	215
574	215
611	215
627	215
662	215
667	215
670	215
676	215
683	215
761	215
808	215
829	215
837	215
854	215
857	215
867	215
330	219
464	219
561	219
630	219
767	220
344	227
649	227
246	228
258	228
267	228
282	228
297	228
334	228
366	228
416	228
495	228
512	228
529	228
533	228
536	228
538	228
539	228
547	228
574	228
611	228
670	228
676	228
683	228
706	228
740	228
761	228
808	228
829	228
837	228
854	228
861	228
867	228
475	229
264	234
275	237
279	237
282	237
289	237
295	237
306	237
334	237
340	237
375	237
381	237
434	237
468	237
490	237
492	237
513	237
538	237
546	237
577	237
609	237
610	237
622	237
627	237
658	237
667	237
685	237
691	237
705	237
728	237
761	237
778	237
861	237
335	239
344	239
406	239
456	239
525	239
534	239
548	239
557	239
560	239
566	239
599	239
649	239
698	239
778	239
856	239
865	239
887	239
317	240
498	240
783	240
366	246
416	246
495	246
529	246
545	246
670	246
676	246
740	246
837	246
867	246
605	248
658	248
458	249
371	250
738	252
626	253
681	253
280	254
421	254
286	255
300	255
349	255
267	258
297	258
416	258
495	258
512	258
533	258
536	258
539	258
611	258
670	258
676	258
683	258
761	258
808	258
837	258
854	258
867	258
561	263
379	266
639	266
533	267
538	267
539	267
670	267
676	267
683	267
837	267
867	267
498	269
555	269
573	273
279	275
295	275
334	275
340	275
500	275
577	275
610	275
658	275
667	275
691	275
761	275
432	276
583	276
591	276
639	276
648	276
812	276
295	279
375	279
577	279
610	279
622	279
627	279
658	279
667	279
691	279
728	279
761	279
316	280
335	280
421	280
600	280
765	280
782	280
289	282
295	282
306	282
323	282
334	282
375	282
381	282
434	282
468	282
490	282
513	282
538	282
546	282
577	282
592	282
609	282
610	282
622	282
627	282
658	282
667	282
676	282
685	282
698	282
761	282
778	282
795	282
837	282
857	282
861	282
867	282
288	284
320	284
419	284
349	286
468	286
554	286
320	288
327	288
419	288
798	288
800	288
842	288
295	289
297	289
306	289
334	289
375	289
381	289
434	289
468	289
490	289
492	289
513	289
529	289
538	289
539	289
546	289
604	289
609	289
610	289
620	289
622	289
627	289
658	289
667	289
670	289
685	289
698	289
705	289
728	289
751	289
761	289
778	289
837	289
857	289
861	289
572	292
411	293
538	293
658	293
301	295
306	295
334	295
340	295
375	295
378	295
381	295
434	295
468	295
490	295
492	295
512	295
513	295
529	295
538	295
546	295
577	295
588	295
609	295
610	295
622	295
627	295
658	295
667	295
685	295
691	295
705	295
728	295
761	295
778	295
837	295
857	295
861	295
317	296
416	297
495	297
512	297
533	297
536	297
539	297
574	297
670	297
676	297
683	297
761	297
808	297
829	297
837	297
854	297
867	297
348	300
468	300
492	300
560	300
698	300
778	300
334	301
375	301
490	301
513	301
609	301
627	301
667	301
705	301
334	306
375	306
378	306
381	306
434	306
468	306
490	306
495	306
513	306
538	306
610	306
622	306
627	306
658	306
667	306
670	306
685	306
691	306
705	306
761	306
778	306
837	306
861	306
867	306
406	309
548	309
557	309
341	310
596	314
421	316
600	316
765	316
782	316
866	317
538	318
772	318
327	320
419	320
798	320
800	320
842	320
328	321
422	321
551	321
877	321
490	323
513	323
577	323
761	323
670	325
708	325
419	327
336	328
422	328
551	328
666	328
790	328
813	328
855	328
877	328
464	330
561	330
630	330
672	331
807	332
860	332
375	334
378	334
381	334
434	334
468	334
490	334
492	334
513	334
529	334
538	334
546	334
592	334
604	334
609	334
610	334
622	334
627	334
658	334
667	334
670	334
683	334
685	334
691	334
698	334
705	334
728	334
761	334
778	334
794	334
795	334
837	334
844	334
857	334
861	334
344	335
406	335
421	335
456	335
492	335
548	335
557	335
560	335
566	335
567	335
599	335
649	335
662	335
670	335
698	335
778	335
856	335
458	336
551	336
666	336
813	336
855	336
347	337
392	337
713	337
747	337
768	337
577	340
609	340
627	340
658	340
761	340
406	344
456	344
534	344
548	344
557	344
560	344
566	344
649	344
698	344
856	344
392	347
713	347
747	347
768	347
460	349
468	349
795	349
526	351
629	351
780	351
690	364
555	365
416	366
495	366
547	366
676	366
706	366
740	366
837	366
867	366
524	369
636	371
664	371
381	375
434	375
468	375
490	375
513	375
538	375
546	375
577	375
609	375
610	375
622	375
627	375
658	375
667	375
685	375
705	375
761	375
778	375
857	375
861	375
468	378
490	378
513	378
627	378
663	378
667	378
705	378
778	378
794	378
639	379
692	380
434	381
468	381
490	381
492	381
513	381
538	381
546	381
609	381
610	381
622	381
627	381
658	381
667	381
685	381
705	381
761	381
778	381
857	381
484	385
555	385
713	392
747	392
768	392
416	393
495	393
547	393
706	393
740	393
837	393
554	396
731	396
483	399
497	400
798	404
800	404
817	404
866	404
451	406
456	406
492	406
525	406
534	406
548	406
557	406
560	406
566	406
599	406
649	406
687	406
698	406
778	406
856	406
887	406
495	416
529	416
533	416
536	416
539	416
547	416
670	416
676	416
683	416
706	416
740	416
761	416
808	416
837	416
854	416
867	416
798	419
800	419
842	419
504	421
600	421
765	421
782	421
551	422
877	422
583	432
591	432
639	432
648	432
812	432
468	434
490	434
492	434
513	434
538	434
546	434
560	434
609	434
610	434
617	434
622	434
627	434
658	434
667	434
670	434
685	434
691	434
698	434
705	434
728	434
751	434
761	434
778	434
795	434
844	434
861	434
810	435
666	440
855	440
858	441
508	445
520	445
800	445
899	445
759	447
456	451
548	451
566	451
599	451
649	451
490	454
650	454
534	456
548	456
557	456
560	456
566	456
599	456
649	456
698	456
856	456
887	456
551	458
606	458
813	458
684	459
561	464
630	464
482	466
831	466
524	467
469	468
490	468
492	468
513	468
538	468
546	468
554	468
560	468
609	468
610	468
622	468
627	468
650	468
658	468
663	468
667	468
685	468
691	468
705	468
761	468
778	468
795	468
833	468
845	468
490	469
513	469
622	469
705	469
778	469
882	469
764	476
717	480
798	480
800	480
817	480
818	480
866	480
831	482
588	484
492	490
513	490
538	490
546	490
560	490
577	490
609	490
610	490
622	490
627	490
649	490
650	490
658	490
663	490
667	490
685	490
691	490
698	490
705	490
728	490
761	490
778	490
795	490
857	490
865	490
538	492
554	492
557	492
560	492
592	492
609	492
620	492
622	492
627	492
649	492
650	492
662	492
667	492
670	492
685	492
698	492
705	492
731	492
761	492
778	492
795	492
833	492
856	492
857	492
529	495
533	495
538	495
539	495
670	495
676	495
683	495
706	495
740	495
808	495
837	495
854	495
861	495
867	495
610	497
547	498
637	498
569	503
705	507
708	507
865	507
520	508
800	508
899	508
656	510
795	510
529	512
533	512
538	512
539	512
559	512
574	512
670	512
676	512
683	512
761	512
808	512
837	512
854	512
538	513
546	513
577	513
609	513
610	513
622	513
627	513
658	513
667	513
685	513
691	513
698	513
705	513
728	513
761	513
778	513
844	513
857	513
861	513
783	515
798	520
800	520
899	520
534	525
548	525
557	525
560	525
599	525
649	525
698	525
778	525
629	526
780	526
533	529
538	529
539	529
574	529
670	529
676	529
683	529
740	529
761	529
778	529
837	529
867	529
623	532
721	532
536	533
538	533
539	533
547	533
574	533
662	533
670	533
676	533
683	533
761	533
808	533
829	533
837	533
854	533
867	533
548	534
557	534
560	534
566	534
599	534
649	534
698	534
856	534
887	534
539	536
611	536
667	536
670	536
676	536
683	536
808	536
829	536
837	536
854	536
539	538
546	538
559	538
604	538
609	538
610	538
622	538
627	538
658	538
667	538
670	538
676	538
683	538
685	538
698	538
705	538
728	538
751	538
761	538
778	538
808	538
829	538
837	538
854	538
857	538
861	538
867	538
611	539
670	539
676	539
683	539
751	539
761	539
808	539
837	539
854	539
867	539
740	545
761	545
837	545
555	546
577	546
609	546
610	546
622	546
627	546
658	546
667	546
685	546
691	546
698	546
705	546
728	546
761	546
778	546
857	546
861	546
555	547
637	547
676	547
706	547
740	547
837	547
557	548
560	548
566	548
599	548
649	548
698	548
856	548
865	548
885	548
887	548
666	551
790	551
813	551
855	551
560	554
662	554
670	554
674	554
731	554
637	555
560	557
566	557
599	557
649	557
698	557
778	557
856	557
887	557
751	559
566	560
599	560
610	560
649	560
662	560
670	560
687	560
698	560
778	560
856	560
887	560
630	561
764	565
599	566
649	566
687	566
698	566
856	566
887	566
890	568
756	569
783	569
670	574
676	574
683	574
761	574
829	574
837	574
854	574
609	577
610	577
622	577
627	577
658	577
667	577
685	577
691	577
705	577
749	577
761	577
838	579
591	583
639	583
648	583
672	590
639	591
648	591
617	592
650	592
658	592
708	592
773	592
778	592
861	592
649	599
698	599
856	599
887	599
765	600
782	600
620	604
627	604
670	604
705	604
610	609
622	609
627	609
658	609
667	609
685	609
691	609
705	609
728	609
761	609
778	609
857	609
622	610
627	610
658	610
667	610
670	610
685	610
691	610
698	610
705	610
728	610
751	610
761	610
778	610
857	610
861	610
667	611
670	611
683	611
761	611
837	611
845	611
854	611
778	617
627	622
658	622
667	622
670	622
685	622
691	622
698	622
705	622
728	622
761	622
778	622
795	622
857	622
861	622
721	623
681	626
658	627
667	627
670	627
676	627
683	627
685	627
691	627
705	627
728	627
751	627
761	627
778	627
795	627
837	627
844	627
857	627
861	627
780	629
637	634
664	636
648	639
842	639
687	649
698	649
778	649
856	649
865	649
887	649
778	650
667	658
685	658
691	658
698	658
705	658
728	658
761	658
778	658
857	658
664	661
862	661
670	662
683	662
698	662
751	662
808	662
705	663
862	664
813	666
855	666
670	667
676	667
685	667
691	667
705	667
728	667
751	667
761	667
778	667
795	667
837	667
857	667
861	667
849	668
676	670
683	670
685	670
698	670
731	670
751	670
761	670
778	670
808	670
829	670
837	670
854	670
857	670
867	670
835	675
683	676
706	676
740	676
751	676
761	676
808	676
829	676
837	676
854	676
861	676
867	676
896	679
834	682
751	683
761	683
808	683
829	683
837	683
854	683
857	683
867	683
691	685
705	685
728	685
749	685
761	685
778	685
795	685
844	685
857	685
861	685
882	685
887	687
705	691
728	691
761	691
778	691
845	691
705	698
778	698
833	698
856	698
887	698
728	705
761	705
778	705
740	706
837	706
867	706
773	708
865	708
747	713
768	713
748	715
798	717
800	717
817	717
818	717
866	717
761	728
778	728
795	728
861	728
762	734
828	734
761	740
837	740
861	740
867	740
856	745
768	747
761	749
761	751
808	751
829	751
783	756
799	758
778	761
829	761
837	761
844	761
854	761
857	761
861	761
867	761
828	762
782	765
833	778
856	778
857	778
861	778
855	790
820	795
833	795
861	795
874	795
800	798
817	798
818	798
866	798
899	798
817	800
818	800
842	800
866	800
899	800
860	807
829	808
837	808
854	808
855	813
818	817
866	817
866	818
874	820
837	829
854	829
854	837
861	837
867	837
882	837
859	842
861	844
867	854
885	856
887	856
882	857
867	861
