0	334
0	449
0	510
1	9
1	553
3	745
4	18
4	662
5	393
9	553
12	435
12	560
12	562
12	606
12	711
12	777
13	560
14	285
14	681
15	26
15	57
15	80
15	89
15	114
15	121
15	130
15	165
15	217
15	302
15	362
15	371
15	407
15	468
15	477
15	491
15	499
15	501
15	507
15	533
15	637
15	711
15	769
15	781
15	790
15	809
15	810
18	662
26	31
26	57
26	68
26	89
26	97
26	103
26	114
26	130
26	215
26	263
26	272
26	278
26	293
26	302
26	435
26	457
26	477
26	484
26	491
26	499
26	501
26	518
26	528
26	549
26	562
26	590
26	598
26	606
26	633
26	637
26	669
26	696
26	711
26	769
26	772
26	777
26	810
27	174
27	778
29	31
29	52
29	103
29	130
29	177
29	215
29	249
29	278
29	431
29	435
29	457
29	484
29	518
29	549
29	562
29	598
29	628
29	633
29	666
29	696
29	711
31	44
31	52
31	103
31	123
31	177
31	215
31	278
31	435
31	457
31	472
31	484
31	518
31	549
31	562
31	598
31	606
31	628
31	633
31	637
31	666
31	690
31	696
31	711
31	777
31	782
31	786
33	106
33	176
33	364
33	493
33	605
33	722
33	780
34	563
38	341
38	528
39	665
44	89
44	128
44	263
44	346
44	484
44	582
44	616
44	739
44	772
44	777
44	779
44	786
47	115
47	127
47	289
47	427
47	656
47	713
47	732
47	771
47	806
47	821
48	116
49	520
49	737
52	103
52	215
52	249
52	273
52	278
52	435
52	457
52	518
52	549
52	598
52	606
52	628
52	633
52	696
53	571
53	793
55	436
55	705
56	79
56	250
56	276
56	387
56	460
56	463
56	532
56	742
57	89
57	97
57	114
57	130
57	362
57	499
57	637
57	711
57	781
57	790
57	810
63	153
63	547
63	618
63	657
64	776
68	89
68	103
68	260
68	272
68	496
68	560
68	602
68	711
68	772
73	79
73	250
73	387
73	463
73	532
79	250
79	387
79	463
79	532
80	89
80	114
80	130
80	217
80	302
80	362
80	371
80	407
80	468
80	477
80	491
80	499
80	501
80	507
80	630
80	637
80	769
80	781
80	790
80	809
80	810
81	784
83	153
83	323
83	400
83	547
83	556
83	618
83	657
83	719
89	103
89	114
89	128
89	130
89	165
89	217
89	272
89	302
89	362
89	407
89	468
89	477
89	484
89	491
89	496
89	499
89	501
89	507
89	562
89	628
89	637
89	669
89	690
89	711
89	744
89	769
89	772
89	777
89	781
89	809
89	810
90	777
91	404
94	251
95	801
97	130
97	215
97	293
97	711
97	790
103	130
103	177
103	215
103	226
103	249
103	263
103	272
103	273
103	278
103	435
103	457
103	484
103	518
103	528
103	549
103	562
103	592
103	598
103	602
103	606
103	628
103	633
103	666
103	696
103	711
103	727
103	772
103	786
106	176
106	364
106	493
106	605
106	780
107	422
109	264
109	268
112	282
112	443
113	154
113	223
113	253
113	751
114	130
114	165
114	217
114	302
114	362
114	407
114	468
114	477
114	491
114	499
114	501
114	637
114	669
114	711
114	744
114	769
114	781
114	810
115	127
115	713
115	732
115	806
115	821
120	496
120	614
122	429
122	523
123	177
123	215
123	278
123	435
123	457
123	472
123	484
123	528
123	549
123	562
123	598
123	606
123	628
123	666
123	696
123	711
123	777
123	782
124	701
127	713
127	732
127	821
128	132
128	263
128	305
128	346
128	456
128	472
128	484
128	515
128	582
128	616
128	666
128	690
128	739
128	772
128	779
130	177
130	215
130	217
130	272
130	278
130	293
130	302
130	362
130	435
130	457
130	477
130	484
130	491
130	499
130	501
130	512
130	518
130	533
130	549
130	557
130	562
130	590
130	592
130	598
130	602
130	606
130	628
130	633
130	637
130	666
130	669
130	696
130	711
130	744
130	769
130	772
130	777
130	781
130	782
130	786
130	790
130	810
130	820
132	346
132	439
132	472
132	582
132	616
132	690
132	739
132	779
138	276
138	742
143	328
143	332
143	576
143	600
143	787
145	606
149	465
149	519
152	155
152	493
153	323
153	400
153	547
153	556
153	618
153	657
153	719
154	223
154	253
154	751
155	364
155	493
156	417
156	428
156	529
158	388
162	453
163	619
163	818
165	225
165	362
165	468
165	499
165	637
165	669
165	676
165	711
165	769
165	781
165	810
166	310
166	441
166	516
166	805
173	382
173	433
173	454
173	596
173	639
173	668
173	768
174	778
176	364
176	493
177	215
177	249
177	263
177	435
177	457
177	484
177	518
177	528
177	549
177	562
177	598
177	606
177	628
177	633
177	666
177	685
177	696
177	711
177	733
177	772
177	782
177	786
179	371
179	407
179	769
185	260
196	497
200	288
200	794
201	343
201	430
201	577
205	341
205	562
205	786
212	271
213	241
215	249
215	263
215	278
215	435
215	457
215	484
215	494
215	518
215	528
215	549
215	562
215	592
215	598
215	606
215	628
215	633
215	666
215	696
215	711
215	733
215	777
215	786
217	302
217	362
217	371
217	407
217	468
217	477
217	491
217	499
217	501
217	507
217	637
217	711
217	769
217	781
217	790
217	809
217	810
219	771
219	784
224	327
224	372
224	439
224	472
224	525
224	582
224	616
224	635
226	494
226	545
226	598
238	386
244	346
244	616
249	445
249	484
249	518
249	598
249	606
249	633
249	696
250	276
250	387
250	460
250	463
250	532
250	742
253	751
260	391
260	496
263	278
263	305
263	435
263	457
263	472
263	484
263	549
263	560
263	562
263	592
263	598
263	606
263	628
263	637
263	666
263	696
263	711
263	777
263	782
263	786
264	268
266	513
272	364
272	501
272	637
272	711
272	744
272	772
272	802
273	435
273	457
273	549
273	606
276	387
276	460
276	742
278	435
278	439
278	457
278	484
278	528
278	562
278	598
278	606
278	628
278	633
278	696
278	711
278	772
278	777
278	786
281	362
281	491
281	499
282	443
282	497
282	716
285	681
286	331
288	784
288	794
289	732
289	771
302	362
302	407
302	491
302	499
302	501
302	507
302	637
302	709
302	711
302	769
302	781
302	810
304	319
304	351
304	652
304	683
304	703
305	327
305	346
305	372
305	439
305	472
305	484
305	582
305	616
305	635
305	645
305	690
305	696
305	739
305	772
305	779
305	786
307	811
310	441
310	516
310	805
318	535
319	351
319	652
319	683
319	703
320	615
320	764
321	487
323	400
323	547
323	556
323	618
323	657
327	372
327	439
327	616
327	635
327	645
328	345
328	600
328	653
328	787
332	576
334	820
341	346
341	457
341	533
341	598
341	628
341	696
341	711
341	777
341	786
341	820
343	430
343	497
344	495
345	347
345	653
345	758
346	372
346	439
346	456
346	472
346	515
346	551
346	582
346	606
346	616
346	635
346	645
346	690
346	696
346	739
346	772
346	779
347	653
347	758
351	652
351	683
351	703
352	372
352	439
352	645
359	388
362	371
362	407
362	468
362	477
362	491
362	499
362	501
362	507
362	630
362	637
362	711
362	769
362	781
362	809
362	810
364	493
364	605
364	722
364	780
364	802
365	734
366	617
371	407
371	477
371	491
371	499
371	501
371	769
371	781
371	809
371	810
372	439
372	472
372	582
372	616
372	635
372	645
372	690
372	696
372	739
372	779
378	639
382	433
382	454
382	596
382	639
382	668
382	768
384	416
387	460
387	463
387	532
387	742
398	694
400	547
400	556
400	618
400	657
400	719
407	477
407	491
407	499
407	501
407	507
407	637
407	769
407	781
407	809
407	810
408	775
415	502
415	570
417	428
420	471
421	688
427	656
427	732
427	806
429	523
430	529
433	454
433	596
433	639
433	668
433	768
435	457
435	484
435	501
435	518
435	528
435	549
435	562
435	590
435	592
435	598
435	602
435	606
435	628
435	633
435	637
435	666
435	667
435	696
435	711
435	727
435	772
435	782
435	790
435	820
436	705
438	768
439	472
439	582
439	616
439	635
439	645
439	690
439	739
439	772
439	777
439	779
439	786
440	699
441	516
441	805
443	577
449	510
450	709
454	596
454	639
454	668
454	727
454	768
456	472
456	484
456	515
456	582
456	616
456	690
456	696
456	739
456	772
456	779
457	484
457	518
457	528
457	549
457	562
457	592
457	598
457	606
457	628
457	633
457	637
457	666
457	667
457	696
457	711
457	777
457	782
457	786
460	532
460	742
463	532
465	519
467	559
468	477
468	491
468	499
468	501
468	637
468	711
468	769
468	810
472	484
472	515
472	616
472	635
472	690
472	696
472	711
472	772
472	777
477	491
477	499
477	501
477	507
477	637
477	769
477	781
477	809
477	810
484	518
484	528
484	562
484	598
484	606
484	616
484	628
484	633
484	637
484	666
484	690
484	696
484	711
484	727
484	772
484	777
484	782
486	510
491	499
491	501
491	507
491	637
491	769
491	781
491	790
491	807
491	809
491	810
493	605
493	722
493	780
494	562
494	606
494	628
494	696
494	711
494	777
494	786
496	501
496	614
496	669
497	577
499	501
499	507
499	637
499	711
499	744
499	769
499	781
499	809
499	810
501	507
501	630
501	637
501	711
501	744
501	769
501	781
501	809
501	810
502	570
506	699
507	630
507	637
507	769
507	781
507	809
507	810
510	772
512	633
515	582
515	616
515	690
515	696
515	779
516	805
518	549
518	562
518	598
518	606
518	628
518	633
518	667
518	685
518	696
520	737
525	696
525	786
528	549
528	562
528	598
528	606
528	628
528	637
528	666
528	685
528	696
528	782
528	786
533	557
533	590
533	598
533	708
533	711
533	786
538	820
547	556
547	618
547	657
547	719
549	562
549	598
549	606
549	628
549	633
549	666
549	696
549	711
549	777
549	782
551	568
551	582
551	606
551	690
551	696
551	772
551	774
551	777
551	779
552	657
556	618
556	643
556	657
557	711
560	777
562	592
562	598
562	606
562	628
562	633
562	637
562	666
562	696
562	711
562	727
562	777
562	782
562	786
569	599
569	712
571	793
573	608
582	616
582	635
582	690
582	696
582	739
582	779
590	711
590	820
592	598
592	606
592	628
592	666
592	696
592	711
592	727
592	777
592	786
596	639
596	668
596	768
598	606
598	628
598	633
598	637
598	666
598	667
598	696
598	711
598	777
598	782
599	712
600	787
605	780
606	616
606	628
606	633
606	666
606	667
606	690
606	696
606	711
606	727
606	733
606	772
606	777
606	782
606	786
615	764
616	635
616	645
616	690
616	696
616	739
616	772
616	779
616	786
618	657
618	719
618	727
619	818
625	771
625	784
628	633
628	666
628	685
628	696
628	711
628	727
628	777
628	782
628	786
630	769
630	809
630	810
633	666
633	696
633	711
633	774
633	800
635	645
635	690
635	696
635	739
635	779
637	711
637	744
637	769
637	777
637	781
637	809
637	810
639	668
639	768
652	683
652	703
653	758
656	732
656	806
657	719
666	696
666	711
666	727
666	772
666	786
668	727
668	768
671	678
671	794
678	794
683	703
685	696
690	696
690	739
690	772
690	777
690	779
696	711
696	772
696	777
696	779
696	782
696	786
696	800
711	744
711	769
711	772
711	777
711	781
711	782
711	786
711	810
713	732
713	742
713	806
713	821
716	784
722	780
727	768
727	786
727	796
732	771
732	806
732	821
739	772
739	777
739	779
744	769
744	809
769	781
769	790
769	809
769	810
771	784
772	777
772	779
772	786
777	779
777	782
780	802
781	807
781	809
781	810
790	810
806	821
809	810
334	0
449	0
510	0
9	1
553	1
745	3
18	4
662	4
393	5
553	9
435	12
560	12
562	12
606	12
711	12
777	12
560	13
285	14
681	14
26	15
57	15
80	15
89	15
114	15
121	15
130	15
165	15
217	15
302	15
362	15
371	15
407	15
468	15
477	15
491	15
499	15
501	15
507	15
533	15
637	15
711	15
769	15
781	15
790	15
809	15
810	15
662	18
31	26
57	26
68	26
89	26
97	26
103	26
114	26
130	26
215	26
263	26
272	26
278	26
293	26
302	26
435	26
457	26
477	26
484	26
491	26
499	26
501	26
518	26
528	26
549	26
562	26
590	26
598	26
606	26
633	26
637	26
669	26
696	26
711	26
769	26
772	26
777	26
810	26
174	27
778	27
31	29
52	29
103	29
130	29
177	29
215	29
249	29
278	29
431	29
435	29
457	29
484	29
518	29
549	29
562	29
598	29
628	29
633	29
666	29
696	29
711	29
44	31
52	31
103	31
123	31
177	31
215	31
278	31
435	31
457	31
472	31
484	31
518	31
549	31
562	31
598	31
606	31
628	31
633	31
637	31
666	31
690	31
696	31
711	31
777	31
782	31
786	31
106	33
176	33
364	33
493	33
605	33
722	33
780	33
563	34
341	38
528	38
665	39
89	44
128	44
263	44
346	44
484	44
582	44
616	44
739	44
772	44
777	44
779	44
786	44
115	47
127	47
289	47
427	47
656	47
713	47
732	47
771	47
806	47
821	47
116	48
520	49
737	49
103	52
215	52
249	52
273	52
278	52
435	52
457	52
518	52
549	52
598	52
606	52
628	52
633	52
696	52
571	53
793	53
436	55
705	55
79	56
250	56
276	56
387	56
460	56
463	56
532	56
742	56
89	57
97	57
114	57
130	57
362	57
499	57
637	57
711	57
781	57
790	57
810	57
153	63
547	63
618	63
657	63
776	64
89	68
103	68
260	68
272	68
496	68
560	68
602	68
711	68
772	68
79	73
250	73
387	73
463	73
532	73
250	79
387	79
463	79
532	79
89	80
114	80
130	80
217	80
302	80
362	80
371	80
407	80
468	80
477	80
491	80
499	80
501	80
507	80
630	80
637	80
769	80
781	80
790	80
809	80
810	80
784	81
153	83
323	83
400	83
547	83
556	83
618	83
657	83
719	83
103	89
114	89
128	89
130	89
165	89
217	89
272	89
302	89
362	89
407	89
468	89
477	89
484	89
491	89
496	89
499	89
501	89
507	89
562	89
628	89
637	89
669	89
690	89
711	89
744	89
769	89
772	89
777	89
781	89
809	89
810	89
777	90
404	91
251	94
801	95
130	97
215	97
293	97
711	97
790	97
130	103
177	103
215	103
226	103
249	103
263	103
272	103
273	103
278	103
435	103
457	103
484	103
518	103
528	103
549	103
562	103
592	103
598	103
602	103
606	103
628	103
633	103
666	103
696	103
711	103
727	103
772	103
786	103
176	106
364	106
493	106
605	106
780	106
422	107
264	109
268	109
282	112
443	112
154	113
223	113
253	113
751	113
130	114
165	114
217	114
302	114
362	114
407	114
468	114
477	114
491	114
499	114
501	114
637	114
669	114
711	114
744	114
769	114
781	114
810	114
127	115
713	115
732	115
806	115
821	115
496	120
614	120
429	122
523	122
177	123
215	123
278	123
435	123
457	123
472	123
484	123
528	123
549	123
562	123
598	123
606	123
628	123
666	123
696	123
711	123
777	123
782	123
701	124
713	127
732	127
821	127
132	128
263	128
305	128
346	128
456	128
472	128
484	128
515	128
582	128
616	128
666	128
690	128
739	128
772	128
779	128
177	130
215	130
217	130
272	130
278	130
293	130
302	130
362	130
435	130
457	130
477	130
484	130
491	130
499	130
501	130
512	130
518	130
533	130
549	130
557	130
562	130
590	130
592	130
598	130
602	130
606	130
628	130
633	130
637	130
666	130
669	130
696	130
711	130
744	130
769	130
772	130
777	130
781	130
782	130
786	130
790	130
810	130
820	130
346	132
439	132
472	132
582	132
616	132
690	132
739	132
779	132
276	138
742	138
328	143
332	143
576	143
600	143
787	143
606	145
465	149
519	149
155	152
493	152
323	153
400	153
547	153
556	153
618	153
657	153
719	153
223	154
253	154
751	154
364	155
493	155
417	156
428	156
529	156
388	158
453	162
619	163
818	163
225	165
362	165
468	165
499	165
637	165
669	165
676	165
711	165
769	165
781	165
810	165
310	166
441	166
516	166
805	166
382	173
433	173
454	173
596	173
639	173
668	173
768	173
778	174
364	176
493	176
215	177
249	177
263	177
435	177
457	177
484	177
518	177
528	177
549	177
562	177
598	177
606	177
628	177
633	177
666	177
685	177
696	177
711	177
733	177
772	177
782	177
786	177
371	179
407	179
769	179
260	185
497	196
288	200
794	200
343	201
430	201
577	201
341	205
562	205
786	205
271	212
241	213
249	215
263	215
278	215
435	215
457	215
484	215
494	215
518	215
528	215
549	215
562	215
592	215
598	215
606	215
628	215
633	215
666	215
696	215
711	215
733	215
777	215
786	215
302	217
362	217
371	217
407	217
468	217
477	217
491	217
499	217
501	217
507	217
637	217
711	217
769	217
781	217
790	217
809	217
810	217
771	219
784	219
327	224
372	224
439	224
472	224
525	224
582	224
616	224
635	224
494	226
545	226
598	226
386	238
346	244
616	244
445	249
484	249
518	249
598	249
606	249
633	249
696	249
276	250
387	250
460	250
463	250
532	250
742	250
751	253
391	260
496	260
278	263
305	263
435	263
457	263
472	263
484	263
549	263
560	263
562	263
592	263
598	263
606	263
628	263
637	263
666	263
696	263
711	263
777	263
782	263
786	263
268	264
513	266
364	272
501	272
637	272
711	272
744	272
772	272
802	272
435	273
457	273
549	273
606	273
387	276
460	276
742	276
435	278
439	278
457	278
484	278
528	278
562	278
598	278
606	278
628	278
633	278
696	278
711	278
772	278
777	278
786	278
362	281
491	281
499	281
443	282
497	282
716	282
681	285
331	286
784	288
794	288
732	289
771	289
362	302
407	302
491	302
499	302
501	302
507	302
637	302
709	302
711	302
769	302
781	302
810	302
319	304
351	304
652	304
683	304
703	304
327	305
346	305
372	305
439	305
472	305
484	305
582	305
616	305
635	305
645	305
690	305
696	305
739	305
772	305
779	305
786	305
811	307
441	310
516	310
805	310
535	318
351	319
652	319
683	319
703	319
615	320
764	320
487	321
400	323
547	323
556	323
618	323
657	323
372	327
439	327
616	327
635	327
645	327
345	328
600	328
653	328
787	328
576	332
820	334
346	341
457	341
533	341
598	341
628	341
696	341
711	341
777	341
786	341
820	341
430	343
497	343
495	344
347	345
653	345
758	345
372	346
439	346
456	346
472	346
515	346
551	346
582	346
606	346
616	346
635	346
645	346
690	346
696	346
739	346
772	346
779	346
653	347
758	347
652	351
683	351
703	351
372	352
439	352
645	352
388	359
371	362
407	362
468	362
477	362
491	362
499	362
501	362
507	362
630	362
637	362
711	362
769	362
781	362
809	362
810	362
493	364
605	364
722	364
780	364
802	364
734	365
617	366
407	371
477	371
491	371
499	371
501	371
769	371
781	371
809	371
810	371
439	372
472	372
582	372
616	372
635	372
645	372
690	372
696	372
739	372
779	372
639	378
433	382
454	382
596	382
639	382
668	382
768	382
416	384
460	387
463	387
532	387
742	387
694	398
547	400
556	400
618	400
657	400
719	400
477	407
491	407
499	407
501	407
507	407
637	407
769	407
781	407
809	407
810	407
775	408
502	415
570	415
428	417
471	420
688	421
656	427
732	427
806	427
523	429
529	430
454	433
596	433
639	433
668	433
768	433
457	435
484	435
501	435
518	435
528	435
549	435
562	435
590	435
592	435
598	435
602	435
606	435
628	435
633	435
637	435
666	435
667	435
696	435
711	435
727	435
772	435
782	435
790	435
820	435
705	436
768	438
472	439
582	439
616	439
635	439
645	439
690	439
739	439
772	439
777	439
779	439
786	439
699	440
516	441
805	441
577	443
510	449
709	450
596	454
639	454
668	454
727	454
768	454
472	456
484	456
515	456
582	456
616	456
690	456
696	456
739	456
772	456
779	456
484	457
518	457
528	457
549	457
562	457
592	457
598	457
606	457
628	457
633	457
637	457
666	457
667	457
696	457
711	457
777	457
782	457
786	457
532	460
742	460
532	463
519	465
559	467
477	468
491	468
499	468
501	468
637	468
711	468
769	468
810	468
484	472
515	472
616	472
635	472
690	472
696	472
711	472
772	472
777	472
491	477
499	477
501	477
507	477
637	477
769	477
781	477
809	477
810	477
518	484
528	484
562	484
598	484
606	484
616	484
628	484
633	484
637	484
666	484
690	484
696	484
711	484
727	484
772	484
777	484
782	484
510	486
499	491
501	491
507	491
637	491
769	491
781	491
790	491
807	491
809	491
810	491
605	493
722	493
780	493
562	494
606	494
628	494
696	494
711	494
777	494
786	494
501	496
614	496
669	496
577	497
501	499
507	499
637	499
711	499
744	499
769	499
781	499
809	499
810	499
507	501
630	501
637	501
711	501
744	501
769	501
781	501
809	501
810	501
570	502
699	506
630	507
637	507
769	507
781	507
809	507
810	507
772	510
633	512
582	515
616	515
690	515
696	515
779	515
805	516
549	518
562	518
598	518
606	518
628	518
633	518
667	518
685	518
696	518
737	520
696	525
786	525
549	528
562	528
598	528
606	528
628	528
637	528
666	528
685	528
696	528
782	528
786	528
557	533
590	533
598	533
708	533
711	533
786	533
820	538
556	547
618	547
657	547
719	547
562	549
598	549
606	549
628	549
633	549
666	549
696	549
711	549
777	549
782	549
568	551
582	551
606	551
690	551
696	551
772	551
774	551
777	551
779	551
657	552
618	556
643	556
657	556
711	557
777	560
592	562
598	562
606	562
628	562
633	562
637	562
666	562
696	562
711	562
727	562
777	562
782	562
786	562
599	569
712	569
793	571
608	573
616	582
635	582
690	582
696	582
739	582
779	582
711	590
820	590
598	592
606	592
628	592
666	592
696	592
711	592
727	592
777	592
786	592
639	596
668	596
768	596
606	598
628	598
633	598
637	598
666	598
667	598
696	598
711	598
777	598
782	598
712	599
787	600
780	605
616	606
628	606
633	606
666	606
667	606
690	606
696	606
711	606
727	606
733	606
772	606
777	606
782	606
786	606
764	615
635	616
645	616
690	616
696	616
739	616
772	616
779	616
786	616
657	618
719	618
727	618
818	619
771	625
784	625
633	628
666	628
685	628
696	628
711	628
727	628
777	628
782	628
786	628
769	630
809	630
810	630
666	633
696	633
711	633
774	633
800	633
645	635
690	635
696	635
739	635
779	635
711	637
744	637
769	637
777	637
781	637
809	637
810	637
668	639
768	639
683	652
703	652
758	653
732	656
806	656
719	657
696	666
711	666
727	666
772	666
786	666
727	668
768	668
678	671
794	671
794	678
703	683
696	685
696	690
739	690
772	690
777	690
779	690
711	696
772	696
777	696
779	696
782	696
786	696
800	696
744	711
769	711
772	711
777	711
781	711
782	711
786	711
810	711
732	713
742	713
806	713
821	713
784	716
780	722
768	727
786	727
796	727
771	732
806	732
821	732
772	739
777	739
779	739
769	744
809	744
781	769
790	769
809	769
810	769
784	771
777	772
779	772
786	772
779	777
782	777
802	780
807	781
809	781
810	781
810	790
821	806
810	809
