0	3319
1	96
1	479
1	753
1	764
1	1040
1	1067
1	1119
1	1238
1	1421
1	2377
1	2447
1	3043
1	3114
19	2769
19	2978
20	571
26	479
26	1067
27	126
27	479
27	653
27	714
27	971
27	1298
27	2121
27	2258
27	2769
27	3321
32	1930
32	2772
32	2819
32	3191
35	2469
36	37
36	562
36	2631
36	2774
37	831
37	2066
37	3323
38	54
38	1530
38	1894
38	2753
38	3104
45	971
45	985
45	1265
45	1482
45	2070
45	2394
50	1271
52	2457
54	180
54	1421
54	3104
56	90
56	134
56	275
56	385
56	423
56	429
56	562
56	572
56	660
56	672
56	854
56	864
56	895
56	948
56	950
56	979
56	991
56	1018
56	1089
56	1197
56	1211
56	1354
56	1370
56	1386
56	1388
56	1392
56	1452
56	1595
56	1644
56	1645
56	1652
56	1677
56	1695
56	1708
56	1858
56	2028
56	2063
56	2070
56	2261
56	2281
56	2324
56	2328
56	2357
56	2434
56	2456
56	2555
56	2639
56	2933
56	2934
56	3267
56	3291
56	3349
60	2204
60	2305
60	3001
65	2458
66	2340
68	167
68	2205
68	2721
73	541
73	933
73	2734
73	3287
76	2724
80	1676
80	2028
80	2043
80	2848
81	1266
81	2281
83	562
83	1065
83	1630
83	2677
83	2836
83	3319
86	1462
86	2313
86	3054
90	134
94	464
94	708
94	3347
96	423
96	464
96	712
96	767
96	1510
96	1708
96	2268
96	2270
96	2354
96	2670
96	3083
96	3336
98	976
98	1652
98	2245
98	2700
103	910
103	2862
104	1005
105	350
105	480
105	512
105	1253
105	1421
105	1790
105	1808
105	2251
105	2410
105	2631
106	275
106	605
106	1050
106	1197
106	1652
106	1962
106	2008
106	2238
106	2519
106	2724
106	2757
106	3313
106	3351
114	1960
115	577
115	708
115	755
115	2070
115	2205
117	562
117	1652
121	388
121	764
121	905
121	1158
121	1271
121	1427
121	2096
121	2714
123	767
123	1377
123	2105
124	2665
130	1911
132	192
132	202
132	767
132	2823
133	1261
134	385
134	948
134	979
134	1089
134	1211
134	1652
134	1695
134	1847
134	1961
134	2063
134	2238
134	2261
134	2357
134	2411
134	2434
134	2456
134	2526
134	2555
134	2661
134	2676
134	2695
134	2773
134	2775
134	2831
134	3151
134	3291
135	275
135	700
135	1644
135	1652
135	2204
135	2264
135	2347
135	2458
135	3128
135	3145
137	323
137	1920
137	2151
138	846
140	2028
142	562
142	1595
147	2446
148	753
148	1036
148	2236
155	572
157	811
157	959
157	1253
157	1254
157	1264
157	2782
157	3360
159	167
159	192
159	267
159	512
159	606
159	640
159	753
159	767
159	867
159	1129
159	1595
159	1996
159	2043
159	2238
159	2328
159	2360
159	2457
159	2769
159	3043
159	3076
159	3156
159	3285
164	2482
164	2499
164	2724
164	3111
166	448
166	789
166	3322
167	202
167	664
167	1197
167	1652
167	1847
167	2744
167	3294
167	3351
172	770
172	1356
181	1973
183	767
183	2229
189	1197
189	2476
190	512
190	691
190	725
190	1829
190	2236
190	2270
190	3287
190	3289
192	1206
192	1286
192	1346
192	1421
192	1644
192	1695
192	1807
192	1916
192	2182
192	2183
192	2220
192	2229
192	2348
192	2458
192	2574
192	2823
192	2970
197	668
200	2028
201	323
201	479
201	571
201	2061
202	658
202	708
202	733
202	1197
202	1265
202	1452
202	1763
202	1847
202	1890
202	2187
202	2526
202	2716
203	1129
205	950
205	1142
205	3277
208	1462
208	2540
208	2819
208	3001
208	3016
210	577
210	3046
212	1557
213	827
213	914
213	2526
217	378
217	675
217	1645
217	2313
217	3307
220	1254
223	2672
229	282
229	2721
230	904
232	464
232	1239
232	1911
232	2670
235	949
235	1125
235	1630
235	1958
235	1998
235	2387
235	2836
242	1285
242	1772
242	1902
242	2047
242	2123
245	2047
245	3344
247	1595
247	2499
247	2724
247	2734
248	2295
251	896
252	1695
254	585
254	1628
254	2660
254	3133
255	413
259	524
259	2618
259	3319
261	1117
266	2030
266	2281
266	2338
266	2643
267	385
267	402
267	1415
267	1547
267	1783
267	1784
267	2551
267	2978
267	3047
268	668
268	831
268	950
268	2802
271	2305
273	296
275	764
275	1597
275	2610
283	808
283	2066
286	3043
287	764
287	894
287	937
287	2821
290	571
293	1844
295	318
295	712
295	764
295	767
295	1902
295	2734
295	3291
296	764
296	767
296	1375
296	1677
296	2357
296	2476
296	2892
296	2922
296	2934
296	3016
296	3116
296	3156
296	3349
297	562
301	3057
301	3121
302	2305
306	1324
306	2125
313	1644
313	1708
318	1149
318	1386
318	2261
318	2734
320	2447
322	1197
322	2229
323	1481
323	1715
323	2190
324	985
326	2233
330	2063
330	2763
330	3262
331	423
331	457
331	1864
331	2807
331	3116
338	480
338	2728
338	3207
342	464
343	710
344	479
344	753
344	789
344	1040
344	1411
344	1506
344	3043
345	1433
345	2070
345	3116
350	571
350	767
350	1010
350	2540
351	479
351	2932
352	1985
363	668
365	1752
365	2823
368	730
369	2063
372	870
372	950
372	959
372	1101
372	2499
372	2665
381	753
381	789
381	2753
381	3323
382	881
382	3266
385	948
385	2978
388	905
388	1158
388	1271
388	2096
388	2714
390	406
390	479
390	753
390	789
390	904
390	1036
390	1040
390	1067
390	1411
390	1506
390	1925
390	2294
390	2503
390	2965
390	3043
390	3322
398	1595
401	789
402	1644
402	1783
402	2526
406	479
406	1506
413	985
413	1060
413	2113
417	491
417	660
417	755
417	789
417	1197
417	1251
417	1884
417	1909
417	2699
417	3106
417	3287
417	3291
417	3349
418	3067
422	1356
423	470
423	484
423	755
423	764
423	883
423	1925
423	2305
423	2447
423	2807
423	2862
423	3191
423	3291
429	577
429	764
429	1261
429	2281
429	2934
432	896
432	1559
432	2251
432	2643
432	3111
438	1896
438	2018
438	2264
439	1253
439	1848
439	2215
448	991
448	1986
454	2839
457	827
457	1695
457	3235
458	707
458	1312
458	1709
458	2322
458	2817
458	3016
458	3323
463	767
464	512
464	712
464	734
464	968
464	1040
464	1132
464	1239
464	1271
464	1510
464	1963
464	2251
464	2261
464	2268
464	2354
464	2430
464	2670
464	2819
464	2822
466	496
468	513
468	562
468	2965
472	831
477	1981
479	512
479	513
479	591
479	698
479	727
479	753
479	789
479	904
479	1036
479	1040
479	1067
479	1200
479	1411
479	1506
479	1553
479	1667
479	1925
479	1972
479	2048
479	2294
479	2503
479	2753
479	2878
479	2965
479	3043
479	3248
479	3263
479	3322
480	668
480	707
480	914
480	1050
480	1067
480	1354
480	1379
480	1452
480	1595
480	1667
480	1864
480	2499
481	555
481	1939
481	1981
481	2778
481	2964
481	3016
481	3323
482	976
482	1139
482	1816
482	1864
482	3360
483	1787
484	864
484	1261
484	2100
487	675
491	2043
493	1040
493	1139
493	2251
494	1197
494	1677
494	1807
494	2447
499	1180
499	2001
501	770
512	562
512	691
512	1139
512	1271
512	1592
512	2101
512	2204
512	2251
512	2391
512	2394
512	2457
512	2499
512	2531
512	2540
512	2555
512	2883
512	2932
512	3319
513	733
513	1553
513	2878
516	1271
524	2639
526	1930
529	1981
530	1375
535	657
535	1989
540	1708
541	2295
543	818
543	1784
544	971
544	985
544	1000
544	2582
544	2836
557	1152
562	585
562	670
562	733
562	800
562	923
562	1065
562	1211
562	1370
562	1474
562	1540
562	1595
562	1652
562	1665
562	1752
562	1810
562	1822
562	1894
562	1973
562	2051
562	2253
562	2325
562	2365
562	2479
562	2849
562	2903
562	2976
562	3016
562	3069
562	3077
562	3261
562	3351
570	3057
571	1969
571	1999
571	2251
571	2940
571	2978
572	672
572	710
572	1708
572	2322
574	1902
577	594
577	907
577	954
577	979
577	991
577	1040
577	1048
577	1119
577	1238
577	1391
577	1644
577	1932
577	1985
577	2063
577	2229
577	2261
577	2264
577	2839
577	2932
577	3103
582	2797
585	667
585	689
585	711
585	764
585	823
585	832
585	864
585	923
585	954
585	971
585	1000
585	1046
585	1089
585	1211
585	1268
585	1336
585	1595
585	1644
585	1676
585	2021
585	2190
585	2229
585	2250
585	2251
585	2319
585	2411
585	2416
585	2499
585	2560
585	2802
585	3046
585	3150
585	3289
587	864
588	1829
588	2797
591	753
591	789
591	1040
591	1411
591	1506
591	1557
591	2357
591	3043
591	3308
592	789
594	867
594	905
594	979
598	1204
598	1857
603	638
603	1480
603	3289
605	1847
605	2953
606	767
606	954
606	1040
606	1050
606	1121
606	1708
606	2232
606	2242
606	2251
606	2454
606	2526
606	2822
606	3119
608	1271
612	1807
612	2322
612	2759
612	2797
612	3133
613	1755
619	1708
619	2836
619	2907
624	697
624	789
624	1531
626	1379
630	1708
631	831
631	1072
631	1866
631	2499
632	2499
636	672
638	1661
638	1800
640	1595
653	764
653	1298
653	1652
653	2121
653	2704
653	2734
653	2769
653	3321
657	764
657	1275
657	1989
658	1763
660	764
660	1370
660	1559
660	3185
663	2526
667	1752
667	2251
668	767
668	1895
668	3119
668	3133
672	1650
672	1761
672	2116
672	2357
674	755
674	1119
674	2218
674	2338
675	1040
675	1142
682	1708
690	1288
690	1754
691	1689
691	1829
691	2236
691	2783
691	2811
692	854
692	1197
692	2476
700	872
700	1807
700	2270
700	2499
702	904
707	755
707	767
707	2235
707	3088
707	3111
707	3191
708	896
708	1209
708	2251
710	913
710	1040
710	1392
710	1599
710	2070
710	2251
710	3116
710	3235
711	1040
712	910
712	2586
712	2627
712	2976
712	3361
714	1298
714	2116
714	2121
714	2704
714	2769
714	2953
714	3321
721	827
721	1433
721	2934
725	910
725	1152
725	1216
725	1829
725	2236
725	3287
727	1256
727	3322
730	775
730	895
730	1139
730	2447
733	1553
733	1763
733	2539
733	2878
734	1239
749	1040
753	789
753	904
753	1036
753	1040
753	1067
753	1390
753	1411
753	1506
753	1595
753	1752
753	1925
753	2294
753	2503
753	2602
753	2631
753	2639
753	2700
753	2932
753	2960
753	2965
753	3043
753	3322
755	761
755	764
755	767
755	807
755	991
755	1139
755	1240
755	1644
755	1902
755	1932
755	2235
755	2469
755	2807
755	2934
755	3119
755	3191
755	3324
756	1018
758	1761
763	904
763	1973
763	2763
764	775
764	794
764	895
764	914
764	936
764	959
764	1018
764	1040
764	1050
764	1139
764	1165
764	1197
764	1211
764	1392
764	1418
764	1433
764	1452
764	1496
764	1557
764	1608
764	1632
764	1644
764	1666
764	1725
764	1750
764	1766
764	1816
764	1858
764	1884
764	1902
764	1909
764	1962
764	1989
764	2018
764	2061
764	2070
764	2104
764	2151
764	2242
764	2244
764	2305
764	2322
764	2324
764	2526
764	2531
764	2532
764	2604
764	2606
764	2715
764	2734
764	2757
764	2769
764	2951
764	3003
764	3111
764	3205
764	3321
764	3349
766	2767
767	840
767	910
767	968
767	985
767	1040
767	1050
767	1119
767	1121
767	1172
767	1211
767	1238
767	1261
767	1354
767	1379
767	1391
767	1421
767	1452
767	1461
767	1496
767	1530
767	1595
767	1644
767	1676
767	1848
767	1857
767	1914
767	1915
767	1916
767	1961
767	1983
767	1988
767	2066
767	2082
767	2131
767	2139
767	2166
767	2183
767	2220
767	2237
767	2245
767	2270
767	2322
767	2338
767	2349
767	2416
767	2443
767	2446
767	2447
767	2499
767	2504
767	2526
767	2601
767	2627
767	2640
767	2706
767	2821
767	2932
767	2951
767	2958
767	2976
767	3001
767	3145
767	3253
767	3316
773	2349
775	2018
775	2447
779	1050
780	2043
787	2013
788	1647
788	1761
788	2101
789	904
789	1036
789	1040
789	1067
789	1271
789	1411
789	1506
789	1837
789	1925
789	2294
789	2503
789	2965
789	3043
789	3111
789	3272
789	3322
792	1060
794	1261
794	1571
794	1845
794	2443
794	3111
794	3191
800	1211
800	2018
801	1311
803	3274
803	3294
808	2066
809	2394
811	959
811	1264
811	2665
811	2782
818	1642
818	3322
823	1261
823	1958
823	3046
823	3111
827	870
827	1392
827	1421
827	1433
827	1858
827	2205
827	2526
828	2349
831	923
831	991
831	2082
831	2299
831	2325
831	2631
832	2526
839	2526
840	2305
840	2363
840	2782
840	3164
840	3319
844	2270
846	1444
846	1920
846	2235
846	2777
852	1256
854	1599
854	2479
854	2934
855	2270
855	2677
862	2435
863	1411
864	985
864	1377
864	1752
864	2499
864	3047
867	1652
867	1708
867	2724
867	2734
870	1595
870	1771
870	1962
870	2190
870	2347
870	2723
870	2724
870	2757
870	3043
870	3068
870	3358
876	948
876	2978
881	1676
881	2230
881	2251
881	2757
883	1139
883	2113
893	3036
894	1421
894	1911
894	2070
894	2237
894	2264
894	2526
894	2531
894	2644
895	1040
895	2481
895	3087
896	1267
896	1309
896	1322
896	1331
896	1452
896	1750
896	1761
896	1766
896	1909
896	2245
896	2251
896	2661
896	2771
896	3210
904	1036
904	1040
904	1047
904	1067
904	1124
904	1390
904	1411
904	1506
904	1676
904	1752
904	1899
904	1918
904	1925
904	2161
904	2604
904	2825
904	2965
904	3043
904	3132
904	3322
905	950
905	1158
905	1197
905	1261
905	1271
905	1427
905	1683
905	1864
905	2096
905	2251
905	2461
905	2714
905	2747
905	3135
905	3228
907	1644
907	1750
907	2222
907	2807
907	3094
907	3123
907	3267
907	3336
910	1750
910	1779
910	1972
910	2305
910	2499
910	2821
912	2139
913	1411
914	1139
914	1392
914	1644
914	2658
914	2723
915	947
915	2640
920	1595
920	1961
923	1139
923	1411
929	1253
929	1318
929	1667
929	1930
929	1988
929	1990
930	2210
933	3287
936	1449
939	1449
944	1884
944	2721
944	3111
947	994
947	2251
947	2345
947	2377
947	2454
947	2822
947	3119
948	2978
949	1065
949	2836
949	3319
950	1427
950	1752
950	2334
950	2455
950	2767
950	3017
953	2767
954	1553
954	2878
954	3111
959	1264
959	2665
959	2782
959	3360
968	1137
971	1035
971	1298
971	2076
971	2443
971	2769
971	3185
972	2949
976	1927
979	1013
979	1972
979	2007
979	2526
984	2744
985	1139
985	1818
985	2144
985	2499
985	3119
985	3280
991	1418
991	1421
991	1761
991	1844
991	1962
991	1972
991	2282
991	2305
991	2724
991	3001
991	3016
991	3323
993	1916
994	2131
1000	1046
1000	1177
1000	1268
1000	2443
1000	2802
1000	2822
1000	3023
1002	3016
1003	1482
1005	2448
1009	3323
1010	2481
1010	2601
1010	2976
1013	1047
1013	1847
1016	1064
1018	1452
1018	1608
1018	2643
1018	2661
1025	1595
1026	2358
1032	1922
1032	2319
1036	1040
1036	1067
1036	1411
1036	1506
1036	1773
1036	1925
1036	2503
1036	2965
1036	3043
1036	3111
1036	3322
1040	1067
1040	1261
1040	1411
1040	1506
1040	1784
1040	1845
1040	1925
1040	2116
1040	2251
1040	2294
1040	2347
1040	2860
1040	2965
1040	3043
1040	3248
1040	3322
1046	3366
1047	1261
1047	2660
1047	3111
1048	1060
1048	1437
1048	2060
1048	2718
1048	2728
1050	1152
1050	1405
1050	1766
1050	1902
1050	2255
1050	2540
1050	2734
1050	2785
1050	2923
1056	1877
1058	1204
1058	1857
1060	2907
1062	1342
1062	1408
1062	1464
1062	2822
1065	1630
1065	2836
1065	3319
1067	1124
1067	1411
1067	1506
1067	1644
1067	1925
1067	1955
1067	2965
1067	3043
1067	3322
1072	1458
1091	2180
1100	1595
1108	1375
1108	1421
1108	1595
1108	2499
1113	2255
1113	2293
1113	2601
1119	2479
1121	1128
1121	3205
1129	1510
1129	1626
1129	2135
1129	2198
1129	2586
1129	2651
1129	2783
1129	3011
1137	2979
1139	1406
1139	1433
1139	1445
1139	1608
1139	1644
1139	1750
1139	2018
1139	2070
1139	2116
1139	2296
1139	2443
1139	2526
1139	2706
1139	2807
1139	2849
1139	2879
1139	3017
1142	2320
1143	1421
1148	2237
1148	3111
1150	2183
1152	2236
1152	2324
1152	3287
1158	1197
1158	1271
1158	1427
1158	2461
1158	2714
1167	2338
1167	2819
1180	2479
1180	2531
1180	2990
1182	2232
1195	2606
1197	2469
1197	2476
1197	2714
1197	2840
1200	1595
1204	1621
1204	1857
1206	1268
1206	1864
1206	1916
1206	2458
1211	1261
1211	2104
1211	2338
1211	2526
1211	2622
1211	2697
1211	2863
1211	3111
1216	3287
1219	2494
1233	2183
1238	1261
1238	2443
1238	3111
1238	3114
1239	1510
1241	2555
1243	1370
1243	1707
1243	1894
1243	1972
1243	2763
1243	3280
1251	1787
1251	2357
1251	3129
1253	1752
1253	1848
1253	2215
1253	2634
1253	3360
1254	2396
1256	2204
1261	1411
1261	1840
1261	1922
1261	2018
1261	2100
1261	2139
1261	2369
1261	2411
1261	2443
1261	2499
1261	2616
1261	2643
1261	2839
1261	2951
1261	3111
1261	3150
1261	3326
1262	1595
1262	2734
1264	2018
1264	2665
1264	2782
1264	3360
1267	2711
1271	1427
1271	2081
1271	2096
1271	2204
1271	2251
1271	2279
1271	2371
1271	2454
1271	2461
1271	2474
1271	2628
1271	2677
1271	2678
1271	2714
1271	2978
1285	2123
1286	2411
1288	1754
1288	3259
1298	1331
1298	2121
1298	2258
1298	2704
1298	2769
1298	3321
1300	3319
1309	2238
1309	2251
1309	2488
1309	2526
1309	2555
1309	3216
1311	1530
1311	2043
1312	2817
1312	3016
1318	2883
1318	2934
1322	2251
1324	2125
1328	1779
1335	2347
1344	1482
1346	1595
1346	2482
1346	2822
1349	2979
1354	1608
1354	1633
1354	1678
1354	2316
1354	3228
1356	2912
1358	2349
1370	1725
1370	1894
1370	1972
1370	2257
1370	3057
1370	3121
1370	3280
1374	2836
1375	1462
1375	1528
1375	1932
1375	2661
1375	2921
1375	2951
1377	2779
1379	1664
1379	2135
1383	1920
1383	2151
1385	2066
1385	2965
1388	1909
1388	3111
1391	2230
1391	3111
1392	1595
1392	1644
1392	1932
1392	2479
1392	2526
1404	2978
1408	2235
1408	3366
1411	1506
1411	1553
1411	1571
1411	1925
1411	2020
1411	2237
1411	2294
1411	2503
1411	2721
1411	2965
1411	3043
1411	3111
1411	3322
1415	2499
1421	1571
1421	1652
1421	1828
1421	1960
1421	1962
1421	2190
1421	2227
1421	2499
1421	3156
1421	3191
1427	2096
1429	2810
1433	1890
1433	2526
1433	2532
1433	3119
1439	2182
1444	2325
1444	2711
1445	1960
1445	2070
1449	2821
1452	2251
1452	2281
1452	2320
1452	2643
1452	2661
1461	2817
1462	1557
1462	3001
1473	2218
1481	3031
1482	2469
1482	3198
1482	3361
1497	2066
1506	1925
1506	2294
1506	2503
1506	2748
1506	2965
1506	3043
1506	3111
1506	3322
1506	3347
1530	1720
1530	2932
1530	3223
1531	2152
1535	1595
1537	2305
1547	1644
1547	1783
1547	3316
1553	2863
1553	2878
1557	1895
1557	2829
1571	2204
1571	2836
1574	2728
1592	2854
1592	3294
1595	1637
1595	1676
1595	1708
1595	1792
1595	1847
1595	1902
1595	1960
1595	1963
1595	1969
1595	2238
1595	2251
1595	2499
1595	2551
1595	2583
1595	2628
1595	2639
1595	2723
1595	2724
1595	2734
1595	2785
1595	2923
1595	3027
1595	3111
1595	3233
1595	3321
1596	2131
1599	1797
1607	3280
1608	2526
1613	2499
1618	2555
1619	2235
1619	2324
1621	1857
1630	1756
1630	2836
1630	3319
1631	2204
1632	1921
1633	1644
1633	1717
1637	1860
1637	2510
1637	2686
1637	3001
1638	2365
1644	1708
1644	1981
1644	2205
1644	2235
1644	2277
1644	2411
1644	2526
1644	2658
1644	2798
1644	3007
1644	3111
1645	1807
1645	1911
1645	2255
1645	2532
1648	2290
1652	1752
1652	1911
1652	2205
1652	2434
1652	3291
1657	2972
1667	2472
1667	2785
1676	1748
1676	3005
1677	1941
1677	3189
1686	2785
1695	1763
1695	1807
1695	2283
1695	2443
1695	2767
1695	2892
1695	2934
1706	2204
1707	2204
1707	3280
1708	1782
1708	2185
1708	2264
1708	2506
1708	2724
1708	2822
1708	2934
1708	3082
1709	2322
1709	2817
1709	3016
1715	2250
1720	2215
1720	3223
1725	2204
1725	2592
1725	3057
1725	3121
1725	3280
1750	2131
1750	2222
1750	2447
1750	2951
1750	3313
1752	1916
1752	2139
1752	2338
1752	2499
1752	2540
1752	2601
1752	2639
1752	2724
1752	2734
1752	2822
1752	2932
1752	3110
1752	3351
1754	3133
1756	2208
1763	2819
1765	2763
1766	2251
1766	3210
1773	3322
1805	2695
1806	1911
1807	1863
1807	1911
1807	1970
1807	2105
1807	3222
1808	2724
1811	2836
1812	2296
1816	2048
1816	2245
1816	2434
1816	2699
1816	3291
1818	1902
1818	2499
1826	2008
1829	2236
1829	2270
1829	3216
1829	3287
1830	1960
1832	2499
1840	2295
1845	2187
1845	2357
1845	2526
1845	2851
1845	3030
1845	3316
1847	1864
1847	2229
1847	2230
1847	2499
1847	3133
1848	2215
1852	2933
1858	2104
1858	2821
1863	2601
1863	2767
1864	2190
1864	2251
1865	2349
1877	2953
1884	2526
1884	2674
1884	2951
1886	2204
1894	1972
1894	2257
1894	3280
1896	2213
1896	2531
1902	2082
1909	2883
1909	3291
1911	2446
1915	2455
1916	2458
1916	2711
1920	2151
1922	2616
1922	3111
1922	3267
1925	2965
1925	3043
1925	3111
1925	3322
1927	2785
1930	2028
1930	2042
1930	3349
1932	2184
1932	2934
1932	3191
1958	2836
1960	2013
1960	2103
1960	2457
1960	2711
1960	2721
1960	2724
1960	2785
1960	3375
1962	2205
1962	3166
1963	2261
1963	2386
1965	2655
1965	2686
1965	3221
1972	2257
1972	3280
1981	2964
1981	3016
1981	3323
1983	2242
1983	2531
1993	2769
1998	2270
1999	2008
1999	2707
2000	2204
2001	3316
2007	2883
2007	2916
2007	3288
2008	2934
2018	2305
2018	2447
2018	2602
2018	2604
2018	2821
2024	2744
2028	2531
2028	3349
2029	2639
2029	3324
2035	2724
2043	2976
2043	3121
2047	2123
2047	2131
2047	2239
2048	3043
2051	2082
2051	2190
2051	2734
2063	2791
2066	2184
2066	2800
2066	2933
2066	2978
2066	3111
2069	2924
2070	2526
2070	3116
2070	3191
2080	2499
2080	3280
2082	2531
2082	2907
2086	2504
2092	2822
2096	2590
2096	2714
2096	3135
2097	2978
2100	2783
2100	3330
2100	3361
2101	2251
2104	2205
2104	2338
2116	2472
2116	2819
2116	3121
2117	2305
2119	2199
2119	2672
2121	2499
2121	2704
2121	2769
2121	3027
2121	3321
2125	3146
2131	2499
2138	3082
2139	2322
2139	2338
2139	2458
2146	2204
2148	2619
2149	2239
2149	2305
2158	2582
2180	3334
2182	2499
2182	2819
2183	2627
2186	3336
2199	2352
2204	2251
2204	2257
2204	2315
2205	2238
2205	2347
2205	3251
2210	2996
2215	2589
2215	2665
2215	2782
2215	3145
2215	3360
2218	2965
2223	3039
2230	2748
2235	2458
2236	2270
2236	3287
2237	2823
2237	3111
2238	2610
2242	2447
2242	2531
2242	2583
2242	2601
2242	2786
2244	2347
2245	2251
2245	2697
2250	2372
2250	3022
2251	2278
2251	2322
2251	2325
2251	2349
2251	2499
2251	2601
2251	2661
2251	2767
2251	2883
2251	2932
2251	3005
2251	3210
2251	3319
2254	2454
2254	3245
2255	2724
2255	2734
2255	3237
2255	3351
2255	3358
2257	3280
2257	3320
2258	2704
2260	2705
2261	2734
2264	2552
2281	2357
2281	2661
2285	2532
2285	2934
2294	3043
2295	3289
2299	3210
2305	2583
2305	2710
2305	3191
2313	2349
2322	2767
2322	2817
2322	2932
2322	2934
2322	3016
2324	2821
2325	2801
2325	3068
2333	2524
2333	3209
2334	2499
2338	2643
2343	3068
2347	2499
2347	2839
2347	3094
2347	3116
2348	3366
2348	3373
2349	2755
2349	3172
2356	2932
2357	2822
2357	2892
2357	2921
2357	2934
2358	2723
2358	3323
2372	2524
2372	3185
2386	2604
2394	2503
2394	2897
2411	2443
2411	3111
2424	2499
2434	3274
2435	2730
2443	2883
2443	3111
2454	2529
2454	2932
2455	2950
2456	2555
2457	3251
2458	2854
2458	2978
2469	2715
2476	2819
2479	2646
2479	3133
2482	3039
2482	3210
2494	2551
2494	2921
2494	2934
2499	2748
2499	2785
2499	2791
2499	2821
2499	2822
2499	2932
2499	3111
2499	3191
2499	3313
2499	3316
2503	3156
2503	3322
2504	3253
2510	2785
2524	3118
2526	3049
2529	2661
2531	2601
2531	3082
2532	2819
2532	3230
2540	2923
2551	2923
2551	3262
2552	2878
2558	2819
2582	2822
2582	2949
2586	2976
2586	3361
2589	2953
2601	2753
2601	2777
2601	3104
2601	3110
2610	3351
2616	2646
2616	2721
2616	3111
2618	3187
2619	2728
2639	3133
2641	2958
2643	2661
2644	3163
2644	3191
2646	3133
2649	3057
2657	3230
2658	2807
2661	2721
2661	3133
2665	3360
2677	2836
2677	3133
2695	3301
2699	2978
2700	3016
2704	2769
2704	3321
2723	2778
2723	3016
2723	3082
2723	3116
2723	3323
2723	3360
2724	3191
2731	2932
2734	2948
2753	3104
2753	3281
2763	3057
2767	2966
2769	2860
2769	3060
2769	3291
2769	3321
2778	2964
2778	3016
2778	3323
2782	3119
2782	3360
2785	2817
2785	2875
2785	2956
2785	3020
2801	2882
2817	3016
2817	3334
2819	3317
2819	3324
2822	3104
2836	3319
2863	3328
2870	3319
2892	2921
2892	2934
2893	3336
2910	3111
2921	2934
2930	2934
2932	3043
2932	3216
2933	3191
2949	3101
2964	3016
2964	3323
2965	3043
2965	3111
2965	3322
2970	3116
3016	3082
3016	3323
3024	3057
3043	3111
3043	3322
3055	3360
3057	3121
3057	3280
3082	3323
3111	3198
3111	3358
3121	3280
3170	3328
3191	3349
3228	3249
3274	3291
3274	3294
3287	3291
3289	3323
3319	0
96	1
479	1
753	1
764	1
1040	1
1067	1
1119	1
1238	1
1421	1
2377	1
2447	1
3043	1
3114	1
2769	19
2978	19
571	20
479	26
1067	26
126	27
479	27
653	27
714	27
971	27
1298	27
2121	27
2258	27
2769	27
3321	27
1930	32
2772	32
2819	32
3191	32
2469	35
37	36
562	36
2631	36
2774	36
831	37
2066	37
3323	37
54	38
1530	38
1894	38
2753	38
3104	38
971	45
985	45
1265	45
1482	45
2070	45
2394	45
1271	50
2457	52
180	54
1421	54
3104	54
90	56
134	56
275	56
385	56
423	56
429	56
562	56
572	56
660	56
672	56
854	56
864	56
895	56
948	56
950	56
979	56
991	56
1018	56
1089	56
1197	56
1211	56
1354	56
1370	56
1386	56
1388	56
1392	56
1452	56
1595	56
1644	56
1645	56
1652	56
1677	56
1695	56
1708	56
1858	56
2028	56
2063	56
2070	56
2261	56
2281	56
2324	56
2328	56
2357	56
2434	56
2456	56
2555	56
2639	56
2933	56
2934	56
3267	56
3291	56
3349	56
2204	60
2305	60
3001	60
2458	65
2340	66
167	68
2205	68
2721	68
541	73
933	73
2734	73
3287	73
2724	76
1676	80
2028	80
2043	80
2848	80
1266	81
2281	81
562	83
1065	83
1630	83
2677	83
2836	83
3319	83
1462	86
2313	86
3054	86
134	90
464	94
708	94
3347	94
423	96
464	96
712	96
767	96
1510	96
1708	96
2268	96
2270	96
2354	96
2670	96
3083	96
3336	96
976	98
1652	98
2245	98
2700	98
910	103
2862	103
1005	104
350	105
480	105
512	105
1253	105
1421	105
1790	105
1808	105
2251	105
2410	105
2631	105
275	106
605	106
1050	106
1197	106
1652	106
1962	106
2008	106
2238	106
2519	106
2724	106
2757	106
3313	106
3351	106
1960	114
577	115
708	115
755	115
2070	115
2205	115
562	117
1652	117
388	121
764	121
905	121
1158	121
1271	121
1427	121
2096	121
2714	121
767	123
1377	123
2105	123
2665	124
1911	130
192	132
202	132
767	132
2823	132
1261	133
385	134
948	134
979	134
1089	134
1211	134
1652	134
1695	134
1847	134
1961	134
2063	134
2238	134
2261	134
2357	134
2411	134
2434	134
2456	134
2526	134
2555	134
2661	134
2676	134
2695	134
2773	134
2775	134
2831	134
3151	134
3291	134
275	135
700	135
1644	135
1652	135
2204	135
2264	135
2347	135
2458	135
3128	135
3145	135
323	137
1920	137
2151	137
846	138
2028	140
562	142
1595	142
2446	147
753	148
1036	148
2236	148
572	155
811	157
959	157
1253	157
1254	157
1264	157
2782	157
3360	157
167	159
192	159
267	159
512	159
606	159
640	159
753	159
767	159
867	159
1129	159
1595	159
1996	159
2043	159
2238	159
2328	159
2360	159
2457	159
2769	159
3043	159
3076	159
3156	159
3285	159
2482	164
2499	164
2724	164
3111	164
448	166
789	166
3322	166
202	167
664	167
1197	167
1652	167
1847	167
2744	167
3294	167
3351	167
770	172
1356	172
1973	181
767	183
2229	183
1197	189
2476	189
512	190
691	190
725	190
1829	190
2236	190
2270	190
3287	190
3289	190
1206	192
1286	192
1346	192
1421	192
1644	192
1695	192
1807	192
1916	192
2182	192
2183	192
2220	192
2229	192
2348	192
2458	192
2574	192
2823	192
2970	192
668	197
2028	200
323	201
479	201
571	201
2061	201
658	202
708	202
733	202
1197	202
1265	202
1452	202
1763	202
1847	202
1890	202
2187	202
2526	202
2716	202
1129	203
950	205
1142	205
3277	205
1462	208
2540	208
2819	208
3001	208
3016	208
577	210
3046	210
1557	212
827	213
914	213
2526	213
378	217
675	217
1645	217
2313	217
3307	217
1254	220
2672	223
282	229
2721	229
904	230
464	232
1239	232
1911	232
2670	232
949	235
1125	235
1630	235
1958	235
1998	235
2387	235
2836	235
1285	242
1772	242
1902	242
2047	242
2123	242
2047	245
3344	245
1595	247
2499	247
2724	247
2734	247
2295	248
896	251
1695	252
585	254
1628	254
2660	254
3133	254
413	255
524	259
2618	259
3319	259
1117	261
2030	266
2281	266
2338	266
2643	266
385	267
402	267
1415	267
1547	267
1783	267
1784	267
2551	267
2978	267
3047	267
668	268
831	268
950	268
2802	268
2305	271
296	273
764	275
1597	275
2610	275
808	283
2066	283
3043	286
764	287
894	287
937	287
2821	287
571	290
1844	293
318	295
712	295
764	295
767	295
1902	295
2734	295
3291	295
764	296
767	296
1375	296
1677	296
2357	296
2476	296
2892	296
2922	296
2934	296
3016	296
3116	296
3156	296
3349	296
562	297
3057	301
3121	301
2305	302
1324	306
2125	306
1644	313
1708	313
1149	318
1386	318
2261	318
2734	318
2447	320
1197	322
2229	322
1481	323
1715	323
2190	323
985	324
2233	326
2063	330
2763	330
3262	330
423	331
457	331
1864	331
2807	331
3116	331
480	338
2728	338
3207	338
464	342
710	343
479	344
753	344
789	344
1040	344
1411	344
1506	344
3043	344
1433	345
2070	345
3116	345
571	350
767	350
1010	350
2540	350
479	351
2932	351
1985	352
668	363
1752	365
2823	365
730	368
2063	369
870	372
950	372
959	372
1101	372
2499	372
2665	372
753	381
789	381
2753	381
3323	381
881	382
3266	382
948	385
2978	385
905	388
1158	388
1271	388
2096	388
2714	388
406	390
479	390
753	390
789	390
904	390
1036	390
1040	390
1067	390
1411	390
1506	390
1925	390
2294	390
2503	390
2965	390
3043	390
3322	390
1595	398
789	401
1644	402
1783	402
2526	402
479	406
1506	406
985	413
1060	413
2113	413
491	417
660	417
755	417
789	417
1197	417
1251	417
1884	417
1909	417
2699	417
3106	417
3287	417
3291	417
3349	417
3067	418
1356	422
470	423
484	423
755	423
764	423
883	423
1925	423
2305	423
2447	423
2807	423
2862	423
3191	423
3291	423
577	429
764	429
1261	429
2281	429
2934	429
896	432
1559	432
2251	432
2643	432
3111	432
1896	438
2018	438
2264	438
1253	439
1848	439
2215	439
991	448
1986	448
2839	454
827	457
1695	457
3235	457
707	458
1312	458
1709	458
2322	458
2817	458
3016	458
3323	458
767	463
512	464
712	464
734	464
968	464
1040	464
1132	464
1239	464
1271	464
1510	464
1963	464
2251	464
2261	464
2268	464
2354	464
2430	464
2670	464
2819	464
2822	464
496	466
513	468
562	468
2965	468
831	472
1981	477
512	479
513	479
591	479
698	479
727	479
753	479
789	479
904	479
1036	479
1040	479
1067	479
1200	479
1411	479
1506	479
1553	479
1667	479
1925	479
1972	479
2048	479
2294	479
2503	479
2753	479
2878	479
2965	479
3043	479
3248	479
3263	479
3322	479
668	480
707	480
914	480
1050	480
1067	480
1354	480
1379	480
1452	480
1595	480
1667	480
1864	480
2499	480
555	481
1939	481
1981	481
2778	481
2964	481
3016	481
3323	481
976	482
1139	482
1816	482
1864	482
3360	482
1787	483
864	484
1261	484
2100	484
675	487
2043	491
1040	493
1139	493
2251	493
1197	494
1677	494
1807	494
2447	494
1180	499
2001	499
770	501
562	512
691	512
1139	512
1271	512
1592	512
2101	512
2204	512
2251	512
2391	512
2394	512
2457	512
2499	512
2531	512
2540	512
2555	512
2883	512
2932	512
3319	512
733	513
1553	513
2878	513
1271	516
2639	524
1930	526
1981	529
1375	530
657	535
1989	535
1708	540
2295	541
818	543
1784	543
971	544
985	544
1000	544
2582	544
2836	544
1152	557
585	562
670	562
733	562
800	562
923	562
1065	562
1211	562
1370	562
1474	562
1540	562
1595	562
1652	562
1665	562
1752	562
1810	562
1822	562
1894	562
1973	562
2051	562
2253	562
2325	562
2365	562
2479	562
2849	562
2903	562
2976	562
3016	562
3069	562
3077	562
3261	562
3351	562
3057	570
1969	571
1999	571
2251	571
2940	571
2978	571
672	572
710	572
1708	572
2322	572
1902	574
594	577
907	577
954	577
979	577
991	577
1040	577
1048	577
1119	577
1238	577
1391	577
1644	577
1932	577
1985	577
2063	577
2229	577
2261	577
2264	577
2839	577
2932	577
3103	577
2797	582
667	585
689	585
711	585
764	585
823	585
832	585
864	585
923	585
954	585
971	585
1000	585
1046	585
1089	585
1211	585
1268	585
1336	585
1595	585
1644	585
1676	585
2021	585
2190	585
2229	585
2250	585
2251	585
2319	585
2411	585
2416	585
2499	585
2560	585
2802	585
3046	585
3150	585
3289	585
864	587
1829	588
2797	588
753	591
789	591
1040	591
1411	591
1506	591
1557	591
2357	591
3043	591
3308	591
789	592
867	594
905	594
979	594
1204	598
1857	598
638	603
1480	603
3289	603
1847	605
2953	605
767	606
954	606
1040	606
1050	606
1121	606
1708	606
2232	606
2242	606
2251	606
2454	606
2526	606
2822	606
3119	606
1271	608
1807	612
2322	612
2759	612
2797	612
3133	612
1755	613
1708	619
2836	619
2907	619
697	624
789	624
1531	624
1379	626
1708	630
831	631
1072	631
1866	631
2499	631
2499	632
672	636
1661	638
1800	638
1595	640
764	653
1298	653
1652	653
2121	653
2704	653
2734	653
2769	653
3321	653
764	657
1275	657
1989	657
1763	658
764	660
1370	660
1559	660
3185	660
2526	663
1752	667
2251	667
767	668
1895	668
3119	668
3133	668
1650	672
1761	672
2116	672
2357	672
755	674
1119	674
2218	674
2338	674
1040	675
1142	675
1708	682
1288	690
1754	690
1689	691
1829	691
2236	691
2783	691
2811	691
854	692
1197	692
2476	692
872	700
1807	700
2270	700
2499	700
904	702
755	707
767	707
2235	707
3088	707
3111	707
3191	707
896	708
1209	708
2251	708
913	710
1040	710
1392	710
1599	710
2070	710
2251	710
3116	710
3235	710
1040	711
910	712
2586	712
2627	712
2976	712
3361	712
1298	714
2116	714
2121	714
2704	714
2769	714
2953	714
3321	714
827	721
1433	721
2934	721
910	725
1152	725
1216	725
1829	725
2236	725
3287	725
1256	727
3322	727
775	730
895	730
1139	730
2447	730
1553	733
1763	733
2539	733
2878	733
1239	734
1040	749
789	753
904	753
1036	753
1040	753
1067	753
1390	753
1411	753
1506	753
1595	753
1752	753
1925	753
2294	753
2503	753
2602	753
2631	753
2639	753
2700	753
2932	753
2960	753
2965	753
3043	753
3322	753
761	755
764	755
767	755
807	755
991	755
1139	755
1240	755
1644	755
1902	755
1932	755
2235	755
2469	755
2807	755
2934	755
3119	755
3191	755
3324	755
1018	756
1761	758
904	763
1973	763
2763	763
775	764
794	764
895	764
914	764
936	764
959	764
1018	764
1040	764
1050	764
1139	764
1165	764
1197	764
1211	764
1392	764
1418	764
1433	764
1452	764
1496	764
1557	764
1608	764
1632	764
1644	764
1666	764
1725	764
1750	764
1766	764
1816	764
1858	764
1884	764
1902	764
1909	764
1962	764
1989	764
2018	764
2061	764
2070	764
2104	764
2151	764
2242	764
2244	764
2305	764
2322	764
2324	764
2526	764
2531	764
2532	764
2604	764
2606	764
2715	764
2734	764
2757	764
2769	764
2951	764
3003	764
3111	764
3205	764
3321	764
3349	764
2767	766
840	767
910	767
968	767
985	767
1040	767
1050	767
1119	767
1121	767
1172	767
1211	767
1238	767
1261	767
1354	767
1379	767
1391	767
1421	767
1452	767
1461	767
1496	767
1530	767
1595	767
1644	767
1676	767
1848	767
1857	767
1914	767
1915	767
1916	767
1961	767
1983	767
1988	767
2066	767
2082	767
2131	767
2139	767
2166	767
2183	767
2220	767
2237	767
2245	767
2270	767
2322	767
2338	767
2349	767
2416	767
2443	767
2446	767
2447	767
2499	767
2504	767
2526	767
2601	767
2627	767
2640	767
2706	767
2821	767
2932	767
2951	767
2958	767
2976	767
3001	767
3145	767
3253	767
3316	767
2349	773
2018	775
2447	775
1050	779
2043	780
2013	787
1647	788
1761	788
2101	788
904	789
1036	789
1040	789
1067	789
1271	789
1411	789
1506	789
1837	789
1925	789
2294	789
2503	789
2965	789
3043	789
3111	789
3272	789
3322	789
1060	792
1261	794
1571	794
1845	794
2443	794
3111	794
3191	794
1211	800
2018	800
1311	801
3274	803
3294	803
2066	808
2394	809
959	811
1264	811
2665	811
2782	811
1642	818
3322	818
1261	823
1958	823
3046	823
3111	823
870	827
1392	827
1421	827
1433	827
1858	827
2205	827
2526	827
2349	828
923	831
991	831
2082	831
2299	831
2325	831
2631	831
2526	832
2526	839
2305	840
2363	840
2782	840
3164	840
3319	840
2270	844
1444	846
1920	846
2235	846
2777	846
1256	852
1599	854
2479	854
2934	854
2270	855
2677	855
2435	862
1411	863
985	864
1377	864
1752	864
2499	864
3047	864
1652	867
1708	867
2724	867
2734	867
1595	870
1771	870
1962	870
2190	870
2347	870
2723	870
2724	870
2757	870
3043	870
3068	870
3358	870
948	876
2978	876
1676	881
2230	881
2251	881
2757	881
1139	883
2113	883
3036	893
1421	894
1911	894
2070	894
2237	894
2264	894
2526	894
2531	894
2644	894
1040	895
2481	895
3087	895
1267	896
1309	896
1322	896
1331	896
1452	896
1750	896
1761	896
1766	896
1909	896
2245	896
2251	896
2661	896
2771	896
3210	896
1036	904
1040	904
1047	904
1067	904
1124	904
1390	904
1411	904
1506	904
1676	904
1752	904
1899	904
1918	904
1925	904
2161	904
2604	904
2825	904
2965	904
3043	904
3132	904
3322	904
950	905
1158	905
1197	905
1261	905
1271	905
1427	905
1683	905
1864	905
2096	905
2251	905
2461	905
2714	905
2747	905
3135	905
3228	905
1644	907
1750	907
2222	907
2807	907
3094	907
3123	907
3267	907
3336	907
1750	910
1779	910
1972	910
2305	910
2499	910
2821	910
2139	912
1411	913
1139	914
1392	914
1644	914
2658	914
2723	914
947	915
2640	915
1595	920
1961	920
1139	923
1411	923
1253	929
1318	929
1667	929
1930	929
1988	929
1990	929
2210	930
3287	933
1449	936
1449	939
1884	944
2721	944
3111	944
994	947
2251	947
2345	947
2377	947
2454	947
2822	947
3119	947
2978	948
1065	949
2836	949
3319	949
1427	950
1752	950
2334	950
2455	950
2767	950
3017	950
2767	953
1553	954
2878	954
3111	954
1264	959
2665	959
2782	959
3360	959
1137	968
1035	971
1298	971
2076	971
2443	971
2769	971
3185	971
2949	972
1927	976
1013	979
1972	979
2007	979
2526	979
2744	984
1139	985
1818	985
2144	985
2499	985
3119	985
3280	985
1418	991
1421	991
1761	991
1844	991
1962	991
1972	991
2282	991
2305	991
2724	991
3001	991
3016	991
3323	991
1916	993
2131	994
1046	1000
1177	1000
1268	1000
2443	1000
2802	1000
2822	1000
3023	1000
3016	1002
1482	1003
2448	1005
3323	1009
2481	1010
2601	1010
2976	1010
1047	1013
1847	1013
1064	1016
1452	1018
1608	1018
2643	1018
2661	1018
1595	1025
2358	1026
1922	1032
2319	1032
1040	1036
1067	1036
1411	1036
1506	1036
1773	1036
1925	1036
2503	1036
2965	1036
3043	1036
3111	1036
3322	1036
1067	1040
1261	1040
1411	1040
1506	1040
1784	1040
1845	1040
1925	1040
2116	1040
2251	1040
2294	1040
2347	1040
2860	1040
2965	1040
3043	1040
3248	1040
3322	1040
3366	1046
1261	1047
2660	1047
3111	1047
1060	1048
1437	1048
2060	1048
2718	1048
2728	1048
1152	1050
1405	1050
1766	1050
1902	1050
2255	1050
2540	1050
2734	1050
2785	1050
2923	1050
1877	1056
1204	1058
1857	1058
2907	1060
1342	1062
1408	1062
1464	1062
2822	1062
1630	1065
2836	1065
3319	1065
1124	1067
1411	1067
1506	1067
1644	1067
1925	1067
1955	1067
2965	1067
3043	1067
3322	1067
1458	1072
2180	1091
1595	1100
1375	1108
1421	1108
1595	1108
2499	1108
2255	1113
2293	1113
2601	1113
2479	1119
1128	1121
3205	1121
1510	1129
1626	1129
2135	1129
2198	1129
2586	1129
2651	1129
2783	1129
3011	1129
2979	1137
1406	1139
1433	1139
1445	1139
1608	1139
1644	1139
1750	1139
2018	1139
2070	1139
2116	1139
2296	1139
2443	1139
2526	1139
2706	1139
2807	1139
2849	1139
2879	1139
3017	1139
2320	1142
1421	1143
2237	1148
3111	1148
2183	1150
2236	1152
2324	1152
3287	1152
1197	1158
1271	1158
1427	1158
2461	1158
2714	1158
2338	1167
2819	1167
2479	1180
2531	1180
2990	1180
2232	1182
2606	1195
2469	1197
2476	1197
2714	1197
2840	1197
1595	1200
1621	1204
1857	1204
1268	1206
1864	1206
1916	1206
2458	1206
1261	1211
2104	1211
2338	1211
2526	1211
2622	1211
2697	1211
2863	1211
3111	1211
3287	1216
2494	1219
2183	1233
1261	1238
2443	1238
3111	1238
3114	1238
1510	1239
2555	1241
1370	1243
1707	1243
1894	1243
1972	1243
2763	1243
3280	1243
1787	1251
2357	1251
3129	1251
1752	1253
1848	1253
2215	1253
2634	1253
3360	1253
2396	1254
2204	1256
1411	1261
1840	1261
1922	1261
2018	1261
2100	1261
2139	1261
2369	1261
2411	1261
2443	1261
2499	1261
2616	1261
2643	1261
2839	1261
2951	1261
3111	1261
3150	1261
3326	1261
1595	1262
2734	1262
2018	1264
2665	1264
2782	1264
3360	1264
2711	1267
1427	1271
2081	1271
2096	1271
2204	1271
2251	1271
2279	1271
2371	1271
2454	1271
2461	1271
2474	1271
2628	1271
2677	1271
2678	1271
2714	1271
2978	1271
2123	1285
2411	1286
1754	1288
3259	1288
1331	1298
2121	1298
2258	1298
2704	1298
2769	1298
3321	1298
3319	1300
2238	1309
2251	1309
2488	1309
2526	1309
2555	1309
3216	1309
1530	1311
2043	1311
2817	1312
3016	1312
2883	1318
2934	1318
2251	1322
2125	1324
1779	1328
2347	1335
1482	1344
1595	1346
2482	1346
2822	1346
2979	1349
1608	1354
1633	1354
1678	1354
2316	1354
3228	1354
2912	1356
2349	1358
1725	1370
1894	1370
1972	1370
2257	1370
3057	1370
3121	1370
3280	1370
2836	1374
1462	1375
1528	1375
1932	1375
2661	1375
2921	1375
2951	1375
2779	1377
1664	1379
2135	1379
1920	1383
2151	1383
2066	1385
2965	1385
1909	1388
3111	1388
2230	1391
3111	1391
1595	1392
1644	1392
1932	1392
2479	1392
2526	1392
2978	1404
2235	1408
3366	1408
1506	1411
1553	1411
1571	1411
1925	1411
2020	1411
2237	1411
2294	1411
2503	1411
2721	1411
2965	1411
3043	1411
3111	1411
3322	1411
2499	1415
1571	1421
1652	1421
1828	1421
1960	1421
1962	1421
2190	1421
2227	1421
2499	1421
3156	1421
3191	1421
2096	1427
2810	1429
1890	1433
2526	1433
2532	1433
3119	1433
2182	1439
2325	1444
2711	1444
1960	1445
2070	1445
2821	1449
2251	1452
2281	1452
2320	1452
2643	1452
2661	1452
2817	1461
1557	1462
3001	1462
2218	1473
3031	1481
2469	1482
3198	1482
3361	1482
2066	1497
1925	1506
2294	1506
2503	1506
2748	1506
2965	1506
3043	1506
3111	1506
3322	1506
3347	1506
1720	1530
2932	1530
3223	1530
2152	1531
1595	1535
2305	1537
1644	1547
1783	1547
3316	1547
2863	1553
2878	1553
1895	1557
2829	1557
2204	1571
2836	1571
2728	1574
2854	1592
3294	1592
1637	1595
1676	1595
1708	1595
1792	1595
1847	1595
1902	1595
1960	1595
1963	1595
1969	1595
2238	1595
2251	1595
2499	1595
2551	1595
2583	1595
2628	1595
2639	1595
2723	1595
2724	1595
2734	1595
2785	1595
2923	1595
3027	1595
3111	1595
3233	1595
3321	1595
2131	1596
1797	1599
3280	1607
2526	1608
2499	1613
2555	1618
2235	1619
2324	1619
1857	1621
1756	1630
2836	1630
3319	1630
2204	1631
1921	1632
1644	1633
1717	1633
1860	1637
2510	1637
2686	1637
3001	1637
2365	1638
1708	1644
1981	1644
2205	1644
2235	1644
2277	1644
2411	1644
2526	1644
2658	1644
2798	1644
3007	1644
3111	1644
1807	1645
1911	1645
2255	1645
2532	1645
2290	1648
1752	1652
1911	1652
2205	1652
2434	1652
3291	1652
2972	1657
2472	1667
2785	1667
1748	1676
3005	1676
1941	1677
3189	1677
2785	1686
1763	1695
1807	1695
2283	1695
2443	1695
2767	1695
2892	1695
2934	1695
2204	1706
2204	1707
3280	1707
1782	1708
2185	1708
2264	1708
2506	1708
2724	1708
2822	1708
2934	1708
3082	1708
2322	1709
2817	1709
3016	1709
2250	1715
2215	1720
3223	1720
2204	1725
2592	1725
3057	1725
3121	1725
3280	1725
2131	1750
2222	1750
2447	1750
2951	1750
3313	1750
1916	1752
2139	1752
2338	1752
2499	1752
2540	1752
2601	1752
2639	1752
2724	1752
2734	1752
2822	1752
2932	1752
3110	1752
3351	1752
3133	1754
2208	1756
2819	1763
2763	1765
2251	1766
3210	1766
3322	1773
2695	1805
1911	1806
1863	1807
1911	1807
1970	1807
2105	1807
3222	1807
2724	1808
2836	1811
2296	1812
2048	1816
2245	1816
2434	1816
2699	1816
3291	1816
1902	1818
2499	1818
2008	1826
2236	1829
2270	1829
3216	1829
3287	1829
1960	1830
2499	1832
2295	1840
2187	1845
2357	1845
2526	1845
2851	1845
3030	1845
3316	1845
1864	1847
2229	1847
2230	1847
2499	1847
3133	1847
2215	1848
2933	1852
2104	1858
2821	1858
2601	1863
2767	1863
2190	1864
2251	1864
2349	1865
2953	1877
2526	1884
2674	1884
2951	1884
2204	1886
1972	1894
2257	1894
3280	1894
2213	1896
2531	1896
2082	1902
2883	1909
3291	1909
2446	1911
2455	1915
2458	1916
2711	1916
2151	1920
2616	1922
3111	1922
3267	1922
2965	1925
3043	1925
3111	1925
3322	1925
2785	1927
2028	1930
2042	1930
3349	1930
2184	1932
2934	1932
3191	1932
2836	1958
2013	1960
2103	1960
2457	1960
2711	1960
2721	1960
2724	1960
2785	1960
3375	1960
2205	1962
3166	1962
2261	1963
2386	1963
2655	1965
2686	1965
3221	1965
2257	1972
3280	1972
2964	1981
3016	1981
3323	1981
2242	1983
2531	1983
2769	1993
2270	1998
2008	1999
2707	1999
2204	2000
3316	2001
2883	2007
2916	2007
3288	2007
2934	2008
2305	2018
2447	2018
2602	2018
2604	2018
2821	2018
2744	2024
2531	2028
3349	2028
2639	2029
3324	2029
2724	2035
2976	2043
3121	2043
2123	2047
2131	2047
2239	2047
3043	2048
2082	2051
2190	2051
2734	2051
2791	2063
2184	2066
2800	2066
2933	2066
2978	2066
3111	2066
2924	2069
2526	2070
3116	2070
3191	2070
2499	2080
3280	2080
2531	2082
2907	2082
2504	2086
2822	2092
2590	2096
2714	2096
3135	2096
2978	2097
2783	2100
3330	2100
3361	2100
2251	2101
2205	2104
2338	2104
2472	2116
2819	2116
3121	2116
2305	2117
2199	2119
2672	2119
2499	2121
2704	2121
2769	2121
3027	2121
3321	2121
3146	2125
2499	2131
3082	2138
2322	2139
2338	2139
2458	2139
2204	2146
2619	2148
2239	2149
2305	2149
2582	2158
3334	2180
2499	2182
2819	2182
2627	2183
3336	2186
2352	2199
2251	2204
2257	2204
2315	2204
2238	2205
2347	2205
3251	2205
2996	2210
2589	2215
2665	2215
2782	2215
3145	2215
3360	2215
2965	2218
3039	2223
2748	2230
2458	2235
2270	2236
3287	2236
2823	2237
3111	2237
2610	2238
2447	2242
2531	2242
2583	2242
2601	2242
2786	2242
2347	2244
2251	2245
2697	2245
2372	2250
3022	2250
2278	2251
2322	2251
2325	2251
2349	2251
2499	2251
2601	2251
2661	2251
2767	2251
2883	2251
2932	2251
3005	2251
3210	2251
3319	2251
2454	2254
3245	2254
2724	2255
2734	2255
3237	2255
3351	2255
3358	2255
3280	2257
3320	2257
2704	2258
2705	2260
2734	2261
2552	2264
2357	2281
2661	2281
2532	2285
2934	2285
3043	2294
3289	2295
3210	2299
2583	2305
2710	2305
3191	2305
2349	2313
2767	2322
2817	2322
2932	2322
2934	2322
3016	2322
2821	2324
2801	2325
3068	2325
2524	2333
3209	2333
2499	2334
2643	2338
3068	2343
2499	2347
2839	2347
3094	2347
3116	2347
3366	2348
3373	2348
2755	2349
3172	2349
2932	2356
2822	2357
2892	2357
2921	2357
2934	2357
2723	2358
3323	2358
2524	2372
3185	2372
2604	2386
2503	2394
2897	2394
2443	2411
3111	2411
2499	2424
3274	2434
2730	2435
2883	2443
3111	2443
2529	2454
2932	2454
2950	2455
2555	2456
3251	2457
2854	2458
2978	2458
2715	2469
2819	2476
2646	2479
3133	2479
3039	2482
3210	2482
2551	2494
2921	2494
2934	2494
2748	2499
2785	2499
2791	2499
2821	2499
2822	2499
2932	2499
3111	2499
3191	2499
3313	2499
3316	2499
3156	2503
3322	2503
3253	2504
2785	2510
3118	2524
3049	2526
2661	2529
2601	2531
3082	2531
2819	2532
3230	2532
2923	2540
2923	2551
3262	2551
2878	2552
2819	2558
2822	2582
2949	2582
2976	2586
3361	2586
2953	2589
2753	2601
2777	2601
3104	2601
3110	2601
3351	2610
2646	2616
2721	2616
3111	2616
3187	2618
2728	2619
3133	2639
2958	2641
2661	2643
3163	2644
3191	2644
3133	2646
3057	2649
3230	2657
2807	2658
2721	2661
3133	2661
3360	2665
2836	2677
3133	2677
3301	2695
2978	2699
3016	2700
2769	2704
3321	2704
2778	2723
3016	2723
3082	2723
3116	2723
3323	2723
3360	2723
3191	2724
2932	2731
2948	2734
3104	2753
3281	2753
3057	2763
2966	2767
2860	2769
3060	2769
3291	2769
3321	2769
2964	2778
3016	2778
3323	2778
3119	2782
3360	2782
2817	2785
2875	2785
2956	2785
3020	2785
2882	2801
3016	2817
3334	2817
3317	2819
3324	2819
3104	2822
3319	2836
3328	2863
3319	2870
2921	2892
2934	2892
3336	2893
3111	2910
2934	2921
2934	2930
3043	2932
3216	2932
3191	2933
3101	2949
3016	2964
3323	2964
3043	2965
3111	2965
3322	2965
3116	2970
3082	3016
3323	3016
3057	3024
3111	3043
3322	3043
3360	3055
3121	3057
3280	3057
3323	3082
3198	3111
3358	3111
3280	3121
3328	3170
3349	3191
3249	3228
3291	3274
3294	3274
3291	3287
3323	3289
