3	558
3	1081
6	554
6	1113
7	611
12	468
12	654
12	708
12	1093
12	1187
12	1492
12	1508
13	127
13	681
13	1262
15	850
16	66
16	74
16	186
16	208
16	376
16	496
16	853
16	952
16	994
16	1150
16	1250
16	1366
16	1535
18	308
18	454
18	614
18	916
18	1019
18	1399
18	1558
21	1445
23	1040
23	1253
27	723
27	853
27	1067
27	1094
27	1097
27	1371
31	50
31	67
31	149
31	166
31	186
31	232
31	247
31	267
31	338
31	435
31	613
31	704
31	796
31	993
31	996
31	1044
31	1238
31	1371
31	1453
31	1509
31	1566
32	1400
33	116
34	147
34	157
36	566
37	215
37	362
37	427
37	446
37	468
37	552
37	598
37	708
37	799
37	1071
37	1184
37	1431
37	1551
41	88
41	280
41	321
41	337
41	345
41	636
41	783
41	899
41	938
41	1027
41	1086
41	1161
41	1276
41	1284
45	159
46	1531
50	66
50	67
50	74
50	139
50	149
50	186
50	200
50	208
50	232
50	267
50	376
50	496
50	534
50	613
50	657
50	661
50	667
50	668
50	810
50	853
50	903
50	952
50	969
50	993
50	996
50	1021
50	1036
50	1097
50	1103
50	1150
50	1162
50	1238
50	1250
50	1366
50	1371
50	1453
50	1477
50	1486
50	1566
51	427
51	468
51	708
51	1431
52	1152
54	531
54	1478
54	1505
56	66
56	204
56	208
56	267
56	496
56	497
56	511
56	604
56	657
56	810
56	846
56	853
56	903
56	1021
56	1097
56	1103
56	1162
56	1217
56	1366
56	1371
57	111
57	125
57	183
57	424
57	509
57	538
57	547
57	678
57	680
57	1140
57	1267
57	1300
57	1343
57	1398
57	1462
57	1547
57	1571
58	1016
60	1327
64	1396
66	67
66	98
66	204
66	208
66	252
66	376
66	496
66	511
66	657
66	667
66	810
66	853
66	903
66	952
66	969
66	1021
66	1097
66	1103
66	1162
66	1217
66	1234
66	1238
66	1250
66	1340
66	1366
66	1371
66	1453
66	1477
66	1511
67	139
67	149
67	186
67	200
67	232
67	252
67	267
67	338
67	376
67	425
67	496
67	657
67	667
67	810
67	853
67	903
67	952
67	969
67	1021
67	1036
67	1044
67	1097
67	1103
67	1162
67	1217
67	1238
67	1250
67	1366
67	1371
67	1453
67	1477
67	1486
67	1509
70	941
70	1098
72	468
72	708
72	1492
73	1216
74	267
74	425
74	822
74	994
74	1150
74	1272
74	1371
74	1535
75	114
75	288
75	368
75	518
75	691
75	965
75	1083
75	1170
75	1176
75	1349
77	837
77	1337
77	1386
77	1409
81	295
81	793
82	161
82	555
82	926
82	1040
82	1328
88	280
88	321
88	337
88	345
88	372
88	636
88	703
88	783
88	899
88	938
88	1086
88	1161
88	1276
89	582
89	1374
90	305
94	888
98	186
98	679
98	952
98	1103
98	1199
98	1322
98	1366
98	1423
98	1486
98	1507
99	299
100	259
100	301
100	431
100	594
100	619
100	634
100	659
100	847
100	858
100	1241
100	1394
100	1481
102	228
102	233
102	261
102	575
102	586
102	627
102	725
102	768
102	802
102	804
102	834
102	1080
102	1274
102	1298
102	1389
102	1406
102	1407
102	1410
102	1438
102	1525
102	1560
102	1583
102	1586
107	1417
107	1479
111	125
111	183
111	424
111	509
111	538
111	547
111	678
111	680
111	1140
111	1267
111	1300
111	1343
111	1398
111	1462
111	1547
111	1571
114	288
114	368
114	518
114	691
114	965
114	1083
114	1170
114	1176
114	1349
115	327
115	365
115	854
115	1029
121	1303
125	183
125	424
125	509
125	538
125	547
125	678
125	680
125	1140
125	1267
125	1300
125	1343
125	1398
125	1462
125	1547
125	1571
127	681
127	1262
130	278
130	711
132	560
132	570
132	729
132	1347
132	1365
132	1378
134	280
134	321
134	337
134	345
134	1161
134	1276
136	270
136	485
136	809
136	1301
136	1455
136	1532
139	186
139	210
139	267
139	363
139	515
139	534
139	552
139	618
139	668
139	710
139	952
139	1067
139	1096
139	1144
139	1344
142	399
147	157
148	531
148	1199
148	1233
148	1478
148	1507
149	186
149	232
149	247
149	338
149	435
149	613
149	704
149	989
149	993
149	996
149	1238
149	1509
149	1566
150	249
151	258
152	366
152	483
152	1065
156	165
156	340
156	585
156	918
156	1041
156	1532
161	555
161	926
165	340
165	585
165	918
165	1041
165	1532
166	186
166	232
166	267
166	435
166	704
166	796
166	993
166	996
166	1238
166	1509
166	1566
168	708
168	1093
168	1492
178	1336
181	440
181	474
181	483
181	546
181	1213
181	1260
183	424
183	509
183	538
183	547
183	678
183	680
183	1140
183	1267
183	1300
183	1343
183	1398
183	1547
183	1571
185	344
185	1061
186	208
186	232
186	267
186	338
186	435
186	534
186	613
186	704
186	774
186	796
186	952
186	969
186	989
186	993
186	996
186	1097
186	1217
186	1238
186	1366
186	1371
186	1405
186	1453
186	1486
186	1509
186	1566
195	499
196	213
196	618
196	1112
196	1281
196	1552
200	267
200	592
200	1256
200	1371
200	1453
204	208
204	252
204	267
204	278
204	376
204	496
204	497
204	600
204	657
204	810
204	853
204	903
204	952
204	969
204	1021
204	1036
204	1044
204	1097
204	1103
204	1162
204	1199
204	1217
204	1233
204	1366
204	1371
204	1412
204	1453
204	1477
204	1486
204	1511
204	1545
208	252
208	267
208	376
208	413
208	496
208	497
208	511
208	600
208	657
208	667
208	669
208	723
208	810
208	853
208	903
208	952
208	969
208	1021
208	1036
208	1097
208	1103
208	1148
208	1162
208	1217
208	1233
208	1250
208	1322
208	1340
208	1366
208	1371
208	1412
208	1423
208	1477
208	1478
208	1511
210	363
210	710
210	1096
213	1112
213	1552
214	358
214	379
214	423
214	638
214	675
214	737
214	1061
215	362
215	427
215	468
215	598
215	708
215	1093
215	1184
215	1187
215	1431
215	1508
215	1551
218	821
218	830
219	385
220	332
220	1253
220	1351
220	1585
223	522
223	829
223	1000
226	264
226	348
228	575
228	586
228	627
228	725
228	802
228	1080
228	1389
228	1407
228	1410
228	1583
229	556
229	752
229	870
229	1425
230	322
230	448
230	502
230	738
230	1451
232	267
232	338
232	435
232	613
232	704
232	796
232	993
232	996
232	1238
232	1371
232	1453
232	1509
232	1566
233	261
233	768
233	1298
233	1406
233	1407
233	1410
233	1560
233	1583
233	1586
237	1548
240	411
240	489
240	881
240	1436
248	303
250	277
252	376
252	496
252	667
252	810
252	853
252	903
252	952
252	1036
252	1097
252	1103
252	1162
252	1217
252	1250
252	1322
252	1340
252	1366
252	1371
252	1477
252	1511
253	1348
254	309
254	873
254	927
259	301
259	594
259	659
259	847
259	1241
259	1481
261	768
261	1298
261	1406
261	1410
261	1586
266	1189
267	376
267	435
267	496
267	534
267	613
267	657
267	661
267	668
267	704
267	810
267	853
267	903
267	952
267	969
267	993
267	996
267	1021
267	1044
267	1067
267	1097
267	1103
267	1148
267	1162
267	1217
267	1238
267	1250
267	1256
267	1366
267	1371
267	1453
267	1477
267	1486
267	1509
267	1511
267	1566
267	1585
270	809
271	1182
272	1080
272	1255
276	1336
278	600
278	644
278	679
278	860
278	952
278	1199
278	1233
278	1251
278	1308
278	1366
278	1478
278	1507
278	1526
280	321
280	337
280	345
280	372
280	636
280	703
280	783
280	899
280	938
280	1027
280	1086
280	1161
280	1276
283	884
283	991
285	961
288	368
288	460
288	518
288	691
288	965
288	1083
288	1176
288	1349
289	476
295	793
297	1037
300	810
301	594
301	619
301	634
301	659
301	847
301	1241
301	1394
301	1481
308	454
308	614
308	916
308	1019
308	1399
308	1558
309	602
309	873
309	927
309	937
311	739
318	1254
321	337
321	345
321	372
321	636
321	703
321	783
321	899
321	938
321	1027
321	1086
321	1161
321	1276
321	1284
322	448
322	502
322	738
322	1451
324	1156
326	620
326	932
326	1105
326	1169
326	1375
327	365
327	854
327	1029
330	750
332	1253
332	1351
332	1585
334	1361
335	897
337	345
337	372
337	636
337	703
337	783
337	899
337	938
337	1027
337	1086
337	1161
337	1249
337	1276
338	451
338	613
338	704
338	774
338	993
338	1238
338	1371
338	1509
338	1566
340	585
340	918
340	1041
340	1474
340	1532
342	954
342	1542
344	675
345	372
345	636
345	703
345	783
345	899
345	938
345	1027
345	1086
345	1161
345	1276
345	1284
348	919
348	1180
349	483
349	574
349	1050
349	1054
349	1232
353	693
355	405
355	479
355	574
355	690
355	691
355	1232
355	1413
358	379
358	423
358	675
358	737
358	1061
358	1159
361	1171
362	427
362	446
362	468
362	552
362	598
362	708
362	799
362	1184
362	1431
362	1551
363	1096
365	854
365	1029
368	518
368	691
368	965
368	1170
368	1176
368	1349
370	414
370	796
372	590
372	899
372	1086
376	496
376	657
376	667
376	669
376	810
376	853
376	903
376	952
376	969
376	1036
376	1097
376	1103
376	1162
376	1217
376	1250
376	1366
376	1371
376	1486
376	1511
379	423
379	638
379	675
379	737
379	1061
379	1159
379	1198
385	954
385	1542
393	771
395	1348
398	991
400	745
400	1581
402	591
402	998
402	1107
402	1247
404	1236
405	479
405	483
405	574
405	690
405	691
405	1232
405	1413
409	637
409	839
409	1037
411	881
411	1436
413	669
413	1097
413	1366
421	1134
423	638
423	675
423	737
423	1061
423	1159
423	1198
424	509
424	538
424	547
424	678
424	680
424	1140
424	1267
424	1300
424	1343
424	1398
424	1462
424	1547
424	1571
425	822
425	1003
425	1150
425	1419
425	1535
426	533
427	446
427	468
427	534
427	577
427	598
427	687
427	708
427	731
427	861
427	1092
427	1093
427	1144
427	1187
427	1395
427	1431
427	1492
427	1508
427	1551
427	1582
428	455
429	480
431	1394
431	1481
434	736
435	613
435	704
435	796
435	993
435	996
435	1238
435	1371
435	1509
435	1566
437	571
437	870
437	1381
439	913
440	474
440	546
443	1126
446	468
446	552
446	598
446	708
446	799
446	1071
446	1431
446	1551
449	792
449	1379
451	613
453	1069
453	1162
454	614
454	908
454	916
454	957
454	1019
454	1266
454	1558
455	1012
460	1474
462	1306
466	515
466	534
466	618
466	668
466	1144
466	1344
466	1500
467	750
468	534
468	577
468	598
468	654
468	708
468	799
468	1092
468	1093
468	1144
468	1187
468	1395
468	1431
468	1492
468	1508
468	1551
468	1582
471	486
471	531
471	600
471	679
471	688
471	860
471	1077
471	1199
471	1233
471	1366
471	1405
471	1423
471	1478
471	1486
471	1507
471	1526
474	483
474	546
474	1213
474	1260
479	483
479	574
479	690
479	691
479	1232
479	1413
481	662
483	546
483	574
483	690
483	859
483	1065
483	1213
483	1232
483	1242
483	1413
484	556
485	809
485	1301
485	1455
485	1532
486	679
486	952
486	1199
486	1366
486	1478
486	1526
487	605
487	777
489	556
489	870
489	884
489	991
491	542
491	1474
496	511
496	657
496	667
496	669
496	810
496	853
496	903
496	952
496	969
496	1021
496	1036
496	1038
496	1044
496	1097
496	1103
496	1148
496	1162
496	1217
496	1250
496	1340
496	1366
496	1371
496	1477
496	1490
496	1511
497	511
497	604
497	810
497	872
497	1021
497	1162
502	738
502	1451
504	606
504	1208
505	612
505	1198
505	1443
505	1556
509	538
509	547
509	678
509	680
509	1140
509	1267
509	1300
509	1343
509	1398
509	1462
509	1547
509	1571
511	604
511	667
511	810
511	853
511	903
511	969
511	1037
511	1097
511	1103
511	1162
511	1217
511	1366
515	552
515	618
515	668
515	757
515	989
515	1144
515	1344
515	1500
518	691
518	965
518	1083
518	1170
518	1176
518	1349
522	829
522	1000
523	868
524	1024
529	571
529	651
531	600
531	679
531	688
531	860
531	1018
531	1199
531	1233
531	1366
531	1405
531	1423
531	1478
531	1486
531	1507
531	1526
534	552
534	616
534	708
534	996
534	1238
534	1264
534	1366
534	1371
534	1486
534	1492
538	547
538	678
538	680
538	1267
538	1300
538	1343
538	1398
538	1462
538	1547
538	1571
542	784
542	1474
546	1213
547	678
547	680
547	1140
547	1267
547	1300
547	1343
547	1398
547	1462
547	1547
547	1571
552	618
552	668
552	799
552	989
552	1094
552	1236
552	1344
552	1565
554	1113
555	926
556	741
556	870
556	884
556	991
558	1081
558	1354
560	570
560	729
560	1324
560	1347
560	1365
560	1378
562	1053
562	1585
570	729
570	1347
570	1365
570	1378
571	651
571	1525
572	952
572	1361
574	690
574	1050
574	1054
574	1232
574	1413
575	586
575	627
575	725
575	802
575	1080
575	1389
575	1407
575	1410
575	1583
577	687
577	708
577	731
577	861
577	1092
577	1093
577	1144
577	1498
577	1543
577	1582
578	1058
580	810
580	853
580	903
580	1021
582	1374
585	918
585	1041
585	1532
586	627
586	725
586	802
586	1080
586	1389
586	1583
591	998
591	1107
591	1247
592	1193
592	1453
594	619
594	634
594	659
594	847
594	858
594	1241
594	1394
594	1481
598	708
598	799
598	1092
598	1093
598	1187
598	1431
598	1508
598	1551
600	644
600	679
600	688
600	860
600	952
600	1199
600	1233
600	1251
600	1308
600	1366
600	1405
600	1423
600	1478
600	1486
600	1507
600	1526
602	873
604	810
604	1021
604	1103
604	1162
605	777
606	1208
607	1567
611	824
612	1198
612	1443
612	1556
613	704
613	774
613	993
613	1162
613	1238
613	1371
613	1509
613	1566
614	667
614	916
614	1019
614	1399
614	1558
618	668
618	801
618	1144
618	1344
619	659
619	734
619	847
619	1241
619	1394
619	1481
620	932
620	1105
620	1169
620	1375
627	725
627	802
627	1080
627	1389
627	1407
627	1410
627	1583
634	659
634	847
634	858
634	1241
634	1394
634	1481
635	991
636	783
636	899
636	938
636	1027
636	1086
636	1161
636	1276
637	1037
638	675
638	737
638	1061
641	706
644	860
644	1199
644	1233
644	1251
644	1308
644	1366
644	1478
644	1526
649	769
650	928
654	708
654	1093
654	1187
654	1492
656	682
656	1585
657	667
657	810
657	853
657	903
657	952
657	969
657	1021
657	1036
657	1097
657	1103
657	1148
657	1162
657	1217
657	1250
657	1366
657	1371
657	1477
657	1511
659	847
659	1241
659	1394
659	1481
661	853
661	903
661	1036
661	1103
661	1250
661	1371
662	1530
667	810
667	853
667	903
667	916
667	952
667	969
667	1097
667	1103
667	1148
667	1162
667	1217
667	1250
667	1366
667	1371
667	1427
667	1477
667	1511
668	853
668	952
668	1144
668	1344
668	1371
668	1486
669	679
669	903
669	952
669	1044
669	1162
669	1217
669	1308
669	1366
669	1371
669	1478
669	1585
671	1416
675	737
675	1061
675	1159
678	680
678	1140
678	1267
678	1300
678	1343
678	1398
678	1462
678	1547
678	1571
679	688
679	860
679	952
679	1018
679	1077
679	1199
679	1233
679	1251
679	1322
679	1366
679	1405
679	1423
679	1453
679	1478
679	1486
679	1507
679	1526
680	1140
680	1267
680	1300
680	1343
680	1398
680	1462
680	1547
680	1571
681	1262
682	1257
686	860
686	1251
686	1308
686	1478
687	731
687	861
687	1092
687	1144
687	1498
688	860
688	952
688	1077
688	1199
688	1233
688	1366
688	1405
688	1423
688	1478
688	1486
688	1507
688	1526
689	989
690	1232
690	1413
691	965
691	1176
691	1232
691	1349
691	1413
691	1474
692	1440
699	750
699	1269
701	1407
701	1410
701	1525
701	1583
703	1161
703	1276
704	796
704	993
704	996
704	1238
704	1371
704	1509
704	1566
705	708
708	731
708	799
708	1092
708	1093
708	1144
708	1187
708	1395
708	1431
708	1492
708	1508
708	1551
708	1582
710	1096
715	1480
717	1234
723	1067
723	1094
723	1148
724	742
724	1146
725	802
725	1080
725	1389
725	1407
725	1410
725	1583
726	831
727	807
727	1503
728	859
729	739
729	883
729	1347
729	1365
729	1378
731	861
731	1092
731	1093
731	1144
731	1498
731	1543
731	1582
734	1241
737	991
737	1061
737	1159
737	1198
738	1451
739	1183
739	1227
739	1297
739	1311
739	1489
739	1499
742	1146
745	1581
747	777
752	797
752	1258
752	1425
755	1255
760	871
766	1242
768	1298
768	1406
768	1410
768	1560
768	1583
768	1586
777	1126
779	1500
783	899
783	938
783	1027
783	1086
783	1161
783	1276
785	1165
796	993
796	996
796	1238
796	1453
796	1509
796	1566
797	1425
799	1071
799	1431
799	1551
800	1215
801	1344
802	1080
802	1389
802	1407
802	1410
802	1583
804	834
804	1274
804	1407
804	1438
804	1525
804	1560
804	1583
807	1503
809	1301
809	1455
809	1532
810	853
810	903
810	952
810	969
810	1021
810	1036
810	1097
810	1103
810	1148
810	1162
810	1217
810	1250
810	1366
810	1371
810	1412
810	1477
810	1511
814	928
818	1137
821	830
822	1150
822	1419
829	1000
834	1274
834	1407
834	1410
834	1438
834	1525
834	1560
834	1583
837	1337
837	1409
847	1241
847	1394
847	1481
853	903
853	952
853	969
853	996
853	1021
853	1036
853	1097
853	1103
853	1148
853	1162
853	1217
853	1238
853	1250
853	1366
853	1371
853	1477
853	1486
853	1511
853	1585
854	1029
858	1481
859	1065
860	952
860	1055
860	1199
860	1233
860	1251
860	1308
860	1366
860	1405
860	1423
860	1478
860	1486
860	1507
860	1526
861	1092
861	1093
861	1144
861	1395
861	1582
863	1346
870	884
870	1120
873	927
873	937
877	1381
880	1252
881	1436
882	1550
883	934
883	1362
883	1365
884	991
884	1389
884	1525
899	938
899	1027
899	1086
899	1161
899	1276
903	952
903	969
903	1021
903	1036
903	1055
903	1097
903	1103
903	1148
903	1162
903	1217
903	1238
903	1250
903	1366
903	1371
903	1490
903	1511
905	1513
907	1381
909	1073
909	1163
909	1357
910	1344
914	1144
914	1498
916	1019
916	1558
918	1041
918	1532
919	1180
919	1444
932	1105
932	1169
932	1375
938	1027
938	1086
938	1161
938	1276
941	1098
946	1205
946	1206
946	1324
946	1446
952	969
952	995
952	1067
952	1097
952	1103
952	1148
952	1162
952	1199
952	1217
952	1234
952	1238
952	1250
952	1322
952	1340
952	1366
952	1371
952	1405
952	1423
952	1453
952	1477
952	1478
952	1486
952	1507
952	1511
952	1526
954	1542
957	1143
960	1154
965	1170
965	1176
965	1349
969	991
969	1021
969	1036
969	1097
969	1103
969	1148
969	1162
969	1217
969	1234
969	1238
969	1250
969	1366
969	1371
969	1412
969	1477
969	1511
984	1052
984	1464
989	996
989	1195
989	1366
989	1453
991	1120
991	1389
993	996
993	1238
993	1371
993	1453
993	1509
993	1566
994	1150
994	1272
994	1535
995	1322
995	1486
996	1238
996	1370
996	1371
996	1453
996	1509
996	1566
998	1107
998	1247
1000	1581
1004	1346
1007	1569
1015	1397
1018	1199
1018	1366
1018	1405
1018	1453
1018	1478
1018	1507
1019	1558
1020	1036
1021	1097
1021	1103
1021	1162
1021	1217
1021	1250
1021	1366
1027	1086
1027	1161
1027	1276
1035	1400
1036	1097
1036	1103
1036	1162
1036	1217
1036	1238
1036	1250
1036	1477
1036	1511
1038	1162
1040	1193
1040	1253
1040	1498
1041	1474
1041	1532
1044	1162
1044	1256
1044	1344
1044	1363
1044	1371
1047	1484
1050	1054
1050	1232
1052	1464
1053	1585
1054	1232
1055	1366
1056	1365
1061	1159
1066	1500
1067	1094
1067	1103
1067	1250
1067	1486
1073	1368
1077	1366
1077	1405
1077	1478
1077	1486
1077	1507
1080	1255
1080	1389
1080	1410
1080	1583
1083	1176
1086	1161
1086	1249
1086	1276
1092	1093
1092	1144
1092	1187
1092	1508
1092	1551
1092	1582
1093	1144
1093	1187
1093	1395
1093	1431
1093	1492
1093	1508
1093	1551
1094	1344
1094	1366
1097	1103
1097	1148
1097	1162
1097	1217
1097	1238
1097	1250
1097	1340
1097	1366
1097	1371
1097	1453
1097	1477
1097	1511
1103	1148
1103	1162
1103	1199
1103	1217
1103	1234
1103	1250
1103	1322
1103	1340
1103	1366
1103	1371
1103	1412
1103	1477
1103	1478
1103	1490
1103	1511
1105	1169
1105	1375
1107	1247
1112	1552
1120	1389
1140	1267
1140	1300
1140	1343
1140	1398
1140	1462
1140	1547
1140	1571
1144	1253
1144	1344
1144	1492
1144	1498
1144	1500
1144	1508
1148	1162
1148	1217
1148	1250
1148	1366
1148	1371
1148	1477
1148	1490
1149	1162
1150	1272
1150	1535
1154	1223
1161	1276
1162	1217
1162	1238
1162	1250
1162	1366
1162	1371
1162	1511
1169	1375
1170	1176
1170	1349
1176	1349
1183	1227
1183	1297
1183	1311
1183	1489
1183	1499
1184	1551
1187	1395
1187	1492
1187	1508
1187	1551
1193	1253
1198	1443
1198	1556
1199	1233
1199	1251
1199	1308
1199	1322
1199	1366
1199	1405
1199	1423
1199	1478
1199	1486
1199	1507
1199	1526
1205	1324
1205	1446
1206	1324
1206	1446
1213	1260
1217	1250
1217	1340
1217	1366
1217	1371
1217	1477
1217	1490
1217	1511
1227	1297
1227	1311
1227	1489
1227	1499
1232	1413
1233	1251
1233	1366
1233	1405
1233	1423
1233	1478
1233	1507
1233	1526
1234	1366
1238	1250
1238	1366
1238	1371
1238	1453
1238	1477
1238	1509
1238	1566
1241	1394
1241	1481
1250	1366
1250	1371
1250	1477
1250	1486
1251	1308
1251	1366
1251	1478
1251	1526
1253	1351
1253	1498
1256	1363
1267	1300
1267	1343
1267	1398
1267	1462
1267	1547
1267	1571
1272	1535
1274	1407
1274	1410
1274	1438
1274	1525
1274	1560
1274	1583
1276	1284
1281	1576
1297	1311
1297	1489
1297	1499
1298	1406
1298	1407
1298	1410
1298	1560
1298	1583
1298	1586
1300	1343
1300	1398
1300	1462
1300	1547
1300	1571
1301	1455
1301	1532
1302	1351
1308	1366
1308	1478
1308	1486
1308	1526
1310	1460
1311	1489
1311	1499
1322	1366
1322	1405
1322	1423
1322	1453
1322	1486
1324	1446
1337	1386
1337	1409
1340	1366
1340	1405
1340	1490
1343	1398
1343	1462
1343	1547
1343	1571
1344	1424
1347	1365
1347	1378
1356	1435
1365	1378
1366	1371
1366	1405
1366	1423
1366	1453
1366	1477
1366	1478
1366	1486
1366	1490
1366	1507
1366	1511
1366	1526
1366	1585
1371	1453
1371	1477
1371	1486
1371	1509
1371	1511
1371	1566
1381	1389
1389	1407
1389	1410
1389	1525
1389	1583
1392	1532
1394	1481
1395	1508
1395	1582
1398	1462
1398	1547
1398	1571
1405	1423
1405	1478
1405	1486
1405	1507
1405	1526
1406	1407
1406	1410
1406	1560
1406	1583
1406	1586
1407	1410
1407	1438
1407	1525
1407	1560
1407	1583
1407	1586
1410	1438
1410	1525
1410	1560
1410	1583
1410	1586
1417	1479
1423	1478
1423	1486
1423	1507
1427	1486
1431	1508
1431	1551
1438	1525
1438	1560
1438	1583
1443	1556
1453	1486
1453	1509
1453	1566
1455	1532
1460	1510
1462	1547
1462	1571
1478	1486
1478	1507
1478	1526
1486	1507
1486	1526
1489	1499
1492	1508
1498	1500
1507	1526
1508	1551
1509	1566
1523	1530
1525	1560
1525	1583
1547	1571
1560	1583
1560	1586
1583	1586
558	3
1081	3
554	6
1113	6
611	7
468	12
654	12
708	12
1093	12
1187	12
1492	12
1508	12
127	13
681	13
1262	13
850	15
66	16
74	16
186	16
208	16
376	16
496	16
853	16
952	16
994	16
1150	16
1250	16
1366	16
1535	16
308	18
454	18
614	18
916	18
1019	18
1399	18
1558	18
1445	21
1040	23
1253	23
723	27
853	27
1067	27
1094	27
1097	27
1371	27
50	31
67	31
149	31
166	31
186	31
232	31
247	31
267	31
338	31
435	31
613	31
704	31
796	31
993	31
996	31
1044	31
1238	31
1371	31
1453	31
1509	31
1566	31
1400	32
116	33
147	34
157	34
566	36
215	37
362	37
427	37
446	37
468	37
552	37
598	37
708	37
799	37
1071	37
1184	37
1431	37
1551	37
88	41
280	41
321	41
337	41
345	41
636	41
783	41
899	41
938	41
1027	41
1086	41
1161	41
1276	41
1284	41
159	45
1531	46
66	50
67	50
74	50
139	50
149	50
186	50
200	50
208	50
232	50
267	50
376	50
496	50
534	50
613	50
657	50
661	50
667	50
668	50
810	50
853	50
903	50
952	50
969	50
993	50
996	50
1021	50
1036	50
1097	50
1103	50
1150	50
1162	50
1238	50
1250	50
1366	50
1371	50
1453	50
1477	50
1486	50
1566	50
427	51
468	51
708	51
1431	51
1152	52
531	54
1478	54
1505	54
66	56
204	56
208	56
267	56
496	56
497	56
511	56
604	56
657	56
810	56
846	56
853	56
903	56
1021	56
1097	56
1103	56
1162	56
1217	56
1366	56
1371	56
111	57
125	57
183	57
424	57
509	57
538	57
547	57
678	57
680	57
1140	57
1267	57
1300	57
1343	57
1398	57
1462	57
1547	57
1571	57
1016	58
1327	60
1396	64
67	66
98	66
204	66
208	66
252	66
376	66
496	66
511	66
657	66
667	66
810	66
853	66
903	66
952	66
969	66
1021	66
1097	66
1103	66
1162	66
1217	66
1234	66
1238	66
1250	66
1340	66
1366	66
1371	66
1453	66
1477	66
1511	66
139	67
149	67
186	67
200	67
232	67
252	67
267	67
338	67
376	67
425	67
496	67
657	67
667	67
810	67
853	67
903	67
952	67
969	67
1021	67
1036	67
1044	67
1097	67
1103	67
1162	67
1217	67
1238	67
1250	67
1366	67
1371	67
1453	67
1477	67
1486	67
1509	67
941	70
1098	70
468	72
708	72
1492	72
1216	73
267	74
425	74
822	74
994	74
1150	74
1272	74
1371	74
1535	74
114	75
288	75
368	75
518	75
691	75
965	75
1083	75
1170	75
1176	75
1349	75
837	77
1337	77
1386	77
1409	77
295	81
793	81
161	82
555	82
926	82
1040	82
1328	82
280	88
321	88
337	88
345	88
372	88
636	88
703	88
783	88
899	88
938	88
1086	88
1161	88
1276	88
582	89
1374	89
305	90
888	94
186	98
679	98
952	98
1103	98
1199	98
1322	98
1366	98
1423	98
1486	98
1507	98
299	99
259	100
301	100
431	100
594	100
619	100
634	100
659	100
847	100
858	100
1241	100
1394	100
1481	100
228	102
233	102
261	102
575	102
586	102
627	102
725	102
768	102
802	102
804	102
834	102
1080	102
1274	102
1298	102
1389	102
1406	102
1407	102
1410	102
1438	102
1525	102
1560	102
1583	102
1586	102
1417	107
1479	107
125	111
183	111
424	111
509	111
538	111
547	111
678	111
680	111
1140	111
1267	111
1300	111
1343	111
1398	111
1462	111
1547	111
1571	111
288	114
368	114
518	114
691	114
965	114
1083	114
1170	114
1176	114
1349	114
327	115
365	115
854	115
1029	115
1303	121
183	125
424	125
509	125
538	125
547	125
678	125
680	125
1140	125
1267	125
1300	125
1343	125
1398	125
1462	125
1547	125
1571	125
681	127
1262	127
278	130
711	130
560	132
570	132
729	132
1347	132
1365	132
1378	132
280	134
321	134
337	134
345	134
1161	134
1276	134
270	136
485	136
809	136
1301	136
1455	136
1532	136
186	139
210	139
267	139
363	139
515	139
534	139
552	139
618	139
668	139
710	139
952	139
1067	139
1096	139
1144	139
1344	139
399	142
157	147
531	148
1199	148
1233	148
1478	148
1507	148
186	149
232	149
247	149
338	149
435	149
613	149
704	149
989	149
993	149
996	149
1238	149
1509	149
1566	149
249	150
258	151
366	152
483	152
1065	152
165	156
340	156
585	156
918	156
1041	156
1532	156
555	161
926	161
340	165
585	165
918	165
1041	165
1532	165
186	166
232	166
267	166
435	166
704	166
796	166
993	166
996	166
1238	166
1509	166
1566	166
708	168
1093	168
1492	168
1336	178
440	181
474	181
483	181
546	181
1213	181
1260	181
424	183
509	183
538	183
547	183
678	183
680	183
1140	183
1267	183
1300	183
1343	183
1398	183
1547	183
1571	183
344	185
1061	185
208	186
232	186
267	186
338	186
435	186
534	186
613	186
704	186
774	186
796	186
952	186
969	186
989	186
993	186
996	186
1097	186
1217	186
1238	186
1366	186
1371	186
1405	186
1453	186
1486	186
1509	186
1566	186
499	195
213	196
618	196
1112	196
1281	196
1552	196
267	200
592	200
1256	200
1371	200
1453	200
208	204
252	204
267	204
278	204
376	204
496	204
497	204
600	204
657	204
810	204
853	204
903	204
952	204
969	204
1021	204
1036	204
1044	204
1097	204
1103	204
1162	204
1199	204
1217	204
1233	204
1366	204
1371	204
1412	204
1453	204
1477	204
1486	204
1511	204
1545	204
252	208
267	208
376	208
413	208
496	208
497	208
511	208
600	208
657	208
667	208
669	208
723	208
810	208
853	208
903	208
952	208
969	208
1021	208
1036	208
1097	208
1103	208
1148	208
1162	208
1217	208
1233	208
1250	208
1322	208
1340	208
1366	208
1371	208
1412	208
1423	208
1477	208
1478	208
1511	208
363	210
710	210
1096	210
1112	213
1552	213
358	214
379	214
423	214
638	214
675	214
737	214
1061	214
362	215
427	215
468	215
598	215
708	215
1093	215
1184	215
1187	215
1431	215
1508	215
1551	215
821	218
830	218
385	219
332	220
1253	220
1351	220
1585	220
522	223
829	223
1000	223
264	226
348	226
575	228
586	228
627	228
725	228
802	228
1080	228
1389	228
1407	228
1410	228
1583	228
556	229
752	229
870	229
1425	229
322	230
448	230
502	230
738	230
1451	230
267	232
338	232
435	232
613	232
704	232
796	232
993	232
996	232
1238	232
1371	232
1453	232
1509	232
1566	232
261	233
768	233
1298	233
1406	233
1407	233
1410	233
1560	233
1583	233
1586	233
1548	237
411	240
489	240
881	240
1436	240
303	248
277	250
376	252
496	252
667	252
810	252
853	252
903	252
952	252
1036	252
1097	252
1103	252
1162	252
1217	252
1250	252
1322	252
1340	252
1366	252
1371	252
1477	252
1511	252
1348	253
309	254
873	254
927	254
301	259
594	259
659	259
847	259
1241	259
1481	259
768	261
1298	261
1406	261
1410	261
1586	261
1189	266
376	267
435	267
496	267
534	267
613	267
657	267
661	267
668	267
704	267
810	267
853	267
903	267
952	267
969	267
993	267
996	267
1021	267
1044	267
1067	267
1097	267
1103	267
1148	267
1162	267
1217	267
1238	267
1250	267
1256	267
1366	267
1371	267
1453	267
1477	267
1486	267
1509	267
1511	267
1566	267
1585	267
809	270
1182	271
1080	272
1255	272
1336	276
600	278
644	278
679	278
860	278
952	278
1199	278
1233	278
1251	278
1308	278
1366	278
1478	278
1507	278
1526	278
321	280
337	280
345	280
372	280
636	280
703	280
783	280
899	280
938	280
1027	280
1086	280
1161	280
1276	280
884	283
991	283
961	285
368	288
460	288
518	288
691	288
965	288
1083	288
1176	288
1349	288
476	289
793	295
1037	297
810	300
594	301
619	301
634	301
659	301
847	301
1241	301
1394	301
1481	301
454	308
614	308
916	308
1019	308
1399	308
1558	308
602	309
873	309
927	309
937	309
739	311
1254	318
337	321
345	321
372	321
636	321
703	321
783	321
899	321
938	321
1027	321
1086	321
1161	321
1276	321
1284	321
448	322
502	322
738	322
1451	322
1156	324
620	326
932	326
1105	326
1169	326
1375	326
365	327
854	327
1029	327
750	330
1253	332
1351	332
1585	332
1361	334
897	335
345	337
372	337
636	337
703	337
783	337
899	337
938	337
1027	337
1086	337
1161	337
1249	337
1276	337
451	338
613	338
704	338
774	338
993	338
1238	338
1371	338
1509	338
1566	338
585	340
918	340
1041	340
1474	340
1532	340
954	342
1542	342
675	344
372	345
636	345
703	345
783	345
899	345
938	345
1027	345
1086	345
1161	345
1276	345
1284	345
919	348
1180	348
483	349
574	349
1050	349
1054	349
1232	349
693	353
405	355
479	355
574	355
690	355
691	355
1232	355
1413	355
379	358
423	358
675	358
737	358
1061	358
1159	358
1171	361
427	362
446	362
468	362
552	362
598	362
708	362
799	362
1184	362
1431	362
1551	362
1096	363
854	365
1029	365
518	368
691	368
965	368
1170	368
1176	368
1349	368
414	370
796	370
590	372
899	372
1086	372
496	376
657	376
667	376
669	376
810	376
853	376
903	376
952	376
969	376
1036	376
1097	376
1103	376
1162	376
1217	376
1250	376
1366	376
1371	376
1486	376
1511	376
423	379
638	379
675	379
737	379
1061	379
1159	379
1198	379
954	385
1542	385
771	393
1348	395
991	398
745	400
1581	400
591	402
998	402
1107	402
1247	402
1236	404
479	405
483	405
574	405
690	405
691	405
1232	405
1413	405
637	409
839	409
1037	409
881	411
1436	411
669	413
1097	413
1366	413
1134	421
638	423
675	423
737	423
1061	423
1159	423
1198	423
509	424
538	424
547	424
678	424
680	424
1140	424
1267	424
1300	424
1343	424
1398	424
1462	424
1547	424
1571	424
822	425
1003	425
1150	425
1419	425
1535	425
533	426
446	427
468	427
534	427
577	427
598	427
687	427
708	427
731	427
861	427
1092	427
1093	427
1144	427
1187	427
1395	427
1431	427
1492	427
1508	427
1551	427
1582	427
455	428
480	429
1394	431
1481	431
736	434
613	435
704	435
796	435
993	435
996	435
1238	435
1371	435
1509	435
1566	435
571	437
870	437
1381	437
913	439
474	440
546	440
1126	443
468	446
552	446
598	446
708	446
799	446
1071	446
1431	446
1551	446
792	449
1379	449
613	451
1069	453
1162	453
614	454
908	454
916	454
957	454
1019	454
1266	454
1558	454
1012	455
1474	460
1306	462
515	466
534	466
618	466
668	466
1144	466
1344	466
1500	466
750	467
534	468
577	468
598	468
654	468
708	468
799	468
1092	468
1093	468
1144	468
1187	468
1395	468
1431	468
1492	468
1508	468
1551	468
1582	468
486	471
531	471
600	471
679	471
688	471
860	471
1077	471
1199	471
1233	471
1366	471
1405	471
1423	471
1478	471
1486	471
1507	471
1526	471
483	474
546	474
1213	474
1260	474
483	479
574	479
690	479
691	479
1232	479
1413	479
662	481
546	483
574	483
690	483
859	483
1065	483
1213	483
1232	483
1242	483
1413	483
556	484
809	485
1301	485
1455	485
1532	485
679	486
952	486
1199	486
1366	486
1478	486
1526	486
605	487
777	487
556	489
870	489
884	489
991	489
542	491
1474	491
511	496
657	496
667	496
669	496
810	496
853	496
903	496
952	496
969	496
1021	496
1036	496
1038	496
1044	496
1097	496
1103	496
1148	496
1162	496
1217	496
1250	496
1340	496
1366	496
1371	496
1477	496
1490	496
1511	496
511	497
604	497
810	497
872	497
1021	497
1162	497
738	502
1451	502
606	504
1208	504
612	505
1198	505
1443	505
1556	505
538	509
547	509
678	509
680	509
1140	509
1267	509
1300	509
1343	509
1398	509
1462	509
1547	509
1571	509
604	511
667	511
810	511
853	511
903	511
969	511
1037	511
1097	511
1103	511
1162	511
1217	511
1366	511
552	515
618	515
668	515
757	515
989	515
1144	515
1344	515
1500	515
691	518
965	518
1083	518
1170	518
1176	518
1349	518
829	522
1000	522
868	523
1024	524
571	529
651	529
600	531
679	531
688	531
860	531
1018	531
1199	531
1233	531
1366	531
1405	531
1423	531
1478	531
1486	531
1507	531
1526	531
552	534
616	534
708	534
996	534
1238	534
1264	534
1366	534
1371	534
1486	534
1492	534
547	538
678	538
680	538
1267	538
1300	538
1343	538
1398	538
1462	538
1547	538
1571	538
784	542
1474	542
1213	546
678	547
680	547
1140	547
1267	547
1300	547
1343	547
1398	547
1462	547
1547	547
1571	547
618	552
668	552
799	552
989	552
1094	552
1236	552
1344	552
1565	552
1113	554
926	555
741	556
870	556
884	556
991	556
1081	558
1354	558
570	560
729	560
1324	560
1347	560
1365	560
1378	560
1053	562
1585	562
729	570
1347	570
1365	570
1378	570
651	571
1525	571
952	572
1361	572
690	574
1050	574
1054	574
1232	574
1413	574
586	575
627	575
725	575
802	575
1080	575
1389	575
1407	575
1410	575
1583	575
687	577
708	577
731	577
861	577
1092	577
1093	577
1144	577
1498	577
1543	577
1582	577
1058	578
810	580
853	580
903	580
1021	580
1374	582
918	585
1041	585
1532	585
627	586
725	586
802	586
1080	586
1389	586
1583	586
998	591
1107	591
1247	591
1193	592
1453	592
619	594
634	594
659	594
847	594
858	594
1241	594
1394	594
1481	594
708	598
799	598
1092	598
1093	598
1187	598
1431	598
1508	598
1551	598
644	600
679	600
688	600
860	600
952	600
1199	600
1233	600
1251	600
1308	600
1366	600
1405	600
1423	600
1478	600
1486	600
1507	600
1526	600
873	602
810	604
1021	604
1103	604
1162	604
777	605
1208	606
1567	607
824	611
1198	612
1443	612
1556	612
704	613
774	613
993	613
1162	613
1238	613
1371	613
1509	613
1566	613
667	614
916	614
1019	614
1399	614
1558	614
668	618
801	618
1144	618
1344	618
659	619
734	619
847	619
1241	619
1394	619
1481	619
932	620
1105	620
1169	620
1375	620
725	627
802	627
1080	627
1389	627
1407	627
1410	627
1583	627
659	634
847	634
858	634
1241	634
1394	634
1481	634
991	635
783	636
899	636
938	636
1027	636
1086	636
1161	636
1276	636
1037	637
675	638
737	638
1061	638
706	641
860	644
1199	644
1233	644
1251	644
1308	644
1366	644
1478	644
1526	644
769	649
928	650
708	654
1093	654
1187	654
1492	654
682	656
1585	656
667	657
810	657
853	657
903	657
952	657
969	657
1021	657
1036	657
1097	657
1103	657
1148	657
1162	657
1217	657
1250	657
1366	657
1371	657
1477	657
1511	657
847	659
1241	659
1394	659
1481	659
853	661
903	661
1036	661
1103	661
1250	661
1371	661
1530	662
810	667
853	667
903	667
916	667
952	667
969	667
1097	667
1103	667
1148	667
1162	667
1217	667
1250	667
1366	667
1371	667
1427	667
1477	667
1511	667
853	668
952	668
1144	668
1344	668
1371	668
1486	668
679	669
903	669
952	669
1044	669
1162	669
1217	669
1308	669
1366	669
1371	669
1478	669
1585	669
1416	671
737	675
1061	675
1159	675
680	678
1140	678
1267	678
1300	678
1343	678
1398	678
1462	678
1547	678
1571	678
688	679
860	679
952	679
1018	679
1077	679
1199	679
1233	679
1251	679
1322	679
1366	679
1405	679
1423	679
1453	679
1478	679
1486	679
1507	679
1526	679
1140	680
1267	680
1300	680
1343	680
1398	680
1462	680
1547	680
1571	680
1262	681
1257	682
860	686
1251	686
1308	686
1478	686
731	687
861	687
1092	687
1144	687
1498	687
860	688
952	688
1077	688
1199	688
1233	688
1366	688
1405	688
1423	688
1478	688
1486	688
1507	688
1526	688
989	689
1232	690
1413	690
965	691
1176	691
1232	691
1349	691
1413	691
1474	691
1440	692
750	699
1269	699
1407	701
1410	701
1525	701
1583	701
1161	703
1276	703
796	704
993	704
996	704
1238	704
1371	704
1509	704
1566	704
708	705
731	708
799	708
1092	708
1093	708
1144	708
1187	708
1395	708
1431	708
1492	708
1508	708
1551	708
1582	708
1096	710
1480	715
1234	717
1067	723
1094	723
1148	723
742	724
1146	724
802	725
1080	725
1389	725
1407	725
1410	725
1583	725
831	726
807	727
1503	727
859	728
739	729
883	729
1347	729
1365	729
1378	729
861	731
1092	731
1093	731
1144	731
1498	731
1543	731
1582	731
1241	734
991	737
1061	737
1159	737
1198	737
1451	738
1183	739
1227	739
1297	739
1311	739
1489	739
1499	739
1146	742
1581	745
777	747
797	752
1258	752
1425	752
1255	755
871	760
1242	766
1298	768
1406	768
1410	768
1560	768
1583	768
1586	768
1126	777
1500	779
899	783
938	783
1027	783
1086	783
1161	783
1276	783
1165	785
993	796
996	796
1238	796
1453	796
1509	796
1566	796
1425	797
1071	799
1431	799
1551	799
1215	800
1344	801
1080	802
1389	802
1407	802
1410	802
1583	802
834	804
1274	804
1407	804
1438	804
1525	804
1560	804
1583	804
1503	807
1301	809
1455	809
1532	809
853	810
903	810
952	810
969	810
1021	810
1036	810
1097	810
1103	810
1148	810
1162	810
1217	810
1250	810
1366	810
1371	810
1412	810
1477	810
1511	810
928	814
1137	818
830	821
1150	822
1419	822
1000	829
1274	834
1407	834
1410	834
1438	834
1525	834
1560	834
1583	834
1337	837
1409	837
1241	847
1394	847
1481	847
903	853
952	853
969	853
996	853
1021	853
1036	853
1097	853
1103	853
1148	853
1162	853
1217	853
1238	853
1250	853
1366	853
1371	853
1477	853
1486	853
1511	853
1585	853
1029	854
1481	858
1065	859
952	860
1055	860
1199	860
1233	860
1251	860
1308	860
1366	860
1405	860
1423	860
1478	860
1486	860
1507	860
1526	860
1092	861
1093	861
1144	861
1395	861
1582	861
1346	863
884	870
1120	870
927	873
937	873
1381	877
1252	880
1436	881
1550	882
934	883
1362	883
1365	883
991	884
1389	884
1525	884
938	899
1027	899
1086	899
1161	899
1276	899
952	903
969	903
1021	903
1036	903
1055	903
1097	903
1103	903
1148	903
1162	903
1217	903
1238	903
1250	903
1366	903
1371	903
1490	903
1511	903
1513	905
1381	907
1073	909
1163	909
1357	909
1344	910
1144	914
1498	914
1019	916
1558	916
1041	918
1532	918
1180	919
1444	919
1105	932
1169	932
1375	932
1027	938
1086	938
1161	938
1276	938
1098	941
1205	946
1206	946
1324	946
1446	946
969	952
995	952
1067	952
1097	952
1103	952
1148	952
1162	952
1199	952
1217	952
1234	952
1238	952
1250	952
1322	952
1340	952
1366	952
1371	952
1405	952
1423	952
1453	952
1477	952
1478	952
1486	952
1507	952
1511	952
1526	952
1542	954
1143	957
1154	960
1170	965
1176	965
1349	965
991	969
1021	969
1036	969
1097	969
1103	969
1148	969
1162	969
1217	969
1234	969
1238	969
1250	969
1366	969
1371	969
1412	969
1477	969
1511	969
1052	984
1464	984
996	989
1195	989
1366	989
1453	989
1120	991
1389	991
996	993
1238	993
1371	993
1453	993
1509	993
1566	993
1150	994
1272	994
1535	994
1322	995
1486	995
1238	996
1370	996
1371	996
1453	996
1509	996
1566	996
1107	998
1247	998
1581	1000
1346	1004
1569	1007
1397	1015
1199	1018
1366	1018
1405	1018
1453	1018
1478	1018
1507	1018
1558	1019
1036	1020
1097	1021
1103	1021
1162	1021
1217	1021
1250	1021
1366	1021
1086	1027
1161	1027
1276	1027
1400	1035
1097	1036
1103	1036
1162	1036
1217	1036
1238	1036
1250	1036
1477	1036
1511	1036
1162	1038
1193	1040
1253	1040
1498	1040
1474	1041
1532	1041
1162	1044
1256	1044
1344	1044
1363	1044
1371	1044
1484	1047
1054	1050
1232	1050
1464	1052
1585	1053
1232	1054
1366	1055
1365	1056
1159	1061
1500	1066
1094	1067
1103	1067
1250	1067
1486	1067
1368	1073
1366	1077
1405	1077
1478	1077
1486	1077
1507	1077
1255	1080
1389	1080
1410	1080
1583	1080
1176	1083
1161	1086
1249	1086
1276	1086
1093	1092
1144	1092
1187	1092
1508	1092
1551	1092
1582	1092
1144	1093
1187	1093
1395	1093
1431	1093
1492	1093
1508	1093
1551	1093
1344	1094
1366	1094
1103	1097
1148	1097
1162	1097
1217	1097
1238	1097
1250	1097
1340	1097
1366	1097
1371	1097
1453	1097
1477	1097
1511	1097
1148	1103
1162	1103
1199	1103
1217	1103
1234	1103
1250	1103
1322	1103
1340	1103
1366	1103
1371	1103
1412	1103
1477	1103
1478	1103
1490	1103
1511	1103
1169	1105
1375	1105
1247	1107
1552	1112
1389	1120
1267	1140
1300	1140
1343	1140
1398	1140
1462	1140
1547	1140
1571	1140
1253	1144
1344	1144
1492	1144
1498	1144
1500	1144
1508	1144
1162	1148
1217	1148
1250	1148
1366	1148
1371	1148
1477	1148
1490	1148
1162	1149
1272	1150
1535	1150
1223	1154
1276	1161
1217	1162
1238	1162
1250	1162
1366	1162
1371	1162
1511	1162
1375	1169
1176	1170
1349	1170
1349	1176
1227	1183
1297	1183
1311	1183
1489	1183
1499	1183
1551	1184
1395	1187
1492	1187
1508	1187
1551	1187
1253	1193
1443	1198
1556	1198
1233	1199
1251	1199
1308	1199
1322	1199
1366	1199
1405	1199
1423	1199
1478	1199
1486	1199
1507	1199
1526	1199
1324	1205
1446	1205
1324	1206
1446	1206
1260	1213
1250	1217
1340	1217
1366	1217
1371	1217
1477	1217
1490	1217
1511	1217
1297	1227
1311	1227
1489	1227
1499	1227
1413	1232
1251	1233
1366	1233
1405	1233
1423	1233
1478	1233
1507	1233
1526	1233
1366	1234
1250	1238
1366	1238
1371	1238
1453	1238
1477	1238
1509	1238
1566	1238
1394	1241
1481	1241
1366	1250
1371	1250
1477	1250
1486	1250
1308	1251
1366	1251
1478	1251
1526	1251
1351	1253
1498	1253
1363	1256
1300	1267
1343	1267
1398	1267
1462	1267
1547	1267
1571	1267
1535	1272
1407	1274
1410	1274
1438	1274
1525	1274
1560	1274
1583	1274
1284	1276
1576	1281
1311	1297
1489	1297
1499	1297
1406	1298
1407	1298
1410	1298
1560	1298
1583	1298
1586	1298
1343	1300
1398	1300
1462	1300
1547	1300
1571	1300
1455	1301
1532	1301
1351	1302
1366	1308
1478	1308
1486	1308
1526	1308
1460	1310
1489	1311
1499	1311
1366	1322
1405	1322
1423	1322
1453	1322
1486	1322
1446	1324
1386	1337
1409	1337
1366	1340
1405	1340
1490	1340
1398	1343
1462	1343
1547	1343
1571	1343
1424	1344
1365	1347
1378	1347
1435	1356
1378	1365
1371	1366
1405	1366
1423	1366
1453	1366
1477	1366
1478	1366
1486	1366
1490	1366
1507	1366
1511	1366
1526	1366
1585	1366
1453	1371
1477	1371
1486	1371
1509	1371
1511	1371
1566	1371
1389	1381
1407	1389
1410	1389
1525	1389
1583	1389
1532	1392
1481	1394
1508	1395
1582	1395
1462	1398
1547	1398
1571	1398
1423	1405
1478	1405
1486	1405
1507	1405
1526	1405
1407	1406
1410	1406
1560	1406
1583	1406
1586	1406
1410	1407
1438	1407
1525	1407
1560	1407
1583	1407
1586	1407
1438	1410
1525	1410
1560	1410
1583	1410
1586	1410
1479	1417
1478	1423
1486	1423
1507	1423
1486	1427
1508	1431
1551	1431
1525	1438
1560	1438
1583	1438
1556	1443
1486	1453
1509	1453
1566	1453
1532	1455
1510	1460
1547	1462
1571	1462
1486	1478
1507	1478
1526	1478
1507	1486
1526	1486
1499	1489
1508	1492
1500	1498
1526	1507
1551	1508
1566	1509
1530	1523
1560	1525
1583	1525
1571	1547
1583	1560
1586	1560
1586	1583
