1	96
1	434
1	479
1	764
1	1067
1	1119
1	1270
1	1421
1	1555
1	2377
1	2959
1	3114
11	56
11	304
11	381
11	690
11	1288
11	1467
11	1501
11	2157
11	2753
14	96
14	991
14	2767
15	396
15	562
16	341
16	479
16	764
16	767
16	1130
16	1343
16	1388
16	1467
16	2035
16	2767
16	3014
16	3074
16	3191
16	3355
16	3356
17	2499
19	2769
20	571
20	783
20	3318
26	479
26	1067
35	2469
38	1530
38	1894
38	2026
38	2753
38	3138
39	419
42	2251
44	56
44	606
44	826
44	829
44	851
44	867
44	1012
44	1130
44	1217
44	1257
44	1388
44	2235
44	2322
44	2594
44	2767
44	3156
44	3247
47	514
48	1045
50	1271
52	2457
56	373
56	396
56	560
56	562
56	572
56	660
56	713
56	719
56	752
56	805
56	854
56	950
56	961
56	979
56	991
56	1018
56	1089
56	1205
56	1207
56	1368
56	1370
56	1386
56	1388
56	1392
56	1452
56	1501
56	1526
56	1644
56	1645
56	1652
56	1674
56	1677
56	1753
56	1774
56	1858
56	1980
56	2070
56	2281
56	2307
56	2310
56	2324
56	2328
56	2402
56	2434
56	2436
56	2522
56	2555
56	2594
56	2693
56	2841
56	2853
56	2933
56	3108
56	3138
56	3180
56	3291
56	3349
70	1388
72	458
73	541
73	871
73	933
73	1719
73	3287
75	752
75	1170
75	1759
75	2307
77	1129
77	1198
77	1388
77	2084
82	235
82	2023
82	2251
82	2276
82	2509
82	2962
82	3203
83	562
83	897
83	1065
83	1289
83	1630
83	2366
86	1462
86	2111
86	2313
88	350
88	1045
88	1966
94	464
94	569
94	708
94	1548
94	2193
94	3144
94	3347
96	222
96	464
96	705
96	767
96	1027
96	1802
96	2268
96	2270
96	3336
96	3354
98	976
98	1207
98	1652
98	2700
98	2968
103	2862
104	1005
106	396
106	871
106	1652
106	2008
106	2057
106	2519
106	2757
106	3313
108	562
112	244
115	708
115	723
115	2070
115	2084
115	2205
116	1753
117	562
117	1652
121	244
121	388
121	718
121	764
121	1271
121	1467
121	2096
121	2781
121	2841
121	3303
121	3354
123	767
123	1289
123	1377
123	2105
135	700
135	1207
135	1644
135	1652
135	2057
135	2204
135	3128
135	3147
135	3310
137	1920
137	2151
155	572
157	811
157	909
157	3364
158	432
158	2048
158	2251
160	1000
160	2853
164	2040
164	2499
164	3247
164	3310
166	448
166	789
166	3322
177	634
177	2186
177	2411
181	1973
183	767
183	2229
184	766
187	1421
187	1467
187	1752
187	2251
187	2915
189	1522
189	1566
190	244
190	253
190	691
190	725
190	2270
190	3122
190	3287
190	3289
191	341
191	767
201	479
201	571
201	2061
201	2373
201	2542
203	1129
206	1236
206	1467
209	2874
210	373
210	783
210	3046
212	1557
213	490
213	1270
213	1501
213	3355
217	1093
217	1645
217	2313
218	479
218	2075
219	2331
219	2655
220	909
222	310
222	458
222	2499
222	2753
231	634
231	752
231	1130
231	1347
231	1932
231	1960
231	2499
231	2688
231	3063
231	3119
234	764
234	1467
234	2753
235	897
235	949
235	1007
235	1289
235	1630
235	1958
235	1998
235	2366
235	2387
242	783
242	1285
244	718
244	950
244	1271
244	2096
244	2461
244	2781
244	2841
244	3006
244	3303
244	3354
249	764
249	1356
249	2372
249	2397
249	2522
249	2524
249	2894
249	3118
249	3138
249	3185
250	871
253	691
253	725
253	765
253	2270
253	3122
253	3287
259	1705
259	2618
263	662
265	668
265	767
265	870
265	1645
266	1674
266	2030
266	2281
266	3244
267	402
267	871
267	1296
267	1415
267	1784
267	2263
267	3014
267	3047
268	668
268	950
282	1617
290	571
295	757
295	764
295	767
295	3291
296	764
296	767
296	1207
296	1677
296	2301
296	2892
296	2922
296	2968
296	3016
296	3156
296	3193
296	3349
297	562
308	2522
308	2894
308	2912
310	518
310	707
310	767
310	1068
310	1656
310	2322
310	2499
312	2003
313	1644
313	1675
313	2473
313	2867
321	2968
322	2229
329	707
329	1932
330	2763
333	829
341	764
341	767
341	794
341	871
341	961
341	1119
341	1130
341	1421
341	1656
341	1762
341	2230
341	2620
341	2863
341	2932
341	3032
341	3253
341	3316
342	464
343	710
344	479
344	789
344	1161
344	1411
350	571
350	767
350	2540
355	708
355	1966
355	2519
355	2663
363	668
363	3318
370	971
371	949
373	767
374	718
374	795
374	2096
377	767
377	1283
377	2043
381	789
381	1555
381	2753
388	662
388	718
388	1271
388	2096
388	2841
388	3303
388	3354
391	919
392	479
392	961
392	1555
392	3286
392	3322
396	606
396	764
396	991
396	1152
396	1360
396	1740
396	1752
396	2012
396	2275
396	2285
396	3191
396	3293
400	1615
401	789
402	871
402	1644
402	2263
403	1067
403	1271
406	479
413	1984
419	691
419	711
419	807
419	1152
419	1645
419	1648
419	1831
419	2080
419	2849
419	3105
419	3280
421	2873
422	1356
432	1674
432	2251
434	1467
434	1981
437	2018
437	2273
439	1546
439	2226
439	2341
448	942
448	991
448	1157
448	1384
448	1467
448	1986
449	1286
449	2411
455	1045
458	707
458	1157
458	1312
458	1709
458	2322
458	2656
458	2982
458	3016
459	1767
464	734
464	968
464	1027
464	1239
464	1271
464	1502
464	1956
464	2014
464	2251
464	2268
464	2594
464	2729
464	2822
464	3079
464	3147
464	3354
469	867
469	1180
469	1955
469	2012
469	2205
469	2491
469	2499
469	2549
469	2767
469	3012
469	3089
469	3106
469	3191
469	3248
476	619
476	1140
476	1922
477	1981
479	513
479	591
479	641
479	698
479	727
479	771
479	789
479	942
479	1067
479	1200
479	1340
479	1411
479	1456
479	1549
479	1555
479	1568
479	1667
479	1735
479	1925
479	1972
479	2048
479	2294
479	2502
479	2753
479	2878
479	2965
479	3041
479	3248
479	3322
482	976
482	1139
490	2061
490	2559
490	3014
491	871
491	2043
493	1139
493	2251
495	1370
495	2257
498	2499
498	2884
499	1180
499	2549
501	2693
503	2177
504	2310
507	897
513	641
513	733
513	2878
516	1271
518	1460
518	1644
518	2235
518	2251
518	2700
518	3203
527	764
527	1000
527	1170
527	2499
529	1981
535	919
537	1543
539	1015
541	2295
543	1784
545	2688
549	663
549	3185
559	2072
560	767
562	669
562	670
562	717
562	733
562	800
562	923
562	1021
562	1065
562	1170
562	1186
562	1370
562	1474
562	1540
562	1549
562	1652
562	1665
562	1752
562	1810
562	1894
562	1973
562	2253
562	2366
562	2479
562	2849
562	2867
562	2884
562	2903
562	2976
562	3016
562	3069
562	3131
569	3291
571	783
571	1991
571	1999
571	2026
571	2049
571	2251
571	2373
571	2542
572	710
572	1247
572	2322
572	2693
572	2973
578	1894
580	1119
580	2479
580	3079
590	1271
591	789
591	1411
591	1557
606	767
606	871
606	1045
606	1586
606	1615
606	1681
606	2232
606	2242
606	2251
606	2454
606	2822
606	3074
606	3119
612	1501
612	1807
612	2322
612	2759
612	3133
612	3138
613	1755
619	1289
631	805
631	1072
631	1387
631	1455
631	1460
631	1866
631	2413
631	2499
631	3247
632	946
632	2499
632	3310
633	764
634	923
634	950
634	1130
634	1681
634	2229
634	2454
634	2594
634	2659
634	2900
634	2947
634	3136
634	3342
634	3346
636	2693
641	733
641	2878
643	705
653	764
653	1298
653	1652
653	1798
653	2121
653	2704
653	2769
653	3000
655	3369
660	764
660	1370
660	3185
662	1750
662	2688
662	2840
665	2182
665	2499
667	1467
667	1656
667	1752
667	2251
668	767
668	1501
668	1895
668	2509
668	3119
668	3133
677	836
690	1288
690	1501
691	897
691	1274
691	1689
691	2811
698	2490
700	719
700	774
700	1807
700	2083
700	2270
700	2331
700	2499
700	2945
704	1821
704	2723
704	3371
705	764
705	1900
705	2029
705	2322
705	2348
705	2602
705	3291
707	767
707	861
707	1343
707	2235
707	3191
707	3355
708	2251
708	2982
710	1392
710	1984
710	2070
710	2251
710	2693
710	3235
713	967
713	1295
713	1644
713	2658
713	2853
717	1652
718	795
718	950
718	1271
718	2096
718	2841
718	3303
718	3354
719	2853
720	803
720	1269
720	3294
723	767
723	1139
723	1467
723	1845
723	2602
723	3300
723	3356
725	1152
725	1216
725	3122
725	3287
727	871
727	1555
727	2594
727	3286
727	3322
733	2878
734	1239
734	3063
737	1160
737	1270
737	1467
752	1130
752	1162
752	1644
752	1656
752	2026
756	1018
757	1002
759	2144
760	1543
764	775
764	794
764	992
764	1015
764	1018
764	1054
764	1139
764	1165
764	1170
764	1191
764	1207
764	1392
764	1433
764	1452
764	1469
764	1496
764	1501
764	1526
764	1557
764	1608
764	1615
764	1632
764	1644
764	1750
764	1762
764	1858
764	1980
764	2018
764	2061
764	2070
764	2104
764	2151
764	2242
764	2275
764	2310
764	2322
764	2324
764	2402
764	2531
764	2604
764	2606
764	2683
764	2757
764	2764
764	2769
764	2951
764	3003
764	3014
764	3079
764	3108
764	3219
764	3239
764	3286
764	3349
765	3287
766	2767
767	783
767	871
767	961
767	968
767	1054
767	1119
767	1130
767	1187
767	1380
767	1391
767	1421
767	1452
767	1471
767	1496
767	1530
767	1548
767	1615
767	1644
767	1857
767	1914
767	1915
767	1916
767	1983
767	1988
767	2016
767	2026
767	2082
767	2166
767	2207
767	2270
767	2322
767	2446
767	2499
767	2601
767	2620
767	2627
767	2640
767	2706
767	2720
767	2873
767	2932
767	2951
767	2976
767	3001
767	3009
767	3253
767	3316
767	3356
771	789
771	871
771	1340
771	1411
771	1555
771	2965
771	3322
774	2959
775	2018
779	2005
780	1283
780	2043
783	1285
783	1551
783	1698
784	1137
784	1467
785	1644
788	2101
789	871
789	1067
789	1271
789	1340
789	1411
789	1555
789	1925
789	2294
789	2965
789	3041
789	3322
794	1170
794	1467
794	1845
794	2012
794	3014
794	3191
795	2096
795	2841
796	870
796	2499
796	3247
800	1484
800	2018
801	2331
802	805
802	952
802	981
802	1068
802	1130
802	1421
802	1501
802	2499
802	2830
802	3074
803	997
803	3294
809	2394
811	1015
811	1759
811	2307
811	3364
823	1958
823	3046
823	3112
829	2767
835	2242
836	870
836	1041
836	1068
836	1100
836	1656
836	1930
836	2251
836	2499
836	2767
836	2914
836	3001
842	3280
844	2270
853	1115
853	2630
854	1170
854	1522
854	1566
854	2479
855	2270
859	2757
865	2012
867	1652
867	2968
870	2190
870	2723
870	2757
870	3068
870	3108
870	3358
871	950
871	991
871	1067
871	1130
871	1257
871	1411
871	1467
871	1555
871	1925
871	2065
871	2297
871	2610
871	2663
871	2791
871	2965
871	3041
871	3074
871	3356
887	2688
887	2992
893	3036
894	1187
894	1191
894	1421
894	2070
894	2531
894	2644
894	2841
894	2867
894	3138
894	3247
897	949
897	1065
897	1289
897	1630
897	1681
897	1706
897	1958
897	2366
899	1966
901	1247
903	2499
906	1769
906	2251
906	3073
906	3217
909	1015
909	1759
909	2226
909	3318
909	3364
919	1130
923	1139
923	1411
923	2688
924	2688
925	3129
933	1467
933	3287
935	1610
944	2633
944	3108
949	1065
949	1289
949	2366
950	1130
950	1752
950	2012
950	2455
950	2767
950	2781
950	3017
951	2862
953	2767
958	1542
961	2434
961	2933
967	1295
968	1137
971	1035
971	1298
971	1467
971	1798
971	2076
971	2570
971	2769
971	3026
971	3185
974	1289
976	1927
979	1467
979	1972
990	1139
991	1024
991	1283
991	1421
991	1548
991	1753
991	1844
991	1972
991	2012
991	2282
991	2559
991	3001
991	3016
991	3371
992	2012
992	2434
992	2580
992	2764
992	2921
992	3108
993	1916
997	1421
997	3294
1000	1046
1000	1177
1000	1268
1000	1467
1000	1610
1000	2202
1000	2822
1000	3023
1001	2618
1002	1247
1002	3016
1004	3180
1004	3291
1012	2693
1012	2767
1015	1090
1015	1546
1015	1978
1015	2065
1015	2621
1018	1452
1018	1467
1018	1608
1018	1674
1018	2636
1019	1234
1020	1762
1021	3074
1024	2282
1026	2358
1030	1916
1032	1922
1032	2319
1045	1364
1045	1707
1045	1736
1045	2204
1045	2251
1045	2339
1045	2386
1045	2684
1045	2738
1045	2820
1045	2936
1046	3366
1047	2660
1054	1699
1054	2540
1056	1877
1062	1342
1062	1464
1062	2822
1065	1289
1065	1630
1065	2366
1067	1124
1067	1411
1067	1456
1067	1555
1067	1644
1067	1925
1067	1955
1067	2965
1067	3041
1067	3322
1068	2130
1068	2190
1068	2207
1068	2499
1068	2945
1070	1247
1072	1458
1091	2688
1093	3079
1095	2426
1100	1753
1119	2479
1129	1364
1129	1471
1129	1626
1129	1681
1129	2135
1129	2198
1129	2553
1129	2586
1129	3247
1130	1286
1130	1361
1130	1467
1130	1644
1130	1656
1130	1914
1130	1932
1130	2016
1130	2229
1130	2256
1130	2359
1130	2397
1130	2433
1130	2594
1130	2620
1130	2853
1130	2918
1130	2932
1130	2976
1130	3036
1130	3074
1130	3356
1130	3369
1137	2979
1139	1170
1139	1295
1139	1406
1139	1433
1139	1445
1139	1608
1139	1644
1139	1750
1139	1978
1139	2018
1139	2070
1139	2175
1139	2379
1139	2706
1139	2764
1139	2849
1139	2879
1139	3014
1139	3017
1142	2982
1152	2032
1152	2206
1152	2324
1152	2729
1152	3144
1152	3247
1152	3287
1154	2688
1157	1674
1157	2040
1157	3244
1161	2414
1162	3218
1170	1191
1170	1392
1170	1759
1170	1858
1170	1944
1170	1966
1170	2307
1170	2688
1170	2729
1170	2867
1170	3192
1173	1411
1180	1548
1180	2479
1180	2531
1180	2549
1182	1543
1182	2232
1187	2170
1187	2322
1191	1530
1191	1851
1191	1858
1191	2012
1191	2764
1202	3092
1205	2018
1205	2204
1205	2531
1206	1268
1206	1916
1207	2892
1207	2968
1216	3287
1222	2190
1231	1573
1231	1794
1234	2036
1241	2555
1247	1709
1247	2322
1247	2350
1247	2454
1247	2693
1247	2982
1265	1572
1268	1289
1268	1976
1270	1364
1270	1679
1270	2012
1270	2251
1270	2350
1270	2437
1270	2559
1270	2609
1270	2791
1270	3014
1270	3049
1270	3163
1271	1316
1271	1740
1271	2040
1271	2081
1271	2096
1271	2204
1271	2251
1271	2371
1271	2440
1271	2454
1271	2461
1271	2656
1271	2781
1271	2841
1271	2906
1271	3303
1271	3354
1276	1976
1283	2757
1283	2976
1283	3106
1283	3316
1286	2411
1286	2853
1288	1501
1289	1592
1289	1630
1289	1958
1289	2006
1289	2020
1289	2082
1289	2366
1289	2893
1289	3121
1295	2691
1298	1798
1298	2121
1298	2704
1298	2769
1298	3000
1312	3016
1313	2973
1324	2125
1325	2909
1326	1573
1326	1644
1326	1652
1326	2057
1326	2082
1340	1411
1340	1555
1340	1925
1340	2965
1343	1467
1343	2012
1356	2522
1356	2894
1356	2912
1356	3138
1361	1845
1361	3219
1361	3265
1364	2204
1364	2251
1364	2753
1364	2882
1368	1392
1368	1644
1368	2402
1368	2729
1370	1894
1370	1972
1370	2257
1370	2413
1370	3121
1370	3280
1380	1467
1383	1920
1383	2151
1387	3121
1387	3280
1388	1573
1388	1753
1388	2188
1388	2594
1391	2230
1392	1501
1392	1644
1392	1932
1392	2170
1392	2402
1392	2432
1392	2479
1392	2559
1392	2729
1394	2254
1396	3355
1405	3079
1411	1455
1411	1555
1411	1851
1411	1925
1411	2020
1411	2207
1411	2294
1411	2498
1411	2827
1411	2965
1411	3041
1411	3079
1411	3247
1411	3322
1413	2242
1415	2499
1415	3247
1421	1526
1421	1604
1421	1652
1421	1828
1421	1960
1421	2012
1421	2075
1421	2190
1421	2417
1421	2499
1421	2561
1421	3156
1421	3191
1433	1450
1433	1467
1433	1980
1433	2012
1433	2559
1433	2764
1433	3014
1433	3119
1445	1960
1445	2070
1452	1467
1452	1674
1452	2251
1452	2281
1452	3310
1455	1762
1455	2601
1455	3138
1455	3213
1456	2738
1456	3089
1456	3108
1462	1557
1462	3001
1467	1522
1467	1539
1467	1608
1467	1644
1467	1651
1467	1655
1467	1828
1467	1858
1467	2018
1467	2166
1467	2411
1467	2436
1467	2479
1467	2522
1467	2644
1467	2757
1467	2884
1467	2932
1467	2933
1467	2976
1467	3003
1467	3138
1467	3247
1467	3349
1467	3354
1467	3358
1469	1880
1477	2723
1477	3016
1477	3081
1477	3082
1479	3108
1481	3031
1483	2366
1493	3074
1501	2012
1501	2479
1501	2559
1501	2646
1501	2723
1501	3012
1501	3133
1501	3180
1501	3237
1508	2841
1517	1978
1521	2397
1522	1566
1526	2322
1530	1720
1530	2932
1530	3223
1543	1594
1543	1922
1546	2226
1546	2341
1546	3364
1555	1925
1555	2188
1555	2204
1555	2294
1555	2965
1555	3041
1555	3322
1557	1895
1557	1976
1557	2829
1557	3029
1566	3144
1573	2107
1573	2379
1589	1960
1592	1615
1592	2465
1592	2609
1592	3294
1596	3342
1600	2693
1604	2594
1604	3074
1610	1845
1610	2182
1612	3108
1613	2040
1613	2075
1613	2499
1613	2509
1613	2973
1613	3310
1615	1813
1615	2465
1618	2555
1619	1753
1619	2235
1619	2324
1621	1857
1628	3108
1630	1756
1630	2366
1631	2204
1631	2663
1637	2275
1637	2379
1637	2510
1637	3001
1641	2307
1644	1981
1644	2012
1644	2083
1644	2205
1644	2235
1644	2277
1644	2310
1644	2331
1644	2402
1644	2411
1644	2559
1644	2658
1644	2798
1644	3007
1644	3012
1644	3014
1645	1807
1645	2255
1645	2945
1648	2290
1648	3108
1651	2005
1652	1752
1652	1769
1652	2205
1652	2434
1652	3012
1652	3291
1653	2366
1656	1752
1656	1762
1656	1914
1656	1980
1656	1991
1656	2026
1656	2057
1656	2075
1656	2822
1656	2853
1657	2972
1667	2390
1667	2472
1667	2785
1674	2281
1674	2636
1674	3244
1675	2410
1677	1941
1677	2133
1677	3189
1699	2873
1699	3213
1703	1922
1706	2204
1707	2204
1707	3280
1709	2322
1709	3016
1720	3223
1723	2446
1733	3247
1735	2700
1743	3329
1745	2971
1750	2951
1750	3313
1752	1916
1752	2026
1752	2075
1752	2499
1752	2540
1752	2601
1752	2822
1752	2932
1752	3061
1752	3110
1752	3148
1753	1799
1753	2360
1753	2947
1753	3007
1755	2545
1756	2208
1756	2915
1758	2982
1758	3016
1758	3355
1759	2307
1759	3364
1762	2235
1762	2499
1762	2561
1762	2853
1762	3201
1762	3211
1762	3247
1764	2688
1765	2763
1769	2945
1769	3085
1774	3137
1779	2987
1796	2570
1798	2121
1798	2769
1799	3007
1804	2987
1807	1863
1807	1970
1807	2105
1807	2417
1811	2663
1811	3062
1830	1960
1832	2499
1845	2620
1845	2851
1845	3316
1851	2032
1851	2873
1858	2012
1858	2104
1858	2559
1863	2601
1863	2767
1873	2014
1876	3108
1877	2953
1886	2204
1886	2688
1886	2764
1892	1952
1892	2008
1892	2921
1892	2930
1892	3241
1892	3314
1894	1972
1894	2257
1894	2413
1894	3280
1896	2531
1899	3371
1900	3223
1910	2943
1914	3074
1915	2429
1915	2455
1920	2151
1922	2549
1922	2663
1922	2873
1922	2928
1922	2971
1925	2359
1925	2965
1925	3322
1927	2785
1927	3108
1930	2042
1930	3349
1932	3191
1938	1960
1940	2190
1940	3242
1942	2636
1946	2348
1952	2688
1954	2012
1955	2012
1959	2204
1960	2457
1960	2785
1964	3210
1972	2257
1972	2413
1972	2637
1972	3280
1976	2549
1976	2599
1978	2379
1980	2012
1980	2170
1980	3014
1980	3333
1981	3016
1981	3371
1983	2242
1983	2531
1983	2688
1987	3108
1988	2366
1988	3074
1990	2337
1998	2270
1999	2008
2003	3036
2005	2499
2012	2061
2012	2070
2012	2251
2012	2479
2012	2620
2012	2644
2012	2688
2012	2841
2012	2891
2012	3014
2012	3286
2012	3355
2014	2441
2018	2602
2018	2604
2032	2069
2039	2043
2040	2182
2040	2207
2040	2499
2040	2708
2040	2822
2040	2873
2040	2951
2040	3358
2043	2976
2043	3121
2043	3247
2050	3121
2057	2083
2057	2204
2061	3014
2070	3074
2070	3191
2072	2499
2073	3358
2075	2152
2075	2441
2075	2499
2080	2491
2080	2499
2080	3280
2082	2531
2083	2190
2096	2590
2096	2781
2096	2841
2096	3303
2100	2291
2100	3330
2100	3361
2101	2251
2104	2205
2105	3371
2107	2205
2110	2402
2118	2190
2118	3108
2120	2853
2121	2490
2121	2499
2121	2704
2121	2769
2121	3027
2121	3247
2125	3146
2130	2660
2143	3230
2146	2204
2150	3138
2151	3244
2158	2561
2167	3129
2170	2729
2170	3014
2182	2499
2182	3247
2186	3336
2189	2204
2190	2331
2190	2441
2190	3242
2204	2251
2204	2257
2205	3251
2207	2499
2207	2839
2211	2688
2216	3014
2226	2251
2226	2341
2235	2256
2242	2531
2242	2583
2242	2601
2242	2865
2247	2883
2247	3001
2250	2372
2250	3022
2251	2275
2251	2278
2251	2322
2251	2366
2251	2499
2251	2559
2251	2601
2251	2659
2251	2767
2251	2841
2251	2883
2251	2932
2251	3005
2251	3210
2251	3371
2254	2454
2254	3245
2255	3237
2255	3358
2257	2413
2257	3280
2260	2705
2275	2586
2275	2772
2275	2992
2281	3244
2293	2688
2295	3289
2297	3147
2299	3210
2307	2601
2317	3108
2322	2693
2322	2767
2322	2932
2322	2982
2322	3016
2331	2749
2333	2524
2333	2761
2333	3209
2339	2700
2341	3364
2348	3366
2358	2723
2359	2606
2359	3074
2366	2454
2372	2397
2372	2524
2372	3185
2373	2542
2373	2769
2373	2810
2374	3247
2379	2547
2379	3291
2386	2604
2394	2897
2394	2952
2394	3108
2397	3118
2402	2411
2402	2559
2402	2601
2402	2723
2402	2764
2402	2951
2402	3191
2410	3062
2411	2853
2413	3121
2413	3280
2421	2688
2433	3074
2434	3108
2436	2499
2436	3122
2436	3187
2440	3108
2450	3213
2452	3005
2454	2659
2454	2932
2455	2950
2457	2688
2457	3251
2460	3333
2461	3354
2479	2646
2479	3133
2490	3129
2491	2627
2494	2921
2499	2688
2499	2785
2499	2787
2499	2791
2499	2822
2499	2914
2499	2932
2499	3108
2499	3191
2499	3247
2499	3313
2499	3316
2499	3363
2510	2785
2517	2753
2522	2894
2522	2952
2522	3138
2524	3118
2531	2601
2531	2841
2531	3082
2540	2701
2540	2923
2559	2764
2559	3133
2559	3235
2561	2975
2561	3313
2572	2965
2580	3180
2581	3036
2584	2992
2586	2976
2586	3361
2594	2604
2594	2625
2594	2767
2594	2914
2594	3074
2594	3108
2601	2753
2601	2777
2601	3110
2602	3242
2604	3363
2618	3187
2625	2853
2636	3187
2637	2957
2644	3014
2644	3163
2644	3191
2644	3355
2646	3133
2654	2663
2657	3230
2660	3353
2688	2723
2688	2763
2688	3247
2689	2932
2700	3016
2704	2769
2704	3000
2723	2764
2723	3016
2723	3081
2723	3082
2761	2785
2764	3235
2764	3286
2769	2860
2769	3060
2769	3180
2769	3291
2772	3080
2781	2841
2781	3303
2781	3354
2785	2875
2785	2956
2791	3247
2799	2932
2822	2914
2822	2973
2822	3079
2822	3247
2841	3108
2841	3303
2841	3354
2853	2873
2856	3310
2873	3016
2873	3291
2874	3208
2892	2921
2892	2968
2892	3014
2893	3336
2894	3138
2914	2947
2914	3247
2918	3074
2933	3108
2933	3191
2951	3286
2953	3342
2965	3322
2973	3122
2982	3016
2982	3313
2985	3280
3014	3119
3014	3286
3014	3333
3016	3081
3016	3082
3016	3371
3032	3062
3041	3322
3081	3082
3108	3133
3108	3349
3121	3280
3122	3287
3129	3234
3133	3213
3180	3349
3191	3349
3201	3374
3219	3230
3228	3249
3235	3310
3247	3336
3280	3311
3286	3291
3287	3291
3303	3354
96	1
434	1
479	1
764	1
1067	1
1119	1
1270	1
1421	1
1555	1
2377	1
2959	1
3114	1
56	11
304	11
381	11
690	11
1288	11
1467	11
1501	11
2157	11
2753	11
96	14
991	14
2767	14
396	15
562	15
341	16
479	16
764	16
767	16
1130	16
1343	16
1388	16
1467	16
2035	16
2767	16
3014	16
3074	16
3191	16
3355	16
3356	16
2499	17
2769	19
571	20
783	20
3318	20
479	26
1067	26
2469	35
1530	38
1894	38
2026	38
2753	38
3138	38
419	39
2251	42
56	44
606	44
826	44
829	44
851	44
867	44
1012	44
1130	44
1217	44
1257	44
1388	44
2235	44
2322	44
2594	44
2767	44
3156	44
3247	44
514	47
1045	48
1271	50
2457	52
373	56
396	56
560	56
562	56
572	56
660	56
713	56
719	56
752	56
805	56
854	56
950	56
961	56
979	56
991	56
1018	56
1089	56
1205	56
1207	56
1368	56
1370	56
1386	56
1388	56
1392	56
1452	56
1501	56
1526	56
1644	56
1645	56
1652	56
1674	56
1677	56
1753	56
1774	56
1858	56
1980	56
2070	56
2281	56
2307	56
2310	56
2324	56
2328	56
2402	56
2434	56
2436	56
2522	56
2555	56
2594	56
2693	56
2841	56
2853	56
2933	56
3108	56
3138	56
3180	56
3291	56
3349	56
1388	70
458	72
541	73
871	73
933	73
1719	73
3287	73
752	75
1170	75
1759	75
2307	75
1129	77
1198	77
1388	77
2084	77
235	82
2023	82
2251	82
2276	82
2509	82
2962	82
3203	82
562	83
897	83
1065	83
1289	83
1630	83
2366	83
1462	86
2111	86
2313	86
350	88
1045	88
1966	88
464	94
569	94
708	94
1548	94
2193	94
3144	94
3347	94
222	96
464	96
705	96
767	96
1027	96
1802	96
2268	96
2270	96
3336	96
3354	96
976	98
1207	98
1652	98
2700	98
2968	98
2862	103
1005	104
396	106
871	106
1652	106
2008	106
2057	106
2519	106
2757	106
3313	106
562	108
244	112
708	115
723	115
2070	115
2084	115
2205	115
1753	116
562	117
1652	117
244	121
388	121
718	121
764	121
1271	121
1467	121
2096	121
2781	121
2841	121
3303	121
3354	121
767	123
1289	123
1377	123
2105	123
700	135
1207	135
1644	135
1652	135
2057	135
2204	135
3128	135
3147	135
3310	135
1920	137
2151	137
572	155
811	157
909	157
3364	157
432	158
2048	158
2251	158
1000	160
2853	160
2040	164
2499	164
3247	164
3310	164
448	166
789	166
3322	166
634	177
2186	177
2411	177
1973	181
767	183
2229	183
766	184
1421	187
1467	187
1752	187
2251	187
2915	187
1522	189
1566	189
244	190
253	190
691	190
725	190
2270	190
3122	190
3287	190
3289	190
341	191
767	191
479	201
571	201
2061	201
2373	201
2542	201
1129	203
1236	206
1467	206
2874	209
373	210
783	210
3046	210
1557	212
490	213
1270	213
1501	213
3355	213
1093	217
1645	217
2313	217
479	218
2075	218
2331	219
2655	219
909	220
310	222
458	222
2499	222
2753	222
634	231
752	231
1130	231
1347	231
1932	231
1960	231
2499	231
2688	231
3063	231
3119	231
764	234
1467	234
2753	234
897	235
949	235
1007	235
1289	235
1630	235
1958	235
1998	235
2366	235
2387	235
783	242
1285	242
718	244
950	244
1271	244
2096	244
2461	244
2781	244
2841	244
3006	244
3303	244
3354	244
764	249
1356	249
2372	249
2397	249
2522	249
2524	249
2894	249
3118	249
3138	249
3185	249
871	250
691	253
725	253
765	253
2270	253
3122	253
3287	253
1705	259
2618	259
662	263
668	265
767	265
870	265
1645	265
1674	266
2030	266
2281	266
3244	266
402	267
871	267
1296	267
1415	267
1784	267
2263	267
3014	267
3047	267
668	268
950	268
1617	282
571	290
757	295
764	295
767	295
3291	295
764	296
767	296
1207	296
1677	296
2301	296
2892	296
2922	296
2968	296
3016	296
3156	296
3193	296
3349	296
562	297
2522	308
2894	308
2912	308
518	310
707	310
767	310
1068	310
1656	310
2322	310
2499	310
2003	312
1644	313
1675	313
2473	313
2867	313
2968	321
2229	322
707	329
1932	329
2763	330
829	333
764	341
767	341
794	341
871	341
961	341
1119	341
1130	341
1421	341
1656	341
1762	341
2230	341
2620	341
2863	341
2932	341
3032	341
3253	341
3316	341
464	342
710	343
479	344
789	344
1161	344
1411	344
571	350
767	350
2540	350
708	355
1966	355
2519	355
2663	355
668	363
3318	363
971	370
949	371
767	373
718	374
795	374
2096	374
767	377
1283	377
2043	377
789	381
1555	381
2753	381
662	388
718	388
1271	388
2096	388
2841	388
3303	388
3354	388
919	391
479	392
961	392
1555	392
3286	392
3322	392
606	396
764	396
991	396
1152	396
1360	396
1740	396
1752	396
2012	396
2275	396
2285	396
3191	396
3293	396
1615	400
789	401
871	402
1644	402
2263	402
1067	403
1271	403
479	406
1984	413
691	419
711	419
807	419
1152	419
1645	419
1648	419
1831	419
2080	419
2849	419
3105	419
3280	419
2873	421
1356	422
1674	432
2251	432
1467	434
1981	434
2018	437
2273	437
1546	439
2226	439
2341	439
942	448
991	448
1157	448
1384	448
1467	448
1986	448
1286	449
2411	449
1045	455
707	458
1157	458
1312	458
1709	458
2322	458
2656	458
2982	458
3016	458
1767	459
734	464
968	464
1027	464
1239	464
1271	464
1502	464
1956	464
2014	464
2251	464
2268	464
2594	464
2729	464
2822	464
3079	464
3147	464
3354	464
867	469
1180	469
1955	469
2012	469
2205	469
2491	469
2499	469
2549	469
2767	469
3012	469
3089	469
3106	469
3191	469
3248	469
619	476
1140	476
1922	476
1981	477
513	479
591	479
641	479
698	479
727	479
771	479
789	479
942	479
1067	479
1200	479
1340	479
1411	479
1456	479
1549	479
1555	479
1568	479
1667	479
1735	479
1925	479
1972	479
2048	479
2294	479
2502	479
2753	479
2878	479
2965	479
3041	479
3248	479
3322	479
976	482
1139	482
2061	490
2559	490
3014	490
871	491
2043	491
1139	493
2251	493
1370	495
2257	495
2499	498
2884	498
1180	499
2549	499
2693	501
2177	503
2310	504
897	507
641	513
733	513
2878	513
1271	516
1460	518
1644	518
2235	518
2251	518
2700	518
3203	518
764	527
1000	527
1170	527
2499	527
1981	529
919	535
1543	537
1015	539
2295	541
1784	543
2688	545
663	549
3185	549
2072	559
767	560
669	562
670	562
717	562
733	562
800	562
923	562
1021	562
1065	562
1170	562
1186	562
1370	562
1474	562
1540	562
1549	562
1652	562
1665	562
1752	562
1810	562
1894	562
1973	562
2253	562
2366	562
2479	562
2849	562
2867	562
2884	562
2903	562
2976	562
3016	562
3069	562
3131	562
3291	569
783	571
1991	571
1999	571
2026	571
2049	571
2251	571
2373	571
2542	571
710	572
1247	572
2322	572
2693	572
2973	572
1894	578
1119	580
2479	580
3079	580
1271	590
789	591
1411	591
1557	591
767	606
871	606
1045	606
1586	606
1615	606
1681	606
2232	606
2242	606
2251	606
2454	606
2822	606
3074	606
3119	606
1501	612
1807	612
2322	612
2759	612
3133	612
3138	612
1755	613
1289	619
805	631
1072	631
1387	631
1455	631
1460	631
1866	631
2413	631
2499	631
3247	631
946	632
2499	632
3310	632
764	633
923	634
950	634
1130	634
1681	634
2229	634
2454	634
2594	634
2659	634
2900	634
2947	634
3136	634
3342	634
3346	634
2693	636
733	641
2878	641
705	643
764	653
1298	653
1652	653
1798	653
2121	653
2704	653
2769	653
3000	653
3369	655
764	660
1370	660
3185	660
1750	662
2688	662
2840	662
2182	665
2499	665
1467	667
1656	667
1752	667
2251	667
767	668
1501	668
1895	668
2509	668
3119	668
3133	668
836	677
1288	690
1501	690
897	691
1274	691
1689	691
2811	691
2490	698
719	700
774	700
1807	700
2083	700
2270	700
2331	700
2499	700
2945	700
1821	704
2723	704
3371	704
764	705
1900	705
2029	705
2322	705
2348	705
2602	705
3291	705
767	707
861	707
1343	707
2235	707
3191	707
3355	707
2251	708
2982	708
1392	710
1984	710
2070	710
2251	710
2693	710
3235	710
967	713
1295	713
1644	713
2658	713
2853	713
1652	717
795	718
950	718
1271	718
2096	718
2841	718
3303	718
3354	718
2853	719
803	720
1269	720
3294	720
767	723
1139	723
1467	723
1845	723
2602	723
3300	723
3356	723
1152	725
1216	725
3122	725
3287	725
871	727
1555	727
2594	727
3286	727
3322	727
2878	733
1239	734
3063	734
1160	737
1270	737
1467	737
1130	752
1162	752
1644	752
1656	752
2026	752
1018	756
1002	757
2144	759
1543	760
775	764
794	764
992	764
1015	764
1018	764
1054	764
1139	764
1165	764
1170	764
1191	764
1207	764
1392	764
1433	764
1452	764
1469	764
1496	764
1501	764
1526	764
1557	764
1608	764
1615	764
1632	764
1644	764
1750	764
1762	764
1858	764
1980	764
2018	764
2061	764
2070	764
2104	764
2151	764
2242	764
2275	764
2310	764
2322	764
2324	764
2402	764
2531	764
2604	764
2606	764
2683	764
2757	764
2764	764
2769	764
2951	764
3003	764
3014	764
3079	764
3108	764
3219	764
3239	764
3286	764
3349	764
3287	765
2767	766
783	767
871	767
961	767
968	767
1054	767
1119	767
1130	767
1187	767
1380	767
1391	767
1421	767
1452	767
1471	767
1496	767
1530	767
1548	767
1615	767
1644	767
1857	767
1914	767
1915	767
1916	767
1983	767
1988	767
2016	767
2026	767
2082	767
2166	767
2207	767
2270	767
2322	767
2446	767
2499	767
2601	767
2620	767
2627	767
2640	767
2706	767
2720	767
2873	767
2932	767
2951	767
2976	767
3001	767
3009	767
3253	767
3316	767
3356	767
789	771
871	771
1340	771
1411	771
1555	771
2965	771
3322	771
2959	774
2018	775
2005	779
1283	780
2043	780
1285	783
1551	783
1698	783
1137	784
1467	784
1644	785
2101	788
871	789
1067	789
1271	789
1340	789
1411	789
1555	789
1925	789
2294	789
2965	789
3041	789
3322	789
1170	794
1467	794
1845	794
2012	794
3014	794
3191	794
2096	795
2841	795
870	796
2499	796
3247	796
1484	800
2018	800
2331	801
805	802
952	802
981	802
1068	802
1130	802
1421	802
1501	802
2499	802
2830	802
3074	802
997	803
3294	803
2394	809
1015	811
1759	811
2307	811
3364	811
1958	823
3046	823
3112	823
2767	829
2242	835
870	836
1041	836
1068	836
1100	836
1656	836
1930	836
2251	836
2499	836
2767	836
2914	836
3001	836
3280	842
2270	844
1115	853
2630	853
1170	854
1522	854
1566	854
2479	854
2270	855
2757	859
2012	865
1652	867
2968	867
2190	870
2723	870
2757	870
3068	870
3108	870
3358	870
950	871
991	871
1067	871
1130	871
1257	871
1411	871
1467	871
1555	871
1925	871
2065	871
2297	871
2610	871
2663	871
2791	871
2965	871
3041	871
3074	871
3356	871
2688	887
2992	887
3036	893
1187	894
1191	894
1421	894
2070	894
2531	894
2644	894
2841	894
2867	894
3138	894
3247	894
949	897
1065	897
1289	897
1630	897
1681	897
1706	897
1958	897
2366	897
1966	899
1247	901
2499	903
1769	906
2251	906
3073	906
3217	906
1015	909
1759	909
2226	909
3318	909
3364	909
1130	919
1139	923
1411	923
2688	923
2688	924
3129	925
1467	933
3287	933
1610	935
2633	944
3108	944
1065	949
1289	949
2366	949
1130	950
1752	950
2012	950
2455	950
2767	950
2781	950
3017	950
2862	951
2767	953
1542	958
2434	961
2933	961
1295	967
1137	968
1035	971
1298	971
1467	971
1798	971
2076	971
2570	971
2769	971
3026	971
3185	971
1289	974
1927	976
1467	979
1972	979
1139	990
1024	991
1283	991
1421	991
1548	991
1753	991
1844	991
1972	991
2012	991
2282	991
2559	991
3001	991
3016	991
3371	991
2012	992
2434	992
2580	992
2764	992
2921	992
3108	992
1916	993
1421	997
3294	997
1046	1000
1177	1000
1268	1000
1467	1000
1610	1000
2202	1000
2822	1000
3023	1000
2618	1001
1247	1002
3016	1002
3180	1004
3291	1004
2693	1012
2767	1012
1090	1015
1546	1015
1978	1015
2065	1015
2621	1015
1452	1018
1467	1018
1608	1018
1674	1018
2636	1018
1234	1019
1762	1020
3074	1021
2282	1024
2358	1026
1916	1030
1922	1032
2319	1032
1364	1045
1707	1045
1736	1045
2204	1045
2251	1045
2339	1045
2386	1045
2684	1045
2738	1045
2820	1045
2936	1045
3366	1046
2660	1047
1699	1054
2540	1054
1877	1056
1342	1062
1464	1062
2822	1062
1289	1065
1630	1065
2366	1065
1124	1067
1411	1067
1456	1067
1555	1067
1644	1067
1925	1067
1955	1067
2965	1067
3041	1067
3322	1067
2130	1068
2190	1068
2207	1068
2499	1068
2945	1068
1247	1070
1458	1072
2688	1091
3079	1093
2426	1095
1753	1100
2479	1119
1364	1129
1471	1129
1626	1129
1681	1129
2135	1129
2198	1129
2553	1129
2586	1129
3247	1129
1286	1130
1361	1130
1467	1130
1644	1130
1656	1130
1914	1130
1932	1130
2016	1130
2229	1130
2256	1130
2359	1130
2397	1130
2433	1130
2594	1130
2620	1130
2853	1130
2918	1130
2932	1130
2976	1130
3036	1130
3074	1130
3356	1130
3369	1130
2979	1137
1170	1139
1295	1139
1406	1139
1433	1139
1445	1139
1608	1139
1644	1139
1750	1139
1978	1139
2018	1139
2070	1139
2175	1139
2379	1139
2706	1139
2764	1139
2849	1139
2879	1139
3014	1139
3017	1139
2982	1142
2032	1152
2206	1152
2324	1152
2729	1152
3144	1152
3247	1152
3287	1152
2688	1154
1674	1157
2040	1157
3244	1157
2414	1161
3218	1162
1191	1170
1392	1170
1759	1170
1858	1170
1944	1170
1966	1170
2307	1170
2688	1170
2729	1170
2867	1170
3192	1170
1411	1173
1548	1180
2479	1180
2531	1180
2549	1180
1543	1182
2232	1182
2170	1187
2322	1187
1530	1191
1851	1191
1858	1191
2012	1191
2764	1191
3092	1202
2018	1205
2204	1205
2531	1205
1268	1206
1916	1206
2892	1207
2968	1207
3287	1216
2190	1222
1573	1231
1794	1231
2036	1234
2555	1241
1709	1247
2322	1247
2350	1247
2454	1247
2693	1247
2982	1247
1572	1265
1289	1268
1976	1268
1364	1270
1679	1270
2012	1270
2251	1270
2350	1270
2437	1270
2559	1270
2609	1270
2791	1270
3014	1270
3049	1270
3163	1270
1316	1271
1740	1271
2040	1271
2081	1271
2096	1271
2204	1271
2251	1271
2371	1271
2440	1271
2454	1271
2461	1271
2656	1271
2781	1271
2841	1271
2906	1271
3303	1271
3354	1271
1976	1276
2757	1283
2976	1283
3106	1283
3316	1283
2411	1286
2853	1286
1501	1288
1592	1289
1630	1289
1958	1289
2006	1289
2020	1289
2082	1289
2366	1289
2893	1289
3121	1289
2691	1295
1798	1298
2121	1298
2704	1298
2769	1298
3000	1298
3016	1312
2973	1313
2125	1324
2909	1325
1573	1326
1644	1326
1652	1326
2057	1326
2082	1326
1411	1340
1555	1340
1925	1340
2965	1340
1467	1343
2012	1343
2522	1356
2894	1356
2912	1356
3138	1356
1845	1361
3219	1361
3265	1361
2204	1364
2251	1364
2753	1364
2882	1364
1392	1368
1644	1368
2402	1368
2729	1368
1894	1370
1972	1370
2257	1370
2413	1370
3121	1370
3280	1370
1467	1380
1920	1383
2151	1383
3121	1387
3280	1387
1573	1388
1753	1388
2188	1388
2594	1388
2230	1391
1501	1392
1644	1392
1932	1392
2170	1392
2402	1392
2432	1392
2479	1392
2559	1392
2729	1392
2254	1394
3355	1396
3079	1405
1455	1411
1555	1411
1851	1411
1925	1411
2020	1411
2207	1411
2294	1411
2498	1411
2827	1411
2965	1411
3041	1411
3079	1411
3247	1411
3322	1411
2242	1413
2499	1415
3247	1415
1526	1421
1604	1421
1652	1421
1828	1421
1960	1421
2012	1421
2075	1421
2190	1421
2417	1421
2499	1421
2561	1421
3156	1421
3191	1421
1450	1433
1467	1433
1980	1433
2012	1433
2559	1433
2764	1433
3014	1433
3119	1433
1960	1445
2070	1445
1467	1452
1674	1452
2251	1452
2281	1452
3310	1452
1762	1455
2601	1455
3138	1455
3213	1455
2738	1456
3089	1456
3108	1456
1557	1462
3001	1462
1522	1467
1539	1467
1608	1467
1644	1467
1651	1467
1655	1467
1828	1467
1858	1467
2018	1467
2166	1467
2411	1467
2436	1467
2479	1467
2522	1467
2644	1467
2757	1467
2884	1467
2932	1467
2933	1467
2976	1467
3003	1467
3138	1467
3247	1467
3349	1467
3354	1467
3358	1467
1880	1469
2723	1477
3016	1477
3081	1477
3082	1477
3108	1479
3031	1481
2366	1483
3074	1493
2012	1501
2479	1501
2559	1501
2646	1501
2723	1501
3012	1501
3133	1501
3180	1501
3237	1501
2841	1508
1978	1517
2397	1521
1566	1522
2322	1526
1720	1530
2932	1530
3223	1530
1594	1543
1922	1543
2226	1546
2341	1546
3364	1546
1925	1555
2188	1555
2204	1555
2294	1555
2965	1555
3041	1555
3322	1555
1895	1557
1976	1557
2829	1557
3029	1557
3144	1566
2107	1573
2379	1573
1960	1589
1615	1592
2465	1592
2609	1592
3294	1592
3342	1596
2693	1600
2594	1604
3074	1604
1845	1610
2182	1610
3108	1612
2040	1613
2075	1613
2499	1613
2509	1613
2973	1613
3310	1613
1813	1615
2465	1615
2555	1618
1753	1619
2235	1619
2324	1619
1857	1621
3108	1628
1756	1630
2366	1630
2204	1631
2663	1631
2275	1637
2379	1637
2510	1637
3001	1637
2307	1641
1981	1644
2012	1644
2083	1644
2205	1644
2235	1644
2277	1644
2310	1644
2331	1644
2402	1644
2411	1644
2559	1644
2658	1644
2798	1644
3007	1644
3012	1644
3014	1644
1807	1645
2255	1645
2945	1645
2290	1648
3108	1648
2005	1651
1752	1652
1769	1652
2205	1652
2434	1652
3012	1652
3291	1652
2366	1653
1752	1656
1762	1656
1914	1656
1980	1656
1991	1656
2026	1656
2057	1656
2075	1656
2822	1656
2853	1656
2972	1657
2390	1667
2472	1667
2785	1667
2281	1674
2636	1674
3244	1674
2410	1675
1941	1677
2133	1677
3189	1677
2873	1699
3213	1699
1922	1703
2204	1706
2204	1707
3280	1707
2322	1709
3016	1709
3223	1720
2446	1723
3247	1733
2700	1735
3329	1743
2971	1745
2951	1750
3313	1750
1916	1752
2026	1752
2075	1752
2499	1752
2540	1752
2601	1752
2822	1752
2932	1752
3061	1752
3110	1752
3148	1752
1799	1753
2360	1753
2947	1753
3007	1753
2545	1755
2208	1756
2915	1756
2982	1758
3016	1758
3355	1758
2307	1759
3364	1759
2235	1762
2499	1762
2561	1762
2853	1762
3201	1762
3211	1762
3247	1762
2688	1764
2763	1765
2945	1769
3085	1769
3137	1774
2987	1779
2570	1796
2121	1798
2769	1798
3007	1799
2987	1804
1863	1807
1970	1807
2105	1807
2417	1807
2663	1811
3062	1811
1960	1830
2499	1832
2620	1845
2851	1845
3316	1845
2032	1851
2873	1851
2012	1858
2104	1858
2559	1858
2601	1863
2767	1863
2014	1873
3108	1876
2953	1877
2204	1886
2688	1886
2764	1886
1952	1892
2008	1892
2921	1892
2930	1892
3241	1892
3314	1892
1972	1894
2257	1894
2413	1894
3280	1894
2531	1896
3371	1899
3223	1900
2943	1910
3074	1914
2429	1915
2455	1915
2151	1920
2549	1922
2663	1922
2873	1922
2928	1922
2971	1922
2359	1925
2965	1925
3322	1925
2785	1927
3108	1927
2042	1930
3349	1930
3191	1932
1960	1938
2190	1940
3242	1940
2636	1942
2348	1946
2688	1952
2012	1954
2012	1955
2204	1959
2457	1960
2785	1960
3210	1964
2257	1972
2413	1972
2637	1972
3280	1972
2549	1976
2599	1976
2379	1978
2012	1980
2170	1980
3014	1980
3333	1980
3016	1981
3371	1981
2242	1983
2531	1983
2688	1983
3108	1987
2366	1988
3074	1988
2337	1990
2270	1998
2008	1999
3036	2003
2499	2005
2061	2012
2070	2012
2251	2012
2479	2012
2620	2012
2644	2012
2688	2012
2841	2012
2891	2012
3014	2012
3286	2012
3355	2012
2441	2014
2602	2018
2604	2018
2069	2032
2043	2039
2182	2040
2207	2040
2499	2040
2708	2040
2822	2040
2873	2040
2951	2040
3358	2040
2976	2043
3121	2043
3247	2043
3121	2050
2083	2057
2204	2057
3014	2061
3074	2070
3191	2070
2499	2072
3358	2073
2152	2075
2441	2075
2499	2075
2491	2080
2499	2080
3280	2080
2531	2082
2190	2083
2590	2096
2781	2096
2841	2096
3303	2096
2291	2100
3330	2100
3361	2100
2251	2101
2205	2104
3371	2105
2205	2107
2402	2110
2190	2118
3108	2118
2853	2120
2490	2121
2499	2121
2704	2121
2769	2121
3027	2121
3247	2121
3146	2125
2660	2130
3230	2143
2204	2146
3138	2150
3244	2151
2561	2158
3129	2167
2729	2170
3014	2170
2499	2182
3247	2182
3336	2186
2204	2189
2331	2190
2441	2190
3242	2190
2251	2204
2257	2204
3251	2205
2499	2207
2839	2207
2688	2211
3014	2216
2251	2226
2341	2226
2256	2235
2531	2242
2583	2242
2601	2242
2865	2242
2883	2247
3001	2247
2372	2250
3022	2250
2275	2251
2278	2251
2322	2251
2366	2251
2499	2251
2559	2251
2601	2251
2659	2251
2767	2251
2841	2251
2883	2251
2932	2251
3005	2251
3210	2251
3371	2251
2454	2254
3245	2254
3237	2255
3358	2255
2413	2257
3280	2257
2705	2260
2586	2275
2772	2275
2992	2275
3244	2281
2688	2293
3289	2295
3147	2297
3210	2299
2601	2307
3108	2317
2693	2322
2767	2322
2932	2322
2982	2322
3016	2322
2749	2331
2524	2333
2761	2333
3209	2333
2700	2339
3364	2341
3366	2348
2723	2358
2606	2359
3074	2359
2454	2366
2397	2372
2524	2372
3185	2372
2542	2373
2769	2373
2810	2373
3247	2374
2547	2379
3291	2379
2604	2386
2897	2394
2952	2394
3108	2394
3118	2397
2411	2402
2559	2402
2601	2402
2723	2402
2764	2402
2951	2402
3191	2402
3062	2410
2853	2411
3121	2413
3280	2413
2688	2421
3074	2433
3108	2434
2499	2436
3122	2436
3187	2436
3108	2440
3213	2450
3005	2452
2659	2454
2932	2454
2950	2455
2688	2457
3251	2457
3333	2460
3354	2461
2646	2479
3133	2479
3129	2490
2627	2491
2921	2494
2688	2499
2785	2499
2787	2499
2791	2499
2822	2499
2914	2499
2932	2499
3108	2499
3191	2499
3247	2499
3313	2499
3316	2499
3363	2499
2785	2510
2753	2517
2894	2522
2952	2522
3138	2522
3118	2524
2601	2531
2841	2531
3082	2531
2701	2540
2923	2540
2764	2559
3133	2559
3235	2559
2975	2561
3313	2561
2965	2572
3180	2580
3036	2581
2992	2584
2976	2586
3361	2586
2604	2594
2625	2594
2767	2594
2914	2594
3074	2594
3108	2594
2753	2601
2777	2601
3110	2601
3242	2602
3363	2604
3187	2618
2853	2625
3187	2636
2957	2637
3014	2644
3163	2644
3191	2644
3355	2644
3133	2646
2663	2654
3230	2657
3353	2660
2723	2688
2763	2688
3247	2688
2932	2689
3016	2700
2769	2704
3000	2704
2764	2723
3016	2723
3081	2723
3082	2723
2785	2761
3235	2764
3286	2764
2860	2769
3060	2769
3180	2769
3291	2769
3080	2772
2841	2781
3303	2781
3354	2781
2875	2785
2956	2785
3247	2791
2932	2799
2914	2822
2973	2822
3079	2822
3247	2822
3108	2841
3303	2841
3354	2841
2873	2853
3310	2856
3016	2873
3291	2873
3208	2874
2921	2892
2968	2892
3014	2892
3336	2893
3138	2894
2947	2914
3247	2914
3074	2918
3108	2933
3191	2933
3286	2951
3342	2953
3322	2965
3122	2973
3016	2982
3313	2982
3280	2985
3119	3014
3286	3014
3333	3014
3081	3016
3082	3016
3371	3016
3062	3032
3322	3041
3082	3081
3133	3108
3349	3108
3280	3121
3287	3122
3234	3129
3213	3133
3349	3180
3349	3191
3374	3201
3230	3219
3249	3228
3310	3235
3336	3247
3311	3280
3291	3286
3291	3287
3354	3303
