0	582
1	984
8	706
12	246
12	359
12	468
12	539
12	708
12	832
12	1093
12	1187
12	1508
13	35
13	127
13	681
13	1283
14	444
15	850
16	66
16	186
16	208
16	275
16	396
16	496
16	520
16	815
16	853
16	856
16	952
16	1150
16	1194
16	1250
16	1535
19	712
19	1237
25	707
25	1294
26	454
27	595
27	723
27	853
27	1097
27	1179
27	1371
30	315
30	1205
30	1474
35	127
35	681
35	1283
36	1441
39	871
39	1229
42	420
42	423
42	501
42	612
42	764
42	1198
42	1556
49	1335
51	69
51	468
51	708
51	1431
51	1578
54	356
54	531
54	1188
54	1478
56	66
56	208
56	209
56	388
56	496
56	511
56	545
56	595
56	604
56	676
56	810
56	853
56	903
56	958
56	1021
56	1076
56	1097
56	1103
56	1162
56	1217
56	1321
56	1371
58	495
58	1016
61	648
64	406
64	444
64	841
65	556
65	882
66	67
66	208
66	209
66	388
66	396
66	496
66	511
66	545
66	595
66	751
66	810
66	815
66	853
66	856
66	903
66	936
66	952
66	958
66	1021
66	1076
66	1097
66	1103
66	1162
66	1179
66	1188
66	1217
66	1238
66	1250
66	1340
66	1371
66	1511
67	123
67	186
67	200
67	209
67	338
67	388
67	496
67	520
67	595
67	597
67	751
67	810
67	815
67	853
67	856
67	903
67	952
67	958
67	1021
67	1036
67	1044
67	1076
67	1097
67	1103
67	1162
67	1173
67	1179
67	1188
67	1217
67	1238
67	1250
67	1293
67	1309
67	1371
69	101
69	192
69	215
69	458
69	468
69	708
69	799
69	983
69	1092
69	1093
69	1184
69	1187
69	1431
69	1508
69	1578
71	1181
72	246
72	468
72	708
76	388
76	496
76	1036
77	837
77	1337
81	565
82	746
82	1328
83	208
83	724
84	115
84	854
88	164
88	170
88	280
88	372
88	703
88	783
88	917
88	1121
88	1201
88	1276
93	1482
95	103
95	970
95	1522
100	124
100	259
100	301
100	431
100	619
100	659
100	847
100	898
100	1241
100	1292
100	1454
100	1481
101	215
101	1431
101	1578
103	970
103	1522
105	352
107	1023
112	1111
112	1527
115	365
115	854
115	1456
116	855
116	1358
120	349
120	394
120	483
120	1054
120	1232
120	1515
121	732
121	862
121	1045
121	1303
123	186
123	200
123	819
123	856
123	892
123	1136
123	1145
123	1238
123	1250
123	1256
123	1371
123	1566
124	301
124	619
124	659
124	847
124	898
124	1241
124	1292
124	1454
124	1481
126	279
126	373
126	932
126	1105
126	1169
126	1375
127	681
128	387
128	864
128	1488
130	278
134	164
134	280
134	1121
134	1201
134	1276
140	716
142	399
143	597
145	186
145	209
145	515
145	552
145	815
145	856
145	1144
145	1188
145	1344
145	1371
150	249
150	694
150	840
150	844
150	1028
154	231
154	279
154	369
154	1061
154	1418
164	170
164	280
164	703
164	783
164	917
164	1121
164	1201
164	1276
165	498
165	585
165	749
165	1030
165	1041
165	1118
165	1124
165	1135
165	1532
167	1515
170	280
170	372
170	783
170	917
170	1121
170	1201
170	1276
179	611
179	1287
180	665
180	1207
181	440
181	474
181	483
181	546
181	964
181	1213
181	1260
181	1515
182	473
183	424
183	509
183	538
183	547
183	601
183	678
183	680
183	967
183	1267
183	1323
183	1343
185	1061
185	1418
186	208
186	209
186	265
186	338
186	346
186	396
186	595
186	597
186	608
186	751
186	796
186	815
186	819
186	856
186	944
186	952
186	958
186	979
186	996
186	1097
186	1136
186	1145
186	1173
186	1188
186	1194
186	1214
186	1217
186	1238
186	1293
186	1371
186	1405
186	1432
186	1564
186	1566
190	265
190	274
190	278
190	396
190	531
190	679
190	860
190	901
190	936
190	952
190	958
190	1188
190	1214
190	1233
190	1251
190	1405
190	1423
190	1478
190	1526
192	708
192	983
192	1093
192	1144
192	1187
192	1508
192	1578
195	617
195	794
196	213
196	1281
196	1552
197	698
200	584
200	856
200	892
200	1256
200	1371
202	1054
205	739
205	1227
205	1311
205	1489
206	984
208	209
208	388
208	496
208	511
208	520
208	545
208	595
208	723
208	751
208	810
208	815
208	853
208	856
208	901
208	903
208	952
208	958
208	1021
208	1036
208	1076
208	1097
208	1103
208	1148
208	1162
208	1179
208	1188
208	1217
208	1233
208	1250
208	1322
208	1340
208	1371
208	1412
208	1423
208	1478
208	1511
209	388
209	453
209	496
209	511
209	520
209	545
209	580
209	595
209	604
209	751
209	810
209	815
209	853
209	856
209	903
209	952
209	958
209	1021
209	1036
209	1076
209	1097
209	1103
209	1148
209	1162
209	1179
209	1217
209	1250
209	1321
209	1371
210	363
210	1200
211	320
211	687
211	708
211	861
211	983
211	1025
211	1092
211	1093
211	1144
211	1498
213	1552
215	468
215	708
215	983
215	1093
215	1184
215	1187
215	1431
215	1508
215	1578
217	436
221	905
223	522
223	829
223	874
226	348
226	573
230	322
230	448
230	543
230	738
230	1451
231	303
231	369
231	423
231	514
231	720
231	737
231	1061
231	1339
231	1377
231	1418
231	1420
231	1559
244	1046
246	359
246	468
246	539
246	708
246	1093
246	1144
246	1187
246	1508
249	694
249	840
249	1028
250	277
255	1062
255	1495
257	391
257	454
259	301
259	659
259	847
259	898
259	1241
259	1292
259	1481
265	274
265	396
265	520
265	531
265	679
265	751
265	901
265	936
265	952
265	958
265	1173
265	1188
265	1214
265	1322
265	1405
265	1423
265	1478
269	438
270	809
274	396
274	531
274	595
274	679
274	860
274	936
274	1188
274	1214
274	1405
274	1423
274	1526
275	1150
275	1194
275	1371
275	1535
277	573
278	644
278	679
278	860
278	936
278	952
278	1233
278	1251
278	1308
278	1478
278	1526
279	373
279	932
279	1105
279	1169
279	1375
279	1418
280	372
280	703
280	783
280	917
280	1121
280	1201
280	1276
281	978
281	1248
283	991
283	1157
288	296
288	460
288	532
288	652
288	1083
288	1176
288	1521
292	1274
292	1407
292	1437
292	1438
292	1560
296	532
296	652
296	1083
296	1170
296	1176
296	1521
301	619
301	659
301	847
301	898
301	1241
301	1292
301	1454
301	1481
303	1339
308	339
308	454
308	614
308	864
308	876
308	916
308	1019
308	1076
308	1179
308	1263
308	1295
308	1399
308	1558
309	517
309	602
309	873
309	937
310	348
311	739
313	556
315	542
315	749
315	1041
315	1474
317	723
317	1129
319	1494
320	687
320	861
320	983
320	1025
320	1092
320	1093
320	1144
320	1498
322	448
322	543
322	738
322	1451
325	610
325	637
325	813
325	1469
328	724
332	1345
332	1351
332	1369
333	1318
338	451
338	819
338	856
338	1238
338	1293
338	1309
338	1371
338	1566
339	454
339	614
339	864
339	876
339	916
339	1019
339	1129
339	1263
339	1295
339	1558
342	1542
346	370
346	597
346	608
346	718
346	796
346	819
346	944
346	979
346	996
346	1136
346	1145
346	1238
346	1564
346	1566
347	495
348	1180
349	394
349	483
349	1054
349	1232
349	1515
352	1066
354	878
355	690
355	1078
355	1232
355	1240
359	468
363	1200
365	854
365	1456
369	420
369	423
369	514
369	720
369	737
369	849
369	1061
369	1198
369	1377
369	1418
369	1420
369	1559
370	608
370	718
370	796
370	1136
372	917
372	1121
372	1201
373	932
373	1105
373	1169
373	1375
377	391
387	864
387	1488
388	396
388	496
388	511
388	520
388	545
388	595
388	751
388	810
388	815
388	853
388	856
388	903
388	936
388	952
388	958
388	985
388	1021
388	1076
388	1097
388	1103
388	1148
388	1162
388	1179
388	1188
388	1214
388	1217
388	1233
388	1250
388	1321
388	1371
388	1478
388	1511
391	561
394	1232
394	1515
396	520
396	531
396	552
396	679
396	751
396	856
396	860
396	863
396	936
396	952
396	958
396	996
396	1103
396	1173
396	1179
396	1188
396	1214
396	1233
396	1405
396	1423
396	1478
396	1511
396	1526
398	991
400	1581
402	811
402	1107
402	1247
406	444
406	635
406	841
411	881
412	1539
415	1205
415	1206
415	1324
415	1446
420	423
420	501
420	612
420	764
420	1198
420	1556
420	1559
423	514
423	720
423	737
423	1061
423	1198
423	1377
423	1418
423	1420
423	1559
424	509
424	538
424	547
424	601
424	678
424	680
424	967
424	1267
424	1323
424	1343
428	455
431	1481
432	859
434	736
439	913
440	474
440	546
440	964
440	1515
444	556
444	853
444	1034
445	992
447	663
448	543
449	920
449	1379
453	985
453	1069
453	1162
454	614
454	864
454	876
454	916
454	1019
454	1196
454	1263
454	1266
454	1295
454	1558
458	552
458	708
458	799
458	826
458	1578
460	532
460	652
460	1474
462	1306
465	729
465	1359
465	1365
468	539
468	708
468	799
468	983
468	1092
468	1093
468	1144
468	1187
468	1431
468	1508
468	1578
474	483
474	546
474	964
474	1213
474	1260
474	1515
482	635
483	546
483	690
483	859
483	964
483	1065
483	1213
483	1232
483	1515
484	556
485	809
485	1124
485	1455
485	1532
495	1016
496	511
496	520
496	545
496	595
496	751
496	810
496	815
496	853
496	856
496	903
496	952
496	958
496	985
496	1021
496	1036
496	1044
496	1076
496	1097
496	1103
496	1148
496	1162
496	1179
496	1217
496	1250
496	1321
496	1340
496	1371
496	1490
496	1511
498	542
498	585
498	749
498	915
498	1030
498	1041
498	1118
498	1124
498	1135
498	1205
498	1298
498	1474
498	1532
501	612
501	764
501	1198
501	1556
504	563
504	606
504	1101
504	1557
509	538
509	547
509	601
509	678
509	680
509	967
509	1078
509	1267
509	1323
509	1343
511	520
511	595
511	604
511	633
511	810
511	853
511	903
511	1097
511	1103
511	1162
511	1179
511	1217
514	720
514	737
514	1061
514	1377
514	1418
514	1420
514	1559
515	552
515	757
515	815
515	1144
515	1344
517	602
517	873
517	937
520	531
520	545
520	595
520	751
520	810
520	815
520	853
520	856
520	903
520	936
520	952
520	958
520	1076
520	1097
520	1103
520	1148
520	1162
520	1179
520	1188
520	1217
520	1238
520	1250
520	1322
520	1340
520	1371
520	1405
520	1478
520	1511
522	829
522	874
531	679
531	860
531	901
531	1188
531	1214
531	1233
531	1405
531	1423
531	1478
531	1526
532	652
532	678
532	1078
532	1083
532	1170
532	1176
532	1267
532	1521
538	547
538	678
538	680
538	967
538	1267
538	1323
538	1343
539	708
539	921
539	1093
539	1187
542	749
542	915
542	1474
543	571
543	738
543	1451
545	595
545	751
545	810
545	815
545	853
545	860
545	903
545	952
545	958
545	1036
545	1076
545	1097
545	1103
545	1162
545	1179
545	1188
545	1217
545	1250
545	1321
545	1371
545	1478
545	1526
546	964
546	1213
546	1515
547	601
547	678
547	680
547	967
547	1078
547	1267
547	1323
547	1343
549	865
550	979
552	584
552	799
552	856
552	1188
552	1344
552	1449
552	1565
552	1578
556	741
556	991
556	1382
558	1354
563	606
563	1101
563	1557
569	1139
570	729
570	1060
570	1100
570	1347
570	1359
570	1365
570	1378
571	651
572	952
580	810
580	853
580	903
580	1021
584	1188
584	1256
585	749
585	1030
585	1041
585	1118
585	1124
585	1135
585	1532
586	627
586	725
586	802
595	751
595	810
595	815
595	853
595	856
595	903
595	936
595	952
595	958
595	985
595	1036
595	1044
595	1076
595	1097
595	1103
595	1148
595	1162
595	1179
595	1188
595	1214
595	1217
595	1238
595	1250
595	1321
595	1371
595	1403
595	1412
595	1478
595	1490
595	1511
597	608
597	729
597	796
597	819
597	856
597	979
597	996
597	1006
597	1136
597	1145
597	1173
597	1188
597	1238
597	1359
597	1365
597	1371
597	1566
601	678
601	680
601	967
601	1267
601	1323
601	1343
602	873
604	810
604	1021
604	1103
604	1162
604	1321
606	1101
606	1557
608	718
608	796
608	819
608	944
608	979
608	996
608	1136
608	1145
608	1238
608	1566
610	637
610	813
610	1469
611	1287
612	764
612	1198
612	1556
614	864
614	876
614	916
614	1019
614	1076
614	1129
614	1263
614	1295
614	1399
614	1558
617	794
619	659
619	734
619	847
619	898
619	1241
619	1292
619	1454
619	1481
627	725
627	802
627	1407
632	1049
632	1197
635	841
635	991
637	813
637	1469
639	1310
644	860
644	1233
644	1251
644	1308
644	1478
644	1526
649	1501
650	928
650	1090
652	1083
652	1176
658	1299
659	847
659	898
659	1241
659	1292
659	1454
659	1481
662	988
662	1530
665	1207
671	1416
676	1021
677	1515
678	680
678	967
678	1078
678	1267
678	1323
678	1343
679	860
679	901
679	936
679	952
679	1173
679	1179
679	1188
679	1214
679	1233
679	1251
679	1322
679	1405
679	1423
679	1478
679	1526
680	967
680	1078
680	1267
680	1323
680	1343
681	1283
686	860
686	1251
686	1308
686	1478
687	861
687	983
687	1025
687	1092
687	1144
687	1498
689	958
689	1293
690	1232
690	1240
694	840
694	1028
699	1269
703	1201
703	1276
707	1294
708	799
708	921
708	983
708	1092
708	1093
708	1144
708	1187
708	1431
708	1508
708	1578
712	1237
716	1132
718	796
718	819
718	944
718	979
718	996
718	1136
718	1564
718	1566
720	737
720	1061
720	1198
720	1377
720	1418
720	1420
720	1559
723	1148
725	802
725	1407
726	831
729	739
729	1060
729	1100
729	1347
729	1359
729	1365
729	1378
732	862
732	1045
732	1303
734	1241
737	991
737	1061
737	1198
737	1377
737	1418
737	1420
737	1559
738	1451
739	1131
739	1227
739	1311
739	1489
741	1382
749	915
749	1030
749	1041
749	1118
749	1124
749	1135
749	1474
749	1532
751	810
751	815
751	853
751	856
751	903
751	952
751	958
751	996
751	1036
751	1076
751	1097
751	1103
751	1148
751	1162
751	1179
751	1188
751	1217
751	1238
751	1250
751	1322
751	1340
751	1371
751	1405
751	1490
764	1198
764	1556
767	1114
768	893
768	1246
768	1298
768	1406
768	1560
783	917
783	1121
783	1201
783	1276
785	1165
794	1421
796	819
796	944
796	979
796	996
796	1136
796	1145
796	1238
796	1564
796	1566
797	1425
798	1206
798	1493
799	983
799	1431
799	1578
801	1157
801	1344
802	1407
803	1494
805	1380
809	1124
809	1455
809	1532
810	815
810	853
810	903
810	952
810	958
810	985
810	1021
810	1036
810	1076
810	1097
810	1103
810	1148
810	1162
810	1179
810	1217
810	1250
810	1321
810	1371
810	1412
810	1511
811	1107
811	1247
813	1469
815	819
815	853
815	856
815	903
815	952
815	958
815	985
815	996
815	1036
815	1076
815	1085
815	1097
815	1103
815	1144
815	1162
815	1179
815	1217
815	1250
815	1344
815	1371
815	1491
819	853
819	856
819	944
819	979
819	996
819	1136
819	1145
819	1238
819	1313
819	1370
819	1371
819	1432
819	1564
819	1566
820	1325
822	1150
822	1194
822	1419
822	1516
826	1184
826	1431
826	1578
828	863
828	1346
829	874
837	1337
840	844
840	1028
841	905
847	898
847	1241
847	1292
847	1454
847	1481
849	1429
853	856
853	903
853	952
853	958
853	996
853	1021
853	1036
853	1076
853	1097
853	1103
853	1136
853	1148
853	1162
853	1179
853	1217
853	1238
853	1250
853	1321
853	1371
853	1511
854	1456
854	1536
855	1358
856	952
856	958
856	985
856	996
856	1044
856	1097
856	1103
856	1136
856	1145
856	1173
856	1179
856	1188
856	1217
856	1238
856	1250
856	1293
856	1340
856	1371
856	1511
856	1566
859	1065
860	936
860	952
860	1188
860	1214
860	1233
860	1251
860	1308
860	1405
860	1423
860	1478
860	1526
861	983
861	1025
861	1092
861	1093
861	1144
862	1045
862	1303
863	1188
863	1214
863	1346
864	876
864	916
864	1019
864	1076
864	1129
864	1263
864	1295
864	1399
864	1488
864	1558
871	1229
873	937
875	1402
876	916
876	1019
876	1263
876	1295
876	1558
882	1467
882	1550
892	1250
892	1256
893	1246
893	1298
893	1406
893	1560
895	951
898	1241
898	1292
898	1454
898	1481
901	936
901	952
901	958
901	1188
901	1214
901	1405
901	1423
901	1478
903	952
903	958
903	1021
903	1036
903	1076
903	1085
903	1097
903	1103
903	1148
903	1162
903	1179
903	1217
903	1238
903	1250
903	1321
903	1371
903	1490
903	1511
905	962
909	1163
909	1278
909	1357
910	1344
914	1144
914	1498
915	1041
915	1124
915	1135
915	1474
916	1019
916	1129
916	1263
916	1295
916	1558
917	1121
917	1201
917	1276
928	1090
932	1105
932	1169
932	1375
933	1537
936	952
936	958
936	1188
936	1214
936	1233
936	1308
936	1371
936	1405
936	1478
936	1526
941	1280
944	979
944	996
944	1136
944	1238
944	1564
944	1566
952	958
952	1076
952	1097
952	1103
952	1148
952	1162
952	1179
952	1188
952	1214
952	1217
952	1238
952	1250
952	1322
952	1340
952	1371
952	1405
952	1423
952	1478
952	1511
952	1526
958	1021
958	1036
958	1076
958	1097
958	1103
958	1162
958	1173
958	1179
958	1188
958	1217
958	1238
958	1250
958	1321
958	1322
958	1340
958	1371
958	1405
958	1478
958	1511
964	1213
964	1260
964	1515
967	1078
967	1267
967	1323
967	1343
968	1308
968	1478
978	1248
979	996
979	1136
979	1145
979	1238
979	1561
979	1564
979	1566
980	1587
983	1025
983	1092
983	1093
983	1144
983	1187
983	1431
983	1508
983	1578
985	1076
985	1097
985	1103
985	1179
985	1217
985	1371
988	1530
996	1076
996	1136
996	1145
996	1173
996	1188
996	1238
996	1370
996	1371
996	1432
996	1564
996	1566
1004	1346
1007	1569
1019	1076
1019	1129
1019	1263
1019	1295
1019	1558
1020	1036
1021	1076
1021	1097
1021	1103
1021	1162
1021	1179
1021	1217
1021	1250
1021	1320
1021	1321
1025	1092
1025	1144
1030	1041
1030	1118
1030	1124
1030	1135
1030	1532
1036	1076
1036	1097
1036	1103
1036	1162
1036	1179
1036	1217
1036	1238
1036	1250
1036	1320
1036	1511
1041	1118
1041	1124
1041	1135
1041	1474
1041	1532
1042	1482
1044	1162
1044	1256
1044	1344
1044	1371
1045	1303
1047	1484
1049	1197
1051	1296
1054	1232
1054	1515
1060	1347
1060	1359
1060	1365
1060	1378
1061	1377
1061	1418
1061	1420
1061	1559
1062	1495
1065	1139
1070	1192
1076	1097
1076	1103
1076	1129
1076	1148
1076	1162
1076	1179
1076	1188
1076	1217
1076	1238
1076	1250
1076	1321
1076	1322
1076	1371
1076	1511
1078	1267
1078	1323
1078	1343
1083	1176
1085	1097
1085	1371
1092	1093
1092	1144
1092	1187
1092	1508
1092	1578
1093	1144
1093	1187
1093	1431
1093	1508
1093	1578
1097	1103
1097	1148
1097	1162
1097	1179
1097	1188
1097	1217
1097	1238
1097	1250
1097	1321
1097	1340
1097	1371
1097	1511
1100	1205
1100	1324
1100	1347
1100	1359
1100	1365
1100	1378
1101	1557
1103	1148
1103	1162
1103	1179
1103	1188
1103	1214
1103	1217
1103	1250
1103	1321
1103	1322
1103	1340
1103	1371
1103	1412
1103	1478
1103	1490
1103	1511
1105	1169
1105	1375
1107	1247
1111	1527
1118	1124
1118	1135
1118	1532
1121	1201
1121	1276
1124	1135
1124	1455
1124	1532
1127	1282
1129	1295
1131	1227
1131	1311
1131	1489
1132	1337
1135	1474
1135	1532
1136	1145
1136	1238
1136	1371
1136	1564
1136	1566
1144	1344
1144	1498
1144	1508
1145	1173
1145	1238
1145	1313
1145	1371
1145	1564
1145	1566
1148	1162
1148	1179
1148	1217
1148	1250
1148	1371
1148	1490
1149	1162
1150	1194
1150	1272
1150	1535
1157	1517
1162	1179
1162	1217
1162	1238
1162	1250
1162	1321
1162	1371
1162	1511
1169	1375
1170	1176
1170	1521
1173	1188
1173	1214
1173	1238
1173	1322
1173	1405
1173	1423
1176	1521
1179	1188
1179	1217
1179	1250
1179	1321
1179	1322
1179	1371
1179	1405
1179	1412
1179	1478
1179	1511
1184	1578
1187	1508
1187	1578
1188	1214
1188	1217
1188	1233
1188	1238
1188	1293
1188	1322
1188	1340
1188	1371
1188	1405
1188	1423
1188	1478
1188	1511
1188	1526
1194	1272
1194	1535
1198	1377
1198	1418
1198	1420
1198	1556
1198	1559
1201	1276
1205	1324
1205	1446
1206	1324
1206	1446
1209	1475
1209	1581
1213	1260
1213	1515
1214	1233
1214	1322
1214	1405
1214	1423
1214	1478
1214	1511
1214	1526
1217	1250
1217	1320
1217	1321
1217	1340
1217	1371
1217	1490
1217	1511
1227	1311
1227	1489
1232	1240
1232	1515
1233	1251
1233	1405
1233	1423
1233	1478
1233	1526
1238	1250
1238	1371
1238	1432
1238	1564
1238	1566
1241	1292
1241	1454
1241	1481
1246	1298
1246	1406
1246	1407
1246	1560
1250	1321
1250	1371
1251	1308
1251	1478
1251	1526
1260	1515
1263	1295
1263	1399
1263	1558
1267	1323
1267	1343
1272	1535
1274	1407
1274	1437
1274	1438
1274	1560
1278	1368
1281	1576
1292	1454
1292	1481
1295	1558
1298	1406
1298	1407
1298	1560
1308	1478
1308	1526
1311	1489
1321	1371
1322	1405
1322	1423
1323	1343
1324	1446
1340	1405
1340	1490
1344	1424
1345	1351
1345	1369
1347	1359
1347	1365
1347	1378
1351	1369
1359	1365
1365	1378
1370	1564
1371	1432
1371	1511
1371	1566
1377	1418
1377	1420
1377	1559
1382	1515
1405	1423
1405	1478
1405	1526
1406	1407
1406	1560
1407	1437
1407	1438
1407	1560
1418	1420
1418	1559
1419	1516
1420	1559
1423	1478
1431	1508
1431	1578
1432	1564
1437	1438
1437	1560
1438	1560
1454	1481
1455	1532
1467	1550
1475	1581
1478	1526
1508	1578
1564	1566
582	0
984	1
706	8
246	12
359	12
468	12
539	12
708	12
832	12
1093	12
1187	12
1508	12
35	13
127	13
681	13
1283	13
444	14
850	15
66	16
186	16
208	16
275	16
396	16
496	16
520	16
815	16
853	16
856	16
952	16
1150	16
1194	16
1250	16
1535	16
712	19
1237	19
707	25
1294	25
454	26
595	27
723	27
853	27
1097	27
1179	27
1371	27
315	30
1205	30
1474	30
127	35
681	35
1283	35
1441	36
871	39
1229	39
420	42
423	42
501	42
612	42
764	42
1198	42
1556	42
1335	49
69	51
468	51
708	51
1431	51
1578	51
356	54
531	54
1188	54
1478	54
66	56
208	56
209	56
388	56
496	56
511	56
545	56
595	56
604	56
676	56
810	56
853	56
903	56
958	56
1021	56
1076	56
1097	56
1103	56
1162	56
1217	56
1321	56
1371	56
495	58
1016	58
648	61
406	64
444	64
841	64
556	65
882	65
67	66
208	66
209	66
388	66
396	66
496	66
511	66
545	66
595	66
751	66
810	66
815	66
853	66
856	66
903	66
936	66
952	66
958	66
1021	66
1076	66
1097	66
1103	66
1162	66
1179	66
1188	66
1217	66
1238	66
1250	66
1340	66
1371	66
1511	66
123	67
186	67
200	67
209	67
338	67
388	67
496	67
520	67
595	67
597	67
751	67
810	67
815	67
853	67
856	67
903	67
952	67
958	67
1021	67
1036	67
1044	67
1076	67
1097	67
1103	67
1162	67
1173	67
1179	67
1188	67
1217	67
1238	67
1250	67
1293	67
1309	67
1371	67
101	69
192	69
215	69
458	69
468	69
708	69
799	69
983	69
1092	69
1093	69
1184	69
1187	69
1431	69
1508	69
1578	69
1181	71
246	72
468	72
708	72
388	76
496	76
1036	76
837	77
1337	77
565	81
746	82
1328	82
208	83
724	83
115	84
854	84
164	88
170	88
280	88
372	88
703	88
783	88
917	88
1121	88
1201	88
1276	88
1482	93
103	95
970	95
1522	95
124	100
259	100
301	100
431	100
619	100
659	100
847	100
898	100
1241	100
1292	100
1454	100
1481	100
215	101
1431	101
1578	101
970	103
1522	103
352	105
1023	107
1111	112
1527	112
365	115
854	115
1456	115
855	116
1358	116
349	120
394	120
483	120
1054	120
1232	120
1515	120
732	121
862	121
1045	121
1303	121
186	123
200	123
819	123
856	123
892	123
1136	123
1145	123
1238	123
1250	123
1256	123
1371	123
1566	123
301	124
619	124
659	124
847	124
898	124
1241	124
1292	124
1454	124
1481	124
279	126
373	126
932	126
1105	126
1169	126
1375	126
681	127
387	128
864	128
1488	128
278	130
164	134
280	134
1121	134
1201	134
1276	134
716	140
399	142
597	143
186	145
209	145
515	145
552	145
815	145
856	145
1144	145
1188	145
1344	145
1371	145
249	150
694	150
840	150
844	150
1028	150
231	154
279	154
369	154
1061	154
1418	154
170	164
280	164
703	164
783	164
917	164
1121	164
1201	164
1276	164
498	165
585	165
749	165
1030	165
1041	165
1118	165
1124	165
1135	165
1532	165
1515	167
280	170
372	170
783	170
917	170
1121	170
1201	170
1276	170
611	179
1287	179
665	180
1207	180
440	181
474	181
483	181
546	181
964	181
1213	181
1260	181
1515	181
473	182
424	183
509	183
538	183
547	183
601	183
678	183
680	183
967	183
1267	183
1323	183
1343	183
1061	185
1418	185
208	186
209	186
265	186
338	186
346	186
396	186
595	186
597	186
608	186
751	186
796	186
815	186
819	186
856	186
944	186
952	186
958	186
979	186
996	186
1097	186
1136	186
1145	186
1173	186
1188	186
1194	186
1214	186
1217	186
1238	186
1293	186
1371	186
1405	186
1432	186
1564	186
1566	186
265	190
274	190
278	190
396	190
531	190
679	190
860	190
901	190
936	190
952	190
958	190
1188	190
1214	190
1233	190
1251	190
1405	190
1423	190
1478	190
1526	190
708	192
983	192
1093	192
1144	192
1187	192
1508	192
1578	192
617	195
794	195
213	196
1281	196
1552	196
698	197
584	200
856	200
892	200
1256	200
1371	200
1054	202
739	205
1227	205
1311	205
1489	205
984	206
209	208
388	208
496	208
511	208
520	208
545	208
595	208
723	208
751	208
810	208
815	208
853	208
856	208
901	208
903	208
952	208
958	208
1021	208
1036	208
1076	208
1097	208
1103	208
1148	208
1162	208
1179	208
1188	208
1217	208
1233	208
1250	208
1322	208
1340	208
1371	208
1412	208
1423	208
1478	208
1511	208
388	209
453	209
496	209
511	209
520	209
545	209
580	209
595	209
604	209
751	209
810	209
815	209
853	209
856	209
903	209
952	209
958	209
1021	209
1036	209
1076	209
1097	209
1103	209
1148	209
1162	209
1179	209
1217	209
1250	209
1321	209
1371	209
363	210
1200	210
320	211
687	211
708	211
861	211
983	211
1025	211
1092	211
1093	211
1144	211
1498	211
1552	213
468	215
708	215
983	215
1093	215
1184	215
1187	215
1431	215
1508	215
1578	215
436	217
905	221
522	223
829	223
874	223
348	226
573	226
322	230
448	230
543	230
738	230
1451	230
303	231
369	231
423	231
514	231
720	231
737	231
1061	231
1339	231
1377	231
1418	231
1420	231
1559	231
1046	244
359	246
468	246
539	246
708	246
1093	246
1144	246
1187	246
1508	246
694	249
840	249
1028	249
277	250
1062	255
1495	255
391	257
454	257
301	259
659	259
847	259
898	259
1241	259
1292	259
1481	259
274	265
396	265
520	265
531	265
679	265
751	265
901	265
936	265
952	265
958	265
1173	265
1188	265
1214	265
1322	265
1405	265
1423	265
1478	265
438	269
809	270
396	274
531	274
595	274
679	274
860	274
936	274
1188	274
1214	274
1405	274
1423	274
1526	274
1150	275
1194	275
1371	275
1535	275
573	277
644	278
679	278
860	278
936	278
952	278
1233	278
1251	278
1308	278
1478	278
1526	278
373	279
932	279
1105	279
1169	279
1375	279
1418	279
372	280
703	280
783	280
917	280
1121	280
1201	280
1276	280
978	281
1248	281
991	283
1157	283
296	288
460	288
532	288
652	288
1083	288
1176	288
1521	288
1274	292
1407	292
1437	292
1438	292
1560	292
532	296
652	296
1083	296
1170	296
1176	296
1521	296
619	301
659	301
847	301
898	301
1241	301
1292	301
1454	301
1481	301
1339	303
339	308
454	308
614	308
864	308
876	308
916	308
1019	308
1076	308
1179	308
1263	308
1295	308
1399	308
1558	308
517	309
602	309
873	309
937	309
348	310
739	311
556	313
542	315
749	315
1041	315
1474	315
723	317
1129	317
1494	319
687	320
861	320
983	320
1025	320
1092	320
1093	320
1144	320
1498	320
448	322
543	322
738	322
1451	322
610	325
637	325
813	325
1469	325
724	328
1345	332
1351	332
1369	332
1318	333
451	338
819	338
856	338
1238	338
1293	338
1309	338
1371	338
1566	338
454	339
614	339
864	339
876	339
916	339
1019	339
1129	339
1263	339
1295	339
1558	339
1542	342
370	346
597	346
608	346
718	346
796	346
819	346
944	346
979	346
996	346
1136	346
1145	346
1238	346
1564	346
1566	346
495	347
1180	348
394	349
483	349
1054	349
1232	349
1515	349
1066	352
878	354
690	355
1078	355
1232	355
1240	355
468	359
1200	363
854	365
1456	365
420	369
423	369
514	369
720	369
737	369
849	369
1061	369
1198	369
1377	369
1418	369
1420	369
1559	369
608	370
718	370
796	370
1136	370
917	372
1121	372
1201	372
932	373
1105	373
1169	373
1375	373
391	377
864	387
1488	387
396	388
496	388
511	388
520	388
545	388
595	388
751	388
810	388
815	388
853	388
856	388
903	388
936	388
952	388
958	388
985	388
1021	388
1076	388
1097	388
1103	388
1148	388
1162	388
1179	388
1188	388
1214	388
1217	388
1233	388
1250	388
1321	388
1371	388
1478	388
1511	388
561	391
1232	394
1515	394
520	396
531	396
552	396
679	396
751	396
856	396
860	396
863	396
936	396
952	396
958	396
996	396
1103	396
1173	396
1179	396
1188	396
1214	396
1233	396
1405	396
1423	396
1478	396
1511	396
1526	396
991	398
1581	400
811	402
1107	402
1247	402
444	406
635	406
841	406
881	411
1539	412
1205	415
1206	415
1324	415
1446	415
423	420
501	420
612	420
764	420
1198	420
1556	420
1559	420
514	423
720	423
737	423
1061	423
1198	423
1377	423
1418	423
1420	423
1559	423
509	424
538	424
547	424
601	424
678	424
680	424
967	424
1267	424
1323	424
1343	424
455	428
1481	431
859	432
736	434
913	439
474	440
546	440
964	440
1515	440
556	444
853	444
1034	444
992	445
663	447
543	448
920	449
1379	449
985	453
1069	453
1162	453
614	454
864	454
876	454
916	454
1019	454
1196	454
1263	454
1266	454
1295	454
1558	454
552	458
708	458
799	458
826	458
1578	458
532	460
652	460
1474	460
1306	462
729	465
1359	465
1365	465
539	468
708	468
799	468
983	468
1092	468
1093	468
1144	468
1187	468
1431	468
1508	468
1578	468
483	474
546	474
964	474
1213	474
1260	474
1515	474
635	482
546	483
690	483
859	483
964	483
1065	483
1213	483
1232	483
1515	483
556	484
809	485
1124	485
1455	485
1532	485
1016	495
511	496
520	496
545	496
595	496
751	496
810	496
815	496
853	496
856	496
903	496
952	496
958	496
985	496
1021	496
1036	496
1044	496
1076	496
1097	496
1103	496
1148	496
1162	496
1179	496
1217	496
1250	496
1321	496
1340	496
1371	496
1490	496
1511	496
542	498
585	498
749	498
915	498
1030	498
1041	498
1118	498
1124	498
1135	498
1205	498
1298	498
1474	498
1532	498
612	501
764	501
1198	501
1556	501
563	504
606	504
1101	504
1557	504
538	509
547	509
601	509
678	509
680	509
967	509
1078	509
1267	509
1323	509
1343	509
520	511
595	511
604	511
633	511
810	511
853	511
903	511
1097	511
1103	511
1162	511
1179	511
1217	511
720	514
737	514
1061	514
1377	514
1418	514
1420	514
1559	514
552	515
757	515
815	515
1144	515
1344	515
602	517
873	517
937	517
531	520
545	520
595	520
751	520
810	520
815	520
853	520
856	520
903	520
936	520
952	520
958	520
1076	520
1097	520
1103	520
1148	520
1162	520
1179	520
1188	520
1217	520
1238	520
1250	520
1322	520
1340	520
1371	520
1405	520
1478	520
1511	520
829	522
874	522
679	531
860	531
901	531
1188	531
1214	531
1233	531
1405	531
1423	531
1478	531
1526	531
652	532
678	532
1078	532
1083	532
1170	532
1176	532
1267	532
1521	532
547	538
678	538
680	538
967	538
1267	538
1323	538
1343	538
708	539
921	539
1093	539
1187	539
749	542
915	542
1474	542
571	543
738	543
1451	543
595	545
751	545
810	545
815	545
853	545
860	545
903	545
952	545
958	545
1036	545
1076	545
1097	545
1103	545
1162	545
1179	545
1188	545
1217	545
1250	545
1321	545
1371	545
1478	545
1526	545
964	546
1213	546
1515	546
601	547
678	547
680	547
967	547
1078	547
1267	547
1323	547
1343	547
865	549
979	550
584	552
799	552
856	552
1188	552
1344	552
1449	552
1565	552
1578	552
741	556
991	556
1382	556
1354	558
606	563
1101	563
1557	563
1139	569
729	570
1060	570
1100	570
1347	570
1359	570
1365	570
1378	570
651	571
952	572
810	580
853	580
903	580
1021	580
1188	584
1256	584
749	585
1030	585
1041	585
1118	585
1124	585
1135	585
1532	585
627	586
725	586
802	586
751	595
810	595
815	595
853	595
856	595
903	595
936	595
952	595
958	595
985	595
1036	595
1044	595
1076	595
1097	595
1103	595
1148	595
1162	595
1179	595
1188	595
1214	595
1217	595
1238	595
1250	595
1321	595
1371	595
1403	595
1412	595
1478	595
1490	595
1511	595
608	597
729	597
796	597
819	597
856	597
979	597
996	597
1006	597
1136	597
1145	597
1173	597
1188	597
1238	597
1359	597
1365	597
1371	597
1566	597
678	601
680	601
967	601
1267	601
1323	601
1343	601
873	602
810	604
1021	604
1103	604
1162	604
1321	604
1101	606
1557	606
718	608
796	608
819	608
944	608
979	608
996	608
1136	608
1145	608
1238	608
1566	608
637	610
813	610
1469	610
1287	611
764	612
1198	612
1556	612
864	614
876	614
916	614
1019	614
1076	614
1129	614
1263	614
1295	614
1399	614
1558	614
794	617
659	619
734	619
847	619
898	619
1241	619
1292	619
1454	619
1481	619
725	627
802	627
1407	627
1049	632
1197	632
841	635
991	635
813	637
1469	637
1310	639
860	644
1233	644
1251	644
1308	644
1478	644
1526	644
1501	649
928	650
1090	650
1083	652
1176	652
1299	658
847	659
898	659
1241	659
1292	659
1454	659
1481	659
988	662
1530	662
1207	665
1416	671
1021	676
1515	677
680	678
967	678
1078	678
1267	678
1323	678
1343	678
860	679
901	679
936	679
952	679
1173	679
1179	679
1188	679
1214	679
1233	679
1251	679
1322	679
1405	679
1423	679
1478	679
1526	679
967	680
1078	680
1267	680
1323	680
1343	680
1283	681
860	686
1251	686
1308	686
1478	686
861	687
983	687
1025	687
1092	687
1144	687
1498	687
958	689
1293	689
1232	690
1240	690
840	694
1028	694
1269	699
1201	703
1276	703
1294	707
799	708
921	708
983	708
1092	708
1093	708
1144	708
1187	708
1431	708
1508	708
1578	708
1237	712
1132	716
796	718
819	718
944	718
979	718
996	718
1136	718
1564	718
1566	718
737	720
1061	720
1198	720
1377	720
1418	720
1420	720
1559	720
1148	723
802	725
1407	725
831	726
739	729
1060	729
1100	729
1347	729
1359	729
1365	729
1378	729
862	732
1045	732
1303	732
1241	734
991	737
1061	737
1198	737
1377	737
1418	737
1420	737
1559	737
1451	738
1131	739
1227	739
1311	739
1489	739
1382	741
915	749
1030	749
1041	749
1118	749
1124	749
1135	749
1474	749
1532	749
810	751
815	751
853	751
856	751
903	751
952	751
958	751
996	751
1036	751
1076	751
1097	751
1103	751
1148	751
1162	751
1179	751
1188	751
1217	751
1238	751
1250	751
1322	751
1340	751
1371	751
1405	751
1490	751
1198	764
1556	764
1114	767
893	768
1246	768
1298	768
1406	768
1560	768
917	783
1121	783
1201	783
1276	783
1165	785
1421	794
819	796
944	796
979	796
996	796
1136	796
1145	796
1238	796
1564	796
1566	796
1425	797
1206	798
1493	798
983	799
1431	799
1578	799
1157	801
1344	801
1407	802
1494	803
1380	805
1124	809
1455	809
1532	809
815	810
853	810
903	810
952	810
958	810
985	810
1021	810
1036	810
1076	810
1097	810
1103	810
1148	810
1162	810
1179	810
1217	810
1250	810
1321	810
1371	810
1412	810
1511	810
1107	811
1247	811
1469	813
819	815
853	815
856	815
903	815
952	815
958	815
985	815
996	815
1036	815
1076	815
1085	815
1097	815
1103	815
1144	815
1162	815
1179	815
1217	815
1250	815
1344	815
1371	815
1491	815
853	819
856	819
944	819
979	819
996	819
1136	819
1145	819
1238	819
1313	819
1370	819
1371	819
1432	819
1564	819
1566	819
1325	820
1150	822
1194	822
1419	822
1516	822
1184	826
1431	826
1578	826
863	828
1346	828
874	829
1337	837
844	840
1028	840
905	841
898	847
1241	847
1292	847
1454	847
1481	847
1429	849
856	853
903	853
952	853
958	853
996	853
1021	853
1036	853
1076	853
1097	853
1103	853
1136	853
1148	853
1162	853
1179	853
1217	853
1238	853
1250	853
1321	853
1371	853
1511	853
1456	854
1536	854
1358	855
952	856
958	856
985	856
996	856
1044	856
1097	856
1103	856
1136	856
1145	856
1173	856
1179	856
1188	856
1217	856
1238	856
1250	856
1293	856
1340	856
1371	856
1511	856
1566	856
1065	859
936	860
952	860
1188	860
1214	860
1233	860
1251	860
1308	860
1405	860
1423	860
1478	860
1526	860
983	861
1025	861
1092	861
1093	861
1144	861
1045	862
1303	862
1188	863
1214	863
1346	863
876	864
916	864
1019	864
1076	864
1129	864
1263	864
1295	864
1399	864
1488	864
1558	864
1229	871
937	873
1402	875
916	876
1019	876
1263	876
1295	876
1558	876
1467	882
1550	882
1250	892
1256	892
1246	893
1298	893
1406	893
1560	893
951	895
1241	898
1292	898
1454	898
1481	898
936	901
952	901
958	901
1188	901
1214	901
1405	901
1423	901
1478	901
952	903
958	903
1021	903
1036	903
1076	903
1085	903
1097	903
1103	903
1148	903
1162	903
1179	903
1217	903
1238	903
1250	903
1321	903
1371	903
1490	903
1511	903
962	905
1163	909
1278	909
1357	909
1344	910
1144	914
1498	914
1041	915
1124	915
1135	915
1474	915
1019	916
1129	916
1263	916
1295	916
1558	916
1121	917
1201	917
1276	917
1090	928
1105	932
1169	932
1375	932
1537	933
952	936
958	936
1188	936
1214	936
1233	936
1308	936
1371	936
1405	936
1478	936
1526	936
1280	941
979	944
996	944
1136	944
1238	944
1564	944
1566	944
958	952
1076	952
1097	952
1103	952
1148	952
1162	952
1179	952
1188	952
1214	952
1217	952
1238	952
1250	952
1322	952
1340	952
1371	952
1405	952
1423	952
1478	952
1511	952
1526	952
1021	958
1036	958
1076	958
1097	958
1103	958
1162	958
1173	958
1179	958
1188	958
1217	958
1238	958
1250	958
1321	958
1322	958
1340	958
1371	958
1405	958
1478	958
1511	958
1213	964
1260	964
1515	964
1078	967
1267	967
1323	967
1343	967
1308	968
1478	968
1248	978
996	979
1136	979
1145	979
1238	979
1561	979
1564	979
1566	979
1587	980
1025	983
1092	983
1093	983
1144	983
1187	983
1431	983
1508	983
1578	983
1076	985
1097	985
1103	985
1179	985
1217	985
1371	985
1530	988
1076	996
1136	996
1145	996
1173	996
1188	996
1238	996
1370	996
1371	996
1432	996
1564	996
1566	996
1346	1004
1569	1007
1076	1019
1129	1019
1263	1019
1295	1019
1558	1019
1036	1020
1076	1021
1097	1021
1103	1021
1162	1021
1179	1021
1217	1021
1250	1021
1320	1021
1321	1021
1092	1025
1144	1025
1041	1030
1118	1030
1124	1030
1135	1030
1532	1030
1076	1036
1097	1036
1103	1036
1162	1036
1179	1036
1217	1036
1238	1036
1250	1036
1320	1036
1511	1036
1118	1041
1124	1041
1135	1041
1474	1041
1532	1041
1482	1042
1162	1044
1256	1044
1344	1044
1371	1044
1303	1045
1484	1047
1197	1049
1296	1051
1232	1054
1515	1054
1347	1060
1359	1060
1365	1060
1378	1060
1377	1061
1418	1061
1420	1061
1559	1061
1495	1062
1139	1065
1192	1070
1097	1076
1103	1076
1129	1076
1148	1076
1162	1076
1179	1076
1188	1076
1217	1076
1238	1076
1250	1076
1321	1076
1322	1076
1371	1076
1511	1076
1267	1078
1323	1078
1343	1078
1176	1083
1097	1085
1371	1085
1093	1092
1144	1092
1187	1092
1508	1092
1578	1092
1144	1093
1187	1093
1431	1093
1508	1093
1578	1093
1103	1097
1148	1097
1162	1097
1179	1097
1188	1097
1217	1097
1238	1097
1250	1097
1321	1097
1340	1097
1371	1097
1511	1097
1205	1100
1324	1100
1347	1100
1359	1100
1365	1100
1378	1100
1557	1101
1148	1103
1162	1103
1179	1103
1188	1103
1214	1103
1217	1103
1250	1103
1321	1103
1322	1103
1340	1103
1371	1103
1412	1103
1478	1103
1490	1103
1511	1103
1169	1105
1375	1105
1247	1107
1527	1111
1124	1118
1135	1118
1532	1118
1201	1121
1276	1121
1135	1124
1455	1124
1532	1124
1282	1127
1295	1129
1227	1131
1311	1131
1489	1131
1337	1132
1474	1135
1532	1135
1145	1136
1238	1136
1371	1136
1564	1136
1566	1136
1344	1144
1498	1144
1508	1144
1173	1145
1238	1145
1313	1145
1371	1145
1564	1145
1566	1145
1162	1148
1179	1148
1217	1148
1250	1148
1371	1148
1490	1148
1162	1149
1194	1150
1272	1150
1535	1150
1517	1157
1179	1162
1217	1162
1238	1162
1250	1162
1321	1162
1371	1162
1511	1162
1375	1169
1176	1170
1521	1170
1188	1173
1214	1173
1238	1173
1322	1173
1405	1173
1423	1173
1521	1176
1188	1179
1217	1179
1250	1179
1321	1179
1322	1179
1371	1179
1405	1179
1412	1179
1478	1179
1511	1179
1578	1184
1508	1187
1578	1187
1214	1188
1217	1188
1233	1188
1238	1188
1293	1188
1322	1188
1340	1188
1371	1188
1405	1188
1423	1188
1478	1188
1511	1188
1526	1188
1272	1194
1535	1194
1377	1198
1418	1198
1420	1198
1556	1198
1559	1198
1276	1201
1324	1205
1446	1205
1324	1206
1446	1206
1475	1209
1581	1209
1260	1213
1515	1213
1233	1214
1322	1214
1405	1214
1423	1214
1478	1214
1511	1214
1526	1214
1250	1217
1320	1217
1321	1217
1340	1217
1371	1217
1490	1217
1511	1217
1311	1227
1489	1227
1240	1232
1515	1232
1251	1233
1405	1233
1423	1233
1478	1233
1526	1233
1250	1238
1371	1238
1432	1238
1564	1238
1566	1238
1292	1241
1454	1241
1481	1241
1298	1246
1406	1246
1407	1246
1560	1246
1321	1250
1371	1250
1308	1251
1478	1251
1526	1251
1515	1260
1295	1263
1399	1263
1558	1263
1323	1267
1343	1267
1535	1272
1407	1274
1437	1274
1438	1274
1560	1274
1368	1278
1576	1281
1454	1292
1481	1292
1558	1295
1406	1298
1407	1298
1560	1298
1478	1308
1526	1308
1489	1311
1371	1321
1405	1322
1423	1322
1343	1323
1446	1324
1405	1340
1490	1340
1424	1344
1351	1345
1369	1345
1359	1347
1365	1347
1378	1347
1369	1351
1365	1359
1378	1365
1564	1370
1432	1371
1511	1371
1566	1371
1418	1377
1420	1377
1559	1377
1515	1382
1423	1405
1478	1405
1526	1405
1407	1406
1560	1406
1437	1407
1438	1407
1560	1407
1420	1418
1559	1418
1516	1419
1559	1420
1478	1423
1508	1431
1578	1431
1564	1432
1438	1437
1560	1437
1560	1438
1481	1454
1532	1455
1550	1467
1581	1475
1526	1478
1578	1508
1566	1564
