2	363
2	481
2	547
6	22
6	378
6	691
6	704
8	98
8	112
8	145
8	194
8	195
8	206
8	281
8	449
8	514
8	631
8	824
8	844
9	601
12	569
16	327
16	402
16	597
16	645
16	754
16	824
17	597
19	37
19	64
19	87
19	98
19	142
19	181
19	197
19	336
19	338
19	391
19	400
19	438
19	510
19	526
19	535
19	538
19	544
19	571
19	577
19	626
19	628
19	640
19	678
19	722
19	754
19	761
19	803
19	813
19	838
19	858
20	62
22	378
22	691
22	704
24	38
24	116
24	242
24	321
24	329
24	440
24	528
24	788
24	849
32	185
32	289
32	649
32	810
35	305
35	481
37	64
37	83
37	98
37	108
37	113
37	134
37	142
37	194
37	201
37	230
37	274
37	281
37	327
37	364
37	370
37	419
37	444
37	449
37	490
37	514
37	516
37	522
37	555
37	566
37	571
37	585
37	586
37	604
37	637
37	640
37	645
37	649
37	666
37	678
37	711
37	719
37	754
37	770
37	806
37	816
37	824
38	102
38	116
38	242
38	314
38	321
38	329
38	440
38	513
38	528
38	765
38	788
38	849
39	508
39	600
39	701
39	862
45	707
45	735
45	760
45	774
46	112
49	315
49	480
51	98
51	140
51	206
51	281
51	327
51	376
51	509
51	514
51	516
51	604
51	640
51	649
51	655
51	664
51	728
51	803
51	816
51	824
51	827
51	834
54	122
54	139
54	154
54	280
54	319
54	403
54	459
54	485
54	497
54	682
54	763
54	772
54	773
54	775
54	868
54	870
56	557
57	473
59	83
59	112
59	113
59	194
59	201
59	230
59	265
59	271
59	274
59	293
59	299
59	327
59	364
59	370
59	444
59	490
59	555
59	585
59	586
59	604
59	637
59	645
59	666
60	608
60	841
64	98
64	108
64	142
64	197
64	338
64	391
64	535
64	626
64	628
64	678
64	689
64	754
64	825
64	838
68	147
68	396
76	289
76	489
76	509
76	649
76	655
76	664
76	675
76	810
76	827
79	217
80	86
80	178
80	496
80	562
80	570
80	612
80	616
83	98
83	112
83	113
83	142
83	194
83	201
83	230
83	274
83	275
83	281
83	293
83	299
83	327
83	364
83	370
83	419
83	444
83	449
83	450
83	490
83	514
83	516
83	522
83	530
83	555
83	566
83	585
83	586
83	604
83	629
83	637
83	645
83	666
83	678
83	709
83	754
83	770
83	776
83	834
86	178
86	496
86	562
86	570
86	612
86	616
87	98
87	142
87	181
87	197
87	336
87	391
87	400
87	438
87	510
87	526
87	535
87	538
87	544
87	577
87	626
87	628
87	668
87	678
87	761
87	813
87	838
87	858
88	832
91	147
91	238
91	401
91	471
91	521
91	524
91	563
91	686
91	810
91	840
95	832
98	112
98	113
98	140
98	142
98	181
98	197
98	206
98	274
98	292
98	327
98	336
98	338
98	391
98	419
98	438
98	449
98	509
98	510
98	514
98	516
98	522
98	526
98	532
98	535
98	538
98	544
98	577
98	626
98	628
98	640
98	649
98	664
98	666
98	678
98	711
98	732
98	754
98	771
98	789
98	813
98	816
98	824
98	858
101	435
102	528
105	267
105	437
106	850
108	142
108	230
108	324
108	689
108	754
108	825
108	838
112	113
112	134
112	142
112	194
112	201
112	218
112	230
112	265
112	271
112	274
112	275
112	281
112	299
112	327
112	331
112	364
112	370
112	371
112	402
112	419
112	444
112	449
112	450
112	489
112	490
112	514
112	516
112	522
112	555
112	566
112	585
112	586
112	604
112	629
112	637
112	645
112	649
112	666
112	675
112	728
112	732
112	737
112	754
112	776
112	810
112	824
112	834
113	142
113	194
113	201
113	230
113	240
113	265
113	274
113	275
113	281
113	292
113	293
113	299
113	316
113	327
113	332
113	364
113	370
113	419
113	444
113	449
113	490
113	514
113	516
113	522
113	555
113	566
113	585
113	586
113	604
113	629
113	637
113	641
113	645
113	666
113	727
113	754
113	770
113	806
113	816
113	834
114	656
116	321
116	329
116	528
116	788
116	849
119	330
119	340
119	724
119	744
119	869
121	129
122	276
122	280
122	319
122	403
122	763
122	773
122	775
122	868
123	305
123	475
123	785
131	384
131	532
131	653
133	461
134	194
134	201
134	206
134	230
134	299
134	327
134	370
134	419
134	444
134	490
134	505
134	514
134	516
134	566
134	585
134	586
134	604
134	637
134	645
134	649
134	664
134	666
134	728
134	737
134	754
134	824
139	485
139	497
139	682
139	772
139	775
139	870
140	144
140	206
140	250
140	281
140	289
140	331
140	376
140	419
140	489
140	505
140	509
140	512
140	514
140	516
140	552
140	640
140	649
140	655
140	664
140	728
140	732
140	771
140	803
140	810
140	816
140	827
141	650
142	194
142	197
142	201
142	230
142	271
142	274
142	292
142	299
142	327
142	338
142	364
142	391
142	419
142	444
142	449
142	450
142	490
142	510
142	514
142	516
142	522
142	526
142	535
142	538
142	549
142	555
142	571
142	585
142	586
142	593
142	604
142	626
142	627
142	628
142	629
142	637
142	641
142	645
142	666
142	678
142	689
142	711
142	727
142	754
142	761
142	789
142	806
142	813
142	816
142	824
142	834
142	838
142	869
143	688
144	206
144	250
144	289
144	327
144	376
144	471
144	505
144	509
144	512
144	649
144	655
144	664
144	732
144	771
144	827
144	840
145	631
145	754
145	844
147	238
147	274
147	331
147	376
147	401
147	471
147	505
147	514
147	524
147	655
147	675
147	686
147	810
147	827
147	834
147	840
150	787
154	459
154	773
154	868
157	567
162	498
162	782
165	314
165	321
165	528
165	821
167	237
167	706
169	216
169	447
169	460
169	567
169	804
173	486
174	658
178	496
178	562
178	570
178	612
178	616
181	191
181	197
181	219
181	336
181	391
181	400
181	438
181	510
181	526
181	535
181	538
181	544
181	577
181	626
181	628
181	668
181	678
181	761
181	813
181	838
181	858
191	219
191	336
191	400
191	438
191	626
191	813
194	201
194	274
194	281
194	293
194	299
194	327
194	364
194	370
194	371
194	419
194	444
194	449
194	490
194	514
194	522
194	530
194	566
194	585
194	586
194	604
194	637
194	645
194	666
194	754
194	816
194	834
195	631
195	770
195	844
197	336
197	338
197	391
197	400
197	438
197	510
197	526
197	535
197	538
197	544
197	577
197	626
197	628
197	668
197	678
197	754
197	761
197	813
197	838
197	858
200	388
200	473
201	206
201	230
201	265
201	271
201	274
201	275
201	281
201	299
201	327
201	364
201	370
201	419
201	444
201	449
201	490
201	505
201	514
201	516
201	522
201	530
201	555
201	575
201	585
201	586
201	604
201	629
201	637
201	645
201	649
201	664
201	666
201	675
201	676
201	727
201	732
201	754
201	810
201	824
201	827
201	834
202	503
202	606
203	378
203	691
205	742
206	250
206	274
206	281
206	289
206	376
206	419
206	471
206	505
206	509
206	512
206	514
206	516
206	532
206	538
206	552
206	604
206	640
206	645
206	649
206	655
206	664
206	675
206	732
206	771
206	803
206	810
206	816
206	824
206	827
206	840
207	533
212	743
214	236
214	614
216	447
216	460
216	567
216	804
218	274
218	371
218	834
218	852
219	336
219	400
219	626
219	813
230	265
230	271
230	274
230	281
230	299
230	327
230	332
230	364
230	370
230	419
230	444
230	449
230	490
230	514
230	516
230	522
230	530
230	555
230	566
230	585
230	586
230	604
230	629
230	637
230	645
230	666
230	727
230	754
230	776
230	824
230	834
231	408
236	305
236	569
236	585
237	706
238	401
238	471
238	505
238	521
238	563
238	649
238	655
238	675
238	810
238	840
239	338
240	530
240	581
240	637
242	440
243	290
243	360
244	511
247	272
247	405
247	747
247	750
248	278
248	292
250	289
250	331
250	376
250	401
250	471
250	489
250	509
250	512
250	649
250	655
250	664
250	675
250	732
250	771
250	810
250	816
250	827
250	840
258	368
258	616
258	715
260	303
260	333
261	305
261	475
261	533
265	271
265	275
265	304
265	327
265	332
265	444
265	516
265	555
265	586
265	637
265	645
265	727
271	364
271	444
271	555
271	586
271	604
271	637
271	645
271	709
271	727
272	309
272	405
272	747
272	750
272	757
274	275
274	281
274	299
274	316
274	327
274	331
274	364
274	370
274	371
274	376
274	419
274	444
274	449
274	490
274	514
274	516
274	522
274	530
274	555
274	563
274	571
274	585
274	586
274	604
274	629
274	637
274	645
274	655
274	666
274	675
274	678
274	732
274	754
274	770
274	810
274	834
274	840
275	281
275	327
275	332
275	370
275	444
275	490
275	522
275	567
275	585
275	604
275	637
275	645
275	666
275	834
276	280
276	403
276	763
278	449
278	532
280	319
280	403
280	763
280	773
280	775
280	868
281	289
281	299
281	327
281	331
281	364
281	370
281	419
281	444
281	449
281	490
281	505
281	514
281	516
281	522
281	585
281	586
281	597
281	604
281	629
281	637
281	645
281	649
281	666
281	678
281	728
281	737
281	754
281	771
281	810
281	824
281	834
284	584
289	331
289	376
289	401
289	471
289	489
289	509
289	512
289	552
289	649
289	655
289	664
289	675
289	732
289	771
289	803
289	810
289	816
289	827
289	840
290	360
290	375
290	613
290	639
290	642
290	835
292	341
292	449
292	513
292	538
292	628
292	678
292	693
292	754
292	789
292	816
292	851
293	327
293	364
293	444
293	490
293	585
293	604
293	645
293	727
299	327
299	364
299	370
299	419
299	444
299	449
299	471
299	490
299	514
299	516
299	566
299	575
299	586
299	604
299	637
299	645
299	649
299	666
299	727
299	754
299	810
299	816
299	824
299	834
299	840
303	333
305	475
305	533
307	574
307	869
309	405
309	747
309	750
309	757
310	359
311	514
312	573
312	832
314	321
314	528
314	821
315	791
316	444
316	490
316	555
319	403
319	763
319	868
321	329
321	528
321	765
321	788
321	849
323	445
323	539
323	607
323	683
327	364
327	370
327	419
327	444
327	449
327	490
327	505
327	514
327	516
327	522
327	530
327	566
327	571
327	585
327	586
327	604
327	629
327	637
327	645
327	649
327	664
327	666
327	676
327	678
327	727
327	754
327	769
327	770
327	776
327	810
327	816
327	824
327	834
329	440
329	528
329	788
329	849
330	340
330	724
330	744
331	376
331	401
331	471
331	505
331	509
331	514
331	516
331	524
331	649
331	655
331	664
331	675
331	686
331	732
331	771
331	803
331	810
331	816
331	827
331	834
331	840
332	444
332	555
332	585
332	604
332	637
332	727
334	661
336	391
336	400
336	438
336	510
336	526
336	535
336	538
336	544
336	626
336	628
336	678
336	813
338	391
338	510
338	526
338	535
338	577
338	626
338	637
338	678
338	719
338	754
338	813
340	724
340	744
340	869
354	533
358	595
360	613
360	642
361	513
362	653
363	436
363	869
364	370
364	419
364	444
364	449
364	490
364	514
364	522
364	555
364	566
364	585
364	586
364	604
364	629
364	637
364	645
364	666
364	727
364	754
364	824
364	834
366	491
368	616
368	715
370	419
370	444
370	449
370	490
370	514
370	516
370	522
370	585
370	586
370	604
370	629
370	637
370	645
370	666
370	754
370	824
371	376
371	490
371	514
371	571
371	637
371	649
371	666
371	754
371	810
371	824
371	834
371	869
375	377
375	714
376	401
376	471
376	489
376	505
376	509
376	512
376	514
376	524
376	552
376	640
376	645
376	649
376	655
376	664
376	675
376	686
376	728
376	732
376	771
376	803
376	810
376	816
376	827
376	840
377	714
378	691
378	704
381	401
381	471
381	524
381	686
381	810
384	516
384	532
384	711
388	473
390	773
390	775
390	868
391	400
391	438
391	510
391	526
391	535
391	538
391	544
391	577
391	626
391	628
391	668
391	678
391	754
391	761
391	813
391	858
399	676
400	438
400	510
400	526
400	535
400	538
400	626
400	813
400	858
401	471
401	505
401	509
401	512
401	524
401	649
401	655
401	664
401	675
401	686
401	732
401	771
401	810
401	827
401	840
402	597
402	629
403	763
403	773
403	775
403	868
405	410
405	482
405	747
405	750
405	757
410	621
410	647
414	492
419	444
419	449
419	490
419	514
419	516
419	522
419	538
419	566
419	585
419	586
419	593
419	604
419	629
419	637
419	645
419	649
419	666
419	678
419	728
419	732
419	737
419	754
419	770
419	771
419	816
419	824
419	834
436	627
438	510
438	526
438	535
438	538
438	544
438	577
438	626
438	628
438	678
438	813
438	858
440	528
440	788
440	849
444	449
444	490
444	514
444	516
444	522
444	530
444	555
444	566
444	585
444	586
444	604
444	629
444	637
444	645
444	666
444	709
444	727
444	754
444	770
444	776
444	824
444	834
445	539
445	607
445	683
447	460
447	804
448	595
449	450
449	490
449	514
449	516
449	522
449	530
449	532
449	538
449	566
449	585
449	586
449	591
449	604
449	627
449	637
449	641
449	645
449	666
449	754
449	770
449	806
449	816
449	818
449	824
450	490
450	629
450	754
450	852
459	773
459	775
459	868
460	804
471	505
471	509
471	514
471	575
471	649
471	655
471	664
471	675
471	686
471	732
471	771
471	810
471	816
471	824
471	827
471	834
471	840
473	553
473	586
475	524
475	614
480	791
481	547
482	747
482	750
485	497
485	682
485	772
485	775
485	868
485	870
489	505
489	509
489	514
489	516
489	552
489	649
489	655
489	664
489	732
489	771
489	810
489	816
489	827
490	514
490	516
490	522
490	555
490	566
490	575
490	585
490	586
490	591
490	604
490	629
490	637
490	645
490	666
490	678
490	709
490	727
490	754
490	824
490	834
496	562
496	570
496	612
496	616
497	682
497	772
497	773
497	775
497	868
497	870
498	782
503	606
505	509
505	514
505	516
505	552
505	649
505	655
505	664
505	675
505	732
505	754
505	771
505	810
505	816
505	824
505	840
508	600
508	701
508	862
509	512
509	514
509	524
509	552
509	640
509	649
509	655
509	664
509	675
509	732
509	771
509	803
509	810
509	816
509	824
509	827
509	840
510	526
510	535
510	538
510	544
510	577
510	626
510	678
510	813
510	858
512	645
512	649
512	655
512	664
512	732
512	771
512	803
512	810
512	827
513	528
513	851
514	516
514	522
514	585
514	586
514	604
514	629
514	637
514	645
514	649
514	655
514	664
514	666
514	676
514	678
514	728
514	732
514	737
514	754
514	771
514	803
514	810
514	816
514	824
514	827
514	834
514	840
516	522
516	555
516	566
516	586
516	604
516	637
516	640
516	645
516	649
516	655
516	666
516	678
516	727
516	728
516	732
516	737
516	754
516	770
516	771
516	810
516	816
516	824
517	547
521	563
521	810
522	530
522	533
522	555
522	566
522	585
522	586
522	604
522	629
522	637
522	645
522	666
522	676
522	678
522	754
522	776
522	824
522	834
524	533
524	614
524	655
524	686
524	763
524	810
526	535
526	538
526	544
526	577
526	626
526	628
526	678
526	761
526	813
526	838
526	856
526	858
528	765
528	788
528	849
530	586
530	604
530	645
530	666
530	676
530	754
530	824
530	834
532	538
532	640
532	649
532	653
532	711
533	614
533	763
535	538
535	544
535	577
535	626
535	628
535	678
535	754
535	761
535	789
535	813
535	858
538	544
538	577
538	586
538	626
538	628
538	640
538	649
538	668
538	678
538	754
538	789
538	813
538	858
539	607
539	683
544	577
544	626
544	628
544	668
544	678
544	813
544	858
547	816
552	649
552	655
552	664
552	732
552	771
552	803
552	810
552	827
553	586
554	566
555	585
555	586
555	604
555	637
555	645
555	666
555	709
555	727
562	570
562	612
562	616
563	810
563	834
566	585
566	586
566	604
566	637
566	645
566	666
566	678
566	834
569	800
569	821
570	612
570	616
571	593
571	627
571	637
571	689
571	754
571	834
574	869
575	585
576	750
577	626
577	678
577	813
577	858
585	586
585	604
585	637
585	645
585	666
585	727
585	754
585	824
586	604
586	629
586	637
586	645
586	649
586	666
586	678
586	727
586	728
586	754
586	816
586	824
586	834
591	754
591	770
593	754
597	824
600	701
600	862
604	629
604	637
604	645
604	649
604	655
604	664
604	666
604	676
604	727
604	728
604	737
604	754
604	770
604	776
604	810
604	824
604	834
607	683
608	841
611	614
612	616
613	642
614	763
616	715
621	647
626	628
626	668
626	678
626	754
626	761
626	813
626	838
626	858
627	754
627	869
628	640
628	668
628	678
628	722
628	754
628	813
628	858
629	637
629	645
629	666
629	754
629	770
629	824
629	834
631	770
631	806
631	844
637	645
637	666
637	678
637	709
637	727
637	754
637	824
639	642
639	835
640	649
640	664
640	678
640	728
640	732
640	771
640	813
642	835
645	649
645	655
645	666
645	709
645	727
645	728
645	732
645	754
645	770
645	771
645	776
645	810
645	816
645	824
645	834
649	655
649	664
649	666
649	675
649	678
649	711
649	728
649	732
649	737
649	754
649	771
649	803
649	810
649	816
649	824
649	827
649	840
655	664
655	675
655	686
655	728
655	732
655	771
655	803
655	810
655	816
655	827
655	834
655	840
662	807
664	675
664	728
664	732
664	771
664	803
664	810
664	816
664	824
664	827
664	840
666	727
666	737
666	754
666	770
666	824
666	834
666	852
668	813
668	858
675	686
675	732
675	771
675	810
675	827
675	840
678	754
678	789
678	806
678	813
678	824
678	858
682	772
682	773
682	775
682	868
682	870
686	810
686	840
689	761
689	825
689	838
691	704
697	725
701	862
707	735
707	760
707	774
724	744
727	754
728	732
728	771
728	803
728	816
728	824
731	857
732	771
732	803
732	810
732	816
732	824
732	827
735	760
735	774
737	771
737	824
747	750
750	757
754	789
754	806
754	813
754	816
754	824
754	834
761	813
761	838
763	773
763	775
763	868
770	806
770	834
770	844
771	803
771	810
771	816
771	827
771	840
772	773
772	775
772	868
772	870
773	775
773	868
773	870
775	868
775	870
788	849
789	813
789	858
803	810
803	824
803	827
810	816
810	824
810	827
810	834
810	840
810	852
813	838
813	858
816	824
816	827
816	834
816	840
816	852
824	827
825	838
827	840
834	840
849	851
868	870
363	2
481	2
547	2
22	6
378	6
691	6
704	6
98	8
112	8
145	8
194	8
195	8
206	8
281	8
449	8
514	8
631	8
824	8
844	8
601	9
569	12
327	16
402	16
597	16
645	16
754	16
824	16
597	17
37	19
64	19
87	19
98	19
142	19
181	19
197	19
336	19
338	19
391	19
400	19
438	19
510	19
526	19
535	19
538	19
544	19
571	19
577	19
626	19
628	19
640	19
678	19
722	19
754	19
761	19
803	19
813	19
838	19
858	19
62	20
378	22
691	22
704	22
38	24
116	24
242	24
321	24
329	24
440	24
528	24
788	24
849	24
185	32
289	32
649	32
810	32
305	35
481	35
64	37
83	37
98	37
108	37
113	37
134	37
142	37
194	37
201	37
230	37
274	37
281	37
327	37
364	37
370	37
419	37
444	37
449	37
490	37
514	37
516	37
522	37
555	37
566	37
571	37
585	37
586	37
604	37
637	37
640	37
645	37
649	37
666	37
678	37
711	37
719	37
754	37
770	37
806	37
816	37
824	37
102	38
116	38
242	38
314	38
321	38
329	38
440	38
513	38
528	38
765	38
788	38
849	38
508	39
600	39
701	39
862	39
707	45
735	45
760	45
774	45
112	46
315	49
480	49
98	51
140	51
206	51
281	51
327	51
376	51
509	51
514	51
516	51
604	51
640	51
649	51
655	51
664	51
728	51
803	51
816	51
824	51
827	51
834	51
122	54
139	54
154	54
280	54
319	54
403	54
459	54
485	54
497	54
682	54
763	54
772	54
773	54
775	54
868	54
870	54
557	56
473	57
83	59
112	59
113	59
194	59
201	59
230	59
265	59
271	59
274	59
293	59
299	59
327	59
364	59
370	59
444	59
490	59
555	59
585	59
586	59
604	59
637	59
645	59
666	59
608	60
841	60
98	64
108	64
142	64
197	64
338	64
391	64
535	64
626	64
628	64
678	64
689	64
754	64
825	64
838	64
147	68
396	68
289	76
489	76
509	76
649	76
655	76
664	76
675	76
810	76
827	76
217	79
86	80
178	80
496	80
562	80
570	80
612	80
616	80
98	83
112	83
113	83
142	83
194	83
201	83
230	83
274	83
275	83
281	83
293	83
299	83
327	83
364	83
370	83
419	83
444	83
449	83
450	83
490	83
514	83
516	83
522	83
530	83
555	83
566	83
585	83
586	83
604	83
629	83
637	83
645	83
666	83
678	83
709	83
754	83
770	83
776	83
834	83
178	86
496	86
562	86
570	86
612	86
616	86
98	87
142	87
181	87
197	87
336	87
391	87
400	87
438	87
510	87
526	87
535	87
538	87
544	87
577	87
626	87
628	87
668	87
678	87
761	87
813	87
838	87
858	87
832	88
147	91
238	91
401	91
471	91
521	91
524	91
563	91
686	91
810	91
840	91
832	95
112	98
113	98
140	98
142	98
181	98
197	98
206	98
274	98
292	98
327	98
336	98
338	98
391	98
419	98
438	98
449	98
509	98
510	98
514	98
516	98
522	98
526	98
532	98
535	98
538	98
544	98
577	98
626	98
628	98
640	98
649	98
664	98
666	98
678	98
711	98
732	98
754	98
771	98
789	98
813	98
816	98
824	98
858	98
435	101
528	102
267	105
437	105
850	106
142	108
230	108
324	108
689	108
754	108
825	108
838	108
113	112
134	112
142	112
194	112
201	112
218	112
230	112
265	112
271	112
274	112
275	112
281	112
299	112
327	112
331	112
364	112
370	112
371	112
402	112
419	112
444	112
449	112
450	112
489	112
490	112
514	112
516	112
522	112
555	112
566	112
585	112
586	112
604	112
629	112
637	112
645	112
649	112
666	112
675	112
728	112
732	112
737	112
754	112
776	112
810	112
824	112
834	112
142	113
194	113
201	113
230	113
240	113
265	113
274	113
275	113
281	113
292	113
293	113
299	113
316	113
327	113
332	113
364	113
370	113
419	113
444	113
449	113
490	113
514	113
516	113
522	113
555	113
566	113
585	113
586	113
604	113
629	113
637	113
641	113
645	113
666	113
727	113
754	113
770	113
806	113
816	113
834	113
656	114
321	116
329	116
528	116
788	116
849	116
330	119
340	119
724	119
744	119
869	119
129	121
276	122
280	122
319	122
403	122
763	122
773	122
775	122
868	122
305	123
475	123
785	123
384	131
532	131
653	131
461	133
194	134
201	134
206	134
230	134
299	134
327	134
370	134
419	134
444	134
490	134
505	134
514	134
516	134
566	134
585	134
586	134
604	134
637	134
645	134
649	134
664	134
666	134
728	134
737	134
754	134
824	134
485	139
497	139
682	139
772	139
775	139
870	139
144	140
206	140
250	140
281	140
289	140
331	140
376	140
419	140
489	140
505	140
509	140
512	140
514	140
516	140
552	140
640	140
649	140
655	140
664	140
728	140
732	140
771	140
803	140
810	140
816	140
827	140
650	141
194	142
197	142
201	142
230	142
271	142
274	142
292	142
299	142
327	142
338	142
364	142
391	142
419	142
444	142
449	142
450	142
490	142
510	142
514	142
516	142
522	142
526	142
535	142
538	142
549	142
555	142
571	142
585	142
586	142
593	142
604	142
626	142
627	142
628	142
629	142
637	142
641	142
645	142
666	142
678	142
689	142
711	142
727	142
754	142
761	142
789	142
806	142
813	142
816	142
824	142
834	142
838	142
869	142
688	143
206	144
250	144
289	144
327	144
376	144
471	144
505	144
509	144
512	144
649	144
655	144
664	144
732	144
771	144
827	144
840	144
631	145
754	145
844	145
238	147
274	147
331	147
376	147
401	147
471	147
505	147
514	147
524	147
655	147
675	147
686	147
810	147
827	147
834	147
840	147
787	150
459	154
773	154
868	154
567	157
498	162
782	162
314	165
321	165
528	165
821	165
237	167
706	167
216	169
447	169
460	169
567	169
804	169
486	173
658	174
496	178
562	178
570	178
612	178
616	178
191	181
197	181
219	181
336	181
391	181
400	181
438	181
510	181
526	181
535	181
538	181
544	181
577	181
626	181
628	181
668	181
678	181
761	181
813	181
838	181
858	181
219	191
336	191
400	191
438	191
626	191
813	191
201	194
274	194
281	194
293	194
299	194
327	194
364	194
370	194
371	194
419	194
444	194
449	194
490	194
514	194
522	194
530	194
566	194
585	194
586	194
604	194
637	194
645	194
666	194
754	194
816	194
834	194
631	195
770	195
844	195
336	197
338	197
391	197
400	197
438	197
510	197
526	197
535	197
538	197
544	197
577	197
626	197
628	197
668	197
678	197
754	197
761	197
813	197
838	197
858	197
388	200
473	200
206	201
230	201
265	201
271	201
274	201
275	201
281	201
299	201
327	201
364	201
370	201
419	201
444	201
449	201
490	201
505	201
514	201
516	201
522	201
530	201
555	201
575	201
585	201
586	201
604	201
629	201
637	201
645	201
649	201
664	201
666	201
675	201
676	201
727	201
732	201
754	201
810	201
824	201
827	201
834	201
503	202
606	202
378	203
691	203
742	205
250	206
274	206
281	206
289	206
376	206
419	206
471	206
505	206
509	206
512	206
514	206
516	206
532	206
538	206
552	206
604	206
640	206
645	206
649	206
655	206
664	206
675	206
732	206
771	206
803	206
810	206
816	206
824	206
827	206
840	206
533	207
743	212
236	214
614	214
447	216
460	216
567	216
804	216
274	218
371	218
834	218
852	218
336	219
400	219
626	219
813	219
265	230
271	230
274	230
281	230
299	230
327	230
332	230
364	230
370	230
419	230
444	230
449	230
490	230
514	230
516	230
522	230
530	230
555	230
566	230
585	230
586	230
604	230
629	230
637	230
645	230
666	230
727	230
754	230
776	230
824	230
834	230
408	231
305	236
569	236
585	236
706	237
401	238
471	238
505	238
521	238
563	238
649	238
655	238
675	238
810	238
840	238
338	239
530	240
581	240
637	240
440	242
290	243
360	243
511	244
272	247
405	247
747	247
750	247
278	248
292	248
289	250
331	250
376	250
401	250
471	250
489	250
509	250
512	250
649	250
655	250
664	250
675	250
732	250
771	250
810	250
816	250
827	250
840	250
368	258
616	258
715	258
303	260
333	260
305	261
475	261
533	261
271	265
275	265
304	265
327	265
332	265
444	265
516	265
555	265
586	265
637	265
645	265
727	265
364	271
444	271
555	271
586	271
604	271
637	271
645	271
709	271
727	271
309	272
405	272
747	272
750	272
757	272
275	274
281	274
299	274
316	274
327	274
331	274
364	274
370	274
371	274
376	274
419	274
444	274
449	274
490	274
514	274
516	274
522	274
530	274
555	274
563	274
571	274
585	274
586	274
604	274
629	274
637	274
645	274
655	274
666	274
675	274
678	274
732	274
754	274
770	274
810	274
834	274
840	274
281	275
327	275
332	275
370	275
444	275
490	275
522	275
567	275
585	275
604	275
637	275
645	275
666	275
834	275
280	276
403	276
763	276
449	278
532	278
319	280
403	280
763	280
773	280
775	280
868	280
289	281
299	281
327	281
331	281
364	281
370	281
419	281
444	281
449	281
490	281
505	281
514	281
516	281
522	281
585	281
586	281
597	281
604	281
629	281
637	281
645	281
649	281
666	281
678	281
728	281
737	281
754	281
771	281
810	281
824	281
834	281
584	284
331	289
376	289
401	289
471	289
489	289
509	289
512	289
552	289
649	289
655	289
664	289
675	289
732	289
771	289
803	289
810	289
816	289
827	289
840	289
360	290
375	290
613	290
639	290
642	290
835	290
341	292
449	292
513	292
538	292
628	292
678	292
693	292
754	292
789	292
816	292
851	292
327	293
364	293
444	293
490	293
585	293
604	293
645	293
727	293
327	299
364	299
370	299
419	299
444	299
449	299
471	299
490	299
514	299
516	299
566	299
575	299
586	299
604	299
637	299
645	299
649	299
666	299
727	299
754	299
810	299
816	299
824	299
834	299
840	299
333	303
475	305
533	305
574	307
869	307
405	309
747	309
750	309
757	309
359	310
514	311
573	312
832	312
321	314
528	314
821	314
791	315
444	316
490	316
555	316
403	319
763	319
868	319
329	321
528	321
765	321
788	321
849	321
445	323
539	323
607	323
683	323
364	327
370	327
419	327
444	327
449	327
490	327
505	327
514	327
516	327
522	327
530	327
566	327
571	327
585	327
586	327
604	327
629	327
637	327
645	327
649	327
664	327
666	327
676	327
678	327
727	327
754	327
769	327
770	327
776	327
810	327
816	327
824	327
834	327
440	329
528	329
788	329
849	329
340	330
724	330
744	330
376	331
401	331
471	331
505	331
509	331
514	331
516	331
524	331
649	331
655	331
664	331
675	331
686	331
732	331
771	331
803	331
810	331
816	331
827	331
834	331
840	331
444	332
555	332
585	332
604	332
637	332
727	332
661	334
391	336
400	336
438	336
510	336
526	336
535	336
538	336
544	336
626	336
628	336
678	336
813	336
391	338
510	338
526	338
535	338
577	338
626	338
637	338
678	338
719	338
754	338
813	338
724	340
744	340
869	340
533	354
595	358
613	360
642	360
513	361
653	362
436	363
869	363
370	364
419	364
444	364
449	364
490	364
514	364
522	364
555	364
566	364
585	364
586	364
604	364
629	364
637	364
645	364
666	364
727	364
754	364
824	364
834	364
491	366
616	368
715	368
419	370
444	370
449	370
490	370
514	370
516	370
522	370
585	370
586	370
604	370
629	370
637	370
645	370
666	370
754	370
824	370
376	371
490	371
514	371
571	371
637	371
649	371
666	371
754	371
810	371
824	371
834	371
869	371
377	375
714	375
401	376
471	376
489	376
505	376
509	376
512	376
514	376
524	376
552	376
640	376
645	376
649	376
655	376
664	376
675	376
686	376
728	376
732	376
771	376
803	376
810	376
816	376
827	376
840	376
714	377
691	378
704	378
401	381
471	381
524	381
686	381
810	381
516	384
532	384
711	384
473	388
773	390
775	390
868	390
400	391
438	391
510	391
526	391
535	391
538	391
544	391
577	391
626	391
628	391
668	391
678	391
754	391
761	391
813	391
858	391
676	399
438	400
510	400
526	400
535	400
538	400
626	400
813	400
858	400
471	401
505	401
509	401
512	401
524	401
649	401
655	401
664	401
675	401
686	401
732	401
771	401
810	401
827	401
840	401
597	402
629	402
763	403
773	403
775	403
868	403
410	405
482	405
747	405
750	405
757	405
621	410
647	410
492	414
444	419
449	419
490	419
514	419
516	419
522	419
538	419
566	419
585	419
586	419
593	419
604	419
629	419
637	419
645	419
649	419
666	419
678	419
728	419
732	419
737	419
754	419
770	419
771	419
816	419
824	419
834	419
627	436
510	438
526	438
535	438
538	438
544	438
577	438
626	438
628	438
678	438
813	438
858	438
528	440
788	440
849	440
449	444
490	444
514	444
516	444
522	444
530	444
555	444
566	444
585	444
586	444
604	444
629	444
637	444
645	444
666	444
709	444
727	444
754	444
770	444
776	444
824	444
834	444
539	445
607	445
683	445
460	447
804	447
595	448
450	449
490	449
514	449
516	449
522	449
530	449
532	449
538	449
566	449
585	449
586	449
591	449
604	449
627	449
637	449
641	449
645	449
666	449
754	449
770	449
806	449
816	449
818	449
824	449
490	450
629	450
754	450
852	450
773	459
775	459
868	459
804	460
505	471
509	471
514	471
575	471
649	471
655	471
664	471
675	471
686	471
732	471
771	471
810	471
816	471
824	471
827	471
834	471
840	471
553	473
586	473
524	475
614	475
791	480
547	481
747	482
750	482
497	485
682	485
772	485
775	485
868	485
870	485
505	489
509	489
514	489
516	489
552	489
649	489
655	489
664	489
732	489
771	489
810	489
816	489
827	489
514	490
516	490
522	490
555	490
566	490
575	490
585	490
586	490
591	490
604	490
629	490
637	490
645	490
666	490
678	490
709	490
727	490
754	490
824	490
834	490
562	496
570	496
612	496
616	496
682	497
772	497
773	497
775	497
868	497
870	497
782	498
606	503
509	505
514	505
516	505
552	505
649	505
655	505
664	505
675	505
732	505
754	505
771	505
810	505
816	505
824	505
840	505
600	508
701	508
862	508
512	509
514	509
524	509
552	509
640	509
649	509
655	509
664	509
675	509
732	509
771	509
803	509
810	509
816	509
824	509
827	509
840	509
526	510
535	510
538	510
544	510
577	510
626	510
678	510
813	510
858	510
645	512
649	512
655	512
664	512
732	512
771	512
803	512
810	512
827	512
528	513
851	513
516	514
522	514
585	514
586	514
604	514
629	514
637	514
645	514
649	514
655	514
664	514
666	514
676	514
678	514
728	514
732	514
737	514
754	514
771	514
803	514
810	514
816	514
824	514
827	514
834	514
840	514
522	516
555	516
566	516
586	516
604	516
637	516
640	516
645	516
649	516
655	516
666	516
678	516
727	516
728	516
732	516
737	516
754	516
770	516
771	516
810	516
816	516
824	516
547	517
563	521
810	521
530	522
533	522
555	522
566	522
585	522
586	522
604	522
629	522
637	522
645	522
666	522
676	522
678	522
754	522
776	522
824	522
834	522
533	524
614	524
655	524
686	524
763	524
810	524
535	526
538	526
544	526
577	526
626	526
628	526
678	526
761	526
813	526
838	526
856	526
858	526
765	528
788	528
849	528
586	530
604	530
645	530
666	530
676	530
754	530
824	530
834	530
538	532
640	532
649	532
653	532
711	532
614	533
763	533
538	535
544	535
577	535
626	535
628	535
678	535
754	535
761	535
789	535
813	535
858	535
544	538
577	538
586	538
626	538
628	538
640	538
649	538
668	538
678	538
754	538
789	538
813	538
858	538
607	539
683	539
577	544
626	544
628	544
668	544
678	544
813	544
858	544
816	547
649	552
655	552
664	552
732	552
771	552
803	552
810	552
827	552
586	553
566	554
585	555
586	555
604	555
637	555
645	555
666	555
709	555
727	555
570	562
612	562
616	562
810	563
834	563
585	566
586	566
604	566
637	566
645	566
666	566
678	566
834	566
800	569
821	569
612	570
616	570
593	571
627	571
637	571
689	571
754	571
834	571
869	574
585	575
750	576
626	577
678	577
813	577
858	577
586	585
604	585
637	585
645	585
666	585
727	585
754	585
824	585
604	586
629	586
637	586
645	586
649	586
666	586
678	586
727	586
728	586
754	586
816	586
824	586
834	586
754	591
770	591
754	593
824	597
701	600
862	600
629	604
637	604
645	604
649	604
655	604
664	604
666	604
676	604
727	604
728	604
737	604
754	604
770	604
776	604
810	604
824	604
834	604
683	607
841	608
614	611
616	612
642	613
763	614
715	616
647	621
628	626
668	626
678	626
754	626
761	626
813	626
838	626
858	626
754	627
869	627
640	628
668	628
678	628
722	628
754	628
813	628
858	628
637	629
645	629
666	629
754	629
770	629
824	629
834	629
770	631
806	631
844	631
645	637
666	637
678	637
709	637
727	637
754	637
824	637
642	639
835	639
649	640
664	640
678	640
728	640
732	640
771	640
813	640
835	642
649	645
655	645
666	645
709	645
727	645
728	645
732	645
754	645
770	645
771	645
776	645
810	645
816	645
824	645
834	645
655	649
664	649
666	649
675	649
678	649
711	649
728	649
732	649
737	649
754	649
771	649
803	649
810	649
816	649
824	649
827	649
840	649
664	655
675	655
686	655
728	655
732	655
771	655
803	655
810	655
816	655
827	655
834	655
840	655
807	662
675	664
728	664
732	664
771	664
803	664
810	664
816	664
824	664
827	664
840	664
727	666
737	666
754	666
770	666
824	666
834	666
852	666
813	668
858	668
686	675
732	675
771	675
810	675
827	675
840	675
754	678
789	678
806	678
813	678
824	678
858	678
772	682
773	682
775	682
868	682
870	682
810	686
840	686
761	689
825	689
838	689
704	691
725	697
862	701
735	707
760	707
774	707
744	724
754	727
732	728
771	728
803	728
816	728
824	728
857	731
771	732
803	732
810	732
816	732
824	732
827	732
760	735
774	735
771	737
824	737
750	747
757	750
789	754
806	754
813	754
816	754
824	754
834	754
813	761
838	761
773	763
775	763
868	763
806	770
834	770
844	770
803	771
810	771
816	771
827	771
840	771
773	772
775	772
868	772
870	772
775	773
868	773
870	773
868	775
870	775
849	788
813	789
858	789
810	803
824	803
827	803
816	810
824	810
827	810
834	810
840	810
852	810
838	813
858	813
824	816
827	816
834	816
840	816
852	816
827	824
838	825
840	827
840	834
851	849
870	868
