0	3319
8	448
8	1553
8	3280
11	134
11	381
11	436
11	637
11	932
11	1288
11	1501
11	1874
11	2157
11	2753
11	2986
14	991
14	1482
16	479
16	637
16	740
16	764
16	767
16	1130
16	1261
16	1343
16	1388
16	1571
16	2642
16	3014
16	3191
16	3356
17	2499
23	764
23	1062
23	3243
27	126
27	196
27	479
27	653
27	971
27	1298
27	1656
27	1878
27	2310
27	3321
31	1045
33	1862
33	3319
38	54
38	1530
38	1862
38	1894
38	2026
38	2753
38	2804
38	3104
38	3138
48	1045
49	396
49	585
49	618
49	1050
49	1510
49	2125
49	2357
49	2775
49	2881
50	1271
54	180
54	354
54	1421
54	3104
61	256
61	1197
61	2920
66	1640
66	2340
69	1097
69	2305
69	2470
72	458
76	1166
77	1198
77	1388
77	2084
79	1311
80	906
80	2737
83	562
83	897
83	1065
83	1075
83	1289
83	1630
83	2573
83	2836
83	2986
83	3319
86	1462
86	2111
86	2313
86	3372
98	224
98	2700
101	1829
103	910
103	2862
113	598
113	1204
113	1862
113	2680
115	708
115	723
115	2070
115	2084
115	2205
117	562
120	764
120	767
120	1862
122	134
123	767
123	1289
124	1732
133	1261
134	460
134	560
134	637
134	639
134	979
134	1126
134	2063
134	2261
134	2357
134	2555
134	2593
134	2594
134	2676
134	2775
134	2818
134	2831
134	2853
134	2995
134	3035
134	3108
134	3291
135	700
135	2095
135	2204
135	2264
135	2347
135	2458
135	3128
137	323
137	1920
137	2151
142	562
148	753
149	1354
149	2499
150	1045
151	1753
151	2305
164	2499
164	3247
166	448
181	2895
182	432
182	1559
182	3187
184	766
185	196
185	512
185	968
185	2303
187	1421
187	2915
189	1197
189	1522
189	1566
189	2476
193	985
193	2066
193	2305
193	2895
196	512
196	687
196	1848
196	2210
196	2470
196	2988
196	3364
199	774
199	2458
199	3114
209	2874
209	2904
219	2331
219	2655
223	1794
223	3227
224	606
224	637
224	764
224	1257
224	1571
224	1783
224	2051
224	2610
224	2794
224	3191
225	946
225	2100
225	3330
229	2721
231	1130
231	1347
231	1932
231	2499
231	3063
231	3078
231	3119
235	897
235	949
235	1007
235	1075
235	1289
235	1303
235	1630
235	1998
235	2172
235	2387
235	2573
235	2836
235	2986
244	950
244	1197
244	1271
244	1303
244	2096
244	2461
244	2714
244	3006
248	2295
249	276
249	615
249	639
249	764
249	770
249	797
249	985
249	1356
249	2089
249	2397
249	2894
249	3138
250	871
251	896
253	691
253	725
253	765
253	1829
253	3287
255	413
256	764
256	2920
259	524
259	2618
259	3319
262	1182
262	2232
262	2986
265	767
265	2347
267	402
267	604
267	871
267	1296
267	1415
267	1547
267	1783
267	1784
267	1849
267	2551
267	2668
267	2794
267	2978
267	3014
268	950
268	2802
271	2305
272	1271
272	1791
276	2282
278	402
278	603
278	744
278	764
278	1378
278	1763
278	1783
278	1800
278	2499
278	2762
278	2795
278	3175
278	3247
283	808
283	2066
285	1318
291	464
292	3223
294	2353
296	485
296	764
296	767
296	2301
296	2357
296	2383
296	2476
296	3116
297	562
306	1324
306	2125
308	615
308	639
308	770
308	797
308	2894
308	2912
310	452
310	518
310	585
310	707
310	767
310	1197
310	1656
310	2322
310	2499
315	807
317	740
317	2559
318	1386
318	2261
318	3108
318	3359
322	1197
322	2229
323	1011
323	2095
323	3144
324	985
326	2233
330	2063
330	2763
333	829
335	1411
342	464
342	2565
343	710
344	479
344	753
344	1411
345	525
345	1343
345	1433
345	2070
345	2620
345	3116
348	562
349	562
351	479
351	2844
353	456
353	896
353	1139
353	1916
353	2826
353	2877
353	2942
355	708
355	2519
355	2663
364	1805
366	1907
370	971
370	2793
371	949
371	2986
371	3319
373	767
373	2817
375	797
375	1356
375	2912
376	464
381	604
381	753
381	1011
381	2753
387	2495
388	1271
388	2096
388	2714
390	479
390	753
390	771
390	871
390	1067
390	1097
390	1411
390	1925
390	2503
390	2554
390	2965
392	479
392	1256
392	3286
394	1753
395	560
396	606
396	764
396	991
396	1360
396	1512
396	1874
396	2995
396	3191
396	3293
397	3359
399	2499
402	871
402	1783
403	712
403	753
403	1067
403	1271
413	985
413	1984
413	2113
422	1356
426	1271
427	2495
427	2565
429	764
429	1261
429	1533
429	2281
432	896
432	1213
432	1559
432	1674
432	3035
434	1981
436	1753
436	2255
438	2018
438	2264
438	2942
448	799
448	991
448	1384
452	458
452	707
452	740
452	767
452	1343
452	3191
455	1045
456	896
456	1047
456	2826
456	2942
458	474
458	707
458	1312
458	1709
458	2322
458	2656
458	2817
458	2982
458	3368
459	2752
460	1916
463	767
464	512
464	712
464	734
464	968
464	1271
464	1502
464	1510
464	2261
464	2268
464	2354
464	2594
468	562
468	2965
469	637
469	753
469	912
469	1210
469	2116
469	2205
469	2499
469	3089
469	3106
469	3191
471	1543
474	708
474	985
474	1312
474	1709
474	1758
474	2322
474	2817
474	2982
474	3157
474	3368
477	1981
478	764
478	1433
478	1447
478	2752
478	3129
478	3234
479	512
479	563
479	753
479	771
479	1067
479	1097
479	1340
479	1411
479	1553
479	1667
479	1925
479	2056
479	2502
479	2503
479	2554
479	2753
479	2878
479	2965
482	1139
482	1816
482	1864
486	914
491	871
492	2271
493	1139
493	2877
496	1130
496	2988
499	1862
501	770
502	2353
504	2310
512	562
512	610
512	691
512	981
512	1045
512	1139
512	1271
512	1441
512	1592
512	1601
512	2101
512	2204
512	2391
512	2394
512	2499
512	2555
512	2565
512	2594
512	2826
512	2883
512	3062
512	3319
518	1789
518	2183
518	2700
525	549
525	637
525	1130
525	1261
525	3116
533	2986
535	657
535	1105
541	2295
544	813
544	908
544	971
544	985
544	2582
544	2793
544	2836
549	715
549	1104
560	767
562	585
562	611
562	639
562	669
562	670
562	800
562	1065
562	1170
562	1186
562	1370
562	1533
562	1587
562	1665
562	1810
562	1874
562	1894
562	2051
562	2253
562	2325
562	2573
562	2591
562	2849
562	2884
562	2903
562	3077
562	3261
562	3282
562	3338
563	978
563	3014
568	873
568	1745
568	1862
568	2999
571	783
571	1991
571	1999
571	2026
571	2373
571	2542
571	2940
571	2978
585	667
585	764
585	823
585	832
585	888
585	908
585	971
585	1011
585	1029
585	1046
585	1268
585	1484
585	1610
585	2021
585	2134
585	2156
585	2207
585	2229
585	2250
585	2416
585	2499
585	2554
585	2560
585	2738
585	2793
585	2802
585	2853
585	2988
585	3046
585	3108
585	3257
585	3289
585	3356
590	1271
594	979
598	1204
598	2115
603	744
603	1480
603	3175
603	3289
604	1218
604	2499
605	720
605	2953
606	767
606	871
606	1045
606	1050
606	1681
606	2137
606	2232
606	2242
606	2303
606	2367
606	2454
606	2470
606	3119
607	2752
608	1271
609	2082
609	2600
609	2763
610	764
610	2353
610	2802
610	3005
610	3026
611	2748
612	1501
612	1807
612	2322
612	2759
612	3133
612	3138
615	639
615	770
615	797
615	1108
615	1286
615	2397
615	2894
615	3138
618	1016
618	1473
618	1583
618	2821
621	637
621	764
621	1858
621	3191
624	697
624	2565
625	2066
631	1387
631	1789
631	1866
631	2499
631	2719
631	3247
632	946
632	2499
636	672
637	639
637	705
637	723
637	764
637	871
637	896
637	906
637	914
637	950
637	991
637	1050
637	1343
637	1354
637	1370
637	1501
637	1533
637	1637
637	1902
637	1932
637	2066
637	2070
637	2305
637	2310
637	2343
637	2394
637	2408
637	2416
637	2594
637	2853
637	2894
637	2995
637	3138
637	3359
639	770
639	797
639	1108
639	1356
639	2894
639	2912
639	3138
639	3267
643	705
653	764
653	1298
653	1878
653	3321
655	3369
657	764
657	1105
657	1873
658	1763
665	2499
665	2554
667	1656
672	1205
672	1945
672	2116
672	2357
672	2581
673	939
691	897
691	1274
691	1829
692	854
692	1197
692	1566
692	2172
692	2476
700	774
700	872
700	1768
700	1807
700	2083
700	2331
700	2499
705	764
705	1303
705	2322
705	2348
705	2537
705	2804
705	3291
706	2826
707	740
707	767
707	1343
707	3191
708	896
708	2982
710	786
710	913
710	1392
710	1491
710	1599
710	1984
710	2070
710	2303
710	2565
710	3116
712	910
712	2194
712	2586
712	2594
712	2627
715	1802
715	1894
715	2392
715	3280
720	803
720	3274
720	3294
723	767
723	963
723	1139
723	1571
723	3356
725	910
725	1216
725	1829
725	3287
734	3063
740	900
740	991
740	992
740	1139
740	1268
740	1433
740	1758
740	1858
740	1864
740	2070
740	2853
740	3014
740	3049
740	3286
744	1378
744	3175
747	930
748	1879
753	771
753	871
753	963
753	1067
753	1097
753	1340
753	1390
753	1411
753	1925
753	2495
753	2503
753	2700
753	2960
753	2965
753	3286
763	2763
764	914
764	992
764	1011
764	1050
764	1139
764	1165
764	1170
764	1197
764	1392
764	1433
764	1496
764	1501
764	1608
764	1725
764	1791
764	1816
764	1850
764	1858
764	1902
764	2018
764	2041
764	2070
764	2151
764	2242
764	2244
764	2305
764	2310
764	2322
764	2353
764	2370
764	2383
764	2554
764	2606
764	2683
764	2726
764	2752
764	2757
764	2804
764	2834
764	2877
764	3003
764	3014
764	3108
764	3227
764	3286
764	3321
765	1829
765	3287
767	783
767	840
767	871
767	910
767	965
767	968
767	985
767	1023
767	1050
767	1119
767	1130
767	1172
767	1187
767	1261
767	1354
767	1391
767	1421
767	1471
767	1496
767	1530
767	1536
767	1601
767	1768
767	1819
767	1848
767	1862
767	1914
767	1915
767	1916
767	1983
767	2026
767	2041
767	2066
767	2082
767	2131
767	2183
767	2207
767	2220
767	2322
767	2327
767	2416
767	2443
767	2499
767	2554
767	2565
767	2601
767	2620
767	2627
767	2706
767	2821
767	2995
767	3001
767	3143
767	3227
767	3253
767	3356
768	1126
768	2808
768	3108
768	3362
769	2254
770	797
770	2894
770	3108
770	3138
771	871
771	1097
771	1340
771	1411
771	2965
774	989
778	2089
780	1283
783	1551
783	1772
783	2123
783	2514
785	1862
785	3171
786	813
786	968
786	991
786	1137
786	2286
786	3113
788	2101
795	1434
795	2096
795	3135
796	1638
796	2499
796	3247
797	1108
797	1356
797	2894
797	3138
800	1484
800	1862
800	2018
803	997
803	3274
803	3294
808	2066
813	908
813	968
813	991
813	1137
816	1062
823	1261
823	3046
823	3112
825	1862
825	2795
829	1800
835	2242
836	962
836	1100
836	1434
836	1656
836	1930
836	2093
836	2499
836	3001
836	3362
840	1575
840	2305
840	2363
840	2782
840	3319
840	3363
854	1076
854	1170
854	1522
854	1566
854	1599
871	950
871	965
871	991
871	1067
871	1075
871	1130
871	1257
871	1411
871	1783
871	1925
871	2051
871	2297
871	2610
871	2663
871	2791
871	2965
871	3165
871	3356
875	1922
881	2757
887	2642
888	897
888	1289
888	2836
896	990
896	1309
896	1322
896	2367
896	2470
896	2559
896	2771
896	2826
896	3210
896	3362
897	949
897	1065
897	1075
897	1289
897	1630
897	1681
897	1706
897	2221
897	2573
897	2836
897	2986
897	3319
900	3191
902	1592
903	2499
906	2364
906	3073
908	968
908	991
908	1137
910	1522
910	1566
910	1949
910	2305
910	2499
910	2821
913	1411
914	978
914	1139
914	1392
914	2559
914	2658
916	1411
925	3129
930	2210
939	1283
944	2721
944	3108
949	1065
949	1075
949	1289
949	2836
949	2986
949	3319
950	1130
950	2334
950	2455
950	3017
956	1916
963	2070
963	2752
965	1471
968	1137
968	1303
971	1035
971	1298
971	1949
971	2034
971	2443
971	2570
971	2712
971	2793
971	3026
972	2207
972	2949
974	1289
978	1170
978	2307
978	2546
985	1139
985	1303
985	1656
985	2144
985	2499
985	3119
985	3280
989	2255
990	1139
991	1024
991	1166
991	1283
991	1421
991	1753
991	1844
991	2282
991	2305
991	2559
991	3001
992	1533
992	2357
992	3108
996	3319
997	1421
997	3294
1001	2618
1007	1050
1011	1261
1011	1674
1011	2499
1011	2978
1019	1234
1023	1920
1023	2151
1023	2663
1023	3276
1024	2282
1029	1725
1032	1922
1035	1949
1037	2986
1042	2753
1045	2000
1045	2027
1045	2204
1045	2339
1045	2692
1045	2738
1045	2820
1046	3366
1047	1261
1047	1874
1048	2060
1050	1405
1050	1902
1050	2255
1050	2497
1050	2894
1050	2923
1056	1877
1058	1204
1058	2680
1062	1342
1062	1408
1062	1464
1062	1891
1065	1075
1065	1289
1065	1630
1065	2573
1065	2836
1065	2986
1065	3319
1067	1097
1067	1124
1067	1411
1067	1925
1067	2422
1067	2444
1067	2965
1070	1097
1075	1268
1075	1289
1075	1625
1075	1630
1075	2006
1075	2179
1075	2573
1075	2836
1075	2986
1075	3319
1076	2561
1076	2601
1083	1601
1088	2358
1097	1154
1097	1340
1097	1367
1097	1390
1097	1411
1097	1472
1097	1925
1097	2503
1097	2937
1097	2965
1097	3192
1100	1753
1101	2565
1105	1873
1105	2986
1108	1421
1108	2499
1108	2894
1108	3138
1113	2255
1113	2293
1113	2601
1116	1601
1119	3276
1126	1501
1126	3003
1126	3133
1130	1261
1130	1286
1130	1408
1130	1656
1130	1914
1130	1932
1130	2220
1130	2229
1130	2256
1130	2397
1130	2495
1130	2497
1130	2565
1130	2594
1130	2620
1130	2653
1130	2844
1130	2853
1130	2918
1130	3134
1130	3356
1130	3369
1136	1386
1139	1170
1139	1433
1139	1445
1139	1447
1139	1608
1139	2018
1139	2070
1139	2116
1139	2175
1139	2296
1139	2443
1139	2706
1139	2849
1139	2877
1139	2886
1139	3014
1139	3017
1150	2183
1164	3003
1166	2610
1166	2818
1169	1649
1170	1261
1170	1392
1170	1858
1170	1944
1170	2307
1170	3192
1175	1271
1182	1543
1182	2232
1187	1303
1187	2322
1197	1273
1197	1283
1197	1522
1197	1566
1197	2301
1197	2469
1197	2476
1197	2511
1197	2714
1203	2204
1204	1621
1204	2680
1205	2018
1205	2204
1205	2821
1206	1268
1206	1864
1206	1916
1206	2458
1213	1674
1213	1791
1213	2281
1213	3035
1216	3287
1219	2241
1219	2494
1225	2884
1225	3222
1225	3282
1231	1573
1231	1794
1233	2183
1248	1289
1250	2264
1251	2357
1251	3129
1254	2396
1256	1649
1256	2204
1256	2668
1261	1343
1261	1366
1261	1411
1261	1840
1261	1922
1261	2018
1261	2100
1261	2443
1261	2499
1261	2725
1261	2839
1261	2853
1261	2918
1261	3326
1265	1572
1268	1289
1268	2565
1271	1316
1271	2096
1271	2204
1271	2279
1271	2454
1271	2461
1271	2656
1271	2678
1271	2714
1271	2978
1271	3199
1283	1816
1283	1862
1283	2305
1283	2757
1283	3106
1283	3359
1286	1307
1286	2853
1288	1501
1288	3259
1289	1571
1289	1592
1289	1630
1289	2006
1289	2020
1289	2082
1289	2573
1289	2836
1289	2986
1289	3121
1289	3319
1290	1911
1290	2422
1298	1878
1298	3321
1300	3319
1303	1902
1309	1741
1309	2307
1309	2555
1309	3216
1311	1530
1311	2762
1311	2799
1312	2817
1318	2883
1324	2125
1335	2347
1340	1411
1340	1925
1340	2965
1343	2347
1344	1482
1349	1819
1352	2883
1354	1608
1354	1656
1354	2316
1354	2344
1354	3228
1356	2894
1356	2912
1356	3138
1370	1725
1370	1894
1370	1907
1370	3121
1370	3280
1374	2836
1378	2795
1378	3274
1385	2066
1385	2965
1386	1441
1387	1725
1387	3121
1387	3280
1388	1573
1388	1753
1388	2383
1388	2594
1388	2804
1390	2988
1392	1501
1392	1932
1392	2559
1392	2804
1396	2296
1408	3366
1408	3369
1411	1553
1411	1571
1411	1601
1411	1925
1411	2020
1411	2207
1411	2498
1411	2503
1411	2721
1411	2965
1411	3247
1414	2986
1415	2499
1415	3247
1421	1571
1421	1604
1421	2095
1421	2134
1421	2227
1421	2499
1421	2561
1421	3191
1421	3257
1433	1850
1433	2559
1433	2652
1433	3014
1433	3119
1441	1819
1441	2271
1441	2325
1441	2345
1441	2988
1445	1601
1445	2070
1446	3140
1447	1525
1462	3001
1473	1494
1473	2218
1478	2561
1478	3197
1479	3108
1482	2469
1482	3198
1483	2497
1484	2116
1491	2655
1493	2712
1494	1803
1501	2559
1501	2646
1501	3133
1522	1566
1522	2476
1530	1720
1530	2392
1530	3223
1533	2416
1533	2537
1533	2555
1533	2726
1533	2995
1533	3108
1533	3319
1543	1922
1543	3157
1547	1783
1547	2620
1553	2408
1553	2737
1553	2878
1554	2490
1566	2476
1566	3144
1571	2204
1571	2836
1571	3226
1574	2483
1581	2826
1583	1601
1591	2204
1592	1862
1592	2854
1592	3294
1596	2131
1596	3342
1599	1768
1599	1797
1601	1610
1601	1637
1601	2716
1601	2759
1601	3274
1604	2594
1605	2565
1618	2555
1619	1753
1619	2444
1623	2986
1628	3108
1630	2836
1630	2986
1630	3319
1637	1751
1637	2510
1637	3001
1638	2687
1649	2668
1656	1902
1656	1914
1656	1991
1656	2026
1656	2134
1656	2347
1656	2554
1656	2853
1657	2937
1662	2353
1662	2710
1662	3063
1663	2389
1663	2422
1665	2824
1667	2336
1667	2472
1674	1791
1674	2281
1674	2978
1674	3035
1674	3053
1706	2204
1709	2322
1709	2817
1720	3223
1721	3035
1725	2204
1725	3121
1725	3280
1732	2382
1732	2910
1733	3247
1746	1864
1747	3189
1753	2094
1753	2249
1753	2360
1753	2786
1753	2947
1755	2545
1758	2982
1768	1874
1783	1849
1783	2409
1784	2565
1791	2242
1791	3035
1791	3278
1796	2570
1803	1902
1806	1911
1807	1863
1807	1911
1807	1970
1807	3222
1816	3291
1829	2441
1829	3216
1829	3287
1832	2499
1840	2295
1848	2556
1848	2988
1848	3364
1852	2933
1858	2559
1858	2821
1862	2204
1862	2646
1862	2821
1862	3108
1862	3294
1863	2601
1864	2157
1864	2898
1864	3144
1864	3342
1867	2041
1868	2073
1874	1911
1874	2265
1874	2310
1874	2353
1874	3108
1876	2668
1876	3108
1877	2762
1877	2953
1878	3321
1879	2261
1879	2286
1894	2392
1894	3280
1895	2162
1902	2082
1902	2514
1907	2101
1907	2116
1907	2458
1907	2594
1907	3073
1911	2495
1915	2455
1916	2458
1920	2151
1920	3276
1922	2663
1922	2804
1922	2928
1922	3267
1925	2965
1927	3108
1932	2184
1932	3191
1949	2327
1949	2353
1959	2204
1965	2655
1981	2826
1983	2242
1999	2707
2000	2204
2005	2499
2018	2305
2018	2367
2018	2821
2024	2744
2026	2721
2051	2082
2051	2663
2051	3305
2053	3298
2054	2347
2063	2791
2066	2184
2066	2800
2066	2933
2066	2978
2070	2754
2070	3116
2070	3191
2073	3358
2084	2389
2089	2398
2089	2894
2095	2499
2096	2590
2096	2714
2096	3135
2097	2594
2097	2978
2100	2291
2100	3330
2116	2472
2116	3121
2118	2134
2118	2846
2118	3108
2120	2853
2123	2514
2123	3276
2131	2499
2131	3247
2131	3372
2134	2883
2141	3302
2146	2204
2151	3276
2158	2538
2158	2561
2158	2582
2172	2499
2183	2627
2204	2565
2204	2826
2204	2986
2205	2347
2205	3362
2207	2499
2207	2839
2210	2996
2218	2310
2218	2965
2219	2332
2229	2642
2242	2601
2242	2786
2242	3190
2244	2347
2247	2883
2247	3001
2250	3022
2254	2454
2255	3358
2260	2705
2281	2357
2281	3035
2286	2630
2295	3289
2296	3226
2305	2710
2305	3078
2305	3191
2305	3242
2305	3359
2306	2565
2307	2546
2307	2601
2312	2364
2312	2774
2313	2668
2322	2817
2322	2982
2330	2581
2332	2495
2332	2758
2332	2821
2333	2761
2333	3209
2334	2499
2339	2700
2347	2499
2347	2752
2347	2839
2347	3094
2347	3116
2347	3345
2348	3366
2348	3373
2353	2727
2353	3005
2353	3347
2357	2593
2357	2594
2357	2818
2357	3356
2364	2389
2364	2422
2373	2542
2374	3247
2392	3280
2392	3328
2394	2503
2394	2897
2394	3108
2409	2986
2422	2897
2422	2983
2424	2499
2443	2883
2454	3362
2455	2950
2458	2854
2458	2978
2470	3210
2487	3280
2490	3129
2492	2493
2494	2551
2497	2565
2497	2717
2497	3242
2499	2554
2499	2748
2499	2787
2499	2791
2499	2821
2499	3108
2499	3191
2499	3247
2499	3276
2499	3313
2499	3363
2514	2988
2528	2565
2534	2565
2551	2923
2559	3116
2559	3133
2561	2975
2561	3313
2565	2697
2565	2802
2565	2961
2572	2965
2573	2836
2573	2986
2573	3319
2581	2726
2582	2949
2593	2594
2593	3108
2594	2625
2594	3108
2601	2753
2601	2777
2601	3104
2618	3187
2620	2697
2624	2855
2625	2853
2646	3133
2663	3177
2680	3356
2700	3134
2712	3247
2737	3358
2742	2752
2752	3271
2752	3328
2753	3104
2772	3080
2782	2988
2782	3119
2782	3364
2791	3247
2804	3359
2817	2982
2817	3368
2818	2905
2821	3108
2826	2942
2826	3368
2836	2986
2836	3319
2874	2904
2874	2991
2884	3282
2894	3138
2933	3108
2933	3191
2942	3133
2953	3342
2982	3313
2982	3368
2986	2993
2986	3319
2988	3364
3014	3119
3014	3286
3050	3319
3078	3343
3108	3133
3119	3359
3121	3280
3129	3234
3170	3328
3191	3359
3222	3282
3226	3280
3274	3291
3274	3294
3286	3291
3287	3291
3319	0
448	8
1553	8
3280	8
134	11
381	11
436	11
637	11
932	11
1288	11
1501	11
1874	11
2157	11
2753	11
2986	11
991	14
1482	14
479	16
637	16
740	16
764	16
767	16
1130	16
1261	16
1343	16
1388	16
1571	16
2642	16
3014	16
3191	16
3356	16
2499	17
764	23
1062	23
3243	23
126	27
196	27
479	27
653	27
971	27
1298	27
1656	27
1878	27
2310	27
3321	27
1045	31
1862	33
3319	33
54	38
1530	38
1862	38
1894	38
2026	38
2753	38
2804	38
3104	38
3138	38
1045	48
396	49
585	49
618	49
1050	49
1510	49
2125	49
2357	49
2775	49
2881	49
1271	50
180	54
354	54
1421	54
3104	54
256	61
1197	61
2920	61
1640	66
2340	66
1097	69
2305	69
2470	69
458	72
1166	76
1198	77
1388	77
2084	77
1311	79
906	80
2737	80
562	83
897	83
1065	83
1075	83
1289	83
1630	83
2573	83
2836	83
2986	83
3319	83
1462	86
2111	86
2313	86
3372	86
224	98
2700	98
1829	101
910	103
2862	103
598	113
1204	113
1862	113
2680	113
708	115
723	115
2070	115
2084	115
2205	115
562	117
764	120
767	120
1862	120
134	122
767	123
1289	123
1732	124
1261	133
460	134
560	134
637	134
639	134
979	134
1126	134
2063	134
2261	134
2357	134
2555	134
2593	134
2594	134
2676	134
2775	134
2818	134
2831	134
2853	134
2995	134
3035	134
3108	134
3291	134
700	135
2095	135
2204	135
2264	135
2347	135
2458	135
3128	135
323	137
1920	137
2151	137
562	142
753	148
1354	149
2499	149
1045	150
1753	151
2305	151
2499	164
3247	164
448	166
2895	181
432	182
1559	182
3187	182
766	184
196	185
512	185
968	185
2303	185
1421	187
2915	187
1197	189
1522	189
1566	189
2476	189
985	193
2066	193
2305	193
2895	193
512	196
687	196
1848	196
2210	196
2470	196
2988	196
3364	196
774	199
2458	199
3114	199
2874	209
2904	209
2331	219
2655	219
1794	223
3227	223
606	224
637	224
764	224
1257	224
1571	224
1783	224
2051	224
2610	224
2794	224
3191	224
946	225
2100	225
3330	225
2721	229
1130	231
1347	231
1932	231
2499	231
3063	231
3078	231
3119	231
897	235
949	235
1007	235
1075	235
1289	235
1303	235
1630	235
1998	235
2172	235
2387	235
2573	235
2836	235
2986	235
950	244
1197	244
1271	244
1303	244
2096	244
2461	244
2714	244
3006	244
2295	248
276	249
615	249
639	249
764	249
770	249
797	249
985	249
1356	249
2089	249
2397	249
2894	249
3138	249
871	250
896	251
691	253
725	253
765	253
1829	253
3287	253
413	255
764	256
2920	256
524	259
2618	259
3319	259
1182	262
2232	262
2986	262
767	265
2347	265
402	267
604	267
871	267
1296	267
1415	267
1547	267
1783	267
1784	267
1849	267
2551	267
2668	267
2794	267
2978	267
3014	267
950	268
2802	268
2305	271
1271	272
1791	272
2282	276
402	278
603	278
744	278
764	278
1378	278
1763	278
1783	278
1800	278
2499	278
2762	278
2795	278
3175	278
3247	278
808	283
2066	283
1318	285
464	291
3223	292
2353	294
485	296
764	296
767	296
2301	296
2357	296
2383	296
2476	296
3116	296
562	297
1324	306
2125	306
615	308
639	308
770	308
797	308
2894	308
2912	308
452	310
518	310
585	310
707	310
767	310
1197	310
1656	310
2322	310
2499	310
807	315
740	317
2559	317
1386	318
2261	318
3108	318
3359	318
1197	322
2229	322
1011	323
2095	323
3144	323
985	324
2233	326
2063	330
2763	330
829	333
1411	335
464	342
2565	342
710	343
479	344
753	344
1411	344
525	345
1343	345
1433	345
2070	345
2620	345
3116	345
562	348
562	349
479	351
2844	351
456	353
896	353
1139	353
1916	353
2826	353
2877	353
2942	353
708	355
2519	355
2663	355
1805	364
1907	366
971	370
2793	370
949	371
2986	371
3319	371
767	373
2817	373
797	375
1356	375
2912	375
464	376
604	381
753	381
1011	381
2753	381
2495	387
1271	388
2096	388
2714	388
479	390
753	390
771	390
871	390
1067	390
1097	390
1411	390
1925	390
2503	390
2554	390
2965	390
479	392
1256	392
3286	392
1753	394
560	395
606	396
764	396
991	396
1360	396
1512	396
1874	396
2995	396
3191	396
3293	396
3359	397
2499	399
871	402
1783	402
712	403
753	403
1067	403
1271	403
985	413
1984	413
2113	413
1356	422
1271	426
2495	427
2565	427
764	429
1261	429
1533	429
2281	429
896	432
1213	432
1559	432
1674	432
3035	432
1981	434
1753	436
2255	436
2018	438
2264	438
2942	438
799	448
991	448
1384	448
458	452
707	452
740	452
767	452
1343	452
3191	452
1045	455
896	456
1047	456
2826	456
2942	456
474	458
707	458
1312	458
1709	458
2322	458
2656	458
2817	458
2982	458
3368	458
2752	459
1916	460
767	463
512	464
712	464
734	464
968	464
1271	464
1502	464
1510	464
2261	464
2268	464
2354	464
2594	464
562	468
2965	468
637	469
753	469
912	469
1210	469
2116	469
2205	469
2499	469
3089	469
3106	469
3191	469
1543	471
708	474
985	474
1312	474
1709	474
1758	474
2322	474
2817	474
2982	474
3157	474
3368	474
1981	477
764	478
1433	478
1447	478
2752	478
3129	478
3234	478
512	479
563	479
753	479
771	479
1067	479
1097	479
1340	479
1411	479
1553	479
1667	479
1925	479
2056	479
2502	479
2503	479
2554	479
2753	479
2878	479
2965	479
1139	482
1816	482
1864	482
914	486
871	491
2271	492
1139	493
2877	493
1130	496
2988	496
1862	499
770	501
2353	502
2310	504
562	512
610	512
691	512
981	512
1045	512
1139	512
1271	512
1441	512
1592	512
1601	512
2101	512
2204	512
2391	512
2394	512
2499	512
2555	512
2565	512
2594	512
2826	512
2883	512
3062	512
3319	512
1789	518
2183	518
2700	518
549	525
637	525
1130	525
1261	525
3116	525
2986	533
657	535
1105	535
2295	541
813	544
908	544
971	544
985	544
2582	544
2793	544
2836	544
715	549
1104	549
767	560
585	562
611	562
639	562
669	562
670	562
800	562
1065	562
1170	562
1186	562
1370	562
1533	562
1587	562
1665	562
1810	562
1874	562
1894	562
2051	562
2253	562
2325	562
2573	562
2591	562
2849	562
2884	562
2903	562
3077	562
3261	562
3282	562
3338	562
978	563
3014	563
873	568
1745	568
1862	568
2999	568
783	571
1991	571
1999	571
2026	571
2373	571
2542	571
2940	571
2978	571
667	585
764	585
823	585
832	585
888	585
908	585
971	585
1011	585
1029	585
1046	585
1268	585
1484	585
1610	585
2021	585
2134	585
2156	585
2207	585
2229	585
2250	585
2416	585
2499	585
2554	585
2560	585
2738	585
2793	585
2802	585
2853	585
2988	585
3046	585
3108	585
3257	585
3289	585
3356	585
1271	590
979	594
1204	598
2115	598
744	603
1480	603
3175	603
3289	603
1218	604
2499	604
720	605
2953	605
767	606
871	606
1045	606
1050	606
1681	606
2137	606
2232	606
2242	606
2303	606
2367	606
2454	606
2470	606
3119	606
2752	607
1271	608
2082	609
2600	609
2763	609
764	610
2353	610
2802	610
3005	610
3026	610
2748	611
1501	612
1807	612
2322	612
2759	612
3133	612
3138	612
639	615
770	615
797	615
1108	615
1286	615
2397	615
2894	615
3138	615
1016	618
1473	618
1583	618
2821	618
637	621
764	621
1858	621
3191	621
697	624
2565	624
2066	625
1387	631
1789	631
1866	631
2499	631
2719	631
3247	631
946	632
2499	632
672	636
639	637
705	637
723	637
764	637
871	637
896	637
906	637
914	637
950	637
991	637
1050	637
1343	637
1354	637
1370	637
1501	637
1533	637
1637	637
1902	637
1932	637
2066	637
2070	637
2305	637
2310	637
2343	637
2394	637
2408	637
2416	637
2594	637
2853	637
2894	637
2995	637
3138	637
3359	637
770	639
797	639
1108	639
1356	639
2894	639
2912	639
3138	639
3267	639
705	643
764	653
1298	653
1878	653
3321	653
3369	655
764	657
1105	657
1873	657
1763	658
2499	665
2554	665
1656	667
1205	672
1945	672
2116	672
2357	672
2581	672
939	673
897	691
1274	691
1829	691
854	692
1197	692
1566	692
2172	692
2476	692
774	700
872	700
1768	700
1807	700
2083	700
2331	700
2499	700
764	705
1303	705
2322	705
2348	705
2537	705
2804	705
3291	705
2826	706
740	707
767	707
1343	707
3191	707
896	708
2982	708
786	710
913	710
1392	710
1491	710
1599	710
1984	710
2070	710
2303	710
2565	710
3116	710
910	712
2194	712
2586	712
2594	712
2627	712
1802	715
1894	715
2392	715
3280	715
803	720
3274	720
3294	720
767	723
963	723
1139	723
1571	723
3356	723
910	725
1216	725
1829	725
3287	725
3063	734
900	740
991	740
992	740
1139	740
1268	740
1433	740
1758	740
1858	740
1864	740
2070	740
2853	740
3014	740
3049	740
3286	740
1378	744
3175	744
930	747
1879	748
771	753
871	753
963	753
1067	753
1097	753
1340	753
1390	753
1411	753
1925	753
2495	753
2503	753
2700	753
2960	753
2965	753
3286	753
2763	763
914	764
992	764
1011	764
1050	764
1139	764
1165	764
1170	764
1197	764
1392	764
1433	764
1496	764
1501	764
1608	764
1725	764
1791	764
1816	764
1850	764
1858	764
1902	764
2018	764
2041	764
2070	764
2151	764
2242	764
2244	764
2305	764
2310	764
2322	764
2353	764
2370	764
2383	764
2554	764
2606	764
2683	764
2726	764
2752	764
2757	764
2804	764
2834	764
2877	764
3003	764
3014	764
3108	764
3227	764
3286	764
3321	764
1829	765
3287	765
783	767
840	767
871	767
910	767
965	767
968	767
985	767
1023	767
1050	767
1119	767
1130	767
1172	767
1187	767
1261	767
1354	767
1391	767
1421	767
1471	767
1496	767
1530	767
1536	767
1601	767
1768	767
1819	767
1848	767
1862	767
1914	767
1915	767
1916	767
1983	767
2026	767
2041	767
2066	767
2082	767
2131	767
2183	767
2207	767
2220	767
2322	767
2327	767
2416	767
2443	767
2499	767
2554	767
2565	767
2601	767
2620	767
2627	767
2706	767
2821	767
2995	767
3001	767
3143	767
3227	767
3253	767
3356	767
1126	768
2808	768
3108	768
3362	768
2254	769
797	770
2894	770
3108	770
3138	770
871	771
1097	771
1340	771
1411	771
2965	771
989	774
2089	778
1283	780
1551	783
1772	783
2123	783
2514	783
1862	785
3171	785
813	786
968	786
991	786
1137	786
2286	786
3113	786
2101	788
1434	795
2096	795
3135	795
1638	796
2499	796
3247	796
1108	797
1356	797
2894	797
3138	797
1484	800
1862	800
2018	800
997	803
3274	803
3294	803
2066	808
908	813
968	813
991	813
1137	813
1062	816
1261	823
3046	823
3112	823
1862	825
2795	825
1800	829
2242	835
962	836
1100	836
1434	836
1656	836
1930	836
2093	836
2499	836
3001	836
3362	836
1575	840
2305	840
2363	840
2782	840
3319	840
3363	840
1076	854
1170	854
1522	854
1566	854
1599	854
950	871
965	871
991	871
1067	871
1075	871
1130	871
1257	871
1411	871
1783	871
1925	871
2051	871
2297	871
2610	871
2663	871
2791	871
2965	871
3165	871
3356	871
1922	875
2757	881
2642	887
897	888
1289	888
2836	888
990	896
1309	896
1322	896
2367	896
2470	896
2559	896
2771	896
2826	896
3210	896
3362	896
949	897
1065	897
1075	897
1289	897
1630	897
1681	897
1706	897
2221	897
2573	897
2836	897
2986	897
3319	897
3191	900
1592	902
2499	903
2364	906
3073	906
968	908
991	908
1137	908
1522	910
1566	910
1949	910
2305	910
2499	910
2821	910
1411	913
978	914
1139	914
1392	914
2559	914
2658	914
1411	916
3129	925
2210	930
1283	939
2721	944
3108	944
1065	949
1075	949
1289	949
2836	949
2986	949
3319	949
1130	950
2334	950
2455	950
3017	950
1916	956
2070	963
2752	963
1471	965
1137	968
1303	968
1035	971
1298	971
1949	971
2034	971
2443	971
2570	971
2712	971
2793	971
3026	971
2207	972
2949	972
1289	974
1170	978
2307	978
2546	978
1139	985
1303	985
1656	985
2144	985
2499	985
3119	985
3280	985
2255	989
1139	990
1024	991
1166	991
1283	991
1421	991
1753	991
1844	991
2282	991
2305	991
2559	991
3001	991
1533	992
2357	992
3108	992
3319	996
1421	997
3294	997
2618	1001
1050	1007
1261	1011
1674	1011
2499	1011
2978	1011
1234	1019
1920	1023
2151	1023
2663	1023
3276	1023
2282	1024
1725	1029
1922	1032
1949	1035
2986	1037
2753	1042
2000	1045
2027	1045
2204	1045
2339	1045
2692	1045
2738	1045
2820	1045
3366	1046
1261	1047
1874	1047
2060	1048
1405	1050
1902	1050
2255	1050
2497	1050
2894	1050
2923	1050
1877	1056
1204	1058
2680	1058
1342	1062
1408	1062
1464	1062
1891	1062
1075	1065
1289	1065
1630	1065
2573	1065
2836	1065
2986	1065
3319	1065
1097	1067
1124	1067
1411	1067
1925	1067
2422	1067
2444	1067
2965	1067
1097	1070
1268	1075
1289	1075
1625	1075
1630	1075
2006	1075
2179	1075
2573	1075
2836	1075
2986	1075
3319	1075
2561	1076
2601	1076
1601	1083
2358	1088
1154	1097
1340	1097
1367	1097
1390	1097
1411	1097
1472	1097
1925	1097
2503	1097
2937	1097
2965	1097
3192	1097
1753	1100
2565	1101
1873	1105
2986	1105
1421	1108
2499	1108
2894	1108
3138	1108
2255	1113
2293	1113
2601	1113
1601	1116
3276	1119
1501	1126
3003	1126
3133	1126
1261	1130
1286	1130
1408	1130
1656	1130
1914	1130
1932	1130
2220	1130
2229	1130
2256	1130
2397	1130
2495	1130
2497	1130
2565	1130
2594	1130
2620	1130
2653	1130
2844	1130
2853	1130
2918	1130
3134	1130
3356	1130
3369	1130
1386	1136
1170	1139
1433	1139
1445	1139
1447	1139
1608	1139
2018	1139
2070	1139
2116	1139
2175	1139
2296	1139
2443	1139
2706	1139
2849	1139
2877	1139
2886	1139
3014	1139
3017	1139
2183	1150
3003	1164
2610	1166
2818	1166
1649	1169
1261	1170
1392	1170
1858	1170
1944	1170
2307	1170
3192	1170
1271	1175
1543	1182
2232	1182
1303	1187
2322	1187
1273	1197
1283	1197
1522	1197
1566	1197
2301	1197
2469	1197
2476	1197
2511	1197
2714	1197
2204	1203
1621	1204
2680	1204
2018	1205
2204	1205
2821	1205
1268	1206
1864	1206
1916	1206
2458	1206
1674	1213
1791	1213
2281	1213
3035	1213
3287	1216
2241	1219
2494	1219
2884	1225
3222	1225
3282	1225
1573	1231
1794	1231
2183	1233
1289	1248
2264	1250
2357	1251
3129	1251
2396	1254
1649	1256
2204	1256
2668	1256
1343	1261
1366	1261
1411	1261
1840	1261
1922	1261
2018	1261
2100	1261
2443	1261
2499	1261
2725	1261
2839	1261
2853	1261
2918	1261
3326	1261
1572	1265
1289	1268
2565	1268
1316	1271
2096	1271
2204	1271
2279	1271
2454	1271
2461	1271
2656	1271
2678	1271
2714	1271
2978	1271
3199	1271
1816	1283
1862	1283
2305	1283
2757	1283
3106	1283
3359	1283
1307	1286
2853	1286
1501	1288
3259	1288
1571	1289
1592	1289
1630	1289
2006	1289
2020	1289
2082	1289
2573	1289
2836	1289
2986	1289
3121	1289
3319	1289
1911	1290
2422	1290
1878	1298
3321	1298
3319	1300
1902	1303
1741	1309
2307	1309
2555	1309
3216	1309
1530	1311
2762	1311
2799	1311
2817	1312
2883	1318
2125	1324
2347	1335
1411	1340
1925	1340
2965	1340
2347	1343
1482	1344
1819	1349
2883	1352
1608	1354
1656	1354
2316	1354
2344	1354
3228	1354
2894	1356
2912	1356
3138	1356
1725	1370
1894	1370
1907	1370
3121	1370
3280	1370
2836	1374
2795	1378
3274	1378
2066	1385
2965	1385
1441	1386
1725	1387
3121	1387
3280	1387
1573	1388
1753	1388
2383	1388
2594	1388
2804	1388
2988	1390
1501	1392
1932	1392
2559	1392
2804	1392
2296	1396
3366	1408
3369	1408
1553	1411
1571	1411
1601	1411
1925	1411
2020	1411
2207	1411
2498	1411
2503	1411
2721	1411
2965	1411
3247	1411
2986	1414
2499	1415
3247	1415
1571	1421
1604	1421
2095	1421
2134	1421
2227	1421
2499	1421
2561	1421
3191	1421
3257	1421
1850	1433
2559	1433
2652	1433
3014	1433
3119	1433
1819	1441
2271	1441
2325	1441
2345	1441
2988	1441
1601	1445
2070	1445
3140	1446
1525	1447
3001	1462
1494	1473
2218	1473
2561	1478
3197	1478
3108	1479
2469	1482
3198	1482
2497	1483
2116	1484
2655	1491
2712	1493
1803	1494
2559	1501
2646	1501
3133	1501
1566	1522
2476	1522
1720	1530
2392	1530
3223	1530
2416	1533
2537	1533
2555	1533
2726	1533
2995	1533
3108	1533
3319	1533
1922	1543
3157	1543
1783	1547
2620	1547
2408	1553
2737	1553
2878	1553
2490	1554
2476	1566
3144	1566
2204	1571
2836	1571
3226	1571
2483	1574
2826	1581
1601	1583
2204	1591
1862	1592
2854	1592
3294	1592
2131	1596
3342	1596
1768	1599
1797	1599
1610	1601
1637	1601
2716	1601
2759	1601
3274	1601
2594	1604
2565	1605
2555	1618
1753	1619
2444	1619
2986	1623
3108	1628
2836	1630
2986	1630
3319	1630
1751	1637
2510	1637
3001	1637
2687	1638
2668	1649
1902	1656
1914	1656
1991	1656
2026	1656
2134	1656
2347	1656
2554	1656
2853	1656
2937	1657
2353	1662
2710	1662
3063	1662
2389	1663
2422	1663
2824	1665
2336	1667
2472	1667
1791	1674
2281	1674
2978	1674
3035	1674
3053	1674
2204	1706
2322	1709
2817	1709
3223	1720
3035	1721
2204	1725
3121	1725
3280	1725
2382	1732
2910	1732
3247	1733
1864	1746
3189	1747
2094	1753
2249	1753
2360	1753
2786	1753
2947	1753
2545	1755
2982	1758
1874	1768
1849	1783
2409	1783
2565	1784
2242	1791
3035	1791
3278	1791
2570	1796
1902	1803
1911	1806
1863	1807
1911	1807
1970	1807
3222	1807
3291	1816
2441	1829
3216	1829
3287	1829
2499	1832
2295	1840
2556	1848
2988	1848
3364	1848
2933	1852
2559	1858
2821	1858
2204	1862
2646	1862
2821	1862
3108	1862
3294	1862
2601	1863
2157	1864
2898	1864
3144	1864
3342	1864
2041	1867
2073	1868
1911	1874
2265	1874
2310	1874
2353	1874
3108	1874
2668	1876
3108	1876
2762	1877
2953	1877
3321	1878
2261	1879
2286	1879
2392	1894
3280	1894
2162	1895
2082	1902
2514	1902
2101	1907
2116	1907
2458	1907
2594	1907
3073	1907
2495	1911
2455	1915
2458	1916
2151	1920
3276	1920
2663	1922
2804	1922
2928	1922
3267	1922
2965	1925
3108	1927
2184	1932
3191	1932
2327	1949
2353	1949
2204	1959
2655	1965
2826	1981
2242	1983
2707	1999
2204	2000
2499	2005
2305	2018
2367	2018
2821	2018
2744	2024
2721	2026
2082	2051
2663	2051
3305	2051
3298	2053
2347	2054
2791	2063
2184	2066
2800	2066
2933	2066
2978	2066
2754	2070
3116	2070
3191	2070
3358	2073
2389	2084
2398	2089
2894	2089
2499	2095
2590	2096
2714	2096
3135	2096
2594	2097
2978	2097
2291	2100
3330	2100
2472	2116
3121	2116
2134	2118
2846	2118
3108	2118
2853	2120
2514	2123
3276	2123
2499	2131
3247	2131
3372	2131
2883	2134
3302	2141
2204	2146
3276	2151
2538	2158
2561	2158
2582	2158
2499	2172
2627	2183
2565	2204
2826	2204
2986	2204
2347	2205
3362	2205
2499	2207
2839	2207
2996	2210
2310	2218
2965	2218
2332	2219
2642	2229
2601	2242
2786	2242
3190	2242
2347	2244
2883	2247
3001	2247
3022	2250
2454	2254
3358	2255
2705	2260
2357	2281
3035	2281
2630	2286
3289	2295
3226	2296
2710	2305
3078	2305
3191	2305
3242	2305
3359	2305
2565	2306
2546	2307
2601	2307
2364	2312
2774	2312
2668	2313
2817	2322
2982	2322
2581	2330
2495	2332
2758	2332
2821	2332
2761	2333
3209	2333
2499	2334
2700	2339
2499	2347
2752	2347
2839	2347
3094	2347
3116	2347
3345	2347
3366	2348
3373	2348
2727	2353
3005	2353
3347	2353
2593	2357
2594	2357
2818	2357
3356	2357
2389	2364
2422	2364
2542	2373
3247	2374
3280	2392
3328	2392
2503	2394
2897	2394
3108	2394
2986	2409
2897	2422
2983	2422
2499	2424
2883	2443
3362	2454
2950	2455
2854	2458
2978	2458
3210	2470
3280	2487
3129	2490
2493	2492
2551	2494
2565	2497
2717	2497
3242	2497
2554	2499
2748	2499
2787	2499
2791	2499
2821	2499
3108	2499
3191	2499
3247	2499
3276	2499
3313	2499
3363	2499
2988	2514
2565	2528
2565	2534
2923	2551
3116	2559
3133	2559
2975	2561
3313	2561
2697	2565
2802	2565
2961	2565
2965	2572
2836	2573
2986	2573
3319	2573
2726	2581
2949	2582
2594	2593
3108	2593
2625	2594
3108	2594
2753	2601
2777	2601
3104	2601
3187	2618
2697	2620
2855	2624
2853	2625
3133	2646
3177	2663
3356	2680
3134	2700
3247	2712
3358	2737
2752	2742
3271	2752
3328	2752
3104	2753
3080	2772
2988	2782
3119	2782
3364	2782
3247	2791
3359	2804
2982	2817
3368	2817
2905	2818
3108	2821
2942	2826
3368	2826
2986	2836
3319	2836
2904	2874
2991	2874
3282	2884
3138	2894
3108	2933
3191	2933
3133	2942
3342	2953
3313	2982
3368	2982
2993	2986
3319	2986
3364	2988
3119	3014
3286	3014
3319	3050
3343	3078
3133	3108
3359	3119
3280	3121
3234	3129
3328	3170
3359	3191
3282	3222
3280	3226
3291	3274
3294	3274
3291	3286
3291	3287
