0	374
0	391
0	503
0	569
1	10
1	313
1	613
4	815
10	313
10	613
13	757
14	334
14	418
14	490
14	604
14	620
14	622
14	667
14	778
15	620
16	315
16	625
18	29
18	38
18	58
18	65
18	78
18	98
18	126
18	133
18	144
18	182
18	187
18	239
18	335
18	344
18	406
18	415
18	548
18	557
18	560
18	566
18	592
18	599
18	651
18	662
18	698
18	745
18	778
18	829
18	841
18	856
18	865
18	887
18	888
19	62
19	770
20	710
20	724
23	33
23	37
23	38
23	59
23	83
23	113
23	114
23	144
23	196
23	237
23	274
23	275
23	282
23	283
23	295
23	301
23	334
23	434
23	463
23	490
23	513
23	538
23	552
23	589
23	610
23	622
23	658
23	667
23	685
23	691
23	705
23	728
23	750
23	761
23	778
23	861
27	900
28	707
29	37
29	38
29	58
29	65
29	76
29	78
29	83
29	98
29	113
29	114
29	126
29	144
29	187
29	202
29	237
29	274
29	295
29	300
29	334
29	335
29	378
29	463
29	468
29	490
29	492
29	513
29	538
29	548
29	557
29	560
29	610
29	622
29	650
29	651
29	653
29	658
29	662
29	667
29	670
29	691
29	698
29	705
29	761
29	778
29	820
29	841
29	843
29	888
33	37
33	59
33	113
33	114
33	144
33	196
33	237
33	274
33	275
33	282
33	283
33	295
33	334
33	463
33	486
33	490
33	513
33	610
33	622
33	658
33	685
33	691
33	728
33	750
33	761
33	778
37	38
37	51
37	58
37	59
37	83
37	113
37	114
37	196
37	202
37	237
37	274
37	282
37	283
37	295
37	334
37	434
37	463
37	468
37	490
37	492
37	513
37	538
37	610
37	622
37	658
37	667
37	670
37	685
37	691
37	695
37	698
37	705
37	728
37	755
37	760
37	761
37	778
37	861
38	58
38	65
38	78
38	83
38	98
38	114
38	126
38	144
38	182
38	194
38	202
38	232
38	237
38	274
38	282
38	334
38	335
38	434
38	463
38	468
38	490
38	492
38	513
38	538
38	592
38	610
38	622
38	658
38	662
38	667
38	670
38	685
38	691
38	698
38	705
38	741
38	761
38	778
38	795
38	833
38	843
38	856
39	195
39	249
39	336
39	408
39	458
39	537
39	666
39	790
39	813
39	855
39	879
40	532
40	623
40	721
40	891
41	408
41	537
43	160
43	367
43	371
43	398
43	661
43	664
43	862
44	274
44	383
46	113
49	322
51	98
51	334
51	492
51	533
51	538
51	642
51	662
51	670
51	676
51	683
51	751
51	808
51	829
51	843
51	861
53	66
53	140
53	235
53	303
53	333
53	358
53	427
53	487
53	493
53	654
53	688
53	700
53	737
53	789
53	795
53	823
54	127
54	327
54	445
54	480
54	520
54	702
54	717
54	781
54	797
54	798
54	818
54	842
54	866
54	884
54	899
55	128
55	863
57	497
58	65
58	76
58	83
58	98
58	114
58	126
58	144
58	196
58	202
58	237
58	282
58	283
58	295
58	334
58	335
58	378
58	434
58	468
58	490
58	492
58	513
58	538
58	557
58	560
58	571
58	592
58	620
58	622
58	650
58	658
58	667
58	685
58	691
58	698
58	705
58	708
58	728
58	750
58	761
58	778
58	795
58	833
58	843
58	865
59	83
59	113
59	114
59	202
59	237
59	274
59	275
59	282
59	295
59	301
59	334
59	463
59	490
59	513
59	610
59	658
59	667
59	685
59	691
59	705
59	761
60	631
60	868
61	593
62	491
62	770
64	164
64	271
64	276
64	304
64	432
64	519
64	591
64	648
64	797
65	98
65	126
65	144
65	406
65	492
65	507
65	557
65	651
65	698
65	705
65	708
65	778
65	856
65	865
65	888
66	140
66	303
66	333
66	358
66	427
66	487
66	493
66	654
66	700
66	737
66	789
66	823
68	210
68	400
68	497
71	850
74	217
75	335
76	98
76	114
76	286
76	300
76	468
76	492
76	554
76	620
76	670
76	763
76	778
76	843
77	228
77	297
77	512
77	533
77	670
77	676
77	683
77	694
77	837
78	98
78	126
78	133
78	182
78	239
78	406
78	492
78	554
78	557
78	560
78	651
78	662
78	670
78	698
78	856
78	888
79	399
79	483
80	225
83	98
83	113
83	114
83	126
83	144
83	196
83	202
83	237
83	274
83	282
83	283
83	295
83	301
83	334
83	378
83	434
83	463
83	468
83	490
83	513
83	538
83	552
83	610
83	622
83	652
83	658
83	667
83	685
83	691
83	698
83	705
83	728
83	729
83	761
83	778
83	795
83	844
83	861
84	120
84	347
84	355
84	392
84	747
85	89
85	152
85	170
85	181
85	186
85	209
85	449
85	511
85	518
85	531
85	581
85	607
85	616
85	657
85	678
85	787
88	859
89	152
89	170
89	181
89	186
89	199
89	209
89	449
89	511
89	518
89	531
89	581
89	607
89	616
89	657
89	678
89	787
90	150
90	228
90	366
90	416
90	545
90	547
90	584
90	740
90	837
90	867
92	185
92	387
92	389
92	714
92	791
92	828
94	757
96	259
98	113
98	114
98	126
98	144
98	182
98	187
98	239
98	282
98	300
98	334
98	335
98	344
98	406
98	434
98	468
98	492
98	533
98	538
98	548
98	554
98	557
98	560
98	566
98	599
98	622
98	651
98	662
98	670
98	673
98	683
98	685
98	698
98	755
98	778
98	796
98	814
98	841
98	843
98	856
98	887
98	888
99	613
102	453
105	427
107	722
107	880
108	556
110	832
112	196
113	114
113	144
113	196
113	202
113	226
113	237
113	274
113	275
113	282
113	283
113	295
113	334
113	383
113	418
113	434
113	463
113	468
113	490
113	492
113	512
113	513
113	538
113	610
113	622
113	652
113	658
113	667
113	670
113	685
113	691
113	694
113	705
113	728
113	751
113	755
113	760
113	761
113	778
113	808
113	837
113	861
114	144
114	196
114	202
114	223
114	237
114	248
114	274
114	275
114	282
114	283
114	295
114	300
114	301
114	323
114	334
114	378
114	434
114	463
114	468
114	490
114	492
114	513
114	538
114	610
114	622
114	652
114	658
114	667
114	685
114	691
114	705
114	728
114	750
114	761
114	778
114	795
114	833
114	843
114	861
115	410
115	621
115	677
118	474
118	478
120	347
120	355
120	392
120	747
120	898
121	290
121	294
125	245
125	425
126	144
126	182
126	187
126	239
126	335
126	344
126	406
126	492
126	548
126	557
126	560
126	651
126	662
126	698
126	745
126	778
126	814
126	841
126	856
126	888
127	445
127	520
127	702
127	781
127	797
127	798
127	884
127	899
131	159
132	396
132	554
137	452
137	766
139	233
140	235
140	303
140	333
140	358
140	427
140	487
140	654
140	700
140	737
140	789
140	795
140	823
143	671
144	196
144	202
144	237
144	239
144	274
144	282
144	295
144	300
144	334
144	335
144	378
144	406
144	434
144	463
144	468
144	490
144	492
144	513
144	538
144	548
144	557
144	560
144	571
144	592
144	604
144	610
144	617
144	622
144	650
144	651
144	652
144	658
144	667
144	685
144	691
144	698
144	705
144	708
144	728
144	750
144	761
144	778
144	814
144	833
144	841
144	843
144	856
144	861
144	865
144	888
144	898
147	228
147	258
147	297
147	334
147	533
147	642
147	670
147	676
147	683
147	755
147	796
147	808
147	867
148	653
148	673
148	778
148	874
149	757
150	228
150	282
150	293
150	295
150	366
150	416
150	538
150	547
150	676
150	694
150	740
150	837
150	861
150	867
152	170
152	181
152	186
152	199
152	209
152	449
152	511
152	518
152	531
152	581
152	607
152	616
152	657
152	678
152	787
153	304
153	722
153	895
156	261
156	431
160	367
160	371
160	661
160	664
160	862
164	260
164	842
164	859
166	232
166	578
166	807
166	866
170	181
170	186
170	199
170	209
170	449
170	511
170	518
170	531
170	581
170	607
170	616
170	657
170	678
170	787
173	466
173	482
176	686
179	509
180	679
181	186
181	199
181	209
181	449
181	511
181	518
181	531
181	581
181	607
181	616
181	657
181	678
181	787
182	247
182	406
182	492
182	557
182	698
182	741
182	778
182	841
182	856
182	888
185	387
185	389
185	714
185	791
185	828
186	199
186	209
186	449
186	511
186	518
186	531
186	581
186	607
186	616
186	657
186	678
186	787
187	198
187	227
187	239
187	335
187	344
187	406
187	415
187	451
187	548
187	557
187	560
187	566
187	599
187	651
187	687
187	698
187	841
187	856
187	865
187	887
187	888
192	853
194	741
195	249
195	336
195	408
195	458
195	813
195	879
196	202
196	237
196	274
196	275
196	282
196	295
196	334
196	434
196	463
196	468
196	490
196	513
196	538
196	610
196	622
196	658
196	667
196	685
196	691
196	728
196	761
196	778
196	843
196	861
198	227
198	344
198	415
198	841
199	511
199	518
199	607
199	616
199	678
202	274
202	282
202	295
202	301
202	334
202	383
202	434
202	463
202	468
202	490
202	513
202	538
202	552
202	610
202	622
202	658
202	667
202	685
202	705
202	761
202	778
202	843
202	861
204	653
204	673
204	795
204	820
204	874
205	286
209	449
209	511
209	518
209	531
209	607
209	616
209	678
209	787
210	400
210	497
212	526
212	780
219	330
219	464
219	630
220	767
222	243
222	637
226	282
226	383
226	492
226	622
226	861
227	344
227	415
227	841
228	258
228	267
228	282
228	297
228	334
228	366
228	383
228	416
228	512
228	533
228	538
228	539
228	547
228	574
228	584
228	597
228	611
228	642
228	670
228	676
228	683
228	694
228	740
228	755
228	761
228	796
228	808
228	829
228	837
228	843
228	861
228	867
232	564
232	578
232	653
232	673
232	807
232	874
234	264
235	303
235	789
237	274
237	275
237	282
237	295
237	334
237	434
237	463
237	468
237	490
237	492
237	513
237	538
237	552
237	610
237	622
237	652
237	658
237	667
237	685
237	691
237	705
237	728
237	750
237	761
237	778
237	861
238	424
239	335
239	344
239	406
239	415
239	548
239	557
239	560
239	566
239	599
239	651
239	698
239	778
239	841
239	856
239	865
239	887
239	888
240	317
240	498
242	448
242	640
243	312
243	490
243	894
248	552
248	605
248	658
249	408
249	458
250	371
251	535
252	738
255	286
255	300
255	763
258	267
258	297
258	416
258	512
258	533
258	539
258	611
258	642
258	670
258	676
258	683
258	694
258	755
258	761
258	796
258	808
258	837
258	843
258	867
260	842
260	859
261	431
265	312
266	639
267	533
267	538
267	539
267	670
267	676
267	683
267	837
267	867
269	312
269	498
270	417
271	304
273	573
274	282
274	283
274	295
274	301
274	334
274	383
274	434
274	463
274	468
274	490
274	492
274	513
274	538
274	552
274	589
274	592
274	610
274	622
274	652
274	658
274	667
274	685
274	691
274	705
274	728
274	729
274	750
274	760
274	761
274	778
274	795
274	844
274	861
275	283
275	295
275	334
275	463
275	500
275	610
275	658
275	667
275	691
275	750
275	761
276	304
276	432
276	519
276	591
276	635
276	639
276	648
280	335
280	421
280	600
280	625
280	765
281	442
282	283
282	295
282	323
282	334
282	383
282	434
282	463
282	468
282	490
282	513
282	538
282	552
282	584
282	592
282	610
282	622
282	652
282	658
282	667
282	676
282	685
282	694
282	698
282	755
282	761
282	778
282	795
282	837
282	861
282	867
283	295
283	334
283	463
283	490
283	513
283	622
283	658
283	667
283	685
283	761
283	861
285	643
285	803
286	437
286	468
286	554
286	763
290	294
291	580
293	538
293	658
295	301
295	334
295	378
295	383
295	434
295	463
295	468
295	490
295	492
295	512
295	513
295	538
295	584
295	597
295	610
295	622
295	652
295	658
295	667
295	685
295	691
295	694
295	705
295	728
295	729
295	750
295	761
295	778
295	837
295	861
297	416
297	512
297	533
297	539
297	574
297	642
297	670
297	676
297	683
297	694
297	755
297	761
297	796
297	808
297	829
297	837
297	843
297	867
300	348
300	408
300	468
300	492
300	537
300	560
300	651
300	698
300	778
300	814
300	843
301	334
301	463
301	490
301	513
301	667
301	705
301	750
303	333
303	358
303	427
303	487
303	493
303	654
303	700
303	737
303	789
303	795
303	823
304	432
312	428
312	498
312	784
313	613
317	370
317	866
322	816
323	463
323	490
323	513
323	761
330	464
330	630
333	358
333	427
333	487
333	493
333	654
333	700
333	737
333	789
333	823
334	378
334	434
334	463
334	468
334	490
334	492
334	513
334	538
334	552
334	592
334	604
334	610
334	622
334	652
334	658
334	667
334	670
334	683
334	685
334	691
334	695
334	698
334	705
334	728
334	750
334	761
334	778
334	794
334	795
334	837
334	843
334	844
334	861
335	344
335	406
335	421
335	492
335	548
335	557
335	560
335	566
335	567
335	599
335	651
335	662
335	670
335	698
335	778
335	841
335	856
335	888
336	408
336	458
336	666
336	813
336	855
336	879
343	889
344	406
344	415
344	548
344	557
344	560
344	566
344	651
344	698
344	841
344	856
344	888
346	497
346	610
346	643
346	711
347	355
347	392
347	747
347	898
355	392
355	747
358	427
358	487
358	493
358	654
358	700
358	737
358	789
366	416
366	547
366	676
366	694
366	740
366	837
366	867
367	387
367	398
367	661
367	664
367	714
367	862
369	619
371	664
374	391
374	454
374	898
378	468
378	490
378	513
378	667
378	705
378	750
378	778
378	794
383	492
383	513
383	538
383	592
383	658
383	670
383	685
383	740
383	761
383	778
383	837
383	861
383	898
386	553
387	389
387	714
387	791
387	828
389	714
389	791
389	828
391	569
391	709
392	747
393	416
393	547
393	740
393	837
396	554
398	664
398	862
398	869
399	483
400	497
402	433
406	415
406	451
406	492
406	548
406	557
406	560
406	566
406	599
406	651
406	687
406	698
406	778
406	841
406	856
406	887
406	888
408	458
408	537
408	666
408	790
408	813
408	855
408	879
410	621
410	677
414	695
415	548
415	557
415	560
415	841
415	856
415	887
415	888
416	533
416	539
416	547
416	642
416	670
416	676
416	683
416	694
416	740
416	755
416	761
416	796
416	808
416	837
416	867
418	604
418	620
418	652
418	803
421	504
421	600
421	625
421	765
423	700
427	487
427	654
427	688
427	700
427	737
427	789
427	823
428	784
432	519
432	591
432	635
432	639
432	648
434	463
434	468
434	490
434	492
434	513
434	538
434	560
434	610
434	617
434	622
434	652
434	658
434	667
434	670
434	685
434	691
434	698
434	705
434	728
434	751
434	755
434	760
434	761
434	778
434	795
434	796
434	843
434	844
434	861
445	520
445	702
445	781
445	797
445	884
445	899
446	850
447	759
449	511
449	518
449	531
449	581
449	607
449	616
449	657
449	678
449	787
451	548
451	566
451	599
452	766
454	490
454	650
458	606
458	813
458	879
460	763
463	468
463	490
463	513
463	538
463	552
463	610
463	622
463	652
463	658
463	667
463	685
463	691
463	705
463	728
463	729
463	750
463	761
463	778
463	795
463	861
464	630
466	482
467	619
468	490
468	492
468	513
468	538
468	552
468	554
468	560
468	610
468	615
468	622
468	650
468	658
468	667
468	685
468	691
468	705
468	761
468	763
468	778
468	795
468	833
468	843
473	752
474	478
476	496
476	764
479	562
480	717
480	798
480	818
480	866
480	884
487	654
487	688
487	700
487	737
487	789
487	795
487	823
490	492
490	513
490	538
490	560
490	610
490	622
490	650
490	652
490	658
490	667
490	685
490	691
490	698
490	705
490	728
490	729
490	750
490	761
490	778
490	795
490	843
490	865
490	898
491	770
492	538
492	552
492	554
492	557
492	560
492	592
492	620
492	622
492	650
492	651
492	662
492	667
492	670
492	685
492	698
492	705
492	760
492	761
492	778
492	795
492	833
492	843
492	856
492	888
493	823
496	670
496	683
496	764
496	829
497	610
497	643
497	711
498	547
498	637
501	793
503	569
504	614
507	705
507	708
507	865
511	518
511	531
511	581
511	607
511	616
511	657
511	678
512	533
512	538
512	539
512	559
512	574
512	642
512	670
512	676
512	683
512	755
512	761
512	796
512	808
512	837
512	843
513	538
513	597
513	610
513	615
513	622
513	652
513	658
513	667
513	685
513	691
513	698
513	705
513	728
513	729
513	750
513	761
513	778
513	844
513	861
518	531
518	581
518	607
518	616
518	657
518	678
519	591
519	635
519	639
519	648
520	702
520	781
520	797
520	798
520	884
520	899
522	585
522	665
526	780
531	581
531	607
531	616
531	657
531	678
531	787
532	623
532	721
532	891
533	538
533	539
533	547
533	574
533	642
533	662
533	670
533	676
533	683
533	694
533	755
533	761
533	796
533	808
533	829
533	837
533	843
533	867
537	666
537	855
538	539
538	559
538	604
538	610
538	622
538	652
538	658
538	667
538	670
538	676
538	683
538	685
538	695
538	698
538	705
538	728
538	751
538	755
538	760
538	761
538	778
538	796
538	808
538	829
538	837
538	843
538	861
538	867
539	611
539	642
539	670
539	676
539	683
539	694
539	751
539	755
539	761
539	796
539	808
539	837
539	843
539	867
541	569
541	756
545	584
545	740
545	761
545	837
547	637
547	676
547	740
547	837
548	557
548	560
548	566
548	599
548	651
548	698
548	841
548	856
548	865
548	885
548	887
548	888
552	610
552	622
552	667
552	685
552	695
552	761
552	778
552	861
554	560
554	662
554	670
557	560
557	566
557	599
557	651
557	698
557	778
557	814
557	841
557	856
557	887
557	888
559	751
559	755
559	843
560	566
560	599
560	610
560	651
560	662
560	670
560	687
560	698
560	778
560	814
560	841
560	856
560	887
560	888
565	764
566	599
566	651
566	687
566	698
566	841
566	856
566	887
566	888
568	890
569	756
569	843
571	691
574	642
574	670
574	676
574	683
574	755
574	761
574	796
574	829
574	837
578	807
581	607
581	616
581	657
581	678
584	740
584	761
584	837
584	861
585	665
589	658
591	635
591	639
591	648
592	617
592	650
592	658
592	708
592	763
592	778
592	861
596	898
597	761
599	698
599	841
599	856
599	887
599	888
600	765
604	620
604	670
604	705
604	843
607	616
607	657
607	678
607	787
610	622
610	643
610	652
610	658
610	667
610	670
610	685
610	691
610	698
610	705
610	728
610	750
610	751
610	761
610	778
610	843
610	861
611	628
611	642
611	667
611	670
611	683
611	755
611	761
611	796
611	837
611	843
615	622
615	778
615	795
616	657
616	678
617	778
620	763
621	677
622	652
622	658
622	667
622	670
622	685
622	691
622	698
622	705
622	728
622	750
622	760
622	761
622	778
622	795
622	861
623	721
623	891
625	765
626	681
631	868
634	637
635	639
635	648
639	648
639	842
641	723
642	662
642	670
642	676
642	683
642	694
642	755
642	761
642	796
642	808
642	829
642	837
642	867
643	803
644	668
644	743
644	869
645	727
645	758
646	756
650	778
650	898
651	662
651	687
651	698
651	745
651	778
651	841
651	856
651	887
651	888
652	658
652	667
652	685
652	705
652	728
652	761
652	778
652	795
652	844
652	861
653	673
653	795
653	820
653	833
653	874
654	700
654	789
654	823
657	678
658	667
658	685
658	691
658	698
658	705
658	728
658	729
658	750
658	761
658	778
661	664
661	862
662	670
662	683
662	698
662	751
662	755
662	796
662	808
662	841
664	862
666	813
666	855
666	879
667	670
667	676
667	685
667	691
667	705
667	728
667	729
667	750
667	751
667	755
667	761
667	778
667	795
667	796
667	837
667	843
667	861
668	743
670	676
670	683
670	685
670	694
670	698
670	751
670	755
670	760
670	761
670	778
670	796
670	808
670	829
670	837
670	843
670	867
673	795
673	820
673	874
675	835
676	683
676	694
676	740
676	751
676	755
676	761
676	796
676	808
676	829
676	837
676	843
676	861
676	867
678	787
678	795
680	784
683	694
683	751
683	755
683	761
683	796
683	808
683	829
683	837
683	843
683	867
685	691
685	705
685	728
685	750
685	760
685	761
685	778
685	795
685	844
685	861
687	841
687	887
687	888
691	705
691	728
691	750
691	761
691	778
691	878
694	755
694	761
694	796
694	808
694	837
694	867
695	761
698	705
698	778
698	814
698	833
698	841
698	856
698	887
698	888
700	789
700	823
702	781
702	797
702	798
702	884
702	899
705	728
705	750
705	761
705	778
705	843
708	865
710	724
714	791
714	828
715	748
717	798
717	818
717	866
717	884
721	891
722	895
727	758
727	785
728	760
728	761
728	778
728	795
728	796
728	843
728	861
737	789
740	761
740	837
740	843
740	861
740	867
743	869
745	856
750	761
750	778
751	755
751	761
751	796
751	808
751	829
751	843
755	761
755	796
755	808
755	829
755	837
755	843
758	785
760	761
760	796
760	844
761	778
761	796
761	829
761	837
761	843
761	844
761	861
761	867
761	878
778	814
778	833
778	841
778	843
778	856
778	861
778	888
781	797
781	798
781	884
781	899
784	859
789	823
790	855
791	828
795	820
795	833
795	861
795	874
796	808
796	829
796	837
796	843
796	867
797	798
797	884
797	899
798	818
798	866
798	884
798	899
808	829
808	837
808	843
813	855
813	879
814	841
814	887
818	866
818	884
820	874
829	837
837	843
837	861
837	867
841	856
841	865
841	887
841	888
842	859
843	861
843	867
844	861
855	879
856	885
856	887
856	888
861	867
864	871
865	888
866	884
884	899
887	888
374	0
391	0
503	0
569	0
10	1
313	1
613	1
815	4
313	10
613	10
757	13
334	14
418	14
490	14
604	14
620	14
622	14
667	14
778	14
620	15
315	16
625	16
29	18
38	18
58	18
65	18
78	18
98	18
126	18
133	18
144	18
182	18
187	18
239	18
335	18
344	18
406	18
415	18
548	18
557	18
560	18
566	18
592	18
599	18
651	18
662	18
698	18
745	18
778	18
829	18
841	18
856	18
865	18
887	18
888	18
62	19
770	19
710	20
724	20
33	23
37	23
38	23
59	23
83	23
113	23
114	23
144	23
196	23
237	23
274	23
275	23
282	23
283	23
295	23
301	23
334	23
434	23
463	23
490	23
513	23
538	23
552	23
589	23
610	23
622	23
658	23
667	23
685	23
691	23
705	23
728	23
750	23
761	23
778	23
861	23
900	27
707	28
37	29
38	29
58	29
65	29
76	29
78	29
83	29
98	29
113	29
114	29
126	29
144	29
187	29
202	29
237	29
274	29
295	29
300	29
334	29
335	29
378	29
463	29
468	29
490	29
492	29
513	29
538	29
548	29
557	29
560	29
610	29
622	29
650	29
651	29
653	29
658	29
662	29
667	29
670	29
691	29
698	29
705	29
761	29
778	29
820	29
841	29
843	29
888	29
37	33
59	33
113	33
114	33
144	33
196	33
237	33
274	33
275	33
282	33
283	33
295	33
334	33
463	33
486	33
490	33
513	33
610	33
622	33
658	33
685	33
691	33
728	33
750	33
761	33
778	33
38	37
51	37
58	37
59	37
83	37
113	37
114	37
196	37
202	37
237	37
274	37
282	37
283	37
295	37
334	37
434	37
463	37
468	37
490	37
492	37
513	37
538	37
610	37
622	37
658	37
667	37
670	37
685	37
691	37
695	37
698	37
705	37
728	37
755	37
760	37
761	37
778	37
861	37
58	38
65	38
78	38
83	38
98	38
114	38
126	38
144	38
182	38
194	38
202	38
232	38
237	38
274	38
282	38
334	38
335	38
434	38
463	38
468	38
490	38
492	38
513	38
538	38
592	38
610	38
622	38
658	38
662	38
667	38
670	38
685	38
691	38
698	38
705	38
741	38
761	38
778	38
795	38
833	38
843	38
856	38
195	39
249	39
336	39
408	39
458	39
537	39
666	39
790	39
813	39
855	39
879	39
532	40
623	40
721	40
891	40
408	41
537	41
160	43
367	43
371	43
398	43
661	43
664	43
862	43
274	44
383	44
113	46
322	49
98	51
334	51
492	51
533	51
538	51
642	51
662	51
670	51
676	51
683	51
751	51
808	51
829	51
843	51
861	51
66	53
140	53
235	53
303	53
333	53
358	53
427	53
487	53
493	53
654	53
688	53
700	53
737	53
789	53
795	53
823	53
127	54
327	54
445	54
480	54
520	54
702	54
717	54
781	54
797	54
798	54
818	54
842	54
866	54
884	54
899	54
128	55
863	55
497	57
65	58
76	58
83	58
98	58
114	58
126	58
144	58
196	58
202	58
237	58
282	58
283	58
295	58
334	58
335	58
378	58
434	58
468	58
490	58
492	58
513	58
538	58
557	58
560	58
571	58
592	58
620	58
622	58
650	58
658	58
667	58
685	58
691	58
698	58
705	58
708	58
728	58
750	58
761	58
778	58
795	58
833	58
843	58
865	58
83	59
113	59
114	59
202	59
237	59
274	59
275	59
282	59
295	59
301	59
334	59
463	59
490	59
513	59
610	59
658	59
667	59
685	59
691	59
705	59
761	59
631	60
868	60
593	61
491	62
770	62
164	64
271	64
276	64
304	64
432	64
519	64
591	64
648	64
797	64
98	65
126	65
144	65
406	65
492	65
507	65
557	65
651	65
698	65
705	65
708	65
778	65
856	65
865	65
888	65
140	66
303	66
333	66
358	66
427	66
487	66
493	66
654	66
700	66
737	66
789	66
823	66
210	68
400	68
497	68
850	71
217	74
335	75
98	76
114	76
286	76
300	76
468	76
492	76
554	76
620	76
670	76
763	76
778	76
843	76
228	77
297	77
512	77
533	77
670	77
676	77
683	77
694	77
837	77
98	78
126	78
133	78
182	78
239	78
406	78
492	78
554	78
557	78
560	78
651	78
662	78
670	78
698	78
856	78
888	78
399	79
483	79
225	80
98	83
113	83
114	83
126	83
144	83
196	83
202	83
237	83
274	83
282	83
283	83
295	83
301	83
334	83
378	83
434	83
463	83
468	83
490	83
513	83
538	83
552	83
610	83
622	83
652	83
658	83
667	83
685	83
691	83
698	83
705	83
728	83
729	83
761	83
778	83
795	83
844	83
861	83
120	84
347	84
355	84
392	84
747	84
89	85
152	85
170	85
181	85
186	85
209	85
449	85
511	85
518	85
531	85
581	85
607	85
616	85
657	85
678	85
787	85
859	88
152	89
170	89
181	89
186	89
199	89
209	89
449	89
511	89
518	89
531	89
581	89
607	89
616	89
657	89
678	89
787	89
150	90
228	90
366	90
416	90
545	90
547	90
584	90
740	90
837	90
867	90
185	92
387	92
389	92
714	92
791	92
828	92
757	94
259	96
113	98
114	98
126	98
144	98
182	98
187	98
239	98
282	98
300	98
334	98
335	98
344	98
406	98
434	98
468	98
492	98
533	98
538	98
548	98
554	98
557	98
560	98
566	98
599	98
622	98
651	98
662	98
670	98
673	98
683	98
685	98
698	98
755	98
778	98
796	98
814	98
841	98
843	98
856	98
887	98
888	98
613	99
453	102
427	105
722	107
880	107
556	108
832	110
196	112
114	113
144	113
196	113
202	113
226	113
237	113
274	113
275	113
282	113
283	113
295	113
334	113
383	113
418	113
434	113
463	113
468	113
490	113
492	113
512	113
513	113
538	113
610	113
622	113
652	113
658	113
667	113
670	113
685	113
691	113
694	113
705	113
728	113
751	113
755	113
760	113
761	113
778	113
808	113
837	113
861	113
144	114
196	114
202	114
223	114
237	114
248	114
274	114
275	114
282	114
283	114
295	114
300	114
301	114
323	114
334	114
378	114
434	114
463	114
468	114
490	114
492	114
513	114
538	114
610	114
622	114
652	114
658	114
667	114
685	114
691	114
705	114
728	114
750	114
761	114
778	114
795	114
833	114
843	114
861	114
410	115
621	115
677	115
474	118
478	118
347	120
355	120
392	120
747	120
898	120
290	121
294	121
245	125
425	125
144	126
182	126
187	126
239	126
335	126
344	126
406	126
492	126
548	126
557	126
560	126
651	126
662	126
698	126
745	126
778	126
814	126
841	126
856	126
888	126
445	127
520	127
702	127
781	127
797	127
798	127
884	127
899	127
159	131
396	132
554	132
452	137
766	137
233	139
235	140
303	140
333	140
358	140
427	140
487	140
654	140
700	140
737	140
789	140
795	140
823	140
671	143
196	144
202	144
237	144
239	144
274	144
282	144
295	144
300	144
334	144
335	144
378	144
406	144
434	144
463	144
468	144
490	144
492	144
513	144
538	144
548	144
557	144
560	144
571	144
592	144
604	144
610	144
617	144
622	144
650	144
651	144
652	144
658	144
667	144
685	144
691	144
698	144
705	144
708	144
728	144
750	144
761	144
778	144
814	144
833	144
841	144
843	144
856	144
861	144
865	144
888	144
898	144
228	147
258	147
297	147
334	147
533	147
642	147
670	147
676	147
683	147
755	147
796	147
808	147
867	147
653	148
673	148
778	148
874	148
757	149
228	150
282	150
293	150
295	150
366	150
416	150
538	150
547	150
676	150
694	150
740	150
837	150
861	150
867	150
170	152
181	152
186	152
199	152
209	152
449	152
511	152
518	152
531	152
581	152
607	152
616	152
657	152
678	152
787	152
304	153
722	153
895	153
261	156
431	156
367	160
371	160
661	160
664	160
862	160
260	164
842	164
859	164
232	166
578	166
807	166
866	166
181	170
186	170
199	170
209	170
449	170
511	170
518	170
531	170
581	170
607	170
616	170
657	170
678	170
787	170
466	173
482	173
686	176
509	179
679	180
186	181
199	181
209	181
449	181
511	181
518	181
531	181
581	181
607	181
616	181
657	181
678	181
787	181
247	182
406	182
492	182
557	182
698	182
741	182
778	182
841	182
856	182
888	182
387	185
389	185
714	185
791	185
828	185
199	186
209	186
449	186
511	186
518	186
531	186
581	186
607	186
616	186
657	186
678	186
787	186
198	187
227	187
239	187
335	187
344	187
406	187
415	187
451	187
548	187
557	187
560	187
566	187
599	187
651	187
687	187
698	187
841	187
856	187
865	187
887	187
888	187
853	192
741	194
249	195
336	195
408	195
458	195
813	195
879	195
202	196
237	196
274	196
275	196
282	196
295	196
334	196
434	196
463	196
468	196
490	196
513	196
538	196
610	196
622	196
658	196
667	196
685	196
691	196
728	196
761	196
778	196
843	196
861	196
227	198
344	198
415	198
841	198
511	199
518	199
607	199
616	199
678	199
274	202
282	202
295	202
301	202
334	202
383	202
434	202
463	202
468	202
490	202
513	202
538	202
552	202
610	202
622	202
658	202
667	202
685	202
705	202
761	202
778	202
843	202
861	202
653	204
673	204
795	204
820	204
874	204
286	205
449	209
511	209
518	209
531	209
607	209
616	209
678	209
787	209
400	210
497	210
526	212
780	212
330	219
464	219
630	219
767	220
243	222
637	222
282	226
383	226
492	226
622	226
861	226
344	227
415	227
841	227
258	228
267	228
282	228
297	228
334	228
366	228
383	228
416	228
512	228
533	228
538	228
539	228
547	228
574	228
584	228
597	228
611	228
642	228
670	228
676	228
683	228
694	228
740	228
755	228
761	228
796	228
808	228
829	228
837	228
843	228
861	228
867	228
564	232
578	232
653	232
673	232
807	232
874	232
264	234
303	235
789	235
274	237
275	237
282	237
295	237
334	237
434	237
463	237
468	237
490	237
492	237
513	237
538	237
552	237
610	237
622	237
652	237
658	237
667	237
685	237
691	237
705	237
728	237
750	237
761	237
778	237
861	237
424	238
335	239
344	239
406	239
415	239
548	239
557	239
560	239
566	239
599	239
651	239
698	239
778	239
841	239
856	239
865	239
887	239
888	239
317	240
498	240
448	242
640	242
312	243
490	243
894	243
552	248
605	248
658	248
408	249
458	249
371	250
535	251
738	252
286	255
300	255
763	255
267	258
297	258
416	258
512	258
533	258
539	258
611	258
642	258
670	258
676	258
683	258
694	258
755	258
761	258
796	258
808	258
837	258
843	258
867	258
842	260
859	260
431	261
312	265
639	266
533	267
538	267
539	267
670	267
676	267
683	267
837	267
867	267
312	269
498	269
417	270
304	271
573	273
282	274
283	274
295	274
301	274
334	274
383	274
434	274
463	274
468	274
490	274
492	274
513	274
538	274
552	274
589	274
592	274
610	274
622	274
652	274
658	274
667	274
685	274
691	274
705	274
728	274
729	274
750	274
760	274
761	274
778	274
795	274
844	274
861	274
283	275
295	275
334	275
463	275
500	275
610	275
658	275
667	275
691	275
750	275
761	275
304	276
432	276
519	276
591	276
635	276
639	276
648	276
335	280
421	280
600	280
625	280
765	280
442	281
283	282
295	282
323	282
334	282
383	282
434	282
463	282
468	282
490	282
513	282
538	282
552	282
584	282
592	282
610	282
622	282
652	282
658	282
667	282
676	282
685	282
694	282
698	282
755	282
761	282
778	282
795	282
837	282
861	282
867	282
295	283
334	283
463	283
490	283
513	283
622	283
658	283
667	283
685	283
761	283
861	283
643	285
803	285
437	286
468	286
554	286
763	286
294	290
580	291
538	293
658	293
301	295
334	295
378	295
383	295
434	295
463	295
468	295
490	295
492	295
512	295
513	295
538	295
584	295
597	295
610	295
622	295
652	295
658	295
667	295
685	295
691	295
694	295
705	295
728	295
729	295
750	295
761	295
778	295
837	295
861	295
416	297
512	297
533	297
539	297
574	297
642	297
670	297
676	297
683	297
694	297
755	297
761	297
796	297
808	297
829	297
837	297
843	297
867	297
348	300
408	300
468	300
492	300
537	300
560	300
651	300
698	300
778	300
814	300
843	300
334	301
463	301
490	301
513	301
667	301
705	301
750	301
333	303
358	303
427	303
487	303
493	303
654	303
700	303
737	303
789	303
795	303
823	303
432	304
428	312
498	312
784	312
613	313
370	317
866	317
816	322
463	323
490	323
513	323
761	323
464	330
630	330
358	333
427	333
487	333
493	333
654	333
700	333
737	333
789	333
823	333
378	334
434	334
463	334
468	334
490	334
492	334
513	334
538	334
552	334
592	334
604	334
610	334
622	334
652	334
658	334
667	334
670	334
683	334
685	334
691	334
695	334
698	334
705	334
728	334
750	334
761	334
778	334
794	334
795	334
837	334
843	334
844	334
861	334
344	335
406	335
421	335
492	335
548	335
557	335
560	335
566	335
567	335
599	335
651	335
662	335
670	335
698	335
778	335
841	335
856	335
888	335
408	336
458	336
666	336
813	336
855	336
879	336
889	343
406	344
415	344
548	344
557	344
560	344
566	344
651	344
698	344
841	344
856	344
888	344
497	346
610	346
643	346
711	346
355	347
392	347
747	347
898	347
392	355
747	355
427	358
487	358
493	358
654	358
700	358
737	358
789	358
416	366
547	366
676	366
694	366
740	366
837	366
867	366
387	367
398	367
661	367
664	367
714	367
862	367
619	369
664	371
391	374
454	374
898	374
468	378
490	378
513	378
667	378
705	378
750	378
778	378
794	378
492	383
513	383
538	383
592	383
658	383
670	383
685	383
740	383
761	383
778	383
837	383
861	383
898	383
553	386
389	387
714	387
791	387
828	387
714	389
791	389
828	389
569	391
709	391
747	392
416	393
547	393
740	393
837	393
554	396
664	398
862	398
869	398
483	399
497	400
433	402
415	406
451	406
492	406
548	406
557	406
560	406
566	406
599	406
651	406
687	406
698	406
778	406
841	406
856	406
887	406
888	406
458	408
537	408
666	408
790	408
813	408
855	408
879	408
621	410
677	410
695	414
548	415
557	415
560	415
841	415
856	415
887	415
888	415
533	416
539	416
547	416
642	416
670	416
676	416
683	416
694	416
740	416
755	416
761	416
796	416
808	416
837	416
867	416
604	418
620	418
652	418
803	418
504	421
600	421
625	421
765	421
700	423
487	427
654	427
688	427
700	427
737	427
789	427
823	427
784	428
519	432
591	432
635	432
639	432
648	432
463	434
468	434
490	434
492	434
513	434
538	434
560	434
610	434
617	434
622	434
652	434
658	434
667	434
670	434
685	434
691	434
698	434
705	434
728	434
751	434
755	434
760	434
761	434
778	434
795	434
796	434
843	434
844	434
861	434
520	445
702	445
781	445
797	445
884	445
899	445
850	446
759	447
511	449
518	449
531	449
581	449
607	449
616	449
657	449
678	449
787	449
548	451
566	451
599	451
766	452
490	454
650	454
606	458
813	458
879	458
763	460
468	463
490	463
513	463
538	463
552	463
610	463
622	463
652	463
658	463
667	463
685	463
691	463
705	463
728	463
729	463
750	463
761	463
778	463
795	463
861	463
630	464
482	466
619	467
490	468
492	468
513	468
538	468
552	468
554	468
560	468
610	468
615	468
622	468
650	468
658	468
667	468
685	468
691	468
705	468
761	468
763	468
778	468
795	468
833	468
843	468
752	473
478	474
496	476
764	476
562	479
717	480
798	480
818	480
866	480
884	480
654	487
688	487
700	487
737	487
789	487
795	487
823	487
492	490
513	490
538	490
560	490
610	490
622	490
650	490
652	490
658	490
667	490
685	490
691	490
698	490
705	490
728	490
729	490
750	490
761	490
778	490
795	490
843	490
865	490
898	490
770	491
538	492
552	492
554	492
557	492
560	492
592	492
620	492
622	492
650	492
651	492
662	492
667	492
670	492
685	492
698	492
705	492
760	492
761	492
778	492
795	492
833	492
843	492
856	492
888	492
823	493
670	496
683	496
764	496
829	496
610	497
643	497
711	497
547	498
637	498
793	501
569	503
614	504
705	507
708	507
865	507
518	511
531	511
581	511
607	511
616	511
657	511
678	511
533	512
538	512
539	512
559	512
574	512
642	512
670	512
676	512
683	512
755	512
761	512
796	512
808	512
837	512
843	512
538	513
597	513
610	513
615	513
622	513
652	513
658	513
667	513
685	513
691	513
698	513
705	513
728	513
729	513
750	513
761	513
778	513
844	513
861	513
531	518
581	518
607	518
616	518
657	518
678	518
591	519
635	519
639	519
648	519
702	520
781	520
797	520
798	520
884	520
899	520
585	522
665	522
780	526
581	531
607	531
616	531
657	531
678	531
787	531
623	532
721	532
891	532
538	533
539	533
547	533
574	533
642	533
662	533
670	533
676	533
683	533
694	533
755	533
761	533
796	533
808	533
829	533
837	533
843	533
867	533
666	537
855	537
539	538
559	538
604	538
610	538
622	538
652	538
658	538
667	538
670	538
676	538
683	538
685	538
695	538
698	538
705	538
728	538
751	538
755	538
760	538
761	538
778	538
796	538
808	538
829	538
837	538
843	538
861	538
867	538
611	539
642	539
670	539
676	539
683	539
694	539
751	539
755	539
761	539
796	539
808	539
837	539
843	539
867	539
569	541
756	541
584	545
740	545
761	545
837	545
637	547
676	547
740	547
837	547
557	548
560	548
566	548
599	548
651	548
698	548
841	548
856	548
865	548
885	548
887	548
888	548
610	552
622	552
667	552
685	552
695	552
761	552
778	552
861	552
560	554
662	554
670	554
560	557
566	557
599	557
651	557
698	557
778	557
814	557
841	557
856	557
887	557
888	557
751	559
755	559
843	559
566	560
599	560
610	560
651	560
662	560
670	560
687	560
698	560
778	560
814	560
841	560
856	560
887	560
888	560
764	565
599	566
651	566
687	566
698	566
841	566
856	566
887	566
888	566
890	568
756	569
843	569
691	571
642	574
670	574
676	574
683	574
755	574
761	574
796	574
829	574
837	574
807	578
607	581
616	581
657	581
678	581
740	584
761	584
837	584
861	584
665	585
658	589
635	591
639	591
648	591
617	592
650	592
658	592
708	592
763	592
778	592
861	592
898	596
761	597
698	599
841	599
856	599
887	599
888	599
765	600
620	604
670	604
705	604
843	604
616	607
657	607
678	607
787	607
622	610
643	610
652	610
658	610
667	610
670	610
685	610
691	610
698	610
705	610
728	610
750	610
751	610
761	610
778	610
843	610
861	610
628	611
642	611
667	611
670	611
683	611
755	611
761	611
796	611
837	611
843	611
622	615
778	615
795	615
657	616
678	616
778	617
763	620
677	621
652	622
658	622
667	622
670	622
685	622
691	622
698	622
705	622
728	622
750	622
760	622
761	622
778	622
795	622
861	622
721	623
891	623
765	625
681	626
868	631
637	634
639	635
648	635
648	639
842	639
723	641
662	642
670	642
676	642
683	642
694	642
755	642
761	642
796	642
808	642
829	642
837	642
867	642
803	643
668	644
743	644
869	644
727	645
758	645
756	646
778	650
898	650
662	651
687	651
698	651
745	651
778	651
841	651
856	651
887	651
888	651
658	652
667	652
685	652
705	652
728	652
761	652
778	652
795	652
844	652
861	652
673	653
795	653
820	653
833	653
874	653
700	654
789	654
823	654
678	657
667	658
685	658
691	658
698	658
705	658
728	658
729	658
750	658
761	658
778	658
664	661
862	661
670	662
683	662
698	662
751	662
755	662
796	662
808	662
841	662
862	664
813	666
855	666
879	666
670	667
676	667
685	667
691	667
705	667
728	667
729	667
750	667
751	667
755	667
761	667
778	667
795	667
796	667
837	667
843	667
861	667
743	668
676	670
683	670
685	670
694	670
698	670
751	670
755	670
760	670
761	670
778	670
796	670
808	670
829	670
837	670
843	670
867	670
795	673
820	673
874	673
835	675
683	676
694	676
740	676
751	676
755	676
761	676
796	676
808	676
829	676
837	676
843	676
861	676
867	676
787	678
795	678
784	680
694	683
751	683
755	683
761	683
796	683
808	683
829	683
837	683
843	683
867	683
691	685
705	685
728	685
750	685
760	685
761	685
778	685
795	685
844	685
861	685
841	687
887	687
888	687
705	691
728	691
750	691
761	691
778	691
878	691
755	694
761	694
796	694
808	694
837	694
867	694
761	695
705	698
778	698
814	698
833	698
841	698
856	698
887	698
888	698
789	700
823	700
781	702
797	702
798	702
884	702
899	702
728	705
750	705
761	705
778	705
843	705
865	708
724	710
791	714
828	714
748	715
798	717
818	717
866	717
884	717
891	721
895	722
758	727
785	727
760	728
761	728
778	728
795	728
796	728
843	728
861	728
789	737
761	740
837	740
843	740
861	740
867	740
869	743
856	745
761	750
778	750
755	751
761	751
796	751
808	751
829	751
843	751
761	755
796	755
808	755
829	755
837	755
843	755
785	758
761	760
796	760
844	760
778	761
796	761
829	761
837	761
843	761
844	761
861	761
867	761
878	761
814	778
833	778
841	778
843	778
856	778
861	778
888	778
797	781
798	781
884	781
899	781
859	784
823	789
855	790
828	791
820	795
833	795
861	795
874	795
808	796
829	796
837	796
843	796
867	796
798	797
884	797
899	797
818	798
866	798
884	798
899	798
829	808
837	808
843	808
855	813
879	813
841	814
887	814
866	818
884	818
874	820
837	829
843	837
861	837
867	837
856	841
865	841
887	841
888	841
859	842
861	843
867	843
861	844
879	855
885	856
887	856
888	856
867	861
871	864
888	865
884	866
899	884
888	887
