3227	2265
3519	387
3519	2519
1193	1780
3677	2385
3677	1302
3677	3262
2841	1759
2841	4381
2841	3400
2850	1869
2972	1057
2972	3841
2972	269
2972	2362
2972	2939
2857	2405
1342	3252
1342	2237
1342	3616
1342	418
1342	4297
1342	3975
1342	1873
1342	524
1342	3934
1342	2884
1342	1257
1342	795
1342	4099
1342	3517
1342	3472
1342	2122
1342	1649
1342	1109
1342	3001
2762	3027
3784	4444
3784	1376
3784	3507
3784	326
3784	31
3784	3820
3784	248
3246	2801
3246	3136
1587	600
1587	2362
857	544
857	1300
857	1784
857	4381
857	318
857	3262
704	3060
704	4155
704	38
704	211
704	4169
704	831
704	4104
704	545
704	4209
704	25
704	2472
704	2795
704	3782
704	4070
3384	3811
1168	181
1168	1324
764	4297
1431	1788
3852	3501
3852	545
3852	3061
2823	2462
2823	3203
2823	974
2823	2276
2823	1963
3252	2817
3252	3517
659	2265
659	4187
659	4453
890	4297
890	2401
890	1963
890	3528
3861	1938
3450	288
3450	1967
245	1854
245	948
245	4425
245	1102
245	288
245	678
245	925
245	1967
245	2923
245	4317
1422	2707
1764	2471
345	3688
345	2405
4444	2175
3541	786
3541	4019
3541	2471
3541	1985
3541	1386
3541	1963
786	4019
786	2817
786	1985
786	1386
4019	2817
4019	2471
4019	1985
4019	1386
2817	2471
2817	1985
2817	3544
393	4264
393	929
2729	335
2729	2405
335	3297
335	4228
335	1990
335	1481
335	793
335	544
335	4357
335	3060
335	723
335	2420
335	2903
335	1759
335	3413
335	2529
335	167
335	2112
335	3220
335	1144
335	1914
335	1048
335	1362
335	597
335	4395
335	2562
335	218
335	3904
335	1881
335	3061
3297	4228
3297	2958
3297	4169
3297	3139
3297	1343
4228	2295
1990	3310
1990	3571
2339	4303
2339	963
2553	4343
2553	2865
2553	1552
4343	2865
4343	1392
2539	4029
92	1106
2232	599
4454	1357
4454	1854
4454	948
4454	4256
4454	4425
4454	1967
3024	2464
3024	3693
3024	347
3024	544
3024	2386
3024	2405
2464	3693
2464	347
2464	544
2464	2386
2464	3264
2464	748
3693	347
3693	544
3693	2386
3693	244
3693	3066
3693	1554
347	544
347	2386
347	3264
347	3084
347	2923
3679	528
3679	288
629	2003
629	716
629	1623
3163	3501
3163	2562
828	536
3431	1774
3431	887
793	2180
793	2529
793	1921
793	1378
793	1235
793	1017
793	1441
793	3262
1012	545
1965	318
1965	3291
544	2386
544	186
544	3616
544	2385
544	2180
544	4337
544	3066
544	2529
544	2976
544	3975
544	4224
544	3264
544	13
544	4442
544	730
544	2074
544	4025
544	1878
544	2609
2386	3975
2386	3264
2386	4381
2237	1573
2237	864
2237	524
2805	702
3947	524
4458	3416
4459	1725
4459	288
4459	2866
599	1898
599	1736
599	2283
599	3813
599	1084
599	887
599	3804
599	3964
3423	2405
3423	3475
2491	720
2491	2958
939	4169
939	3139
939	1473
2859	2965
2859	1298
2859	3465
4384	3022
1238	117
836	2152
4357	1676
261	4206
3060	3235
3060	723
3060	3205
3060	1676
3060	238
3060	1573
3060	4443
3060	3211
3060	1873
3060	831
3060	4248
3060	3471
3060	986
3060	2262
3060	4209
3060	3139
3060	929
3060	887
3060	447
3060	966
3060	2734
3060	3964
1376	3595
1376	1542
1376	2811
1376	2443
1376	1286
1376	447
1376	3137
609	4248
609	3061
3580	62
2965	152
2965	2111
2965	2021
2965	3280
2965	2100
2965	3353
2965	2022
2965	555
2965	2498
2965	2811
2965	2206
2965	2035
2965	2252
2965	313
2965	3950
2965	2175
2965	2294
2965	2275
2965	584
2965	1441
2965	2849
2965	3136
2965	4446
2965	4209
2965	2127
2965	4381
2965	3464
2965	2343
2965	716
2965	2515
2965	70
2965	614
2965	699
2965	937
2965	1033
2965	1373
2965	1392
2965	1411
2965	1440
2965	1566
2965	1583
2965	1612
2965	1967
2965	2047
2965	2067
2965	2099
2965	2137
2965	3291
2965	2170
2965	2225
2965	2335
2965	2399
2965	2444
2965	3250
2965	3283
2965	3284
2965	4070
2965	4401
4323	152
4323	2405
526	152
3152	152
3152	4338
3152	2466
3152	0
152	4338
152	186
152	917
152	2466
152	0
152	940
4338	2550
4338	4381
186	4311
186	1573
186	3136
186	3262
186	3785
917	2466
917	0
2466	0
3235	2602
3235	1583
1763	2801
1763	2470
208	683
208	2336
2448	1974
2189	814
2189	1183
2189	2936
2189	3211
2189	3975
2189	3264
2189	1620
2189	3001
2189	2148
2248	3616
2248	4179
2248	1921
2248	4224
2248	3264
2248	1878
2248	3400
2048	2050
2048	2350
2048	3203
2048	4381
2048	2292
2048	4266
2048	1963
2048	3483
3049	2020
3049	4079
1280	106
1280	3460
1280	3785
4240	2132
4240	1902
4240	2660
4240	859
2021	2799
2021	4279
2021	4445
2021	2098
2021	874
2021	65
1809	2638
1167	1398
2403	536
1300	4344
1300	2936
1300	1373
2357	2958
3616	619
3616	418
3616	3211
3616	3264
3616	3934
2799	3220
2799	3364
2799	4279
2799	4445
2799	2098
2799	874
2799	83
2752	380
2752	368
2752	4222
2752	57
4179	2265
2796	814
2796	732
2796	829
2796	864
2796	2518
2796	2821
2796	4131
2796	1989
2796	4187
2796	1491
2796	2884
2796	830
2796	112
2796	499
2796	1311
2796	2148
2796	2264
3621	2903
1334	4428
1334	4360
2458	2049
2458	1216
2458	2085
2458	2148
2049	426
2049	407
2049	3975
2049	12
2049	300
2049	233
2049	384
2049	443
4200	2529
4200	167
4200	1693
4200	2518
4200	3139
3937	113
3937	1543
2381	936
2381	3491
1725	948
1725	564
253	2398
253	2638
2462	814
2462	385
2462	600
2462	2638
2462	1492
2462	2074
2462	1731
2462	1881
4341	1043
4341	3027
18	1660
18	419
18	1031
18	3434
18	1731
2126	1542
2126	1406
2126	2254
2126	3647
2126	2884
2126	728
2126	318
2385	1542
2385	3647
2385	2884
2385	318
2385	2525
2385	3262
2824	3084
62	1660
62	3139
2471	1985
2471	1386
2471	1406
2471	988
2471	974
1985	1386
1985	1406
1985	4209
2977	4296
2977	3281
2977	263
2977	340
2977	2708
1386	2405
744	2130
2949	96
619	297
619	123
619	2130
619	1620
514	2405
4337	2132
1542	4085
1542	3264
1542	627
1542	14
1542	3027
1542	3528
1542	1881
1542	984
3187	1406
3187	2041
3187	525
3187	988
3187	40
3187	868
3187	3482
2317	96
2317	3140
2317	2699
2317	4429
2317	2562
2317	844
536	648
536	96
536	1514
536	2844
536	730
536	3499
536	4279
536	259
536	2130
536	485
1406	643
1406	3400
920	2828
920	3647
920	1711
920	4394
2828	3647
2828	1711
2828	3579
2828	594
2828	1845
2828	4394
1552	2638
1552	3975
1552	938
884	2100
884	242
1177	183
1177	948
1177	1102
1177	925
1177	1967
3280	391
723	1573
723	2958
2050	3866
2050	3498
2050	3303
2050	864
2050	3512
2050	4187
2050	3460
2050	3611
2050	2884
2050	1553
2050	1480
2050	4008
2050	1226
2050	1845
2050	4199
2050	984
3866	4057
3866	3303
3866	1378
3866	1247
3866	4248
3866	4187
3866	1553
3635	1902
1673	4209
643	4209
4311	4155
4311	1057
4311	2404
4311	2874
244	3739
244	814
244	115
244	4092
244	1506
244	167
244	4297
244	1482
244	3264
244	2391
244	3261
244	730
244	195
244	343
244	2637
244	1362
244	1568
244	263
244	3862
244	2416
244	965
244	3563
244	912
244	3464
244	3472
244	2727
244	1402
244	1622
244	3266
244	3857
244	2582
3739	3843
113	3501
113	3220
113	661
113	4453
113	3077
113	4360
113	3139
113	2525
404	683
404	929
404	288
404	3981
1357	501
1357	3402
1357	2032
1357	288
1357	925
1357	2217
1357	3891
709	1309
1854	1820
1854	2262
1854	1499
1854	683
1854	2514
1854	2032
1854	4186
1854	4425
1854	64
1854	69
1854	288
1854	1443
1854	1967
1854	2244
1540	574
1540	266
2100	65
2100	1829
1895	574
1895	3460
574	936
4057	2420
2420	1235
2420	3262
1780	4073
814	600
814	2404
814	1544
814	239
814	4048
814	473
814	3139
1898	2405
1898	3027
1898	2472
3150	3139
2903	2350
2903	4296
2903	2171
2903	1912
2903	603
2903	2541
2903	1878
2903	964
2903	794
2903	4002
2359	2716
2359	4296
3686	2398
3686	2038
3686	2207
1736	3482
1759	3307
1759	720
1759	3501
1759	1206
1759	1921
1759	1070
1759	3952
1759	3971
1759	3220
1759	1530
1759	2855
1759	4074
1759	2438
1759	40
1759	1528
1759	209
1759	4206
1759	348
1759	868
1759	1512
1759	2399
1759	711
3066	40
183	1943
183	3402
183	2330
183	1820
183	2103
183	4457
183	683
183	2032
183	16
183	288
183	2733
183	925
183	1443
183	1967
183	4317
3205	1266
4264	3862
3044	1235
3044	713
3044	906
3044	1582
886	1515
4134	430
4134	242
4134	936
3033	242
3033	70
3307	3528
1897	2472
4249	1731
3781	4185
3781	790
3781	4169
3781	4089
3781	929
3781	3928
3781	1946
3598	2057
680	1984
680	4446
680	2525
3864	4381
3864	443
720	1676
2166	259
1676	2995
1676	285
1676	3061
2769	2405
2769	2550
4397	2096
1660	4064
1660	2096
1660	259
1660	3061
3498	100
3974	2955
3974	1324
3974	1515
3501	1531
3501	2265
3501	1247
3501	1415
3501	3156
3501	3936
3501	2155
3501	3910
2946	2276
3353	1902
3353	1339
4017	1445
4017	117
4017	3912
648	2265
648	1257
648	3027
648	3262
540	1113
4377	4446
4155	1057
4155	90
4155	3139
1057	1885
999	2658
1302	3139
1302	2609
1302	3427
1302	4045
2132	96
2132	2958
3841	864
3841	2112
3841	22
3841	3460
3841	4199
751	337
751	127
751	57
2028	2958
2243	1989
385	2405
385	3611
385	2023
905	4227
905	1829
2709	4042
4029	1318
4029	313
4029	1885
4029	2152
4029	1515
4029	1906
4029	1561
4029	2068
4029	2213
4029	3719
4029	4070
3379	1128
3379	2078
3379	1017
3379	2130
3379	667
3607	3088
3607	3076
600	2245
600	182
600	3261
600	728
600	1257
600	3136
600	2416
600	1963
600	742
600	2525
600	3343
363	4169
363	3139
1015	1063
2398	3815
2398	2336
2398	4386
2603	3528
2955	4169
2955	1515
2955	3139
79	4168
1841	3512
1841	1128
1841	1362
1841	597
1841	2562
1849	3220
214	2405
1184	936
115	3785
732	4205
732	1499
732	830
732	2423
1087	2405
2801	1348
2801	288
1348	288
1348	4327
1786	2369
1786	3694
649	3975
2022	4381
2022	288
2022	2143
1726	765
2295	2362
2295	974
2295	665
3099	414
3099	3912
1943	1820
1943	209
1943	288
3505	3714
3505	2884
3505	65
2350	2716
2350	956
2350	2821
2350	4381
2350	1041
2350	1881
2917	3512
2917	2884
2917	2470
2917	2746
2917	25
2917	3123
2239	2928
238	1984
238	1570
4064	2638
4064	2405
4064	3027
3507	3223
3507	2498
3507	2566
3507	2774
3507	2660
3507	3025
3507	14
3507	846
3223	2308
3223	2405
3223	3084
3223	846
3223	626
3209	1172
3209	846
3209	2920
2498	3820
1201	1252
470	2177
470	1443
470	3717
3413	1784
3413	3460
3413	2267
3413	1218
3413	2292
3413	846
3413	2920
796	1183
796	1962
1183	418
1183	1974
1183	887
1183	2421
2073	2405
2730	288
978	1515
1893	2405
326	3888
31	318
28	418
418	4329
418	4297
418	3220
418	3849
418	15
418	3136
418	3456
418	131
418	2155
418	2530
418	2635
418	3459
2093	430
2792	2405
1742	369
805	57
2807	2003
2807	948
174	3130
717	3130
4303	3130
4303	4092
4303	4025
4303	1441
4303	364
4303	4381
172	1878
172	4360
172	3262
904	4296
904	4442
904	2580
904	3572
2638	1842
2638	955
2638	3613
2638	2265
2638	3285
2638	98
2638	3371
2638	3979
2638	3872
2638	2351
2638	2609
2638	3
1106	4149
1106	831
1106	597
1106	318
1784	408
1784	364
686	4356
2529	1235
2529	929
2529	351
1902	3211
430	3278
430	955
430	3220
430	885
430	240
430	2033
430	1567
2811	3220
2811	3084
3405	3107
3867	3482
656	96
656	3270
656	4381
2308	4248
1172	46
1172	1492
1172	3504
46	1492
2003	948
2003	1829
2003	2086
2003	3482
948	956
948	1820
948	480
948	2262
948	1445
948	2457
948	2032
948	1480
948	16
948	288
948	1443
948	1967
948	2244
2566	3264
2566	1984
2475	1351
1088	1573
2404	3211
2404	2844
2404	2130
2404	391
3976	1161
1371	2936
1371	3872
1371	887
2936	2948
1113	788
4256	765
4256	1331
4256	288
4329	951
1573	4092
1573	167
1573	2639
1573	4369
1573	3689
1573	3872
1573	1702
1573	4244
1573	984
2534	4092
4092	3872
4120	380
4120	96
271	2057
100	1368
533	2405
533	2265
533	545
533	3992
533	2746
533	3689
3865	864
3865	4048
3865	395
2443	3136
3148	3736
3148	2894
3148	1917
3148	2032
3148	1480
3148	1102
3148	288
3148	4317
3081	3736
3081	2894
3081	4423
3081	3203
3081	3805
829	1819
829	951
829	684
829	2030
829	2550
829	3139
517	516
516	2958
516	507
181	3471
2892	2405
3211	3975
3211	369
3211	1839
3211	3001
3211	1782
3211	4070
1206	3136
1206	4265
1544	239
1544	473
4455	4169
4455	3139
2245	2152
2245	4445
3736	2894
2894	3485
3811	1324
3811	3220
3811	962
1819	3593
1819	3264
1819	386
1819	3895
1819	406
1819	2130
1819	3668
1819	887
1819	4400
3387	588
3387	3129
3387	4446
3387	282
380	597
380	1017
380	1441
380	117
2716	3220
2716	2612
211	4245
211	3139
4296	3863
4296	2541
4296	2369
864	3077
864	1553
864	2928
3735	2958
3735	248
1527	2958
1188	4317
1316	3190
1316	2334
1931	683
3194	1443
1932	2711
956	3975
956	2756
956	1257
955	3975
955	2756
955	3870
2330	4457
2330	288
2330	1967
2330	3357
2333	288
2171	3220
2869	3717
1318	524
1318	3084
1318	4381
3574	2405
2215	3276
2215	3083
3016	1070
3016	3077
3016	1878
3016	1963
407	2958
407	1234
3134	1269
2408	2254
2408	3281
2254	2405
242	936
242	986
3289	1916
1513	524
3923	2265
167	3371
167	1491
167	3025
167	1878
754	779
4297	3139
273	3281
3780	1469
3780	3281
1917	4381
2041	525
2041	3407
1171	1240
3956	4169
3613	1740
3392	4378
3392	4248
3392	3220
3392	1530
3392	929
3392	2734
2405	4322
2405	4224
2405	2767
2405	3934
2405	931
2405	4442
2405	696
2405	4030
2405	2275
2405	830
2405	1257
2405	991
2405	1568
2405	2541
2405	1170
2405	1621
2405	3104
2405	282
2405	4186
2405	207
2405	1109
2405	1901
2405	2988
2405	3318
2405	53
2405	1774
2405	67
2405	120
2405	447
2405	557
2405	718
2405	896
2405	1026
2405	1053
2405	1091
2405	1105
2405	1151
2405	1547
2405	1634
2405	1959
2405	2068
2405	2148
2405	2255
2405	2319
2405	2364
2405	2536
2405	2570
2405	2619
2405	2650
2405	2681
2405	2741
2405	2860
2405	2945
2405	2954
2405	2990
2405	3032
2405	3042
2405	3234
2405	3298
2405	3482
2405	3493
2405	3496
2405	3521
2405	3540
2405	3544
2405	3614
2405	3627
2405	3722
2405	3794
2405	3912
2405	3927
2405	4109
2405	4237
2405	4327
2405	4358
2405	4386
2405	4420
2405	3594
1978	3084
1978	40
1978	3083
1978	3872
1978	14
1531	1247
2112	1324
2112	3139
512	3703
2576	2751
2710	2102
2710	259
551	936
3512	988
3512	684
3512	489
3512	1585
1921	14
3914	2262
1820	3220
1820	1102
1820	3396
3593	3139
3975	1693
3975	1378
3975	425
3975	2252
3975	3264
3975	90
3975	4423
3975	369
3975	1257
3975	795
3975	83
3975	3889
3975	3001
3975	1869
3975	3717
3466	337
2270	1445
1070	269
1070	771
1070	419
3492	2590
2590	2958
1324	337
1074	2550
1693	1257
1693	243
1378	3398
1378	83
1378	3400
1378	2207
1378	3059
425	83
3948	3262
1777	4205
1477	1989
2265	1247
2265	3952
2265	1144
2265	4231
2265	332
2265	2580
2265	1553
2265	4133
2265	1179
2265	2055
2265	3620
2265	711
1247	988
1247	3481
1247	1037
1247	874
1247	2950
1247	395
1247	2607
1247	259
1247	3400
1247	2044
1247	2945
588	3129
588	2950
588	4446
588	2580
588	761
2195	1568
525	1273
564	683
564	288
564	925
564	1443
936	1974
936	542
936	557
936	560
936	606
936	614
936	650
936	1101
936	1151
936	1226
936	1402
936	1702
936	2004
936	2125
96	259
2565	4423
2518	269
2518	2362
2518	1523
2518	795
4322	4073
4322	1480
3167	545
3167	4387
3022	1913
3952	1361
2821	499
269	771
269	2152
2958	2657
2958	229
2958	2152
2958	2572
2958	1974
2958	364
2958	2832
2958	929
2958	1043
2958	2496
2958	257
2958	317
2958	2217
2958	2319
2958	2399
2958	2485
2958	2835
2958	2836
2958	2890
2958	2932
2958	2933
2958	2960
2958	3427
3267	3820
3267	147
3267	364
3820	313
3820	1514
3820	461
3820	2794
3820	147
3820	117
3820	364
3820	1031
313	3220
313	1164
313	1128
313	147
313	364
313	4381
3569	2559
3569	879
2057	4149
2057	3491
2057	804
2057	3422
2057	2803
2057	2130
4149	3491
3491	3617
3491	2130
3491	2933
4245	2474
4245	3272
4245	984
1781	3768
1781	291
1781	3482
1432	951
4224	1144
4224	369
4224	419
4224	4395
4224	1878
4224	2980
4224	3262
3470	259
1482	1873
1482	263
2767	788
2767	3327
1469	1257
1469	4002
2601	3839
3714	1017
2096	543
1494	2474
1494	3347
1494	581
3971	4030
3971	3335
3971	1963
2224	4381
2337	489
1461	3270
446	545
2559	3300
2559	3357
675	1161
106	1045
106	4048
106	1611
106	3113
4131	3220
2657	3619
771	248
771	471
771	1836
2152	3481
2152	3849
2152	248
2152	4446
2152	2580
2152	282
2152	2127
2152	4133
951	3220
951	1530
951	4093
554	545
554	1076
554	1626
3256	4233
1604	3591
2592	4222
4169	1598
4169	4209
4169	3139
4169	1830
4169	2319
4169	2332
988	3460
988	2884
988	4445
988	2130
988	1221
988	3343
988	984
3700	489
3190	3083
3190	215
1873	1629
3264	147
3264	1738
3264	3001
3504	728
4211	2884
4211	489
4211	577
1765	2562
1765	1441
1765	767
1765	4381
550	3136
550	7
3088	3083
3088	4381
819	2267
819	528
4424	4381
4424	291
4138	929
586	1695
3797	986
831	408
831	3831
831	4381
831	318
831	1041
4248	1063
3471	3220
3471	3281
3471	3774
986	2982
2982	3084
2994	1598
2994	3139
1989	3460
1989	3139
1989	798
1989	2525
4187	3460
4187	40
4187	4070
3460	684
3460	4007
684	3849
684	1491
684	2884
684	489
684	2366
684	1744
684	984
2052	2774
2052	984
297	2774
297	1620
297	667
297	887
3549	1774
13	1144
3220	1065
3220	3958
3220	2884
3220	1048
3220	584
3220	1626
3220	1568
3220	4074
3220	4445
3220	4178
3220	2438
3220	263
3220	2514
3220	40
3220	1528
3220	2351
3220	1649
3220	240
3220	334
3220	277
3220	381
3220	868
3220	896
3220	1251
3220	1695
3220	2017
3220	3291
3220	2244
3220	2440
3220	2444
3220	3295
3220	3327
3220	3884
3220	3649
3220	3697
3220	3716
3220	3804
3220	3933
3220	4047
3220	4436
1530	2872
1530	3478
1514	147
1514	364
1514	3434
1435	1447
1447	2032
1447	288
2328	1373
3140	2699
3140	4429
2699	4429
3011	1878
72	1252
72	1738
3918	1102
3109	4381
3109	3006
4263	3766
1063	127
386	2562
386	1553
2474	3482
2267	528
2267	500
2267	3689
2077	929
620	3084
1204	274
1204	2879
1204	4119
661	3287
1667	1833
337	1362
337	3007
337	3137
2774	248
2774	209
2844	1823
2844	1963
1002	65
2942	3499
3863	117
3863	218
3863	3083
3863	3318
3863	1521
90	3318
4233	248
4233	3084
3347	581
3347	4153
3347	3046
3347	761
3347	3
941	2628
2212	3084
2212	3889
480	1967
3364	3502
137	522
3849	545
98	117
891	3756
891	1690
1515	3756
1515	475
1515	631
3756	946
3756	2135
3756	3895
946	3324
2000	1867
3647	1711
3647	4394
3934	4096
3934	3517
316	1568
461	597
461	3924
230	2696
2262	683
2262	209
2262	1102
2262	1967
2262	3262
2262	4317
3675	3084
3675	288
931	2130
2948	117
4423	2130
4423	1620
1065	2016
1065	2174
1065	3094
1263	3281
4190	1128
4190	324
3578	294
3578	3071
1608	294
294	91
2103	1967
1551	794
3371	3528
1913	627
627	4231
627	1716
627	3208
627	14
627	3027
627	1963
1024	1343
1037	4381
3107	4074
3107	4172
1144	387
1164	2175
1164	1398
1164	109
1164	1234
1164	1128
1164	1362
1164	2078
1164	597
1164	4395
1164	1017
1164	2562
1164	1441
1164	1881
1164	3262
2175	3958
2175	4360
1398	2276
1398	1637
109	500
3622	681
3622	288
1445	1967
1445	2789
3398	1807
1165	767
1491	1984
1491	489
1491	4446
1491	2580
1491	2525
1491	3061
4442	1984
4442	4446
4442	2580
4442	282
4442	1774
1984	545
1984	3129
1984	2580
1984	1010
1984	3061
545	3129
545	4446
545	282
685	1109
1236	3766
1236	3281
3766	3281
730	3139
730	974
730	196
730	1963
730	454
730	3262
528	3805
1914	2362
1711	3973
1711	4394
3992	1878
1218	1878
3958	1234
3958	1128
1234	3262
2465	606
4084	481
2884	4453
489	1709
4227	2733
1807	4199
4453	2362
4453	1878
4453	4360
4453	3139
4453	2525
603	3689
603	507
3203	2746
3203	3689
3203	2130
248	471
248	1836
248	123
248	1738
248	1038
248	3343
248	3409
495	2765
1128	1286
1128	2078
1128	597
1128	1017
1128	2562
1128	1441
1128	1553
1128	2127
1128	929
1128	2130
1128	667
2362	3343
1286	2863
1286	2130
1235	1523
1235	3001
3575	3084
3575	3077
2360	848
628	2660
628	3544
4110	3139
522	3540
2995	1977
2995	1834
2353	1048
369	2660
2794	147
2794	364
2794	2421
2482	3872
2660	2613
3546	964
101	3493
101	4436
3084	1064
3084	2931
3084	681
3084	414
3084	1153
3084	1829
3084	2053
3084	2185
3084	2970
3084	3123
3084	3287
3084	3427
3084	3718
3084	3722
3084	4002
3084	2833
3084	3591
1839	2214
3281	259
3281	4237
1337	2292
1337	259
419	2074
419	1257
419	3136
419	339
419	794
1215	2074
1215	3136
1215	3139
2074	1017
2074	3136
2074	4381
343	681
147	3946
147	1031
2275	1833
3499	1830
3356	3021
1362	597
1362	1017
1362	2562
1362	1441
1362	2154
2078	1731
597	4395
597	1017
597	2562
597	4025
597	1441
597	1878
4395	2562
4395	970
4395	616
1017	2562
1017	1637
584	4381
584	1753
584	4008
584	4124
3545	2970
2562	4025
2562	1441
2562	1731
4025	1441
4025	3335
4025	1702
1441	318
1441	1731
4231	14
607	903
903	3048
903	3895
4050	2630
486	3563
3129	4446
3129	282
1499	65
1499	1443
2423	57
1257	2470
1257	2631
1257	3042
1257	4379
1716	14
1802	4381
1802	3174
804	2974
795	964
1568	2327
4279	3139
963	3465
1170	756
4074	3482
1252	71
2102	1878
2102	3517
2159	288
2159	3006
2895	4180
2895	794
2895	4394
4180	4445
4180	2098
117	2580
117	3741
117	1473
117	3318
117	25
117	626
117	658
117	2599
117	2840
4445	2098
4445	1933
874	291
3617	1310
3076	3464
1310	1521
1310	1547
496	3540
1933	2319
3946	1031
3946	3434
2457	1967
2457	3482
4457	2032
4457	209
4457	69
4457	288
4457	1443
4457	3485
4457	2582
408	2472
1454	318
1454	868
2438	2939
2146	3517
2146	1738
2146	1782
3843	3804
3843	3964
3843	961
2550	263
2550	424
2550	1636
2550	3776
368	4222
368	57
123	339
123	667
683	4425
683	681
683	1102
683	925
683	1967
683	3123
1823	2776
239	473
239	2444
239	3294
3077	3343
3422	1878
3422	3262
3048	3895
3805	14
83	3517
83	2177
83	1480
83	3001
83	1869
1064	719
1064	1392
1878	4360
1878	2874
1878	4002
1878	2939
767	634
2950	4446
3136	3500
4446	2580
4446	3139
4446	966
4446	3061
616	610
4073	1743
4073	3741
4073	1845
755	4048
4048	395
395	4133
2759	1100
2032	65
2032	1480
2032	1102
2032	1967
2032	4317
2580	282
2580	2525
1016	1521
1016	1547
1016	2421
1016	2628
3660	3139
2416	1963
2416	2525
441	3528
965	4209
3270	1688
3270	2879
4209	3139
40	2775
2980	647
2980	507
1964	4045
1974	3517
1974	4422
4222	57
1553	879
3831	993
3831	4381
364	1031
364	3434
2803	3139
2803	163
2832	406
912	3299
3517	3785
913	3139
2746	500
2746	3689
2745	929
2127	4362
3434	2988
3434	1963
3434	3018
3083	3741
3083	3056
3083	665
3083	937
3083	1307
3083	3123
3579	4394
1995	752
3872	2346
3872	2411
1331	1869
2113	3500
406	2130
2775	4381
4381	3924
4381	2496
4381	3870
4381	75
4381	799
4381	896
4381	1345
4381	1814
4381	1850
4381	3409
4381	3884
4381	3774
4381	3804
4381	3833
4381	3900
4381	3927
4381	4035
4381	4426
57	2130
792	1102
1010	879
1010	2525
2177	3502
2177	1829
2177	2923
2177	3123
2177	4317
2177	1869
318	887
209	1443
209	3006
3139	2480
3139	2515
3139	4008
3139	2793
3139	1636
3139	1881
3139	1946
3139	2011
3139	2319
3139	2332
3139	3262
3139	3343
3139	2628
2476	929
929	4362
929	2655
929	3907
929	887
929	1547
929	1611
929	1946
3924	1950
3924	3262
4291	1102
4291	4317
207	3591
3741	1473
3741	3318
3324	2364
3870	215
14	1963
2292	4266
2292	2727
2292	3483
4266	1963
4266	2871
3472	577
4425	288
4425	1443
4425	1967
4037	65
259	756
259	879
259	3907
259	3262
259	3361
756	75
964	3027
2773	2012
1753	2012
1038	2276
1038	2053
1038	3262
3071	1558
2130	667
2130	3668
2130	3785
3400	2276
3400	112
3400	4400
1731	2276
1620	4282
164	2472
681	288
65	67
65	288
65	2599
65	3123
65	3096
3456	1480
1109	2933
581	4153
581	761
3174	1102
621	2527
1635	2319
3027	447
3027	935
3027	4197
4308	3699
1901	4034
1901	4135
2515	4034
2727	1938
4153	3046
4153	761
4153	3
3907	1963
3907	1521
3907	2628
3907	3483
3046	761
3046	3
3046	3389
1473	3318
1473	2599
2633	2194
2633	1928
2633	2939
2194	2939
846	2920
2988	141
1480	288
3001	3095
2334	288
3318	2599
1102	288
2276	2923
2276	4302
41	541
1774	3482
887	1636
887	3482
69	1443
179	1963
210	2187
215	1747
288	678
288	925
288	1967
288	2696
288	2923
288	4317
288	4327
2733	3262
1963	3528
1963	1222
1963	1675
1963	1709
1963	3343
1963	3500
1963	3483
3528	1222
443	3488
447	4124
448	3028
520	2099
606	2836
636	2507
702	4420
712	3095
721	1056
794	1305
794	1881
794	3262
798	2332
868	2186
925	1967
925	2244
949	3239
973	1216
979	2228
1033	1216
1056	2990
1075	2228
1197	2833
1338	4199
1361	4358
1443	1967
1443	4317
1448	2271
1521	1547
1521	1938
1521	3637
1521	2628
1521	3483
1521	3095
1547	3637
1547	2628
1547	3483
1547	2939
1547	3095
1605	4199
1612	3931
1770	2838
1881	3262
1922	3482
1948	3500
1967	2038
1967	3006
1967	4317
1973	3558
2012	3485
2228	1589
2319	2886
2399	1869
2525	3061
2567	3482
2656	3262
3385	3262
3262	3343
3262	4327
2835	3482
2923	3357
3123	3718
3122	3482
3192	4282
3500	4199
2628	3483
2265	3227
387	3519
2519	3519
1780	1193
2385	3677
1302	3677
3262	3677
1759	2841
4381	2841
3400	2841
1869	2850
1057	2972
3841	2972
269	2972
2362	2972
2939	2972
2405	2857
3252	1342
2237	1342
3616	1342
418	1342
4297	1342
3975	1342
1873	1342
524	1342
3934	1342
2884	1342
1257	1342
795	1342
4099	1342
3517	1342
3472	1342
2122	1342
1649	1342
1109	1342
3001	1342
3027	2762
4444	3784
1376	3784
3507	3784
326	3784
31	3784
3820	3784
248	3784
2801	3246
3136	3246
600	1587
2362	1587
544	857
1300	857
1784	857
4381	857
318	857
3262	857
3060	704
4155	704
38	704
211	704
4169	704
831	704
4104	704
545	704
4209	704
25	704
2472	704
2795	704
3782	704
4070	704
3811	3384
181	1168
1324	1168
4297	764
1788	1431
3501	3852
545	3852
3061	3852
2462	2823
3203	2823
974	2823
2276	2823
1963	2823
2817	3252
3517	3252
2265	659
4187	659
4453	659
4297	890
2401	890
1963	890
3528	890
1938	3861
288	3450
1967	3450
1854	245
948	245
4425	245
1102	245
288	245
678	245
925	245
1967	245
2923	245
4317	245
2707	1422
2471	1764
3688	345
2405	345
2175	4444
786	3541
4019	3541
2471	3541
1985	3541
1386	3541
1963	3541
4019	786
2817	786
1985	786
1386	786
2817	4019
2471	4019
1985	4019
1386	4019
2471	2817
1985	2817
3544	2817
4264	393
929	393
335	2729
2405	2729
3297	335
4228	335
1990	335
1481	335
793	335
544	335
4357	335
3060	335
723	335
2420	335
2903	335
1759	335
3413	335
2529	335
167	335
2112	335
3220	335
1144	335
1914	335
1048	335
1362	335
597	335
4395	335
2562	335
218	335
3904	335
1881	335
3061	335
4228	3297
2958	3297
4169	3297
3139	3297
1343	3297
2295	4228
3310	1990
3571	1990
4303	2339
963	2339
4343	2553
2865	2553
1552	2553
2865	4343
1392	4343
4029	2539
1106	92
599	2232
1357	4454
1854	4454
948	4454
4256	4454
4425	4454
1967	4454
2464	3024
3693	3024
347	3024
544	3024
2386	3024
2405	3024
3693	2464
347	2464
544	2464
2386	2464
3264	2464
748	2464
347	3693
544	3693
2386	3693
244	3693
3066	3693
1554	3693
544	347
2386	347
3264	347
3084	347
2923	347
528	3679
288	3679
2003	629
716	629
1623	629
3501	3163
2562	3163
536	828
1774	3431
887	3431
2180	793
2529	793
1921	793
1378	793
1235	793
1017	793
1441	793
3262	793
545	1012
318	1965
3291	1965
2386	544
186	544
3616	544
2385	544
2180	544
4337	544
3066	544
2529	544
2976	544
3975	544
4224	544
3264	544
13	544
4442	544
730	544
2074	544
4025	544
1878	544
2609	544
3975	2386
3264	2386
4381	2386
1573	2237
864	2237
524	2237
702	2805
524	3947
3416	4458
1725	4459
288	4459
2866	4459
1898	599
1736	599
2283	599
3813	599
1084	599
887	599
3804	599
3964	599
2405	3423
3475	3423
720	2491
2958	2491
4169	939
3139	939
1473	939
2965	2859
1298	2859
3465	2859
3022	4384
117	1238
2152	836
1676	4357
4206	261
3235	3060
723	3060
3205	3060
1676	3060
238	3060
1573	3060
4443	3060
3211	3060
1873	3060
831	3060
4248	3060
3471	3060
986	3060
2262	3060
4209	3060
3139	3060
929	3060
887	3060
447	3060
966	3060
2734	3060
3964	3060
3595	1376
1542	1376
2811	1376
2443	1376
1286	1376
447	1376
3137	1376
4248	609
3061	609
62	3580
152	2965
2111	2965
2021	2965
3280	2965
2100	2965
3353	2965
2022	2965
555	2965
2498	2965
2811	2965
2206	2965
2035	2965
2252	2965
313	2965
3950	2965
2175	2965
2294	2965
2275	2965
584	2965
1441	2965
2849	2965
3136	2965
4446	2965
4209	2965
2127	2965
4381	2965
3464	2965
2343	2965
716	2965
2515	2965
70	2965
614	2965
699	2965
937	2965
1033	2965
1373	2965
1392	2965
1411	2965
1440	2965
1566	2965
1583	2965
1612	2965
1967	2965
2047	2965
2067	2965
2099	2965
2137	2965
3291	2965
2170	2965
2225	2965
2335	2965
2399	2965
2444	2965
3250	2965
3283	2965
3284	2965
4070	2965
4401	2965
152	4323
2405	4323
152	526
152	3152
4338	3152
2466	3152
0	3152
4338	152
186	152
917	152
2466	152
0	152
940	152
2550	4338
4381	4338
4311	186
1573	186
3136	186
3262	186
3785	186
2466	917
0	917
0	2466
2602	3235
1583	3235
2801	1763
2470	1763
683	208
2336	208
1974	2448
814	2189
1183	2189
2936	2189
3211	2189
3975	2189
3264	2189
1620	2189
3001	2189
2148	2189
3616	2248
4179	2248
1921	2248
4224	2248
3264	2248
1878	2248
3400	2248
2050	2048
2350	2048
3203	2048
4381	2048
2292	2048
4266	2048
1963	2048
3483	2048
2020	3049
4079	3049
106	1280
3460	1280
3785	1280
2132	4240
1902	4240
2660	4240
859	4240
2799	2021
4279	2021
4445	2021
2098	2021
874	2021
65	2021
2638	1809
1398	1167
536	2403
4344	1300
2936	1300
1373	1300
2958	2357
619	3616
418	3616
3211	3616
3264	3616
3934	3616
3220	2799
3364	2799
4279	2799
4445	2799
2098	2799
874	2799
83	2799
380	2752
368	2752
4222	2752
57	2752
2265	4179
814	2796
732	2796
829	2796
864	2796
2518	2796
2821	2796
4131	2796
1989	2796
4187	2796
1491	2796
2884	2796
830	2796
112	2796
499	2796
1311	2796
2148	2796
2264	2796
2903	3621
4428	1334
4360	1334
2049	2458
1216	2458
2085	2458
2148	2458
426	2049
407	2049
3975	2049
12	2049
300	2049
233	2049
384	2049
443	2049
2529	4200
167	4200
1693	4200
2518	4200
3139	4200
113	3937
1543	3937
936	2381
3491	2381
948	1725
564	1725
2398	253
2638	253
814	2462
385	2462
600	2462
2638	2462
1492	2462
2074	2462
1731	2462
1881	2462
1043	4341
3027	4341
1660	18
419	18
1031	18
3434	18
1731	18
1542	2126
1406	2126
2254	2126
3647	2126
2884	2126
728	2126
318	2126
1542	2385
3647	2385
2884	2385
318	2385
2525	2385
3262	2385
3084	2824
1660	62
3139	62
1985	2471
1386	2471
1406	2471
988	2471
974	2471
1386	1985
1406	1985
4209	1985
4296	2977
3281	2977
263	2977
340	2977
2708	2977
2405	1386
2130	744
96	2949
297	619
123	619
2130	619
1620	619
2405	514
2132	4337
4085	1542
3264	1542
627	1542
14	1542
3027	1542
3528	1542
1881	1542
984	1542
1406	3187
2041	3187
525	3187
988	3187
40	3187
868	3187
3482	3187
96	2317
3140	2317
2699	2317
4429	2317
2562	2317
844	2317
648	536
96	536
1514	536
2844	536
730	536
3499	536
4279	536
259	536
2130	536
485	536
643	1406
3400	1406
2828	920
3647	920
1711	920
4394	920
3647	2828
1711	2828
3579	2828
594	2828
1845	2828
4394	2828
2638	1552
3975	1552
938	1552
2100	884
242	884
183	1177
948	1177
1102	1177
925	1177
1967	1177
391	3280
1573	723
2958	723
3866	2050
3498	2050
3303	2050
864	2050
3512	2050
4187	2050
3460	2050
3611	2050
2884	2050
1553	2050
1480	2050
4008	2050
1226	2050
1845	2050
4199	2050
984	2050
4057	3866
3303	3866
1378	3866
1247	3866
4248	3866
4187	3866
1553	3866
1902	3635
4209	1673
4209	643
4155	4311
1057	4311
2404	4311
2874	4311
3739	244
814	244
115	244
4092	244
1506	244
167	244
4297	244
1482	244
3264	244
2391	244
3261	244
730	244
195	244
343	244
2637	244
1362	244
1568	244
263	244
3862	244
2416	244
965	244
3563	244
912	244
3464	244
3472	244
2727	244
1402	244
1622	244
3266	244
3857	244
2582	244
3843	3739
3501	113
3220	113
661	113
4453	113
3077	113
4360	113
3139	113
2525	113
683	404
929	404
288	404
3981	404
501	1357
3402	1357
2032	1357
288	1357
925	1357
2217	1357
3891	1357
1309	709
1820	1854
2262	1854
1499	1854
683	1854
2514	1854
2032	1854
4186	1854
4425	1854
64	1854
69	1854
288	1854
1443	1854
1967	1854
2244	1854
574	1540
266	1540
65	2100
1829	2100
574	1895
3460	1895
936	574
2420	4057
1235	2420
3262	2420
4073	1780
600	814
2404	814
1544	814
239	814
4048	814
473	814
3139	814
2405	1898
3027	1898
2472	1898
3139	3150
2350	2903
4296	2903
2171	2903
1912	2903
603	2903
2541	2903
1878	2903
964	2903
794	2903
4002	2903
2716	2359
4296	2359
2398	3686
2038	3686
2207	3686
3482	1736
3307	1759
720	1759
3501	1759
1206	1759
1921	1759
1070	1759
3952	1759
3971	1759
3220	1759
1530	1759
2855	1759
4074	1759
2438	1759
40	1759
1528	1759
209	1759
4206	1759
348	1759
868	1759
1512	1759
2399	1759
711	1759
40	3066
1943	183
3402	183
2330	183
1820	183
2103	183
4457	183
683	183
2032	183
16	183
288	183
2733	183
925	183
1443	183
1967	183
4317	183
1266	3205
3862	4264
1235	3044
713	3044
906	3044
1582	3044
1515	886
430	4134
242	4134
936	4134
242	3033
70	3033
3528	3307
2472	1897
1731	4249
4185	3781
790	3781
4169	3781
4089	3781
929	3781
3928	3781
1946	3781
2057	3598
1984	680
4446	680
2525	680
4381	3864
443	3864
1676	720
259	2166
2995	1676
285	1676
3061	1676
2405	2769
2550	2769
2096	4397
4064	1660
2096	1660
259	1660
3061	1660
100	3498
2955	3974
1324	3974
1515	3974
1531	3501
2265	3501
1247	3501
1415	3501
3156	3501
3936	3501
2155	3501
3910	3501
2276	2946
1902	3353
1339	3353
1445	4017
117	4017
3912	4017
2265	648
1257	648
3027	648
3262	648
1113	540
4446	4377
1057	4155
90	4155
3139	4155
1885	1057
2658	999
3139	1302
2609	1302
3427	1302
4045	1302
96	2132
2958	2132
864	3841
2112	3841
22	3841
3460	3841
4199	3841
337	751
127	751
57	751
2958	2028
1989	2243
2405	385
3611	385
2023	385
4227	905
1829	905
4042	2709
1318	4029
313	4029
1885	4029
2152	4029
1515	4029
1906	4029
1561	4029
2068	4029
2213	4029
3719	4029
4070	4029
1128	3379
2078	3379
1017	3379
2130	3379
667	3379
3088	3607
3076	3607
2245	600
182	600
3261	600
728	600
1257	600
3136	600
2416	600
1963	600
742	600
2525	600
3343	600
4169	363
3139	363
1063	1015
3815	2398
2336	2398
4386	2398
3528	2603
4169	2955
1515	2955
3139	2955
4168	79
3512	1841
1128	1841
1362	1841
597	1841
2562	1841
3220	1849
2405	214
936	1184
3785	115
4205	732
1499	732
830	732
2423	732
2405	1087
1348	2801
288	2801
288	1348
4327	1348
2369	1786
3694	1786
3975	649
4381	2022
288	2022
2143	2022
765	1726
2362	2295
974	2295
665	2295
414	3099
3912	3099
1820	1943
209	1943
288	1943
3714	3505
2884	3505
65	3505
2716	2350
956	2350
2821	2350
4381	2350
1041	2350
1881	2350
3512	2917
2884	2917
2470	2917
2746	2917
25	2917
3123	2917
2928	2239
1984	238
1570	238
2638	4064
2405	4064
3027	4064
3223	3507
2498	3507
2566	3507
2774	3507
2660	3507
3025	3507
14	3507
846	3507
2308	3223
2405	3223
3084	3223
846	3223
626	3223
1172	3209
846	3209
2920	3209
3820	2498
1252	1201
2177	470
1443	470
3717	470
1784	3413
3460	3413
2267	3413
1218	3413
2292	3413
846	3413
2920	3413
1183	796
1962	796
418	1183
1974	1183
887	1183
2421	1183
2405	2073
288	2730
1515	978
2405	1893
3888	326
318	31
418	28
4329	418
4297	418
3220	418
3849	418
15	418
3136	418
3456	418
131	418
2155	418
2530	418
2635	418
3459	418
430	2093
2405	2792
369	1742
57	805
2003	2807
948	2807
3130	174
3130	717
3130	4303
4092	4303
4025	4303
1441	4303
364	4303
4381	4303
1878	172
4360	172
3262	172
4296	904
4442	904
2580	904
3572	904
1842	2638
955	2638
3613	2638
2265	2638
3285	2638
98	2638
3371	2638
3979	2638
3872	2638
2351	2638
2609	2638
3	2638
4149	1106
831	1106
597	1106
318	1106
408	1784
364	1784
4356	686
1235	2529
929	2529
351	2529
3211	1902
3278	430
955	430
3220	430
885	430
240	430
2033	430
1567	430
3220	2811
3084	2811
3107	3405
3482	3867
96	656
3270	656
4381	656
4248	2308
46	1172
1492	1172
3504	1172
1492	46
948	2003
1829	2003
2086	2003
3482	2003
956	948
1820	948
480	948
2262	948
1445	948
2457	948
2032	948
1480	948
16	948
288	948
1443	948
1967	948
2244	948
3264	2566
1984	2566
1351	2475
1573	1088
3211	2404
2844	2404
2130	2404
391	2404
1161	3976
2936	1371
3872	1371
887	1371
2948	2936
788	1113
765	4256
1331	4256
288	4256
951	4329
4092	1573
167	1573
2639	1573
4369	1573
3689	1573
3872	1573
1702	1573
4244	1573
984	1573
4092	2534
3872	4092
380	4120
96	4120
2057	271
1368	100
2405	533
2265	533
545	533
3992	533
2746	533
3689	533
864	3865
4048	3865
395	3865
3136	2443
3736	3148
2894	3148
1917	3148
2032	3148
1480	3148
1102	3148
288	3148
4317	3148
3736	3081
2894	3081
4423	3081
3203	3081
3805	3081
1819	829
951	829
684	829
2030	829
2550	829
3139	829
516	517
2958	516
507	516
3471	181
2405	2892
3975	3211
369	3211
1839	3211
3001	3211
1782	3211
4070	3211
3136	1206
4265	1206
239	1544
473	1544
4169	4455
3139	4455
2152	2245
4445	2245
2894	3736
3485	2894
1324	3811
3220	3811
962	3811
3593	1819
3264	1819
386	1819
3895	1819
406	1819
2130	1819
3668	1819
887	1819
4400	1819
588	3387
3129	3387
4446	3387
282	3387
597	380
1017	380
1441	380
117	380
3220	2716
2612	2716
4245	211
3139	211
3863	4296
2541	4296
2369	4296
3077	864
1553	864
2928	864
2958	3735
248	3735
2958	1527
4317	1188
3190	1316
2334	1316
683	1931
1443	3194
2711	1932
3975	956
2756	956
1257	956
3975	955
2756	955
3870	955
4457	2330
288	2330
1967	2330
3357	2330
288	2333
3220	2171
3717	2869
524	1318
3084	1318
4381	1318
2405	3574
3276	2215
3083	2215
1070	3016
3077	3016
1878	3016
1963	3016
2958	407
1234	407
1269	3134
2254	2408
3281	2408
2405	2254
936	242
986	242
1916	3289
524	1513
2265	3923
3371	167
1491	167
3025	167
1878	167
779	754
3139	4297
3281	273
1469	3780
3281	3780
4381	1917
525	2041
3407	2041
1240	1171
4169	3956
1740	3613
4378	3392
4248	3392
3220	3392
1530	3392
929	3392
2734	3392
4322	2405
4224	2405
2767	2405
3934	2405
931	2405
4442	2405
696	2405
4030	2405
2275	2405
830	2405
1257	2405
991	2405
1568	2405
2541	2405
1170	2405
1621	2405
3104	2405
282	2405
4186	2405
207	2405
1109	2405
1901	2405
2988	2405
3318	2405
53	2405
1774	2405
67	2405
120	2405
447	2405
557	2405
718	2405
896	2405
1026	2405
1053	2405
1091	2405
1105	2405
1151	2405
1547	2405
1634	2405
1959	2405
2068	2405
2148	2405
2255	2405
2319	2405
2364	2405
2536	2405
2570	2405
2619	2405
2650	2405
2681	2405
2741	2405
2860	2405
2945	2405
2954	2405
2990	2405
3032	2405
3042	2405
3234	2405
3298	2405
3482	2405
3493	2405
3496	2405
3521	2405
3540	2405
3544	2405
3614	2405
3627	2405
3722	2405
3794	2405
3912	2405
3927	2405
4109	2405
4237	2405
4327	2405
4358	2405
4386	2405
4420	2405
3594	2405
3084	1978
40	1978
3083	1978
3872	1978
14	1978
1247	1531
1324	2112
3139	2112
3703	512
2751	2576
2102	2710
259	2710
936	551
988	3512
684	3512
489	3512
1585	3512
14	1921
2262	3914
3220	1820
1102	1820
3396	1820
3139	3593
1693	3975
1378	3975
425	3975
2252	3975
3264	3975
90	3975
4423	3975
369	3975
1257	3975
795	3975
83	3975
3889	3975
3001	3975
1869	3975
3717	3975
337	3466
1445	2270
269	1070
771	1070
419	1070
2590	3492
2958	2590
337	1324
2550	1074
1257	1693
243	1693
3398	1378
83	1378
3400	1378
2207	1378
3059	1378
83	425
3262	3948
4205	1777
1989	1477
1247	2265
3952	2265
1144	2265
4231	2265
332	2265
2580	2265
1553	2265
4133	2265
1179	2265
2055	2265
3620	2265
711	2265
988	1247
3481	1247
1037	1247
874	1247
2950	1247
395	1247
2607	1247
259	1247
3400	1247
2044	1247
2945	1247
3129	588
2950	588
4446	588
2580	588
761	588
1568	2195
1273	525
683	564
288	564
925	564
1443	564
1974	936
542	936
557	936
560	936
606	936
614	936
650	936
1101	936
1151	936
1226	936
1402	936
1702	936
2004	936
2125	936
259	96
4423	2565
269	2518
2362	2518
1523	2518
795	2518
4073	4322
1480	4322
545	3167
4387	3167
1913	3022
1361	3952
499	2821
771	269
2152	269
2657	2958
229	2958
2152	2958
2572	2958
1974	2958
364	2958
2832	2958
929	2958
1043	2958
2496	2958
257	2958
317	2958
2217	2958
2319	2958
2399	2958
2485	2958
2835	2958
2836	2958
2890	2958
2932	2958
2933	2958
2960	2958
3427	2958
3820	3267
147	3267
364	3267
313	3820
1514	3820
461	3820
2794	3820
147	3820
117	3820
364	3820
1031	3820
3220	313
1164	313
1128	313
147	313
364	313
4381	313
2559	3569
879	3569
4149	2057
3491	2057
804	2057
3422	2057
2803	2057
2130	2057
3491	4149
3617	3491
2130	3491
2933	3491
2474	4245
3272	4245
984	4245
3768	1781
291	1781
3482	1781
951	1432
1144	4224
369	4224
419	4224
4395	4224
1878	4224
2980	4224
3262	4224
259	3470
1873	1482
263	1482
788	2767
3327	2767
1257	1469
4002	1469
3839	2601
1017	3714
543	2096
2474	1494
3347	1494
581	1494
4030	3971
3335	3971
1963	3971
4381	2224
489	2337
3270	1461
545	446
3300	2559
3357	2559
1161	675
1045	106
4048	106
1611	106
3113	106
3220	4131
3619	2657
248	771
471	771
1836	771
3481	2152
3849	2152
248	2152
4446	2152
2580	2152
282	2152
2127	2152
4133	2152
3220	951
1530	951
4093	951
545	554
1076	554
1626	554
4233	3256
3591	1604
4222	2592
1598	4169
4209	4169
3139	4169
1830	4169
2319	4169
2332	4169
3460	988
2884	988
4445	988
2130	988
1221	988
3343	988
984	988
489	3700
3083	3190
215	3190
1629	1873
147	3264
1738	3264
3001	3264
728	3504
2884	4211
489	4211
577	4211
2562	1765
1441	1765
767	1765
4381	1765
3136	550
7	550
3083	3088
4381	3088
2267	819
528	819
4381	4424
291	4424
929	4138
1695	586
986	3797
408	831
3831	831
4381	831
318	831
1041	831
1063	4248
3220	3471
3281	3471
3774	3471
2982	986
3084	2982
1598	2994
3139	2994
3460	1989
3139	1989
798	1989
2525	1989
3460	4187
40	4187
4070	4187
684	3460
4007	3460
3849	684
1491	684
2884	684
489	684
2366	684
1744	684
984	684
2774	2052
984	2052
2774	297
1620	297
667	297
887	297
1774	3549
1144	13
1065	3220
3958	3220
2884	3220
1048	3220
584	3220
1626	3220
1568	3220
4074	3220
4445	3220
4178	3220
2438	3220
263	3220
2514	3220
40	3220
1528	3220
2351	3220
1649	3220
240	3220
334	3220
277	3220
381	3220
868	3220
896	3220
1251	3220
1695	3220
2017	3220
3291	3220
2244	3220
2440	3220
2444	3220
3295	3220
3327	3220
3884	3220
3649	3220
3697	3220
3716	3220
3804	3220
3933	3220
4047	3220
4436	3220
2872	1530
3478	1530
147	1514
364	1514
3434	1514
1447	1435
2032	1447
288	1447
1373	2328
2699	3140
4429	3140
4429	2699
1878	3011
1252	72
1738	72
1102	3918
4381	3109
3006	3109
3766	4263
127	1063
2562	386
1553	386
3482	2474
528	2267
500	2267
3689	2267
929	2077
3084	620
274	1204
2879	1204
4119	1204
3287	661
1833	1667
1362	337
3007	337
3137	337
248	2774
209	2774
1823	2844
1963	2844
65	1002
3499	2942
117	3863
218	3863
3083	3863
3318	3863
1521	3863
3318	90
248	4233
3084	4233
581	3347
4153	3347
3046	3347
761	3347
3	3347
2628	941
3084	2212
3889	2212
1967	480
3502	3364
522	137
545	3849
117	98
3756	891
1690	891
3756	1515
475	1515
631	1515
946	3756
2135	3756
3895	3756
3324	946
1867	2000
1711	3647
4394	3647
4096	3934
3517	3934
1568	316
597	461
3924	461
2696	230
683	2262
209	2262
1102	2262
1967	2262
3262	2262
4317	2262
3084	3675
288	3675
2130	931
117	2948
2130	4423
1620	4423
2016	1065
2174	1065
3094	1065
3281	1263
1128	4190
324	4190
294	3578
3071	3578
294	1608
91	294
1967	2103
794	1551
3528	3371
627	1913
4231	627
1716	627
3208	627
14	627
3027	627
1963	627
1343	1024
4381	1037
4074	3107
4172	3107
387	1144
2175	1164
1398	1164
109	1164
1234	1164
1128	1164
1362	1164
2078	1164
597	1164
4395	1164
1017	1164
2562	1164
1441	1164
1881	1164
3262	1164
3958	2175
4360	2175
2276	1398
1637	1398
500	109
681	3622
288	3622
1967	1445
2789	1445
1807	3398
767	1165
1984	1491
489	1491
4446	1491
2580	1491
2525	1491
3061	1491
1984	4442
4446	4442
2580	4442
282	4442
1774	4442
545	1984
3129	1984
2580	1984
1010	1984
3061	1984
3129	545
4446	545
282	545
1109	685
3766	1236
3281	1236
3281	3766
3139	730
974	730
196	730
1963	730
454	730
3262	730
3805	528
2362	1914
3973	1711
4394	1711
1878	3992
1878	1218
1234	3958
1128	3958
3262	1234
606	2465
481	4084
4453	2884
1709	489
2733	4227
4199	1807
2362	4453
1878	4453
4360	4453
3139	4453
2525	4453
3689	603
507	603
2746	3203
3689	3203
2130	3203
471	248
1836	248
123	248
1738	248
1038	248
3343	248
3409	248
2765	495
1286	1128
2078	1128
597	1128
1017	1128
2562	1128
1441	1128
1553	1128
2127	1128
929	1128
2130	1128
667	1128
3343	2362
2863	1286
2130	1286
1523	1235
3001	1235
3084	3575
3077	3575
848	2360
2660	628
3544	628
3139	4110
3540	522
1977	2995
1834	2995
1048	2353
2660	369
147	2794
364	2794
2421	2794
3872	2482
2613	2660
964	3546
3493	101
4436	101
1064	3084
2931	3084
681	3084
414	3084
1153	3084
1829	3084
2053	3084
2185	3084
2970	3084
3123	3084
3287	3084
3427	3084
3718	3084
3722	3084
4002	3084
2833	3084
3591	3084
2214	1839
259	3281
4237	3281
2292	1337
259	1337
2074	419
1257	419
3136	419
339	419
794	419
2074	1215
3136	1215
3139	1215
1017	2074
3136	2074
4381	2074
681	343
3946	147
1031	147
1833	2275
1830	3499
3021	3356
597	1362
1017	1362
2562	1362
1441	1362
2154	1362
1731	2078
4395	597
1017	597
2562	597
4025	597
1441	597
1878	597
2562	4395
970	4395
616	4395
2562	1017
1637	1017
4381	584
1753	584
4008	584
4124	584
2970	3545
4025	2562
1441	2562
1731	2562
1441	4025
3335	4025
1702	4025
318	1441
1731	1441
14	4231
903	607
3048	903
3895	903
2630	4050
3563	486
4446	3129
282	3129
65	1499
1443	1499
57	2423
2470	1257
2631	1257
3042	1257
4379	1257
14	1716
4381	1802
3174	1802
2974	804
964	795
2327	1568
3139	4279
3465	963
756	1170
3482	4074
71	1252
1878	2102
3517	2102
288	2159
3006	2159
4180	2895
794	2895
4394	2895
4445	4180
2098	4180
2580	117
3741	117
1473	117
3318	117
25	117
626	117
658	117
2599	117
2840	117
2098	4445
1933	4445
291	874
1310	3617
3464	3076
1521	1310
1547	1310
3540	496
2319	1933
1031	3946
3434	3946
1967	2457
3482	2457
2032	4457
209	4457
69	4457
288	4457
1443	4457
3485	4457
2582	4457
2472	408
318	1454
868	1454
2939	2438
3517	2146
1738	2146
1782	2146
3804	3843
3964	3843
961	3843
263	2550
424	2550
1636	2550
3776	2550
4222	368
57	368
339	123
667	123
4425	683
681	683
1102	683
925	683
1967	683
3123	683
2776	1823
473	239
2444	239
3294	239
3343	3077
1878	3422
3262	3422
3895	3048
14	3805
3517	83
2177	83
1480	83
3001	83
1869	83
719	1064
1392	1064
4360	1878
2874	1878
4002	1878
2939	1878
634	767
4446	2950
3500	3136
2580	4446
3139	4446
966	4446
3061	4446
610	616
1743	4073
3741	4073
1845	4073
4048	755
395	4048
4133	395
1100	2759
65	2032
1480	2032
1102	2032
1967	2032
4317	2032
282	2580
2525	2580
1521	1016
1547	1016
2421	1016
2628	1016
3139	3660
1963	2416
2525	2416
3528	441
4209	965
1688	3270
2879	3270
3139	4209
2775	40
647	2980
507	2980
4045	1964
3517	1974
4422	1974
57	4222
879	1553
993	3831
4381	3831
1031	364
3434	364
3139	2803
163	2803
406	2832
3299	912
3785	3517
3139	913
500	2746
3689	2746
929	2745
4362	2127
2988	3434
1963	3434
3018	3434
3741	3083
3056	3083
665	3083
937	3083
1307	3083
3123	3083
4394	3579
752	1995
2346	3872
2411	3872
1869	1331
3500	2113
2130	406
4381	2775
3924	4381
2496	4381
3870	4381
75	4381
799	4381
896	4381
1345	4381
1814	4381
1850	4381
3409	4381
3884	4381
3774	4381
3804	4381
3833	4381
3900	4381
3927	4381
4035	4381
4426	4381
2130	57
1102	792
879	1010
2525	1010
3502	2177
1829	2177
2923	2177
3123	2177
4317	2177
1869	2177
887	318
1443	209
3006	209
2480	3139
2515	3139
4008	3139
2793	3139
1636	3139
1881	3139
1946	3139
2011	3139
2319	3139
2332	3139
3262	3139
3343	3139
2628	3139
929	2476
4362	929
2655	929
3907	929
887	929
1547	929
1611	929
1946	929
1950	3924
3262	3924
1102	4291
4317	4291
3591	207
1473	3741
3318	3741
2364	3324
215	3870
1963	14
4266	2292
2727	2292
3483	2292
1963	4266
2871	4266
577	3472
288	4425
1443	4425
1967	4425
65	4037
756	259
879	259
3907	259
3262	259
3361	259
75	756
3027	964
2012	2773
2012	1753
2276	1038
2053	1038
3262	1038
1558	3071
667	2130
3668	2130
3785	2130
2276	3400
112	3400
4400	3400
2276	1731
4282	1620
2472	164
288	681
67	65
288	65
2599	65
3123	65
3096	65
1480	3456
2933	1109
4153	581
761	581
1102	3174
2527	621
2319	1635
447	3027
935	3027
4197	3027
3699	4308
4034	1901
4135	1901
4034	2515
1938	2727
3046	4153
761	4153
3	4153
1963	3907
1521	3907
2628	3907
3483	3907
761	3046
3	3046
3389	3046
3318	1473
2599	1473
2194	2633
1928	2633
2939	2633
2939	2194
2920	846
141	2988
288	1480
3095	3001
288	2334
2599	3318
288	1102
2923	2276
4302	2276
541	41
3482	1774
1636	887
3482	887
1443	69
1963	179
2187	210
1747	215
678	288
925	288
1967	288
2696	288
2923	288
4317	288
4327	288
3262	2733
3528	1963
1222	1963
1675	1963
1709	1963
3343	1963
3500	1963
3483	1963
1222	3528
3488	443
4124	447
3028	448
2099	520
2836	606
2507	636
4420	702
3095	712
1056	721
1305	794
1881	794
3262	794
2332	798
2186	868
1967	925
2244	925
3239	949
1216	973
2228	979
1216	1033
2990	1056
2228	1075
2833	1197
4199	1338
4358	1361
1967	1443
4317	1443
2271	1448
1547	1521
1938	1521
3637	1521
2628	1521
3483	1521
3095	1521
3637	1547
2628	1547
3483	1547
2939	1547
3095	1547
4199	1605
3931	1612
2838	1770
3262	1881
3482	1922
3500	1948
2038	1967
3006	1967
4317	1967
3558	1973
3485	2012
1589	2228
2886	2319
1869	2399
3061	2525
3482	2567
3262	2656
3262	3385
3343	3262
4327	3262
3482	2835
3357	2923
3718	3123
3482	3122
4282	3192
4199	3500
3483	2628
