0	332
0	1290
2	616
2	1373
3	22
3	1016
5	71
5	693
5	1112
5	1153
5	1234
5	1394
5	1404
6	210
6	524
6	581
6	1048
6	1114
13	33
13	93
13	114
13	548
13	1207
16	66
16	170
16	192
16	256
16	372
16	806
16	895
16	935
16	1081
16	1121
16	1176
16	1282
16	1350
16	1436
18	289
18	317
18	578
18	813
18	1061
18	1311
18	1456
19	1163
22	1016
23	1179
24	115
24	362
24	655
24	813
24	1393
27	561
27	1029
27	1109
27	1287
28	29
28	874
28	1062
29	56
29	874
29	1062
29	1131
30	60
30	152
30	170
30	215
30	248
30	323
30	359
30	573
30	661
30	749
30	888
30	934
30	936
30	943
30	980
30	1103
30	1164
30	1236
30	1287
30	1300
30	1360
30	1370
30	1389
30	1425
30	1462
32	133
32	143
33	114
33	548
33	1207
34	534
36	52
36	60
36	98
36	188
36	192
36	233
36	248
36	339
36	363
36	409
36	468
36	477
36	499
36	515
36	561
36	762
36	849
36	895
36	900
36	1093
36	1109
36	1176
36	1242
36	1261
36	1282
36	1287
36	1421
39	79
39	150
39	156
39	261
39	315
39	322
39	599
39	846
39	882
39	1007
39	1020
39	1056
39	1127
39	1201
39	1208
39	1301
40	396
40	399
40	476
40	1124
40	1240
42	1181
43	145
48	1083
50	1117
51	89
51	179
51	240
51	241
51	511
51	597
51	619
51	694
51	801
51	1084
51	1216
51	1228
51	1306
51	1361
52	98
52	188
52	192
52	248
52	339
52	363
52	409
52	468
52	477
52	499
52	515
52	561
52	570
52	762
52	797
52	849
52	900
52	1093
52	1242
52	1261
52	1282
52	1287
56	391
58	382
58	506
58	792
58	1308
60	170
60	215
60	233
60	248
60	363
60	401
60	409
60	561
60	762
60	806
60	849
60	895
60	900
60	980
60	1093
60	1103
60	1109
60	1117
60	1164
60	1176
60	1217
60	1261
60	1282
60	1287
60	1315
60	1360
60	1379
60	1392
62	90
62	160
62	337
62	365
62	421
62	564
62	665
62	925
62	1027
62	1108
62	1113
62	1116
63	654
63	1033
63	1205
63	1468
65	665
65	1397
65	1452
66	248
66	256
66	401
66	935
66	1081
66	1121
66	1197
66	1287
66	1350
66	1379
66	1418
66	1436
67	124
67	269
67	277
67	503
67	608
67	612
67	650
67	1013
67	1100
67	1102
67	1106
67	1267
67	1359
67	1422
68	363
68	1282
69	1212
69	1299
69	1320
71	693
71	1063
71	1112
71	1153
71	1234
71	1394
71	1404
72	978
75	192
75	532
75	696
79	150
79	156
79	261
79	315
79	322
79	347
79	599
79	846
79	882
79	1007
79	1020
79	1056
79	1127
79	1201
79	1301
87	170
87	246
87	372
87	561
87	806
87	895
87	900
87	1060
87	1103
87	1117
87	1141
87	1282
87	1333
87	1370
87	1392
87	1421
88	280
88	1418
89	240
89	241
89	511
89	597
89	619
89	694
89	801
89	807
89	1084
89	1148
89	1216
89	1228
89	1306
89	1315
89	1361
90	365
90	564
93	114
96	1327
98	188
98	192
98	363
98	409
98	468
98	477
98	499
98	515
98	561
98	762
98	849
98	1093
98	1109
98	1176
98	1261
98	1282
100	1046
101	1255
106	294
112	319
112	400
112	517
112	637
112	1193
112	1224
112	1262
112	1310
112	1369
112	1446
112	1469
113	260
113	584
113	1099
113	1291
114	367
114	548
115	362
115	655
115	813
115	1393
116	593
117	259
117	497
120	150
120	261
120	315
120	322
120	1007
120	1056
120	1127
120	1201
121	1406
124	269
124	277
124	503
124	608
124	650
124	1100
124	1106
124	1267
124	1422
126	671
127	406
128	375
128	874
133	143
136	230
136	795
138	455
138	1001
138	1356
147	700
147	871
150	156
150	261
150	315
150	322
150	599
150	846
150	882
150	1007
150	1020
150	1056
150	1127
150	1175
150	1201
150	1301
151	318
151	469
151	551
151	863
151	977
151	1053
151	1067
151	1433
152	170
152	215
152	248
152	323
152	359
152	573
152	661
152	739
152	749
152	806
152	888
152	934
152	936
152	943
152	1146
152	1164
152	1300
152	1389
152	1425
152	1462
154	665
154	1097
154	1397
154	1452
156	261
156	315
156	322
156	347
156	599
156	846
156	882
156	1007
156	1020
156	1056
156	1127
156	1201
156	1301
160	337
160	365
160	421
160	522
160	564
160	665
160	925
160	1006
160	1113
163	1256
170	192
170	215
170	246
170	248
170	323
170	359
170	372
170	505
170	561
170	573
170	661
170	727
170	749
170	806
170	888
170	895
170	900
170	931
170	934
170	936
170	943
170	1103
170	1117
170	1121
170	1141
170	1164
170	1217
170	1254
170	1282
170	1287
170	1316
170	1360
170	1389
170	1392
170	1462
172	686
172	811
176	743
178	923
179	694
179	801
179	1216
180	470
180	581
180	747
180	870
183	1171
187	1376
188	192
188	233
188	248
188	259
188	339
188	363
188	409
188	468
188	477
188	499
188	515
188	561
188	566
188	762
188	849
188	895
188	900
188	980
188	1093
188	1109
188	1242
188	1261
188	1282
188	1287
188	1322
188	1360
188	1392
188	1414
188	1421
192	233
192	248
192	339
192	363
192	389
192	409
192	468
192	477
192	499
192	515
192	561
192	566
192	762
192	806
192	847
192	849
192	895
192	900
192	1079
192	1093
192	1109
192	1117
192	1176
192	1254
192	1260
192	1261
192	1282
192	1287
192	1322
192	1333
192	1414
192	1421
195	300
195	646
195	665
195	925
195	1027
195	1403
198	214
198	354
198	399
198	462
198	474
198	484
198	691
198	1328
198	1330
198	1457
200	376
201	412
207	493
207	498
207	781
210	524
210	1048
210	1114
214	284
214	354
214	399
214	462
214	474
214	484
214	691
214	1090
214	1259
214	1328
214	1330
214	1457
215	248
215	323
215	359
215	573
215	661
215	749
215	806
215	888
215	934
215	936
215	1103
215	1164
215	1217
215	1236
215	1287
215	1360
215	1389
216	840
216	1161
216	1317
216	1318
216	1484
218	1218
220	1447
225	275
227	931
227	1122
233	339
233	363
233	372
233	409
233	499
233	515
233	561
233	762
233	806
233	849
233	880
233	895
233	900
233	1093
233	1109
233	1117
233	1141
233	1176
233	1260
233	1261
233	1282
233	1287
233	1414
234	1266
238	504
240	241
240	511
240	619
240	694
240	801
240	1216
241	511
241	597
241	619
241	694
241	801
241	1084
241	1216
241	1228
241	1306
241	1315
241	1361
244	1255
245	731
246	255
246	372
246	566
246	647
246	847
246	880
246	895
246	900
246	956
246	1060
246	1103
246	1117
246	1141
246	1254
246	1282
246	1316
246	1333
246	1360
246	1370
246	1392
247	1118
248	339
248	359
248	363
248	409
248	477
248	499
248	505
248	515
248	550
248	561
248	661
248	762
248	806
248	849
248	888
248	895
248	900
248	934
248	936
248	980
248	1021
248	1079
248	1093
248	1104
248	1109
248	1164
248	1176
248	1182
248	1217
248	1242
248	1261
248	1282
248	1287
248	1300
248	1360
248	1379
248	1389
248	1392
248	1414
248	1421
248	1425
248	1483
251	624
252	1045
252	1111
255	372
255	561
255	647
255	880
255	1060
255	1117
255	1141
255	1254
255	1316
255	1333
255	1427
256	935
256	1081
256	1121
256	1287
256	1436
259	497
259	499
259	566
259	606
259	674
259	880
259	895
259	915
259	1177
259	1282
259	1421
259	1427
260	1099
260	1291
260	1328
261	315
261	322
261	347
261	599
261	846
261	882
261	1007
261	1020
261	1056
261	1127
261	1201
261	1301
262	914
262	1324
264	932
265	455
265	1001
267	1031
267	1126
267	1202
269	277
269	433
269	503
269	608
269	612
269	650
269	1102
269	1106
269	1267
269	1359
269	1422
271	586
273	757
273	1161
273	1318
273	1345
273	1346
273	1426
277	503
277	608
277	612
277	1100
277	1102
277	1106
277	1267
277	1359
277	1422
278	973
279	1151
279	1434
281	762
281	1109
284	1259
287	706
287	818
288	446
288	455
288	542
288	913
288	1026
288	1062
288	1140
288	1339
288	1391
289	317
289	578
289	813
289	1109
289	1311
289	1456
290	487
290	881
291	693
292	401
292	868
292	960
292	1329
292	1418
292	1426
296	977
298	1061
300	646
300	925
300	1027
300	1403
302	423
302	473
302	513
302	692
302	1210
302	1358
305	385
305	574
305	600
305	973
307	321
307	589
307	804
307	966
307	984
309	704
311	565
311	579
311	592
311	642
311	643
311	1179
311	1191
311	1238
311	1285
311	1483
312	1277
315	322
315	347
315	599
315	846
315	882
315	1007
315	1020
315	1056
315	1127
315	1175
315	1201
315	1301
317	578
317	813
317	1061
317	1456
318	469
318	551
318	860
318	863
318	977
318	1053
318	1067
318	1433
319	400
319	517
319	637
319	1193
319	1224
319	1262
319	1310
319	1369
319	1446
319	1469
321	589
321	804
321	966
321	984
322	347
322	599
322	846
322	882
322	1007
322	1020
322	1056
322	1127
322	1201
322	1208
322	1301
323	345
323	359
323	390
323	573
323	661
323	739
323	749
323	888
323	934
323	936
323	943
323	1146
323	1164
323	1300
323	1389
323	1425
323	1462
328	1002
330	381
330	451
330	542
330	649
330	650
330	1013
332	1290
334	614
334	1397
334	1452
337	365
337	421
337	522
337	564
337	665
337	925
337	1113
339	363
339	409
339	468
339	499
339	561
339	762
339	849
339	895
339	900
339	1093
339	1109
339	1261
339	1282
339	1287
339	1322
339	1392
339	1414
339	1421
342	1478
345	390
345	573
345	749
345	1389
346	489
346	552
346	679
346	1235
346	1318
346	1391
347	556
347	846
347	1007
347	1020
347	1056
347	1127
352	427
352	504
354	399
354	462
354	474
354	484
354	691
354	1090
354	1124
354	1328
354	1330
354	1457
356	485
356	1403
359	573
359	661
359	739
359	749
359	806
359	888
359	934
359	936
359	943
359	1146
359	1164
359	1287
359	1300
359	1389
359	1425
359	1462
362	655
362	813
362	1393
363	372
363	409
363	468
363	477
363	499
363	515
363	561
363	762
363	806
363	849
363	880
363	895
363	900
363	991
363	1079
363	1093
363	1109
363	1117
363	1141
363	1160
363	1176
363	1242
363	1254
363	1261
363	1282
363	1287
363	1414
363	1421
365	421
365	564
365	665
365	925
365	1108
365	1116
370	1266
372	522
372	647
372	806
372	880
372	895
372	900
372	931
372	936
372	956
372	1012
372	1060
372	1103
372	1109
372	1117
372	1141
372	1254
372	1261
372	1282
372	1316
372	1333
372	1360
372	1370
372	1392
372	1414
372	1427
375	874
378	938
378	1042
378	1173
381	451
381	455
381	542
381	649
381	650
382	631
382	792
382	1055
385	574
385	600
385	973
387	829
387	1435
388	1439
389	806
389	1282
389	1421
390	573
390	1389
391	1131
391	1132
391	1245
394	777
395	533
395	746
396	399
396	474
396	476
396	1124
396	1240
396	1457
397	1066
398	1074
399	462
399	474
399	484
399	691
399	1090
399	1124
399	1240
399	1328
399	1330
399	1457
400	517
400	637
400	1193
400	1224
400	1262
400	1310
400	1369
400	1446
400	1469
401	868
401	960
401	1081
401	1121
401	1329
401	1418
401	1436
404	430
409	468
409	477
409	499
409	515
409	561
409	570
409	762
409	806
409	849
409	895
409	900
409	1079
409	1093
409	1109
409	1176
409	1242
409	1261
409	1282
409	1287
409	1322
409	1421
410	690
413	818
413	1295
420	933
421	522
421	564
421	665
421	925
421	1006
423	513
423	1210
427	504
428	1093
433	503
433	612
436	531
436	1036
436	1135
436	1455
438	683
438	1275
438	1281
439	485
439	505
439	582
439	1051
439	1263
439	1405
445	742
446	455
446	1140
446	1391
447	925
449	908
450	938
451	455
451	542
451	649
451	650
451	1013
455	501
455	542
455	649
455	1001
455	1026
455	1062
455	1140
455	1168
455	1391
455	1471
462	474
462	484
462	691
462	1328
462	1330
462	1457
468	477
468	499
468	523
468	561
468	570
468	762
468	820
468	900
468	1093
468	1109
468	1242
468	1261
469	551
469	860
469	863
469	977
469	1053
469	1062
469	1067
469	1131
469	1339
469	1433
473	513
473	692
473	1210
473	1358
474	484
474	691
474	1090
474	1124
474	1328
474	1330
474	1457
476	1124
476	1240
477	499
477	762
477	1093
477	1109
477	1215
477	1242
477	1261
479	719
482	489
482	679
482	1235
484	691
484	1090
484	1328
484	1330
484	1457
485	522
485	582
485	711
485	931
485	1051
485	1263
485	1405
487	881
489	552
489	679
489	1235
489	1318
489	1391
493	498
493	781
495	962
496	514
496	854
496	952
497	895
497	1093
497	1282
498	781
499	515
499	561
499	570
499	762
499	806
499	847
499	849
499	880
499	895
499	900
499	973
499	991
499	1079
499	1093
499	1109
499	1176
499	1215
499	1242
499	1261
499	1282
499	1287
499	1360
499	1414
499	1421
500	611
501	835
501	1001
501	1343
501	1471
503	608
503	612
503	637
503	650
503	1013
503	1100
503	1102
503	1106
503	1193
503	1267
503	1359
503	1422
503	1446
505	522
505	665
505	806
505	936
505	1164
505	1190
505	1282
505	1287
505	1392
505	1397
505	1452
511	597
511	619
511	694
511	801
511	807
511	1084
511	1216
511	1228
511	1306
511	1315
511	1361
513	692
513	1210
513	1358
514	854
514	952
515	561
515	762
515	849
515	895
515	900
515	991
515	1093
515	1109
515	1117
515	1176
515	1242
515	1261
515	1282
515	1287
515	1392
515	1421
515	1427
517	637
517	1013
517	1193
517	1224
517	1262
517	1310
517	1369
517	1446
517	1469
522	550
522	582
522	806
522	931
522	1029
522	1117
522	1263
522	1356
524	1048
524	1114
531	1036
531	1135
531	1455
532	696
533	746
538	683
538	1275
538	1281
538	1293
540	895
540	1277
542	649
542	913
550	1117
550	1182
550	1282
551	863
551	977
551	1053
551	1067
551	1433
552	679
552	1235
561	762
561	806
561	849
561	880
561	895
561	900
561	980
561	1079
561	1093
561	1109
561	1117
561	1141
561	1160
561	1164
561	1176
561	1242
561	1261
561	1282
561	1287
561	1315
561	1322
561	1392
561	1414
561	1421
564	665
564	925
564	1027
564	1108
564	1116
565	579
565	592
565	642
565	643
565	1179
565	1191
565	1238
565	1285
566	606
566	647
566	674
566	880
566	895
566	900
566	915
566	1060
566	1117
566	1141
566	1177
566	1254
566	1261
566	1282
566	1316
566	1333
566	1370
566	1392
566	1421
566	1427
570	762
570	1093
570	1242
570	1261
572	1465
573	661
573	749
573	888
573	934
573	936
573	943
573	1164
573	1360
573	1389
574	600
578	813
578	1061
578	1311
578	1456
579	592
579	642
579	643
579	1179
579	1191
579	1238
579	1285
579	1483
581	747
582	754
582	1263
582	1315
584	1099
584	1291
589	804
589	966
589	984
590	843
592	642
592	643
592	1179
592	1191
592	1238
592	1285
594	1123
597	619
597	694
597	801
597	807
597	1084
597	1216
597	1228
597	1306
599	846
599	882
599	1007
599	1020
599	1127
599	1201
600	973
606	674
606	874
606	915
606	1177
606	1282
606	1427
608	637
608	650
608	1100
608	1102
608	1106
608	1193
608	1267
608	1422
612	1102
612	1106
612	1359
614	665
614	1097
614	1116
614	1397
615	1122
616	744
616	1483
619	694
619	801
619	1084
619	1216
619	1228
619	1306
619	1315
619	1361
622	930
622	1431
624	1225
624	1362
624	1433
629	734
629	1283
629	1294
631	792
631	932
637	1013
637	1193
637	1224
637	1262
637	1310
637	1369
637	1446
637	1469
642	643
642	1179
642	1191
642	1238
642	1285
643	1191
643	1238
643	1285
645	674
645	915
645	1177
646	925
646	1027
646	1403
647	674
647	847
647	895
647	1012
647	1060
647	1117
647	1141
647	1254
647	1261
647	1282
647	1316
647	1333
647	1370
647	1392
647	1427
650	1106
650	1267
650	1422
654	1033
654	1205
654	1468
655	813
655	1393
658	1281
661	739
661	749
661	806
661	888
661	934
661	936
661	943
661	1146
661	1164
661	1287
661	1300
661	1389
661	1462
665	866
665	925
665	1027
665	1097
665	1108
665	1116
665	1397
665	1452
669	1402
671	1064
674	880
674	915
674	1060
674	1117
674	1141
674	1177
674	1254
674	1261
674	1282
674	1316
674	1333
674	1427
679	1235
679	1318
679	1391
682	712
683	693
683	1275
683	1281
683	1293
686	811
691	932
691	1090
691	1124
691	1328
691	1330
691	1457
692	1210
692	1358
693	1063
693	1112
693	1153
693	1234
693	1394
693	1404
694	801
694	1084
694	1148
694	1216
694	1228
694	1306
694	1361
695	1296
698	1295
700	871
701	730
710	1129
714	819
715	1108
715	1116
726	1475
727	1117
731	1247
733	775
734	1283
737	1339
739	749
739	943
740	1024
747	963
749	888
749	934
749	936
749	943
749	1164
749	1360
749	1389
749	1462
751	1132
751	1398
754	1263
757	1161
757	1318
757	1345
757	1346
757	1426
762	849
762	895
762	900
762	1079
762	1093
762	1109
762	1176
762	1215
762	1242
762	1261
762	1282
762	1287
762	1315
762	1322
762	1414
762	1421
766	873
766	1025
781	1401
784	1097
784	1397
784	1452
792	973
799	1338
801	1084
801	1148
801	1216
801	1228
801	1306
801	1361
804	966
804	984
806	895
806	900
806	931
806	934
806	936
806	980
806	1029
806	1103
806	1109
806	1117
806	1164
806	1176
806	1217
806	1260
806	1261
806	1282
806	1287
806	1315
806	1360
806	1379
806	1392
806	1414
807	1361
813	1061
813	1311
813	1393
813	1456
818	915
818	1055
828	1178
838	1356
839	1176
839	1182
839	1425
840	1161
840	1317
840	1484
842	894
846	882
846	1007
846	1020
846	1056
846	1127
846	1201
847	880
847	895
847	900
847	956
847	1060
847	1117
847	1141
847	1254
847	1261
847	1282
847	1316
847	1333
847	1392
849	895
849	900
849	991
849	1019
849	1079
849	1093
849	1109
849	1164
849	1176
849	1215
849	1242
849	1261
849	1282
849	1287
849	1414
849	1421
856	937
860	977
860	1062
860	1067
860	1339
863	977
863	1053
863	1067
863	1433
868	960
868	1329
868	1418
873	1025
874	1078
880	895
880	900
880	956
880	1117
880	1141
880	1254
880	1261
880	1282
880	1287
880	1316
880	1392
880	1427
882	1007
882	1020
882	1056
882	1127
882	1201
882	1301
888	934
888	936
888	943
888	1164
888	1389
888	1462
895	900
895	1079
895	1093
895	1109
895	1117
895	1141
895	1160
895	1164
895	1176
895	1254
895	1260
895	1261
895	1282
895	1287
895	1316
895	1333
895	1360
895	1370
895	1392
895	1414
895	1421
895	1427
898	1472
899	1075
900	1093
900	1103
900	1109
900	1117
900	1164
900	1176
900	1242
900	1254
900	1260
900	1261
900	1282
900	1287
900	1315
900	1316
900	1392
900	1414
910	1261
913	1026
914	1324
915	932
915	1055
915	1177
922	1485
924	1445
925	1027
925	1097
925	1108
925	1116
925	1397
930	1424
930	1431
931	936
931	1103
931	1117
931	1122
931	1217
931	1282
931	1360
932	1055
934	936
934	943
934	1164
934	1287
934	1300
934	1360
934	1389
934	1462
935	1081
935	1121
935	1197
935	1350
935	1436
936	943
936	1103
936	1117
936	1146
936	1164
936	1287
936	1360
936	1389
936	1462
938	1042
938	1173
942	1265
943	1146
943	1164
943	1389
943	1462
946	978
956	1060
956	1117
956	1141
956	1254
956	1261
956	1282
956	1316
956	1360
956	1370
960	1329
960	1418
977	1053
977	1067
977	1433
980	1021
980	1093
980	1182
980	1263
980	1287
980	1421
983	1390
989	1483
991	1261
991	1282
1001	1071
1001	1471
1002	1405
1007	1020
1007	1056
1007	1127
1007	1201
1007	1208
1007	1301
1012	1060
1012	1109
1012	1117
1012	1141
1012	1254
1012	1261
1012	1282
1012	1316
1012	1392
1012	1396
1013	1193
1013	1224
1013	1262
1013	1310
1013	1369
1013	1446
1013	1469
1019	1287
1019	1315
1020	1056
1020	1127
1020	1175
1020	1201
1021	1287
1023	1218
1027	1108
1027	1116
1029	1263
1029	1282
1031	1126
1031	1202
1033	1205
1033	1468
1036	1135
1036	1455
1042	1173
1045	1111
1048	1114
1050	1391
1051	1405
1052	1055
1053	1067
1053	1433
1056	1127
1056	1201
1056	1208
1056	1301
1060	1103
1060	1117
1060	1141
1060	1254
1060	1261
1060	1282
1060	1316
1060	1333
1060	1370
1060	1427
1062	1280
1062	1440
1063	1112
1063	1153
1063	1234
1063	1394
1064	1212
1065	1255
1067	1433
1070	1115
1079	1093
1079	1109
1079	1176
1079	1261
1079	1282
1079	1287
1079	1315
1079	1421
1081	1121
1081	1197
1081	1315
1081	1350
1081	1379
1081	1436
1084	1216
1084	1306
1084	1361
1085	1149
1090	1328
1090	1330
1090	1457
1093	1109
1093	1164
1093	1176
1093	1215
1093	1242
1093	1261
1093	1282
1093	1287
1093	1414
1097	1116
1097	1397
1097	1452
1099	1291
1100	1106
1100	1267
1100	1422
1102	1106
1102	1359
1102	1422
1103	1117
1103	1141
1103	1164
1103	1254
1103	1316
1103	1333
1103	1360
1103	1389
1104	1176
1106	1267
1106	1359
1106	1422
1108	1116
1108	1342
1108	1397
1109	1117
1109	1176
1109	1215
1109	1242
1109	1254
1109	1261
1109	1282
1109	1287
1109	1315
1109	1316
1109	1322
1109	1392
1109	1414
1109	1421
1112	1153
1112	1234
1112	1394
1112	1404
1116	1209
1116	1342
1116	1397
1116	1452
1117	1141
1117	1164
1117	1217
1117	1254
1117	1260
1117	1261
1117	1282
1117	1287
1117	1316
1117	1333
1117	1360
1117	1370
1117	1392
1117	1414
1117	1427
1120	1179
1121	1197
1121	1315
1121	1350
1121	1436
1124	1240
1124	1328
1124	1330
1124	1457
1127	1201
1127	1208
1127	1301
1127	1315
1128	1477
1129	1165
1131	1245
1132	1245
1135	1455
1140	1391
1141	1254
1141	1261
1141	1282
1141	1316
1141	1333
1141	1370
1141	1392
1141	1414
1141	1427
1146	1389
1146	1462
1153	1234
1153	1394
1153	1404
1160	1261
1160	1282
1161	1317
1161	1318
1161	1345
1161	1346
1161	1426
1161	1484
1164	1176
1164	1282
1164	1287
1164	1360
1164	1379
1164	1389
1164	1462
1176	1242
1176	1261
1176	1282
1176	1287
1176	1392
1177	1282
1177	1427
1179	1191
1179	1238
1179	1285
1179	1288
1179	1403
1182	1300
1182	1408
1182	1425
1191	1238
1191	1285
1193	1224
1193	1262
1193	1310
1193	1369
1193	1446
1193	1469
1197	1350
1197	1436
1201	1208
1201	1301
1205	1468
1210	1358
1212	1299
1212	1320
1216	1228
1216	1306
1216	1315
1216	1361
1217	1360
1224	1262
1224	1310
1224	1369
1224	1446
1224	1469
1225	1362
1225	1391
1225	1433
1228	1306
1234	1394
1234	1404
1235	1318
1235	1391
1238	1285
1242	1261
1242	1282
1242	1287
1254	1261
1254	1282
1254	1316
1254	1333
1254	1360
1254	1370
1254	1392
1255	1295
1260	1261
1260	1282
1260	1316
1261	1282
1261	1287
1261	1316
1261	1370
1261	1392
1261	1414
1261	1421
1261	1427
1262	1310
1262	1369
1262	1446
1262	1469
1263	1334
1267	1422
1275	1281
1281	1293
1282	1287
1282	1316
1282	1333
1282	1360
1282	1370
1282	1392
1282	1414
1282	1421
1282	1427
1282	1483
1283	1294
1287	1360
1287	1379
1287	1389
1287	1392
1287	1414
1287	1421
1300	1360
1300	1389
1300	1425
1304	1433
1306	1361
1310	1369
1310	1446
1310	1469
1315	1350
1315	1379
1315	1421
1315	1436
1316	1333
1316	1370
1316	1392
1316	1427
1317	1318
1317	1484
1318	1345
1318	1346
1318	1426
1318	1484
1328	1330
1328	1457
1329	1418
1330	1457
1332	1466
1333	1370
1333	1392
1345	1346
1345	1426
1346	1426
1350	1436
1359	1422
1360	1370
1360	1389
1360	1392
1360	1425
1362	1433
1369	1446
1369	1469
1373	1449
1389	1425
1389	1462
1392	1421
1392	1427
1394	1404
1397	1452
1403	1405
1408	1425
1421	1427
1424	1431
1446	1469
332	0
1290	0
616	2
1373	2
22	3
1016	3
71	5
693	5
1112	5
1153	5
1234	5
1394	5
1404	5
210	6
524	6
581	6
1048	6
1114	6
33	13
93	13
114	13
548	13
1207	13
66	16
170	16
192	16
256	16
372	16
806	16
895	16
935	16
1081	16
1121	16
1176	16
1282	16
1350	16
1436	16
289	18
317	18
578	18
813	18
1061	18
1311	18
1456	18
1163	19
1016	22
1179	23
115	24
362	24
655	24
813	24
1393	24
561	27
1029	27
1109	27
1287	27
29	28
874	28
1062	28
56	29
874	29
1062	29
1131	29
60	30
152	30
170	30
215	30
248	30
323	30
359	30
573	30
661	30
749	30
888	30
934	30
936	30
943	30
980	30
1103	30
1164	30
1236	30
1287	30
1300	30
1360	30
1370	30
1389	30
1425	30
1462	30
133	32
143	32
114	33
548	33
1207	33
534	34
52	36
60	36
98	36
188	36
192	36
233	36
248	36
339	36
363	36
409	36
468	36
477	36
499	36
515	36
561	36
762	36
849	36
895	36
900	36
1093	36
1109	36
1176	36
1242	36
1261	36
1282	36
1287	36
1421	36
79	39
150	39
156	39
261	39
315	39
322	39
599	39
846	39
882	39
1007	39
1020	39
1056	39
1127	39
1201	39
1208	39
1301	39
396	40
399	40
476	40
1124	40
1240	40
1181	42
145	43
1083	48
1117	50
89	51
179	51
240	51
241	51
511	51
597	51
619	51
694	51
801	51
1084	51
1216	51
1228	51
1306	51
1361	51
98	52
188	52
192	52
248	52
339	52
363	52
409	52
468	52
477	52
499	52
515	52
561	52
570	52
762	52
797	52
849	52
900	52
1093	52
1242	52
1261	52
1282	52
1287	52
391	56
382	58
506	58
792	58
1308	58
170	60
215	60
233	60
248	60
363	60
401	60
409	60
561	60
762	60
806	60
849	60
895	60
900	60
980	60
1093	60
1103	60
1109	60
1117	60
1164	60
1176	60
1217	60
1261	60
1282	60
1287	60
1315	60
1360	60
1379	60
1392	60
90	62
160	62
337	62
365	62
421	62
564	62
665	62
925	62
1027	62
1108	62
1113	62
1116	62
654	63
1033	63
1205	63
1468	63
665	65
1397	65
1452	65
248	66
256	66
401	66
935	66
1081	66
1121	66
1197	66
1287	66
1350	66
1379	66
1418	66
1436	66
124	67
269	67
277	67
503	67
608	67
612	67
650	67
1013	67
1100	67
1102	67
1106	67
1267	67
1359	67
1422	67
363	68
1282	68
1212	69
1299	69
1320	69
693	71
1063	71
1112	71
1153	71
1234	71
1394	71
1404	71
978	72
192	75
532	75
696	75
150	79
156	79
261	79
315	79
322	79
347	79
599	79
846	79
882	79
1007	79
1020	79
1056	79
1127	79
1201	79
1301	79
170	87
246	87
372	87
561	87
806	87
895	87
900	87
1060	87
1103	87
1117	87
1141	87
1282	87
1333	87
1370	87
1392	87
1421	87
280	88
1418	88
240	89
241	89
511	89
597	89
619	89
694	89
801	89
807	89
1084	89
1148	89
1216	89
1228	89
1306	89
1315	89
1361	89
365	90
564	90
114	93
1327	96
188	98
192	98
363	98
409	98
468	98
477	98
499	98
515	98
561	98
762	98
849	98
1093	98
1109	98
1176	98
1261	98
1282	98
1046	100
1255	101
294	106
319	112
400	112
517	112
637	112
1193	112
1224	112
1262	112
1310	112
1369	112
1446	112
1469	112
260	113
584	113
1099	113
1291	113
367	114
548	114
362	115
655	115
813	115
1393	115
593	116
259	117
497	117
150	120
261	120
315	120
322	120
1007	120
1056	120
1127	120
1201	120
1406	121
269	124
277	124
503	124
608	124
650	124
1100	124
1106	124
1267	124
1422	124
671	126
406	127
375	128
874	128
143	133
230	136
795	136
455	138
1001	138
1356	138
700	147
871	147
156	150
261	150
315	150
322	150
599	150
846	150
882	150
1007	150
1020	150
1056	150
1127	150
1175	150
1201	150
1301	150
318	151
469	151
551	151
863	151
977	151
1053	151
1067	151
1433	151
170	152
215	152
248	152
323	152
359	152
573	152
661	152
739	152
749	152
806	152
888	152
934	152
936	152
943	152
1146	152
1164	152
1300	152
1389	152
1425	152
1462	152
665	154
1097	154
1397	154
1452	154
261	156
315	156
322	156
347	156
599	156
846	156
882	156
1007	156
1020	156
1056	156
1127	156
1201	156
1301	156
337	160
365	160
421	160
522	160
564	160
665	160
925	160
1006	160
1113	160
1256	163
192	170
215	170
246	170
248	170
323	170
359	170
372	170
505	170
561	170
573	170
661	170
727	170
749	170
806	170
888	170
895	170
900	170
931	170
934	170
936	170
943	170
1103	170
1117	170
1121	170
1141	170
1164	170
1217	170
1254	170
1282	170
1287	170
1316	170
1360	170
1389	170
1392	170
1462	170
686	172
811	172
743	176
923	178
694	179
801	179
1216	179
470	180
581	180
747	180
870	180
1171	183
1376	187
192	188
233	188
248	188
259	188
339	188
363	188
409	188
468	188
477	188
499	188
515	188
561	188
566	188
762	188
849	188
895	188
900	188
980	188
1093	188
1109	188
1242	188
1261	188
1282	188
1287	188
1322	188
1360	188
1392	188
1414	188
1421	188
233	192
248	192
339	192
363	192
389	192
409	192
468	192
477	192
499	192
515	192
561	192
566	192
762	192
806	192
847	192
849	192
895	192
900	192
1079	192
1093	192
1109	192
1117	192
1176	192
1254	192
1260	192
1261	192
1282	192
1287	192
1322	192
1333	192
1414	192
1421	192
300	195
646	195
665	195
925	195
1027	195
1403	195
214	198
354	198
399	198
462	198
474	198
484	198
691	198
1328	198
1330	198
1457	198
376	200
412	201
493	207
498	207
781	207
524	210
1048	210
1114	210
284	214
354	214
399	214
462	214
474	214
484	214
691	214
1090	214
1259	214
1328	214
1330	214
1457	214
248	215
323	215
359	215
573	215
661	215
749	215
806	215
888	215
934	215
936	215
1103	215
1164	215
1217	215
1236	215
1287	215
1360	215
1389	215
840	216
1161	216
1317	216
1318	216
1484	216
1218	218
1447	220
275	225
931	227
1122	227
339	233
363	233
372	233
409	233
499	233
515	233
561	233
762	233
806	233
849	233
880	233
895	233
900	233
1093	233
1109	233
1117	233
1141	233
1176	233
1260	233
1261	233
1282	233
1287	233
1414	233
1266	234
504	238
241	240
511	240
619	240
694	240
801	240
1216	240
511	241
597	241
619	241
694	241
801	241
1084	241
1216	241
1228	241
1306	241
1315	241
1361	241
1255	244
731	245
255	246
372	246
566	246
647	246
847	246
880	246
895	246
900	246
956	246
1060	246
1103	246
1117	246
1141	246
1254	246
1282	246
1316	246
1333	246
1360	246
1370	246
1392	246
1118	247
339	248
359	248
363	248
409	248
477	248
499	248
505	248
515	248
550	248
561	248
661	248
762	248
806	248
849	248
888	248
895	248
900	248
934	248
936	248
980	248
1021	248
1079	248
1093	248
1104	248
1109	248
1164	248
1176	248
1182	248
1217	248
1242	248
1261	248
1282	248
1287	248
1300	248
1360	248
1379	248
1389	248
1392	248
1414	248
1421	248
1425	248
1483	248
624	251
1045	252
1111	252
372	255
561	255
647	255
880	255
1060	255
1117	255
1141	255
1254	255
1316	255
1333	255
1427	255
935	256
1081	256
1121	256
1287	256
1436	256
497	259
499	259
566	259
606	259
674	259
880	259
895	259
915	259
1177	259
1282	259
1421	259
1427	259
1099	260
1291	260
1328	260
315	261
322	261
347	261
599	261
846	261
882	261
1007	261
1020	261
1056	261
1127	261
1201	261
1301	261
914	262
1324	262
932	264
455	265
1001	265
1031	267
1126	267
1202	267
277	269
433	269
503	269
608	269
612	269
650	269
1102	269
1106	269
1267	269
1359	269
1422	269
586	271
757	273
1161	273
1318	273
1345	273
1346	273
1426	273
503	277
608	277
612	277
1100	277
1102	277
1106	277
1267	277
1359	277
1422	277
973	278
1151	279
1434	279
762	281
1109	281
1259	284
706	287
818	287
446	288
455	288
542	288
913	288
1026	288
1062	288
1140	288
1339	288
1391	288
317	289
578	289
813	289
1109	289
1311	289
1456	289
487	290
881	290
693	291
401	292
868	292
960	292
1329	292
1418	292
1426	292
977	296
1061	298
646	300
925	300
1027	300
1403	300
423	302
473	302
513	302
692	302
1210	302
1358	302
385	305
574	305
600	305
973	305
321	307
589	307
804	307
966	307
984	307
704	309
565	311
579	311
592	311
642	311
643	311
1179	311
1191	311
1238	311
1285	311
1483	311
1277	312
322	315
347	315
599	315
846	315
882	315
1007	315
1020	315
1056	315
1127	315
1175	315
1201	315
1301	315
578	317
813	317
1061	317
1456	317
469	318
551	318
860	318
863	318
977	318
1053	318
1067	318
1433	318
400	319
517	319
637	319
1193	319
1224	319
1262	319
1310	319
1369	319
1446	319
1469	319
589	321
804	321
966	321
984	321
347	322
599	322
846	322
882	322
1007	322
1020	322
1056	322
1127	322
1201	322
1208	322
1301	322
345	323
359	323
390	323
573	323
661	323
739	323
749	323
888	323
934	323
936	323
943	323
1146	323
1164	323
1300	323
1389	323
1425	323
1462	323
1002	328
381	330
451	330
542	330
649	330
650	330
1013	330
1290	332
614	334
1397	334
1452	334
365	337
421	337
522	337
564	337
665	337
925	337
1113	337
363	339
409	339
468	339
499	339
561	339
762	339
849	339
895	339
900	339
1093	339
1109	339
1261	339
1282	339
1287	339
1322	339
1392	339
1414	339
1421	339
1478	342
390	345
573	345
749	345
1389	345
489	346
552	346
679	346
1235	346
1318	346
1391	346
556	347
846	347
1007	347
1020	347
1056	347
1127	347
427	352
504	352
399	354
462	354
474	354
484	354
691	354
1090	354
1124	354
1328	354
1330	354
1457	354
485	356
1403	356
573	359
661	359
739	359
749	359
806	359
888	359
934	359
936	359
943	359
1146	359
1164	359
1287	359
1300	359
1389	359
1425	359
1462	359
655	362
813	362
1393	362
372	363
409	363
468	363
477	363
499	363
515	363
561	363
762	363
806	363
849	363
880	363
895	363
900	363
991	363
1079	363
1093	363
1109	363
1117	363
1141	363
1160	363
1176	363
1242	363
1254	363
1261	363
1282	363
1287	363
1414	363
1421	363
421	365
564	365
665	365
925	365
1108	365
1116	365
1266	370
522	372
647	372
806	372
880	372
895	372
900	372
931	372
936	372
956	372
1012	372
1060	372
1103	372
1109	372
1117	372
1141	372
1254	372
1261	372
1282	372
1316	372
1333	372
1360	372
1370	372
1392	372
1414	372
1427	372
874	375
938	378
1042	378
1173	378
451	381
455	381
542	381
649	381
650	381
631	382
792	382
1055	382
574	385
600	385
973	385
829	387
1435	387
1439	388
806	389
1282	389
1421	389
573	390
1389	390
1131	391
1132	391
1245	391
777	394
533	395
746	395
399	396
474	396
476	396
1124	396
1240	396
1457	396
1066	397
1074	398
462	399
474	399
484	399
691	399
1090	399
1124	399
1240	399
1328	399
1330	399
1457	399
517	400
637	400
1193	400
1224	400
1262	400
1310	400
1369	400
1446	400
1469	400
868	401
960	401
1081	401
1121	401
1329	401
1418	401
1436	401
430	404
468	409
477	409
499	409
515	409
561	409
570	409
762	409
806	409
849	409
895	409
900	409
1079	409
1093	409
1109	409
1176	409
1242	409
1261	409
1282	409
1287	409
1322	409
1421	409
690	410
818	413
1295	413
933	420
522	421
564	421
665	421
925	421
1006	421
513	423
1210	423
504	427
1093	428
503	433
612	433
531	436
1036	436
1135	436
1455	436
683	438
1275	438
1281	438
485	439
505	439
582	439
1051	439
1263	439
1405	439
742	445
455	446
1140	446
1391	446
925	447
908	449
938	450
455	451
542	451
649	451
650	451
1013	451
501	455
542	455
649	455
1001	455
1026	455
1062	455
1140	455
1168	455
1391	455
1471	455
474	462
484	462
691	462
1328	462
1330	462
1457	462
477	468
499	468
523	468
561	468
570	468
762	468
820	468
900	468
1093	468
1109	468
1242	468
1261	468
551	469
860	469
863	469
977	469
1053	469
1062	469
1067	469
1131	469
1339	469
1433	469
513	473
692	473
1210	473
1358	473
484	474
691	474
1090	474
1124	474
1328	474
1330	474
1457	474
1124	476
1240	476
499	477
762	477
1093	477
1109	477
1215	477
1242	477
1261	477
719	479
489	482
679	482
1235	482
691	484
1090	484
1328	484
1330	484
1457	484
522	485
582	485
711	485
931	485
1051	485
1263	485
1405	485
881	487
552	489
679	489
1235	489
1318	489
1391	489
498	493
781	493
962	495
514	496
854	496
952	496
895	497
1093	497
1282	497
781	498
515	499
561	499
570	499
762	499
806	499
847	499
849	499
880	499
895	499
900	499
973	499
991	499
1079	499
1093	499
1109	499
1176	499
1215	499
1242	499
1261	499
1282	499
1287	499
1360	499
1414	499
1421	499
611	500
835	501
1001	501
1343	501
1471	501
608	503
612	503
637	503
650	503
1013	503
1100	503
1102	503
1106	503
1193	503
1267	503
1359	503
1422	503
1446	503
522	505
665	505
806	505
936	505
1164	505
1190	505
1282	505
1287	505
1392	505
1397	505
1452	505
597	511
619	511
694	511
801	511
807	511
1084	511
1216	511
1228	511
1306	511
1315	511
1361	511
692	513
1210	513
1358	513
854	514
952	514
561	515
762	515
849	515
895	515
900	515
991	515
1093	515
1109	515
1117	515
1176	515
1242	515
1261	515
1282	515
1287	515
1392	515
1421	515
1427	515
637	517
1013	517
1193	517
1224	517
1262	517
1310	517
1369	517
1446	517
1469	517
550	522
582	522
806	522
931	522
1029	522
1117	522
1263	522
1356	522
1048	524
1114	524
1036	531
1135	531
1455	531
696	532
746	533
683	538
1275	538
1281	538
1293	538
895	540
1277	540
649	542
913	542
1117	550
1182	550
1282	550
863	551
977	551
1053	551
1067	551
1433	551
679	552
1235	552
762	561
806	561
849	561
880	561
895	561
900	561
980	561
1079	561
1093	561
1109	561
1117	561
1141	561
1160	561
1164	561
1176	561
1242	561
1261	561
1282	561
1287	561
1315	561
1322	561
1392	561
1414	561
1421	561
665	564
925	564
1027	564
1108	564
1116	564
579	565
592	565
642	565
643	565
1179	565
1191	565
1238	565
1285	565
606	566
647	566
674	566
880	566
895	566
900	566
915	566
1060	566
1117	566
1141	566
1177	566
1254	566
1261	566
1282	566
1316	566
1333	566
1370	566
1392	566
1421	566
1427	566
762	570
1093	570
1242	570
1261	570
1465	572
661	573
749	573
888	573
934	573
936	573
943	573
1164	573
1360	573
1389	573
600	574
813	578
1061	578
1311	578
1456	578
592	579
642	579
643	579
1179	579
1191	579
1238	579
1285	579
1483	579
747	581
754	582
1263	582
1315	582
1099	584
1291	584
804	589
966	589
984	589
843	590
642	592
643	592
1179	592
1191	592
1238	592
1285	592
1123	594
619	597
694	597
801	597
807	597
1084	597
1216	597
1228	597
1306	597
846	599
882	599
1007	599
1020	599
1127	599
1201	599
973	600
674	606
874	606
915	606
1177	606
1282	606
1427	606
637	608
650	608
1100	608
1102	608
1106	608
1193	608
1267	608
1422	608
1102	612
1106	612
1359	612
665	614
1097	614
1116	614
1397	614
1122	615
744	616
1483	616
694	619
801	619
1084	619
1216	619
1228	619
1306	619
1315	619
1361	619
930	622
1431	622
1225	624
1362	624
1433	624
734	629
1283	629
1294	629
792	631
932	631
1013	637
1193	637
1224	637
1262	637
1310	637
1369	637
1446	637
1469	637
643	642
1179	642
1191	642
1238	642
1285	642
1191	643
1238	643
1285	643
674	645
915	645
1177	645
925	646
1027	646
1403	646
674	647
847	647
895	647
1012	647
1060	647
1117	647
1141	647
1254	647
1261	647
1282	647
1316	647
1333	647
1370	647
1392	647
1427	647
1106	650
1267	650
1422	650
1033	654
1205	654
1468	654
813	655
1393	655
1281	658
739	661
749	661
806	661
888	661
934	661
936	661
943	661
1146	661
1164	661
1287	661
1300	661
1389	661
1462	661
866	665
925	665
1027	665
1097	665
1108	665
1116	665
1397	665
1452	665
1402	669
1064	671
880	674
915	674
1060	674
1117	674
1141	674
1177	674
1254	674
1261	674
1282	674
1316	674
1333	674
1427	674
1235	679
1318	679
1391	679
712	682
693	683
1275	683
1281	683
1293	683
811	686
932	691
1090	691
1124	691
1328	691
1330	691
1457	691
1210	692
1358	692
1063	693
1112	693
1153	693
1234	693
1394	693
1404	693
801	694
1084	694
1148	694
1216	694
1228	694
1306	694
1361	694
1296	695
1295	698
871	700
730	701
1129	710
819	714
1108	715
1116	715
1475	726
1117	727
1247	731
775	733
1283	734
1339	737
749	739
943	739
1024	740
963	747
888	749
934	749
936	749
943	749
1164	749
1360	749
1389	749
1462	749
1132	751
1398	751
1263	754
1161	757
1318	757
1345	757
1346	757
1426	757
849	762
895	762
900	762
1079	762
1093	762
1109	762
1176	762
1215	762
1242	762
1261	762
1282	762
1287	762
1315	762
1322	762
1414	762
1421	762
873	766
1025	766
1401	781
1097	784
1397	784
1452	784
973	792
1338	799
1084	801
1148	801
1216	801
1228	801
1306	801
1361	801
966	804
984	804
895	806
900	806
931	806
934	806
936	806
980	806
1029	806
1103	806
1109	806
1117	806
1164	806
1176	806
1217	806
1260	806
1261	806
1282	806
1287	806
1315	806
1360	806
1379	806
1392	806
1414	806
1361	807
1061	813
1311	813
1393	813
1456	813
915	818
1055	818
1178	828
1356	838
1176	839
1182	839
1425	839
1161	840
1317	840
1484	840
894	842
882	846
1007	846
1020	846
1056	846
1127	846
1201	846
880	847
895	847
900	847
956	847
1060	847
1117	847
1141	847
1254	847
1261	847
1282	847
1316	847
1333	847
1392	847
895	849
900	849
991	849
1019	849
1079	849
1093	849
1109	849
1164	849
1176	849
1215	849
1242	849
1261	849
1282	849
1287	849
1414	849
1421	849
937	856
977	860
1062	860
1067	860
1339	860
977	863
1053	863
1067	863
1433	863
960	868
1329	868
1418	868
1025	873
1078	874
895	880
900	880
956	880
1117	880
1141	880
1254	880
1261	880
1282	880
1287	880
1316	880
1392	880
1427	880
1007	882
1020	882
1056	882
1127	882
1201	882
1301	882
934	888
936	888
943	888
1164	888
1389	888
1462	888
900	895
1079	895
1093	895
1109	895
1117	895
1141	895
1160	895
1164	895
1176	895
1254	895
1260	895
1261	895
1282	895
1287	895
1316	895
1333	895
1360	895
1370	895
1392	895
1414	895
1421	895
1427	895
1472	898
1075	899
1093	900
1103	900
1109	900
1117	900
1164	900
1176	900
1242	900
1254	900
1260	900
1261	900
1282	900
1287	900
1315	900
1316	900
1392	900
1414	900
1261	910
1026	913
1324	914
932	915
1055	915
1177	915
1485	922
1445	924
1027	925
1097	925
1108	925
1116	925
1397	925
1424	930
1431	930
936	931
1103	931
1117	931
1122	931
1217	931
1282	931
1360	931
1055	932
936	934
943	934
1164	934
1287	934
1300	934
1360	934
1389	934
1462	934
1081	935
1121	935
1197	935
1350	935
1436	935
943	936
1103	936
1117	936
1146	936
1164	936
1287	936
1360	936
1389	936
1462	936
1042	938
1173	938
1265	942
1146	943
1164	943
1389	943
1462	943
978	946
1060	956
1117	956
1141	956
1254	956
1261	956
1282	956
1316	956
1360	956
1370	956
1329	960
1418	960
1053	977
1067	977
1433	977
1021	980
1093	980
1182	980
1263	980
1287	980
1421	980
1390	983
1483	989
1261	991
1282	991
1071	1001
1471	1001
1405	1002
1020	1007
1056	1007
1127	1007
1201	1007
1208	1007
1301	1007
1060	1012
1109	1012
1117	1012
1141	1012
1254	1012
1261	1012
1282	1012
1316	1012
1392	1012
1396	1012
1193	1013
1224	1013
1262	1013
1310	1013
1369	1013
1446	1013
1469	1013
1287	1019
1315	1019
1056	1020
1127	1020
1175	1020
1201	1020
1287	1021
1218	1023
1108	1027
1116	1027
1263	1029
1282	1029
1126	1031
1202	1031
1205	1033
1468	1033
1135	1036
1455	1036
1173	1042
1111	1045
1114	1048
1391	1050
1405	1051
1055	1052
1067	1053
1433	1053
1127	1056
1201	1056
1208	1056
1301	1056
1103	1060
1117	1060
1141	1060
1254	1060
1261	1060
1282	1060
1316	1060
1333	1060
1370	1060
1427	1060
1280	1062
1440	1062
1112	1063
1153	1063
1234	1063
1394	1063
1212	1064
1255	1065
1433	1067
1115	1070
1093	1079
1109	1079
1176	1079
1261	1079
1282	1079
1287	1079
1315	1079
1421	1079
1121	1081
1197	1081
1315	1081
1350	1081
1379	1081
1436	1081
1216	1084
1306	1084
1361	1084
1149	1085
1328	1090
1330	1090
1457	1090
1109	1093
1164	1093
1176	1093
1215	1093
1242	1093
1261	1093
1282	1093
1287	1093
1414	1093
1116	1097
1397	1097
1452	1097
1291	1099
1106	1100
1267	1100
1422	1100
1106	1102
1359	1102
1422	1102
1117	1103
1141	1103
1164	1103
1254	1103
1316	1103
1333	1103
1360	1103
1389	1103
1176	1104
1267	1106
1359	1106
1422	1106
1116	1108
1342	1108
1397	1108
1117	1109
1176	1109
1215	1109
1242	1109
1254	1109
1261	1109
1282	1109
1287	1109
1315	1109
1316	1109
1322	1109
1392	1109
1414	1109
1421	1109
1153	1112
1234	1112
1394	1112
1404	1112
1209	1116
1342	1116
1397	1116
1452	1116
1141	1117
1164	1117
1217	1117
1254	1117
1260	1117
1261	1117
1282	1117
1287	1117
1316	1117
1333	1117
1360	1117
1370	1117
1392	1117
1414	1117
1427	1117
1179	1120
1197	1121
1315	1121
1350	1121
1436	1121
1240	1124
1328	1124
1330	1124
1457	1124
1201	1127
1208	1127
1301	1127
1315	1127
1477	1128
1165	1129
1245	1131
1245	1132
1455	1135
1391	1140
1254	1141
1261	1141
1282	1141
1316	1141
1333	1141
1370	1141
1392	1141
1414	1141
1427	1141
1389	1146
1462	1146
1234	1153
1394	1153
1404	1153
1261	1160
1282	1160
1317	1161
1318	1161
1345	1161
1346	1161
1426	1161
1484	1161
1176	1164
1282	1164
1287	1164
1360	1164
1379	1164
1389	1164
1462	1164
1242	1176
1261	1176
1282	1176
1287	1176
1392	1176
1282	1177
1427	1177
1191	1179
1238	1179
1285	1179
1288	1179
1403	1179
1300	1182
1408	1182
1425	1182
1238	1191
1285	1191
1224	1193
1262	1193
1310	1193
1369	1193
1446	1193
1469	1193
1350	1197
1436	1197
1208	1201
1301	1201
1468	1205
1358	1210
1299	1212
1320	1212
1228	1216
1306	1216
1315	1216
1361	1216
1360	1217
1262	1224
1310	1224
1369	1224
1446	1224
1469	1224
1362	1225
1391	1225
1433	1225
1306	1228
1394	1234
1404	1234
1318	1235
1391	1235
1285	1238
1261	1242
1282	1242
1287	1242
1261	1254
1282	1254
1316	1254
1333	1254
1360	1254
1370	1254
1392	1254
1295	1255
1261	1260
1282	1260
1316	1260
1282	1261
1287	1261
1316	1261
1370	1261
1392	1261
1414	1261
1421	1261
1427	1261
1310	1262
1369	1262
1446	1262
1469	1262
1334	1263
1422	1267
1281	1275
1293	1281
1287	1282
1316	1282
1333	1282
1360	1282
1370	1282
1392	1282
1414	1282
1421	1282
1427	1282
1483	1282
1294	1283
1360	1287
1379	1287
1389	1287
1392	1287
1414	1287
1421	1287
1360	1300
1389	1300
1425	1300
1433	1304
1361	1306
1369	1310
1446	1310
1469	1310
1350	1315
1379	1315
1421	1315
1436	1315
1333	1316
1370	1316
1392	1316
1427	1316
1318	1317
1484	1317
1345	1318
1346	1318
1426	1318
1484	1318
1330	1328
1457	1328
1418	1329
1457	1330
1466	1332
1370	1333
1392	1333
1346	1345
1426	1345
1426	1346
1436	1350
1422	1359
1370	1360
1389	1360
1392	1360
1425	1360
1433	1362
1446	1369
1469	1369
1449	1373
1425	1389
1462	1389
1421	1392
1427	1392
1404	1394
1452	1397
1405	1403
1425	1408
1427	1421
1431	1424
1469	1446
