0	87
0	556
0	1306
2	654
2	845
7	585
7	1244
11	91
13	1221
15	732
15	1441
16	65
16	262
16	359
16	362
16	474
16	782
16	817
16	820
16	1136
16	1189
16	1369
16	1429
19	684
25	1039
25	1272
29	30
29	889
29	1051
30	889
33	113
33	1292
37	68
37	225
37	347
37	437
37	562
37	680
37	766
37	1358
43	1509
49	65
49	106
49	120
49	144
49	193
49	221
49	332
49	359
49	474
49	511
49	558
49	569
49	571
49	587
49	782
49	817
49	820
49	864
49	903
49	925
49	934
49	988
49	1026
49	1085
49	1092
49	1109
49	1119
49	1125
49	1132
49	1168
49	1179
49	1189
49	1231
49	1369
49	1404
49	1429
50	68
50	562
50	680
50	1358
53	341
53	508
53	1132
54	97
54	121
54	187
54	289
54	517
54	593
54	633
54	1100
54	1242
54	1323
54	1381
54	1408
62	998
65	95
65	106
65	107
65	359
65	474
65	488
65	569
65	782
65	817
65	820
65	864
65	895
65	925
65	1026
65	1109
65	1125
65	1132
65	1159
65	1168
65	1175
65	1179
65	1189
65	1276
65	1404
65	1429
65	1438
68	185
68	225
68	347
68	437
68	551
68	562
68	680
68	766
68	784
68	908
68	1324
68	1358
68	1435
69	900
69	1495
71	234
71	680
71	908
74	352
74	620
74	1116
76	802
78	1169
78	1248
78	1416
78	1426
78	1455
86	163
86	307
86	323
86	368
86	861
86	1108
86	1318
87	556
87	1306
95	252
95	569
95	651
95	820
95	901
95	1077
95	1119
95	1132
95	1141
95	1156
95	1259
95	1351
95	1429
97	121
97	289
97	413
97	517
97	593
97	633
97	1100
97	1242
97	1323
97	1333
97	1381
97	1408
99	217
99	222
99	249
99	355
99	496
99	560
99	697
99	771
99	799
99	882
99	1176
99	1212
99	1249
99	1308
99	1335
99	1336
99	1412
99	1452
99	1486
104	976
104	1406
106	120
106	193
106	221
106	359
106	488
106	566
106	569
106	571
106	782
106	817
106	820
106	864
106	925
106	988
106	1026
106	1109
106	1125
106	1159
106	1168
106	1179
106	1189
106	1317
106	1333
106	1404
106	1451
107	359
107	474
107	484
107	488
107	513
107	569
107	817
107	864
107	1026
107	1109
107	1125
107	1159
107	1168
107	1189
113	819
113	1292
120	193
120	221
120	587
120	676
120	820
120	1085
120	1092
120	1179
120	1189
120	1451
121	289
121	517
121	593
121	633
121	1100
121	1242
121	1323
121	1381
121	1408
122	169
122	327
122	515
122	1205
122	1238
122	1278
122	1327
126	605
127	503
130	1428
138	571
144	221
144	235
144	324
144	417
144	587
144	676
144	820
144	903
144	1092
144	1119
144	1132
144	1179
144	1231
145	237
145	666
145	981
160	221
160	332
160	417
160	571
160	676
160	753
160	820
160	890
160	903
160	934
160	959
160	1085
160	1092
160	1162
160	1179
160	1317
160	1451
163	307
163	323
163	368
163	861
163	1108
163	1318
164	399
164	430
164	618
164	824
164	924
164	929
164	1190
164	1245
164	1453
169	327
169	515
169	1205
169	1238
169	1278
169	1327
174	421
174	453
174	1412
174	1442
175	452
178	1347
183	1429
185	680
185	784
185	1435
186	936
187	289
189	204
189	1061
189	1219
189	1478
192	946
193	558
193	566
193	820
193	1451
204	1061
204	1478
210	589
217	355
217	496
217	560
217	697
217	1249
217	1336
217	1412
218	531
218	722
218	834
219	308
221	324
221	332
221	417
221	571
221	587
221	676
221	820
221	890
221	903
221	934
221	1085
221	1092
221	1119
221	1179
221	1231
221	1250
222	249
222	882
222	1176
222	1308
222	1335
222	1336
222	1486
225	347
225	766
225	1358
227	1018
234	358
234	511
234	680
234	908
234	1113
234	1435
237	666
237	981
239	1308
241	755
245	408
245	434
245	510
249	882
249	1176
249	1308
249	1335
252	261
252	399
252	450
252	508
252	574
252	651
252	895
252	901
252	911
252	971
252	1077
252	1119
252	1132
252	1141
252	1156
252	1259
252	1334
252	1351
253	1133
259	1194
261	399
261	450
261	508
261	569
261	651
261	824
261	895
261	901
261	1077
261	1132
261	1141
261	1156
261	1334
261	1351
261	1453
262	1136
264	1272
269	933
270	519
270	1219
270	1357
288	1125
289	517
289	593
289	633
289	1100
289	1242
289	1323
289	1381
289	1408
296	887
296	896
298	1348
298	1443
298	1452
301	993
303	1078
306	309
306	551
306	562
306	1425
307	323
307	368
307	861
307	1108
307	1318
309	551
309	562
309	680
309	1425
316	720
317	1161
322	1144
322	1502
323	368
323	861
323	1108
323	1188
323	1318
324	587
324	676
324	820
324	890
324	1179
324	1231
324	1246
326	476
326	875
326	878
326	983
326	993
326	1084
327	515
327	1205
327	1238
327	1278
327	1327
332	354
332	417
332	571
332	676
332	753
332	890
332	903
332	934
332	959
332	1085
332	1092
332	1162
332	1179
332	1317
332	1451
335	549
335	1002
335	1442
338	1018
347	437
347	680
347	766
347	1358
352	620
352	1116
354	1085
355	496
355	560
355	697
355	1249
355	1336
355	1412
358	511
358	680
358	797
358	908
358	1113
358	1435
359	474
359	488
359	513
359	569
359	782
359	817
359	864
359	925
359	988
359	1026
359	1109
359	1125
359	1159
359	1189
359	1438
361	469
361	481
361	1347
362	1136
362	1333
362	1369
368	861
368	1318
381	945
382	889
384	486
384	1098
387	549
387	1181
387	1455
391	780
391	804
391	1396
395	488
395	820
395	1481
397	1373
399	430
399	450
399	465
399	488
399	508
399	569
399	574
399	618
399	651
399	824
399	895
399	901
399	911
399	929
399	971
399	1029
399	1077
399	1132
399	1141
399	1156
399	1174
399	1190
399	1245
399	1334
399	1351
399	1429
399	1453
401	540
404	1265
408	510
411	459
413	517
413	1323
413	1408
416	706
417	571
417	587
417	676
417	890
417	903
417	934
417	959
417	1085
417	1092
417	1179
417	1451
421	453
421	1412
421	1442
424	749
430	618
430	824
430	895
430	924
430	1077
430	1132
430	1141
430	1174
430	1245
430	1453
434	828
434	876
434	930
434	972
434	1201
434	1233
437	680
437	766
450	465
450	508
450	574
450	651
450	824
450	901
450	911
450	1029
450	1077
450	1132
450	1141
450	1156
450	1174
450	1334
450	1351
450	1453
453	1412
453	1442
463	531
464	1382
465	651
465	901
465	911
465	1132
465	1141
465	1156
465	1453
468	531
468	834
468	945
469	481
469	1347
470	519
474	484
474	488
474	513
474	569
474	782
474	783
474	817
474	820
474	864
474	925
474	988
474	1026
474	1095
474	1109
474	1125
474	1159
474	1168
474	1189
474	1229
474	1276
474	1333
474	1404
474	1417
474	1429
474	1438
476	519
476	875
476	878
476	983
476	993
476	1084
476	1357
481	1347
484	1109
484	1125
484	1168
484	1229
488	569
488	574
488	651
488	782
488	817
488	864
488	925
488	1026
488	1095
488	1109
488	1125
488	1141
488	1159
488	1174
488	1179
488	1333
488	1438
488	1453
496	560
496	697
496	1249
496	1336
496	1412
503	1109
504	794
508	574
508	651
508	824
508	901
508	911
508	971
508	1077
508	1132
508	1141
508	1156
508	1174
508	1334
508	1351
508	1453
510	536
511	680
511	782
511	820
511	908
511	1092
511	1179
513	569
513	817
513	864
513	1026
513	1125
513	1189
514	1386
515	1205
515	1238
515	1278
515	1327
517	593
517	633
517	1100
517	1242
517	1323
517	1333
517	1381
517	1408
519	875
519	1357
531	711
531	834
531	945
533	1033
533	1289
545	700
545	1012
545	1051
545	1282
545	1293
545	1298
545	1309
547	1295
549	1002
549	1181
549	1442
549	1455
551	562
551	680
551	1425
553	1363
556	1306
558	1132
560	697
560	1249
562	680
562	784
562	1324
562	1358
562	1435
566	1135
569	782
569	817
569	820
569	864
569	895
569	925
569	988
569	1026
569	1095
569	1109
569	1125
569	1132
569	1156
569	1159
569	1168
569	1175
569	1179
569	1189
569	1332
569	1333
569	1341
569	1404
569	1417
569	1429
569	1438
571	676
571	700
571	820
571	934
571	959
571	960
571	1085
571	1092
571	1119
571	1132
571	1179
571	1293
571	1298
574	618
574	651
574	824
574	895
574	901
574	911
574	929
574	1077
574	1132
574	1141
574	1156
574	1174
574	1190
574	1245
574	1334
574	1351
574	1453
585	1244
587	676
587	890
587	903
587	934
587	1085
587	1109
587	1179
587	1246
593	633
593	1100
593	1323
593	1381
593	1408
618	824
618	889
618	929
618	1141
618	1174
618	1190
618	1245
618	1453
620	1116
620	1205
632	1237
633	1100
633	1242
633	1323
633	1333
633	1381
633	1408
651	824
651	895
651	901
651	911
651	929
651	971
651	1029
651	1077
651	1119
651	1125
651	1132
651	1141
651	1156
651	1174
651	1190
651	1259
651	1334
651	1351
651	1453
666	981
676	753
676	820
676	890
676	903
676	934
676	959
676	1085
676	1092
676	1162
676	1179
676	1317
680	766
680	784
680	908
680	1113
680	1324
680	1358
680	1435
697	1249
697	1336
697	1412
700	1012
700	1051
700	1282
700	1293
700	1298
700	1309
701	1387
713	779
731	1435
732	1441
739	1428
753	934
753	959
753	1085
765	1420
766	1358
771	799
771	1176
771	1212
771	1336
771	1452
771	1486
778	952
778	1058
778	1187
780	804
780	1396
782	783
782	817
782	820
782	864
782	925
782	988
782	1026
782	1109
782	1120
782	1125
782	1159
782	1168
782	1189
782	1333
782	1429
783	817
783	864
783	1095
783	1189
783	1481
784	1358
784	1435
787	1262
788	795
797	908
797	1113
799	1176
799	1212
799	1336
799	1452
799	1486
804	1396
817	820
817	864
817	925
817	988
817	1026
817	1085
817	1095
817	1109
817	1120
817	1125
817	1159
817	1168
817	1179
817	1189
817	1229
817	1333
817	1404
817	1438
817	1451
819	1292
820	1026
820	1085
820	1092
820	1119
820	1125
820	1132
820	1159
820	1179
820	1189
820	1231
820	1276
820	1333
820	1404
820	1429
820	1438
824	895
824	901
824	911
824	1077
824	1132
824	1141
824	1156
824	1174
824	1190
824	1245
824	1334
824	1351
824	1429
824	1453
828	876
828	930
828	972
828	1078
828	1201
828	1233
828	1328
834	929
861	1108
864	925
864	988
864	1026
864	1095
864	1109
864	1125
864	1159
864	1168
864	1179
864	1189
864	1229
864	1417
864	1429
864	1438
870	1025
870	1216
872	951
875	993
875	1084
875	1357
876	930
876	972
876	1078
876	1201
876	1233
878	983
878	993
878	1084
882	1176
882	1308
882	1335
882	1336
882	1486
884	985
890	903
890	934
890	1085
890	1092
890	1179
892	1307
893	1464
895	901
895	911
895	971
895	1132
895	1141
895	1156
895	1174
895	1245
895	1334
895	1429
895	1453
900	1495
901	911
901	929
901	971
901	1077
901	1119
901	1132
901	1141
901	1156
901	1174
901	1334
901	1351
901	1429
901	1453
903	934
903	959
903	1085
903	1179
908	1113
908	1435
911	1029
911	1077
911	1132
911	1141
911	1156
911	1174
911	1259
911	1334
911	1351
911	1429
911	1453
924	1245
925	945
925	988
925	1026
925	1095
925	1109
925	1125
925	1159
925	1168
925	1175
925	1179
925	1189
925	1341
925	1404
925	1429
925	1438
929	945
929	1141
929	1190
929	1245
930	972
930	1078
930	1201
930	1233
934	959
934	1085
934	1092
934	1179
934	1317
934	1451
952	1058
952	1187
959	1085
959	1092
959	1162
959	1179
964	1167
971	1077
971	1132
971	1141
971	1156
971	1334
972	1078
972	1201
972	1233
976	1406
983	993
983	1084
986	992
988	1026
988	1109
988	1125
988	1159
988	1179
988	1189
988	1257
988	1404
988	1438
992	1135
992	1384
992	1425
993	1084
1008	1298
1012	1282
1012	1293
1012	1298
1012	1309
1025	1216
1026	1109
1026	1125
1026	1159
1026	1168
1026	1189
1026	1404
1026	1429
1026	1438
1029	1077
1029	1125
1029	1132
1029	1156
1029	1334
1029	1429
1031	1108
1051	1282
1051	1293
1051	1298
1051	1309
1058	1187
1061	1478
1062	1130
1077	1119
1077	1132
1077	1141
1077	1156
1077	1174
1077	1334
1077	1351
1077	1453
1078	1233
1085	1092
1085	1162
1085	1179
1085	1317
1085	1451
1092	1119
1092	1162
1092	1179
1092	1250
1095	1109
1095	1125
1095	1159
1095	1189
1095	1333
1095	1404
1095	1417
1095	1429
1096	1109
1100	1323
1100	1381
1100	1408
1101	1165
1109	1125
1109	1159
1109	1168
1109	1179
1109	1189
1109	1229
1109	1429
1109	1438
1119	1132
1119	1156
1119	1179
1119	1259
1119	1334
1119	1351
1120	1189
1125	1132
1125	1141
1125	1159
1125	1168
1125	1189
1125	1229
1125	1259
1125	1333
1125	1334
1125	1341
1125	1404
1125	1429
1125	1438
1132	1141
1132	1156
1132	1159
1132	1174
1132	1179
1132	1231
1132	1259
1132	1276
1132	1334
1132	1351
1132	1429
1132	1438
1132	1453
1135	1384
1136	1333
1136	1369
1141	1156
1141	1174
1141	1190
1141	1245
1141	1259
1141	1334
1141	1351
1141	1453
1144	1502
1145	1180
1156	1174
1156	1259
1156	1334
1156	1351
1156	1429
1156	1438
1156	1453
1159	1168
1159	1189
1159	1257
1159	1276
1159	1333
1159	1404
1159	1417
1159	1429
1159	1438
1159	1481
1168	1189
1168	1404
1169	1248
1169	1416
1169	1426
1169	1455
1174	1190
1174	1334
1174	1351
1174	1453
1176	1212
1176	1308
1176	1335
1176	1336
1176	1452
1176	1486
1179	1189
1179	1404
1179	1429
1181	1455
1189	1404
1189	1429
1190	1245
1190	1453
1201	1233
1201	1328
1205	1238
1205	1278
1205	1327
1206	1254
1212	1336
1212	1452
1212	1486
1238	1278
1238	1327
1242	1323
1242	1408
1245	1453
1248	1416
1248	1426
1248	1455
1249	1336
1249	1412
1259	1334
1259	1351
1259	1429
1276	1334
1276	1417
1276	1429
1278	1327
1282	1293
1282	1298
1282	1309
1293	1298
1298	1309
1308	1335
1308	1336
1308	1357
1308	1486
1317	1451
1323	1381
1323	1408
1324	1435
1333	1369
1333	1404
1333	1408
1334	1351
1334	1453
1335	1336
1335	1486
1336	1452
1336	1486
1348	1443
1351	1429
1358	1435
1381	1408
1404	1429
1412	1442
1416	1426
1416	1455
1429	1438
1438	1481
1450	1457
1452	1486
87	0
556	0
1306	0
654	2
845	2
585	7
1244	7
91	11
1221	13
732	15
1441	15
65	16
262	16
359	16
362	16
474	16
782	16
817	16
820	16
1136	16
1189	16
1369	16
1429	16
684	19
1039	25
1272	25
30	29
889	29
1051	29
889	30
113	33
1292	33
68	37
225	37
347	37
437	37
562	37
680	37
766	37
1358	37
1509	43
65	49
106	49
120	49
144	49
193	49
221	49
332	49
359	49
474	49
511	49
558	49
569	49
571	49
587	49
782	49
817	49
820	49
864	49
903	49
925	49
934	49
988	49
1026	49
1085	49
1092	49
1109	49
1119	49
1125	49
1132	49
1168	49
1179	49
1189	49
1231	49
1369	49
1404	49
1429	49
68	50
562	50
680	50
1358	50
341	53
508	53
1132	53
97	54
121	54
187	54
289	54
517	54
593	54
633	54
1100	54
1242	54
1323	54
1381	54
1408	54
998	62
95	65
106	65
107	65
359	65
474	65
488	65
569	65
782	65
817	65
820	65
864	65
895	65
925	65
1026	65
1109	65
1125	65
1132	65
1159	65
1168	65
1175	65
1179	65
1189	65
1276	65
1404	65
1429	65
1438	65
185	68
225	68
347	68
437	68
551	68
562	68
680	68
766	68
784	68
908	68
1324	68
1358	68
1435	68
900	69
1495	69
234	71
680	71
908	71
352	74
620	74
1116	74
802	76
1169	78
1248	78
1416	78
1426	78
1455	78
163	86
307	86
323	86
368	86
861	86
1108	86
1318	86
556	87
1306	87
252	95
569	95
651	95
820	95
901	95
1077	95
1119	95
1132	95
1141	95
1156	95
1259	95
1351	95
1429	95
121	97
289	97
413	97
517	97
593	97
633	97
1100	97
1242	97
1323	97
1333	97
1381	97
1408	97
217	99
222	99
249	99
355	99
496	99
560	99
697	99
771	99
799	99
882	99
1176	99
1212	99
1249	99
1308	99
1335	99
1336	99
1412	99
1452	99
1486	99
976	104
1406	104
120	106
193	106
221	106
359	106
488	106
566	106
569	106
571	106
782	106
817	106
820	106
864	106
925	106
988	106
1026	106
1109	106
1125	106
1159	106
1168	106
1179	106
1189	106
1317	106
1333	106
1404	106
1451	106
359	107
474	107
484	107
488	107
513	107
569	107
817	107
864	107
1026	107
1109	107
1125	107
1159	107
1168	107
1189	107
819	113
1292	113
193	120
221	120
587	120
676	120
820	120
1085	120
1092	120
1179	120
1189	120
1451	120
289	121
517	121
593	121
633	121
1100	121
1242	121
1323	121
1381	121
1408	121
169	122
327	122
515	122
1205	122
1238	122
1278	122
1327	122
605	126
503	127
1428	130
571	138
221	144
235	144
324	144
417	144
587	144
676	144
820	144
903	144
1092	144
1119	144
1132	144
1179	144
1231	144
237	145
666	145
981	145
221	160
332	160
417	160
571	160
676	160
753	160
820	160
890	160
903	160
934	160
959	160
1085	160
1092	160
1162	160
1179	160
1317	160
1451	160
307	163
323	163
368	163
861	163
1108	163
1318	163
399	164
430	164
618	164
824	164
924	164
929	164
1190	164
1245	164
1453	164
327	169
515	169
1205	169
1238	169
1278	169
1327	169
421	174
453	174
1412	174
1442	174
452	175
1347	178
1429	183
680	185
784	185
1435	185
936	186
289	187
204	189
1061	189
1219	189
1478	189
946	192
558	193
566	193
820	193
1451	193
1061	204
1478	204
589	210
355	217
496	217
560	217
697	217
1249	217
1336	217
1412	217
531	218
722	218
834	218
308	219
324	221
332	221
417	221
571	221
587	221
676	221
820	221
890	221
903	221
934	221
1085	221
1092	221
1119	221
1179	221
1231	221
1250	221
249	222
882	222
1176	222
1308	222
1335	222
1336	222
1486	222
347	225
766	225
1358	225
1018	227
358	234
511	234
680	234
908	234
1113	234
1435	234
666	237
981	237
1308	239
755	241
408	245
434	245
510	245
882	249
1176	249
1308	249
1335	249
261	252
399	252
450	252
508	252
574	252
651	252
895	252
901	252
911	252
971	252
1077	252
1119	252
1132	252
1141	252
1156	252
1259	252
1334	252
1351	252
1133	253
1194	259
399	261
450	261
508	261
569	261
651	261
824	261
895	261
901	261
1077	261
1132	261
1141	261
1156	261
1334	261
1351	261
1453	261
1136	262
1272	264
933	269
519	270
1219	270
1357	270
1125	288
517	289
593	289
633	289
1100	289
1242	289
1323	289
1381	289
1408	289
887	296
896	296
1348	298
1443	298
1452	298
993	301
1078	303
309	306
551	306
562	306
1425	306
323	307
368	307
861	307
1108	307
1318	307
551	309
562	309
680	309
1425	309
720	316
1161	317
1144	322
1502	322
368	323
861	323
1108	323
1188	323
1318	323
587	324
676	324
820	324
890	324
1179	324
1231	324
1246	324
476	326
875	326
878	326
983	326
993	326
1084	326
515	327
1205	327
1238	327
1278	327
1327	327
354	332
417	332
571	332
676	332
753	332
890	332
903	332
934	332
959	332
1085	332
1092	332
1162	332
1179	332
1317	332
1451	332
549	335
1002	335
1442	335
1018	338
437	347
680	347
766	347
1358	347
620	352
1116	352
1085	354
496	355
560	355
697	355
1249	355
1336	355
1412	355
511	358
680	358
797	358
908	358
1113	358
1435	358
474	359
488	359
513	359
569	359
782	359
817	359
864	359
925	359
988	359
1026	359
1109	359
1125	359
1159	359
1189	359
1438	359
469	361
481	361
1347	361
1136	362
1333	362
1369	362
861	368
1318	368
945	381
889	382
486	384
1098	384
549	387
1181	387
1455	387
780	391
804	391
1396	391
488	395
820	395
1481	395
1373	397
430	399
450	399
465	399
488	399
508	399
569	399
574	399
618	399
651	399
824	399
895	399
901	399
911	399
929	399
971	399
1029	399
1077	399
1132	399
1141	399
1156	399
1174	399
1190	399
1245	399
1334	399
1351	399
1429	399
1453	399
540	401
1265	404
510	408
459	411
517	413
1323	413
1408	413
706	416
571	417
587	417
676	417
890	417
903	417
934	417
959	417
1085	417
1092	417
1179	417
1451	417
453	421
1412	421
1442	421
749	424
618	430
824	430
895	430
924	430
1077	430
1132	430
1141	430
1174	430
1245	430
1453	430
828	434
876	434
930	434
972	434
1201	434
1233	434
680	437
766	437
465	450
508	450
574	450
651	450
824	450
901	450
911	450
1029	450
1077	450
1132	450
1141	450
1156	450
1174	450
1334	450
1351	450
1453	450
1412	453
1442	453
531	463
1382	464
651	465
901	465
911	465
1132	465
1141	465
1156	465
1453	465
531	468
834	468
945	468
481	469
1347	469
519	470
484	474
488	474
513	474
569	474
782	474
783	474
817	474
820	474
864	474
925	474
988	474
1026	474
1095	474
1109	474
1125	474
1159	474
1168	474
1189	474
1229	474
1276	474
1333	474
1404	474
1417	474
1429	474
1438	474
519	476
875	476
878	476
983	476
993	476
1084	476
1357	476
1347	481
1109	484
1125	484
1168	484
1229	484
569	488
574	488
651	488
782	488
817	488
864	488
925	488
1026	488
1095	488
1109	488
1125	488
1141	488
1159	488
1174	488
1179	488
1333	488
1438	488
1453	488
560	496
697	496
1249	496
1336	496
1412	496
1109	503
794	504
574	508
651	508
824	508
901	508
911	508
971	508
1077	508
1132	508
1141	508
1156	508
1174	508
1334	508
1351	508
1453	508
536	510
680	511
782	511
820	511
908	511
1092	511
1179	511
569	513
817	513
864	513
1026	513
1125	513
1189	513
1386	514
1205	515
1238	515
1278	515
1327	515
593	517
633	517
1100	517
1242	517
1323	517
1333	517
1381	517
1408	517
875	519
1357	519
711	531
834	531
945	531
1033	533
1289	533
700	545
1012	545
1051	545
1282	545
1293	545
1298	545
1309	545
1295	547
1002	549
1181	549
1442	549
1455	549
562	551
680	551
1425	551
1363	553
1306	556
1132	558
697	560
1249	560
680	562
784	562
1324	562
1358	562
1435	562
1135	566
782	569
817	569
820	569
864	569
895	569
925	569
988	569
1026	569
1095	569
1109	569
1125	569
1132	569
1156	569
1159	569
1168	569
1175	569
1179	569
1189	569
1332	569
1333	569
1341	569
1404	569
1417	569
1429	569
1438	569
676	571
700	571
820	571
934	571
959	571
960	571
1085	571
1092	571
1119	571
1132	571
1179	571
1293	571
1298	571
618	574
651	574
824	574
895	574
901	574
911	574
929	574
1077	574
1132	574
1141	574
1156	574
1174	574
1190	574
1245	574
1334	574
1351	574
1453	574
1244	585
676	587
890	587
903	587
934	587
1085	587
1109	587
1179	587
1246	587
633	593
1100	593
1323	593
1381	593
1408	593
824	618
889	618
929	618
1141	618
1174	618
1190	618
1245	618
1453	618
1116	620
1205	620
1237	632
1100	633
1242	633
1323	633
1333	633
1381	633
1408	633
824	651
895	651
901	651
911	651
929	651
971	651
1029	651
1077	651
1119	651
1125	651
1132	651
1141	651
1156	651
1174	651
1190	651
1259	651
1334	651
1351	651
1453	651
981	666
753	676
820	676
890	676
903	676
934	676
959	676
1085	676
1092	676
1162	676
1179	676
1317	676
766	680
784	680
908	680
1113	680
1324	680
1358	680
1435	680
1249	697
1336	697
1412	697
1012	700
1051	700
1282	700
1293	700
1298	700
1309	700
1387	701
779	713
1435	731
1441	732
1428	739
934	753
959	753
1085	753
1420	765
1358	766
799	771
1176	771
1212	771
1336	771
1452	771
1486	771
952	778
1058	778
1187	778
804	780
1396	780
783	782
817	782
820	782
864	782
925	782
988	782
1026	782
1109	782
1120	782
1125	782
1159	782
1168	782
1189	782
1333	782
1429	782
817	783
864	783
1095	783
1189	783
1481	783
1358	784
1435	784
1262	787
795	788
908	797
1113	797
1176	799
1212	799
1336	799
1452	799
1486	799
1396	804
820	817
864	817
925	817
988	817
1026	817
1085	817
1095	817
1109	817
1120	817
1125	817
1159	817
1168	817
1179	817
1189	817
1229	817
1333	817
1404	817
1438	817
1451	817
1292	819
1026	820
1085	820
1092	820
1119	820
1125	820
1132	820
1159	820
1179	820
1189	820
1231	820
1276	820
1333	820
1404	820
1429	820
1438	820
895	824
901	824
911	824
1077	824
1132	824
1141	824
1156	824
1174	824
1190	824
1245	824
1334	824
1351	824
1429	824
1453	824
876	828
930	828
972	828
1078	828
1201	828
1233	828
1328	828
929	834
1108	861
925	864
988	864
1026	864
1095	864
1109	864
1125	864
1159	864
1168	864
1179	864
1189	864
1229	864
1417	864
1429	864
1438	864
1025	870
1216	870
951	872
993	875
1084	875
1357	875
930	876
972	876
1078	876
1201	876
1233	876
983	878
993	878
1084	878
1176	882
1308	882
1335	882
1336	882
1486	882
985	884
903	890
934	890
1085	890
1092	890
1179	890
1307	892
1464	893
901	895
911	895
971	895
1132	895
1141	895
1156	895
1174	895
1245	895
1334	895
1429	895
1453	895
1495	900
911	901
929	901
971	901
1077	901
1119	901
1132	901
1141	901
1156	901
1174	901
1334	901
1351	901
1429	901
1453	901
934	903
959	903
1085	903
1179	903
1113	908
1435	908
1029	911
1077	911
1132	911
1141	911
1156	911
1174	911
1259	911
1334	911
1351	911
1429	911
1453	911
1245	924
945	925
988	925
1026	925
1095	925
1109	925
1125	925
1159	925
1168	925
1175	925
1179	925
1189	925
1341	925
1404	925
1429	925
1438	925
945	929
1141	929
1190	929
1245	929
972	930
1078	930
1201	930
1233	930
959	934
1085	934
1092	934
1179	934
1317	934
1451	934
1058	952
1187	952
1085	959
1092	959
1162	959
1179	959
1167	964
1077	971
1132	971
1141	971
1156	971
1334	971
1078	972
1201	972
1233	972
1406	976
993	983
1084	983
992	986
1026	988
1109	988
1125	988
1159	988
1179	988
1189	988
1257	988
1404	988
1438	988
1135	992
1384	992
1425	992
1084	993
1298	1008
1282	1012
1293	1012
1298	1012
1309	1012
1216	1025
1109	1026
1125	1026
1159	1026
1168	1026
1189	1026
1404	1026
1429	1026
1438	1026
1077	1029
1125	1029
1132	1029
1156	1029
1334	1029
1429	1029
1108	1031
1282	1051
1293	1051
1298	1051
1309	1051
1187	1058
1478	1061
1130	1062
1119	1077
1132	1077
1141	1077
1156	1077
1174	1077
1334	1077
1351	1077
1453	1077
1233	1078
1092	1085
1162	1085
1179	1085
1317	1085
1451	1085
1119	1092
1162	1092
1179	1092
1250	1092
1109	1095
1125	1095
1159	1095
1189	1095
1333	1095
1404	1095
1417	1095
1429	1095
1109	1096
1323	1100
1381	1100
1408	1100
1165	1101
1125	1109
1159	1109
1168	1109
1179	1109
1189	1109
1229	1109
1429	1109
1438	1109
1132	1119
1156	1119
1179	1119
1259	1119
1334	1119
1351	1119
1189	1120
1132	1125
1141	1125
1159	1125
1168	1125
1189	1125
1229	1125
1259	1125
1333	1125
1334	1125
1341	1125
1404	1125
1429	1125
1438	1125
1141	1132
1156	1132
1159	1132
1174	1132
1179	1132
1231	1132
1259	1132
1276	1132
1334	1132
1351	1132
1429	1132
1438	1132
1453	1132
1384	1135
1333	1136
1369	1136
1156	1141
1174	1141
1190	1141
1245	1141
1259	1141
1334	1141
1351	1141
1453	1141
1502	1144
1180	1145
1174	1156
1259	1156
1334	1156
1351	1156
1429	1156
1438	1156
1453	1156
1168	1159
1189	1159
1257	1159
1276	1159
1333	1159
1404	1159
1417	1159
1429	1159
1438	1159
1481	1159
1189	1168
1404	1168
1248	1169
1416	1169
1426	1169
1455	1169
1190	1174
1334	1174
1351	1174
1453	1174
1212	1176
1308	1176
1335	1176
1336	1176
1452	1176
1486	1176
1189	1179
1404	1179
1429	1179
1455	1181
1404	1189
1429	1189
1245	1190
1453	1190
1233	1201
1328	1201
1238	1205
1278	1205
1327	1205
1254	1206
1336	1212
1452	1212
1486	1212
1278	1238
1327	1238
1323	1242
1408	1242
1453	1245
1416	1248
1426	1248
1455	1248
1336	1249
1412	1249
1334	1259
1351	1259
1429	1259
1334	1276
1417	1276
1429	1276
1327	1278
1293	1282
1298	1282
1309	1282
1298	1293
1309	1298
1335	1308
1336	1308
1357	1308
1486	1308
1451	1317
1381	1323
1408	1323
1435	1324
1369	1333
1404	1333
1408	1333
1351	1334
1453	1334
1336	1335
1486	1335
1452	1336
1486	1336
1443	1348
1429	1351
1435	1358
1408	1381
1429	1404
1442	1412
1426	1416
1455	1416
1438	1429
1481	1438
1457	1450
1486	1452
