2	379
2	481
2	547
5	50
7	425
9	601
11	306
11	589
13	57
13	67
13	473
14	712
16	402
16	467
16	580
16	599
16	645
16	754
16	824
18	308
18	602
19	37
19	58
19	64
19	87
19	98
19	125
19	142
19	176
19	181
19	197
19	232
19	336
19	338
19	391
19	400
19	438
19	502
19	510
19	526
19	535
19	538
19	544
19	571
19	577
19	626
19	628
19	678
19	754
19	803
19	838
19	858
19	859
20	746
24	38
24	116
24	188
24	242
24	329
24	393
24	440
24	528
24	582
26	423
28	47
28	85
28	149
28	166
28	175
28	180
28	352
28	431
28	507
28	559
28	583
28	592
28	699
28	705
30	143
32	185
32	289
32	649
32	810
35	481
36	37
36	51
36	58
36	59
36	83
36	110
36	112
36	113
36	134
36	189
36	194
36	206
36	230
36	274
36	287
36	364
36	370
36	419
36	444
36	449
36	467
36	490
36	514
36	516
36	585
36	599
36	637
36	645
36	649
36	666
36	672
36	676
36	678
36	708
36	737
36	751
36	754
36	809
36	824
36	830
36	834
37	58
37	64
37	83
37	98
37	113
37	125
37	134
37	142
37	176
37	194
37	225
37	230
37	274
37	281
37	364
37	370
37	419
37	444
37	449
37	467
37	490
37	514
37	516
37	571
37	585
37	599
37	637
37	645
37	649
37	666
37	672
37	678
37	711
37	751
37	754
37	770
37	806
37	809
37	824
38	116
38	188
38	242
38	314
38	329
38	393
38	440
38	513
38	528
38	644
38	765
38	828
39	508
39	600
39	701
39	862
44	751
47	85
47	149
47	166
47	175
47	180
47	192
47	352
47	431
47	507
47	583
47	592
47	699
49	315
51	98
51	140
51	206
51	281
51	509
51	514
51	516
51	619
51	649
51	655
51	664
51	751
51	803
51	824
51	834
54	122
54	154
54	280
54	319
54	427
54	443
54	459
54	485
54	721
54	756
54	775
54	792
54	815
54	855
54	870
56	557
56	780
56	811
57	473
58	64
58	74
58	83
58	98
58	113
58	125
58	142
58	189
58	194
58	197
58	230
58	274
58	287
58	324
58	350
58	367
58	419
58	449
58	467
58	490
58	514
58	516
58	535
58	538
58	549
58	571
58	585
58	599
58	627
58	637
58	645
58	666
58	672
58	678
58	708
58	727
58	751
58	754
58	770
58	806
58	809
58	838
59	83
59	110
59	112
59	113
59	194
59	230
59	265
59	274
59	287
59	293
59	364
59	370
59	444
59	467
59	490
59	585
59	637
59	645
59	666
59	672
59	751
61	190
61	561
63	86
63	160
63	178
63	262
63	296
63	417
63	493
63	496
63	625
63	723
63	787
64	98
64	125
64	142
64	197
64	338
64	391
64	484
64	535
64	626
64	628
64	678
64	754
64	838
64	859
66	377
66	696
66	766
66	802
67	473
68	147
72	208
74	98
74	113
74	278
74	292
74	449
74	532
74	641
74	649
74	739
74	754
78	133
78	387
78	461
79	217
80	86
80	178
80	417
80	496
80	612
80	616
80	625
83	98
83	110
83	112
83	113
83	125
83	142
83	189
83	194
83	230
83	274
83	281
83	287
83	293
83	364
83	367
83	370
83	419
83	444
83	449
83	467
83	490
83	514
83	516
83	585
83	599
83	629
83	637
83	645
83	666
83	672
83	678
83	708
83	751
83	754
83	770
83	776
83	809
83	834
84	119
84	330
84	340
84	348
84	694
84	724
84	744
85	149
85	166
85	175
85	180
85	352
85	431
85	507
85	559
85	583
85	592
85	684
85	699
86	178
86	417
86	496
86	612
86	616
86	625
87	98
87	125
87	142
87	181
87	197
87	232
87	336
87	391
87	400
87	438
87	502
87	510
87	526
87	535
87	538
87	544
87	577
87	626
87	628
87	668
87	678
87	838
87	858
87	859
91	147
91	238
91	355
91	471
91	524
91	563
91	686
91	718
91	810
91	840
95	160
95	815
95	832
98	112
98	113
98	125
98	140
98	142
98	176
98	181
98	197
98	206
98	232
98	274
98	292
98	336
98	338
98	391
98	419
98	438
98	449
98	502
98	509
98	510
98	514
98	516
98	526
98	532
98	535
98	538
98	544
98	577
98	599
98	626
98	628
98	649
98	664
98	666
98	678
98	711
98	751
98	754
98	771
98	789
98	824
98	858
98	859
100	824
103	527
109	805
110	112
110	113
110	134
110	142
110	147
110	189
110	194
110	230
110	265
110	274
110	281
110	287
110	331
110	364
110	419
110	444
110	449
110	467
110	490
110	514
110	516
110	571
110	599
110	637
110	645
110	655
110	666
110	672
110	675
110	708
110	727
110	751
110	754
110	776
110	809
110	824
110	830
110	834
110	848
111	189
112	113
112	134
112	142
112	189
112	194
112	218
112	230
112	265
112	274
112	281
112	287
112	331
112	364
112	370
112	402
112	419
112	444
112	449
112	467
112	490
112	514
112	516
112	585
112	599
112	629
112	637
112	645
112	649
112	666
112	672
112	675
112	708
112	737
112	751
112	754
112	776
112	809
112	810
112	824
112	830
112	834
113	142
113	189
113	194
113	215
113	230
113	265
113	274
113	281
113	287
113	292
113	293
113	316
113	364
113	367
113	370
113	419
113	444
113	449
113	467
113	490
113	514
113	516
113	585
113	599
113	629
113	637
113	641
113	645
113	666
113	672
113	708
113	727
113	751
113	754
113	770
113	806
113	834
114	152
114	598
114	656
115	609
115	850
116	188
116	329
116	393
116	528
116	644
116	828
117	453
117	457
119	330
119	340
119	348
119	694
119	724
119	744
119	869
121	129
122	276
122	280
122	319
122	721
122	775
122	815
124	167
124	237
124	409
124	796
125	142
125	176
125	181
125	197
125	232
125	336
125	338
125	391
125	438
125	502
125	510
125	526
125	535
125	538
125	626
125	628
125	678
125	711
125	754
125	789
125	859
128	712
133	387
133	461
134	189
134	194
134	206
134	230
134	287
134	370
134	419
134	444
134	467
134	490
134	514
134	516
134	585
134	599
134	637
134	645
134	649
134	664
134	666
134	708
134	737
134	751
134	754
134	809
134	824
134	830
137	226
140	144
140	206
140	250
140	281
140	289
140	331
140	419
140	509
140	512
140	514
140	515
140	516
140	552
140	619
140	649
140	655
140	664
140	708
140	751
140	771
140	803
140	810
141	650
142	189
142	194
142	197
142	230
142	232
142	274
142	287
142	292
142	317
142	338
142	364
142	367
142	391
142	419
142	444
142	449
142	467
142	490
142	510
142	514
142	516
142	526
142	535
142	538
142	549
142	571
142	580
142	585
142	599
142	626
142	627
142	628
142	629
142	637
142	641
142	645
142	666
142	672
142	678
142	708
142	711
142	727
142	751
142	754
142	789
142	806
142	809
142	824
142	830
142	834
142	838
142	859
142	869
144	206
144	250
144	289
144	471
144	509
144	512
144	619
144	649
144	655
144	664
144	771
144	840
147	238
147	274
147	287
147	331
147	355
147	471
147	514
147	524
147	655
147	675
147	686
147	718
147	751
147	810
147	834
147	840
149	166
149	175
149	180
149	192
149	352
149	431
149	507
149	559
149	583
149	592
149	699
152	598
152	656
153	345
154	443
154	459
154	792
154	855
156	613
156	639
156	835
159	184
159	295
159	326
159	343
159	351
159	365
159	411
159	487
159	635
159	681
159	710
159	716
159	764
159	798
159	812
160	312
160	787
160	815
160	832
162	225
162	325
162	498
162	556
164	402
164	620
164	778
165	168
165	314
165	528
165	821
166	175
166	180
166	192
166	352
166	431
166	507
166	559
166	583
166	592
166	699
166	705
167	237
167	409
167	796
168	314
168	393
168	528
168	821
170	418
171	667
172	748
173	486
174	658
174	866
175	180
175	192
175	352
175	431
175	507
175	559
175	583
175	592
175	684
175	699
176	239
176	338
176	391
176	502
176	535
176	678
176	711
176	754
176	859
178	417
178	493
178	496
178	612
178	616
178	625
180	192
180	352
180	431
180	507
180	559
180	583
180	592
180	699
180	705
181	191
181	197
181	232
181	336
181	391
181	400
181	438
181	502
181	510
181	526
181	535
181	538
181	544
181	577
181	626
181	628
181	668
181	678
181	838
181	858
181	859
184	295
184	326
184	343
184	351
184	365
184	411
184	487
184	635
184	681
184	710
184	716
184	764
184	798
184	812
188	242
188	329
188	393
188	440
188	528
189	194
189	230
189	265
189	274
189	281
189	287
189	364
189	419
189	444
189	449
189	467
189	490
189	514
189	516
189	585
189	599
189	637
189	645
189	666
189	672
189	708
189	726
189	751
189	754
189	776
189	830
189	834
190	561
191	336
191	400
191	438
191	626
192	322
192	583
192	592
193	292
193	393
193	513
193	828
194	274
194	281
194	287
194	293
194	364
194	370
194	419
194	444
194	449
194	467
194	490
194	514
194	585
194	599
194	637
194	645
194	666
194	751
194	754
194	830
194	834
196	278
196	821
197	232
197	302
197	336
197	338
197	391
197	400
197	438
197	502
197	510
197	526
197	535
197	538
197	544
197	577
197	626
197	628
197	668
197	678
197	754
197	838
197	858
197	859
202	344
202	503
202	606
206	250
206	274
206	281
206	289
206	419
206	471
206	472
206	509
206	512
206	514
206	515
206	516
206	532
206	538
206	552
206	587
206	619
206	645
206	649
206	655
206	664
206	675
206	751
206	771
206	803
206	810
206	824
206	830
206	840
207	533
211	445
211	539
211	607
211	683
214	236
214	373
214	462
214	614
218	274
218	599
218	751
218	834
218	852
222	624
225	325
225	498
225	542
225	556
225	631
225	844
229	295
229	764
229	812
230	265
230	274
230	281
230	287
230	364
230	370
230	419
230	444
230	449
230	467
230	490
230	514
230	516
230	585
230	599
230	629
230	637
230	645
230	666
230	672
230	708
230	727
230	751
230	754
230	776
230	809
230	824
230	834
231	408
232	336
232	338
232	391
232	400
232	438
232	502
232	510
232	526
232	535
232	538
232	544
232	577
232	626
232	628
232	678
232	754
232	838
232	858
232	859
233	310
233	475
233	548
236	467
236	565
236	585
236	864
238	355
238	471
238	563
238	619
238	649
238	655
238	675
238	718
238	751
238	810
238	840
239	338
242	393
242	440
244	511
245	717
246	603
248	278
248	292
248	739
249	418
250	259
250	289
250	331
250	471
250	509
250	512
250	515
250	587
250	619
250	649
250	655
250	664
250	675
250	751
250	771
250	810
250	840
253	416
254	520
258	616
258	715
258	799
259	509
259	514
259	515
259	649
259	655
259	664
259	751
259	810
259	840
261	475
261	533
262	296
265	287
265	444
265	516
265	637
265	645
265	672
265	727
272	405
272	602
272	741
272	750
274	281
274	287
274	316
274	331
274	364
274	370
274	419
274	444
274	449
274	467
274	490
274	514
274	516
274	563
274	571
274	585
274	599
274	629
274	637
274	645
274	655
274	666
274	675
274	678
274	751
274	754
274	770
274	810
274	830
274	834
274	840
276	280
276	721
278	422
278	449
278	532
278	739
279	506
280	319
280	721
280	775
280	815
281	287
281	289
281	331
281	364
281	370
281	419
281	444
281	449
281	467
281	490
281	514
281	515
281	516
281	580
281	585
281	599
281	629
281	637
281	645
281	649
281	666
281	678
281	708
281	737
281	751
281	754
281	771
281	810
281	824
281	830
281	834
283	558
287	293
287	364
287	367
287	370
287	419
287	444
287	449
287	467
287	490
287	514
287	516
287	563
287	575
287	585
287	599
287	629
287	637
287	645
287	666
287	672
287	675
287	708
287	727
287	751
287	754
287	809
287	810
287	824
287	830
287	834
289	331
289	471
289	509
289	512
289	515
289	552
289	619
289	649
289	655
289	664
289	675
289	751
289	771
289	803
289	810
289	840
292	393
292	449
292	513
292	538
292	628
292	678
292	751
292	754
292	789
293	364
293	444
293	467
293	490
293	585
293	645
293	727
293	751
294	801
295	326
295	343
295	351
295	365
295	411
295	470
295	487
295	635
295	681
295	710
295	716
295	764
295	770
295	798
295	812
296	417
296	493
296	787
298	550
298	700
302	338
302	391
302	526
302	535
306	589
311	514
311	748
312	832
312	842
314	393
314	528
314	821
314	847
315	791
316	444
316	467
316	490
317	649
317	751
319	721
325	498
325	556
326	343
326	351
326	365
326	411
326	470
326	487
326	635
326	681
326	710
326	716
326	764
326	798
326	812
329	393
329	440
329	528
329	644
329	828
330	340
330	348
330	694
330	724
330	744
331	355
331	471
331	509
331	514
331	515
331	516
331	524
331	619
331	649
331	655
331	664
331	675
331	686
331	718
331	751
331	771
331	803
331	810
331	834
331	840
336	391
336	400
336	438
336	510
336	526
336	535
336	538
336	544
336	626
336	628
336	678
336	859
338	391
338	502
338	510
338	526
338	535
338	577
338	626
338	637
338	678
338	754
338	859
339	370
339	473
339	553
339	620
339	692
340	348
340	694
340	724
340	744
340	869
343	365
343	407
343	411
343	487
343	635
343	681
343	710
343	764
343	798
343	812
344	503
344	606
348	694
348	724
348	744
349	654
349	808
350	518
351	365
351	411
351	470
351	487
351	635
351	681
351	710
351	716
351	764
351	812
352	431
352	507
352	559
352	583
352	592
352	699
355	471
355	524
355	655
355	675
355	686
355	718
355	751
355	810
355	840
358	501
364	370
364	419
364	444
364	449
364	467
364	490
364	514
364	585
364	599
364	629
364	637
364	645
364	666
364	727
364	751
364	754
364	809
364	824
364	830
364	834
365	411
365	487
365	635
365	681
365	710
365	716
365	764
365	770
365	798
365	812
367	449
367	467
367	490
367	641
367	645
367	727
367	754
367	769
370	419
370	444
370	449
370	467
370	490
370	514
370	516
370	585
370	599
370	629
370	637
370	645
370	666
370	751
370	754
370	809
370	824
370	830
373	462
373	533
377	696
377	766
377	802
379	547
379	690
384	516
384	532
384	711
386	835
386	842
387	461
389	418
391	400
391	438
391	502
391	510
391	526
391	535
391	538
391	544
391	577
391	626
391	628
391	668
391	678
391	754
391	858
391	859
393	440
393	513
393	528
393	644
393	765
393	828
399	676
400	438
400	510
400	526
400	535
400	538
400	626
400	858
400	859
402	580
402	629
402	778
405	482
405	602
405	741
405	750
407	681
409	796
411	487
411	635
411	681
411	710
411	716
411	764
411	798
411	812
414	492
417	493
417	496
417	612
417	616
417	625
417	787
419	444
419	449
419	467
419	490
419	514
419	516
419	538
419	585
419	599
419	629
419	637
419	645
419	649
419	666
419	672
419	678
419	708
419	737
419	751
419	754
419	770
419	771
419	824
419	834
427	485
427	756
427	775
427	855
427	870
431	507
431	559
431	583
431	592
431	699
436	467
436	627
438	510
438	526
438	535
438	538
438	544
438	577
438	626
438	628
438	678
438	858
438	859
440	528
440	582
443	459
443	792
443	855
444	449
444	467
444	490
444	514
444	516
444	585
444	599
444	629
444	637
444	645
444	666
444	672
444	708
444	727
444	751
444	754
444	770
444	776
444	809
444	824
444	830
444	834
445	539
445	607
445	683
449	467
449	490
449	514
449	516
449	532
449	538
449	585
449	591
449	599
449	627
449	637
449	641
449	645
449	666
449	672
449	739
449	751
449	754
449	770
449	806
449	824
453	457
459	775
459	792
459	855
467	490
467	514
467	516
467	538
467	585
467	599
467	626
467	627
467	629
467	637
467	641
467	645
467	666
467	672
467	678
467	708
467	727
467	751
467	754
467	770
467	809
467	830
467	838
467	869
468	746
470	798
470	812
471	509
471	514
471	515
471	575
471	619
471	649
471	655
471	664
471	675
471	686
471	718
471	751
471	771
471	810
471	824
471	834
471	840
472	649
472	664
472	740
472	803
473	553
473	620
473	692
475	524
475	614
478	768
481	547
482	590
482	750
484	838
485	756
485	775
485	855
485	870
487	635
487	681
487	710
487	716
487	764
487	770
487	798
487	812
490	514
490	516
490	575
490	585
490	591
490	599
490	629
490	637
490	645
490	666
490	672
490	678
490	708
490	727
490	751
490	754
490	824
490	830
490	834
493	616
493	625
493	787
496	612
496	616
496	625
498	556
499	564
499	643
502	510
502	526
502	535
502	538
502	577
502	626
502	628
502	678
502	754
502	859
503	606
507	559
507	583
507	592
507	699
508	600
508	701
508	862
509	512
509	514
509	515
509	524
509	552
509	619
509	649
509	655
509	664
509	675
509	751
509	771
509	803
509	810
509	824
509	840
510	526
510	535
510	538
510	544
510	577
510	626
510	678
510	858
510	859
512	515
512	587
512	619
512	645
512	649
512	655
512	664
512	751
512	771
512	803
512	810
513	528
513	644
513	828
514	515
514	516
514	537
514	580
514	585
514	599
514	629
514	637
514	645
514	649
514	655
514	664
514	666
514	676
514	678
514	708
514	737
514	751
514	754
514	771
514	803
514	809
514	810
514	824
514	830
514	834
514	840
515	516
515	587
515	619
515	649
515	655
515	664
515	675
515	751
515	771
515	810
515	824
515	840
516	537
516	580
516	599
516	637
516	645
516	649
516	655
516	666
516	672
516	678
516	708
516	727
516	737
516	751
516	754
516	770
516	771
516	809
516	810
516	824
516	830
524	533
524	614
524	655
524	686
524	718
524	810
526	535
526	538
526	544
526	577
526	626
526	628
526	678
526	838
526	856
526	858
526	859
528	644
528	765
528	828
532	538
532	649
532	711
532	751
533	614
535	538
535	544
535	577
535	626
535	628
535	678
535	754
535	789
535	858
535	859
538	544
538	577
538	626
538	628
538	649
538	668
538	678
538	754
538	789
538	858
538	859
539	607
539	683
543	740
544	577
544	626
544	628
544	668
544	678
544	858
544	859
546	861
547	733
548	671
549	672
550	700
552	619
552	649
552	655
552	664
552	751
552	771
552	803
552	810
553	620
553	692
557	780
557	811
559	583
559	592
559	699
563	718
563	751
563	810
563	834
564	643
568	637
571	627
571	637
571	739
571	754
571	834
574	869
575	585
575	751
576	750
577	626
577	678
577	858
577	859
580	649
580	824
583	592
583	699
583	705
585	599
585	637
585	645
585	666
585	672
585	708
585	727
585	751
585	754
585	809
585	824
585	830
587	619
587	645
587	649
587	664
587	751
587	771
587	810
587	824
588	699
591	599
591	754
591	770
592	684
592	699
598	656
599	629
599	637
599	645
599	649
599	666
599	672
599	678
599	708
599	727
599	737
599	751
599	754
599	770
599	809
599	824
599	830
599	834
600	701
600	862
602	741
602	750
607	683
608	841
609	850
610	648
611	614
612	616
612	625
616	625
616	715
616	799
616	815
618	703
619	649
619	655
619	664
619	675
619	751
619	771
619	803
619	810
619	840
620	778
621	647
621	713
621	842
626	628
626	668
626	678
626	754
626	838
626	858
626	859
627	754
627	869
628	668
628	678
628	754
628	858
628	859
629	637
629	645
629	666
629	708
629	751
629	754
629	770
629	809
629	824
629	834
631	770
631	806
631	844
635	681
635	710
635	716
635	764
635	812
637	645
637	666
637	672
637	678
637	708
637	727
637	751
637	754
637	824
637	830
639	835
644	828
645	649
645	655
645	666
645	672
645	708
645	727
645	751
645	754
645	770
645	771
645	776
645	809
645	810
645	824
645	830
645	834
647	713
649	655
649	664
649	666
649	675
649	678
649	711
649	737
649	751
649	754
649	771
649	803
649	810
649	824
649	830
649	840
654	808
655	664
655	675
655	686
655	718
655	751
655	771
655	803
655	810
655	834
655	840
658	866
664	675
664	751
664	771
664	803
664	810
664	824
664	830
664	840
666	672
666	708
666	726
666	727
666	737
666	751
666	754
666	770
666	809
666	824
666	830
666	834
666	852
668	858
668	859
672	708
672	727
672	751
672	754
672	809
672	848
675	686
675	751
675	771
675	810
675	840
676	751
678	751
678	754
678	789
678	806
678	809
678	824
678	858
678	859
681	710
681	764
681	798
681	812
686	718
686	751
686	810
686	840
694	724
694	744
696	766
696	802
699	705
701	862
702	865
708	737
708	751
708	754
708	770
708	771
708	809
708	834
710	716
710	764
710	770
710	798
710	812
713	842
715	799
715	815
716	764
716	812
718	751
718	810
718	834
718	840
721	775
721	815
724	744
727	751
727	754
727	809
737	751
737	771
737	824
739	784
741	750
751	754
751	771
751	803
751	809
751	810
751	824
751	830
751	834
751	840
751	869
754	789
754	806
754	809
754	824
754	830
754	834
754	859
756	775
756	787
756	855
756	870
759	832
764	798
764	812
765	828
766	802
770	806
770	809
770	812
770	834
770	844
771	803
771	810
771	840
775	792
775	815
775	855
775	870
780	811
789	858
792	855
798	812
803	810
803	824
809	824
810	824
810	834
810	840
810	852
815	832
824	830
830	852
834	840
838	859
855	870
858	859
379	2
481	2
547	2
50	5
425	7
601	9
306	11
589	11
57	13
67	13
473	13
712	14
402	16
467	16
580	16
599	16
645	16
754	16
824	16
308	18
602	18
37	19
58	19
64	19
87	19
98	19
125	19
142	19
176	19
181	19
197	19
232	19
336	19
338	19
391	19
400	19
438	19
502	19
510	19
526	19
535	19
538	19
544	19
571	19
577	19
626	19
628	19
678	19
754	19
803	19
838	19
858	19
859	19
746	20
38	24
116	24
188	24
242	24
329	24
393	24
440	24
528	24
582	24
423	26
47	28
85	28
149	28
166	28
175	28
180	28
352	28
431	28
507	28
559	28
583	28
592	28
699	28
705	28
143	30
185	32
289	32
649	32
810	32
481	35
37	36
51	36
58	36
59	36
83	36
110	36
112	36
113	36
134	36
189	36
194	36
206	36
230	36
274	36
287	36
364	36
370	36
419	36
444	36
449	36
467	36
490	36
514	36
516	36
585	36
599	36
637	36
645	36
649	36
666	36
672	36
676	36
678	36
708	36
737	36
751	36
754	36
809	36
824	36
830	36
834	36
58	37
64	37
83	37
98	37
113	37
125	37
134	37
142	37
176	37
194	37
225	37
230	37
274	37
281	37
364	37
370	37
419	37
444	37
449	37
467	37
490	37
514	37
516	37
571	37
585	37
599	37
637	37
645	37
649	37
666	37
672	37
678	37
711	37
751	37
754	37
770	37
806	37
809	37
824	37
116	38
188	38
242	38
314	38
329	38
393	38
440	38
513	38
528	38
644	38
765	38
828	38
508	39
600	39
701	39
862	39
751	44
85	47
149	47
166	47
175	47
180	47
192	47
352	47
431	47
507	47
583	47
592	47
699	47
315	49
98	51
140	51
206	51
281	51
509	51
514	51
516	51
619	51
649	51
655	51
664	51
751	51
803	51
824	51
834	51
122	54
154	54
280	54
319	54
427	54
443	54
459	54
485	54
721	54
756	54
775	54
792	54
815	54
855	54
870	54
557	56
780	56
811	56
473	57
64	58
74	58
83	58
98	58
113	58
125	58
142	58
189	58
194	58
197	58
230	58
274	58
287	58
324	58
350	58
367	58
419	58
449	58
467	58
490	58
514	58
516	58
535	58
538	58
549	58
571	58
585	58
599	58
627	58
637	58
645	58
666	58
672	58
678	58
708	58
727	58
751	58
754	58
770	58
806	58
809	58
838	58
83	59
110	59
112	59
113	59
194	59
230	59
265	59
274	59
287	59
293	59
364	59
370	59
444	59
467	59
490	59
585	59
637	59
645	59
666	59
672	59
751	59
190	61
561	61
86	63
160	63
178	63
262	63
296	63
417	63
493	63
496	63
625	63
723	63
787	63
98	64
125	64
142	64
197	64
338	64
391	64
484	64
535	64
626	64
628	64
678	64
754	64
838	64
859	64
377	66
696	66
766	66
802	66
473	67
147	68
208	72
98	74
113	74
278	74
292	74
449	74
532	74
641	74
649	74
739	74
754	74
133	78
387	78
461	78
217	79
86	80
178	80
417	80
496	80
612	80
616	80
625	80
98	83
110	83
112	83
113	83
125	83
142	83
189	83
194	83
230	83
274	83
281	83
287	83
293	83
364	83
367	83
370	83
419	83
444	83
449	83
467	83
490	83
514	83
516	83
585	83
599	83
629	83
637	83
645	83
666	83
672	83
678	83
708	83
751	83
754	83
770	83
776	83
809	83
834	83
119	84
330	84
340	84
348	84
694	84
724	84
744	84
149	85
166	85
175	85
180	85
352	85
431	85
507	85
559	85
583	85
592	85
684	85
699	85
178	86
417	86
496	86
612	86
616	86
625	86
98	87
125	87
142	87
181	87
197	87
232	87
336	87
391	87
400	87
438	87
502	87
510	87
526	87
535	87
538	87
544	87
577	87
626	87
628	87
668	87
678	87
838	87
858	87
859	87
147	91
238	91
355	91
471	91
524	91
563	91
686	91
718	91
810	91
840	91
160	95
815	95
832	95
112	98
113	98
125	98
140	98
142	98
176	98
181	98
197	98
206	98
232	98
274	98
292	98
336	98
338	98
391	98
419	98
438	98
449	98
502	98
509	98
510	98
514	98
516	98
526	98
532	98
535	98
538	98
544	98
577	98
599	98
626	98
628	98
649	98
664	98
666	98
678	98
711	98
751	98
754	98
771	98
789	98
824	98
858	98
859	98
824	100
527	103
805	109
112	110
113	110
134	110
142	110
147	110
189	110
194	110
230	110
265	110
274	110
281	110
287	110
331	110
364	110
419	110
444	110
449	110
467	110
490	110
514	110
516	110
571	110
599	110
637	110
645	110
655	110
666	110
672	110
675	110
708	110
727	110
751	110
754	110
776	110
809	110
824	110
830	110
834	110
848	110
189	111
113	112
134	112
142	112
189	112
194	112
218	112
230	112
265	112
274	112
281	112
287	112
331	112
364	112
370	112
402	112
419	112
444	112
449	112
467	112
490	112
514	112
516	112
585	112
599	112
629	112
637	112
645	112
649	112
666	112
672	112
675	112
708	112
737	112
751	112
754	112
776	112
809	112
810	112
824	112
830	112
834	112
142	113
189	113
194	113
215	113
230	113
265	113
274	113
281	113
287	113
292	113
293	113
316	113
364	113
367	113
370	113
419	113
444	113
449	113
467	113
490	113
514	113
516	113
585	113
599	113
629	113
637	113
641	113
645	113
666	113
672	113
708	113
727	113
751	113
754	113
770	113
806	113
834	113
152	114
598	114
656	114
609	115
850	115
188	116
329	116
393	116
528	116
644	116
828	116
453	117
457	117
330	119
340	119
348	119
694	119
724	119
744	119
869	119
129	121
276	122
280	122
319	122
721	122
775	122
815	122
167	124
237	124
409	124
796	124
142	125
176	125
181	125
197	125
232	125
336	125
338	125
391	125
438	125
502	125
510	125
526	125
535	125
538	125
626	125
628	125
678	125
711	125
754	125
789	125
859	125
712	128
387	133
461	133
189	134
194	134
206	134
230	134
287	134
370	134
419	134
444	134
467	134
490	134
514	134
516	134
585	134
599	134
637	134
645	134
649	134
664	134
666	134
708	134
737	134
751	134
754	134
809	134
824	134
830	134
226	137
144	140
206	140
250	140
281	140
289	140
331	140
419	140
509	140
512	140
514	140
515	140
516	140
552	140
619	140
649	140
655	140
664	140
708	140
751	140
771	140
803	140
810	140
650	141
189	142
194	142
197	142
230	142
232	142
274	142
287	142
292	142
317	142
338	142
364	142
367	142
391	142
419	142
444	142
449	142
467	142
490	142
510	142
514	142
516	142
526	142
535	142
538	142
549	142
571	142
580	142
585	142
599	142
626	142
627	142
628	142
629	142
637	142
641	142
645	142
666	142
672	142
678	142
708	142
711	142
727	142
751	142
754	142
789	142
806	142
809	142
824	142
830	142
834	142
838	142
859	142
869	142
206	144
250	144
289	144
471	144
509	144
512	144
619	144
649	144
655	144
664	144
771	144
840	144
238	147
274	147
287	147
331	147
355	147
471	147
514	147
524	147
655	147
675	147
686	147
718	147
751	147
810	147
834	147
840	147
166	149
175	149
180	149
192	149
352	149
431	149
507	149
559	149
583	149
592	149
699	149
598	152
656	152
345	153
443	154
459	154
792	154
855	154
613	156
639	156
835	156
184	159
295	159
326	159
343	159
351	159
365	159
411	159
487	159
635	159
681	159
710	159
716	159
764	159
798	159
812	159
312	160
787	160
815	160
832	160
225	162
325	162
498	162
556	162
402	164
620	164
778	164
168	165
314	165
528	165
821	165
175	166
180	166
192	166
352	166
431	166
507	166
559	166
583	166
592	166
699	166
705	166
237	167
409	167
796	167
314	168
393	168
528	168
821	168
418	170
667	171
748	172
486	173
658	174
866	174
180	175
192	175
352	175
431	175
507	175
559	175
583	175
592	175
684	175
699	175
239	176
338	176
391	176
502	176
535	176
678	176
711	176
754	176
859	176
417	178
493	178
496	178
612	178
616	178
625	178
192	180
352	180
431	180
507	180
559	180
583	180
592	180
699	180
705	180
191	181
197	181
232	181
336	181
391	181
400	181
438	181
502	181
510	181
526	181
535	181
538	181
544	181
577	181
626	181
628	181
668	181
678	181
838	181
858	181
859	181
295	184
326	184
343	184
351	184
365	184
411	184
487	184
635	184
681	184
710	184
716	184
764	184
798	184
812	184
242	188
329	188
393	188
440	188
528	188
194	189
230	189
265	189
274	189
281	189
287	189
364	189
419	189
444	189
449	189
467	189
490	189
514	189
516	189
585	189
599	189
637	189
645	189
666	189
672	189
708	189
726	189
751	189
754	189
776	189
830	189
834	189
561	190
336	191
400	191
438	191
626	191
322	192
583	192
592	192
292	193
393	193
513	193
828	193
274	194
281	194
287	194
293	194
364	194
370	194
419	194
444	194
449	194
467	194
490	194
514	194
585	194
599	194
637	194
645	194
666	194
751	194
754	194
830	194
834	194
278	196
821	196
232	197
302	197
336	197
338	197
391	197
400	197
438	197
502	197
510	197
526	197
535	197
538	197
544	197
577	197
626	197
628	197
668	197
678	197
754	197
838	197
858	197
859	197
344	202
503	202
606	202
250	206
274	206
281	206
289	206
419	206
471	206
472	206
509	206
512	206
514	206
515	206
516	206
532	206
538	206
552	206
587	206
619	206
645	206
649	206
655	206
664	206
675	206
751	206
771	206
803	206
810	206
824	206
830	206
840	206
533	207
445	211
539	211
607	211
683	211
236	214
373	214
462	214
614	214
274	218
599	218
751	218
834	218
852	218
624	222
325	225
498	225
542	225
556	225
631	225
844	225
295	229
764	229
812	229
265	230
274	230
281	230
287	230
364	230
370	230
419	230
444	230
449	230
467	230
490	230
514	230
516	230
585	230
599	230
629	230
637	230
645	230
666	230
672	230
708	230
727	230
751	230
754	230
776	230
809	230
824	230
834	230
408	231
336	232
338	232
391	232
400	232
438	232
502	232
510	232
526	232
535	232
538	232
544	232
577	232
626	232
628	232
678	232
754	232
838	232
858	232
859	232
310	233
475	233
548	233
467	236
565	236
585	236
864	236
355	238
471	238
563	238
619	238
649	238
655	238
675	238
718	238
751	238
810	238
840	238
338	239
393	242
440	242
511	244
717	245
603	246
278	248
292	248
739	248
418	249
259	250
289	250
331	250
471	250
509	250
512	250
515	250
587	250
619	250
649	250
655	250
664	250
675	250
751	250
771	250
810	250
840	250
416	253
520	254
616	258
715	258
799	258
509	259
514	259
515	259
649	259
655	259
664	259
751	259
810	259
840	259
475	261
533	261
296	262
287	265
444	265
516	265
637	265
645	265
672	265
727	265
405	272
602	272
741	272
750	272
281	274
287	274
316	274
331	274
364	274
370	274
419	274
444	274
449	274
467	274
490	274
514	274
516	274
563	274
571	274
585	274
599	274
629	274
637	274
645	274
655	274
666	274
675	274
678	274
751	274
754	274
770	274
810	274
830	274
834	274
840	274
280	276
721	276
422	278
449	278
532	278
739	278
506	279
319	280
721	280
775	280
815	280
287	281
289	281
331	281
364	281
370	281
419	281
444	281
449	281
467	281
490	281
514	281
515	281
516	281
580	281
585	281
599	281
629	281
637	281
645	281
649	281
666	281
678	281
708	281
737	281
751	281
754	281
771	281
810	281
824	281
830	281
834	281
558	283
293	287
364	287
367	287
370	287
419	287
444	287
449	287
467	287
490	287
514	287
516	287
563	287
575	287
585	287
599	287
629	287
637	287
645	287
666	287
672	287
675	287
708	287
727	287
751	287
754	287
809	287
810	287
824	287
830	287
834	287
331	289
471	289
509	289
512	289
515	289
552	289
619	289
649	289
655	289
664	289
675	289
751	289
771	289
803	289
810	289
840	289
393	292
449	292
513	292
538	292
628	292
678	292
751	292
754	292
789	292
364	293
444	293
467	293
490	293
585	293
645	293
727	293
751	293
801	294
326	295
343	295
351	295
365	295
411	295
470	295
487	295
635	295
681	295
710	295
716	295
764	295
770	295
798	295
812	295
417	296
493	296
787	296
550	298
700	298
338	302
391	302
526	302
535	302
589	306
514	311
748	311
832	312
842	312
393	314
528	314
821	314
847	314
791	315
444	316
467	316
490	316
649	317
751	317
721	319
498	325
556	325
343	326
351	326
365	326
411	326
470	326
487	326
635	326
681	326
710	326
716	326
764	326
798	326
812	326
393	329
440	329
528	329
644	329
828	329
340	330
348	330
694	330
724	330
744	330
355	331
471	331
509	331
514	331
515	331
516	331
524	331
619	331
649	331
655	331
664	331
675	331
686	331
718	331
751	331
771	331
803	331
810	331
834	331
840	331
391	336
400	336
438	336
510	336
526	336
535	336
538	336
544	336
626	336
628	336
678	336
859	336
391	338
502	338
510	338
526	338
535	338
577	338
626	338
637	338
678	338
754	338
859	338
370	339
473	339
553	339
620	339
692	339
348	340
694	340
724	340
744	340
869	340
365	343
407	343
411	343
487	343
635	343
681	343
710	343
764	343
798	343
812	343
503	344
606	344
694	348
724	348
744	348
654	349
808	349
518	350
365	351
411	351
470	351
487	351
635	351
681	351
710	351
716	351
764	351
812	351
431	352
507	352
559	352
583	352
592	352
699	352
471	355
524	355
655	355
675	355
686	355
718	355
751	355
810	355
840	355
501	358
370	364
419	364
444	364
449	364
467	364
490	364
514	364
585	364
599	364
629	364
637	364
645	364
666	364
727	364
751	364
754	364
809	364
824	364
830	364
834	364
411	365
487	365
635	365
681	365
710	365
716	365
764	365
770	365
798	365
812	365
449	367
467	367
490	367
641	367
645	367
727	367
754	367
769	367
419	370
444	370
449	370
467	370
490	370
514	370
516	370
585	370
599	370
629	370
637	370
645	370
666	370
751	370
754	370
809	370
824	370
830	370
462	373
533	373
696	377
766	377
802	377
547	379
690	379
516	384
532	384
711	384
835	386
842	386
461	387
418	389
400	391
438	391
502	391
510	391
526	391
535	391
538	391
544	391
577	391
626	391
628	391
668	391
678	391
754	391
858	391
859	391
440	393
513	393
528	393
644	393
765	393
828	393
676	399
438	400
510	400
526	400
535	400
538	400
626	400
858	400
859	400
580	402
629	402
778	402
482	405
602	405
741	405
750	405
681	407
796	409
487	411
635	411
681	411
710	411
716	411
764	411
798	411
812	411
492	414
493	417
496	417
612	417
616	417
625	417
787	417
444	419
449	419
467	419
490	419
514	419
516	419
538	419
585	419
599	419
629	419
637	419
645	419
649	419
666	419
672	419
678	419
708	419
737	419
751	419
754	419
770	419
771	419
824	419
834	419
485	427
756	427
775	427
855	427
870	427
507	431
559	431
583	431
592	431
699	431
467	436
627	436
510	438
526	438
535	438
538	438
544	438
577	438
626	438
628	438
678	438
858	438
859	438
528	440
582	440
459	443
792	443
855	443
449	444
467	444
490	444
514	444
516	444
585	444
599	444
629	444
637	444
645	444
666	444
672	444
708	444
727	444
751	444
754	444
770	444
776	444
809	444
824	444
830	444
834	444
539	445
607	445
683	445
467	449
490	449
514	449
516	449
532	449
538	449
585	449
591	449
599	449
627	449
637	449
641	449
645	449
666	449
672	449
739	449
751	449
754	449
770	449
806	449
824	449
457	453
775	459
792	459
855	459
490	467
514	467
516	467
538	467
585	467
599	467
626	467
627	467
629	467
637	467
641	467
645	467
666	467
672	467
678	467
708	467
727	467
751	467
754	467
770	467
809	467
830	467
838	467
869	467
746	468
798	470
812	470
509	471
514	471
515	471
575	471
619	471
649	471
655	471
664	471
675	471
686	471
718	471
751	471
771	471
810	471
824	471
834	471
840	471
649	472
664	472
740	472
803	472
553	473
620	473
692	473
524	475
614	475
768	478
547	481
590	482
750	482
838	484
756	485
775	485
855	485
870	485
635	487
681	487
710	487
716	487
764	487
770	487
798	487
812	487
514	490
516	490
575	490
585	490
591	490
599	490
629	490
637	490
645	490
666	490
672	490
678	490
708	490
727	490
751	490
754	490
824	490
830	490
834	490
616	493
625	493
787	493
612	496
616	496
625	496
556	498
564	499
643	499
510	502
526	502
535	502
538	502
577	502
626	502
628	502
678	502
754	502
859	502
606	503
559	507
583	507
592	507
699	507
600	508
701	508
862	508
512	509
514	509
515	509
524	509
552	509
619	509
649	509
655	509
664	509
675	509
751	509
771	509
803	509
810	509
824	509
840	509
526	510
535	510
538	510
544	510
577	510
626	510
678	510
858	510
859	510
515	512
587	512
619	512
645	512
649	512
655	512
664	512
751	512
771	512
803	512
810	512
528	513
644	513
828	513
515	514
516	514
537	514
580	514
585	514
599	514
629	514
637	514
645	514
649	514
655	514
664	514
666	514
676	514
678	514
708	514
737	514
751	514
754	514
771	514
803	514
809	514
810	514
824	514
830	514
834	514
840	514
516	515
587	515
619	515
649	515
655	515
664	515
675	515
751	515
771	515
810	515
824	515
840	515
537	516
580	516
599	516
637	516
645	516
649	516
655	516
666	516
672	516
678	516
708	516
727	516
737	516
751	516
754	516
770	516
771	516
809	516
810	516
824	516
830	516
533	524
614	524
655	524
686	524
718	524
810	524
535	526
538	526
544	526
577	526
626	526
628	526
678	526
838	526
856	526
858	526
859	526
644	528
765	528
828	528
538	532
649	532
711	532
751	532
614	533
538	535
544	535
577	535
626	535
628	535
678	535
754	535
789	535
858	535
859	535
544	538
577	538
626	538
628	538
649	538
668	538
678	538
754	538
789	538
858	538
859	538
607	539
683	539
740	543
577	544
626	544
628	544
668	544
678	544
858	544
859	544
861	546
733	547
671	548
672	549
700	550
619	552
649	552
655	552
664	552
751	552
771	552
803	552
810	552
620	553
692	553
780	557
811	557
583	559
592	559
699	559
718	563
751	563
810	563
834	563
643	564
637	568
627	571
637	571
739	571
754	571
834	571
869	574
585	575
751	575
750	576
626	577
678	577
858	577
859	577
649	580
824	580
592	583
699	583
705	583
599	585
637	585
645	585
666	585
672	585
708	585
727	585
751	585
754	585
809	585
824	585
830	585
619	587
645	587
649	587
664	587
751	587
771	587
810	587
824	587
699	588
599	591
754	591
770	591
684	592
699	592
656	598
629	599
637	599
645	599
649	599
666	599
672	599
678	599
708	599
727	599
737	599
751	599
754	599
770	599
809	599
824	599
830	599
834	599
701	600
862	600
741	602
750	602
683	607
841	608
850	609
648	610
614	611
616	612
625	612
625	616
715	616
799	616
815	616
703	618
649	619
655	619
664	619
675	619
751	619
771	619
803	619
810	619
840	619
778	620
647	621
713	621
842	621
628	626
668	626
678	626
754	626
838	626
858	626
859	626
754	627
869	627
668	628
678	628
754	628
858	628
859	628
637	629
645	629
666	629
708	629
751	629
754	629
770	629
809	629
824	629
834	629
770	631
806	631
844	631
681	635
710	635
716	635
764	635
812	635
645	637
666	637
672	637
678	637
708	637
727	637
751	637
754	637
824	637
830	637
835	639
828	644
649	645
655	645
666	645
672	645
708	645
727	645
751	645
754	645
770	645
771	645
776	645
809	645
810	645
824	645
830	645
834	645
713	647
655	649
664	649
666	649
675	649
678	649
711	649
737	649
751	649
754	649
771	649
803	649
810	649
824	649
830	649
840	649
808	654
664	655
675	655
686	655
718	655
751	655
771	655
803	655
810	655
834	655
840	655
866	658
675	664
751	664
771	664
803	664
810	664
824	664
830	664
840	664
672	666
708	666
726	666
727	666
737	666
751	666
754	666
770	666
809	666
824	666
830	666
834	666
852	666
858	668
859	668
708	672
727	672
751	672
754	672
809	672
848	672
686	675
751	675
771	675
810	675
840	675
751	676
751	678
754	678
789	678
806	678
809	678
824	678
858	678
859	678
710	681
764	681
798	681
812	681
718	686
751	686
810	686
840	686
724	694
744	694
766	696
802	696
705	699
862	701
865	702
737	708
751	708
754	708
770	708
771	708
809	708
834	708
716	710
764	710
770	710
798	710
812	710
842	713
799	715
815	715
764	716
812	716
751	718
810	718
834	718
840	718
775	721
815	721
744	724
751	727
754	727
809	727
751	737
771	737
824	737
784	739
750	741
754	751
771	751
803	751
809	751
810	751
824	751
830	751
834	751
840	751
869	751
789	754
806	754
809	754
824	754
830	754
834	754
859	754
775	756
787	756
855	756
870	756
832	759
798	764
812	764
828	765
802	766
806	770
809	770
812	770
834	770
844	770
803	771
810	771
840	771
792	775
815	775
855	775
870	775
811	780
858	789
855	792
812	798
810	803
824	803
824	809
824	810
834	810
840	810
852	810
832	815
830	824
852	830
840	834
859	838
870	855
859	858
