0	374
0	391
0	503
4	50
4	815
5	20
5	710
6	858
7	42
7	98
7	113
7	202
7	274
7	289
7	490
7	492
7	653
7	673
7	851
7	874
8	624
10	313
13	732
13	757
16	315
16	625
20	710
22	39
22	117
22	244
22	249
22	336
22	408
22	458
22	551
22	606
22	813
23	33
23	59
23	83
23	111
23	113
23	144
23	211
23	237
23	274
23	275
23	282
23	283
23	295
23	301
23	306
23	334
23	375
23	381
23	463
23	490
23	540
23	552
23	589
23	609
23	658
23	691
23	728
23	761
23	836
23	861
24	439
24	499
26	85
26	89
26	152
26	170
26	181
26	186
26	209
26	449
26	511
26	531
26	581
26	607
26	616
26	657
26	678
26	718
26	725
26	787
27	900
28	146
28	707
29	42
29	58
29	76
29	78
29	83
29	98
29	109
29	113
29	126
29	144
29	187
29	202
29	207
29	211
29	237
29	274
29	289
29	295
29	300
29	306
29	334
29	335
29	345
29	375
29	378
29	381
29	463
29	490
29	492
29	534
29	540
29	548
29	557
29	560
29	587
29	609
29	649
29	651
29	653
29	658
29	662
29	670
29	691
29	698
29	761
29	836
29	841
29	851
29	888
33	59
33	111
33	113
33	144
33	211
33	237
33	274
33	275
33	282
33	283
33	295
33	306
33	334
33	375
33	463
33	490
33	540
33	609
33	658
33	691
33	728
33	761
36	503
39	117
39	244
39	249
39	321
39	336
39	408
39	458
39	537
39	551
39	813
39	855
40	623
40	721
40	891
42	144
42	653
42	673
42	874
44	211
44	274
44	383
44	587
45	727
45	785
45	799
46	113
51	98
51	142
51	289
51	334
51	388
51	492
51	540
51	662
51	670
51	683
51	751
51	808
51	829
51	851
51	854
51	861
53	66
53	163
53	189
53	190
53	235
53	303
53	333
53	350
53	376
53	427
53	487
53	488
53	493
53	510
53	654
53	688
53	737
53	789
53	823
53	840
54	141
54	158
54	462
54	480
54	508
54	520
54	702
54	781
54	797
54	798
54	800
54	842
54	866
54	884
54	899
55	863
56	579
56	805
56	838
57	497
58	76
58	83
58	98
58	109
58	126
58	144
58	202
58	207
58	211
58	237
58	282
58	283
58	295
58	306
58	331
58	334
58	335
58	357
58	378
58	490
58	492
58	540
58	557
58	560
58	571
58	587
58	592
58	609
58	658
58	691
58	698
58	708
58	728
58	761
58	836
58	865
59	83
59	111
59	113
59	202
59	211
59	237
59	274
59	275
59	282
59	295
59	301
59	306
59	334
59	375
59	381
59	463
59	490
59	609
59	658
59	691
59	761
60	631
60	868
61	354
61	593
62	491
62	770
64	86
64	164
64	184
64	271
64	276
64	304
64	432
64	519
64	591
64	648
64	746
64	797
64	812
66	163
66	189
66	190
66	303
66	333
66	350
66	376
66	427
66	487
66	488
66	493
66	510
66	654
66	737
66	789
66	823
66	840
67	387
68	210
68	400
68	497
69	411
71	368
75	335
76	98
76	286
76	300
76	349
76	492
76	554
76	663
76	670
77	228
77	297
77	512
77	670
77	683
77	837
77	854
78	98
78	126
78	133
78	239
78	345
78	406
78	492
78	534
78	554
78	557
78	560
78	651
78	662
78	670
78	698
78	856
78	888
79	134
79	399
79	582
80	225
82	732
83	98
83	111
83	113
83	126
83	144
83	202
83	211
83	237
83	274
83	282
83	283
83	289
83	295
83	301
83	306
83	334
83	375
83	378
83	381
83	463
83	469
83	490
83	540
83	552
83	587
83	609
83	652
83	658
83	691
83	698
83	728
83	729
83	761
83	801
83	836
83	861
84	120
84	337
84	355
84	392
84	747
85	89
85	152
85	170
85	181
85	186
85	209
85	449
85	511
85	531
85	581
85	607
85	616
85	657
85	678
85	718
85	787
86	184
86	276
86	326
86	432
86	519
86	591
86	635
86	639
86	648
87	98
87	126
87	144
87	187
87	207
87	239
87	335
87	344
87	406
87	451
87	492
87	534
87	548
87	557
87	560
87	566
87	599
87	649
87	651
87	698
87	841
87	856
87	865
87	887
87	888
89	152
89	170
89	181
89	186
89	209
89	449
89	511
89	531
89	581
89	607
89	616
89	657
89	678
89	718
89	787
90	228
90	366
90	416
90	495
90	547
90	584
90	706
90	740
90	837
90	867
94	757
95	164
95	241
95	260
95	543
95	842
95	859
98	113
98	126
98	142
98	144
98	187
98	207
98	239
98	282
98	300
98	334
98	335
98	344
98	345
98	406
98	492
98	534
98	540
98	548
98	554
98	557
98	560
98	566
98	599
98	649
98	651
98	662
98	670
98	673
98	683
98	698
98	755
98	796
98	814
98	841
98	851
98	856
98	887
98	888
102	453
104	550
105	163
105	427
105	488
108	556
109	144
109	237
109	331
109	492
109	507
109	708
109	865
110	832
111	113
111	144
111	202
111	211
111	228
111	237
111	274
111	275
111	282
111	289
111	295
111	306
111	334
111	375
111	463
111	490
111	540
111	587
111	592
111	658
111	691
111	728
111	761
111	801
111	836
111	851
111	857
111	861
111	878
113	144
113	202
113	211
113	237
113	274
113	275
113	282
113	283
113	289
113	295
113	306
113	334
113	375
113	381
113	383
113	463
113	469
113	490
113	492
113	512
113	540
113	587
113	609
113	652
113	658
113	670
113	691
113	728
113	751
113	755
113	760
113	761
113	801
113	808
113	836
113	837
113	851
113	857
113	861
117	336
117	408
117	551
117	813
117	855
120	337
120	355
120	392
120	747
120	898
121	290
121	294
125	278
125	425
125	821
126	144
126	187
126	207
126	239
126	335
126	344
126	345
126	406
126	492
126	534
126	548
126	557
126	560
126	649
126	651
126	662
126	698
126	745
126	814
126	841
126	856
126	888
129	732
131	159
134	399
134	582
137	766
139	233
139	299
141	508
141	520
141	702
141	781
141	797
141	800
141	899
142	228
142	258
142	289
142	297
142	388
142	512
142	529
142	539
142	540
142	574
142	662
142	670
142	683
142	728
142	751
142	755
142	796
142	808
142	829
142	837
142	854
143	671
144	202
144	207
144	211
144	237
144	239
144	274
144	282
144	295
144	300
144	306
144	334
144	335
144	345
144	375
144	378
144	406
144	463
144	469
144	490
144	492
144	534
144	540
144	548
144	557
144	560
144	571
144	592
144	609
144	617
144	649
144	651
144	652
144	658
144	663
144	691
144	698
144	708
144	728
144	761
144	814
144	836
144	841
144	851
144	856
144	857
144	861
144	865
144	888
144	898
146	707
149	757
152	170
152	181
152	186
152	209
152	449
152	511
152	531
152	581
152	607
152	616
152	657
152	678
152	718
152	787
153	304
153	722
153	812
153	895
154	621
154	677
156	261
156	431
158	462
158	480
158	798
158	866
158	884
162	463
163	189
163	190
163	303
163	333
163	350
163	376
163	427
163	487
163	488
163	510
163	654
163	688
163	737
163	789
163	823
163	840
164	241
164	260
164	319
164	543
164	812
164	842
164	859
165	287
165	530
166	332
166	578
166	866
168	643
168	803
169	172
169	321
169	551
170	181
170	186
170	209
170	449
170	511
170	531
170	581
170	607
170	616
170	657
170	678
170	718
170	725
170	787
172	321
172	408
172	551
173	224
173	466
173	831
178	772
180	679
180	896
181	186
181	209
181	449
181	511
181	531
181	581
181	607
181	616
181	657
181	678
181	718
181	787
183	497
183	517
183	575
183	643
183	711
183	883
184	276
184	326
184	432
184	519
184	591
184	635
184	639
184	648
186	209
186	449
186	511
186	531
186	581
186	607
186	616
186	657
186	678
186	718
186	725
186	787
187	198
187	207
187	227
187	239
187	335
187	344
187	406
187	451
187	534
187	548
187	557
187	560
187	566
187	599
187	649
187	651
187	698
187	841
187	856
187	865
187	887
187	888
189	190
189	303
189	333
189	350
189	376
189	427
189	487
189	488
189	510
189	654
189	737
189	789
189	823
189	840
190	303
190	333
190	350
190	376
190	427
190	487
190	488
190	510
190	654
190	737
190	789
190	823
190	840
192	853
194	345
194	741
198	227
198	344
198	649
198	841
201	300
201	408
201	537
201	855
201	881
202	211
202	274
202	282
202	289
202	295
202	301
202	306
202	334
202	375
202	381
202	383
202	463
202	490
202	552
202	587
202	609
202	658
202	761
202	857
202	861
205	286
207	239
207	309
207	335
207	344
207	345
207	406
207	451
207	492
207	534
207	548
207	557
207	560
207	566
207	599
207	649
207	651
207	698
207	841
207	856
207	865
207	887
207	888
209	449
209	511
209	531
209	607
209	616
209	678
209	718
209	725
209	787
210	400
210	497
211	228
211	237
211	274
211	275
211	282
211	283
211	289
211	295
211	306
211	334
211	375
211	378
211	381
211	463
211	490
211	492
211	529
211	540
211	552
211	589
211	609
211	652
211	658
211	670
211	683
211	691
211	728
211	755
211	761
211	836
211	837
211	851
211	854
211	857
211	861
212	351
212	629
212	780
213	710
214	766
219	330
219	561
219	703
220	767
222	243
222	385
222	637
224	466
224	831
227	344
227	649
227	841
228	258
228	267
228	282
228	297
228	334
228	366
228	383
228	388
228	416
228	495
228	512
228	529
228	539
228	547
228	574
228	584
228	611
228	670
228	683
228	706
228	740
228	755
228	761
228	796
228	808
228	829
228	837
228	851
228	854
228	861
228	867
229	475
230	647
233	299
234	264
235	303
235	789
235	840
237	274
237	275
237	282
237	289
237	295
237	306
237	334
237	375
237	381
237	463
237	490
237	492
237	540
237	552
237	587
237	609
237	652
237	658
237	691
237	728
237	761
237	801
237	836
237	851
237	861
238	424
239	335
239	344
239	345
239	406
239	534
239	548
239	557
239	560
239	566
239	599
239	649
239	651
239	698
239	841
239	856
239	865
239	887
239	888
240	317
240	570
241	260
241	543
241	842
241	859
242	640
243	490
243	586
243	590
243	609
244	249
244	336
244	408
244	458
244	551
244	606
244	813
247	345
249	408
249	458
250	371
255	286
255	300
255	349
258	267
258	297
258	388
258	416
258	495
258	512
258	539
258	611
258	670
258	683
258	755
258	761
258	796
258	808
258	837
258	854
258	867
260	543
260	842
260	859
261	431
263	561
266	639
267	388
267	539
267	670
267	683
267	837
267	867
271	304
274	282
274	283
274	289
274	295
274	301
274	306
274	334
274	375
274	381
274	383
274	463
274	469
274	490
274	492
274	540
274	552
274	587
274	589
274	592
274	609
274	652
274	658
274	691
274	728
274	729
274	760
274	761
274	836
274	851
274	857
274	861
275	283
275	295
275	334
275	463
275	500
275	540
275	658
275	691
275	761
276	304
276	326
276	432
276	519
276	591
276	635
276	639
276	648
276	812
278	425
278	821
280	335
280	421
280	625
280	765
280	774
280	782
282	283
282	289
282	295
282	306
282	334
282	375
282	381
282	383
282	388
282	463
282	490
282	540
282	552
282	584
282	592
282	609
282	652
282	658
282	698
282	755
282	761
282	837
282	857
282	861
282	867
283	289
283	295
283	334
283	357
283	381
283	463
283	490
283	609
283	658
283	761
283	861
286	349
286	437
286	554
287	530
289	295
289	297
289	306
289	334
289	375
289	381
289	463
289	490
289	492
289	529
289	539
289	540
289	609
289	652
289	658
289	670
289	698
289	728
289	751
289	760
289	761
289	796
289	837
289	851
289	857
289	861
290	294
292	305
292	719
295	301
295	306
295	334
295	375
295	378
295	381
295	383
295	388
295	463
295	490
295	492
295	512
295	529
295	540
295	584
295	587
295	609
295	652
295	658
295	691
295	728
295	729
295	761
295	836
295	837
295	851
295	857
295	861
297	388
297	416
297	495
297	512
297	539
297	574
297	670
297	683
297	755
297	761
297	796
297	808
297	829
297	837
297	854
297	867
300	408
300	492
300	537
300	560
300	651
300	698
300	814
300	881
301	334
301	375
301	463
301	490
301	609
303	333
303	350
303	376
303	427
303	487
303	488
303	493
303	510
303	654
303	737
303	789
303	823
303	840
304	432
304	812
305	719
306	334
306	375
306	378
306	381
306	463
306	490
306	495
306	540
306	587
306	658
306	670
306	691
306	761
306	837
306	851
306	861
306	867
309	345
309	406
309	548
309	557
317	370
317	866
319	859
319	869
321	408
321	551
321	877
326	432
326	519
326	591
326	635
326	639
326	648
330	561
330	703
331	672
332	578
333	350
333	376
333	427
333	487
333	488
333	493
333	510
333	654
333	737
333	789
333	823
333	840
334	375
334	378
334	381
334	463
334	490
334	492
334	529
334	540
334	552
334	587
334	592
334	609
334	652
334	658
334	670
334	683
334	691
334	698
334	728
334	761
334	801
334	836
334	837
334	851
334	857
334	861
335	344
335	406
335	421
335	492
335	548
335	557
335	560
335	566
335	599
335	649
335	651
335	662
335	670
335	698
335	774
335	841
335	856
335	888
336	408
336	458
336	551
336	813
336	855
337	355
337	392
337	747
342	626
342	681
344	406
344	534
344	548
344	557
344	560
344	566
344	649
344	651
344	698
344	841
344	856
344	888
345	406
345	534
345	548
345	557
345	599
345	649
345	658
345	698
345	741
345	841
345	856
345	888
350	376
350	423
350	427
350	487
350	488
350	510
350	654
350	789
350	823
350	840
351	629
351	780
354	593
355	392
355	747
357	542
364	690
366	416
366	495
366	547
366	706
366	740
366	837
366	867
367	387
367	398
367	664
367	862
368	446
371	636
371	664
374	391
374	454
374	898
375	381
375	463
375	490
375	587
375	609
375	652
375	658
375	761
375	836
375	851
375	857
375	861
376	427
376	487
376	488
376	510
376	654
376	737
376	789
376	823
376	840
378	490
378	587
378	663
381	463
381	490
381	492
381	517
381	540
381	609
381	652
381	658
381	761
381	836
381	851
381	857
383	388
383	492
383	592
383	658
383	670
383	740
383	761
383	837
383	851
383	861
383	898
386	553
388	416
388	495
388	512
388	529
388	539
388	547
388	574
388	611
388	662
388	670
388	683
388	706
388	751
388	755
388	761
388	796
388	808
388	829
388	837
388	854
388	867
392	747
398	664
398	862
398	869
399	582
400	497
404	798
404	800
404	866
406	451
406	492
406	534
406	548
406	557
406	560
406	566
406	599
406	649
406	651
406	698
406	841
406	856
406	887
406	888
408	458
408	537
408	551
408	813
408	855
408	881
416	495
416	529
416	539
416	547
416	670
416	683
416	706
416	740
416	755
416	761
416	796
416	808
416	837
416	854
416	867
420	479
421	504
421	625
421	765
421	774
421	782
425	821
427	487
427	488
427	510
427	654
427	688
427	737
427	789
427	823
427	840
429	465
432	519
432	591
432	635
432	639
432	648
432	812
439	499
447	759
449	511
449	531
449	581
449	607
449	616
449	657
449	678
449	718
449	787
451	548
451	566
451	599
451	649
454	490
457	846
458	551
458	606
458	813
459	684
462	480
462	798
462	866
462	884
463	490
463	540
463	552
463	587
463	609
463	652
463	658
463	691
463	728
463	729
463	761
463	801
463	836
463	851
463	857
463	861
466	831
467	524
467	619
469	490
469	652
469	882
473	752
474	478
476	496
479	562
480	798
480	800
480	866
480	884
487	488
487	510
487	654
487	688
487	737
487	789
487	823
487	840
488	510
488	654
488	688
488	737
488	789
488	823
488	840
490	492
490	540
490	560
490	587
490	609
490	649
490	652
490	658
490	663
490	691
490	698
490	728
490	729
490	761
490	836
490	857
490	865
490	898
491	770
492	540
492	552
492	554
492	557
492	560
492	592
492	609
492	649
492	651
492	662
492	670
492	698
492	760
492	761
492	836
492	851
492	856
492	857
492	888
493	823
493	840
495	529
495	539
495	670
495	683
495	706
495	740
495	755
495	796
495	808
495	837
495	851
495	854
495	861
495	867
496	670
496	683
496	829
497	517
497	575
497	643
497	711
497	792
497	883
501	793
504	774
507	708
507	865
508	520
508	702
508	781
508	797
508	800
508	884
508	899
510	654
510	737
510	789
510	823
510	840
511	531
511	581
511	607
511	616
511	657
511	678
511	718
512	529
512	539
512	540
512	574
512	670
512	683
512	755
512	761
512	796
512	808
512	837
512	854
517	575
517	643
517	711
517	883
519	591
519	635
519	639
519	648
520	702
520	781
520	797
520	798
520	800
520	884
520	899
524	619
529	539
529	540
529	574
529	670
529	683
529	740
529	755
529	761
529	796
529	837
529	851
529	867
531	581
531	607
531	616
531	657
531	678
531	718
531	787
534	548
534	557
534	560
534	566
534	599
534	649
534	698
534	841
534	856
534	887
534	888
537	551
537	855
537	881
539	540
539	611
539	670
539	683
539	751
539	755
539	761
539	796
539	808
539	837
539	851
539	854
539	867
540	587
540	658
540	662
540	670
540	691
540	698
540	728
540	751
540	755
540	760
540	761
540	796
540	836
540	837
540	851
540	857
543	842
543	859
547	637
547	706
547	740
547	837
548	557
548	560
548	566
548	599
548	649
548	651
548	698
548	841
548	856
548	865
548	885
548	887
548	888
551	813
551	855
552	761
552	851
552	861
554	560
554	662
554	670
557	560
557	566
557	599
557	649
557	651
557	698
557	814
557	841
557	856
557	887
557	888
560	566
560	599
560	649
560	651
560	662
560	670
560	698
560	814
560	841
560	856
560	887
560	888
561	703
566	599
566	649
566	651
566	698
566	841
566	856
566	887
566	888
570	690
571	691
574	670
574	683
574	755
574	761
574	796
574	829
574	837
574	854
575	643
575	711
575	883
576	587
579	805
579	838
581	607
581	616
581	657
581	678
581	718
584	740
584	761
584	837
584	861
585	665
586	590
587	609
587	658
587	698
587	728
587	749
587	761
587	836
587	857
587	861
589	658
590	672
590	825
591	635
591	639
591	648
592	617
592	658
592	708
592	773
592	861
598	774
599	649
599	698
599	841
599	856
599	887
599	888
607	616
607	657
607	678
607	718
607	725
607	787
609	658
609	691
609	728
609	761
609	836
609	851
609	857
611	670
611	683
611	755
611	761
611	796
611	837
611	851
611	854
616	657
616	678
616	718
621	677
623	721
623	891
625	765
625	774
625	782
626	681
629	780
631	868
633	669
635	639
635	648
636	664
639	648
639	842
641	723
643	803
645	727
646	756
649	651
649	698
649	841
649	856
649	865
649	887
649	888
651	662
651	698
651	745
651	841
651	856
651	887
651	888
652	658
652	728
652	761
652	836
652	851
652	861
653	673
653	874
654	789
654	823
654	840
657	678
657	718
658	691
658	698
658	728
658	729
658	761
658	851
658	857
662	670
662	683
662	698
662	751
662	755
662	796
662	808
662	841
664	862
670	683
670	698
670	751
670	755
670	760
670	761
670	796
670	808
670	829
670	837
670	851
670	854
670	857
670	867
672	825
673	874
675	835
678	718
678	725
678	787
679	896
683	751
683	755
683	761
683	796
683	808
683	829
683	837
683	851
683	854
683	857
683	867
691	728
691	761
691	836
691	878
698	814
698	836
698	841
698	851
698	856
698	887
698	888
702	781
702	797
702	798
702	800
702	884
702	899
706	740
706	837
706	867
708	773
708	865
711	792
711	883
718	725
718	787
721	891
722	895
727	785
727	799
728	760
728	761
728	796
728	836
728	861
733	743
733	869
737	789
737	840
740	761
740	837
740	861
740	867
743	869
745	856
749	761
751	755
751	761
751	796
751	808
751	829
751	851
755	761
755	796
755	808
755	829
755	837
755	851
755	854
760	761
760	796
760	851
761	796
761	829
761	836
761	837
761	851
761	854
761	857
761	861
761	867
761	878
765	774
765	782
774	782
781	797
781	798
781	800
781	812
781	884
781	899
789	823
789	840
796	808
796	829
796	837
796	854
796	867
797	798
797	800
797	884
797	899
798	800
798	866
798	884
798	899
800	842
800	866
800	884
800	899
805	838
808	829
808	837
808	851
808	854
813	855
814	841
814	887
823	840
829	837
829	851
829	854
836	851
837	851
837	854
837	861
837	867
837	882
841	856
841	865
841	887
841	888
842	859
851	854
851	857
854	867
855	881
856	885
856	887
856	888
857	882
861	867
865	888
866	884
884	899
887	888
374	0
391	0
503	0
50	4
815	4
20	5
710	5
858	6
42	7
98	7
113	7
202	7
274	7
289	7
490	7
492	7
653	7
673	7
851	7
874	7
624	8
313	10
732	13
757	13
315	16
625	16
710	20
39	22
117	22
244	22
249	22
336	22
408	22
458	22
551	22
606	22
813	22
33	23
59	23
83	23
111	23
113	23
144	23
211	23
237	23
274	23
275	23
282	23
283	23
295	23
301	23
306	23
334	23
375	23
381	23
463	23
490	23
540	23
552	23
589	23
609	23
658	23
691	23
728	23
761	23
836	23
861	23
439	24
499	24
85	26
89	26
152	26
170	26
181	26
186	26
209	26
449	26
511	26
531	26
581	26
607	26
616	26
657	26
678	26
718	26
725	26
787	26
900	27
146	28
707	28
42	29
58	29
76	29
78	29
83	29
98	29
109	29
113	29
126	29
144	29
187	29
202	29
207	29
211	29
237	29
274	29
289	29
295	29
300	29
306	29
334	29
335	29
345	29
375	29
378	29
381	29
463	29
490	29
492	29
534	29
540	29
548	29
557	29
560	29
587	29
609	29
649	29
651	29
653	29
658	29
662	29
670	29
691	29
698	29
761	29
836	29
841	29
851	29
888	29
59	33
111	33
113	33
144	33
211	33
237	33
274	33
275	33
282	33
283	33
295	33
306	33
334	33
375	33
463	33
490	33
540	33
609	33
658	33
691	33
728	33
761	33
503	36
117	39
244	39
249	39
321	39
336	39
408	39
458	39
537	39
551	39
813	39
855	39
623	40
721	40
891	40
144	42
653	42
673	42
874	42
211	44
274	44
383	44
587	44
727	45
785	45
799	45
113	46
98	51
142	51
289	51
334	51
388	51
492	51
540	51
662	51
670	51
683	51
751	51
808	51
829	51
851	51
854	51
861	51
66	53
163	53
189	53
190	53
235	53
303	53
333	53
350	53
376	53
427	53
487	53
488	53
493	53
510	53
654	53
688	53
737	53
789	53
823	53
840	53
141	54
158	54
462	54
480	54
508	54
520	54
702	54
781	54
797	54
798	54
800	54
842	54
866	54
884	54
899	54
863	55
579	56
805	56
838	56
497	57
76	58
83	58
98	58
109	58
126	58
144	58
202	58
207	58
211	58
237	58
282	58
283	58
295	58
306	58
331	58
334	58
335	58
357	58
378	58
490	58
492	58
540	58
557	58
560	58
571	58
587	58
592	58
609	58
658	58
691	58
698	58
708	58
728	58
761	58
836	58
865	58
83	59
111	59
113	59
202	59
211	59
237	59
274	59
275	59
282	59
295	59
301	59
306	59
334	59
375	59
381	59
463	59
490	59
609	59
658	59
691	59
761	59
631	60
868	60
354	61
593	61
491	62
770	62
86	64
164	64
184	64
271	64
276	64
304	64
432	64
519	64
591	64
648	64
746	64
797	64
812	64
163	66
189	66
190	66
303	66
333	66
350	66
376	66
427	66
487	66
488	66
493	66
510	66
654	66
737	66
789	66
823	66
840	66
387	67
210	68
400	68
497	68
411	69
368	71
335	75
98	76
286	76
300	76
349	76
492	76
554	76
663	76
670	76
228	77
297	77
512	77
670	77
683	77
837	77
854	77
98	78
126	78
133	78
239	78
345	78
406	78
492	78
534	78
554	78
557	78
560	78
651	78
662	78
670	78
698	78
856	78
888	78
134	79
399	79
582	79
225	80
732	82
98	83
111	83
113	83
126	83
144	83
202	83
211	83
237	83
274	83
282	83
283	83
289	83
295	83
301	83
306	83
334	83
375	83
378	83
381	83
463	83
469	83
490	83
540	83
552	83
587	83
609	83
652	83
658	83
691	83
698	83
728	83
729	83
761	83
801	83
836	83
861	83
120	84
337	84
355	84
392	84
747	84
89	85
152	85
170	85
181	85
186	85
209	85
449	85
511	85
531	85
581	85
607	85
616	85
657	85
678	85
718	85
787	85
184	86
276	86
326	86
432	86
519	86
591	86
635	86
639	86
648	86
98	87
126	87
144	87
187	87
207	87
239	87
335	87
344	87
406	87
451	87
492	87
534	87
548	87
557	87
560	87
566	87
599	87
649	87
651	87
698	87
841	87
856	87
865	87
887	87
888	87
152	89
170	89
181	89
186	89
209	89
449	89
511	89
531	89
581	89
607	89
616	89
657	89
678	89
718	89
787	89
228	90
366	90
416	90
495	90
547	90
584	90
706	90
740	90
837	90
867	90
757	94
164	95
241	95
260	95
543	95
842	95
859	95
113	98
126	98
142	98
144	98
187	98
207	98
239	98
282	98
300	98
334	98
335	98
344	98
345	98
406	98
492	98
534	98
540	98
548	98
554	98
557	98
560	98
566	98
599	98
649	98
651	98
662	98
670	98
673	98
683	98
698	98
755	98
796	98
814	98
841	98
851	98
856	98
887	98
888	98
453	102
550	104
163	105
427	105
488	105
556	108
144	109
237	109
331	109
492	109
507	109
708	109
865	109
832	110
113	111
144	111
202	111
211	111
228	111
237	111
274	111
275	111
282	111
289	111
295	111
306	111
334	111
375	111
463	111
490	111
540	111
587	111
592	111
658	111
691	111
728	111
761	111
801	111
836	111
851	111
857	111
861	111
878	111
144	113
202	113
211	113
237	113
274	113
275	113
282	113
283	113
289	113
295	113
306	113
334	113
375	113
381	113
383	113
463	113
469	113
490	113
492	113
512	113
540	113
587	113
609	113
652	113
658	113
670	113
691	113
728	113
751	113
755	113
760	113
761	113
801	113
808	113
836	113
837	113
851	113
857	113
861	113
336	117
408	117
551	117
813	117
855	117
337	120
355	120
392	120
747	120
898	120
290	121
294	121
278	125
425	125
821	125
144	126
187	126
207	126
239	126
335	126
344	126
345	126
406	126
492	126
534	126
548	126
557	126
560	126
649	126
651	126
662	126
698	126
745	126
814	126
841	126
856	126
888	126
732	129
159	131
399	134
582	134
766	137
233	139
299	139
508	141
520	141
702	141
781	141
797	141
800	141
899	141
228	142
258	142
289	142
297	142
388	142
512	142
529	142
539	142
540	142
574	142
662	142
670	142
683	142
728	142
751	142
755	142
796	142
808	142
829	142
837	142
854	142
671	143
202	144
207	144
211	144
237	144
239	144
274	144
282	144
295	144
300	144
306	144
334	144
335	144
345	144
375	144
378	144
406	144
463	144
469	144
490	144
492	144
534	144
540	144
548	144
557	144
560	144
571	144
592	144
609	144
617	144
649	144
651	144
652	144
658	144
663	144
691	144
698	144
708	144
728	144
761	144
814	144
836	144
841	144
851	144
856	144
857	144
861	144
865	144
888	144
898	144
707	146
757	149
170	152
181	152
186	152
209	152
449	152
511	152
531	152
581	152
607	152
616	152
657	152
678	152
718	152
787	152
304	153
722	153
812	153
895	153
621	154
677	154
261	156
431	156
462	158
480	158
798	158
866	158
884	158
463	162
189	163
190	163
303	163
333	163
350	163
376	163
427	163
487	163
488	163
510	163
654	163
688	163
737	163
789	163
823	163
840	163
241	164
260	164
319	164
543	164
812	164
842	164
859	164
287	165
530	165
332	166
578	166
866	166
643	168
803	168
172	169
321	169
551	169
181	170
186	170
209	170
449	170
511	170
531	170
581	170
607	170
616	170
657	170
678	170
718	170
725	170
787	170
321	172
408	172
551	172
224	173
466	173
831	173
772	178
679	180
896	180
186	181
209	181
449	181
511	181
531	181
581	181
607	181
616	181
657	181
678	181
718	181
787	181
497	183
517	183
575	183
643	183
711	183
883	183
276	184
326	184
432	184
519	184
591	184
635	184
639	184
648	184
209	186
449	186
511	186
531	186
581	186
607	186
616	186
657	186
678	186
718	186
725	186
787	186
198	187
207	187
227	187
239	187
335	187
344	187
406	187
451	187
534	187
548	187
557	187
560	187
566	187
599	187
649	187
651	187
698	187
841	187
856	187
865	187
887	187
888	187
190	189
303	189
333	189
350	189
376	189
427	189
487	189
488	189
510	189
654	189
737	189
789	189
823	189
840	189
303	190
333	190
350	190
376	190
427	190
487	190
488	190
510	190
654	190
737	190
789	190
823	190
840	190
853	192
345	194
741	194
227	198
344	198
649	198
841	198
300	201
408	201
537	201
855	201
881	201
211	202
274	202
282	202
289	202
295	202
301	202
306	202
334	202
375	202
381	202
383	202
463	202
490	202
552	202
587	202
609	202
658	202
761	202
857	202
861	202
286	205
239	207
309	207
335	207
344	207
345	207
406	207
451	207
492	207
534	207
548	207
557	207
560	207
566	207
599	207
649	207
651	207
698	207
841	207
856	207
865	207
887	207
888	207
449	209
511	209
531	209
607	209
616	209
678	209
718	209
725	209
787	209
400	210
497	210
228	211
237	211
274	211
275	211
282	211
283	211
289	211
295	211
306	211
334	211
375	211
378	211
381	211
463	211
490	211
492	211
529	211
540	211
552	211
589	211
609	211
652	211
658	211
670	211
683	211
691	211
728	211
755	211
761	211
836	211
837	211
851	211
854	211
857	211
861	211
351	212
629	212
780	212
710	213
766	214
330	219
561	219
703	219
767	220
243	222
385	222
637	222
466	224
831	224
344	227
649	227
841	227
258	228
267	228
282	228
297	228
334	228
366	228
383	228
388	228
416	228
495	228
512	228
529	228
539	228
547	228
574	228
584	228
611	228
670	228
683	228
706	228
740	228
755	228
761	228
796	228
808	228
829	228
837	228
851	228
854	228
861	228
867	228
475	229
647	230
299	233
264	234
303	235
789	235
840	235
274	237
275	237
282	237
289	237
295	237
306	237
334	237
375	237
381	237
463	237
490	237
492	237
540	237
552	237
587	237
609	237
652	237
658	237
691	237
728	237
761	237
801	237
836	237
851	237
861	237
424	238
335	239
344	239
345	239
406	239
534	239
548	239
557	239
560	239
566	239
599	239
649	239
651	239
698	239
841	239
856	239
865	239
887	239
888	239
317	240
570	240
260	241
543	241
842	241
859	241
640	242
490	243
586	243
590	243
609	243
249	244
336	244
408	244
458	244
551	244
606	244
813	244
345	247
408	249
458	249
371	250
286	255
300	255
349	255
267	258
297	258
388	258
416	258
495	258
512	258
539	258
611	258
670	258
683	258
755	258
761	258
796	258
808	258
837	258
854	258
867	258
543	260
842	260
859	260
431	261
561	263
639	266
388	267
539	267
670	267
683	267
837	267
867	267
304	271
282	274
283	274
289	274
295	274
301	274
306	274
334	274
375	274
381	274
383	274
463	274
469	274
490	274
492	274
540	274
552	274
587	274
589	274
592	274
609	274
652	274
658	274
691	274
728	274
729	274
760	274
761	274
836	274
851	274
857	274
861	274
283	275
295	275
334	275
463	275
500	275
540	275
658	275
691	275
761	275
304	276
326	276
432	276
519	276
591	276
635	276
639	276
648	276
812	276
425	278
821	278
335	280
421	280
625	280
765	280
774	280
782	280
283	282
289	282
295	282
306	282
334	282
375	282
381	282
383	282
388	282
463	282
490	282
540	282
552	282
584	282
592	282
609	282
652	282
658	282
698	282
755	282
761	282
837	282
857	282
861	282
867	282
289	283
295	283
334	283
357	283
381	283
463	283
490	283
609	283
658	283
761	283
861	283
349	286
437	286
554	286
530	287
295	289
297	289
306	289
334	289
375	289
381	289
463	289
490	289
492	289
529	289
539	289
540	289
609	289
652	289
658	289
670	289
698	289
728	289
751	289
760	289
761	289
796	289
837	289
851	289
857	289
861	289
294	290
305	292
719	292
301	295
306	295
334	295
375	295
378	295
381	295
383	295
388	295
463	295
490	295
492	295
512	295
529	295
540	295
584	295
587	295
609	295
652	295
658	295
691	295
728	295
729	295
761	295
836	295
837	295
851	295
857	295
861	295
388	297
416	297
495	297
512	297
539	297
574	297
670	297
683	297
755	297
761	297
796	297
808	297
829	297
837	297
854	297
867	297
408	300
492	300
537	300
560	300
651	300
698	300
814	300
881	300
334	301
375	301
463	301
490	301
609	301
333	303
350	303
376	303
427	303
487	303
488	303
493	303
510	303
654	303
737	303
789	303
823	303
840	303
432	304
812	304
719	305
334	306
375	306
378	306
381	306
463	306
490	306
495	306
540	306
587	306
658	306
670	306
691	306
761	306
837	306
851	306
861	306
867	306
345	309
406	309
548	309
557	309
370	317
866	317
859	319
869	319
408	321
551	321
877	321
432	326
519	326
591	326
635	326
639	326
648	326
561	330
703	330
672	331
578	332
350	333
376	333
427	333
487	333
488	333
493	333
510	333
654	333
737	333
789	333
823	333
840	333
375	334
378	334
381	334
463	334
490	334
492	334
529	334
540	334
552	334
587	334
592	334
609	334
652	334
658	334
670	334
683	334
691	334
698	334
728	334
761	334
801	334
836	334
837	334
851	334
857	334
861	334
344	335
406	335
421	335
492	335
548	335
557	335
560	335
566	335
599	335
649	335
651	335
662	335
670	335
698	335
774	335
841	335
856	335
888	335
408	336
458	336
551	336
813	336
855	336
355	337
392	337
747	337
626	342
681	342
406	344
534	344
548	344
557	344
560	344
566	344
649	344
651	344
698	344
841	344
856	344
888	344
406	345
534	345
548	345
557	345
599	345
649	345
658	345
698	345
741	345
841	345
856	345
888	345
376	350
423	350
427	350
487	350
488	350
510	350
654	350
789	350
823	350
840	350
629	351
780	351
593	354
392	355
747	355
542	357
690	364
416	366
495	366
547	366
706	366
740	366
837	366
867	366
387	367
398	367
664	367
862	367
446	368
636	371
664	371
391	374
454	374
898	374
381	375
463	375
490	375
587	375
609	375
652	375
658	375
761	375
836	375
851	375
857	375
861	375
427	376
487	376
488	376
510	376
654	376
737	376
789	376
823	376
840	376
490	378
587	378
663	378
463	381
490	381
492	381
517	381
540	381
609	381
652	381
658	381
761	381
836	381
851	381
857	381
388	383
492	383
592	383
658	383
670	383
740	383
761	383
837	383
851	383
861	383
898	383
553	386
416	388
495	388
512	388
529	388
539	388
547	388
574	388
611	388
662	388
670	388
683	388
706	388
751	388
755	388
761	388
796	388
808	388
829	388
837	388
854	388
867	388
747	392
664	398
862	398
869	398
582	399
497	400
798	404
800	404
866	404
451	406
492	406
534	406
548	406
557	406
560	406
566	406
599	406
649	406
651	406
698	406
841	406
856	406
887	406
888	406
458	408
537	408
551	408
813	408
855	408
881	408
495	416
529	416
539	416
547	416
670	416
683	416
706	416
740	416
755	416
761	416
796	416
808	416
837	416
854	416
867	416
479	420
504	421
625	421
765	421
774	421
782	421
821	425
487	427
488	427
510	427
654	427
688	427
737	427
789	427
823	427
840	427
465	429
519	432
591	432
635	432
639	432
648	432
812	432
499	439
759	447
511	449
531	449
581	449
607	449
616	449
657	449
678	449
718	449
787	449
548	451
566	451
599	451
649	451
490	454
846	457
551	458
606	458
813	458
684	459
480	462
798	462
866	462
884	462
490	463
540	463
552	463
587	463
609	463
652	463
658	463
691	463
728	463
729	463
761	463
801	463
836	463
851	463
857	463
861	463
831	466
524	467
619	467
490	469
652	469
882	469
752	473
478	474
496	476
562	479
798	480
800	480
866	480
884	480
488	487
510	487
654	487
688	487
737	487
789	487
823	487
840	487
510	488
654	488
688	488
737	488
789	488
823	488
840	488
492	490
540	490
560	490
587	490
609	490
649	490
652	490
658	490
663	490
691	490
698	490
728	490
729	490
761	490
836	490
857	490
865	490
898	490
770	491
540	492
552	492
554	492
557	492
560	492
592	492
609	492
649	492
651	492
662	492
670	492
698	492
760	492
761	492
836	492
851	492
856	492
857	492
888	492
823	493
840	493
529	495
539	495
670	495
683	495
706	495
740	495
755	495
796	495
808	495
837	495
851	495
854	495
861	495
867	495
670	496
683	496
829	496
517	497
575	497
643	497
711	497
792	497
883	497
793	501
774	504
708	507
865	507
520	508
702	508
781	508
797	508
800	508
884	508
899	508
654	510
737	510
789	510
823	510
840	510
531	511
581	511
607	511
616	511
657	511
678	511
718	511
529	512
539	512
540	512
574	512
670	512
683	512
755	512
761	512
796	512
808	512
837	512
854	512
575	517
643	517
711	517
883	517
591	519
635	519
639	519
648	519
702	520
781	520
797	520
798	520
800	520
884	520
899	520
619	524
539	529
540	529
574	529
670	529
683	529
740	529
755	529
761	529
796	529
837	529
851	529
867	529
581	531
607	531
616	531
657	531
678	531
718	531
787	531
548	534
557	534
560	534
566	534
599	534
649	534
698	534
841	534
856	534
887	534
888	534
551	537
855	537
881	537
540	539
611	539
670	539
683	539
751	539
755	539
761	539
796	539
808	539
837	539
851	539
854	539
867	539
587	540
658	540
662	540
670	540
691	540
698	540
728	540
751	540
755	540
760	540
761	540
796	540
836	540
837	540
851	540
857	540
842	543
859	543
637	547
706	547
740	547
837	547
557	548
560	548
566	548
599	548
649	548
651	548
698	548
841	548
856	548
865	548
885	548
887	548
888	548
813	551
855	551
761	552
851	552
861	552
560	554
662	554
670	554
560	557
566	557
599	557
649	557
651	557
698	557
814	557
841	557
856	557
887	557
888	557
566	560
599	560
649	560
651	560
662	560
670	560
698	560
814	560
841	560
856	560
887	560
888	560
703	561
599	566
649	566
651	566
698	566
841	566
856	566
887	566
888	566
690	570
691	571
670	574
683	574
755	574
761	574
796	574
829	574
837	574
854	574
643	575
711	575
883	575
587	576
805	579
838	579
607	581
616	581
657	581
678	581
718	581
740	584
761	584
837	584
861	584
665	585
590	586
609	587
658	587
698	587
728	587
749	587
761	587
836	587
857	587
861	587
658	589
672	590
825	590
635	591
639	591
648	591
617	592
658	592
708	592
773	592
861	592
774	598
649	599
698	599
841	599
856	599
887	599
888	599
616	607
657	607
678	607
718	607
725	607
787	607
658	609
691	609
728	609
761	609
836	609
851	609
857	609
670	611
683	611
755	611
761	611
796	611
837	611
851	611
854	611
657	616
678	616
718	616
677	621
721	623
891	623
765	625
774	625
782	625
681	626
780	629
868	631
669	633
639	635
648	635
664	636
648	639
842	639
723	641
803	643
727	645
756	646
651	649
698	649
841	649
856	649
865	649
887	649
888	649
662	651
698	651
745	651
841	651
856	651
887	651
888	651
658	652
728	652
761	652
836	652
851	652
861	652
673	653
874	653
789	654
823	654
840	654
678	657
718	657
691	658
698	658
728	658
729	658
761	658
851	658
857	658
670	662
683	662
698	662
751	662
755	662
796	662
808	662
841	662
862	664
683	670
698	670
751	670
755	670
760	670
761	670
796	670
808	670
829	670
837	670
851	670
854	670
857	670
867	670
825	672
874	673
835	675
718	678
725	678
787	678
896	679
751	683
755	683
761	683
796	683
808	683
829	683
837	683
851	683
854	683
857	683
867	683
728	691
761	691
836	691
878	691
814	698
836	698
841	698
851	698
856	698
887	698
888	698
781	702
797	702
798	702
800	702
884	702
899	702
740	706
837	706
867	706
773	708
865	708
792	711
883	711
725	718
787	718
891	721
895	722
785	727
799	727
760	728
761	728
796	728
836	728
861	728
743	733
869	733
789	737
840	737
761	740
837	740
861	740
867	740
869	743
856	745
761	749
755	751
761	751
796	751
808	751
829	751
851	751
761	755
796	755
808	755
829	755
837	755
851	755
854	755
761	760
796	760
851	760
796	761
829	761
836	761
837	761
851	761
854	761
857	761
861	761
867	761
878	761
774	765
782	765
782	774
797	781
798	781
800	781
812	781
884	781
899	781
823	789
840	789
808	796
829	796
837	796
854	796
867	796
798	797
800	797
884	797
899	797
800	798
866	798
884	798
899	798
842	800
866	800
884	800
899	800
838	805
829	808
837	808
851	808
854	808
855	813
841	814
887	814
840	823
837	829
851	829
854	829
851	836
851	837
854	837
861	837
867	837
882	837
856	841
865	841
887	841
888	841
859	842
854	851
857	851
867	854
881	855
885	856
887	856
888	856
882	857
867	861
888	865
884	866
899	884
888	887
