11	90
11	500
11	639
11	1345
13	35
13	119
13	647
13	1203
15	1420
16	64
16	174
16	195
16	256
16	350
16	370
16	466
16	490
16	772
16	806
16	809
16	894
16	931
16	1115
16	1172
16	1282
16	1352
16	1409
16	1441
23	974
24	101
24	360
24	897
27	806
27	999
27	1024
27	1026
27	1104
27	1287
27	1409
28	1024
29	30
30	60
30	114
30	294
30	1126
33	109
34	137
35	119
35	647
35	1203
36	536
41	153
41	159
41	261
41	315
41	323
41	848
41	862
41	1016
41	1204
41	1304
43	1489
44	253
44	1177
49	64
49	65
49	102
49	115
49	135
49	174
49	189
49	195
49	196
49	324
49	350
49	357
49	466
49	490
49	498
49	515
49	566
49	623
49	627
49	633
49	767
49	772
49	806
49	809
49	851
49	894
49	899
49	909
49	930
49	933
49	1004
49	1026
49	1063
49	1072
49	1088
49	1098
49	1104
49	1112
49	1148
49	1160
49	1172
49	1213
49	1260
49	1282
49	1287
49	1352
49	1363
49	1390
49	1393
49	1409
49	1470
52	262
52	673
52	916
52	1170
52	1325
54	94
54	116
54	281
54	328
54	329
54	563
54	587
54	601
54	703
54	804
54	847
54	1084
54	1212
54	1309
54	1364
55	64
55	103
55	192
55	195
55	196
55	340
55	466
55	467
55	476
55	481
55	498
55	515
55	573
55	623
55	767
55	799
55	806
55	851
55	899
55	1004
55	1026
55	1088
55	1139
55	1148
55	1241
55	1260
55	1282
55	1287
57	465
58	805
60	890
62	379
62	794
63	526
63	805
63	833
64	65
64	92
64	102
64	103
64	192
64	195
64	196
64	340
64	350
64	370
64	466
64	481
64	498
64	515
64	623
64	633
64	767
64	772
64	806
64	809
64	851
64	880
64	894
64	899
64	909
64	1004
64	1026
64	1088
64	1104
64	1112
64	1139
64	1148
64	1156
64	1160
64	1172
64	1252
64	1258
64	1260
64	1282
64	1287
64	1363
64	1409
64	1417
65	102
65	115
65	174
65	189
65	196
65	336
65	350
65	466
65	490
65	566
65	623
65	633
65	767
65	772
65	806
65	809
65	851
65	894
65	899
65	909
65	978
65	1004
65	1026
65	1088
65	1098
65	1104
65	1112
65	1139
65	1148
65	1160
65	1172
65	1213
65	1260
65	1282
65	1287
65	1363
65	1380
65	1393
65	1409
65	1415
66	162
66	363
66	429
66	439
66	547
66	567
66	672
66	758
66	892
66	921
66	996
66	1103
66	1108
66	1310
66	1414
69	439
69	672
69	892
69	1399
69	1458
73	466
73	635
73	909
73	1282
78	696
79	709
79	974
79	1248
88	548
90	500
92	174
92	246
92	370
92	490
92	809
92	894
92	899
92	1055
92	1098
92	1112
92	1120
92	1136
92	1282
92	1334
92	1373
92	1393
92	1409
92	1413
94	116
94	281
94	328
94	329
94	563
94	587
94	601
94	703
94	804
94	847
94	1084
94	1212
94	1309
94	1364
97	1428
100	958
100	1386
101	897
102	115
102	135
102	174
102	189
102	196
102	340
102	350
102	357
102	481
102	498
102	515
102	522
102	566
102	600
102	627
102	772
102	806
102	809
102	851
102	894
102	899
102	909
102	930
102	933
102	949
102	978
102	1004
102	1024
102	1026
102	1088
102	1104
102	1139
102	1148
102	1160
102	1172
102	1178
102	1241
102	1260
102	1282
102	1287
102	1303
102	1363
102	1380
102	1393
103	192
103	195
103	196
103	350
103	466
103	467
103	476
103	498
103	506
103	515
103	623
103	633
103	767
103	806
103	851
103	1004
103	1088
103	1104
103	1139
103	1148
103	1172
103	1260
103	1282
108	341
108	964
108	982
109	808
114	461
114	468
114	512
114	712
114	860
114	863
114	900
114	975
114	1126
114	1318
115	174
115	189
115	357
115	668
115	809
115	841
115	930
115	1063
115	1072
115	1160
115	1172
115	1178
115	1287
115	1363
115	1415
115	1470
116	281
116	328
116	329
116	563
116	587
116	601
116	703
116	804
116	847
116	1084
116	1212
116	1309
116	1364
117	164
117	171
117	517
117	646
117	1188
117	1261
117	1451
119	365
119	647
127	455
127	1051
127	1221
127	1337
127	1365
132	373
135	174
135	196
135	522
135	586
135	772
135	809
135	927
135	1024
135	1071
135	1099
135	1112
135	1262
135	1287
135	1393
136	685
140	963
141	165
144	385
144	1444
151	206
151	583
151	597
151	650
151	1186
151	1269
153	159
153	261
153	315
153	323
153	848
153	862
153	1016
153	1171
153	1304
157	672
157	892
157	1399
157	1458
159	261
159	315
159	323
159	347
159	848
159	862
159	1016
159	1304
160	390
160	611
160	813
160	913
160	1173
160	1228
160	1385
162	363
162	429
162	439
162	522
162	567
162	672
162	758
162	921
162	1001
162	1108
164	517
164	646
164	1008
164	1188
164	1261
164	1451
169	413
169	751
170	443
170	748
171	517
171	646
171	1188
171	1261
171	1451
174	195
174	196
174	246
174	324
174	357
174	370
174	408
174	566
174	577
174	668
174	772
174	809
174	874
174	894
174	899
174	909
174	927
174	930
174	933
174	941
174	991
174	1026
174	1063
174	1072
174	1098
174	1112
174	1115
174	1136
174	1139
174	1160
174	1213
174	1252
174	1282
174	1287
174	1342
174	1363
174	1390
174	1393
174	1409
174	1415
174	1470
178	246
178	255
178	370
178	390
178	441
178	456
178	501
178	569
178	653
178	813
178	849
178	880
178	891
178	894
178	895
178	899
178	953
178	1007
178	1055
178	1112
178	1120
178	1136
178	1173
178	1252
178	1260
178	1282
178	1334
178	1373
178	1385
178	1393
178	1409
178	1413
189	809
189	841
189	1178
189	1287
189	1363
192	195
192	196
192	340
192	350
192	390
192	466
192	467
192	476
192	490
192	498
192	515
192	569
192	623
192	767
192	772
192	806
192	851
192	894
192	899
192	909
192	978
192	1026
192	1088
192	1104
192	1120
192	1139
192	1148
192	1241
192	1260
192	1282
192	1287
192	1323
192	1363
192	1393
192	1409
192	1417
195	196
195	340
195	350
195	386
195	466
195	467
195	476
195	481
195	490
195	498
195	515
195	569
195	623
195	633
195	635
195	767
195	772
195	806
195	809
195	849
195	851
195	894
195	899
195	909
195	1004
195	1026
195	1088
195	1104
195	1112
195	1139
195	1148
195	1172
195	1252
195	1258
195	1260
195	1282
195	1287
195	1323
195	1334
195	1385
195	1409
195	1417
196	340
196	350
196	380
196	466
196	467
196	481
196	490
196	498
196	506
196	515
196	549
196	573
196	623
196	627
196	633
196	767
196	772
196	806
196	809
196	851
196	894
196	899
196	909
196	1004
196	1026
196	1088
196	1099
196	1104
196	1139
196	1148
196	1172
196	1241
196	1260
196	1282
196	1287
196	1380
196	1393
197	1025
197	1121
206	583
206	597
206	650
206	1186
206	1269
206	1487
208	827
213	482
213	555
213	1319
213	1322
215	513
215	1206
215	1361
218	730
218	866
218	1168
218	1318
218	1319
218	1322
218	1464
218	1488
220	1214
223	739
223	1256
226	1041
226	1270
237	1266
246	255
246	370
246	390
246	441
246	490
246	501
246	569
246	653
246	849
246	880
246	891
246	894
246	895
246	899
246	953
246	1055
246	1098
246	1112
246	1120
246	1136
246	1252
246	1282
246	1334
246	1363
246	1373
246	1385
246	1393
246	1413
253	1177
255	370
255	390
255	441
255	501
255	653
255	813
255	880
255	891
255	1055
255	1112
255	1120
255	1136
255	1252
255	1334
255	1413
256	931
256	1115
256	1287
256	1441
260	348
260	362
260	876
260	1033
260	1094
260	1291
260	1329
261	315
261	323
261	347
261	848
261	862
261	1016
261	1304
262	673
262	916
262	1170
262	1325
266	902
269	276
269	343
269	431
269	488
269	502
269	613
269	618
269	656
269	906
269	1101
269	1267
269	1427
270	446
270	711
273	763
273	788
273	1319
273	1347
273	1431
273	1464
276	343
276	488
276	502
276	613
276	618
276	906
276	1095
276	1101
276	1267
276	1427
280	767
280	1104
281	328
281	329
281	563
281	587
281	601
281	703
281	804
281	847
281	1084
281	1212
281	1309
281	1364
289	487
289	871
291	562
291	867
291	957
291	1431
294	512
294	712
294	975
299	547
299	694
299	814
299	921
299	1071
303	382
303	578
303	792
303	972
303	1377
315	323
315	347
315	848
315	862
315	1016
315	1171
315	1304
317	582
317	829
317	1056
317	1184
317	1462
323	347
323	848
323	862
323	1016
323	1204
323	1304
324	345
324	357
324	408
324	566
324	577
324	668
324	682
324	745
324	874
324	930
324	933
324	941
324	991
324	1063
324	1072
324	1142
324	1160
324	1303
324	1390
324	1415
324	1470
327	751
328	329
328	563
328	587
328	601
328	703
328	804
328	847
328	1084
328	1212
328	1309
328	1364
329	563
329	587
329	601
329	703
329	804
329	847
329	1084
329	1212
329	1309
329	1364
332	1411
340	350
340	466
340	467
340	490
340	498
340	623
340	767
340	772
340	806
340	851
340	894
340	899
340	909
340	1004
340	1026
340	1088
340	1104
340	1139
340	1148
340	1240
340	1260
340	1282
340	1287
340	1323
340	1393
340	1417
341	964
343	488
343	502
343	613
343	656
343	906
343	1095
343	1101
343	1267
343	1427
345	577
345	682
345	1063
345	1390
347	559
347	848
347	862
347	1016
348	362
348	588
348	876
348	1033
348	1094
348	1291
349	439
349	672
349	892
349	996
349	1399
349	1414
349	1458
350	466
350	490
350	498
350	506
350	515
350	623
350	633
350	635
350	767
350	772
350	806
350	851
350	894
350	909
350	1004
350	1026
350	1088
350	1104
350	1139
350	1172
350	1260
350	1282
350	1287
350	1393
350	1417
351	399
357	408
357	566
357	577
357	668
357	682
357	745
357	809
357	874
357	930
357	933
357	941
357	991
357	1063
357	1072
357	1142
357	1160
357	1287
357	1303
357	1390
357	1415
357	1470
360	897
362	588
362	876
362	1033
362	1094
362	1291
363	429
363	439
363	567
363	672
363	758
363	921
363	1103
363	1310
365	647
368	1266
370	390
370	441
370	490
370	501
370	522
370	653
370	809
370	813
370	816
370	880
370	891
370	894
370	895
370	899
370	927
370	933
370	953
370	1007
370	1055
370	1098
370	1104
370	1112
370	1120
370	1136
370	1252
370	1260
370	1282
370	1334
370	1363
370	1373
370	1385
370	1393
370	1409
370	1413
370	1417
371	514
371	950
371	1198
372	928
375	478
376	768
376	1169
378	655
378	656
378	751
379	794
379	1048
382	578
382	792
382	972
382	1377
385	1444
386	635
386	809
386	1026
386	1282
386	1459
390	441
390	456
390	501
390	569
390	611
390	635
390	653
390	813
390	849
390	880
390	891
390	894
390	895
390	913
390	953
390	989
390	1007
390	1055
390	1112
390	1120
390	1136
390	1173
390	1228
390	1252
390	1260
390	1282
390	1334
390	1373
390	1385
390	1393
390	1409
390	1413
395	717
405	720
407	699
408	566
408	577
408	668
408	682
408	874
408	930
408	933
408	941
408	991
408	1063
408	1072
408	1160
408	1287
408	1390
408	1415
408	1470
410	541
410	823
410	947
410	1297
413	751
415	741
415	1053
429	522
429	672
429	758
431	502
431	618
437	586
437	1044
437	1071
437	1262
439	547
439	567
439	672
439	758
439	892
439	921
439	996
439	1071
439	1103
439	1310
439	1399
439	1414
439	1458
441	456
441	501
441	569
441	653
441	813
441	849
441	891
441	895
441	1007
441	1055
441	1112
441	1120
441	1136
441	1252
441	1260
441	1282
441	1334
441	1385
441	1393
441	1413
443	748
446	470
446	711
454	526
455	1051
455	1221
455	1337
455	1365
456	894
456	895
456	1112
456	1120
456	1136
456	1282
456	1385
457	574
461	512
466	476
466	481
466	490
466	498
466	506
466	515
466	623
466	633
466	635
466	767
466	772
466	806
466	809
466	851
466	894
466	899
466	909
466	973
466	978
466	1004
466	1026
466	1088
466	1104
466	1139
466	1148
466	1172
466	1241
466	1258
466	1260
466	1282
466	1287
466	1397
466	1409
466	1417
467	476
467	481
467	498
467	573
467	767
467	825
467	899
467	1088
467	1104
467	1148
467	1241
467	1260
468	512
468	554
468	619
468	712
468	860
468	863
468	900
468	965
468	975
468	1046
468	1051
468	1126
473	605
473	700
473	1329
476	498
476	623
476	767
476	1026
476	1088
476	1104
476	1148
476	1241
476	1260
477	540
477	566
477	692
477	993
477	1281
477	1294
478	727
481	490
481	498
481	573
481	600
481	633
481	767
481	806
481	851
481	909
481	972
481	1004
481	1026
481	1088
481	1104
481	1139
481	1260
481	1282
483	1056
487	871
488	502
488	613
488	618
488	656
488	906
488	1095
488	1101
488	1267
488	1427
490	498
490	501
490	515
490	569
490	623
490	633
490	653
490	767
490	772
490	806
490	809
490	851
490	880
490	894
490	895
490	899
490	909
490	999
490	1004
490	1024
490	1026
490	1088
490	1104
490	1112
490	1139
490	1160
490	1172
490	1258
490	1260
490	1282
490	1287
490	1385
490	1409
490	1417
493	821
498	506
498	515
498	573
498	623
498	627
498	633
498	635
498	767
498	772
498	806
498	809
498	849
498	851
498	880
498	894
498	899
498	909
498	972
498	989
498	1004
498	1026
498	1088
498	1104
498	1139
498	1148
498	1172
498	1241
498	1260
498	1282
498	1287
498	1363
498	1385
498	1409
498	1417
499	541
499	617
500	639
500	1345
500	1476
501	569
501	653
501	813
501	849
501	891
501	895
501	953
501	1055
501	1112
501	1120
501	1136
501	1252
501	1260
501	1282
501	1334
501	1373
501	1385
501	1393
501	1413
502	613
502	618
502	656
502	906
502	1008
502	1095
502	1101
502	1188
502	1267
502	1427
502	1451
506	623
506	767
506	806
506	851
506	1004
506	1104
506	1172
506	1241
506	1282
512	712
512	860
513	541
513	1206
513	1361
514	950
514	1198
515	623
515	627
515	633
515	767
515	772
515	806
515	813
515	851
515	894
515	899
515	989
515	1026
515	1088
515	1104
515	1112
515	1139
515	1148
515	1172
515	1241
515	1260
515	1282
515	1287
515	1385
515	1393
515	1409
517	646
517	1008
517	1188
517	1261
517	1451
519	818
522	565
522	586
522	758
522	809
522	927
522	1024
522	1112
522	1262
526	823
526	928
526	1298
527	753
529	589
533	575
533	1030
533	1130
539	1066
540	692
540	993
540	1281
540	1294
541	617
541	1431
542	894
542	1278
547	672
547	694
547	814
547	921
547	1071
548	1333
549	767
549	806
549	851
549	1260
554	619
554	712
554	863
554	900
554	965
554	975
554	1046
554	1051
562	867
562	957
563	587
563	601
563	703
563	804
563	847
563	1084
563	1212
563	1309
563	1364
566	577
566	668
566	692
566	809
566	930
566	933
566	941
566	991
566	1063
566	1072
566	1098
566	1112
566	1160
566	1281
566	1282
566	1287
566	1363
566	1390
566	1415
566	1470
567	672
567	758
567	921
567	996
567	1103
567	1414
569	611
569	653
569	813
569	880
569	894
569	895
569	899
569	913
569	1055
569	1112
569	1120
569	1136
569	1173
569	1228
569	1252
569	1260
569	1282
569	1334
569	1373
569	1385
569	1393
569	1413
573	767
573	1004
573	1088
573	1241
573	1260
575	1030
575	1130
576	1471
577	668
577	682
577	930
577	933
577	941
577	1063
577	1072
577	1160
577	1363
577	1390
577	1415
577	1470
578	1377
582	633
582	829
582	1056
582	1184
582	1312
582	1462
583	597
583	650
583	1186
583	1269
583	1487
586	760
586	772
586	1071
586	1262
587	703
587	804
587	847
587	1084
587	1212
587	1309
587	1364
588	876
588	1033
588	1094
588	1291
597	650
597	1186
597	1269
599	1383
599	1387
600	904
601	703
601	804
601	847
601	1084
601	1212
601	1309
605	700
605	1329
606	1164
606	1370
608	670
609	928
611	813
611	913
611	1120
611	1173
611	1228
611	1282
611	1385
613	656
613	906
613	1095
613	1101
613	1188
613	1267
613	1427
615	731
615	1408
618	1101
619	712
619	863
619	900
619	965
619	975
619	1046
619	1051
619	1337
621	1116
622	750
622	1487
623	633
623	767
623	772
623	806
623	851
623	894
623	909
623	1004
623	1026
623	1088
623	1104
623	1139
623	1172
623	1241
623	1260
623	1282
623	1287
623	1409
623	1417
626	852
627	772
627	806
627	851
627	1099
627	1104
627	1172
627	1241
627	1287
627	1315
633	767
633	772
633	806
633	809
633	851
633	894
633	899
633	909
633	1004
633	1026
633	1088
633	1104
633	1139
633	1172
633	1260
633	1282
633	1287
633	1409
633	1417
635	809
635	851
635	894
635	978
635	1088
635	1112
635	1139
635	1228
635	1260
635	1282
635	1287
635	1385
635	1409
635	1487
637	1327
639	1345
646	1008
646	1188
646	1261
646	1451
647	1203
650	1186
650	1269
651	813
651	913
651	1173
651	1228
651	1385
653	813
653	849
653	891
653	894
653	895
653	1007
653	1055
653	1112
653	1120
653	1136
653	1252
653	1260
653	1282
653	1334
653	1373
653	1385
653	1393
653	1409
653	1413
655	751
656	751
656	906
656	1101
656	1267
656	1427
663	713
665	1319
665	1322
665	1347
665	1431
668	682
668	745
668	809
668	874
668	930
668	933
668	941
668	991
668	1063
668	1072
668	1142
668	1160
668	1287
668	1303
668	1390
668	1415
668	1470
669	672
672	694
672	758
672	892
672	921
672	996
672	1071
672	1103
672	1310
672	1399
672	1414
672	1458
673	916
673	1170
673	1325
676	938
676	1159
681	1156
682	930
682	933
682	1063
682	1390
682	1415
682	1470
691	720
692	702
692	993
692	1281
692	1294
693	1370
694	814
694	921
694	1071
700	928
700	1329
702	1058
703	804
703	847
703	1084
703	1212
703	1309
703	1364
707	1297
712	860
712	863
712	900
712	965
712	975
712	1046
712	1051
715	1336
718	1124
723	1103
723	1414
729	840
730	866
730	1168
730	1318
730	1322
730	1464
730	1488
731	1408
739	1256
744	1090
745	941
745	991
745	1063
746	1019
750	806
757	1127
757	1400
758	921
758	1001
760	1262
763	788
763	1319
763	1347
763	1431
763	1464
767	772
767	806
767	851
767	894
767	899
767	909
767	1004
767	1026
767	1088
767	1104
767	1139
767	1148
767	1172
767	1241
767	1260
767	1282
767	1287
767	1323
767	1409
767	1417
768	1169
771	872
772	806
772	809
772	851
772	894
772	899
772	909
772	927
772	933
772	1004
772	1015
772	1026
772	1071
772	1088
772	1099
772	1104
772	1139
772	1148
772	1172
772	1260
772	1262
772	1282
772	1287
772	1380
772	1393
772	1398
772	1409
788	1319
788	1322
788	1347
788	1431
788	1464
792	1377
794	972
804	847
804	1084
804	1212
804	1309
804	1364
806	809
806	851
806	894
806	899
806	909
806	933
806	1004
806	1026
806	1063
806	1088
806	1099
806	1104
806	1139
806	1148
806	1160
806	1172
806	1241
806	1260
806	1282
806	1287
806	1393
806	1417
806	1487
809	894
809	899
809	927
809	930
809	933
809	978
809	1004
809	1024
809	1026
809	1063
809	1072
809	1098
809	1104
809	1112
809	1139
809	1160
809	1172
809	1213
809	1258
809	1260
809	1282
809	1287
809	1363
809	1380
809	1393
809	1409
809	1415
809	1417
809	1470
813	880
813	894
813	895
813	989
813	1055
813	1112
813	1120
813	1136
813	1173
813	1228
813	1252
813	1282
813	1334
813	1385
813	1393
813	1409
813	1413
814	921
814	1071
814	1310
815	1223
816	1112
816	1136
816	1264
816	1373
823	913
823	1048
824	1151
828	1314
829	1184
829	1462
830	845
830	1253
830	1297
831	1174
833	945
837	1040
841	1172
841	1178
847	1084
847	1212
847	1309
847	1364
848	862
848	1016
849	880
849	894
849	895
849	899
849	932
849	953
849	1055
849	1112
849	1120
849	1136
849	1252
849	1260
849	1282
849	1334
849	1385
849	1393
849	1413
851	894
851	899
851	909
851	989
851	1004
851	1015
851	1026
851	1088
851	1104
851	1139
851	1148
851	1160
851	1172
851	1241
851	1260
851	1282
851	1287
851	1397
851	1409
851	1417
860	900
860	975
860	1051
862	1016
863	900
863	965
863	975
863	1046
863	1051
866	1168
866	1318
866	1319
866	1322
866	1464
866	1488
867	957
874	930
874	933
874	991
874	1063
874	1072
874	1160
874	1287
874	1390
874	1470
876	1033
876	1094
876	1291
880	894
880	895
880	899
880	953
880	1112
880	1120
880	1136
880	1228
880	1252
880	1260
880	1282
880	1287
880	1385
880	1393
880	1409
884	1193
890	1126
890	1127
890	1244
891	895
891	1007
891	1055
891	1104
891	1112
891	1120
891	1136
891	1252
891	1282
891	1334
891	1373
891	1385
891	1413
892	921
892	996
892	1103
892	1399
892	1414
892	1458
894	895
894	899
894	909
894	932
894	999
894	1004
894	1026
894	1088
894	1104
894	1112
894	1120
894	1136
894	1139
894	1156
894	1160
894	1172
894	1252
894	1258
894	1260
894	1282
894	1287
894	1334
894	1363
894	1373
894	1385
894	1393
894	1409
894	1413
894	1417
895	899
895	1007
895	1055
895	1112
895	1120
895	1136
895	1252
895	1260
895	1282
895	1334
895	1385
895	1393
895	1409
895	1413
899	909
899	932
899	999
899	1026
899	1088
899	1098
899	1104
899	1112
899	1120
899	1139
899	1148
899	1160
899	1172
899	1241
899	1252
899	1258
899	1260
899	1282
899	1287
899	1385
899	1393
899	1409
899	1417
900	965
900	975
900	1046
900	1051
906	1095
906	1101
906	1267
906	1427
909	928
909	1004
909	1026
909	1088
909	1104
909	1139
909	1148
909	1156
909	1160
909	1172
909	1260
909	1282
909	1287
909	1323
909	1409
909	1417
913	928
913	1048
913	1120
913	1173
913	1228
913	1385
916	1170
916	1325
921	1071
921	1103
921	1310
921	1399
921	1414
927	933
927	1098
927	1112
927	1116
927	1213
927	1282
927	1363
928	1048
930	933
930	941
930	991
930	1063
930	1072
930	1160
930	1287
930	1303
930	1342
930	1363
930	1390
930	1415
930	1470
931	1115
931	1352
931	1441
932	1252
932	1393
933	941
933	991
933	1063
933	1072
933	1098
933	1112
933	1142
933	1160
933	1287
933	1342
933	1363
933	1390
933	1415
933	1470
938	1159
940	1264
941	991
941	1063
941	1072
941	1142
941	1160
941	1390
941	1415
941	1470
945	1253
945	1297
945	1393
949	1148
950	1198
953	1055
953	1112
953	1120
953	1136
953	1252
953	1260
953	1282
953	1363
953	1373
953	1385
953	1413
958	1386
965	975
965	1046
965	1051
973	1088
974	1288
974	1367
975	1046
975	1051
978	1017
978	1088
978	1178
978	1262
978	1287
987	1487
989	1004
989	1260
989	1282
990	1281
991	1063
991	1160
991	1390
991	1415
991	1470
993	1281
993	1294
996	1071
996	1399
996	1414
996	1458
999	1024
999	1112
999	1172
999	1393
999	1409
1004	1026
1004	1088
1004	1104
1004	1139
1004	1148
1004	1172
1004	1241
1004	1260
1004	1282
1004	1287
1004	1409
1004	1417
1007	1055
1007	1104
1007	1112
1007	1136
1007	1252
1007	1260
1007	1282
1007	1385
1007	1393
1007	1398
1007	1409
1007	1413
1007	1475
1008	1188
1008	1261
1008	1451
1015	1026
1015	1287
1016	1171
1017	1287
1024	1262
1024	1282
1024	1409
1025	1121
1026	1088
1026	1104
1026	1112
1026	1139
1026	1148
1026	1160
1026	1172
1026	1241
1026	1258
1026	1260
1026	1282
1026	1287
1026	1363
1026	1409
1026	1417
1027	1200
1027	1473
1030	1130
1033	1094
1033	1291
1046	1051
1051	1221
1051	1337
1051	1365
1054	1202
1055	1098
1055	1112
1055	1120
1055	1136
1055	1252
1055	1260
1055	1282
1055	1334
1055	1373
1055	1385
1055	1413
1059	1208
1059	1255
1063	1072
1063	1142
1063	1160
1063	1287
1063	1303
1063	1363
1063	1390
1063	1415
1063	1470
1071	1103
1071	1262
1071	1399
1071	1414
1072	1098
1072	1142
1072	1160
1072	1287
1072	1363
1072	1390
1072	1415
1072	1470
1076	1088
1081	1145
1084	1212
1084	1309
1088	1104
1088	1139
1088	1148
1088	1160
1088	1172
1088	1241
1088	1260
1088	1282
1088	1287
1088	1409
1088	1417
1094	1291
1095	1101
1095	1267
1095	1427
1098	1112
1098	1136
1098	1160
1098	1252
1098	1334
1098	1363
1098	1390
1099	1172
1101	1267
1101	1427
1103	1399
1103	1414
1104	1112
1104	1120
1104	1139
1104	1148
1104	1172
1104	1241
1104	1252
1104	1260
1104	1282
1104	1287
1104	1323
1104	1385
1104	1393
1104	1409
1104	1417
1112	1120
1112	1136
1112	1139
1112	1160
1112	1213
1112	1252
1112	1258
1112	1260
1112	1282
1112	1287
1112	1334
1112	1363
1112	1373
1112	1385
1112	1393
1112	1409
1112	1413
1112	1417
1115	1352
1115	1441
1120	1136
1120	1173
1120	1228
1120	1252
1120	1260
1120	1282
1120	1334
1120	1373
1120	1385
1120	1393
1120	1413
1124	1161
1126	1244
1127	1244
1128	1150
1129	1298
1131	1382
1136	1252
1136	1260
1136	1282
1136	1334
1136	1373
1136	1385
1136	1393
1136	1409
1136	1413
1136	1417
1139	1148
1139	1172
1139	1240
1139	1241
1139	1258
1139	1260
1139	1282
1139	1287
1139	1397
1139	1409
1139	1417
1139	1459
1142	1390
1142	1470
1148	1172
1148	1241
1148	1260
1148	1282
1148	1287
1148	1398
1156	1260
1156	1282
1160	1172
1160	1282
1160	1287
1160	1342
1160	1363
1160	1380
1160	1390
1160	1409
1160	1415
1160	1470
1168	1318
1168	1319
1168	1322
1168	1464
1168	1488
1170	1325
1172	1241
1172	1260
1172	1282
1172	1287
1172	1393
1172	1409
1173	1228
1173	1282
1173	1385
1178	1303
1184	1312
1184	1462
1186	1269
1188	1261
1188	1451
1189	1237
1200	1473
1206	1361
1208	1255
1208	1321
1212	1309
1212	1364
1213	1363
1221	1337
1221	1365
1228	1260
1228	1282
1228	1385
1228	1393
1240	1260
1241	1260
1241	1282
1241	1287
1251	1466
1252	1260
1252	1282
1252	1334
1252	1363
1252	1373
1252	1385
1252	1393
1252	1409
1252	1413
1253	1297
1255	1321
1258	1260
1258	1282
1258	1397
1258	1409
1260	1282
1260	1287
1260	1373
1260	1385
1260	1393
1260	1397
1260	1409
1260	1413
1260	1417
1261	1451
1262	1335
1267	1427
1281	1294
1282	1287
1282	1334
1282	1363
1282	1373
1282	1385
1282	1393
1282	1397
1282	1409
1282	1413
1282	1417
1282	1487
1287	1342
1287	1363
1287	1380
1287	1390
1287	1393
1287	1409
1287	1415
1287	1417
1287	1470
1303	1363
1303	1390
1309	1364
1310	1414
1318	1319
1318	1322
1318	1464
1318	1488
1319	1322
1319	1347
1319	1431
1319	1464
1319	1488
1322	1347
1322	1431
1322	1464
1322	1488
1334	1373
1334	1385
1334	1393
1334	1409
1334	1413
1337	1365
1342	1390
1347	1431
1347	1464
1352	1441
1363	1373
1363	1390
1363	1393
1363	1415
1363	1470
1373	1385
1373	1409
1373	1413
1383	1387
1385	1393
1385	1409
1385	1413
1385	1459
1390	1415
1390	1470
1393	1409
1393	1413
1393	1459
1399	1414
1399	1458
1409	1413
1409	1417
1414	1458
1415	1470
1417	1459
1429	1436
1431	1464
1464	1488
90	11
500	11
639	11
1345	11
35	13
119	13
647	13
1203	13
1420	15
64	16
174	16
195	16
256	16
350	16
370	16
466	16
490	16
772	16
806	16
809	16
894	16
931	16
1115	16
1172	16
1282	16
1352	16
1409	16
1441	16
974	23
101	24
360	24
897	24
806	27
999	27
1024	27
1026	27
1104	27
1287	27
1409	27
1024	28
30	29
60	30
114	30
294	30
1126	30
109	33
137	34
119	35
647	35
1203	35
536	36
153	41
159	41
261	41
315	41
323	41
848	41
862	41
1016	41
1204	41
1304	41
1489	43
253	44
1177	44
64	49
65	49
102	49
115	49
135	49
174	49
189	49
195	49
196	49
324	49
350	49
357	49
466	49
490	49
498	49
515	49
566	49
623	49
627	49
633	49
767	49
772	49
806	49
809	49
851	49
894	49
899	49
909	49
930	49
933	49
1004	49
1026	49
1063	49
1072	49
1088	49
1098	49
1104	49
1112	49
1148	49
1160	49
1172	49
1213	49
1260	49
1282	49
1287	49
1352	49
1363	49
1390	49
1393	49
1409	49
1470	49
262	52
673	52
916	52
1170	52
1325	52
94	54
116	54
281	54
328	54
329	54
563	54
587	54
601	54
703	54
804	54
847	54
1084	54
1212	54
1309	54
1364	54
64	55
103	55
192	55
195	55
196	55
340	55
466	55
467	55
476	55
481	55
498	55
515	55
573	55
623	55
767	55
799	55
806	55
851	55
899	55
1004	55
1026	55
1088	55
1139	55
1148	55
1241	55
1260	55
1282	55
1287	55
465	57
805	58
890	60
379	62
794	62
526	63
805	63
833	63
65	64
92	64
102	64
103	64
192	64
195	64
196	64
340	64
350	64
370	64
466	64
481	64
498	64
515	64
623	64
633	64
767	64
772	64
806	64
809	64
851	64
880	64
894	64
899	64
909	64
1004	64
1026	64
1088	64
1104	64
1112	64
1139	64
1148	64
1156	64
1160	64
1172	64
1252	64
1258	64
1260	64
1282	64
1287	64
1363	64
1409	64
1417	64
102	65
115	65
174	65
189	65
196	65
336	65
350	65
466	65
490	65
566	65
623	65
633	65
767	65
772	65
806	65
809	65
851	65
894	65
899	65
909	65
978	65
1004	65
1026	65
1088	65
1098	65
1104	65
1112	65
1139	65
1148	65
1160	65
1172	65
1213	65
1260	65
1282	65
1287	65
1363	65
1380	65
1393	65
1409	65
1415	65
162	66
363	66
429	66
439	66
547	66
567	66
672	66
758	66
892	66
921	66
996	66
1103	66
1108	66
1310	66
1414	66
439	69
672	69
892	69
1399	69
1458	69
466	73
635	73
909	73
1282	73
696	78
709	79
974	79
1248	79
548	88
500	90
174	92
246	92
370	92
490	92
809	92
894	92
899	92
1055	92
1098	92
1112	92
1120	92
1136	92
1282	92
1334	92
1373	92
1393	92
1409	92
1413	92
116	94
281	94
328	94
329	94
563	94
587	94
601	94
703	94
804	94
847	94
1084	94
1212	94
1309	94
1364	94
1428	97
958	100
1386	100
897	101
115	102
135	102
174	102
189	102
196	102
340	102
350	102
357	102
481	102
498	102
515	102
522	102
566	102
600	102
627	102
772	102
806	102
809	102
851	102
894	102
899	102
909	102
930	102
933	102
949	102
978	102
1004	102
1024	102
1026	102
1088	102
1104	102
1139	102
1148	102
1160	102
1172	102
1178	102
1241	102
1260	102
1282	102
1287	102
1303	102
1363	102
1380	102
1393	102
192	103
195	103
196	103
350	103
466	103
467	103
476	103
498	103
506	103
515	103
623	103
633	103
767	103
806	103
851	103
1004	103
1088	103
1104	103
1139	103
1148	103
1172	103
1260	103
1282	103
341	108
964	108
982	108
808	109
461	114
468	114
512	114
712	114
860	114
863	114
900	114
975	114
1126	114
1318	114
174	115
189	115
357	115
668	115
809	115
841	115
930	115
1063	115
1072	115
1160	115
1172	115
1178	115
1287	115
1363	115
1415	115
1470	115
281	116
328	116
329	116
563	116
587	116
601	116
703	116
804	116
847	116
1084	116
1212	116
1309	116
1364	116
164	117
171	117
517	117
646	117
1188	117
1261	117
1451	117
365	119
647	119
455	127
1051	127
1221	127
1337	127
1365	127
373	132
174	135
196	135
522	135
586	135
772	135
809	135
927	135
1024	135
1071	135
1099	135
1112	135
1262	135
1287	135
1393	135
685	136
963	140
165	141
385	144
1444	144
206	151
583	151
597	151
650	151
1186	151
1269	151
159	153
261	153
315	153
323	153
848	153
862	153
1016	153
1171	153
1304	153
672	157
892	157
1399	157
1458	157
261	159
315	159
323	159
347	159
848	159
862	159
1016	159
1304	159
390	160
611	160
813	160
913	160
1173	160
1228	160
1385	160
363	162
429	162
439	162
522	162
567	162
672	162
758	162
921	162
1001	162
1108	162
517	164
646	164
1008	164
1188	164
1261	164
1451	164
413	169
751	169
443	170
748	170
517	171
646	171
1188	171
1261	171
1451	171
195	174
196	174
246	174
324	174
357	174
370	174
408	174
566	174
577	174
668	174
772	174
809	174
874	174
894	174
899	174
909	174
927	174
930	174
933	174
941	174
991	174
1026	174
1063	174
1072	174
1098	174
1112	174
1115	174
1136	174
1139	174
1160	174
1213	174
1252	174
1282	174
1287	174
1342	174
1363	174
1390	174
1393	174
1409	174
1415	174
1470	174
246	178
255	178
370	178
390	178
441	178
456	178
501	178
569	178
653	178
813	178
849	178
880	178
891	178
894	178
895	178
899	178
953	178
1007	178
1055	178
1112	178
1120	178
1136	178
1173	178
1252	178
1260	178
1282	178
1334	178
1373	178
1385	178
1393	178
1409	178
1413	178
809	189
841	189
1178	189
1287	189
1363	189
195	192
196	192
340	192
350	192
390	192
466	192
467	192
476	192
490	192
498	192
515	192
569	192
623	192
767	192
772	192
806	192
851	192
894	192
899	192
909	192
978	192
1026	192
1088	192
1104	192
1120	192
1139	192
1148	192
1241	192
1260	192
1282	192
1287	192
1323	192
1363	192
1393	192
1409	192
1417	192
196	195
340	195
350	195
386	195
466	195
467	195
476	195
481	195
490	195
498	195
515	195
569	195
623	195
633	195
635	195
767	195
772	195
806	195
809	195
849	195
851	195
894	195
899	195
909	195
1004	195
1026	195
1088	195
1104	195
1112	195
1139	195
1148	195
1172	195
1252	195
1258	195
1260	195
1282	195
1287	195
1323	195
1334	195
1385	195
1409	195
1417	195
340	196
350	196
380	196
466	196
467	196
481	196
490	196
498	196
506	196
515	196
549	196
573	196
623	196
627	196
633	196
767	196
772	196
806	196
809	196
851	196
894	196
899	196
909	196
1004	196
1026	196
1088	196
1099	196
1104	196
1139	196
1148	196
1172	196
1241	196
1260	196
1282	196
1287	196
1380	196
1393	196
1025	197
1121	197
583	206
597	206
650	206
1186	206
1269	206
1487	206
827	208
482	213
555	213
1319	213
1322	213
513	215
1206	215
1361	215
730	218
866	218
1168	218
1318	218
1319	218
1322	218
1464	218
1488	218
1214	220
739	223
1256	223
1041	226
1270	226
1266	237
255	246
370	246
390	246
441	246
490	246
501	246
569	246
653	246
849	246
880	246
891	246
894	246
895	246
899	246
953	246
1055	246
1098	246
1112	246
1120	246
1136	246
1252	246
1282	246
1334	246
1363	246
1373	246
1385	246
1393	246
1413	246
1177	253
370	255
390	255
441	255
501	255
653	255
813	255
880	255
891	255
1055	255
1112	255
1120	255
1136	255
1252	255
1334	255
1413	255
931	256
1115	256
1287	256
1441	256
348	260
362	260
876	260
1033	260
1094	260
1291	260
1329	260
315	261
323	261
347	261
848	261
862	261
1016	261
1304	261
673	262
916	262
1170	262
1325	262
902	266
276	269
343	269
431	269
488	269
502	269
613	269
618	269
656	269
906	269
1101	269
1267	269
1427	269
446	270
711	270
763	273
788	273
1319	273
1347	273
1431	273
1464	273
343	276
488	276
502	276
613	276
618	276
906	276
1095	276
1101	276
1267	276
1427	276
767	280
1104	280
328	281
329	281
563	281
587	281
601	281
703	281
804	281
847	281
1084	281
1212	281
1309	281
1364	281
487	289
871	289
562	291
867	291
957	291
1431	291
512	294
712	294
975	294
547	299
694	299
814	299
921	299
1071	299
382	303
578	303
792	303
972	303
1377	303
323	315
347	315
848	315
862	315
1016	315
1171	315
1304	315
582	317
829	317
1056	317
1184	317
1462	317
347	323
848	323
862	323
1016	323
1204	323
1304	323
345	324
357	324
408	324
566	324
577	324
668	324
682	324
745	324
874	324
930	324
933	324
941	324
991	324
1063	324
1072	324
1142	324
1160	324
1303	324
1390	324
1415	324
1470	324
751	327
329	328
563	328
587	328
601	328
703	328
804	328
847	328
1084	328
1212	328
1309	328
1364	328
563	329
587	329
601	329
703	329
804	329
847	329
1084	329
1212	329
1309	329
1364	329
1411	332
350	340
466	340
467	340
490	340
498	340
623	340
767	340
772	340
806	340
851	340
894	340
899	340
909	340
1004	340
1026	340
1088	340
1104	340
1139	340
1148	340
1240	340
1260	340
1282	340
1287	340
1323	340
1393	340
1417	340
964	341
488	343
502	343
613	343
656	343
906	343
1095	343
1101	343
1267	343
1427	343
577	345
682	345
1063	345
1390	345
559	347
848	347
862	347
1016	347
362	348
588	348
876	348
1033	348
1094	348
1291	348
439	349
672	349
892	349
996	349
1399	349
1414	349
1458	349
466	350
490	350
498	350
506	350
515	350
623	350
633	350
635	350
767	350
772	350
806	350
851	350
894	350
909	350
1004	350
1026	350
1088	350
1104	350
1139	350
1172	350
1260	350
1282	350
1287	350
1393	350
1417	350
399	351
408	357
566	357
577	357
668	357
682	357
745	357
809	357
874	357
930	357
933	357
941	357
991	357
1063	357
1072	357
1142	357
1160	357
1287	357
1303	357
1390	357
1415	357
1470	357
897	360
588	362
876	362
1033	362
1094	362
1291	362
429	363
439	363
567	363
672	363
758	363
921	363
1103	363
1310	363
647	365
1266	368
390	370
441	370
490	370
501	370
522	370
653	370
809	370
813	370
816	370
880	370
891	370
894	370
895	370
899	370
927	370
933	370
953	370
1007	370
1055	370
1098	370
1104	370
1112	370
1120	370
1136	370
1252	370
1260	370
1282	370
1334	370
1363	370
1373	370
1385	370
1393	370
1409	370
1413	370
1417	370
514	371
950	371
1198	371
928	372
478	375
768	376
1169	376
655	378
656	378
751	378
794	379
1048	379
578	382
792	382
972	382
1377	382
1444	385
635	386
809	386
1026	386
1282	386
1459	386
441	390
456	390
501	390
569	390
611	390
635	390
653	390
813	390
849	390
880	390
891	390
894	390
895	390
913	390
953	390
989	390
1007	390
1055	390
1112	390
1120	390
1136	390
1173	390
1228	390
1252	390
1260	390
1282	390
1334	390
1373	390
1385	390
1393	390
1409	390
1413	390
717	395
720	405
699	407
566	408
577	408
668	408
682	408
874	408
930	408
933	408
941	408
991	408
1063	408
1072	408
1160	408
1287	408
1390	408
1415	408
1470	408
541	410
823	410
947	410
1297	410
751	413
741	415
1053	415
522	429
672	429
758	429
502	431
618	431
586	437
1044	437
1071	437
1262	437
547	439
567	439
672	439
758	439
892	439
921	439
996	439
1071	439
1103	439
1310	439
1399	439
1414	439
1458	439
456	441
501	441
569	441
653	441
813	441
849	441
891	441
895	441
1007	441
1055	441
1112	441
1120	441
1136	441
1252	441
1260	441
1282	441
1334	441
1385	441
1393	441
1413	441
748	443
470	446
711	446
526	454
1051	455
1221	455
1337	455
1365	455
894	456
895	456
1112	456
1120	456
1136	456
1282	456
1385	456
574	457
512	461
476	466
481	466
490	466
498	466
506	466
515	466
623	466
633	466
635	466
767	466
772	466
806	466
809	466
851	466
894	466
899	466
909	466
973	466
978	466
1004	466
1026	466
1088	466
1104	466
1139	466
1148	466
1172	466
1241	466
1258	466
1260	466
1282	466
1287	466
1397	466
1409	466
1417	466
476	467
481	467
498	467
573	467
767	467
825	467
899	467
1088	467
1104	467
1148	467
1241	467
1260	467
512	468
554	468
619	468
712	468
860	468
863	468
900	468
965	468
975	468
1046	468
1051	468
1126	468
605	473
700	473
1329	473
498	476
623	476
767	476
1026	476
1088	476
1104	476
1148	476
1241	476
1260	476
540	477
566	477
692	477
993	477
1281	477
1294	477
727	478
490	481
498	481
573	481
600	481
633	481
767	481
806	481
851	481
909	481
972	481
1004	481
1026	481
1088	481
1104	481
1139	481
1260	481
1282	481
1056	483
871	487
502	488
613	488
618	488
656	488
906	488
1095	488
1101	488
1267	488
1427	488
498	490
501	490
515	490
569	490
623	490
633	490
653	490
767	490
772	490
806	490
809	490
851	490
880	490
894	490
895	490
899	490
909	490
999	490
1004	490
1024	490
1026	490
1088	490
1104	490
1112	490
1139	490
1160	490
1172	490
1258	490
1260	490
1282	490
1287	490
1385	490
1409	490
1417	490
821	493
506	498
515	498
573	498
623	498
627	498
633	498
635	498
767	498
772	498
806	498
809	498
849	498
851	498
880	498
894	498
899	498
909	498
972	498
989	498
1004	498
1026	498
1088	498
1104	498
1139	498
1148	498
1172	498
1241	498
1260	498
1282	498
1287	498
1363	498
1385	498
1409	498
1417	498
541	499
617	499
639	500
1345	500
1476	500
569	501
653	501
813	501
849	501
891	501
895	501
953	501
1055	501
1112	501
1120	501
1136	501
1252	501
1260	501
1282	501
1334	501
1373	501
1385	501
1393	501
1413	501
613	502
618	502
656	502
906	502
1008	502
1095	502
1101	502
1188	502
1267	502
1427	502
1451	502
623	506
767	506
806	506
851	506
1004	506
1104	506
1172	506
1241	506
1282	506
712	512
860	512
541	513
1206	513
1361	513
950	514
1198	514
623	515
627	515
633	515
767	515
772	515
806	515
813	515
851	515
894	515
899	515
989	515
1026	515
1088	515
1104	515
1112	515
1139	515
1148	515
1172	515
1241	515
1260	515
1282	515
1287	515
1385	515
1393	515
1409	515
646	517
1008	517
1188	517
1261	517
1451	517
818	519
565	522
586	522
758	522
809	522
927	522
1024	522
1112	522
1262	522
823	526
928	526
1298	526
753	527
589	529
575	533
1030	533
1130	533
1066	539
692	540
993	540
1281	540
1294	540
617	541
1431	541
894	542
1278	542
672	547
694	547
814	547
921	547
1071	547
1333	548
767	549
806	549
851	549
1260	549
619	554
712	554
863	554
900	554
965	554
975	554
1046	554
1051	554
867	562
957	562
587	563
601	563
703	563
804	563
847	563
1084	563
1212	563
1309	563
1364	563
577	566
668	566
692	566
809	566
930	566
933	566
941	566
991	566
1063	566
1072	566
1098	566
1112	566
1160	566
1281	566
1282	566
1287	566
1363	566
1390	566
1415	566
1470	566
672	567
758	567
921	567
996	567
1103	567
1414	567
611	569
653	569
813	569
880	569
894	569
895	569
899	569
913	569
1055	569
1112	569
1120	569
1136	569
1173	569
1228	569
1252	569
1260	569
1282	569
1334	569
1373	569
1385	569
1393	569
1413	569
767	573
1004	573
1088	573
1241	573
1260	573
1030	575
1130	575
1471	576
668	577
682	577
930	577
933	577
941	577
1063	577
1072	577
1160	577
1363	577
1390	577
1415	577
1470	577
1377	578
633	582
829	582
1056	582
1184	582
1312	582
1462	582
597	583
650	583
1186	583
1269	583
1487	583
760	586
772	586
1071	586
1262	586
703	587
804	587
847	587
1084	587
1212	587
1309	587
1364	587
876	588
1033	588
1094	588
1291	588
650	597
1186	597
1269	597
1383	599
1387	599
904	600
703	601
804	601
847	601
1084	601
1212	601
1309	601
700	605
1329	605
1164	606
1370	606
670	608
928	609
813	611
913	611
1120	611
1173	611
1228	611
1282	611
1385	611
656	613
906	613
1095	613
1101	613
1188	613
1267	613
1427	613
731	615
1408	615
1101	618
712	619
863	619
900	619
965	619
975	619
1046	619
1051	619
1337	619
1116	621
750	622
1487	622
633	623
767	623
772	623
806	623
851	623
894	623
909	623
1004	623
1026	623
1088	623
1104	623
1139	623
1172	623
1241	623
1260	623
1282	623
1287	623
1409	623
1417	623
852	626
772	627
806	627
851	627
1099	627
1104	627
1172	627
1241	627
1287	627
1315	627
767	633
772	633
806	633
809	633
851	633
894	633
899	633
909	633
1004	633
1026	633
1088	633
1104	633
1139	633
1172	633
1260	633
1282	633
1287	633
1409	633
1417	633
809	635
851	635
894	635
978	635
1088	635
1112	635
1139	635
1228	635
1260	635
1282	635
1287	635
1385	635
1409	635
1487	635
1327	637
1345	639
1008	646
1188	646
1261	646
1451	646
1203	647
1186	650
1269	650
813	651
913	651
1173	651
1228	651
1385	651
813	653
849	653
891	653
894	653
895	653
1007	653
1055	653
1112	653
1120	653
1136	653
1252	653
1260	653
1282	653
1334	653
1373	653
1385	653
1393	653
1409	653
1413	653
751	655
751	656
906	656
1101	656
1267	656
1427	656
713	663
1319	665
1322	665
1347	665
1431	665
682	668
745	668
809	668
874	668
930	668
933	668
941	668
991	668
1063	668
1072	668
1142	668
1160	668
1287	668
1303	668
1390	668
1415	668
1470	668
672	669
694	672
758	672
892	672
921	672
996	672
1071	672
1103	672
1310	672
1399	672
1414	672
1458	672
916	673
1170	673
1325	673
938	676
1159	676
1156	681
930	682
933	682
1063	682
1390	682
1415	682
1470	682
720	691
702	692
993	692
1281	692
1294	692
1370	693
814	694
921	694
1071	694
928	700
1329	700
1058	702
804	703
847	703
1084	703
1212	703
1309	703
1364	703
1297	707
860	712
863	712
900	712
965	712
975	712
1046	712
1051	712
1336	715
1124	718
1103	723
1414	723
840	729
866	730
1168	730
1318	730
1322	730
1464	730
1488	730
1408	731
1256	739
1090	744
941	745
991	745
1063	745
1019	746
806	750
1127	757
1400	757
921	758
1001	758
1262	760
788	763
1319	763
1347	763
1431	763
1464	763
772	767
806	767
851	767
894	767
899	767
909	767
1004	767
1026	767
1088	767
1104	767
1139	767
1148	767
1172	767
1241	767
1260	767
1282	767
1287	767
1323	767
1409	767
1417	767
1169	768
872	771
806	772
809	772
851	772
894	772
899	772
909	772
927	772
933	772
1004	772
1015	772
1026	772
1071	772
1088	772
1099	772
1104	772
1139	772
1148	772
1172	772
1260	772
1262	772
1282	772
1287	772
1380	772
1393	772
1398	772
1409	772
1319	788
1322	788
1347	788
1431	788
1464	788
1377	792
972	794
847	804
1084	804
1212	804
1309	804
1364	804
809	806
851	806
894	806
899	806
909	806
933	806
1004	806
1026	806
1063	806
1088	806
1099	806
1104	806
1139	806
1148	806
1160	806
1172	806
1241	806
1260	806
1282	806
1287	806
1393	806
1417	806
1487	806
894	809
899	809
927	809
930	809
933	809
978	809
1004	809
1024	809
1026	809
1063	809
1072	809
1098	809
1104	809
1112	809
1139	809
1160	809
1172	809
1213	809
1258	809
1260	809
1282	809
1287	809
1363	809
1380	809
1393	809
1409	809
1415	809
1417	809
1470	809
880	813
894	813
895	813
989	813
1055	813
1112	813
1120	813
1136	813
1173	813
1228	813
1252	813
1282	813
1334	813
1385	813
1393	813
1409	813
1413	813
921	814
1071	814
1310	814
1223	815
1112	816
1136	816
1264	816
1373	816
913	823
1048	823
1151	824
1314	828
1184	829
1462	829
845	830
1253	830
1297	830
1174	831
945	833
1040	837
1172	841
1178	841
1084	847
1212	847
1309	847
1364	847
862	848
1016	848
880	849
894	849
895	849
899	849
932	849
953	849
1055	849
1112	849
1120	849
1136	849
1252	849
1260	849
1282	849
1334	849
1385	849
1393	849
1413	849
894	851
899	851
909	851
989	851
1004	851
1015	851
1026	851
1088	851
1104	851
1139	851
1148	851
1160	851
1172	851
1241	851
1260	851
1282	851
1287	851
1397	851
1409	851
1417	851
900	860
975	860
1051	860
1016	862
900	863
965	863
975	863
1046	863
1051	863
1168	866
1318	866
1319	866
1322	866
1464	866
1488	866
957	867
930	874
933	874
991	874
1063	874
1072	874
1160	874
1287	874
1390	874
1470	874
1033	876
1094	876
1291	876
894	880
895	880
899	880
953	880
1112	880
1120	880
1136	880
1228	880
1252	880
1260	880
1282	880
1287	880
1385	880
1393	880
1409	880
1193	884
1126	890
1127	890
1244	890
895	891
1007	891
1055	891
1104	891
1112	891
1120	891
1136	891
1252	891
1282	891
1334	891
1373	891
1385	891
1413	891
921	892
996	892
1103	892
1399	892
1414	892
1458	892
895	894
899	894
909	894
932	894
999	894
1004	894
1026	894
1088	894
1104	894
1112	894
1120	894
1136	894
1139	894
1156	894
1160	894
1172	894
1252	894
1258	894
1260	894
1282	894
1287	894
1334	894
1363	894
1373	894
1385	894
1393	894
1409	894
1413	894
1417	894
899	895
1007	895
1055	895
1112	895
1120	895
1136	895
1252	895
1260	895
1282	895
1334	895
1385	895
1393	895
1409	895
1413	895
909	899
932	899
999	899
1026	899
1088	899
1098	899
1104	899
1112	899
1120	899
1139	899
1148	899
1160	899
1172	899
1241	899
1252	899
1258	899
1260	899
1282	899
1287	899
1385	899
1393	899
1409	899
1417	899
965	900
975	900
1046	900
1051	900
1095	906
1101	906
1267	906
1427	906
928	909
1004	909
1026	909
1088	909
1104	909
1139	909
1148	909
1156	909
1160	909
1172	909
1260	909
1282	909
1287	909
1323	909
1409	909
1417	909
928	913
1048	913
1120	913
1173	913
1228	913
1385	913
1170	916
1325	916
1071	921
1103	921
1310	921
1399	921
1414	921
933	927
1098	927
1112	927
1116	927
1213	927
1282	927
1363	927
1048	928
933	930
941	930
991	930
1063	930
1072	930
1160	930
1287	930
1303	930
1342	930
1363	930
1390	930
1415	930
1470	930
1115	931
1352	931
1441	931
1252	932
1393	932
941	933
991	933
1063	933
1072	933
1098	933
1112	933
1142	933
1160	933
1287	933
1342	933
1363	933
1390	933
1415	933
1470	933
1159	938
1264	940
991	941
1063	941
1072	941
1142	941
1160	941
1390	941
1415	941
1470	941
1253	945
1297	945
1393	945
1148	949
1198	950
1055	953
1112	953
1120	953
1136	953
1252	953
1260	953
1282	953
1363	953
1373	953
1385	953
1413	953
1386	958
975	965
1046	965
1051	965
1088	973
1288	974
1367	974
1046	975
1051	975
1017	978
1088	978
1178	978
1262	978
1287	978
1487	987
1004	989
1260	989
1282	989
1281	990
1063	991
1160	991
1390	991
1415	991
1470	991
1281	993
1294	993
1071	996
1399	996
1414	996
1458	996
1024	999
1112	999
1172	999
1393	999
1409	999
1026	1004
1088	1004
1104	1004
1139	1004
1148	1004
1172	1004
1241	1004
1260	1004
1282	1004
1287	1004
1409	1004
1417	1004
1055	1007
1104	1007
1112	1007
1136	1007
1252	1007
1260	1007
1282	1007
1385	1007
1393	1007
1398	1007
1409	1007
1413	1007
1475	1007
1188	1008
1261	1008
1451	1008
1026	1015
1287	1015
1171	1016
1287	1017
1262	1024
1282	1024
1409	1024
1121	1025
1088	1026
1104	1026
1112	1026
1139	1026
1148	1026
1160	1026
1172	1026
1241	1026
1258	1026
1260	1026
1282	1026
1287	1026
1363	1026
1409	1026
1417	1026
1200	1027
1473	1027
1130	1030
1094	1033
1291	1033
1051	1046
1221	1051
1337	1051
1365	1051
1202	1054
1098	1055
1112	1055
1120	1055
1136	1055
1252	1055
1260	1055
1282	1055
1334	1055
1373	1055
1385	1055
1413	1055
1208	1059
1255	1059
1072	1063
1142	1063
1160	1063
1287	1063
1303	1063
1363	1063
1390	1063
1415	1063
1470	1063
1103	1071
1262	1071
1399	1071
1414	1071
1098	1072
1142	1072
1160	1072
1287	1072
1363	1072
1390	1072
1415	1072
1470	1072
1088	1076
1145	1081
1212	1084
1309	1084
1104	1088
1139	1088
1148	1088
1160	1088
1172	1088
1241	1088
1260	1088
1282	1088
1287	1088
1409	1088
1417	1088
1291	1094
1101	1095
1267	1095
1427	1095
1112	1098
1136	1098
1160	1098
1252	1098
1334	1098
1363	1098
1390	1098
1172	1099
1267	1101
1427	1101
1399	1103
1414	1103
1112	1104
1120	1104
1139	1104
1148	1104
1172	1104
1241	1104
1252	1104
1260	1104
1282	1104
1287	1104
1323	1104
1385	1104
1393	1104
1409	1104
1417	1104
1120	1112
1136	1112
1139	1112
1160	1112
1213	1112
1252	1112
1258	1112
1260	1112
1282	1112
1287	1112
1334	1112
1363	1112
1373	1112
1385	1112
1393	1112
1409	1112
1413	1112
1417	1112
1352	1115
1441	1115
1136	1120
1173	1120
1228	1120
1252	1120
1260	1120
1282	1120
1334	1120
1373	1120
1385	1120
1393	1120
1413	1120
1161	1124
1244	1126
1244	1127
1150	1128
1298	1129
1382	1131
1252	1136
1260	1136
1282	1136
1334	1136
1373	1136
1385	1136
1393	1136
1409	1136
1413	1136
1417	1136
1148	1139
1172	1139
1240	1139
1241	1139
1258	1139
1260	1139
1282	1139
1287	1139
1397	1139
1409	1139
1417	1139
1459	1139
1390	1142
1470	1142
1172	1148
1241	1148
1260	1148
1282	1148
1287	1148
1398	1148
1260	1156
1282	1156
1172	1160
1282	1160
1287	1160
1342	1160
1363	1160
1380	1160
1390	1160
1409	1160
1415	1160
1470	1160
1318	1168
1319	1168
1322	1168
1464	1168
1488	1168
1325	1170
1241	1172
1260	1172
1282	1172
1287	1172
1393	1172
1409	1172
1228	1173
1282	1173
1385	1173
1303	1178
1312	1184
1462	1184
1269	1186
1261	1188
1451	1188
1237	1189
1473	1200
1361	1206
1255	1208
1321	1208
1309	1212
1364	1212
1363	1213
1337	1221
1365	1221
1260	1228
1282	1228
1385	1228
1393	1228
1260	1240
1260	1241
1282	1241
1287	1241
1466	1251
1260	1252
1282	1252
1334	1252
1363	1252
1373	1252
1385	1252
1393	1252
1409	1252
1413	1252
1297	1253
1321	1255
1260	1258
1282	1258
1397	1258
1409	1258
1282	1260
1287	1260
1373	1260
1385	1260
1393	1260
1397	1260
1409	1260
1413	1260
1417	1260
1451	1261
1335	1262
1427	1267
1294	1281
1287	1282
1334	1282
1363	1282
1373	1282
1385	1282
1393	1282
1397	1282
1409	1282
1413	1282
1417	1282
1487	1282
1342	1287
1363	1287
1380	1287
1390	1287
1393	1287
1409	1287
1415	1287
1417	1287
1470	1287
1363	1303
1390	1303
1364	1309
1414	1310
1319	1318
1322	1318
1464	1318
1488	1318
1322	1319
1347	1319
1431	1319
1464	1319
1488	1319
1347	1322
1431	1322
1464	1322
1488	1322
1373	1334
1385	1334
1393	1334
1409	1334
1413	1334
1365	1337
1390	1342
1431	1347
1464	1347
1441	1352
1373	1363
1390	1363
1393	1363
1415	1363
1470	1363
1385	1373
1409	1373
1413	1373
1387	1383
1393	1385
1409	1385
1413	1385
1459	1385
1415	1390
1470	1390
1409	1393
1413	1393
1459	1393
1414	1399
1458	1399
1413	1409
1417	1409
1458	1414
1470	1415
1459	1417
1436	1429
1464	1431
1488	1464
