2	771
9	87
9	468
9	515
9	866
13	741
13	1450
14	62
14	70
14	176
14	199
14	265
14	363
14	367
14	481
14	504
14	832
14	922
14	960
14	1147
14	1385
14	1440
15	1059
16	596
16	824
16	855
16	984
16	1216
16	1247
16	1343
16	1491
17	693
18	1335
21	1002
21	1207
22	119
22	374
22	679
23	688
23	1246
23	1286
25	577
25	832
25	1029
25	1054
25	1316
25	1440
26	1054
27	550
27	1060
27	1089
27	1266
31	147
32	118
32	1235
35	62
35	199
35	242
35	352
35	375
35	421
35	481
35	482
35	490
35	494
35	495
35	513
35	521
35	528
35	577
35	649
35	789
35	832
35	880
35	922
35	1001
35	1119
35	1171
35	1242
35	1316
35	1416
47	62
47	70
47	102
47	129
47	135
47	139
47	176
47	199
47	223
47	336
47	363
47	371
47	375
47	421
47	481
47	504
47	513
47	528
47	566
47	577
47	595
47	649
47	650
47	789
47	798
47	832
47	880
47	922
47	946
47	962
47	999
47	1099
47	1119
47	1144
47	1192
47	1245
47	1316
47	1385
47	1395
47	1416
47	1422
47	1440
50	690
50	845
52	93
52	115
52	185
52	601
52	641
52	719
52	826
52	876
52	1110
52	1244
52	1338
52	1396
54	116
54	173
54	412
54	493
54	530
54	583
54	662
54	935
54	1220
54	1252
54	1293
54	1403
55	480
55	981
57	630
61	538
61	860
62	102
62	199
62	242
62	352
62	363
62	375
62	421
62	481
62	494
62	495
62	513
62	528
62	577
62	649
62	789
62	832
62	880
62	922
62	1119
62	1144
62	1171
62	1188
62	1192
62	1242
62	1283
62	1316
62	1395
62	1416
62	1440
67	1137
68	236
68	689
68	919
68	1487
69	85
69	1170
70	265
70	367
70	801
70	960
70	1147
70	1316
70	1385
70	1452
72	375
72	481
72	999
73	1240
73	1331
73	1352
76	285
76	954
76	1477
78	199
82	154
82	160
82	271
82	311
82	327
82	335
82	618
82	684
82	877
82	891
82	910
82	1033
82	1046
82	1118
82	1154
85	859
87	515
87	866
89	1246
92	289
92	1452
93	115
93	601
93	641
93	719
93	826
93	837
93	876
93	1110
93	1244
93	1338
93	1347
93	1396
96	225
96	937
96	1458
102	129
102	135
102	176
102	223
102	352
102	363
102	371
102	375
102	421
102	494
102	495
102	513
102	528
102	534
102	574
102	577
102	615
102	798
102	832
102	880
102	922
102	962
102	978
102	999
102	1006
102	1054
102	1099
102	1119
102	1171
102	1192
102	1242
102	1316
102	1347
102	1395
102	1416
102	1460
105	1070
106	1114
112	841
112	1007
112	1255
115	601
115	641
115	719
115	826
115	837
115	876
115	1110
115	1244
115	1338
115	1396
116	173
116	412
116	493
116	530
116	583
116	662
116	935
116	1220
116	1252
116	1293
116	1403
117	316
117	905
117	1320
118	379
119	374
119	679
121	269
121	511
127	260
127	470
127	646
127	788
127	1253
129	135
129	176
129	201
129	277
129	368
129	499
129	534
129	600
129	650
129	691
129	922
129	1029
129	1056
129	1347
132	387
135	176
135	499
135	534
135	600
135	650
135	1054
135	1144
135	1316
138	180
138	878
138	913
138	1144
138	1152
138	1417
138	1445
139	176
139	223
139	237
139	328
139	595
139	798
139	962
139	1144
139	1192
139	1245
139	1446
140	819
140	823
140	992
144	872
144	1023
144	1361
145	400
146	155
146	483
146	567
146	635
146	728
146	892
146	928
146	1077
148	1246
154	160
154	271
154	311
154	327
154	335
154	618
154	684
154	877
154	891
154	910
154	991
154	1033
154	1046
154	1118
154	1154
154	1203
155	483
155	567
155	635
155	728
155	892
155	928
155	1077
160	271
160	311
160	327
160	335
160	618
160	877
160	891
160	910
160	991
160	1033
160	1046
160	1118
160	1154
164	227
164	350
164	433
164	534
164	689
164	950
164	1198
164	1374
164	1485
164	1510
168	1286
170	1182
172	460
173	412
173	493
173	530
173	583
173	662
173	935
173	1220
173	1252
173	1293
175	334
175	872
175	1023
175	1361
176	199
176	223
176	328
176	336
176	371
176	494
176	577
176	595
176	798
176	903
176	913
176	922
176	946
176	962
176	1019
176	1144
176	1147
176	1171
176	1192
176	1245
176	1283
176	1316
176	1375
176	1395
176	1422
176	1440
176	1446
180	269
180	437
180	458
180	471
180	582
180	670
180	700
180	839
180	878
180	913
180	922
180	923
180	983
180	1038
180	1144
180	1152
180	1205
180	1283
180	1417
180	1440
180	1445
180	1462
181	653
181	1440
185	719
185	1244
187	204
187	600
187	864
187	1071
187	1233
187	1444
187	1454
187	1486
193	1016
194	1410
196	1181
196	1263
196	1427
197	263
197	951
197	1405
199	242
199	352
199	363
199	375
199	421
199	481
199	482
199	490
199	494
199	495
199	504
199	513
199	528
199	577
199	582
199	649
199	789
199	795
199	832
199	878
199	880
199	922
199	999
199	1119
199	1144
199	1171
199	1242
199	1274
199	1283
199	1316
199	1416
199	1417
199	1440
201	277
201	691
201	1056
201	1153
202	559
202	570
202	689
202	950
202	990
202	1052
202	1053
202	1514
204	864
204	1071
204	1444
204	1454
204	1486
206	350
206	570
206	571
206	689
206	796
206	950
206	1053
206	1143
206	1198
206	1374
206	1485
206	1510
209	800
209	809
211	322
211	581
211	597
211	611
211	665
211	666
211	1207
211	1299
211	1517
214	507
214	808
215	252
217	254
217	338
217	555
217	757
220	538
220	731
220	849
220	1368
221	435
221	486
221	526
221	717
223	328
223	336
223	371
223	595
223	798
223	903
223	946
223	962
223	1192
223	1245
223	1316
223	1375
223	1395
223	1422
223	1446
224	747
224	895
224	1189
224	1250
224	1321
224	1349
224	1350
224	1353
224	1493
224	1518
225	937
227	350
227	433
227	534
227	1198
227	1374
227	1485
227	1510
228	1483
235	1148
236	347
236	636
236	689
236	919
236	1025
236	1053
236	1123
236	1143
236	1487
238	1289
241	1321
242	352
242	363
242	375
242	421
242	481
242	513
242	528
242	577
242	649
242	789
242	832
242	880
242	922
242	999
242	1119
242	1144
242	1171
242	1242
242	1274
242	1316
242	1416
242	1440
244	501
247	378
247	518
254	555
254	757
260	646
260	788
263	951
263	1405
265	960
265	1147
265	1316
266	506
269	437
269	494
269	511
269	513
269	582
269	626
269	700
269	839
269	922
269	940
269	1152
269	1205
269	1260
269	1417
269	1445
269	1462
271	311
271	327
271	335
271	618
271	684
271	877
271	891
271	910
271	991
271	1033
271	1046
271	1118
271	1154
273	1233
273	1508
274	957
274	1114
275	468
277	691
277	1056
277	1153
279	286
279	502
279	634
279	933
279	1043
279	1068
279	1128
279	1298
279	1394
279	1457
280	727
283	813
283	1189
283	1227
283	1350
283	1461
283	1493
285	954
285	1477
286	502
286	634
286	933
286	1043
286	1068
286	1128
286	1298
286	1394
286	1457
287	1000
288	1334
288	1469
302	801
302	987
302	1362
302	1452
302	1461
307	497
311	327
311	335
311	618
311	684
311	877
311	891
311	910
311	991
311	1033
311	1046
311	1118
311	1154
315	792
315	1000
316	905
316	1320
322	581
322	597
322	611
322	665
322	666
322	1207
322	1299
322	1517
324	1307
325	875
327	335
327	618
327	684
327	877
327	891
327	910
327	991
327	1033
327	1046
327	1118
327	1154
327	1203
328	595
328	798
328	903
328	1192
328	1245
328	1261
328	1316
328	1422
328	1446
335	618
335	684
335	877
335	891
335	910
335	991
335	1033
335	1046
335	1118
335	1154
336	358
336	371
336	402
336	765
336	798
336	903
336	946
336	962
336	1019
336	1174
336	1192
336	1422
336	1446
336	1460
344	1443
347	636
347	919
347	1487
348	595
348	1261
350	433
350	534
350	689
350	950
350	1198
350	1374
350	1485
350	1510
352	363
352	375
352	421
352	481
352	482
352	494
352	504
352	513
352	577
352	789
352	832
352	880
352	922
352	999
352	1119
352	1171
352	1242
352	1272
352	1316
353	607
353	833
353	1398
358	402
358	1422
359	609
359	1334
359	1350
359	1353
363	375
363	481
363	494
363	504
363	513
363	521
363	528
363	577
363	649
363	789
363	832
363	880
363	922
363	999
363	1119
363	1171
363	1316
364	378
364	518
367	960
367	1147
367	1347
367	1385
368	499
371	532
371	595
371	765
371	798
371	903
371	946
371	962
371	1019
371	1174
371	1192
371	1316
371	1422
371	1446
371	1460
374	679
375	421
375	481
375	482
375	490
375	494
375	495
375	504
375	513
375	528
375	577
375	649
375	789
375	832
375	880
375	922
375	1001
375	1017
375	1119
375	1144
375	1171
375	1188
375	1242
375	1283
375	1316
375	1416
375	1417
375	1440
375	1445
378	518
388	724
392	1190
402	1422
403	1158
403	1159
403	1389
404	1214
408	411
408	594
408	629
408	743
408	1151
408	1386
408	1492
411	498
411	620
411	716
411	872
411	1023
411	1151
411	1322
411	1361
411	1492
412	493
412	530
412	583
412	662
412	935
412	1220
412	1252
412	1293
412	1403
417	466
421	481
421	482
421	490
421	494
421	504
421	513
421	528
421	577
421	586
421	649
421	789
421	832
421	880
421	922
421	999
421	1119
421	1171
421	1242
421	1316
421	1416
421	1440
432	958
433	534
433	689
433	950
433	1198
433	1374
433	1485
433	1510
435	526
437	626
437	700
437	839
437	936
437	995
437	1144
437	1152
437	1260
437	1417
437	1462
449	1258
452	491
452	1306
452	1310
457	1172
458	471
458	582
458	670
458	700
458	839
458	878
458	913
458	923
458	1038
458	1144
458	1152
458	1283
458	1417
458	1445
458	1462
461	468
461	771
461	932
461	1167
461	1213
461	1329
462	570
462	950
464	934
465	963
468	515
468	556
468	771
468	838
468	932
468	1089
468	1167
468	1329
468	1356
468	1506
470	646
470	788
470	1253
471	913
471	922
471	923
471	1144
471	1152
471	1417
471	1462
474	538
474	849
474	957
479	1224
480	981
481	490
481	494
481	495
481	504
481	513
481	521
481	528
481	577
481	649
481	789
481	795
481	832
481	880
481	922
481	999
481	1001
481	1006
481	1119
481	1171
481	1242
481	1316
481	1347
481	1416
481	1440
482	490
482	495
482	513
482	577
482	586
482	789
482	851
482	1119
483	567
483	635
483	728
483	892
483	928
483	1077
483	1089
483	1158
483	1250
483	1413
486	526
486	717
490	513
490	789
490	1119
490	1242
491	1060
491	1112
491	1296
491	1306
491	1310
491	1323
493	530
493	583
493	662
493	935
493	1220
493	1252
493	1293
493	1403
494	495
494	504
494	513
494	528
494	577
494	582
494	649
494	789
494	832
494	880
494	922
494	995
494	1006
494	1119
494	1152
494	1171
494	1192
494	1283
494	1316
494	1347
494	1417
494	1462
495	504
495	513
495	577
495	586
495	615
495	649
495	789
495	832
495	880
495	1000
495	1119
495	1171
498	620
498	716
498	872
498	1023
498	1322
498	1361
498	1492
499	534
499	600
499	650
499	736
499	1228
499	1438
501	584
502	634
502	933
502	1043
502	1298
502	1394
502	1457
504	513
504	528
504	577
504	582
504	649
504	670
504	789
504	832
504	880
504	922
504	923
504	1029
504	1054
504	1119
504	1144
504	1171
504	1192
504	1242
504	1274
504	1316
504	1417
504	1440
507	808
508	847
509	989
511	922
511	1119
513	521
513	528
513	577
513	586
513	649
513	789
513	832
513	878
513	880
513	922
513	995
513	999
513	1000
513	1017
513	1062
513	1119
513	1171
513	1242
513	1316
513	1395
513	1416
513	1417
513	1440
515	866
515	1506
521	577
521	789
521	832
521	880
526	553
526	717
527	886
527	979
527	1230
527	1313
528	577
528	649
528	789
528	832
528	839
528	880
528	922
528	999
528	1017
528	1119
528	1144
528	1171
528	1316
528	1417
528	1440
528	1462
530	583
530	662
530	935
530	1220
530	1252
530	1293
530	1403
531	844
532	595
532	946
534	566
534	600
534	650
534	1054
534	1144
534	1190
534	1198
534	1510
538	849
538	957
538	1327
549	690
549	845
550	1266
553	633
553	1461
556	771
556	821
556	1012
556	1016
556	1356
556	1464
559	570
559	689
559	950
559	990
559	1052
559	1053
559	1479
559	1510
559	1514
566	1144
567	635
567	728
567	892
567	928
567	1077
570	689
570	796
570	950
570	990
570	1052
570	1053
570	1374
570	1479
570	1485
570	1510
570	1514
571	689
571	1374
571	1510
574	1146
574	1395
577	649
577	789
577	832
577	880
577	922
577	999
577	1006
577	1029
577	1119
577	1144
577	1171
577	1188
577	1192
577	1242
577	1316
577	1347
577	1416
577	1417
577	1440
581	597
581	611
581	665
581	666
581	1207
581	1299
582	626
582	670
582	700
582	839
582	913
582	922
582	923
582	940
582	1144
582	1152
582	1205
582	1260
582	1283
582	1417
582	1445
582	1462
583	662
583	935
583	1220
583	1252
583	1293
583	1403
586	789
586	1119
589	1500
594	629
594	743
594	1151
594	1386
595	903
595	946
595	1019
595	1119
595	1192
595	1261
595	1316
595	1422
595	1446
596	649
596	824
596	855
596	984
596	1216
596	1247
596	1343
596	1491
597	611
597	665
597	666
597	1207
597	1299
597	1517
600	650
600	1347
601	641
601	719
601	826
601	876
601	1110
601	1244
601	1338
601	1396
607	833
607	1010
607	1398
609	1334
609	1350
609	1353
611	665
611	666
611	1207
611	1299
615	931
618	877
618	891
618	910
618	991
618	1033
618	1046
618	1118
618	1154
620	716
620	872
620	1023
620	1322
620	1361
620	1492
623	687
626	700
626	839
626	940
626	1152
626	1205
626	1260
626	1417
626	1462
629	743
629	1151
629	1386
631	748
631	1439
634	1043
634	1068
634	1128
634	1394
635	728
635	788
635	892
635	928
635	1077
636	689
636	919
636	1053
636	1123
636	1143
638	664
638	1517
641	719
641	826
641	876
641	1110
641	1244
641	1338
641	1347
641	1396
644	955
644	1466
646	788
646	1253
649	789
649	832
649	880
649	922
649	1119
649	1171
649	1316
649	1370
649	1416
649	1440
650	832
650	922
650	1316
653	1359
662	935
662	1220
662	1252
662	1293
662	1403
664	1211
665	666
665	1207
665	1299
666	1299
668	700
668	839
668	940
668	1205
668	1260
668	1417
670	700
670	839
670	878
670	913
670	922
670	923
670	1038
670	1144
670	1152
670	1283
670	1417
670	1440
670	1445
670	1462
681	729
682	1310
683	1350
683	1353
683	1461
684	1033
684	1118
684	1154
688	1246
689	796
689	919
689	950
689	1025
689	1052
689	1053
689	1123
689	1143
689	1198
689	1374
689	1485
689	1487
689	1510
689	1514
690	845
690	939
691	1056
691	1153
693	967
695	1435
696	1011
696	1415
696	1419
698	1188
700	839
700	913
700	923
700	940
700	1144
700	1152
700	1205
700	1260
700	1283
700	1417
700	1445
700	1462
708	838
716	872
716	957
716	1023
716	1151
716	1322
716	1361
716	1492
719	826
719	876
719	1110
719	1244
719	1338
719	1396
723	1326
728	892
728	928
728	1077
728	1413
731	1212
731	1368
741	1450
743	1151
743	1386
747	895
747	1189
747	1250
747	1321
747	1349
747	1353
747	1493
747	1518
748	1439
757	1278
758	1438
760	785
765	946
765	1019
766	1049
771	932
771	1016
771	1167
771	1213
771	1329
771	1356
771	1464
778	1159
780	1169
785	1325
788	1253
789	832
789	880
789	922
789	999
789	1119
789	1171
789	1242
789	1316
789	1347
789	1416
789	1440
793	901
793	1050
795	832
795	880
795	1316
795	1488
796	950
796	1053
796	1143
796	1374
796	1485
796	1510
798	832
798	903
798	946
798	962
798	1019
798	1174
798	1192
798	1315
798	1316
798	1375
798	1395
798	1422
798	1446
798	1460
799	1277
800	809
801	987
801	1147
801	1362
801	1452
807	842
811	919
811	1123
811	1487
813	1189
813	1227
813	1350
813	1353
813	1461
813	1493
815	1231
819	823
819	992
821	1356
821	1464
822	1485
824	855
824	984
824	1216
824	1247
824	1491
826	876
826	1110
826	1244
826	1338
826	1347
826	1396
828	1372
832	880
832	922
832	962
832	999
832	1099
832	1119
832	1171
832	1192
832	1242
832	1316
832	1347
832	1416
832	1460
832	1517
833	1010
833	1398
837	1396
839	913
839	922
839	923
839	1017
839	1144
839	1152
839	1205
839	1260
839	1283
839	1417
839	1440
839	1445
839	1462
841	1007
841	1255
842	1144
845	939
849	940
854	1345
855	984
855	1216
855	1247
855	1491
857	942
858	1206
859	1379
860	1484
861	907
861	1306
861	1310
864	1071
864	1444
864	1454
864	1486
870	1460
872	1023
872	1151
872	1322
872	1361
872	1492
873	921
876	1110
876	1244
876	1338
876	1347
876	1396
877	891
877	910
877	991
877	1033
877	1046
877	1118
877	1154
878	913
878	922
878	923
878	961
878	983
878	1144
878	1152
878	1283
878	1417
878	1445
880	922
880	999
880	1017
880	1119
880	1171
880	1192
880	1242
880	1316
880	1440
886	1230
886	1304
891	910
891	991
891	1033
891	1046
891	1118
891	1154
892	928
892	1077
895	1189
895	1250
895	1321
895	1349
895	1350
895	1353
895	1493
895	1518
901	1050
903	946
903	962
903	1019
903	1192
903	1316
903	1422
905	1320
908	1096
910	991
910	1033
910	1046
910	1118
910	1154
913	922
913	923
913	940
913	983
913	1144
913	1152
913	1283
913	1417
913	1440
913	1445
913	1462
919	950
919	1025
919	1053
919	1123
919	1143
919	1487
922	923
922	961
922	1029
922	1119
922	1144
922	1152
922	1171
922	1188
922	1192
922	1242
922	1274
922	1283
922	1316
922	1395
922	1416
922	1417
922	1440
922	1445
922	1462
923	1038
923	1144
923	1152
923	1274
923	1283
923	1370
923	1417
923	1440
923	1445
923	1462
928	1077
928	1413
932	1167
932	1213
932	1329
933	1128
933	1298
933	1457
935	1220
935	1252
935	1293
935	1403
936	995
936	1260
936	1417
940	957
940	1152
940	1205
940	1260
940	1334
940	1417
946	962
946	1019
946	1192
946	1395
946	1422
946	1446
946	1460
950	990
950	1052
950	1053
950	1123
950	1143
950	1198
950	1374
950	1485
950	1510
950	1514
951	1405
954	1477
955	1459
955	1466
957	1334
960	1147
960	1385
961	1274
961	1283
962	1019
962	1144
962	1174
962	1192
962	1315
962	1316
962	1375
962	1395
962	1422
962	1446
963	1066
963	1201
979	1230
979	1313
983	1144
983	1152
983	1283
983	1395
983	1417
983	1445
984	1216
984	1247
984	1491
987	1362
987	1452
990	1052
991	1033
991	1046
991	1118
991	1154
995	1260
995	1417
999	1119
999	1171
999	1192
999	1242
999	1272
999	1416
1001	1119
1002	1146
1002	1207
1002	1317
1002	1399
1006	1099
1006	1119
1006	1316
1007	1255
1010	1398
1011	1415
1011	1419
1012	1016
1019	1192
1019	1422
1019	1446
1023	1322
1023	1361
1023	1492
1024	1433
1025	1053
1025	1485
1025	1487
1028	1228
1028	1438
1029	1054
1029	1144
1029	1440
1033	1046
1033	1118
1033	1154
1038	1144
1038	1283
1038	1417
1038	1429
1038	1440
1038	1445
1038	1505
1040	1118
1043	1068
1043	1128
1043	1394
1046	1118
1046	1154
1046	1203
1052	1053
1052	1143
1052	1485
1052	1510
1052	1514
1053	1123
1053	1143
1053	1374
1053	1485
1053	1487
1053	1510
1054	1440
1056	1153
1060	1158
1060	1296
1060	1306
1060	1310
1060	1323
1066	1201
1071	1444
1071	1454
1071	1486
1089	1413
1089	1476
1090	1181
1090	1263
1090	1427
1090	1464
1091	1240
1099	1316
1099	1517
1110	1244
1110	1338
1110	1396
1112	1306
1112	1310
1114	1453
1118	1154
1119	1171
1119	1192
1119	1242
1119	1316
1119	1440
1123	1143
1123	1487
1128	1394
1128	1457
1143	1237
1143	1485
1143	1487
1143	1510
1144	1152
1144	1171
1144	1192
1144	1245
1144	1274
1144	1283
1144	1316
1144	1370
1144	1395
1144	1417
1144	1440
1144	1445
1144	1462
1146	1207
1146	1399
1147	1347
1147	1385
1151	1322
1151	1361
1151	1386
1151	1492
1152	1205
1152	1260
1152	1274
1152	1283
1152	1417
1152	1445
1152	1462
1154	1347
1158	1389
1159	1389
1161	1327
1166	1182
1167	1213
1167	1329
1171	1242
1171	1272
1171	1316
1171	1347
1171	1416
1171	1440
1171	1488
1174	1422
1181	1263
1181	1427
1181	1464
1185	1506
1189	1227
1189	1250
1189	1321
1189	1349
1189	1350
1189	1353
1189	1461
1189	1493
1189	1518
1192	1316
1192	1375
1192	1395
1192	1416
1192	1422
1192	1440
1192	1446
1198	1374
1198	1485
1198	1510
1205	1260
1205	1417
1205	1462
1207	1299
1207	1317
1207	1399
1213	1329
1216	1247
1216	1343
1216	1491
1220	1252
1220	1293
1220	1403
1221	1269
1227	1350
1227	1353
1227	1461
1227	1493
1228	1438
1230	1313
1232	1503
1233	1508
1239	1259
1240	1331
1240	1352
1242	1316
1242	1347
1242	1416
1244	1338
1244	1347
1244	1396
1245	1395
1247	1491
1250	1321
1250	1349
1250	1350
1250	1353
1250	1493
1250	1518
1252	1293
1252	1403
1260	1417
1260	1462
1263	1427
1263	1464
1274	1283
1274	1395
1274	1440
1283	1395
1283	1417
1283	1440
1283	1445
1293	1403
1296	1306
1296	1310
1296	1323
1298	1457
1306	1310
1310	1323
1316	1375
1316	1395
1316	1416
1316	1422
1316	1440
1316	1446
1321	1349
1321	1350
1321	1353
1321	1413
1321	1493
1321	1518
1322	1361
1322	1492
1326	1334
1334	1350
1334	1353
1334	1461
1338	1396
1347	1385
1347	1416
1349	1350
1349	1353
1349	1493
1349	1518
1350	1353
1350	1461
1350	1493
1350	1518
1353	1461
1353	1493
1353	1518
1356	1464
1360	1418
1361	1492
1362	1452
1365	1501
1374	1485
1374	1510
1375	1422
1379	1470
1394	1457
1395	1422
1395	1446
1395	1460
1415	1419
1416	1440
1417	1440
1417	1445
1417	1462
1417	1488
1422	1446
1422	1460
1427	1464
1440	1445
1442	1460
1444	1454
1444	1486
1445	1462
1454	1486
1459	1466
1461	1493
1485	1487
1485	1510
1493	1518
1510	1514
771	2
87	9
468	9
515	9
866	9
741	13
1450	13
62	14
70	14
176	14
199	14
265	14
363	14
367	14
481	14
504	14
832	14
922	14
960	14
1147	14
1385	14
1440	14
1059	15
596	16
824	16
855	16
984	16
1216	16
1247	16
1343	16
1491	16
693	17
1335	18
1002	21
1207	21
119	22
374	22
679	22
688	23
1246	23
1286	23
577	25
832	25
1029	25
1054	25
1316	25
1440	25
1054	26
550	27
1060	27
1089	27
1266	27
147	31
118	32
1235	32
62	35
199	35
242	35
352	35
375	35
421	35
481	35
482	35
490	35
494	35
495	35
513	35
521	35
528	35
577	35
649	35
789	35
832	35
880	35
922	35
1001	35
1119	35
1171	35
1242	35
1316	35
1416	35
62	47
70	47
102	47
129	47
135	47
139	47
176	47
199	47
223	47
336	47
363	47
371	47
375	47
421	47
481	47
504	47
513	47
528	47
566	47
577	47
595	47
649	47
650	47
789	47
798	47
832	47
880	47
922	47
946	47
962	47
999	47
1099	47
1119	47
1144	47
1192	47
1245	47
1316	47
1385	47
1395	47
1416	47
1422	47
1440	47
690	50
845	50
93	52
115	52
185	52
601	52
641	52
719	52
826	52
876	52
1110	52
1244	52
1338	52
1396	52
116	54
173	54
412	54
493	54
530	54
583	54
662	54
935	54
1220	54
1252	54
1293	54
1403	54
480	55
981	55
630	57
538	61
860	61
102	62
199	62
242	62
352	62
363	62
375	62
421	62
481	62
494	62
495	62
513	62
528	62
577	62
649	62
789	62
832	62
880	62
922	62
1119	62
1144	62
1171	62
1188	62
1192	62
1242	62
1283	62
1316	62
1395	62
1416	62
1440	62
1137	67
236	68
689	68
919	68
1487	68
85	69
1170	69
265	70
367	70
801	70
960	70
1147	70
1316	70
1385	70
1452	70
375	72
481	72
999	72
1240	73
1331	73
1352	73
285	76
954	76
1477	76
199	78
154	82
160	82
271	82
311	82
327	82
335	82
618	82
684	82
877	82
891	82
910	82
1033	82
1046	82
1118	82
1154	82
859	85
515	87
866	87
1246	89
289	92
1452	92
115	93
601	93
641	93
719	93
826	93
837	93
876	93
1110	93
1244	93
1338	93
1347	93
1396	93
225	96
937	96
1458	96
129	102
135	102
176	102
223	102
352	102
363	102
371	102
375	102
421	102
494	102
495	102
513	102
528	102
534	102
574	102
577	102
615	102
798	102
832	102
880	102
922	102
962	102
978	102
999	102
1006	102
1054	102
1099	102
1119	102
1171	102
1192	102
1242	102
1316	102
1347	102
1395	102
1416	102
1460	102
1070	105
1114	106
841	112
1007	112
1255	112
601	115
641	115
719	115
826	115
837	115
876	115
1110	115
1244	115
1338	115
1396	115
173	116
412	116
493	116
530	116
583	116
662	116
935	116
1220	116
1252	116
1293	116
1403	116
316	117
905	117
1320	117
379	118
374	119
679	119
269	121
511	121
260	127
470	127
646	127
788	127
1253	127
135	129
176	129
201	129
277	129
368	129
499	129
534	129
600	129
650	129
691	129
922	129
1029	129
1056	129
1347	129
387	132
176	135
499	135
534	135
600	135
650	135
1054	135
1144	135
1316	135
180	138
878	138
913	138
1144	138
1152	138
1417	138
1445	138
176	139
223	139
237	139
328	139
595	139
798	139
962	139
1144	139
1192	139
1245	139
1446	139
819	140
823	140
992	140
872	144
1023	144
1361	144
400	145
155	146
483	146
567	146
635	146
728	146
892	146
928	146
1077	146
1246	148
160	154
271	154
311	154
327	154
335	154
618	154
684	154
877	154
891	154
910	154
991	154
1033	154
1046	154
1118	154
1154	154
1203	154
483	155
567	155
635	155
728	155
892	155
928	155
1077	155
271	160
311	160
327	160
335	160
618	160
877	160
891	160
910	160
991	160
1033	160
1046	160
1118	160
1154	160
227	164
350	164
433	164
534	164
689	164
950	164
1198	164
1374	164
1485	164
1510	164
1286	168
1182	170
460	172
412	173
493	173
530	173
583	173
662	173
935	173
1220	173
1252	173
1293	173
334	175
872	175
1023	175
1361	175
199	176
223	176
328	176
336	176
371	176
494	176
577	176
595	176
798	176
903	176
913	176
922	176
946	176
962	176
1019	176
1144	176
1147	176
1171	176
1192	176
1245	176
1283	176
1316	176
1375	176
1395	176
1422	176
1440	176
1446	176
269	180
437	180
458	180
471	180
582	180
670	180
700	180
839	180
878	180
913	180
922	180
923	180
983	180
1038	180
1144	180
1152	180
1205	180
1283	180
1417	180
1440	180
1445	180
1462	180
653	181
1440	181
719	185
1244	185
204	187
600	187
864	187
1071	187
1233	187
1444	187
1454	187
1486	187
1016	193
1410	194
1181	196
1263	196
1427	196
263	197
951	197
1405	197
242	199
352	199
363	199
375	199
421	199
481	199
482	199
490	199
494	199
495	199
504	199
513	199
528	199
577	199
582	199
649	199
789	199
795	199
832	199
878	199
880	199
922	199
999	199
1119	199
1144	199
1171	199
1242	199
1274	199
1283	199
1316	199
1416	199
1417	199
1440	199
277	201
691	201
1056	201
1153	201
559	202
570	202
689	202
950	202
990	202
1052	202
1053	202
1514	202
864	204
1071	204
1444	204
1454	204
1486	204
350	206
570	206
571	206
689	206
796	206
950	206
1053	206
1143	206
1198	206
1374	206
1485	206
1510	206
800	209
809	209
322	211
581	211
597	211
611	211
665	211
666	211
1207	211
1299	211
1517	211
507	214
808	214
252	215
254	217
338	217
555	217
757	217
538	220
731	220
849	220
1368	220
435	221
486	221
526	221
717	221
328	223
336	223
371	223
595	223
798	223
903	223
946	223
962	223
1192	223
1245	223
1316	223
1375	223
1395	223
1422	223
1446	223
747	224
895	224
1189	224
1250	224
1321	224
1349	224
1350	224
1353	224
1493	224
1518	224
937	225
350	227
433	227
534	227
1198	227
1374	227
1485	227
1510	227
1483	228
1148	235
347	236
636	236
689	236
919	236
1025	236
1053	236
1123	236
1143	236
1487	236
1289	238
1321	241
352	242
363	242
375	242
421	242
481	242
513	242
528	242
577	242
649	242
789	242
832	242
880	242
922	242
999	242
1119	242
1144	242
1171	242
1242	242
1274	242
1316	242
1416	242
1440	242
501	244
378	247
518	247
555	254
757	254
646	260
788	260
951	263
1405	263
960	265
1147	265
1316	265
506	266
437	269
494	269
511	269
513	269
582	269
626	269
700	269
839	269
922	269
940	269
1152	269
1205	269
1260	269
1417	269
1445	269
1462	269
311	271
327	271
335	271
618	271
684	271
877	271
891	271
910	271
991	271
1033	271
1046	271
1118	271
1154	271
1233	273
1508	273
957	274
1114	274
468	275
691	277
1056	277
1153	277
286	279
502	279
634	279
933	279
1043	279
1068	279
1128	279
1298	279
1394	279
1457	279
727	280
813	283
1189	283
1227	283
1350	283
1461	283
1493	283
954	285
1477	285
502	286
634	286
933	286
1043	286
1068	286
1128	286
1298	286
1394	286
1457	286
1000	287
1334	288
1469	288
801	302
987	302
1362	302
1452	302
1461	302
497	307
327	311
335	311
618	311
684	311
877	311
891	311
910	311
991	311
1033	311
1046	311
1118	311
1154	311
792	315
1000	315
905	316
1320	316
581	322
597	322
611	322
665	322
666	322
1207	322
1299	322
1517	322
1307	324
875	325
335	327
618	327
684	327
877	327
891	327
910	327
991	327
1033	327
1046	327
1118	327
1154	327
1203	327
595	328
798	328
903	328
1192	328
1245	328
1261	328
1316	328
1422	328
1446	328
618	335
684	335
877	335
891	335
910	335
991	335
1033	335
1046	335
1118	335
1154	335
358	336
371	336
402	336
765	336
798	336
903	336
946	336
962	336
1019	336
1174	336
1192	336
1422	336
1446	336
1460	336
1443	344
636	347
919	347
1487	347
595	348
1261	348
433	350
534	350
689	350
950	350
1198	350
1374	350
1485	350
1510	350
363	352
375	352
421	352
481	352
482	352
494	352
504	352
513	352
577	352
789	352
832	352
880	352
922	352
999	352
1119	352
1171	352
1242	352
1272	352
1316	352
607	353
833	353
1398	353
402	358
1422	358
609	359
1334	359
1350	359
1353	359
375	363
481	363
494	363
504	363
513	363
521	363
528	363
577	363
649	363
789	363
832	363
880	363
922	363
999	363
1119	363
1171	363
1316	363
378	364
518	364
960	367
1147	367
1347	367
1385	367
499	368
532	371
595	371
765	371
798	371
903	371
946	371
962	371
1019	371
1174	371
1192	371
1316	371
1422	371
1446	371
1460	371
679	374
421	375
481	375
482	375
490	375
494	375
495	375
504	375
513	375
528	375
577	375
649	375
789	375
832	375
880	375
922	375
1001	375
1017	375
1119	375
1144	375
1171	375
1188	375
1242	375
1283	375
1316	375
1416	375
1417	375
1440	375
1445	375
518	378
724	388
1190	392
1422	402
1158	403
1159	403
1389	403
1214	404
411	408
594	408
629	408
743	408
1151	408
1386	408
1492	408
498	411
620	411
716	411
872	411
1023	411
1151	411
1322	411
1361	411
1492	411
493	412
530	412
583	412
662	412
935	412
1220	412
1252	412
1293	412
1403	412
466	417
481	421
482	421
490	421
494	421
504	421
513	421
528	421
577	421
586	421
649	421
789	421
832	421
880	421
922	421
999	421
1119	421
1171	421
1242	421
1316	421
1416	421
1440	421
958	432
534	433
689	433
950	433
1198	433
1374	433
1485	433
1510	433
526	435
626	437
700	437
839	437
936	437
995	437
1144	437
1152	437
1260	437
1417	437
1462	437
1258	449
491	452
1306	452
1310	452
1172	457
471	458
582	458
670	458
700	458
839	458
878	458
913	458
923	458
1038	458
1144	458
1152	458
1283	458
1417	458
1445	458
1462	458
468	461
771	461
932	461
1167	461
1213	461
1329	461
570	462
950	462
934	464
963	465
515	468
556	468
771	468
838	468
932	468
1089	468
1167	468
1329	468
1356	468
1506	468
646	470
788	470
1253	470
913	471
922	471
923	471
1144	471
1152	471
1417	471
1462	471
538	474
849	474
957	474
1224	479
981	480
490	481
494	481
495	481
504	481
513	481
521	481
528	481
577	481
649	481
789	481
795	481
832	481
880	481
922	481
999	481
1001	481
1006	481
1119	481
1171	481
1242	481
1316	481
1347	481
1416	481
1440	481
490	482
495	482
513	482
577	482
586	482
789	482
851	482
1119	482
567	483
635	483
728	483
892	483
928	483
1077	483
1089	483
1158	483
1250	483
1413	483
526	486
717	486
513	490
789	490
1119	490
1242	490
1060	491
1112	491
1296	491
1306	491
1310	491
1323	491
530	493
583	493
662	493
935	493
1220	493
1252	493
1293	493
1403	493
495	494
504	494
513	494
528	494
577	494
582	494
649	494
789	494
832	494
880	494
922	494
995	494
1006	494
1119	494
1152	494
1171	494
1192	494
1283	494
1316	494
1347	494
1417	494
1462	494
504	495
513	495
577	495
586	495
615	495
649	495
789	495
832	495
880	495
1000	495
1119	495
1171	495
620	498
716	498
872	498
1023	498
1322	498
1361	498
1492	498
534	499
600	499
650	499
736	499
1228	499
1438	499
584	501
634	502
933	502
1043	502
1298	502
1394	502
1457	502
513	504
528	504
577	504
582	504
649	504
670	504
789	504
832	504
880	504
922	504
923	504
1029	504
1054	504
1119	504
1144	504
1171	504
1192	504
1242	504
1274	504
1316	504
1417	504
1440	504
808	507
847	508
989	509
922	511
1119	511
521	513
528	513
577	513
586	513
649	513
789	513
832	513
878	513
880	513
922	513
995	513
999	513
1000	513
1017	513
1062	513
1119	513
1171	513
1242	513
1316	513
1395	513
1416	513
1417	513
1440	513
866	515
1506	515
577	521
789	521
832	521
880	521
553	526
717	526
886	527
979	527
1230	527
1313	527
577	528
649	528
789	528
832	528
839	528
880	528
922	528
999	528
1017	528
1119	528
1144	528
1171	528
1316	528
1417	528
1440	528
1462	528
583	530
662	530
935	530
1220	530
1252	530
1293	530
1403	530
844	531
595	532
946	532
566	534
600	534
650	534
1054	534
1144	534
1190	534
1198	534
1510	534
849	538
957	538
1327	538
690	549
845	549
1266	550
633	553
1461	553
771	556
821	556
1012	556
1016	556
1356	556
1464	556
570	559
689	559
950	559
990	559
1052	559
1053	559
1479	559
1510	559
1514	559
1144	566
635	567
728	567
892	567
928	567
1077	567
689	570
796	570
950	570
990	570
1052	570
1053	570
1374	570
1479	570
1485	570
1510	570
1514	570
689	571
1374	571
1510	571
1146	574
1395	574
649	577
789	577
832	577
880	577
922	577
999	577
1006	577
1029	577
1119	577
1144	577
1171	577
1188	577
1192	577
1242	577
1316	577
1347	577
1416	577
1417	577
1440	577
597	581
611	581
665	581
666	581
1207	581
1299	581
626	582
670	582
700	582
839	582
913	582
922	582
923	582
940	582
1144	582
1152	582
1205	582
1260	582
1283	582
1417	582
1445	582
1462	582
662	583
935	583
1220	583
1252	583
1293	583
1403	583
789	586
1119	586
1500	589
629	594
743	594
1151	594
1386	594
903	595
946	595
1019	595
1119	595
1192	595
1261	595
1316	595
1422	595
1446	595
649	596
824	596
855	596
984	596
1216	596
1247	596
1343	596
1491	596
611	597
665	597
666	597
1207	597
1299	597
1517	597
650	600
1347	600
641	601
719	601
826	601
876	601
1110	601
1244	601
1338	601
1396	601
833	607
1010	607
1398	607
1334	609
1350	609
1353	609
665	611
666	611
1207	611
1299	611
931	615
877	618
891	618
910	618
991	618
1033	618
1046	618
1118	618
1154	618
716	620
872	620
1023	620
1322	620
1361	620
1492	620
687	623
700	626
839	626
940	626
1152	626
1205	626
1260	626
1417	626
1462	626
743	629
1151	629
1386	629
748	631
1439	631
1043	634
1068	634
1128	634
1394	634
728	635
788	635
892	635
928	635
1077	635
689	636
919	636
1053	636
1123	636
1143	636
664	638
1517	638
719	641
826	641
876	641
1110	641
1244	641
1338	641
1347	641
1396	641
955	644
1466	644
788	646
1253	646
789	649
832	649
880	649
922	649
1119	649
1171	649
1316	649
1370	649
1416	649
1440	649
832	650
922	650
1316	650
1359	653
935	662
1220	662
1252	662
1293	662
1403	662
1211	664
666	665
1207	665
1299	665
1299	666
700	668
839	668
940	668
1205	668
1260	668
1417	668
700	670
839	670
878	670
913	670
922	670
923	670
1038	670
1144	670
1152	670
1283	670
1417	670
1440	670
1445	670
1462	670
729	681
1310	682
1350	683
1353	683
1461	683
1033	684
1118	684
1154	684
1246	688
796	689
919	689
950	689
1025	689
1052	689
1053	689
1123	689
1143	689
1198	689
1374	689
1485	689
1487	689
1510	689
1514	689
845	690
939	690
1056	691
1153	691
967	693
1435	695
1011	696
1415	696
1419	696
1188	698
839	700
913	700
923	700
940	700
1144	700
1152	700
1205	700
1260	700
1283	700
1417	700
1445	700
1462	700
838	708
872	716
957	716
1023	716
1151	716
1322	716
1361	716
1492	716
826	719
876	719
1110	719
1244	719
1338	719
1396	719
1326	723
892	728
928	728
1077	728
1413	728
1212	731
1368	731
1450	741
1151	743
1386	743
895	747
1189	747
1250	747
1321	747
1349	747
1353	747
1493	747
1518	747
1439	748
1278	757
1438	758
785	760
946	765
1019	765
1049	766
932	771
1016	771
1167	771
1213	771
1329	771
1356	771
1464	771
1159	778
1169	780
1325	785
1253	788
832	789
880	789
922	789
999	789
1119	789
1171	789
1242	789
1316	789
1347	789
1416	789
1440	789
901	793
1050	793
832	795
880	795
1316	795
1488	795
950	796
1053	796
1143	796
1374	796
1485	796
1510	796
832	798
903	798
946	798
962	798
1019	798
1174	798
1192	798
1315	798
1316	798
1375	798
1395	798
1422	798
1446	798
1460	798
1277	799
809	800
987	801
1147	801
1362	801
1452	801
842	807
919	811
1123	811
1487	811
1189	813
1227	813
1350	813
1353	813
1461	813
1493	813
1231	815
823	819
992	819
1356	821
1464	821
1485	822
855	824
984	824
1216	824
1247	824
1491	824
876	826
1110	826
1244	826
1338	826
1347	826
1396	826
1372	828
880	832
922	832
962	832
999	832
1099	832
1119	832
1171	832
1192	832
1242	832
1316	832
1347	832
1416	832
1460	832
1517	832
1010	833
1398	833
1396	837
913	839
922	839
923	839
1017	839
1144	839
1152	839
1205	839
1260	839
1283	839
1417	839
1440	839
1445	839
1462	839
1007	841
1255	841
1144	842
939	845
940	849
1345	854
984	855
1216	855
1247	855
1491	855
942	857
1206	858
1379	859
1484	860
907	861
1306	861
1310	861
1071	864
1444	864
1454	864
1486	864
1460	870
1023	872
1151	872
1322	872
1361	872
1492	872
921	873
1110	876
1244	876
1338	876
1347	876
1396	876
891	877
910	877
991	877
1033	877
1046	877
1118	877
1154	877
913	878
922	878
923	878
961	878
983	878
1144	878
1152	878
1283	878
1417	878
1445	878
922	880
999	880
1017	880
1119	880
1171	880
1192	880
1242	880
1316	880
1440	880
1230	886
1304	886
910	891
991	891
1033	891
1046	891
1118	891
1154	891
928	892
1077	892
1189	895
1250	895
1321	895
1349	895
1350	895
1353	895
1493	895
1518	895
1050	901
946	903
962	903
1019	903
1192	903
1316	903
1422	903
1320	905
1096	908
991	910
1033	910
1046	910
1118	910
1154	910
922	913
923	913
940	913
983	913
1144	913
1152	913
1283	913
1417	913
1440	913
1445	913
1462	913
950	919
1025	919
1053	919
1123	919
1143	919
1487	919
923	922
961	922
1029	922
1119	922
1144	922
1152	922
1171	922
1188	922
1192	922
1242	922
1274	922
1283	922
1316	922
1395	922
1416	922
1417	922
1440	922
1445	922
1462	922
1038	923
1144	923
1152	923
1274	923
1283	923
1370	923
1417	923
1440	923
1445	923
1462	923
1077	928
1413	928
1167	932
1213	932
1329	932
1128	933
1298	933
1457	933
1220	935
1252	935
1293	935
1403	935
995	936
1260	936
1417	936
957	940
1152	940
1205	940
1260	940
1334	940
1417	940
962	946
1019	946
1192	946
1395	946
1422	946
1446	946
1460	946
990	950
1052	950
1053	950
1123	950
1143	950
1198	950
1374	950
1485	950
1510	950
1514	950
1405	951
1477	954
1459	955
1466	955
1334	957
1147	960
1385	960
1274	961
1283	961
1019	962
1144	962
1174	962
1192	962
1315	962
1316	962
1375	962
1395	962
1422	962
1446	962
1066	963
1201	963
1230	979
1313	979
1144	983
1152	983
1283	983
1395	983
1417	983
1445	983
1216	984
1247	984
1491	984
1362	987
1452	987
1052	990
1033	991
1046	991
1118	991
1154	991
1260	995
1417	995
1119	999
1171	999
1192	999
1242	999
1272	999
1416	999
1119	1001
1146	1002
1207	1002
1317	1002
1399	1002
1099	1006
1119	1006
1316	1006
1255	1007
1398	1010
1415	1011
1419	1011
1016	1012
1192	1019
1422	1019
1446	1019
1322	1023
1361	1023
1492	1023
1433	1024
1053	1025
1485	1025
1487	1025
1228	1028
1438	1028
1054	1029
1144	1029
1440	1029
1046	1033
1118	1033
1154	1033
1144	1038
1283	1038
1417	1038
1429	1038
1440	1038
1445	1038
1505	1038
1118	1040
1068	1043
1128	1043
1394	1043
1118	1046
1154	1046
1203	1046
1053	1052
1143	1052
1485	1052
1510	1052
1514	1052
1123	1053
1143	1053
1374	1053
1485	1053
1487	1053
1510	1053
1440	1054
1153	1056
1158	1060
1296	1060
1306	1060
1310	1060
1323	1060
1201	1066
1444	1071
1454	1071
1486	1071
1413	1089
1476	1089
1181	1090
1263	1090
1427	1090
1464	1090
1240	1091
1316	1099
1517	1099
1244	1110
1338	1110
1396	1110
1306	1112
1310	1112
1453	1114
1154	1118
1171	1119
1192	1119
1242	1119
1316	1119
1440	1119
1143	1123
1487	1123
1394	1128
1457	1128
1237	1143
1485	1143
1487	1143
1510	1143
1152	1144
1171	1144
1192	1144
1245	1144
1274	1144
1283	1144
1316	1144
1370	1144
1395	1144
1417	1144
1440	1144
1445	1144
1462	1144
1207	1146
1399	1146
1347	1147
1385	1147
1322	1151
1361	1151
1386	1151
1492	1151
1205	1152
1260	1152
1274	1152
1283	1152
1417	1152
1445	1152
1462	1152
1347	1154
1389	1158
1389	1159
1327	1161
1182	1166
1213	1167
1329	1167
1242	1171
1272	1171
1316	1171
1347	1171
1416	1171
1440	1171
1488	1171
1422	1174
1263	1181
1427	1181
1464	1181
1506	1185
1227	1189
1250	1189
1321	1189
1349	1189
1350	1189
1353	1189
1461	1189
1493	1189
1518	1189
1316	1192
1375	1192
1395	1192
1416	1192
1422	1192
1440	1192
1446	1192
1374	1198
1485	1198
1510	1198
1260	1205
1417	1205
1462	1205
1299	1207
1317	1207
1399	1207
1329	1213
1247	1216
1343	1216
1491	1216
1252	1220
1293	1220
1403	1220
1269	1221
1350	1227
1353	1227
1461	1227
1493	1227
1438	1228
1313	1230
1503	1232
1508	1233
1259	1239
1331	1240
1352	1240
1316	1242
1347	1242
1416	1242
1338	1244
1347	1244
1396	1244
1395	1245
1491	1247
1321	1250
1349	1250
1350	1250
1353	1250
1493	1250
1518	1250
1293	1252
1403	1252
1417	1260
1462	1260
1427	1263
1464	1263
1283	1274
1395	1274
1440	1274
1395	1283
1417	1283
1440	1283
1445	1283
1403	1293
1306	1296
1310	1296
1323	1296
1457	1298
1310	1306
1323	1310
1375	1316
1395	1316
1416	1316
1422	1316
1440	1316
1446	1316
1349	1321
1350	1321
1353	1321
1413	1321
1493	1321
1518	1321
1361	1322
1492	1322
1334	1326
1350	1334
1353	1334
1461	1334
1396	1338
1385	1347
1416	1347
1350	1349
1353	1349
1493	1349
1518	1349
1353	1350
1461	1350
1493	1350
1518	1350
1461	1353
1493	1353
1518	1353
1464	1356
1418	1360
1492	1361
1452	1362
1501	1365
1485	1374
1510	1374
1422	1375
1470	1379
1457	1394
1422	1395
1446	1395
1460	1395
1419	1415
1440	1416
1440	1417
1445	1417
1462	1417
1488	1417
1446	1422
1460	1422
1464	1427
1445	1440
1460	1442
1454	1444
1486	1444
1462	1445
1486	1454
1466	1459
1493	1461
1487	1485
1510	1485
1518	1493
1514	1510
