1	9
2	363
4	18
4	348
4	650
4	662
5	393
6	31
6	183
6	263
6	419
6	437
6	613
6	710
6	750
6	796
8	368
10	61
10	189
10	358
12	301
12	373
12	544
12	562
12	606
12	711
14	285
14	565
15	51
15	70
15	114
15	121
15	217
15	302
15	308
15	309
15	407
15	468
15	477
15	491
15	499
15	501
15	507
15	541
15	589
15	591
15	711
15	718
15	769
15	781
15	810
18	348
18	650
18	662
19	749
21	29
21	31
21	103
21	177
21	249
21	273
21	301
21	340
21	414
21	457
21	550
21	562
21	567
21	598
21	606
21	696
21	710
21	711
21	765
24	822
25	647
29	31
29	103
29	177
29	249
29	301
29	414
29	457
29	550
29	562
29	567
29	598
29	696
29	710
29	711
30	282
30	449
31	44
31	51
31	103
31	177
31	183
31	301
31	340
31	414
31	419
31	437
31	457
31	472
31	550
31	562
31	567
31	598
31	606
31	610
31	636
31	696
31	710
31	711
31	765
37	143
37	328
37	332
37	787
38	341
38	710
44	128
44	263
44	301
44	437
44	476
44	567
44	582
44	610
44	616
44	687
44	710
44	772
44	779
47	115
47	289
47	294
47	412
47	427
47	656
47	713
47	729
47	747
47	806
47	819
47	821
49	520
49	737
51	68
51	103
51	114
51	177
51	183
51	298
51	301
51	302
51	321
51	419
51	437
51	457
51	499
51	501
51	562
51	567
51	598
51	606
51	696
51	710
51	711
51	718
51	765
51	772
53	571
56	79
56	246
56	460
56	463
56	532
56	588
56	682
56	729
56	742
59	85
59	168
59	345
59	653
59	723
61	189
61	358
64	329
64	776
67	302
68	103
68	260
68	272
68	313
68	419
68	437
68	496
68	602
68	610
68	711
68	772
70	114
70	121
70	217
70	309
70	437
70	477
70	496
70	499
70	501
70	591
70	610
70	669
70	781
70	810
71	122
71	357
71	429
78	83
78	137
78	153
78	169
78	188
78	323
78	400
78	462
78	522
78	547
78	556
78	643
78	657
78	719
79	463
79	532
79	575
79	579
79	588
83	137
83	153
83	169
83	188
83	323
83	400
83	462
83	522
83	547
83	556
83	657
83	719
84	135
84	208
84	327
84	372
84	489
84	490
84	645
84	766
84	792
85	168
85	345
85	653
85	723
87	219
87	237
87	279
88	236
88	403
93	146
93	382
93	433
96	498
98	761
101	177
103	177
103	183
103	202
103	249
103	263
103	272
103	273
103	292
103	301
103	340
103	414
103	419
103	437
103	457
103	550
103	562
103	567
103	592
103	598
103	602
103	606
103	696
103	710
103	711
103	772
104	139
108	311
108	652
108	683
108	820
109	268
112	282
112	741
114	217
114	302
114	308
114	309
114	407
114	437
114	468
114	477
114	491
114	499
114	501
114	589
114	591
114	669
114	711
114	744
114	769
114	781
114	810
115	713
115	729
115	806
115	819
115	821
122	357
122	429
125	271
128	132
128	208
128	263
128	456
128	472
128	476
128	480
128	483
128	582
128	610
128	616
128	687
128	710
128	728
128	766
128	772
128	779
132	208
132	301
132	472
132	476
132	480
132	582
132	610
132	616
132	728
132	779
132	792
135	208
135	327
135	372
135	472
135	490
135	616
135	645
135	710
135	766
135	779
135	792
137	153
137	169
137	188
137	323
137	400
137	462
137	522
137	547
137	556
137	657
137	719
138	660
138	742
138	816
143	328
143	332
143	787
145	414
145	606
146	172
146	173
146	275
146	314
146	322
146	336
146	382
146	433
146	596
146	639
146	753
146	768
149	519
149	738
151	373
153	169
153	188
153	323
153	400
153	462
153	522
153	547
153	556
153	657
153	663
153	719
154	223
154	253
154	380
154	664
154	751
155	290
156	417
158	388
161	707
166	310
166	461
166	651
168	345
168	653
168	723
169	188
169	323
169	400
169	462
169	522
169	547
169	556
169	657
169	663
169	719
172	173
172	275
172	314
172	322
172	336
172	382
172	433
172	596
172	639
172	753
172	768
173	275
173	314
173	322
173	336
173	382
173	433
173	596
173	639
173	753
173	768
176	227
176	303
176	409
177	183
177	249
177	263
177	301
177	414
177	419
177	457
177	550
177	562
177	567
177	598
177	606
177	696
177	710
177	711
177	733
177	772
179	206
179	308
179	407
179	589
179	769
183	263
183	273
183	301
183	340
183	341
183	414
183	419
183	457
183	550
183	562
183	567
183	598
183	606
183	696
183	710
183	711
183	772
185	260
188	323
188	400
188	462
188	547
188	556
188	657
188	663
188	719
189	358
191	469
191	569
193	348
193	650
198	297
198	415
198	502
198	570
200	288
200	638
200	794
205	341
205	437
205	562
205	710
205	803
206	308
206	589
206	769
208	301
208	327
208	341
208	372
208	456
208	472
208	476
208	480
208	483
208	490
208	551
208	582
208	610
208	616
208	645
208	696
208	710
208	728
208	766
208	772
208	779
208	792
209	423
210	587
213	241
217	302
217	308
217	309
217	407
217	468
217	477
217	491
217	499
217	501
217	507
217	541
217	589
217	591
217	711
217	769
217	781
217	810
218	511
219	237
219	279
223	664
225	309
227	409
228	332
229	478
230	674
231	566
231	623
233	260
233	272
233	313
234	388
236	403
237	279
243	579
245	282
249	301
249	414
249	550
249	598
249	606
249	696
253	380
253	664
253	751
254	302
254	376
254	542
254	565
254	700
254	709
260	313
260	391
260	419
260	496
263	301
263	340
263	414
263	419
263	437
263	457
263	472
263	483
263	544
263	550
263	562
263	567
263	592
263	598
263	606
263	610
263	687
263	696
263	710
263	711
263	728
263	766
265	521
266	277
266	658
272	419
272	437
272	481
272	501
272	591
272	710
272	711
272	744
272	772
273	301
273	414
273	457
273	567
273	606
273	710
275	314
275	322
275	336
275	382
275	433
275	596
275	639
275	753
275	768
277	658
280	442
288	638
288	794
289	294
289	819
290	799
292	414
292	457
292	696
293	610
293	710
294	819
297	415
297	502
297	570
298	612
301	340
301	414
301	419
301	437
301	457
301	472
301	544
301	550
301	562
301	567
301	592
301	598
301	606
301	610
301	636
301	696
301	710
301	711
301	726
301	733
301	765
301	766
301	772
302	308
302	376
302	407
302	437
302	491
302	499
302	501
302	507
302	541
302	589
302	591
302	610
302	709
302	710
302	711
302	769
302	781
302	810
303	409
308	407
308	477
308	491
308	499
308	501
308	507
308	589
308	591
308	769
308	781
308	810
309	468
309	477
309	491
309	499
309	541
309	589
309	598
309	711
309	769
309	781
309	810
310	340
310	461
310	550
310	651
311	652
311	683
311	820
313	419
314	336
314	382
314	433
314	596
314	639
314	753
314	768
318	535
322	336
322	382
322	433
322	596
322	639
322	768
323	400
323	462
323	522
323	547
323	556
323	657
327	372
327	490
327	616
327	645
327	710
327	766
327	792
328	345
328	653
328	787
329	776
330	467
330	559
333	614
334	349
334	405
334	820
336	382
336	433
336	596
336	639
336	753
336	768
340	414
340	419
340	437
340	457
340	461
340	550
340	562
340	567
340	592
340	598
340	606
340	696
340	710
340	711
340	765
341	437
341	457
341	598
341	610
341	696
341	710
341	711
341	766
341	820
345	653
345	723
348	650
348	662
349	649
354	496
354	669
357	429
359	388
360	747
360	819
372	472
372	476
372	480
372	483
372	490
372	582
372	610
372	616
372	645
372	696
372	710
372	728
372	766
372	779
372	792
373	544
373	592
376	381
376	450
376	542
376	565
376	700
376	709
380	664
380	751
381	607
381	671
381	678
381	794
382	433
382	596
382	639
382	753
382	768
397	817
400	462
400	522
400	547
400	556
400	657
400	719
407	477
407	491
407	499
407	501
407	507
407	541
407	589
407	591
407	769
407	781
407	810
412	427
412	656
412	747
412	806
412	819
414	419
414	457
414	550
414	562
414	567
414	592
414	598
414	606
414	667
414	696
414	710
414	711
414	733
414	765
415	502
415	570
418	467
418	559
419	437
419	457
419	496
419	501
419	550
419	555
419	562
419	567
419	598
419	602
419	606
419	696
419	710
419	711
419	772
424	699
427	656
427	747
427	806
427	819
433	596
433	639
433	753
433	768
437	496
437	499
437	501
437	562
437	567
437	589
437	591
437	606
437	610
437	669
437	696
437	710
437	711
437	765
437	772
437	781
437	810
450	709
456	472
456	476
456	483
456	582
456	610
456	616
456	696
456	710
456	728
456	766
456	772
456	779
457	550
457	555
457	562
457	567
457	592
457	598
457	606
457	667
457	696
457	710
457	711
460	532
460	579
460	588
460	742
461	651
462	522
462	547
462	556
462	657
463	532
463	575
463	579
463	588
466	526
467	559
468	477
468	491
468	499
468	501
468	541
468	589
468	591
468	711
468	769
468	810
469	569
472	476
472	483
472	610
472	616
472	696
472	710
472	711
472	728
472	766
472	772
472	792
476	480
476	483
476	490
476	582
476	610
476	616
476	696
476	710
476	728
476	766
476	772
476	779
476	792
477	491
477	499
477	501
477	507
477	541
477	589
477	769
477	781
477	810
480	483
480	551
480	582
480	606
480	610
480	616
480	710
480	728
480	766
480	779
483	551
483	582
483	610
483	616
483	687
483	696
483	710
483	728
483	766
483	772
483	779
483	792
489	696
489	766
490	577
490	616
490	645
490	766
491	499
491	501
491	507
491	541
491	589
491	591
491	718
491	769
491	781
491	810
496	501
496	610
496	614
496	669
496	710
499	501
499	507
499	541
499	589
499	591
499	711
499	718
499	744
499	769
499	781
499	810
501	507
501	541
501	550
501	589
501	591
501	610
501	630
501	711
501	744
501	769
501	781
501	810
502	570
507	541
507	589
507	591
507	630
507	769
507	781
507	810
519	738
520	737
522	547
522	556
522	657
532	575
532	579
532	588
538	820
541	589
541	769
541	781
541	810
542	700
542	709
544	567
544	610
544	772
547	556
547	657
547	663
547	719
550	562
550	567
550	592
550	598
550	606
550	610
550	687
550	696
550	710
550	711
550	765
550	772
551	582
551	606
551	610
551	696
551	710
551	728
551	766
551	772
551	779
555	562
555	711
556	643
556	657
557	711
562	567
562	592
562	598
562	606
562	610
562	696
562	710
562	711
562	765
565	700
565	709
566	623
567	592
567	598
567	606
567	610
567	616
567	636
567	687
567	696
567	710
567	711
567	733
567	765
567	766
575	579
575	588
579	588
581	661
582	610
582	616
582	696
582	710
582	728
582	766
582	779
582	792
589	591
589	630
589	711
589	718
589	769
589	781
589	810
591	630
591	711
591	769
591	781
591	810
592	598
592	606
592	696
592	710
592	711
592	765
596	639
596	768
598	606
598	667
598	696
598	710
598	711
606	610
606	616
606	667
606	687
606	696
606	710
606	711
606	728
606	733
606	765
606	766
606	772
607	671
607	678
610	616
610	669
610	687
610	696
610	710
610	711
610	728
610	766
610	772
610	779
610	792
613	750
613	796
616	645
616	687
616	696
616	710
616	728
616	766
616	772
616	779
616	792
630	769
630	810
636	696
636	710
638	794
639	753
639	768
645	710
645	766
645	792
650	662
652	683
653	723
656	747
656	806
656	819
657	663
657	719
659	813
660	816
664	751
665	731
671	678
671	794
678	794
687	696
687	710
687	728
687	772
696	710
696	711
696	728
696	765
696	766
696	772
696	779
696	792
696	800
700	709
710	711
710	728
710	765
710	766
710	772
710	779
710	792
710	820
711	744
711	765
711	769
711	772
711	781
711	810
713	729
713	742
713	806
713	819
713	821
718	769
728	766
728	772
728	779
728	792
729	806
729	819
729	821
744	769
747	806
747	819
750	796
753	768
766	772
766	779
766	792
766	803
769	781
769	810
772	779
772	792
772	803
779	792
781	810
806	819
806	821
819	821
9	1
363	2
18	4
348	4
650	4
662	4
393	5
31	6
183	6
263	6
419	6
437	6
613	6
710	6
750	6
796	6
368	8
61	10
189	10
358	10
301	12
373	12
544	12
562	12
606	12
711	12
285	14
565	14
51	15
70	15
114	15
121	15
217	15
302	15
308	15
309	15
407	15
468	15
477	15
491	15
499	15
501	15
507	15
541	15
589	15
591	15
711	15
718	15
769	15
781	15
810	15
348	18
650	18
662	18
749	19
29	21
31	21
103	21
177	21
249	21
273	21
301	21
340	21
414	21
457	21
550	21
562	21
567	21
598	21
606	21
696	21
710	21
711	21
765	21
822	24
647	25
31	29
103	29
177	29
249	29
301	29
414	29
457	29
550	29
562	29
567	29
598	29
696	29
710	29
711	29
282	30
449	30
44	31
51	31
103	31
177	31
183	31
301	31
340	31
414	31
419	31
437	31
457	31
472	31
550	31
562	31
567	31
598	31
606	31
610	31
636	31
696	31
710	31
711	31
765	31
143	37
328	37
332	37
787	37
341	38
710	38
128	44
263	44
301	44
437	44
476	44
567	44
582	44
610	44
616	44
687	44
710	44
772	44
779	44
115	47
289	47
294	47
412	47
427	47
656	47
713	47
729	47
747	47
806	47
819	47
821	47
520	49
737	49
68	51
103	51
114	51
177	51
183	51
298	51
301	51
302	51
321	51
419	51
437	51
457	51
499	51
501	51
562	51
567	51
598	51
606	51
696	51
710	51
711	51
718	51
765	51
772	51
571	53
79	56
246	56
460	56
463	56
532	56
588	56
682	56
729	56
742	56
85	59
168	59
345	59
653	59
723	59
189	61
358	61
329	64
776	64
302	67
103	68
260	68
272	68
313	68
419	68
437	68
496	68
602	68
610	68
711	68
772	68
114	70
121	70
217	70
309	70
437	70
477	70
496	70
499	70
501	70
591	70
610	70
669	70
781	70
810	70
122	71
357	71
429	71
83	78
137	78
153	78
169	78
188	78
323	78
400	78
462	78
522	78
547	78
556	78
643	78
657	78
719	78
463	79
532	79
575	79
579	79
588	79
137	83
153	83
169	83
188	83
323	83
400	83
462	83
522	83
547	83
556	83
657	83
719	83
135	84
208	84
327	84
372	84
489	84
490	84
645	84
766	84
792	84
168	85
345	85
653	85
723	85
219	87
237	87
279	87
236	88
403	88
146	93
382	93
433	93
498	96
761	98
177	101
177	103
183	103
202	103
249	103
263	103
272	103
273	103
292	103
301	103
340	103
414	103
419	103
437	103
457	103
550	103
562	103
567	103
592	103
598	103
602	103
606	103
696	103
710	103
711	103
772	103
139	104
311	108
652	108
683	108
820	108
268	109
282	112
741	112
217	114
302	114
308	114
309	114
407	114
437	114
468	114
477	114
491	114
499	114
501	114
589	114
591	114
669	114
711	114
744	114
769	114
781	114
810	114
713	115
729	115
806	115
819	115
821	115
357	122
429	122
271	125
132	128
208	128
263	128
456	128
472	128
476	128
480	128
483	128
582	128
610	128
616	128
687	128
710	128
728	128
766	128
772	128
779	128
208	132
301	132
472	132
476	132
480	132
582	132
610	132
616	132
728	132
779	132
792	132
208	135
327	135
372	135
472	135
490	135
616	135
645	135
710	135
766	135
779	135
792	135
153	137
169	137
188	137
323	137
400	137
462	137
522	137
547	137
556	137
657	137
719	137
660	138
742	138
816	138
328	143
332	143
787	143
414	145
606	145
172	146
173	146
275	146
314	146
322	146
336	146
382	146
433	146
596	146
639	146
753	146
768	146
519	149
738	149
373	151
169	153
188	153
323	153
400	153
462	153
522	153
547	153
556	153
657	153
663	153
719	153
223	154
253	154
380	154
664	154
751	154
290	155
417	156
388	158
707	161
310	166
461	166
651	166
345	168
653	168
723	168
188	169
323	169
400	169
462	169
522	169
547	169
556	169
657	169
663	169
719	169
173	172
275	172
314	172
322	172
336	172
382	172
433	172
596	172
639	172
753	172
768	172
275	173
314	173
322	173
336	173
382	173
433	173
596	173
639	173
753	173
768	173
227	176
303	176
409	176
183	177
249	177
263	177
301	177
414	177
419	177
457	177
550	177
562	177
567	177
598	177
606	177
696	177
710	177
711	177
733	177
772	177
206	179
308	179
407	179
589	179
769	179
263	183
273	183
301	183
340	183
341	183
414	183
419	183
457	183
550	183
562	183
567	183
598	183
606	183
696	183
710	183
711	183
772	183
260	185
323	188
400	188
462	188
547	188
556	188
657	188
663	188
719	188
358	189
469	191
569	191
348	193
650	193
297	198
415	198
502	198
570	198
288	200
638	200
794	200
341	205
437	205
562	205
710	205
803	205
308	206
589	206
769	206
301	208
327	208
341	208
372	208
456	208
472	208
476	208
480	208
483	208
490	208
551	208
582	208
610	208
616	208
645	208
696	208
710	208
728	208
766	208
772	208
779	208
792	208
423	209
587	210
241	213
302	217
308	217
309	217
407	217
468	217
477	217
491	217
499	217
501	217
507	217
541	217
589	217
591	217
711	217
769	217
781	217
810	217
511	218
237	219
279	219
664	223
309	225
409	227
332	228
478	229
674	230
566	231
623	231
260	233
272	233
313	233
388	234
403	236
279	237
579	243
282	245
301	249
414	249
550	249
598	249
606	249
696	249
380	253
664	253
751	253
302	254
376	254
542	254
565	254
700	254
709	254
313	260
391	260
419	260
496	260
301	263
340	263
414	263
419	263
437	263
457	263
472	263
483	263
544	263
550	263
562	263
567	263
592	263
598	263
606	263
610	263
687	263
696	263
710	263
711	263
728	263
766	263
521	265
277	266
658	266
419	272
437	272
481	272
501	272
591	272
710	272
711	272
744	272
772	272
301	273
414	273
457	273
567	273
606	273
710	273
314	275
322	275
336	275
382	275
433	275
596	275
639	275
753	275
768	275
658	277
442	280
638	288
794	288
294	289
819	289
799	290
414	292
457	292
696	292
610	293
710	293
819	294
415	297
502	297
570	297
612	298
340	301
414	301
419	301
437	301
457	301
472	301
544	301
550	301
562	301
567	301
592	301
598	301
606	301
610	301
636	301
696	301
710	301
711	301
726	301
733	301
765	301
766	301
772	301
308	302
376	302
407	302
437	302
491	302
499	302
501	302
507	302
541	302
589	302
591	302
610	302
709	302
710	302
711	302
769	302
781	302
810	302
409	303
407	308
477	308
491	308
499	308
501	308
507	308
589	308
591	308
769	308
781	308
810	308
468	309
477	309
491	309
499	309
541	309
589	309
598	309
711	309
769	309
781	309
810	309
340	310
461	310
550	310
651	310
652	311
683	311
820	311
419	313
336	314
382	314
433	314
596	314
639	314
753	314
768	314
535	318
336	322
382	322
433	322
596	322
639	322
768	322
400	323
462	323
522	323
547	323
556	323
657	323
372	327
490	327
616	327
645	327
710	327
766	327
792	327
345	328
653	328
787	328
776	329
467	330
559	330
614	333
349	334
405	334
820	334
382	336
433	336
596	336
639	336
753	336
768	336
414	340
419	340
437	340
457	340
461	340
550	340
562	340
567	340
592	340
598	340
606	340
696	340
710	340
711	340
765	340
437	341
457	341
598	341
610	341
696	341
710	341
711	341
766	341
820	341
653	345
723	345
650	348
662	348
649	349
496	354
669	354
429	357
388	359
747	360
819	360
472	372
476	372
480	372
483	372
490	372
582	372
610	372
616	372
645	372
696	372
710	372
728	372
766	372
779	372
792	372
544	373
592	373
381	376
450	376
542	376
565	376
700	376
709	376
664	380
751	380
607	381
671	381
678	381
794	381
433	382
596	382
639	382
753	382
768	382
817	397
462	400
522	400
547	400
556	400
657	400
719	400
477	407
491	407
499	407
501	407
507	407
541	407
589	407
591	407
769	407
781	407
810	407
427	412
656	412
747	412
806	412
819	412
419	414
457	414
550	414
562	414
567	414
592	414
598	414
606	414
667	414
696	414
710	414
711	414
733	414
765	414
502	415
570	415
467	418
559	418
437	419
457	419
496	419
501	419
550	419
555	419
562	419
567	419
598	419
602	419
606	419
696	419
710	419
711	419
772	419
699	424
656	427
747	427
806	427
819	427
596	433
639	433
753	433
768	433
496	437
499	437
501	437
562	437
567	437
589	437
591	437
606	437
610	437
669	437
696	437
710	437
711	437
765	437
772	437
781	437
810	437
709	450
472	456
476	456
483	456
582	456
610	456
616	456
696	456
710	456
728	456
766	456
772	456
779	456
550	457
555	457
562	457
567	457
592	457
598	457
606	457
667	457
696	457
710	457
711	457
532	460
579	460
588	460
742	460
651	461
522	462
547	462
556	462
657	462
532	463
575	463
579	463
588	463
526	466
559	467
477	468
491	468
499	468
501	468
541	468
589	468
591	468
711	468
769	468
810	468
569	469
476	472
483	472
610	472
616	472
696	472
710	472
711	472
728	472
766	472
772	472
792	472
480	476
483	476
490	476
582	476
610	476
616	476
696	476
710	476
728	476
766	476
772	476
779	476
792	476
491	477
499	477
501	477
507	477
541	477
589	477
769	477
781	477
810	477
483	480
551	480
582	480
606	480
610	480
616	480
710	480
728	480
766	480
779	480
551	483
582	483
610	483
616	483
687	483
696	483
710	483
728	483
766	483
772	483
779	483
792	483
696	489
766	489
577	490
616	490
645	490
766	490
499	491
501	491
507	491
541	491
589	491
591	491
718	491
769	491
781	491
810	491
501	496
610	496
614	496
669	496
710	496
501	499
507	499
541	499
589	499
591	499
711	499
718	499
744	499
769	499
781	499
810	499
507	501
541	501
550	501
589	501
591	501
610	501
630	501
711	501
744	501
769	501
781	501
810	501
570	502
541	507
589	507
591	507
630	507
769	507
781	507
810	507
738	519
737	520
547	522
556	522
657	522
575	532
579	532
588	532
820	538
589	541
769	541
781	541
810	541
700	542
709	542
567	544
610	544
772	544
556	547
657	547
663	547
719	547
562	550
567	550
592	550
598	550
606	550
610	550
687	550
696	550
710	550
711	550
765	550
772	550
582	551
606	551
610	551
696	551
710	551
728	551
766	551
772	551
779	551
562	555
711	555
643	556
657	556
711	557
567	562
592	562
598	562
606	562
610	562
696	562
710	562
711	562
765	562
700	565
709	565
623	566
592	567
598	567
606	567
610	567
616	567
636	567
687	567
696	567
710	567
711	567
733	567
765	567
766	567
579	575
588	575
588	579
661	581
610	582
616	582
696	582
710	582
728	582
766	582
779	582
792	582
591	589
630	589
711	589
718	589
769	589
781	589
810	589
630	591
711	591
769	591
781	591
810	591
598	592
606	592
696	592
710	592
711	592
765	592
639	596
768	596
606	598
667	598
696	598
710	598
711	598
610	606
616	606
667	606
687	606
696	606
710	606
711	606
728	606
733	606
765	606
766	606
772	606
671	607
678	607
616	610
669	610
687	610
696	610
710	610
711	610
728	610
766	610
772	610
779	610
792	610
750	613
796	613
645	616
687	616
696	616
710	616
728	616
766	616
772	616
779	616
792	616
769	630
810	630
696	636
710	636
794	638
753	639
768	639
710	645
766	645
792	645
662	650
683	652
723	653
747	656
806	656
819	656
663	657
719	657
813	659
816	660
751	664
731	665
678	671
794	671
794	678
696	687
710	687
728	687
772	687
710	696
711	696
728	696
765	696
766	696
772	696
779	696
792	696
800	696
709	700
711	710
728	710
765	710
766	710
772	710
779	710
792	710
820	710
744	711
765	711
769	711
772	711
781	711
810	711
729	713
742	713
806	713
819	713
821	713
769	718
766	728
772	728
779	728
792	728
806	729
819	729
821	729
769	744
806	747
819	747
796	750
768	753
772	766
779	766
792	766
803	766
781	769
810	769
779	772
792	772
803	772
792	779
810	781
819	806
821	806
821	819
