1	984
1	1175
3	22
3	558
3	1081
4	791
4	971
5	205
5	1183
5	1227
5	1311
5	1489
5	1499
11	85
11	94
11	483
11	888
12	246
12	359
12	375
12	468
12	902
12	949
12	976
12	1167
12	1187
12	1554
15	762
15	850
15	1514
16	186
16	208
16	376
16	496
16	520
16	853
16	952
16	1194
16	1535
19	1237
20	1390
22	558
22	1081
26	454
27	595
27	723
27	853
27	1179
27	1371
29	30
29	1130
30	62
30	315
30	1130
33	1358
34	147
34	157
38	56
38	67
38	160
38	204
38	208
38	209
38	388
38	433
38	496
38	506
38	510
38	511
38	536
38	545
38	595
38	667
38	751
38	810
38	853
38	903
38	952
38	958
38	969
38	985
38	1021
38	1076
38	1162
38	1179
38	1217
38	1342
38	1371
38	1477
40	1325
41	170
41	321
41	337
41	636
41	783
41	1284
41	1388
42	420
42	423
42	472
42	612
42	647
42	1106
42	1319
42	1443
42	1556
43	1587
44	1080
51	69
51	427
51	468
51	902
56	204
56	208
56	209
56	388
56	433
56	496
56	506
56	510
56	511
56	545
56	595
56	810
56	853
56	903
56	958
56	1021
56	1076
56	1162
56	1217
56	1342
56	1371
62	946
64	406
64	841
67	109
67	123
67	139
67	149
67	160
67	186
67	200
67	209
67	360
67	376
67	388
67	425
67	433
67	496
67	510
67	520
67	595
67	597
67	667
67	751
67	810
67	853
67	903
67	952
67	958
67	969
67	1021
67	1044
67	1076
67	1162
67	1173
67	1179
67	1217
67	1293
67	1342
67	1371
67	1404
67	1453
67	1477
69	174
69	189
69	215
69	427
69	446
69	468
69	902
69	949
69	983
69	1092
69	1184
69	1187
69	1395
70	1280
70	1570
72	246
72	468
72	949
72	976
72	1554
76	388
76	496
76	969
77	1288
82	555
82	746
82	1040
82	1328
85	94
85	483
85	569
85	859
85	887
85	950
85	1065
85	1068
85	1095
85	1573
89	582
89	1374
89	1450
94	888
95	103
95	939
95	1522
96	1294
103	1522
109	123
109	139
109	145
109	160
109	186
109	200
109	209
109	376
109	388
109	433
109	510
109	511
109	545
109	592
109	595
109	597
109	633
109	661
109	751
109	853
109	903
109	952
109	958
109	969
109	993
109	996
109	1044
109	1141
109	1162
109	1179
109	1217
109	1256
109	1342
109	1371
109	1404
109	1453
109	1477
109	1524
111	176
111	341
111	424
111	509
111	547
111	601
111	678
111	680
111	967
111	1078
111	1140
111	1343
111	1398
111	1462
111	1547
112	1111
112	1527
113	962
113	1157
113	1334
114	296
114	368
114	652
114	691
114	1083
114	1119
114	1170
114	1172
114	1176
114	1349
114	1521
117	470
121	732
121	862
121	1045
121	1303
123	186
123	200
123	993
123	1256
123	1371
123	1453
123	1524
123	1566
126	279
126	373
126	1105
126	1169
126	1375
128	387
128	864
128	955
129	631
134	321
134	337
139	145
139	186
139	210
139	515
139	710
139	952
139	1096
139	1144
139	1344
139	1404
140	716
142	399
143	597
145	186
145	209
145	515
145	1144
145	1174
145	1344
145	1371
147	157
149	186
149	247
149	435
149	993
149	996
149	1173
149	1293
149	1566
150	844
153	877
153	962
153	1334
156	340
156	749
156	918
156	1030
156	1041
156	1118
156	1124
156	1135
156	1532
160	186
160	204
160	208
160	209
160	376
160	388
160	433
160	496
160	510
160	511
160	520
160	536
160	545
160	595
160	661
160	667
160	751
160	810
160	853
160	903
160	952
160	958
160	969
160	985
160	1021
160	1076
160	1148
160	1162
160	1179
160	1217
160	1342
160	1371
160	1404
160	1477
160	1490
166	186
166	435
166	597
166	608
166	718
166	786
166	796
166	930
166	979
166	993
166	996
166	1220
166	1483
166	1524
166	1566
169	516
170	321
170	337
170	372
170	636
170	783
170	1388
174	446
174	468
174	902
174	983
174	1184
176	341
176	424
176	509
176	547
176	601
176	678
176	680
176	967
176	1078
176	1140
176	1343
176	1398
176	1462
176	1547
178	1336
181	474
181	483
181	546
181	791
181	1213
181	1485
184	358
184	369
184	423
184	490
184	514
184	638
184	666
184	737
184	894
184	1061
184	1377
184	1418
186	208
186	209
186	265
186	435
186	510
186	595
186	597
186	608
186	751
186	774
186	796
186	930
186	952
186	958
186	969
186	979
186	993
186	996
186	1173
186	1194
186	1217
186	1293
186	1371
186	1432
186	1453
186	1483
186	1566
189	215
189	246
189	375
189	427
189	468
189	761
189	902
189	949
189	976
189	983
189	1092
189	1144
189	1187
189	1433
189	1554
195	499
195	925
196	213
196	886
196	1112
196	1552
200	433
200	584
200	592
200	1256
200	1371
200	1453
200	1524
201	775
204	208
204	209
204	376
204	388
204	417
204	433
204	496
204	506
204	510
204	520
204	545
204	595
204	751
204	810
204	853
204	903
204	952
204	958
204	969
204	1021
204	1044
204	1076
204	1162
204	1179
204	1217
204	1233
204	1342
204	1371
204	1453
204	1477
204	1511
205	1183
205	1227
205	1311
205	1489
205	1499
208	209
208	376
208	388
208	433
208	496
208	506
208	510
208	511
208	520
208	545
208	595
208	667
208	723
208	751
208	810
208	853
208	901
208	903
208	952
208	958
208	969
208	1021
208	1076
208	1148
208	1162
208	1179
208	1217
208	1233
208	1340
208	1342
208	1371
208	1477
208	1511
209	376
209	388
209	433
209	453
209	496
209	510
209	511
209	520
209	536
209	545
209	595
209	661
209	667
209	751
209	810
209	853
209	903
209	952
209	958
209	969
209	1021
209	1076
209	1148
209	1162
209	1174
209	1179
209	1217
209	1342
209	1371
209	1404
210	710
210	1096
210	1200
211	320
211	427
211	731
211	861
211	902
211	983
211	1092
211	1144
211	1498
213	886
213	1112
213	1552
215	427
215	468
215	902
215	983
215	1184
215	1187
217	436
219	385
227	1113
227	1185
228	371
228	456
228	512
228	519
228	586
228	725
228	1080
228	1407
228	1410
228	1485
228	1583
233	768
233	1246
233	1376
233	1406
233	1407
233	1410
233	1583
235	1294
237	1548
242	1000
246	359
246	375
246	468
246	902
246	949
246	976
246	1144
246	1167
246	1187
246	1554
248	735
253	1348
259	301
259	350
259	351
259	540
259	594
259	659
259	847
259	898
259	1158
263	877
263	1334
265	417
265	520
265	679
265	751
265	901
265	936
265	952
265	958
265	1173
265	1453
265	1463
265	1507
269	438
273	984
273	1175
276	1336
277	469
279	373
279	1105
279	1169
279	1375
279	1418
282	1430
282	1576
284	483
284	1065
289	748
290	622
295	733
295	793
296	368
296	652
296	1083
296	1119
296	1170
296	1172
296	1176
296	1349
296	1521
298	1225
298	1533
300	810
300	1179
301	350
301	351
301	540
301	594
301	634
301	659
301	847
301	898
301	1153
301	1158
301	1394
301	1454
304	459
312	425
312	822
312	1022
312	1419
312	1516
312	1525
315	340
315	749
315	1041
315	1376
315	1430
316	1041
317	723
317	1129
317	1415
318	1254
320	427
320	731
320	861
320	983
320	1092
320	1144
320	1498
321	337
321	372
321	636
321	703
321	783
321	1284
321	1388
324	1156
328	724
334	1361
337	372
337	636
337	703
337	783
337	1388
339	454
339	845
339	864
339	876
339	916
339	1129
339	1558
340	749
340	915
340	918
340	1030
340	1041
340	1118
340	1124
340	1135
340	1532
341	424
341	509
341	547
341	601
341	678
341	680
341	967
341	1140
341	1343
341	1398
341	1462
341	1547
342	954
342	1542
348	1180
350	351
350	540
350	594
350	634
350	659
350	847
350	898
350	1153
350	1158
350	1394
350	1454
351	540
351	594
351	634
351	659
351	847
351	898
351	1153
351	1158
351	1394
351	1454
352	1066
355	405
355	574
355	691
355	791
355	842
355	1078
355	1240
355	1413
358	369
358	423
358	490
358	514
358	737
358	894
358	1061
358	1377
358	1418
359	375
359	468
359	902
359	949
359	976
359	1554
360	774
368	691
368	1170
368	1176
368	1349
368	1521
369	420
369	423
369	490
369	514
369	638
369	666
369	737
369	849
369	894
369	1061
369	1319
369	1377
369	1418
371	519
371	586
371	725
371	1080
371	1407
371	1410
371	1485
371	1583
373	1105
373	1169
373	1375
375	468
375	902
375	949
375	976
375	1167
375	1187
375	1554
376	388
376	496
376	510
376	520
376	536
376	545
376	595
376	667
376	751
376	810
376	853
376	903
376	952
376	969
376	985
376	1076
376	1162
376	1179
376	1217
376	1342
376	1371
376	1511
377	426
377	452
385	954
385	1542
387	864
387	955
388	417
388	433
388	496
388	506
388	510
388	511
388	520
388	545
388	595
388	661
388	667
388	751
388	810
388	853
388	903
388	936
388	952
388	958
388	969
388	985
388	1021
388	1055
388	1076
388	1148
388	1162
388	1179
388	1217
388	1233
388	1234
388	1342
388	1371
388	1477
388	1507
388	1511
392	681
392	1262
393	771
395	1348
397	1014
397	1278
397	1368
398	991
402	998
402	1107
402	1247
403	1568
404	1236
404	1350
405	483
405	574
405	691
405	791
405	842
405	1240
405	1413
406	635
406	672
406	841
410	464
412	1539
414	608
414	718
414	1483
417	450
417	510
417	595
417	644
417	679
417	719
417	860
417	901
417	936
417	952
417	973
417	1031
417	1055
417	1233
417	1308
417	1342
417	1463
417	1507
417	1526
420	423
420	472
420	612
420	647
420	1106
420	1319
420	1443
420	1556
423	490
423	514
423	638
423	666
423	737
423	894
423	1061
423	1319
423	1377
423	1418
424	509
424	547
424	601
424	678
424	680
424	967
424	1140
424	1343
424	1398
424	1462
424	1547
425	822
425	1022
425	1194
425	1419
425	1516
425	1535
426	452
427	446
427	468
427	731
427	761
427	826
427	861
427	902
427	976
427	983
427	1092
427	1144
427	1187
427	1395
427	1554
428	455
431	540
431	1394
432	758
432	859
433	496
433	506
433	510
433	520
433	545
433	595
433	667
433	751
433	810
433	853
433	903
433	952
433	958
433	969
433	985
433	1021
433	1076
433	1148
433	1162
433	1179
433	1217
433	1342
433	1371
433	1477
434	736
435	597
435	608
435	718
435	796
435	930
435	979
435	993
435	996
435	1371
435	1483
435	1524
435	1566
442	1294
443	1126
446	468
446	902
446	983
447	663
448	1286
449	700
449	792
449	1379
450	644
450	719
450	860
450	936
450	968
450	1031
450	1233
450	1308
450	1526
453	985
453	1162
454	469
454	845
454	864
454	876
454	916
454	957
454	1266
454	1487
454	1558
461	945
463	606
465	729
465	1365
466	515
466	1116
466	1144
466	1344
468	902
468	949
468	976
468	983
468	1092
468	1144
468	1167
468	1187
468	1395
468	1554
469	957
472	612
472	647
472	900
472	1106
472	1319
472	1443
472	1556
474	483
474	546
474	791
474	1213
474	1485
478	998
482	635
483	546
483	574
483	791
483	859
483	1065
483	1130
483	1213
483	1242
483	1413
483	1485
483	1573
489	884
489	991
490	514
490	638
490	666
490	737
490	894
490	1061
490	1377
490	1418
494	1271
495	1016
496	506
496	510
496	511
496	520
496	536
496	545
496	595
496	667
496	751
496	810
496	853
496	903
496	952
496	958
496	969
496	985
496	1021
496	1044
496	1076
496	1148
496	1162
496	1179
496	1217
496	1340
496	1342
496	1371
496	1404
496	1477
496	1490
496	1511
502	738
502	1286
506	810
506	1021
506	1076
506	1162
506	1179
506	1342
509	547
509	601
509	678
509	680
509	967
509	1078
509	1140
509	1343
509	1398
509	1462
509	1547
510	511
510	520
510	545
510	595
510	667
510	679
510	751
510	810
510	853
510	903
510	952
510	958
510	969
510	985
510	1021
510	1031
510	1044
510	1076
510	1148
510	1162
510	1179
510	1217
510	1233
510	1342
510	1371
510	1404
510	1511
510	1526
511	520
511	595
511	633
511	667
511	810
511	853
511	903
511	969
511	1037
511	1162
511	1179
511	1217
511	1342
512	519
512	725
514	638
514	666
514	737
514	894
514	1061
514	1377
514	1418
515	1116
515	1144
515	1344
517	873
517	927
517	937
519	586
519	725
519	1080
519	1407
519	1410
519	1485
519	1583
520	545
520	595
520	667
520	751
520	810
520	853
520	903
520	936
520	952
520	958
520	969
520	1076
520	1148
520	1162
520	1179
520	1217
520	1340
520	1342
520	1371
520	1511
521	772
522	1000
536	595
536	810
536	853
536	903
536	1179
540	594
540	634
540	659
540	847
540	898
540	1153
540	1158
540	1394
540	1404
540	1454
541	1512
545	595
545	661
545	667
545	751
545	810
545	853
545	860
545	903
545	952
545	958
545	1055
545	1076
545	1162
545	1179
545	1217
545	1342
545	1371
545	1526
546	791
546	1213
546	1485
547	601
547	678
547	680
547	967
547	1078
547	1140
547	1343
547	1398
547	1462
547	1547
555	746
558	1081
558	1354
559	621
560	570
560	729
560	1060
560	1365
560	1378
570	729
570	1060
570	1365
570	1378
574	791
574	842
574	971
574	1054
574	1240
574	1413
576	1032
582	1374
582	1450
584	1256
586	725
586	1080
586	1583
587	1484
592	1193
592	1453
594	634
594	659
594	847
594	898
594	1153
594	1158
594	1394
594	1454
595	661
595	667
595	751
595	810
595	853
595	903
595	936
595	952
595	958
595	969
595	985
595	1044
595	1076
595	1148
595	1162
595	1179
595	1217
595	1234
595	1342
595	1371
595	1404
595	1477
595	1490
595	1511
596	891
596	1065
596	1449
597	608
597	729
597	796
597	979
597	993
597	996
597	1173
597	1365
597	1371
597	1453
597	1483
597	1566
601	678
601	680
601	967
601	1140
601	1343
601	1398
601	1462
601	1547
607	1567
608	718
608	796
608	979
608	993
608	996
608	1453
608	1483
608	1566
610	637
610	813
610	1469
611	1287
612	647
612	1106
612	1319
612	1443
612	1556
623	672
625	1029
625	1048
625	1456
630	1253
630	1345
630	1351
634	659
634	847
634	898
634	1153
634	1158
634	1394
635	672
635	841
635	894
635	991
636	783
637	813
637	1037
637	1469
638	666
638	737
638	894
638	1061
638	1377
638	1418
639	766
639	1242
643	1385
644	719
644	860
644	973
644	1233
644	1308
644	1526
647	1106
647	1319
647	1443
647	1556
652	1083
652	1119
652	1172
652	1176
655	1195
659	847
659	898
659	1153
659	1158
659	1394
659	1404
659	1454
661	853
661	903
661	1174
661	1179
661	1371
666	737
666	894
666	1061
666	1319
666	1377
666	1418
667	751
667	810
667	853
667	903
667	916
667	952
667	958
667	969
667	1076
667	1148
667	1162
667	1179
667	1217
667	1342
667	1371
667	1477
667	1511
670	781
670	1367
672	841
672	884
672	991
678	680
678	967
678	1078
678	1140
678	1343
678	1398
678	1462
678	1547
679	719
679	860
679	901
679	936
679	952
679	973
679	1173
679	1179
679	1233
679	1342
679	1453
679	1463
679	1507
679	1526
680	967
680	1078
680	1140
680	1343
680	1398
680	1462
680	1547
681	1262
681	1283
686	719
686	860
686	973
686	1308
691	791
691	1176
691	1349
691	1413
691	1521
700	1365
701	1407
701	1410
701	1437
701	1525
701	1583
707	1294
709	972
709	978
710	1096
710	1200
717	1234
717	1461
718	796
718	979
718	993
718	996
718	1483
718	1566
719	860
719	936
719	973
719	1233
719	1308
719	1342
719	1507
719	1526
723	1148
723	1415
725	1080
725	1407
725	1410
725	1485
725	1583
729	883
729	1060
729	1365
729	1378
731	861
731	983
731	1092
731	1144
731	1498
731	1543
732	862
732	1045
732	1303
737	894
737	991
737	1061
737	1377
737	1418
738	1286
744	907
745	1581
749	915
749	918
749	1030
749	1041
749	1118
749	1124
749	1135
749	1430
749	1532
751	810
751	853
751	903
751	952
751	958
751	969
751	996
751	1076
751	1087
751	1148
751	1162
751	1179
751	1217
751	1340
751	1342
751	1371
751	1404
751	1490
752	1258
752	1425
758	859
761	1187
762	850
762	1514
766	1242
768	1246
768	1376
768	1406
768	1410
768	1583
770	1411
775	1168
781	1367
783	1388
785	1165
786	796
786	979
791	971
791	1054
791	1213
791	1240
791	1413
791	1485
796	979
796	993
796	996
796	1453
796	1483
796	1566
804	834
804	1407
804	1437
804	1525
804	1583
807	1503
810	853
810	903
810	952
810	958
810	969
810	985
810	1021
810	1076
810	1148
810	1162
810	1179
810	1217
810	1342
810	1371
810	1404
810	1477
810	1511
813	839
813	1469
814	928
820	1325
822	1022
822	1194
822	1419
822	1516
826	902
826	1184
828	1346
833	1465
834	1407
834	1410
834	1437
834	1525
834	1583
836	1279
839	1469
841	905
841	1037
842	1240
842	1413
845	864
845	876
845	916
845	1129
845	1558
847	898
847	1153
847	1158
847	1394
847	1404
847	1454
850	1514
853	903
853	952
853	958
853	969
853	996
853	1021
853	1076
853	1141
853	1148
853	1162
853	1174
853	1179
853	1217
853	1342
853	1371
853	1404
853	1477
853	1511
853	1524
855	1358
859	1065
860	936
860	952
860	1055
860	1233
860	1308
860	1507
860	1526
861	983
861	1092
861	1144
861	1395
862	1045
862	1303
864	876
864	916
864	955
864	1076
864	1129
864	1399
864	1558
873	927
873	937
875	1402
876	916
876	1558
877	962
877	1334
881	1436
883	1365
884	991
884	1525
886	1112
886	1552
889	988
890	1114
891	1449
894	1061
894	1377
894	1418
898	1153
898	1158
898	1394
898	1404
898	1454
901	936
901	952
901	958
901	995
901	1342
901	1507
902	949
902	976
902	983
902	1092
902	1144
902	1167
902	1187
902	1395
902	1554
903	952
903	958
903	969
903	1021
903	1055
903	1076
903	1085
903	1148
903	1162
903	1179
903	1217
903	1342
903	1371
903	1490
903	1511
905	962
914	1144
914	1498
915	1041
915	1124
915	1130
915	1135
915	1430
916	1129
916	1558
918	1030
918	1041
918	1118
918	1124
918	1135
918	1532
930	979
930	993
930	996
930	1371
930	1483
930	1566
936	952
936	958
936	1233
936	1308
936	1342
936	1371
936	1526
940	1273
946	1206
949	976
949	983
949	1167
949	1187
949	1554
952	958
952	969
952	995
952	1076
952	1148
952	1162
952	1179
952	1217
952	1234
952	1340
952	1342
952	1371
952	1453
952	1463
952	1477
952	1507
952	1511
952	1526
954	1542
957	1143
958	969
958	995
958	1021
958	1076
958	1162
958	1173
958	1179
958	1217
958	1340
958	1342
958	1371
958	1404
958	1477
958	1511
960	1154
962	1334
967	1078
967	1140
967	1343
967	1398
967	1462
967	1547
968	1031
968	1308
968	1342
969	985
969	991
969	1021
969	1076
969	1148
969	1162
969	1179
969	1217
969	1234
969	1342
969	1371
969	1477
969	1511
973	991
973	1308
976	983
976	1144
976	1167
976	1187
976	1554
979	993
979	996
979	1453
979	1483
979	1524
979	1566
983	1092
983	1144
983	1167
983	1187
983	1395
984	1175
985	1076
985	1179
985	1217
985	1234
985	1342
985	1371
993	996
993	1371
993	1432
993	1453
993	1483
993	1566
996	1076
996	1173
996	1220
996	1370
996	1371
996	1432
996	1453
996	1483
996	1566
998	1107
998	1247
1000	1581
1007	1569
1014	1278
1014	1368
1021	1076
1021	1162
1021	1179
1021	1217
1021	1342
1022	1419
1022	1516
1030	1041
1030	1118
1030	1124
1030	1135
1030	1532
1031	1308
1031	1342
1034	1040
1034	1253
1040	1193
1040	1253
1040	1457
1040	1498
1041	1118
1041	1124
1041	1135
1041	1532
1044	1087
1044	1141
1044	1162
1044	1256
1044	1344
1044	1371
1045	1303
1047	1484
1048	1456
1055	1342
1060	1365
1060	1378
1061	1377
1061	1418
1065	1231
1065	1573
1070	1192
1076	1129
1076	1148
1076	1162
1076	1179
1076	1217
1076	1342
1076	1371
1076	1477
1076	1511
1078	1140
1078	1343
1078	1398
1078	1413
1078	1462
1078	1547
1080	1410
1080	1583
1083	1119
1083	1172
1083	1176
1085	1371
1085	1404
1087	1371
1092	1144
1092	1187
1096	1200
1105	1169
1105	1375
1106	1319
1106	1443
1106	1556
1107	1247
1111	1527
1112	1552
1113	1185
1118	1124
1118	1135
1118	1532
1119	1172
1119	1176
1124	1130
1124	1135
1124	1485
1124	1532
1129	1415
1130	1540
1131	1183
1131	1227
1131	1311
1131	1489
1133	1334
1135	1532
1140	1343
1140	1398
1140	1462
1140	1547
1141	1371
1144	1253
1144	1344
1144	1498
1148	1162
1148	1179
1148	1217
1148	1342
1148	1371
1148	1404
1148	1477
1148	1490
1149	1162
1153	1158
1153	1394
1153	1454
1154	1223
1157	1334
1158	1394
1162	1179
1162	1217
1162	1342
1162	1371
1162	1511
1167	1187
1167	1554
1169	1375
1170	1176
1170	1349
1170	1521
1172	1176
1172	1521
1173	1453
1173	1483
1176	1349
1176	1521
1179	1217
1179	1342
1179	1371
1179	1404
1179	1477
1179	1511
1183	1227
1183	1311
1183	1489
1183	1499
1187	1395
1187	1433
1187	1554
1191	1334
1193	1253
1193	1457
1194	1404
1194	1535
1213	1485
1217	1340
1217	1342
1217	1371
1217	1404
1217	1477
1217	1490
1217	1511
1220	1483
1220	1566
1221	1330
1227	1311
1227	1489
1227	1499
1230	1373
1231	1573
1233	1342
1233	1507
1233	1526
1234	1342
1236	1350
1240	1413
1246	1376
1246	1406
1246	1407
1246	1410
1246	1583
1253	1345
1253	1351
1253	1457
1253	1498
1256	1524
1262	1283
1278	1368
1280	1570
1293	1453
1302	1345
1302	1351
1305	1341
1308	1342
1308	1526
1311	1489
1311	1499
1319	1443
1319	1556
1340	1342
1340	1490
1342	1371
1342	1463
1342	1477
1342	1490
1342	1507
1342	1511
1342	1526
1343	1398
1343	1462
1343	1547
1344	1424
1345	1351
1349	1521
1365	1378
1371	1432
1371	1453
1371	1477
1371	1483
1371	1511
1371	1566
1374	1450
1376	1406
1376	1407
1376	1410
1376	1430
1376	1583
1377	1418
1394	1454
1398	1462
1398	1547
1404	1477
1404	1535
1406	1407
1406	1410
1406	1583
1407	1410
1407	1437
1407	1525
1407	1583
1410	1437
1410	1485
1410	1525
1410	1583
1419	1516
1422	1568
1432	1483
1437	1525
1437	1583
1443	1556
1448	1544
1453	1463
1453	1483
1453	1524
1453	1566
1462	1547
1463	1507
1483	1524
1483	1566
1485	1583
1489	1499
1507	1526
1524	1566
1525	1583
984	1
1175	1
22	3
558	3
1081	3
791	4
971	4
205	5
1183	5
1227	5
1311	5
1489	5
1499	5
85	11
94	11
483	11
888	11
246	12
359	12
375	12
468	12
902	12
949	12
976	12
1167	12
1187	12
1554	12
762	15
850	15
1514	15
186	16
208	16
376	16
496	16
520	16
853	16
952	16
1194	16
1535	16
1237	19
1390	20
558	22
1081	22
454	26
595	27
723	27
853	27
1179	27
1371	27
30	29
1130	29
62	30
315	30
1130	30
1358	33
147	34
157	34
56	38
67	38
160	38
204	38
208	38
209	38
388	38
433	38
496	38
506	38
510	38
511	38
536	38
545	38
595	38
667	38
751	38
810	38
853	38
903	38
952	38
958	38
969	38
985	38
1021	38
1076	38
1162	38
1179	38
1217	38
1342	38
1371	38
1477	38
1325	40
170	41
321	41
337	41
636	41
783	41
1284	41
1388	41
420	42
423	42
472	42
612	42
647	42
1106	42
1319	42
1443	42
1556	42
1587	43
1080	44
69	51
427	51
468	51
902	51
204	56
208	56
209	56
388	56
433	56
496	56
506	56
510	56
511	56
545	56
595	56
810	56
853	56
903	56
958	56
1021	56
1076	56
1162	56
1217	56
1342	56
1371	56
946	62
406	64
841	64
109	67
123	67
139	67
149	67
160	67
186	67
200	67
209	67
360	67
376	67
388	67
425	67
433	67
496	67
510	67
520	67
595	67
597	67
667	67
751	67
810	67
853	67
903	67
952	67
958	67
969	67
1021	67
1044	67
1076	67
1162	67
1173	67
1179	67
1217	67
1293	67
1342	67
1371	67
1404	67
1453	67
1477	67
174	69
189	69
215	69
427	69
446	69
468	69
902	69
949	69
983	69
1092	69
1184	69
1187	69
1395	69
1280	70
1570	70
246	72
468	72
949	72
976	72
1554	72
388	76
496	76
969	76
1288	77
555	82
746	82
1040	82
1328	82
94	85
483	85
569	85
859	85
887	85
950	85
1065	85
1068	85
1095	85
1573	85
582	89
1374	89
1450	89
888	94
103	95
939	95
1522	95
1294	96
1522	103
123	109
139	109
145	109
160	109
186	109
200	109
209	109
376	109
388	109
433	109
510	109
511	109
545	109
592	109
595	109
597	109
633	109
661	109
751	109
853	109
903	109
952	109
958	109
969	109
993	109
996	109
1044	109
1141	109
1162	109
1179	109
1217	109
1256	109
1342	109
1371	109
1404	109
1453	109
1477	109
1524	109
176	111
341	111
424	111
509	111
547	111
601	111
678	111
680	111
967	111
1078	111
1140	111
1343	111
1398	111
1462	111
1547	111
1111	112
1527	112
962	113
1157	113
1334	113
296	114
368	114
652	114
691	114
1083	114
1119	114
1170	114
1172	114
1176	114
1349	114
1521	114
470	117
732	121
862	121
1045	121
1303	121
186	123
200	123
993	123
1256	123
1371	123
1453	123
1524	123
1566	123
279	126
373	126
1105	126
1169	126
1375	126
387	128
864	128
955	128
631	129
321	134
337	134
145	139
186	139
210	139
515	139
710	139
952	139
1096	139
1144	139
1344	139
1404	139
716	140
399	142
597	143
186	145
209	145
515	145
1144	145
1174	145
1344	145
1371	145
157	147
186	149
247	149
435	149
993	149
996	149
1173	149
1293	149
1566	149
844	150
877	153
962	153
1334	153
340	156
749	156
918	156
1030	156
1041	156
1118	156
1124	156
1135	156
1532	156
186	160
204	160
208	160
209	160
376	160
388	160
433	160
496	160
510	160
511	160
520	160
536	160
545	160
595	160
661	160
667	160
751	160
810	160
853	160
903	160
952	160
958	160
969	160
985	160
1021	160
1076	160
1148	160
1162	160
1179	160
1217	160
1342	160
1371	160
1404	160
1477	160
1490	160
186	166
435	166
597	166
608	166
718	166
786	166
796	166
930	166
979	166
993	166
996	166
1220	166
1483	166
1524	166
1566	166
516	169
321	170
337	170
372	170
636	170
783	170
1388	170
446	174
468	174
902	174
983	174
1184	174
341	176
424	176
509	176
547	176
601	176
678	176
680	176
967	176
1078	176
1140	176
1343	176
1398	176
1462	176
1547	176
1336	178
474	181
483	181
546	181
791	181
1213	181
1485	181
358	184
369	184
423	184
490	184
514	184
638	184
666	184
737	184
894	184
1061	184
1377	184
1418	184
208	186
209	186
265	186
435	186
510	186
595	186
597	186
608	186
751	186
774	186
796	186
930	186
952	186
958	186
969	186
979	186
993	186
996	186
1173	186
1194	186
1217	186
1293	186
1371	186
1432	186
1453	186
1483	186
1566	186
215	189
246	189
375	189
427	189
468	189
761	189
902	189
949	189
976	189
983	189
1092	189
1144	189
1187	189
1433	189
1554	189
499	195
925	195
213	196
886	196
1112	196
1552	196
433	200
584	200
592	200
1256	200
1371	200
1453	200
1524	200
775	201
208	204
209	204
376	204
388	204
417	204
433	204
496	204
506	204
510	204
520	204
545	204
595	204
751	204
810	204
853	204
903	204
952	204
958	204
969	204
1021	204
1044	204
1076	204
1162	204
1179	204
1217	204
1233	204
1342	204
1371	204
1453	204
1477	204
1511	204
1183	205
1227	205
1311	205
1489	205
1499	205
209	208
376	208
388	208
433	208
496	208
506	208
510	208
511	208
520	208
545	208
595	208
667	208
723	208
751	208
810	208
853	208
901	208
903	208
952	208
958	208
969	208
1021	208
1076	208
1148	208
1162	208
1179	208
1217	208
1233	208
1340	208
1342	208
1371	208
1477	208
1511	208
376	209
388	209
433	209
453	209
496	209
510	209
511	209
520	209
536	209
545	209
595	209
661	209
667	209
751	209
810	209
853	209
903	209
952	209
958	209
969	209
1021	209
1076	209
1148	209
1162	209
1174	209
1179	209
1217	209
1342	209
1371	209
1404	209
710	210
1096	210
1200	210
320	211
427	211
731	211
861	211
902	211
983	211
1092	211
1144	211
1498	211
886	213
1112	213
1552	213
427	215
468	215
902	215
983	215
1184	215
1187	215
436	217
385	219
1113	227
1185	227
371	228
456	228
512	228
519	228
586	228
725	228
1080	228
1407	228
1410	228
1485	228
1583	228
768	233
1246	233
1376	233
1406	233
1407	233
1410	233
1583	233
1294	235
1548	237
1000	242
359	246
375	246
468	246
902	246
949	246
976	246
1144	246
1167	246
1187	246
1554	246
735	248
1348	253
301	259
350	259
351	259
540	259
594	259
659	259
847	259
898	259
1158	259
877	263
1334	263
417	265
520	265
679	265
751	265
901	265
936	265
952	265
958	265
1173	265
1453	265
1463	265
1507	265
438	269
984	273
1175	273
1336	276
469	277
373	279
1105	279
1169	279
1375	279
1418	279
1430	282
1576	282
483	284
1065	284
748	289
622	290
733	295
793	295
368	296
652	296
1083	296
1119	296
1170	296
1172	296
1176	296
1349	296
1521	296
1225	298
1533	298
810	300
1179	300
350	301
351	301
540	301
594	301
634	301
659	301
847	301
898	301
1153	301
1158	301
1394	301
1454	301
459	304
425	312
822	312
1022	312
1419	312
1516	312
1525	312
340	315
749	315
1041	315
1376	315
1430	315
1041	316
723	317
1129	317
1415	317
1254	318
427	320
731	320
861	320
983	320
1092	320
1144	320
1498	320
337	321
372	321
636	321
703	321
783	321
1284	321
1388	321
1156	324
724	328
1361	334
372	337
636	337
703	337
783	337
1388	337
454	339
845	339
864	339
876	339
916	339
1129	339
1558	339
749	340
915	340
918	340
1030	340
1041	340
1118	340
1124	340
1135	340
1532	340
424	341
509	341
547	341
601	341
678	341
680	341
967	341
1140	341
1343	341
1398	341
1462	341
1547	341
954	342
1542	342
1180	348
351	350
540	350
594	350
634	350
659	350
847	350
898	350
1153	350
1158	350
1394	350
1454	350
540	351
594	351
634	351
659	351
847	351
898	351
1153	351
1158	351
1394	351
1454	351
1066	352
405	355
574	355
691	355
791	355
842	355
1078	355
1240	355
1413	355
369	358
423	358
490	358
514	358
737	358
894	358
1061	358
1377	358
1418	358
375	359
468	359
902	359
949	359
976	359
1554	359
774	360
691	368
1170	368
1176	368
1349	368
1521	368
420	369
423	369
490	369
514	369
638	369
666	369
737	369
849	369
894	369
1061	369
1319	369
1377	369
1418	369
519	371
586	371
725	371
1080	371
1407	371
1410	371
1485	371
1583	371
1105	373
1169	373
1375	373
468	375
902	375
949	375
976	375
1167	375
1187	375
1554	375
388	376
496	376
510	376
520	376
536	376
545	376
595	376
667	376
751	376
810	376
853	376
903	376
952	376
969	376
985	376
1076	376
1162	376
1179	376
1217	376
1342	376
1371	376
1511	376
426	377
452	377
954	385
1542	385
864	387
955	387
417	388
433	388
496	388
506	388
510	388
511	388
520	388
545	388
595	388
661	388
667	388
751	388
810	388
853	388
903	388
936	388
952	388
958	388
969	388
985	388
1021	388
1055	388
1076	388
1148	388
1162	388
1179	388
1217	388
1233	388
1234	388
1342	388
1371	388
1477	388
1507	388
1511	388
681	392
1262	392
771	393
1348	395
1014	397
1278	397
1368	397
991	398
998	402
1107	402
1247	402
1568	403
1236	404
1350	404
483	405
574	405
691	405
791	405
842	405
1240	405
1413	405
635	406
672	406
841	406
464	410
1539	412
608	414
718	414
1483	414
450	417
510	417
595	417
644	417
679	417
719	417
860	417
901	417
936	417
952	417
973	417
1031	417
1055	417
1233	417
1308	417
1342	417
1463	417
1507	417
1526	417
423	420
472	420
612	420
647	420
1106	420
1319	420
1443	420
1556	420
490	423
514	423
638	423
666	423
737	423
894	423
1061	423
1319	423
1377	423
1418	423
509	424
547	424
601	424
678	424
680	424
967	424
1140	424
1343	424
1398	424
1462	424
1547	424
822	425
1022	425
1194	425
1419	425
1516	425
1535	425
452	426
446	427
468	427
731	427
761	427
826	427
861	427
902	427
976	427
983	427
1092	427
1144	427
1187	427
1395	427
1554	427
455	428
540	431
1394	431
758	432
859	432
496	433
506	433
510	433
520	433
545	433
595	433
667	433
751	433
810	433
853	433
903	433
952	433
958	433
969	433
985	433
1021	433
1076	433
1148	433
1162	433
1179	433
1217	433
1342	433
1371	433
1477	433
736	434
597	435
608	435
718	435
796	435
930	435
979	435
993	435
996	435
1371	435
1483	435
1524	435
1566	435
1294	442
1126	443
468	446
902	446
983	446
663	447
1286	448
700	449
792	449
1379	449
644	450
719	450
860	450
936	450
968	450
1031	450
1233	450
1308	450
1526	450
985	453
1162	453
469	454
845	454
864	454
876	454
916	454
957	454
1266	454
1487	454
1558	454
945	461
606	463
729	465
1365	465
515	466
1116	466
1144	466
1344	466
902	468
949	468
976	468
983	468
1092	468
1144	468
1167	468
1187	468
1395	468
1554	468
957	469
612	472
647	472
900	472
1106	472
1319	472
1443	472
1556	472
483	474
546	474
791	474
1213	474
1485	474
998	478
635	482
546	483
574	483
791	483
859	483
1065	483
1130	483
1213	483
1242	483
1413	483
1485	483
1573	483
884	489
991	489
514	490
638	490
666	490
737	490
894	490
1061	490
1377	490
1418	490
1271	494
1016	495
506	496
510	496
511	496
520	496
536	496
545	496
595	496
667	496
751	496
810	496
853	496
903	496
952	496
958	496
969	496
985	496
1021	496
1044	496
1076	496
1148	496
1162	496
1179	496
1217	496
1340	496
1342	496
1371	496
1404	496
1477	496
1490	496
1511	496
738	502
1286	502
810	506
1021	506
1076	506
1162	506
1179	506
1342	506
547	509
601	509
678	509
680	509
967	509
1078	509
1140	509
1343	509
1398	509
1462	509
1547	509
511	510
520	510
545	510
595	510
667	510
679	510
751	510
810	510
853	510
903	510
952	510
958	510
969	510
985	510
1021	510
1031	510
1044	510
1076	510
1148	510
1162	510
1179	510
1217	510
1233	510
1342	510
1371	510
1404	510
1511	510
1526	510
520	511
595	511
633	511
667	511
810	511
853	511
903	511
969	511
1037	511
1162	511
1179	511
1217	511
1342	511
519	512
725	512
638	514
666	514
737	514
894	514
1061	514
1377	514
1418	514
1116	515
1144	515
1344	515
873	517
927	517
937	517
586	519
725	519
1080	519
1407	519
1410	519
1485	519
1583	519
545	520
595	520
667	520
751	520
810	520
853	520
903	520
936	520
952	520
958	520
969	520
1076	520
1148	520
1162	520
1179	520
1217	520
1340	520
1342	520
1371	520
1511	520
772	521
1000	522
595	536
810	536
853	536
903	536
1179	536
594	540
634	540
659	540
847	540
898	540
1153	540
1158	540
1394	540
1404	540
1454	540
1512	541
595	545
661	545
667	545
751	545
810	545
853	545
860	545
903	545
952	545
958	545
1055	545
1076	545
1162	545
1179	545
1217	545
1342	545
1371	545
1526	545
791	546
1213	546
1485	546
601	547
678	547
680	547
967	547
1078	547
1140	547
1343	547
1398	547
1462	547
1547	547
746	555
1081	558
1354	558
621	559
570	560
729	560
1060	560
1365	560
1378	560
729	570
1060	570
1365	570
1378	570
791	574
842	574
971	574
1054	574
1240	574
1413	574
1032	576
1374	582
1450	582
1256	584
725	586
1080	586
1583	586
1484	587
1193	592
1453	592
634	594
659	594
847	594
898	594
1153	594
1158	594
1394	594
1454	594
661	595
667	595
751	595
810	595
853	595
903	595
936	595
952	595
958	595
969	595
985	595
1044	595
1076	595
1148	595
1162	595
1179	595
1217	595
1234	595
1342	595
1371	595
1404	595
1477	595
1490	595
1511	595
891	596
1065	596
1449	596
608	597
729	597
796	597
979	597
993	597
996	597
1173	597
1365	597
1371	597
1453	597
1483	597
1566	597
678	601
680	601
967	601
1140	601
1343	601
1398	601
1462	601
1547	601
1567	607
718	608
796	608
979	608
993	608
996	608
1453	608
1483	608
1566	608
637	610
813	610
1469	610
1287	611
647	612
1106	612
1319	612
1443	612
1556	612
672	623
1029	625
1048	625
1456	625
1253	630
1345	630
1351	630
659	634
847	634
898	634
1153	634
1158	634
1394	634
672	635
841	635
894	635
991	635
783	636
813	637
1037	637
1469	637
666	638
737	638
894	638
1061	638
1377	638
1418	638
766	639
1242	639
1385	643
719	644
860	644
973	644
1233	644
1308	644
1526	644
1106	647
1319	647
1443	647
1556	647
1083	652
1119	652
1172	652
1176	652
1195	655
847	659
898	659
1153	659
1158	659
1394	659
1404	659
1454	659
853	661
903	661
1174	661
1179	661
1371	661
737	666
894	666
1061	666
1319	666
1377	666
1418	666
751	667
810	667
853	667
903	667
916	667
952	667
958	667
969	667
1076	667
1148	667
1162	667
1179	667
1217	667
1342	667
1371	667
1477	667
1511	667
781	670
1367	670
841	672
884	672
991	672
680	678
967	678
1078	678
1140	678
1343	678
1398	678
1462	678
1547	678
719	679
860	679
901	679
936	679
952	679
973	679
1173	679
1179	679
1233	679
1342	679
1453	679
1463	679
1507	679
1526	679
967	680
1078	680
1140	680
1343	680
1398	680
1462	680
1547	680
1262	681
1283	681
719	686
860	686
973	686
1308	686
791	691
1176	691
1349	691
1413	691
1521	691
1365	700
1407	701
1410	701
1437	701
1525	701
1583	701
1294	707
972	709
978	709
1096	710
1200	710
1234	717
1461	717
796	718
979	718
993	718
996	718
1483	718
1566	718
860	719
936	719
973	719
1233	719
1308	719
1342	719
1507	719
1526	719
1148	723
1415	723
1080	725
1407	725
1410	725
1485	725
1583	725
883	729
1060	729
1365	729
1378	729
861	731
983	731
1092	731
1144	731
1498	731
1543	731
862	732
1045	732
1303	732
894	737
991	737
1061	737
1377	737
1418	737
1286	738
907	744
1581	745
915	749
918	749
1030	749
1041	749
1118	749
1124	749
1135	749
1430	749
1532	749
810	751
853	751
903	751
952	751
958	751
969	751
996	751
1076	751
1087	751
1148	751
1162	751
1179	751
1217	751
1340	751
1342	751
1371	751
1404	751
1490	751
1258	752
1425	752
859	758
1187	761
850	762
1514	762
1242	766
1246	768
1376	768
1406	768
1410	768
1583	768
1411	770
1168	775
1367	781
1388	783
1165	785
796	786
979	786
971	791
1054	791
1213	791
1240	791
1413	791
1485	791
979	796
993	796
996	796
1453	796
1483	796
1566	796
834	804
1407	804
1437	804
1525	804
1583	804
1503	807
853	810
903	810
952	810
958	810
969	810
985	810
1021	810
1076	810
1148	810
1162	810
1179	810
1217	810
1342	810
1371	810
1404	810
1477	810
1511	810
839	813
1469	813
928	814
1325	820
1022	822
1194	822
1419	822
1516	822
902	826
1184	826
1346	828
1465	833
1407	834
1410	834
1437	834
1525	834
1583	834
1279	836
1469	839
905	841
1037	841
1240	842
1413	842
864	845
876	845
916	845
1129	845
1558	845
898	847
1153	847
1158	847
1394	847
1404	847
1454	847
1514	850
903	853
952	853
958	853
969	853
996	853
1021	853
1076	853
1141	853
1148	853
1162	853
1174	853
1179	853
1217	853
1342	853
1371	853
1404	853
1477	853
1511	853
1524	853
1358	855
1065	859
936	860
952	860
1055	860
1233	860
1308	860
1507	860
1526	860
983	861
1092	861
1144	861
1395	861
1045	862
1303	862
876	864
916	864
955	864
1076	864
1129	864
1399	864
1558	864
927	873
937	873
1402	875
916	876
1558	876
962	877
1334	877
1436	881
1365	883
991	884
1525	884
1112	886
1552	886
988	889
1114	890
1449	891
1061	894
1377	894
1418	894
1153	898
1158	898
1394	898
1404	898
1454	898
936	901
952	901
958	901
995	901
1342	901
1507	901
949	902
976	902
983	902
1092	902
1144	902
1167	902
1187	902
1395	902
1554	902
952	903
958	903
969	903
1021	903
1055	903
1076	903
1085	903
1148	903
1162	903
1179	903
1217	903
1342	903
1371	903
1490	903
1511	903
962	905
1144	914
1498	914
1041	915
1124	915
1130	915
1135	915
1430	915
1129	916
1558	916
1030	918
1041	918
1118	918
1124	918
1135	918
1532	918
979	930
993	930
996	930
1371	930
1483	930
1566	930
952	936
958	936
1233	936
1308	936
1342	936
1371	936
1526	936
1273	940
1206	946
976	949
983	949
1167	949
1187	949
1554	949
958	952
969	952
995	952
1076	952
1148	952
1162	952
1179	952
1217	952
1234	952
1340	952
1342	952
1371	952
1453	952
1463	952
1477	952
1507	952
1511	952
1526	952
1542	954
1143	957
969	958
995	958
1021	958
1076	958
1162	958
1173	958
1179	958
1217	958
1340	958
1342	958
1371	958
1404	958
1477	958
1511	958
1154	960
1334	962
1078	967
1140	967
1343	967
1398	967
1462	967
1547	967
1031	968
1308	968
1342	968
985	969
991	969
1021	969
1076	969
1148	969
1162	969
1179	969
1217	969
1234	969
1342	969
1371	969
1477	969
1511	969
991	973
1308	973
983	976
1144	976
1167	976
1187	976
1554	976
993	979
996	979
1453	979
1483	979
1524	979
1566	979
1092	983
1144	983
1167	983
1187	983
1395	983
1175	984
1076	985
1179	985
1217	985
1234	985
1342	985
1371	985
996	993
1371	993
1432	993
1453	993
1483	993
1566	993
1076	996
1173	996
1220	996
1370	996
1371	996
1432	996
1453	996
1483	996
1566	996
1107	998
1247	998
1581	1000
1569	1007
1278	1014
1368	1014
1076	1021
1162	1021
1179	1021
1217	1021
1342	1021
1419	1022
1516	1022
1041	1030
1118	1030
1124	1030
1135	1030
1532	1030
1308	1031
1342	1031
1040	1034
1253	1034
1193	1040
1253	1040
1457	1040
1498	1040
1118	1041
1124	1041
1135	1041
1532	1041
1087	1044
1141	1044
1162	1044
1256	1044
1344	1044
1371	1044
1303	1045
1484	1047
1456	1048
1342	1055
1365	1060
1378	1060
1377	1061
1418	1061
1231	1065
1573	1065
1192	1070
1129	1076
1148	1076
1162	1076
1179	1076
1217	1076
1342	1076
1371	1076
1477	1076
1511	1076
1140	1078
1343	1078
1398	1078
1413	1078
1462	1078
1547	1078
1410	1080
1583	1080
1119	1083
1172	1083
1176	1083
1371	1085
1404	1085
1371	1087
1144	1092
1187	1092
1200	1096
1169	1105
1375	1105
1319	1106
1443	1106
1556	1106
1247	1107
1527	1111
1552	1112
1185	1113
1124	1118
1135	1118
1532	1118
1172	1119
1176	1119
1130	1124
1135	1124
1485	1124
1532	1124
1415	1129
1540	1130
1183	1131
1227	1131
1311	1131
1489	1131
1334	1133
1532	1135
1343	1140
1398	1140
1462	1140
1547	1140
1371	1141
1253	1144
1344	1144
1498	1144
1162	1148
1179	1148
1217	1148
1342	1148
1371	1148
1404	1148
1477	1148
1490	1148
1162	1149
1158	1153
1394	1153
1454	1153
1223	1154
1334	1157
1394	1158
1179	1162
1217	1162
1342	1162
1371	1162
1511	1162
1187	1167
1554	1167
1375	1169
1176	1170
1349	1170
1521	1170
1176	1172
1521	1172
1453	1173
1483	1173
1349	1176
1521	1176
1217	1179
1342	1179
1371	1179
1404	1179
1477	1179
1511	1179
1227	1183
1311	1183
1489	1183
1499	1183
1395	1187
1433	1187
1554	1187
1334	1191
1253	1193
1457	1193
1404	1194
1535	1194
1485	1213
1340	1217
1342	1217
1371	1217
1404	1217
1477	1217
1490	1217
1511	1217
1483	1220
1566	1220
1330	1221
1311	1227
1489	1227
1499	1227
1373	1230
1573	1231
1342	1233
1507	1233
1526	1233
1342	1234
1350	1236
1413	1240
1376	1246
1406	1246
1407	1246
1410	1246
1583	1246
1345	1253
1351	1253
1457	1253
1498	1253
1524	1256
1283	1262
1368	1278
1570	1280
1453	1293
1345	1302
1351	1302
1341	1305
1342	1308
1526	1308
1489	1311
1499	1311
1443	1319
1556	1319
1342	1340
1490	1340
1371	1342
1463	1342
1477	1342
1490	1342
1507	1342
1511	1342
1526	1342
1398	1343
1462	1343
1547	1343
1424	1344
1351	1345
1521	1349
1378	1365
1432	1371
1453	1371
1477	1371
1483	1371
1511	1371
1566	1371
1450	1374
1406	1376
1407	1376
1410	1376
1430	1376
1583	1376
1418	1377
1454	1394
1462	1398
1547	1398
1477	1404
1535	1404
1407	1406
1410	1406
1583	1406
1410	1407
1437	1407
1525	1407
1583	1407
1437	1410
1485	1410
1525	1410
1583	1410
1516	1419
1568	1422
1483	1432
1525	1437
1583	1437
1556	1443
1544	1448
1463	1453
1483	1453
1524	1453
1566	1453
1547	1462
1507	1463
1524	1483
1566	1483
1583	1485
1499	1489
1526	1507
1566	1524
1583	1525
