0	329
0	1330
5	686
5	1196
5	1209
5	1375
8	655
11	88
11	624
11	1318
13	1161
15	708
15	1388
16	62
16	253
16	345
16	364
16	456
16	790
16	793
16	915
16	1061
16	1099
16	1254
16	1324
16	1378
17	1012
22	515
22	993
27	671
27	790
27	1007
27	1087
27	1259
27	1378
28	1007
29	1013
29	1212
32	107
32	1248
37	62
37	63
37	101
37	186
37	191
37	335
37	456
37	466
37	470
37	496
37	505
37	609
37	618
37	748
37	790
37	834
37	906
37	1016
37	1072
37	1087
37	1119
37	1218
37	1236
37	1254
37	1259
38	1130
43	250
43	1155
50	1380
61	514
61	789
61	815
62	63
62	91
62	100
62	101
62	186
62	191
62	335
62	345
62	364
62	456
62	470
62	505
62	609
62	618
62	748
62	790
62	793
62	834
62	863
62	1016
62	1072
62	1087
62	1119
62	1135
62	1139
62	1228
62	1234
62	1236
62	1254
62	1259
62	1378
62	1386
63	100
63	135
63	183
63	191
63	214
63	345
63	391
63	456
63	470
63	609
63	618
63	748
63	790
63	793
63	834
63	954
63	960
63	1016
63	1072
63	1081
63	1087
63	1119
63	1139
63	1192
63	1236
63	1254
63	1259
63	1289
63	1364
63	1378
65	197
65	218
65	411
65	422
65	533
65	543
65	544
65	553
65	657
65	740
65	875
65	904
65	1005
65	1006
65	1086
65	1145
65	1383
68	657
68	875
68	1425
71	273
71	279
71	338
71	492
71	598
71	604
71	1394
72	456
72	620
72	954
72	1254
73	1187
73	1231
73	1274
73	1294
79	106
83	148
83	154
83	258
83	311
83	342
83	724
83	985
83	998
83	1071
83	1276
91	244
91	364
91	629
91	793
91	868
91	1016
91	1040
91	1081
91	1219
91	1254
91	1364
91	1378
91	1382
93	278
93	324
93	325
93	397
93	500
93	549
93	572
93	687
93	784
93	788
93	795
93	1064
93	1068
93	1123
93	1142
93	1281
93	1289
93	1334
93	1359
95	215
95	241
95	270
95	532
95	673
95	744
95	772
95	1136
95	1173
95	1264
95	1277
95	1291
95	1292
95	1295
95	1320
95	1321
95	1363
95	1451
95	1454
96	1395
99	801
100	131
100	183
100	191
100	214
100	335
100	345
100	352
100	470
100	505
100	547
100	612
100	790
100	793
100	834
100	914
100	917
100	933
100	954
100	960
100	1007
100	1016
100	1052
100	1072
100	1087
100	1119
100	1139
100	1156
100	1218
100	1236
100	1254
100	1259
100	1275
100	1289
100	1364
101	186
101	191
101	345
101	456
101	466
101	470
101	496
101	505
101	609
101	618
101	748
101	790
101	834
101	1016
101	1072
101	1087
101	1119
101	1236
101	1254
106	578
106	963
107	792
107	1248
109	284
109	323
109	531
109	969
114	159
114	628
114	630
114	1284
115	357
115	573
115	859
115	1263
117	355
117	801
118	583
119	486
119	660
124	1377
129	367
131	191
131	475
131	494
131	571
131	793
131	1007
131	1259
131	1364
134	384
134	832
134	868
134	1382
135	214
135	229
135	401
135	566
135	793
135	870
135	914
135	917
135	1056
135	1081
135	1139
135	1192
135	1436
136	231
136	644
136	777
136	947
139	339
140	1411
141	458
141	540
141	605
141	696
141	846
141	1031
141	1036
141	1047
143	1193
146	202
146	307
146	554
146	568
146	582
146	634
146	1214
148	154
148	258
148	311
148	724
148	985
148	998
148	1071
148	1149
148	1276
152	657
152	875
152	1006
152	1425
154	258
154	311
154	342
154	724
154	985
154	998
154	1071
154	1276
155	384
155	596
155	667
155	797
155	892
155	950
155	1151
155	1206
155	1399
159	628
159	630
159	1284
161	1230
164	284
164	436
164	1363
165	435
173	1378
177	278
177	687
177	788
180	648
182	913
183	539
183	547
183	793
183	823
183	1156
183	1259
183	1379
185	1350
186	191
186	335
186	345
186	384
186	456
186	466
186	470
186	505
186	609
186	748
186	790
186	834
186	954
186	960
186	1016
186	1072
186	1087
186	1119
186	1218
186	1236
186	1254
186	1259
186	1364
186	1378
186	1386
186	1416
191	335
191	345
191	374
191	418
191	456
191	470
191	494
191	496
191	505
191	536
191	609
191	612
191	618
191	748
191	790
191	793
191	834
191	954
191	1016
191	1059
191	1072
191	1087
191	1119
191	1218
191	1236
191	1254
191	1259
191	1289
191	1364
196	330
196	339
196	590
196	668
197	543
197	544
197	553
197	657
197	904
197	1006
197	1086
197	1145
197	1383
202	307
202	554
202	568
202	582
202	634
202	1214
202	1453
205	483
205	487
205	767
207	221
212	462
212	503
212	1331
214	320
214	352
214	401
214	562
214	566
214	737
214	793
214	870
214	914
214	917
214	1048
214	1056
214	1081
214	1139
214	1192
214	1211
214	1259
214	1361
214	1436
215	241
215	1136
215	1264
215	1291
215	1292
215	1295
215	1451
215	1454
217	1193
218	411
218	553
218	740
218	1145
223	1026
223	1092
225	271
231	644
231	777
231	947
232	1264
237	392
237	493
241	1136
241	1264
241	1291
241	1295
241	1454
244	252
244	364
244	384
244	433
244	629
244	832
244	863
244	868
244	874
244	878
244	1040
244	1081
244	1219
244	1228
244	1254
244	1364
244	1382
245	1095
250	1155
252	364
252	384
252	433
252	629
252	797
252	863
252	868
252	874
252	1040
252	1228
252	1382
252	1399
253	915
253	1061
253	1099
253	1259
255	1230
258	311
258	342
258	724
258	985
258	998
258	1071
258	1276
260	502
260	1313
261	912
264	659
264	1009
264	1104
264	1176
268	575
270	744
270	772
270	1136
270	1173
270	1292
270	1320
270	1321
270	1451
273	279
273	338
273	492
273	598
273	604
273	1032
273	1394
274	955
277	748
277	1087
278	324
278	325
278	500
278	549
278	572
278	687
278	784
278	788
278	1064
278	1068
278	1123
278	1142
278	1281
278	1334
278	1359
279	338
279	492
279	598
279	604
279	1394
284	323
284	436
284	531
284	969
284	1004
284	1313
284	1363
286	864
293	473
293	671
293	1041
293	1299
299	533
299	543
299	657
299	904
299	1005
300	376
300	776
300	955
305	697
307	554
307	568
307	582
307	634
307	1214
307	1453
308	1251
311	342
311	724
311	985
311	998
311	1071
311	1149
311	1276
313	567
313	801
313	844
313	938
313	1041
313	1194
313	1429
316	1414
320	340
320	352
320	381
320	401
320	562
320	666
320	727
320	737
320	870
320	914
320	917
320	926
320	972
320	1048
320	1056
320	1122
320	1139
320	1275
320	1361
320	1434
320	1436
321	455
323	531
323	969
324	325
324	500
324	549
324	572
324	687
324	784
324	788
324	1064
324	1068
324	1142
324	1281
324	1334
324	1359
325	500
325	549
325	572
325	687
325	784
325	788
325	1064
325	1068
325	1142
325	1281
325	1334
325	1359
326	980
329	1330
330	339
330	668
335	345
335	456
335	470
335	609
335	748
335	790
335	834
335	954
335	1016
335	1072
335	1087
335	1119
335	1236
335	1254
335	1259
335	1364
335	1386
338	492
338	598
338	1394
339	590
339	668
339	1216
340	381
340	562
340	666
340	737
340	1048
340	1361
342	545
342	985
342	998
345	456
345	470
345	496
345	505
345	609
345	618
345	620
345	748
345	790
345	834
345	906
345	954
345	1016
345	1072
345	1087
345	1119
345	1236
345	1254
345	1259
345	1364
345	1386
352	401
352	509
352	562
352	566
352	666
352	727
352	737
352	793
352	870
352	914
352	917
352	926
352	972
352	1048
352	1056
352	1122
352	1139
352	1259
352	1275
352	1361
352	1434
352	1436
355	801
357	573
357	859
357	1263
360	1161
363	1242
364	384
364	433
364	470
364	629
364	793
364	797
364	863
364	868
364	874
364	878
364	917
364	990
364	1016
364	1040
364	1081
364	1087
364	1228
364	1236
364	1254
364	1364
364	1378
364	1382
364	1386
364	1399
369	468
370	919
370	1148
372	531
372	1141
373	409
373	623
373	778
373	1033
376	776
376	955
380	470
380	620
380	793
380	1254
381	562
381	666
381	1048
381	1361
382	1109
384	433
384	470
384	596
384	620
384	629
384	667
384	797
384	832
384	863
384	868
384	874
384	878
384	950
384	970
384	990
384	1040
384	1151
384	1206
384	1228
384	1236
384	1254
384	1364
384	1378
384	1382
384	1399
386	522
389	1225
391	760
391	924
391	941
391	1061
391	1099
392	493
394	420
395	442
397	500
397	1281
397	1359
401	562
401	566
401	666
401	737
401	870
401	914
401	917
401	926
401	972
401	1048
401	1056
401	1139
401	1259
401	1361
401	1434
401	1436
403	806
403	931
403	1269
408	723
408	1038
409	514
409	790
409	952
409	1444
411	422
411	553
411	657
411	740
411	904
411	984
411	1145
416	566
418	906
418	983
418	1072
420	932
422	657
422	740
422	1145
424	492
424	604
425	871
426	1204
427	464
427	560
427	1014
427	1113
427	1428
429	467
429	1249
429	1253
430	475
430	494
430	571
431	697
433	629
433	667
433	797
433	832
433	868
433	874
433	878
433	990
433	1040
433	1228
433	1236
433	1254
433	1364
433	1382
433	1399
436	1363
437	543
437	904
438	695
439	890
440	919
445	514
446	615
446	747
446	1036
446	1335
448	510
454	1170
456	466
456	470
456	496
456	505
456	609
456	618
456	620
456	748
456	790
456	793
456	834
456	906
456	954
456	960
456	1016
456	1059
456	1072
456	1087
456	1119
456	1190
456	1218
456	1234
456	1236
456	1254
456	1259
456	1289
456	1378
456	1386
458	502
458	540
458	605
458	696
458	843
458	846
458	1031
458	1036
458	1047
458	1109
458	1313
462	503
462	1331
464	560
464	1014
464	1113
464	1428
466	609
466	748
466	1016
466	1072
466	1087
466	1190
466	1218
466	1236
467	975
467	1013
467	1249
467	1253
467	1266
470	505
470	536
470	609
470	618
470	620
470	629
470	748
470	790
470	834
470	906
470	950
470	960
470	1016
470	1059
470	1072
470	1087
470	1119
470	1139
470	1228
470	1236
470	1254
470	1259
470	1289
470	1386
470	1399
472	532
472	673
472	1277
473	1041
473	1299
475	571
483	487
483	767
486	660
486	1072
486	1254
487	767
492	598
492	604
492	628
492	1032
492	1394
494	569
494	657
494	793
494	875
494	917
494	1056
494	1139
494	1163
494	1254
494	1259
494	1364
494	1425
496	609
496	748
496	790
496	834
496	1016
496	1087
496	1218
496	1254
500	549
500	572
500	687
500	784
500	788
500	795
500	1064
500	1068
500	1142
500	1281
500	1289
500	1334
500	1359
502	696
502	843
502	1313
503	1331
504	934
504	1177
505	609
505	612
505	618
505	748
505	790
505	797
505	834
505	954
505	970
505	1016
505	1072
505	1087
505	1119
505	1218
505	1236
505	1254
505	1259
505	1364
505	1378
505	1399
509	566
509	914
514	688
514	806
514	912
515	993
531	969
531	1141
532	673
532	1277
532	1292
532	1295
532	1363
532	1451
533	543
533	657
533	904
533	1005
533	1006
535	1319
536	748
536	790
536	834
536	1236
539	1156
539	1254
540	605
540	696
540	846
540	1031
540	1036
540	1047
543	553
543	657
543	904
543	1005
543	1006
543	1086
543	1383
544	553
544	657
549	572
549	687
549	784
549	788
549	795
549	1064
549	1068
549	1142
549	1281
549	1334
549	1359
553	657
553	740
553	904
553	1005
553	1006
553	1086
553	1145
553	1383
554	568
554	582
554	634
554	1214
560	1014
560	1113
560	1428
562	666
562	737
562	870
562	914
562	917
562	926
562	1048
562	1056
562	1139
562	1361
562	1436
566	717
566	870
566	914
566	972
566	1048
566	1072
566	1139
566	1259
566	1361
566	1436
567	618
567	801
567	844
567	938
567	1041
567	1194
567	1285
567	1429
568	582
568	634
568	1214
568	1453
571	742
571	1289
572	681
572	687
572	784
572	788
572	1064
572	1068
572	1142
572	1281
572	1334
572	1359
573	859
573	1263
576	623
578	963
580	812
582	634
582	1214
584	964
584	1354
584	1358
590	668
593	655
596	667
596	797
596	1151
596	1206
596	1254
596	1399
598	628
598	1394
602	855
602	1003
604	1032
605	696
605	747
605	846
605	1031
605	1036
605	1047
609	618
609	748
609	790
609	834
609	954
609	1016
609	1059
609	1072
609	1087
609	1119
609	1218
609	1236
609	1254
609	1259
609	1378
609	1386
612	790
612	834
612	954
612	1016
612	1087
612	1218
612	1259
612	1288
615	747
615	1036
615	1335
618	748
618	790
618	793
618	834
618	844
618	1016
618	1059
618	1072
618	1087
618	1119
618	1236
618	1254
618	1259
618	1378
618	1386
620	629
620	793
620	834
620	960
620	1072
620	1119
620	1206
620	1236
620	1254
620	1259
620	1378
620	1453
623	778
623	912
624	1318
625	907
628	630
628	1284
629	667
629	797
629	832
629	863
629	868
629	874
629	878
629	990
629	1040
629	1081
629	1087
629	1151
629	1219
629	1228
629	1236
629	1254
629	1364
629	1382
629	1399
630	1284
634	1214
644	777
644	947
657	740
657	848
657	875
657	904
657	1005
657	1006
657	1086
657	1145
657	1383
657	1425
659	1009
659	1104
659	1176
665	1135
666	737
666	870
666	914
666	917
666	1048
666	1361
666	1434
666	1436
667	797
667	863
667	868
667	874
667	878
667	1040
667	1151
667	1206
667	1228
667	1236
667	1254
667	1382
667	1399
671	1007
671	1059
671	1299
673	1277
673	1292
673	1295
673	1363
673	1451
674	769
681	1142
686	1196
686	1209
686	1375
687	784
687	788
687	1064
687	1068
687	1123
687	1142
687	1281
687	1334
687	1359
691	1269
696	843
696	846
696	1031
696	1036
696	1047
696	1313
704	796
707	1006
707	1086
707	1383
708	1388
716	1446
720	1232
724	985
724	998
724	1071
724	1276
727	737
727	926
727	972
727	1048
729	1242
735	1305
737	870
737	914
737	917
737	926
737	972
737	1048
737	1056
737	1139
737	1361
737	1434
737	1436
740	904
740	984
740	1145
741	1118
744	772
744	1136
744	1173
744	1292
744	1320
744	1321
744	1451
747	1036
747	1335
747	1363
748	790
748	834
748	906
748	954
748	1016
748	1059
748	1072
748	1087
748	1119
748	1190
748	1218
748	1236
748	1254
748	1259
748	1289
748	1378
748	1386
752	855
752	1003
760	941
760	1061
760	1099
769	920
770	875
770	1425
772	1136
772	1173
772	1292
772	1295
772	1320
772	1321
772	1451
777	947
778	955
784	788
784	1064
784	1068
784	1123
784	1142
784	1281
784	1289
784	1334
784	1359
788	1064
788	1068
788	1123
788	1142
788	1281
788	1334
788	1359
790	793
790	834
790	917
790	954
790	1016
790	1048
790	1052
790	1059
790	1072
790	1087
790	1119
790	1139
790	1190
790	1218
790	1236
790	1254
790	1259
790	1289
790	1364
790	1386
790	1453
792	1248
793	906
793	914
793	917
793	960
793	1007
793	1016
793	1048
793	1052
793	1056
793	1081
793	1087
793	1119
793	1139
793	1192
793	1234
793	1236
793	1254
793	1259
793	1289
793	1364
793	1378
793	1386
793	1436
795	1334
795	1359
797	863
797	868
797	878
797	970
797	1040
797	1151
797	1206
797	1228
797	1254
797	1364
797	1378
797	1382
797	1399
801	844
801	938
801	1041
801	1194
801	1285
801	1429
806	1033
812	886
812	1229
812	1269
822	1027
823	1156
832	863
832	868
832	878
832	916
832	1040
832	1228
832	1236
832	1254
832	1364
832	1382
834	954
834	970
834	1016
834	1059
834	1072
834	1087
834	1119
834	1139
834	1190
834	1218
834	1236
834	1254
834	1259
834	1378
834	1386
843	1036
843	1047
843	1313
844	938
844	1041
844	1194
844	1429
846	1031
846	1036
846	1047
855	1003
859	1263
863	868
863	878
863	1206
863	1228
863	1236
863	1254
863	1259
863	1364
863	1378
863	1399
868	874
868	878
868	1040
868	1081
868	1228
868	1236
868	1254
868	1364
868	1378
868	1382
868	1399
870	914
870	917
870	926
870	972
870	1048
870	1139
870	1361
870	1434
870	1436
874	878
874	990
874	1040
874	1087
874	1228
874	1254
874	1382
875	904
875	1006
875	1086
875	1383
875	1425
878	990
878	1040
878	1219
878	1228
878	1236
878	1254
878	1364
878	1378
878	1382
878	1399
886	1229
892	950
892	1206
892	1236
904	1005
904	1006
904	1086
904	1145
904	1383
906	1016
906	1087
906	1119
906	1135
906	1236
906	1254
906	1259
906	1378
909	1396
909	1403
912	1033
912	1277
914	917
914	926
914	972
914	1048
914	1056
914	1139
914	1259
914	1275
914	1361
914	1434
914	1436
915	1061
915	1099
915	1171
915	1324
916	1219
916	1228
916	1364
917	926
917	972
917	1048
917	1056
917	1081
917	1122
917	1139
917	1258
917	1259
917	1361
917	1434
917	1436
919	1148
926	972
926	1048
926	1056
926	1122
926	1139
926	1361
926	1434
926	1436
928	1439
934	1177
938	1041
938	1194
938	1429
950	1206
950	1236
950	1254
954	1016
954	1072
954	1087
954	1119
954	1139
954	1236
954	1386
960	1052
960	1072
960	1156
960	1259
964	1354
964	1358
968	1453
970	1236
970	1254
972	1048
972	1139
972	1361
972	1434
972	1436
975	1249
975	1253
975	1266
985	998
985	1071
985	1183
985	1276
990	1040
990	1087
990	1228
990	1236
990	1254
990	1364
990	1369
990	1378
990	1382
998	1071
998	1149
1005	1006
1005	1086
1005	1383
1006	1086
1006	1316
1006	1383
1006	1425
1007	1254
1007	1378
1009	1104
1009	1176
1013	1109
1013	1249
1013	1253
1013	1266
1014	1113
1014	1428
1016	1059
1016	1072
1016	1087
1016	1119
1016	1135
1016	1218
1016	1219
1016	1234
1016	1236
1016	1254
1016	1259
1016	1289
1016	1378
1016	1386
1024	1400
1025	1423
1026	1092
1031	1036
1031	1047
1033	1277
1036	1047
1036	1335
1036	1363
1040	1081
1040	1228
1040	1236
1040	1254
1040	1382
1040	1399
1041	1194
1041	1299
1045	1229
1048	1056
1048	1122
1048	1139
1048	1259
1048	1275
1048	1361
1048	1434
1048	1436
1052	1259
1052	1453
1056	1081
1056	1122
1056	1139
1056	1211
1056	1259
1056	1361
1056	1434
1056	1436
1059	1072
1059	1087
1059	1119
1059	1236
1059	1254
1059	1259
1059	1289
1059	1378
1061	1099
1061	1171
1061	1289
1061	1324
1064	1068
1064	1142
1064	1281
1064	1334
1064	1359
1068	1142
1068	1281
1068	1359
1070	1392
1072	1087
1072	1119
1072	1139
1072	1190
1072	1218
1072	1236
1072	1254
1072	1259
1072	1378
1072	1386
1081	1139
1081	1219
1081	1228
1081	1361
1086	1316
1086	1383
1087	1119
1087	1190
1087	1218
1087	1219
1087	1228
1087	1236
1087	1254
1087	1259
1087	1289
1087	1364
1087	1378
1087	1386
1099	1171
1099	1289
1099	1324
1106	1447
1113	1428
1119	1218
1119	1234
1119	1236
1119	1254
1119	1259
1119	1289
1119	1378
1119	1386
1122	1361
1122	1434
1122	1436
1135	1236
1135	1254
1136	1173
1136	1264
1136	1291
1136	1292
1136	1295
1136	1320
1136	1321
1136	1451
1136	1454
1139	1254
1139	1259
1139	1361
1139	1378
1139	1434
1139	1436
1142	1281
1142	1334
1142	1359
1151	1206
1151	1254
1151	1399
1156	1275
1156	1379
1171	1324
1173	1292
1173	1295
1173	1320
1173	1321
1173	1451
1187	1231
1187	1274
1187	1294
1194	1429
1196	1209
1196	1375
1200	1214
1206	1236
1206	1254
1206	1364
1206	1399
1209	1375
1218	1236
1218	1254
1218	1259
1219	1228
1219	1236
1219	1254
1219	1364
1219	1378
1227	1433
1228	1236
1228	1254
1228	1364
1228	1378
1228	1382
1229	1269
1231	1274
1231	1294
1234	1236
1234	1254
1234	1378
1236	1254
1236	1259
1236	1364
1236	1378
1236	1382
1236	1386
1236	1399
1236	1416
1249	1253
1253	1266
1254	1259
1254	1364
1254	1378
1254	1382
1254	1386
1254	1399
1254	1453
1258	1434
1259	1361
1259	1364
1259	1378
1259	1386
1259	1436
1264	1291
1264	1292
1264	1295
1264	1313
1264	1451
1264	1454
1269	1277
1275	1361
1277	1292
1277	1295
1277	1363
1277	1451
1281	1334
1281	1359
1289	1324
1289	1359
1291	1292
1291	1295
1291	1451
1291	1454
1292	1295
1292	1320
1292	1321
1292	1451
1292	1454
1295	1320
1295	1321
1295	1363
1295	1451
1295	1454
1320	1321
1320	1451
1321	1451
1334	1359
1354	1358
1361	1434
1361	1436
1363	1451
1364	1378
1364	1382
1364	1399
1378	1382
1378	1386
1382	1399
1383	1425
1396	1403
1434	1436
1451	1454
329	0
1330	0
686	5
1196	5
1209	5
1375	5
655	8
88	11
624	11
1318	11
1161	13
708	15
1388	15
62	16
253	16
345	16
364	16
456	16
790	16
793	16
915	16
1061	16
1099	16
1254	16
1324	16
1378	16
1012	17
515	22
993	22
671	27
790	27
1007	27
1087	27
1259	27
1378	27
1007	28
1013	29
1212	29
107	32
1248	32
62	37
63	37
101	37
186	37
191	37
335	37
456	37
466	37
470	37
496	37
505	37
609	37
618	37
748	37
790	37
834	37
906	37
1016	37
1072	37
1087	37
1119	37
1218	37
1236	37
1254	37
1259	37
1130	38
250	43
1155	43
1380	50
514	61
789	61
815	61
63	62
91	62
100	62
101	62
186	62
191	62
335	62
345	62
364	62
456	62
470	62
505	62
609	62
618	62
748	62
790	62
793	62
834	62
863	62
1016	62
1072	62
1087	62
1119	62
1135	62
1139	62
1228	62
1234	62
1236	62
1254	62
1259	62
1378	62
1386	62
100	63
135	63
183	63
191	63
214	63
345	63
391	63
456	63
470	63
609	63
618	63
748	63
790	63
793	63
834	63
954	63
960	63
1016	63
1072	63
1081	63
1087	63
1119	63
1139	63
1192	63
1236	63
1254	63
1259	63
1289	63
1364	63
1378	63
197	65
218	65
411	65
422	65
533	65
543	65
544	65
553	65
657	65
740	65
875	65
904	65
1005	65
1006	65
1086	65
1145	65
1383	65
657	68
875	68
1425	68
273	71
279	71
338	71
492	71
598	71
604	71
1394	71
456	72
620	72
954	72
1254	72
1187	73
1231	73
1274	73
1294	73
106	79
148	83
154	83
258	83
311	83
342	83
724	83
985	83
998	83
1071	83
1276	83
244	91
364	91
629	91
793	91
868	91
1016	91
1040	91
1081	91
1219	91
1254	91
1364	91
1378	91
1382	91
278	93
324	93
325	93
397	93
500	93
549	93
572	93
687	93
784	93
788	93
795	93
1064	93
1068	93
1123	93
1142	93
1281	93
1289	93
1334	93
1359	93
215	95
241	95
270	95
532	95
673	95
744	95
772	95
1136	95
1173	95
1264	95
1277	95
1291	95
1292	95
1295	95
1320	95
1321	95
1363	95
1451	95
1454	95
1395	96
801	99
131	100
183	100
191	100
214	100
335	100
345	100
352	100
470	100
505	100
547	100
612	100
790	100
793	100
834	100
914	100
917	100
933	100
954	100
960	100
1007	100
1016	100
1052	100
1072	100
1087	100
1119	100
1139	100
1156	100
1218	100
1236	100
1254	100
1259	100
1275	100
1289	100
1364	100
186	101
191	101
345	101
456	101
466	101
470	101
496	101
505	101
609	101
618	101
748	101
790	101
834	101
1016	101
1072	101
1087	101
1119	101
1236	101
1254	101
578	106
963	106
792	107
1248	107
284	109
323	109
531	109
969	109
159	114
628	114
630	114
1284	114
357	115
573	115
859	115
1263	115
355	117
801	117
583	118
486	119
660	119
1377	124
367	129
191	131
475	131
494	131
571	131
793	131
1007	131
1259	131
1364	131
384	134
832	134
868	134
1382	134
214	135
229	135
401	135
566	135
793	135
870	135
914	135
917	135
1056	135
1081	135
1139	135
1192	135
1436	135
231	136
644	136
777	136
947	136
339	139
1411	140
458	141
540	141
605	141
696	141
846	141
1031	141
1036	141
1047	141
1193	143
202	146
307	146
554	146
568	146
582	146
634	146
1214	146
154	148
258	148
311	148
724	148
985	148
998	148
1071	148
1149	148
1276	148
657	152
875	152
1006	152
1425	152
258	154
311	154
342	154
724	154
985	154
998	154
1071	154
1276	154
384	155
596	155
667	155
797	155
892	155
950	155
1151	155
1206	155
1399	155
628	159
630	159
1284	159
1230	161
284	164
436	164
1363	164
435	165
1378	173
278	177
687	177
788	177
648	180
913	182
539	183
547	183
793	183
823	183
1156	183
1259	183
1379	183
1350	185
191	186
335	186
345	186
384	186
456	186
466	186
470	186
505	186
609	186
748	186
790	186
834	186
954	186
960	186
1016	186
1072	186
1087	186
1119	186
1218	186
1236	186
1254	186
1259	186
1364	186
1378	186
1386	186
1416	186
335	191
345	191
374	191
418	191
456	191
470	191
494	191
496	191
505	191
536	191
609	191
612	191
618	191
748	191
790	191
793	191
834	191
954	191
1016	191
1059	191
1072	191
1087	191
1119	191
1218	191
1236	191
1254	191
1259	191
1289	191
1364	191
330	196
339	196
590	196
668	196
543	197
544	197
553	197
657	197
904	197
1006	197
1086	197
1145	197
1383	197
307	202
554	202
568	202
582	202
634	202
1214	202
1453	202
483	205
487	205
767	205
221	207
462	212
503	212
1331	212
320	214
352	214
401	214
562	214
566	214
737	214
793	214
870	214
914	214
917	214
1048	214
1056	214
1081	214
1139	214
1192	214
1211	214
1259	214
1361	214
1436	214
241	215
1136	215
1264	215
1291	215
1292	215
1295	215
1451	215
1454	215
1193	217
411	218
553	218
740	218
1145	218
1026	223
1092	223
271	225
644	231
777	231
947	231
1264	232
392	237
493	237
1136	241
1264	241
1291	241
1295	241
1454	241
252	244
364	244
384	244
433	244
629	244
832	244
863	244
868	244
874	244
878	244
1040	244
1081	244
1219	244
1228	244
1254	244
1364	244
1382	244
1095	245
1155	250
364	252
384	252
433	252
629	252
797	252
863	252
868	252
874	252
1040	252
1228	252
1382	252
1399	252
915	253
1061	253
1099	253
1259	253
1230	255
311	258
342	258
724	258
985	258
998	258
1071	258
1276	258
502	260
1313	260
912	261
659	264
1009	264
1104	264
1176	264
575	268
744	270
772	270
1136	270
1173	270
1292	270
1320	270
1321	270
1451	270
279	273
338	273
492	273
598	273
604	273
1032	273
1394	273
955	274
748	277
1087	277
324	278
325	278
500	278
549	278
572	278
687	278
784	278
788	278
1064	278
1068	278
1123	278
1142	278
1281	278
1334	278
1359	278
338	279
492	279
598	279
604	279
1394	279
323	284
436	284
531	284
969	284
1004	284
1313	284
1363	284
864	286
473	293
671	293
1041	293
1299	293
533	299
543	299
657	299
904	299
1005	299
376	300
776	300
955	300
697	305
554	307
568	307
582	307
634	307
1214	307
1453	307
1251	308
342	311
724	311
985	311
998	311
1071	311
1149	311
1276	311
567	313
801	313
844	313
938	313
1041	313
1194	313
1429	313
1414	316
340	320
352	320
381	320
401	320
562	320
666	320
727	320
737	320
870	320
914	320
917	320
926	320
972	320
1048	320
1056	320
1122	320
1139	320
1275	320
1361	320
1434	320
1436	320
455	321
531	323
969	323
325	324
500	324
549	324
572	324
687	324
784	324
788	324
1064	324
1068	324
1142	324
1281	324
1334	324
1359	324
500	325
549	325
572	325
687	325
784	325
788	325
1064	325
1068	325
1142	325
1281	325
1334	325
1359	325
980	326
1330	329
339	330
668	330
345	335
456	335
470	335
609	335
748	335
790	335
834	335
954	335
1016	335
1072	335
1087	335
1119	335
1236	335
1254	335
1259	335
1364	335
1386	335
492	338
598	338
1394	338
590	339
668	339
1216	339
381	340
562	340
666	340
737	340
1048	340
1361	340
545	342
985	342
998	342
456	345
470	345
496	345
505	345
609	345
618	345
620	345
748	345
790	345
834	345
906	345
954	345
1016	345
1072	345
1087	345
1119	345
1236	345
1254	345
1259	345
1364	345
1386	345
401	352
509	352
562	352
566	352
666	352
727	352
737	352
793	352
870	352
914	352
917	352
926	352
972	352
1048	352
1056	352
1122	352
1139	352
1259	352
1275	352
1361	352
1434	352
1436	352
801	355
573	357
859	357
1263	357
1161	360
1242	363
384	364
433	364
470	364
629	364
793	364
797	364
863	364
868	364
874	364
878	364
917	364
990	364
1016	364
1040	364
1081	364
1087	364
1228	364
1236	364
1254	364
1364	364
1378	364
1382	364
1386	364
1399	364
468	369
919	370
1148	370
531	372
1141	372
409	373
623	373
778	373
1033	373
776	376
955	376
470	380
620	380
793	380
1254	380
562	381
666	381
1048	381
1361	381
1109	382
433	384
470	384
596	384
620	384
629	384
667	384
797	384
832	384
863	384
868	384
874	384
878	384
950	384
970	384
990	384
1040	384
1151	384
1206	384
1228	384
1236	384
1254	384
1364	384
1378	384
1382	384
1399	384
522	386
1225	389
760	391
924	391
941	391
1061	391
1099	391
493	392
420	394
442	395
500	397
1281	397
1359	397
562	401
566	401
666	401
737	401
870	401
914	401
917	401
926	401
972	401
1048	401
1056	401
1139	401
1259	401
1361	401
1434	401
1436	401
806	403
931	403
1269	403
723	408
1038	408
514	409
790	409
952	409
1444	409
422	411
553	411
657	411
740	411
904	411
984	411
1145	411
566	416
906	418
983	418
1072	418
932	420
657	422
740	422
1145	422
492	424
604	424
871	425
1204	426
464	427
560	427
1014	427
1113	427
1428	427
467	429
1249	429
1253	429
475	430
494	430
571	430
697	431
629	433
667	433
797	433
832	433
868	433
874	433
878	433
990	433
1040	433
1228	433
1236	433
1254	433
1364	433
1382	433
1399	433
1363	436
543	437
904	437
695	438
890	439
919	440
514	445
615	446
747	446
1036	446
1335	446
510	448
1170	454
466	456
470	456
496	456
505	456
609	456
618	456
620	456
748	456
790	456
793	456
834	456
906	456
954	456
960	456
1016	456
1059	456
1072	456
1087	456
1119	456
1190	456
1218	456
1234	456
1236	456
1254	456
1259	456
1289	456
1378	456
1386	456
502	458
540	458
605	458
696	458
843	458
846	458
1031	458
1036	458
1047	458
1109	458
1313	458
503	462
1331	462
560	464
1014	464
1113	464
1428	464
609	466
748	466
1016	466
1072	466
1087	466
1190	466
1218	466
1236	466
975	467
1013	467
1249	467
1253	467
1266	467
505	470
536	470
609	470
618	470
620	470
629	470
748	470
790	470
834	470
906	470
950	470
960	470
1016	470
1059	470
1072	470
1087	470
1119	470
1139	470
1228	470
1236	470
1254	470
1259	470
1289	470
1386	470
1399	470
532	472
673	472
1277	472
1041	473
1299	473
571	475
487	483
767	483
660	486
1072	486
1254	486
767	487
598	492
604	492
628	492
1032	492
1394	492
569	494
657	494
793	494
875	494
917	494
1056	494
1139	494
1163	494
1254	494
1259	494
1364	494
1425	494
609	496
748	496
790	496
834	496
1016	496
1087	496
1218	496
1254	496
549	500
572	500
687	500
784	500
788	500
795	500
1064	500
1068	500
1142	500
1281	500
1289	500
1334	500
1359	500
696	502
843	502
1313	502
1331	503
934	504
1177	504
609	505
612	505
618	505
748	505
790	505
797	505
834	505
954	505
970	505
1016	505
1072	505
1087	505
1119	505
1218	505
1236	505
1254	505
1259	505
1364	505
1378	505
1399	505
566	509
914	509
688	514
806	514
912	514
993	515
969	531
1141	531
673	532
1277	532
1292	532
1295	532
1363	532
1451	532
543	533
657	533
904	533
1005	533
1006	533
1319	535
748	536
790	536
834	536
1236	536
1156	539
1254	539
605	540
696	540
846	540
1031	540
1036	540
1047	540
553	543
657	543
904	543
1005	543
1006	543
1086	543
1383	543
553	544
657	544
572	549
687	549
784	549
788	549
795	549
1064	549
1068	549
1142	549
1281	549
1334	549
1359	549
657	553
740	553
904	553
1005	553
1006	553
1086	553
1145	553
1383	553
568	554
582	554
634	554
1214	554
1014	560
1113	560
1428	560
666	562
737	562
870	562
914	562
917	562
926	562
1048	562
1056	562
1139	562
1361	562
1436	562
717	566
870	566
914	566
972	566
1048	566
1072	566
1139	566
1259	566
1361	566
1436	566
618	567
801	567
844	567
938	567
1041	567
1194	567
1285	567
1429	567
582	568
634	568
1214	568
1453	568
742	571
1289	571
681	572
687	572
784	572
788	572
1064	572
1068	572
1142	572
1281	572
1334	572
1359	572
859	573
1263	573
623	576
963	578
812	580
634	582
1214	582
964	584
1354	584
1358	584
668	590
655	593
667	596
797	596
1151	596
1206	596
1254	596
1399	596
628	598
1394	598
855	602
1003	602
1032	604
696	605
747	605
846	605
1031	605
1036	605
1047	605
618	609
748	609
790	609
834	609
954	609
1016	609
1059	609
1072	609
1087	609
1119	609
1218	609
1236	609
1254	609
1259	609
1378	609
1386	609
790	612
834	612
954	612
1016	612
1087	612
1218	612
1259	612
1288	612
747	615
1036	615
1335	615
748	618
790	618
793	618
834	618
844	618
1016	618
1059	618
1072	618
1087	618
1119	618
1236	618
1254	618
1259	618
1378	618
1386	618
629	620
793	620
834	620
960	620
1072	620
1119	620
1206	620
1236	620
1254	620
1259	620
1378	620
1453	620
778	623
912	623
1318	624
907	625
630	628
1284	628
667	629
797	629
832	629
863	629
868	629
874	629
878	629
990	629
1040	629
1081	629
1087	629
1151	629
1219	629
1228	629
1236	629
1254	629
1364	629
1382	629
1399	629
1284	630
1214	634
777	644
947	644
740	657
848	657
875	657
904	657
1005	657
1006	657
1086	657
1145	657
1383	657
1425	657
1009	659
1104	659
1176	659
1135	665
737	666
870	666
914	666
917	666
1048	666
1361	666
1434	666
1436	666
797	667
863	667
868	667
874	667
878	667
1040	667
1151	667
1206	667
1228	667
1236	667
1254	667
1382	667
1399	667
1007	671
1059	671
1299	671
1277	673
1292	673
1295	673
1363	673
1451	673
769	674
1142	681
1196	686
1209	686
1375	686
784	687
788	687
1064	687
1068	687
1123	687
1142	687
1281	687
1334	687
1359	687
1269	691
843	696
846	696
1031	696
1036	696
1047	696
1313	696
796	704
1006	707
1086	707
1383	707
1388	708
1446	716
1232	720
985	724
998	724
1071	724
1276	724
737	727
926	727
972	727
1048	727
1242	729
1305	735
870	737
914	737
917	737
926	737
972	737
1048	737
1056	737
1139	737
1361	737
1434	737
1436	737
904	740
984	740
1145	740
1118	741
772	744
1136	744
1173	744
1292	744
1320	744
1321	744
1451	744
1036	747
1335	747
1363	747
790	748
834	748
906	748
954	748
1016	748
1059	748
1072	748
1087	748
1119	748
1190	748
1218	748
1236	748
1254	748
1259	748
1289	748
1378	748
1386	748
855	752
1003	752
941	760
1061	760
1099	760
920	769
875	770
1425	770
1136	772
1173	772
1292	772
1295	772
1320	772
1321	772
1451	772
947	777
955	778
788	784
1064	784
1068	784
1123	784
1142	784
1281	784
1289	784
1334	784
1359	784
1064	788
1068	788
1123	788
1142	788
1281	788
1334	788
1359	788
793	790
834	790
917	790
954	790
1016	790
1048	790
1052	790
1059	790
1072	790
1087	790
1119	790
1139	790
1190	790
1218	790
1236	790
1254	790
1259	790
1289	790
1364	790
1386	790
1453	790
1248	792
906	793
914	793
917	793
960	793
1007	793
1016	793
1048	793
1052	793
1056	793
1081	793
1087	793
1119	793
1139	793
1192	793
1234	793
1236	793
1254	793
1259	793
1289	793
1364	793
1378	793
1386	793
1436	793
1334	795
1359	795
863	797
868	797
878	797
970	797
1040	797
1151	797
1206	797
1228	797
1254	797
1364	797
1378	797
1382	797
1399	797
844	801
938	801
1041	801
1194	801
1285	801
1429	801
1033	806
886	812
1229	812
1269	812
1027	822
1156	823
863	832
868	832
878	832
916	832
1040	832
1228	832
1236	832
1254	832
1364	832
1382	832
954	834
970	834
1016	834
1059	834
1072	834
1087	834
1119	834
1139	834
1190	834
1218	834
1236	834
1254	834
1259	834
1378	834
1386	834
1036	843
1047	843
1313	843
938	844
1041	844
1194	844
1429	844
1031	846
1036	846
1047	846
1003	855
1263	859
868	863
878	863
1206	863
1228	863
1236	863
1254	863
1259	863
1364	863
1378	863
1399	863
874	868
878	868
1040	868
1081	868
1228	868
1236	868
1254	868
1364	868
1378	868
1382	868
1399	868
914	870
917	870
926	870
972	870
1048	870
1139	870
1361	870
1434	870
1436	870
878	874
990	874
1040	874
1087	874
1228	874
1254	874
1382	874
904	875
1006	875
1086	875
1383	875
1425	875
990	878
1040	878
1219	878
1228	878
1236	878
1254	878
1364	878
1378	878
1382	878
1399	878
1229	886
950	892
1206	892
1236	892
1005	904
1006	904
1086	904
1145	904
1383	904
1016	906
1087	906
1119	906
1135	906
1236	906
1254	906
1259	906
1378	906
1396	909
1403	909
1033	912
1277	912
917	914
926	914
972	914
1048	914
1056	914
1139	914
1259	914
1275	914
1361	914
1434	914
1436	914
1061	915
1099	915
1171	915
1324	915
1219	916
1228	916
1364	916
926	917
972	917
1048	917
1056	917
1081	917
1122	917
1139	917
1258	917
1259	917
1361	917
1434	917
1436	917
1148	919
972	926
1048	926
1056	926
1122	926
1139	926
1361	926
1434	926
1436	926
1439	928
1177	934
1041	938
1194	938
1429	938
1206	950
1236	950
1254	950
1016	954
1072	954
1087	954
1119	954
1139	954
1236	954
1386	954
1052	960
1072	960
1156	960
1259	960
1354	964
1358	964
1453	968
1236	970
1254	970
1048	972
1139	972
1361	972
1434	972
1436	972
1249	975
1253	975
1266	975
998	985
1071	985
1183	985
1276	985
1040	990
1087	990
1228	990
1236	990
1254	990
1364	990
1369	990
1378	990
1382	990
1071	998
1149	998
1006	1005
1086	1005
1383	1005
1086	1006
1316	1006
1383	1006
1425	1006
1254	1007
1378	1007
1104	1009
1176	1009
1109	1013
1249	1013
1253	1013
1266	1013
1113	1014
1428	1014
1059	1016
1072	1016
1087	1016
1119	1016
1135	1016
1218	1016
1219	1016
1234	1016
1236	1016
1254	1016
1259	1016
1289	1016
1378	1016
1386	1016
1400	1024
1423	1025
1092	1026
1036	1031
1047	1031
1277	1033
1047	1036
1335	1036
1363	1036
1081	1040
1228	1040
1236	1040
1254	1040
1382	1040
1399	1040
1194	1041
1299	1041
1229	1045
1056	1048
1122	1048
1139	1048
1259	1048
1275	1048
1361	1048
1434	1048
1436	1048
1259	1052
1453	1052
1081	1056
1122	1056
1139	1056
1211	1056
1259	1056
1361	1056
1434	1056
1436	1056
1072	1059
1087	1059
1119	1059
1236	1059
1254	1059
1259	1059
1289	1059
1378	1059
1099	1061
1171	1061
1289	1061
1324	1061
1068	1064
1142	1064
1281	1064
1334	1064
1359	1064
1142	1068
1281	1068
1359	1068
1392	1070
1087	1072
1119	1072
1139	1072
1190	1072
1218	1072
1236	1072
1254	1072
1259	1072
1378	1072
1386	1072
1139	1081
1219	1081
1228	1081
1361	1081
1316	1086
1383	1086
1119	1087
1190	1087
1218	1087
1219	1087
1228	1087
1236	1087
1254	1087
1259	1087
1289	1087
1364	1087
1378	1087
1386	1087
1171	1099
1289	1099
1324	1099
1447	1106
1428	1113
1218	1119
1234	1119
1236	1119
1254	1119
1259	1119
1289	1119
1378	1119
1386	1119
1361	1122
1434	1122
1436	1122
1236	1135
1254	1135
1173	1136
1264	1136
1291	1136
1292	1136
1295	1136
1320	1136
1321	1136
1451	1136
1454	1136
1254	1139
1259	1139
1361	1139
1378	1139
1434	1139
1436	1139
1281	1142
1334	1142
1359	1142
1206	1151
1254	1151
1399	1151
1275	1156
1379	1156
1324	1171
1292	1173
1295	1173
1320	1173
1321	1173
1451	1173
1231	1187
1274	1187
1294	1187
1429	1194
1209	1196
1375	1196
1214	1200
1236	1206
1254	1206
1364	1206
1399	1206
1375	1209
1236	1218
1254	1218
1259	1218
1228	1219
1236	1219
1254	1219
1364	1219
1378	1219
1433	1227
1236	1228
1254	1228
1364	1228
1378	1228
1382	1228
1269	1229
1274	1231
1294	1231
1236	1234
1254	1234
1378	1234
1254	1236
1259	1236
1364	1236
1378	1236
1382	1236
1386	1236
1399	1236
1416	1236
1253	1249
1266	1253
1259	1254
1364	1254
1378	1254
1382	1254
1386	1254
1399	1254
1453	1254
1434	1258
1361	1259
1364	1259
1378	1259
1386	1259
1436	1259
1291	1264
1292	1264
1295	1264
1313	1264
1451	1264
1454	1264
1277	1269
1361	1275
1292	1277
1295	1277
1363	1277
1451	1277
1334	1281
1359	1281
1324	1289
1359	1289
1292	1291
1295	1291
1451	1291
1454	1291
1295	1292
1320	1292
1321	1292
1451	1292
1454	1292
1320	1295
1321	1295
1363	1295
1451	1295
1454	1295
1321	1320
1451	1320
1451	1321
1359	1334
1358	1354
1434	1361
1436	1361
1451	1363
1378	1364
1382	1364
1399	1364
1382	1378
1386	1378
1399	1382
1425	1383
1403	1396
1436	1434
1454	1451
