223	1573
223	1857
223	3136
223	1963
1891	2853
1193	1780
1193	1537
1193	3880
3677	1302
3677	558
2596	704
2596	763
2857	2405
2857	198
3939	4397
3939	1516
3939	4245
3939	3139
3939	267
3939	896
3939	4353
3939	4380
1571	194
3399	659
3399	2796
3399	2813
3399	1070
3399	1963
3399	1345
1587	600
460	288
857	544
857	1300
857	3819
857	4381
857	318
857	1484
704	3125
704	2814
704	3582
704	4044
704	4169
704	3938
704	2483
704	3788
704	423
704	3674
704	1797
704	2795
704	3273
704	4070
3047	2796
3047	2405
3047	3220
3047	72
3252	2817
3252	2735
3252	237
659	503
659	3274
202	1745
202	1557
202	423
202	1271
1217	1537
1217	3120
1217	4381
1217	4312
245	3179
245	2718
245	288
245	678
245	2503
245	2923
245	4317
3577	1704
1350	3084
1764	2471
1518	3781
345	2405
438	2405
438	2354
3541	2471
3541	1386
3541	139
3541	1963
2817	2471
2817	3157
2569	4433
2569	198
2729	2405
4228	2295
1990	3605
1990	3310
1990	3571
2553	4343
2232	599
2232	3530
190	1712
4454	4256
4454	2503
2070	2464
2070	347
2070	544
2070	2386
2464	347
2464	544
2464	2386
2464	2549
2464	748
347	544
347	2386
347	2549
347	3143
347	3084
347	2923
3679	528
3679	2426
3679	288
3764	990
793	3312
793	1378
793	2354
793	1441
1965	318
1965	769
1965	3291
544	2386
544	3616
544	322
544	3476
544	4224
544	2549
544	558
544	3996
544	2609
2386	3709
2386	4381
2805	702
3947	524
4458	3416
4459	1725
4459	734
4459	288
4459	1077
4459	2866
599	922
599	3165
599	1860
599	2283
599	3813
599	3457
599	2141
599	1084
599	887
599	615
599	3804
599	3837
599	3964
3423	2405
2491	2958
4419	1946
939	4169
939	3139
2859	4430
2859	3465
4384	632
4384	797
1238	117
1418	2250
4107	1995
4449	1536
4449	3478
261	1860
261	4206
1376	3713
1376	1542
1376	2811
1376	1286
1376	558
1376	447
1536	3172
609	4248
609	2201
3043	3382
526	2429
2429	4176
2429	917
2429	0
2429	3084
2429	940
2429	379
4176	0
4176	4267
4176	1237
4176	3385
917	0
2189	814
2189	4448
2189	2936
2189	3819
2189	2549
2189	158
2189	1005
2189	3001
2189	2148
2048	3203
2048	159
2048	4381
2048	2292
2048	1963
2048	3483
575	1461
575	3817
4240	37
4240	1902
4240	2660
4240	1496
4240	859
4240	1283
4240	2142
2375	3226
2375	3187
2375	3413
2375	1492
2375	3139
3986	3084
3986	2838
420	4234
420	2775
2216	3139
2216	2602
2216	3079
2216	1641
2216	3482
1312	3157
1312	866
1300	4344
1300	2936
1300	710
1300	715
1300	1373
1300	2043
3616	2985
3616	722
3616	418
3616	2549
3616	3934
2707	2354
2707	630
697	464
1779	1619
1295	3355
1295	2354
1295	3709
1295	198
4435	1537
4435	990
4435	83
4435	309
4435	3738
4435	1869
883	2377
3226	2981
3226	1902
3226	3139
1532	2149
1532	2753
60	4267
60	843
60	1283
2796	2735
2796	814
2796	237
2796	864
2796	863
2796	1126
2796	3548
2796	561
2796	2518
2796	2821
2796	2460
2796	3709
2796	3543
2796	1157
2796	1067
2796	2748
2796	4334
2796	1311
2796	2148
3896	933
3896	489
3896	606
3896	3650
477	1145
2985	3312
2985	1416
3014	3220
3014	178
1014	3220
2430	1978
2646	18
2646	513
2646	2893
2646	1856
2646	4151
2049	652
2049	310
2049	12
2049	233
2049	384
2049	373
4200	4239
4200	1126
4200	2518
4200	3139
3075	1988
3075	4267
3075	2149
3075	1598
3075	1837
3075	1963
3125	3215
3125	1540
3125	2405
3125	877
3125	3448
4250	3823
4250	588
4250	4257
4250	3602
4250	1296
4250	3129
4250	1599
4250	3274
4250	1163
2381	3254
2381	2157
2381	3491
1725	2718
2462	814
2462	385
2462	600
2462	1492
2462	166
2462	863
2462	3322
2462	1121
2462	1731
2462	1881
18	652
18	513
18	1654
18	4151
18	3434
18	3855
18	1731
3215	2416
2824	3084
62	1988
62	3139
2471	1386
2471	139
2471	1406
37	2893
37	1570
37	3996
37	1444
37	1797
2977	2178
2977	4267
2977	3916
2977	3486
2977	3281
2977	558
2977	6
2977	133
2977	340
2977	2708
1386	139
1386	2405
3823	2178
3823	600
3823	3359
3823	1573
3823	100
3823	561
3823	588
3823	2958
3823	3025
3823	990
3823	2250
3823	1844
3823	3274
3823	3139
3823	3483
744	1314
744	3819
744	945
744	2130
652	513
652	4151
652	3434
652	2836
823	3855
513	3819
513	2052
513	4151
513	3434
513	4129
513	3191
513	1484
2981	1005
2949	322
2949	96
2949	1549
1314	2317
1314	3819
1314	3878
1314	945
1542	627
1542	14
1542	1881
1542	984
3187	1406
3187	2188
3187	3543
3187	1313
3187	868
3187	3482
4239	504
2317	96
2317	2699
2317	1951
2317	2562
2317	844
2926	2961
2926	4169
2926	3139
1406	3400
4286	632
2814	4215
4126	3833
884	2100
884	242
1177	183
1177	2962
1177	1848
175	1188
175	2426
3319	2422
3856	1720
3856	2215
3856	1516
3856	3079
3856	3078
3856	3482
3856	1755
1145	3084
1145	3085
1145	3273
455	2518
455	2204
2843	2354
2843	3281
268	1126
268	399
1720	938
1720	1981
2830	3355
2830	418
2830	310
2830	29
2830	3129
2830	117
2830	311
2830	378
2830	2525
36	2183
36	2436
4020	867
4020	1438
4020	133
3582	2483
3582	307
284	3312
284	2716
284	3016
284	2405
284	1046
2735	2178
2735	3084
2735	3139
1408	1680
1408	3084
3145	3613
3724	3179
404	2718
404	288
1540	1557
1780	4073
814	600
814	1544
814	3772
814	2149
814	674
814	3214
814	4048
814	473
814	3139
814	2695
814	3530
2298	406
2298	2130
3510	1943
3510	3505
3510	1188
3510	2103
3510	288
3435	4267
3435	2436
3435	2016
183	1943
183	1820
183	440
183	2103
183	4457
183	2426
183	288
183	2503
183	1443
183	3446
183	4317
3044	713
3044	906
3044	1582
3254	945
4134	430
4134	242
3172	3501
3172	824
3172	2608
1993	2958
1525	3157
1525	2718
3355	246
3355	3387
3355	553
3355	3129
3355	3274
3355	4133
3628	553
3781	4185
3781	4169
3781	3157
3781	1946
2989	933
680	29
680	2525
680	3063
246	516
246	507
2178	273
2178	3486
2178	2193
2166	259
4397	2096
3498	100
2636	3543
1988	2112
1988	3261
1988	489
1988	2193
1988	1876
1988	4404
1988	587
411	1835
411	1603
3974	2955
3974	1515
3974	1793
3832	3501
3832	648
3832	4267
3832	2354
3832	3220
3501	2659
3501	3834
3501	4267
3501	2354
3501	503
3501	2642
3501	3936
3501	502
3501	2551
2946	710
2492	504
3353	1902
3353	3817
648	421
648	503
648	1268
1302	3457
1302	469
1302	4389
1302	3139
1302	2609
1302	4045
3841	864
3841	2112
3841	4334
3841	4199
3841	4036
2028	1537
2028	2958
385	2405
385	2873
2867	2405
905	2804
2669	3400
23	43
23	4226
3379	1128
3379	1876
3379	2078
3379	2130
600	2245
600	4321
600	674
600	3261
600	1296
600	3136
600	2416
600	1963
600	742
600	2525
600	3343
2659	1978
2659	1313
2659	3270
4340	4016
4340	630
2955	4169
2955	1515
2955	3139
1960	3079
79	4168
1841	3819
1841	3157
1841	122
1841	1128
1841	2013
1841	597
1841	2562
1841	990
1849	3348
1849	3220
3909	1820
214	2405
4148	2525
1746	3471
1746	2433
1087	2405
1087	3437
2801	288
2801	3817
2804	2435
2804	986
2804	2326
2804	2177
2804	43
2804	288
2804	4317
3476	1978
3476	3491
3476	4248
3476	83
3476	1313
3476	847
1992	3507
1992	1438
649	3925
2893	159
2431	3925
2022	4381
2022	288
2022	2143
3182	2405
2295	198
2295	665
3099	2962
3099	414
3185	3141
3185	722
3185	2176
3185	489
3185	2895
1943	1820
1943	68
1943	1790
1943	288
1943	2503
3141	4291
3141	288
3141	2744
4016	2250
4016	967
4016	896
4016	2634
3337	866
969	899
1664	1718
1664	990
2239	990
238	1570
238	821
238	4361
238	3161
4064	2405
4064	558
4064	205
4064	504
3359	2961
3359	3819
3359	3813
3359	2756
3359	558
3359	1964
3359	3139
1375	558
3507	3223
3507	2498
3507	1584
3507	3312
3507	2660
3507	3025
3507	1501
3507	14
3507	846
3223	2961
3223	2308
3223	2405
3223	3084
3223	846
3223	1364
4288	2052
2498	3929
3030	4245
3030	3139
4117	107
470	2177
470	1443
237	2262
237	3734
237	2578
3413	1218
3413	2929
3413	2292
3413	846
4391	864
2407	2198
2407	2621
2407	3647
2407	1711
2407	2908
2407	423
2407	3118
2407	3482
2407	4394
2073	2405
2073	2962
3080	3084
3080	1190
2730	4259
2730	288
2617	1079
3715	2923
3835	4381
978	1515
326	3818
326	3888
33	1185
33	1269
33	1067
33	2146
33	1668
33	2923
31	318
19	2426
19	288
19	1502
17	142
418	4329
418	3469
418	4297
418	1812
418	3220
418	158
418	15
418	1640
418	2692
418	3136
418	131
418	3459
2093	430
3513	3084
3972	192
3972	1860
3972	2936
3972	1459
3972	715
3760	527
3760	313
3760	2794
3760	632
3760	1670
3760	926
3760	2476
3760	2662
1178	1554
1178	1054
2649	288
2649	1443
3818	3914
3818	3457
3818	2058
3818	288
3461	4381
2961	1537
2961	4044
2961	3613
2961	4169
2961	2436
2961	1175
2961	4110
2961	1060
2961	502
2961	1364
2961	1605
904	3312
904	198
1106	4149
1106	597
1106	926
1106	4151
1106	318
1106	1484
4448	1373
686	2986
427	990
1902	423
430	3278
430	3220
430	885
430	240
430	2033
430	1567
3527	1647
2116	3001
192	158
2811	3220
2811	3084
679	2505
1243	3220
1189	1537
1189	1054
1189	423
1189	2602
3867	3482
656	96
656	558
656	3270
656	4381
1079	2103
1079	288
1079	3382
2308	4248
1860	1172
1860	3996
1860	2130
1172	46
1172	1492
46	1492
1492	674
1492	503
3834	1675
3976	2392
3976	669
1371	2936
1371	887
1371	1465
2936	2948
1718	1749
1537	380
1537	4044
1537	4255
1537	4235
1537	990
1537	2639
1537	83
1537	5
1537	887
1537	699
1537	2066
1537	4075
1537	1869
2172	788
2172	1704
2172	2249
2172	3588
4256	288
4304	990
1573	901
1573	2436
1573	2639
1573	4334
1573	1702
1573	4244
1573	4380
1573	984
1573	4036
1140	380
1140	870
2198	2621
2198	3647
2198	1711
2198	489
2198	843
914	2422
914	813
914	3270
100	3274
4309	811
166	864
166	863
166	4271
166	1269
166	674
166	866
166	1054
166	507
84	4048
84	395
3148	3736
3148	2894
3148	1790
3148	1480
3148	288
3148	3917
3148	4317
3081	3736
3081	2894
3081	3203
3081	3805
449	516
449	2405
449	2958
516	2958
516	507
618	2405
618	1218
1206	3136
1544	3772
1544	473
4455	4169
4455	423
4455	3139
1150	4169
1150	3139
803	386
803	1144
803	632
3419	378
3736	2894
4267	2716
4267	1126
4267	2518
4267	1546
4267	1157
4267	2000
4267	1654
4267	118
4267	122
4267	258
4267	2250
4267	2639
4267	3617
4267	558
4267	2557
4267	340
3819	1126
3819	2821
3819	1876
3819	2208
3819	945
3819	259
3819	2130
3819	1450
3819	3533
3819	2019
3819	1755
2813	945
2813	2130
3312	3690
3312	2541
3312	3878
3312	3855
3387	588
3387	503
3387	29
3387	3129
380	1126
380	597
380	1441
380	117
2716	2383
2716	3220
2716	1680
2716	3855
2716	1751
3851	2937
3851	3220
3851	3157
3851	122
3851	3139
3772	4040
3772	473
864	863
864	3640
864	3929
864	3274
81	489
863	674
863	1449
863	395
863	221
4044	4169
4044	990
4044	83
4044	3139
4044	1869
1188	4317
1316	3190
1316	2334
1931	2503
3194	1443
1930	2962
2333	3079
2333	288
1126	198
1126	3004
1126	1963
1126	3385
2171	3220
4328	3079
2815	961
1318	524
1318	3084
1318	4381
2780	524
2910	4018
2910	423
2215	3276
3016	1070
3016	990
3016	1963
2254	2405
2254	3079
1543	200
242	986
3289	1790
3289	1916
3213	630
3469	489
3548	4334
3548	3079
933	2426
754	779
4297	3139
273	3486
273	3281
1171	4366
1171	1240
3956	4169
4393	4430
3613	1740
2149	3261
2149	954
1503	524
2614	2143
3392	4248
3392	3220
3392	1530
3392	1680
3392	2734
2405	2199
2405	1185
2405	1976
2405	1027
2405	714
2405	4322
2405	4224
2405	2555
2405	3993
2405	1301
2405	3573
2405	3934
2405	3179
2405	68
2405	696
2405	4030
2405	2929
2405	2748
2405	3929
2405	2208
2405	991
2405	3367
2405	1568
2405	2541
2405	2962
2405	3104
2405	3437
2405	3775
2405	3057
2405	120
2405	148
2405	307
2405	379
2405	447
2405	509
2405	894
2405	896
2405	1053
2405	1091
2405	1151
2405	1439
2405	1547
2405	1560
2405	1602
2405	1634
2405	1730
2405	1793
2405	2068
2405	2148
2405	2364
2405	2402
2405	2563
2405	2570
2405	2619
2405	2650
2405	2681
2405	2695
2405	2720
2405	2741
2405	2860
2405	3032
2405	3054
2405	3108
2405	3298
2405	3362
2405	3381
2405	3433
2405	3482
2405	3521
2405	3614
2405	3627
2405	3704
2405	4109
2405	4358
2405	4386
2405	4420
2199	3333
1978	3084
1978	14
1978	3308
2112	3139
2112	504
1185	3520
1185	4350
3640	445
3640	3543
445	1259
445	1549
445	4418
445	489
445	3253
445	942
3914	2262
1820	3220
3593	3139
3394	2094
1070	269
1259	990
3492	2590
561	4334
2590	2958
2750	2958
2750	3079
1920	3482
1378	3398
1378	83
1378	3400
1378	2207
2354	901
2354	3709
2354	503
2354	867
2354	3326
2354	198
2354	607
2354	1429
2354	2177
2354	191
2354	4334
2354	2190
2354	2634
1627	2465
588	3129
588	1599
588	3274
588	1484
588	761
2195	3576
2195	1241
2195	1568
2183	1568
714	1438
714	3929
4359	423
1812	4342
2618	3220
96	259
2518	269
2518	2383
2518	198
2518	504
2518	924
3813	433
3656	1409
4322	4073
4322	1480
1546	558
1546	340
269	3855
2958	2657
2958	2422
2958	2326
2958	2572
2958	2748
2958	4389
2958	1541
2958	2832
2958	1043
2958	2496
2958	456
2958	464
2958	2217
2958	2399
2958	2447
2958	2743
2958	2778
2958	2835
2958	2836
2958	2890
2958	2932
2958	2960
2958	3555
2958	3817
2958	3905
527	313
527	4433
527	2794
527	217
527	1670
527	4151
313	3220
313	1164
313	1128
313	1670
313	4381
1794	1484
2157	3491
2157	2422
2157	1313
2157	924
4149	3491
3491	3617
3491	2130
4245	1868
4245	2505
4245	2474
4245	1175
4245	984
1044	203
1781	2495
1781	1772
1781	378
1781	3078
1781	3482
3576	1598
3576	1054
3576	3139
674	1121
674	1731
674	1881
4010	158
4010	2980
4010	3079
4224	1144
4224	1876
4224	4395
4224	2980
1482	1873
4243	3508
2131	3508
2986	2208
4086	3375
170	1790
2601	3839
2310	630
2502	2848
2435	3139
1494	2474
1494	2853
3971	2436
3971	4030
3971	1963
3786	1929
3786	2979
2224	4381
1461	2422
1461	3270
1461	2426
2188	3797
2657	1790
4101	3051
4101	3907
4101	373
4101	1341
4101	3483
2460	4334
2460	1131
4195	4116
3807	2105
3256	4233
901	990
901	3079
1604	3090
1604	3591
2592	4222
4169	1598
4169	1175
4169	1073
4169	3139
4169	107
4169	3446
200	2642
3190	215
1873	4346
2549	990
2549	4018
2549	1738
2549	3001
4257	3274
4257	2711
1765	2013
1765	2562
1765	1441
1765	4381
550	3136
550	7
819	528
4424	4381
586	1695
3797	986
524	2620
1040	2045
1040	1848
1562	3139
4248	159
3471	3220
3471	3281
3471	3674
986	203
2436	669
2422	813
2422	1313
4418	489
4418	3084
3709	503
3709	553
3709	4334
3709	3087
3543	1067
3543	3079
3827	3220
2052	984
297	887
3993	450
3602	3274
1714	2597
1157	1465
813	847
2505	3220
2505	2495
2505	3166
2505	334
3220	4095
3220	3157
3220	768
3220	1048
3220	584
3220	1626
3220	1568
3220	3997
3220	4074
3220	1528
3220	2351
3220	1649
3220	240
3220	148
3220	334
3220	178
3220	270
3220	381
3220	868
3220	896
3220	1251
3220	1695
3220	3291
3220	2244
3220	2396
3220	2440
3220	2979
3220	3070
3220	3295
3220	3327
3220	3884
3220	3559
3220	3649
3220	3804
3220	3917
3220	3933
3220	4021
3220	4047
3220	4436
2495	1530
2495	1680
2495	2895
2495	3674
1241	1398
1241	109
3166	3276
1530	1680
1530	3157
1530	2872
1530	3478
1680	3281
1680	3862
1680	1528
1680	2872
4433	4325
2810	1409
2810	117
2810	1556
42	4096
2493	1251
2120	1136
2328	1373
2699	1951
72	1738
2176	3903
2176	158
2176	2895
2176	2349
3903	2334
386	632
386	2562
386	1670
1261	1054
1261	3057
2474	3079
2474	3482
2621	867
2621	3647
2621	1711
2621	843
2621	2194
2621	4394
503	991
503	378
3429	4381
440	1144
440	1790
346	984
867	1438
867	632
2077	217
661	990
661	3287
1301	337
1301	2545
337	1739
337	191
433	2146
433	3015
3721	288
1739	248
2853	528
2853	4153
2853	761
2853	3
4233	248
4233	3084
98	117
891	45
891	1690
3830	4381
1515	3573
1515	877
1515	807
1515	3798
3573	877
3573	807
1980	807
1980	2140
1772	807
1772	2140
1772	887
1772	4118
45	1690
2326	623
877	807
877	1646
877	1551
807	2140
807	597
807	1731
3326	198
3326	558
2000	1867
2000	2024
3647	1711
3647	843
3647	4394
3934	4096
3261	198
3261	3996
3261	924
3261	4333
1385	2562
1385	1441
1385	4381
3179	2262
3179	990
3179	2962
3179	4059
3179	2426
3179	846
3179	288
3179	2503
3179	3500
2262	1790
2262	2503
2262	1848
2262	4317
400	2718
400	2847
400	3155
2948	117
2948	3079
1654	3793
1654	3079
1654	846
2573	3079
3734	3079
3734	3798
4041	3996
1745	1848
4190	1128
4190	324
3625	294
1608	294
294	1903
3457	2250
3457	1963
3457	3785
3457	3483
1913	627
3690	4352
3690	309
627	4231
627	4352
627	14
627	1963
4251	2597
3107	4074
1025	2597
1025	3876
1144	945
1144	1054
4095	1164
4095	3293
4095	990
4095	1524
4095	2797
1164	2175
1164	1398
1164	109
1164	3157
1164	1234
1164	1128
1164	2013
1164	1876
1164	2078
1164	597
1164	4395
1164	2562
1164	1441
1164	1881
1164	2605
1398	3157
1398	2013
1398	2208
1398	378
109	2013
109	538
109	2024
3157	1234
3157	2013
3157	1837
3157	1512
2151	3084
4259	117
4259	3139
1445	4059
1445	3880
68	472
68	2718
68	2349
4069	504
1175	3139
553	3398
553	1005
553	3270
553	4404
553	3400
553	797
553	1782
29	3129
29	2525
198	2416
198	259
198	2608
198	617
198	3078
1236	3281
15	1484
528	3805
122	758
122	3904
122	234
122	1751
1711	843
1711	3973
1711	4394
1067	4334
1234	2013
2465	606
4084	481
489	4188
489	3253
489	942
489	1709
1093	2962
2294	203
2108	288
2108	1443
602	909
3203	2130
3322	248
3322	1128
3322	1286
3322	632
3322	2029
248	471
248	1738
248	2620
248	3343
248	3409
1128	1286
1128	2013
1128	1876
1128	2078
1128	597
1128	632
1128	2562
1128	1441
1128	1837
1128	4346
1128	2127
1128	2130
1128	451
1296	713
1296	3054
1286	1837
1286	2130
758	1881
1449	3982
1449	2608
1449	1731
3916	3486
848	945
848	260
1520	3850
1520	1054
2929	761
628	2660
4110	3139
4110	4352
194	2620
2353	1048
843	3973
843	4394
3938	270
3938	1848
2794	2421
630	2980
630	502
2660	2024
101	4436
2771	2939
3084	3983
3084	681
3084	414
3084	2753
3084	2970
3084	3063
3084	3287
3084	3718
3084	4146
3084	3591
1839	2214
3281	259
3293	1484
3293	3079
3293	1211
768	217
1048	558
1438	763
1438	3446
1438	3530
2193	1729
2193	558
2193	3139
2193	4008
3321	2024
343	681
3954	632
3954	4450
3954	6
3954	107
2637	3929
217	4381
217	4334
217	3785
1011	584
1011	623
1011	763
2587	4409
4216	4334
4216	572
2013	597
2013	4395
2013	2562
2013	1441
2013	107
1876	2562
1876	1441
1876	616
1876	2578
2078	1731
538	2024
597	4395
597	2562
597	1441
4395	2562
4395	616
632	4450
632	2662
632	3614
4450	3929
3929	811
3004	584
3004	623
3004	4334
3004	1925
3004	2957
584	4381
584	4008
584	4124
623	2957
2446	3438
2562	1441
2562	1731
1441	318
1441	1731
1441	107
4231	14
4231	3079
3873	4381
3129	2597
3129	3274
870	4045
677	3265
2208	804
804	945
804	2974
990	3629
990	4361
990	83
990	1086
990	2130
990	107
990	3001
990	868
990	1450
990	1797
990	2399
990	2925
990	3478
990	1869
2250	558
2250	3191
2250	4352
2250	967
2250	984
2639	558
2639	4352
3367	4381
1568	4352
1568	2327
1568	3308
3275	3997
3275	3079
2541	3855
4074	3482
176	1848
2895	4394
1570	423
117	4059
117	818
117	658
117	3746
1069	3894
3076	3464
4188	2962
4188	4381
2962	2607
2962	681
2962	43
2962	288
2962	2693
4457	69
4457	288
4457	2503
4457	1443
408	1484
2146	1738
2146	1782
3878	945
3878	1894
3843	270
3843	3804
3843	3964
3843	961
372	3108
1823	2776
1554	1054
2692	866
866	1311
866	3385
558	3317
558	3552
3437	3483
1557	1834
3805	14
945	260
945	323
945	797
945	924
945	1512
945	3013
83	2281
83	472
83	2177
83	1480
83	3001
83	1797
83	3362
83	4301
83	1869
1800	1196
4059	2923
1313	847
1313	3270
1313	2483
1894	2349
1894	2683
3136	3500
2281	1556
2281	1869
616	610
4073	1743
755	4048
1054	4151
1054	3434
1054	2130
1054	3247
4048	395
395	1837
395	4133
395	2620
1501	3054
1599	3274
1599	761
1016	2201
1016	1521
1016	1547
1016	2421
2416	1963
2416	2525
2451	3139
2451	3079
3270	423
3270	2879
2980	647
2980	507
1276	447
1964	4045
4215	2486
3788	3478
1670	4151
1670	3434
926	423
2832	406
159	1981
4346	4381
2686	509
2127	3855
2127	4362
4151	3434
3434	1963
4289	1981
3310	1981
2286	507
3224	1556
1995	752
2426	1790
2426	1480
2426	1848
3996	2058
3996	1881
423	4206
423	2734
423	3478
3855	2608
3855	924
3855	1210
1098	2119
762	2749
3274	2525
406	2130
2775	4381
4381	1509
4381	3982
4381	2496
4381	587
4381	775
4381	799
4381	896
4381	1345
4381	1624
4381	1751
4381	3086
4381	3409
4381	3884
4381	3804
4381	3833
4381	3900
4381	4035
4381	1341
3464	1793
811	510
2058	1790
2177	3446
2177	2923
2177	4317
2177	1869
810	3191
810	318
810	1484
479	318
479	1484
4129	318
318	1484
318	887
1484	3344
3146	43
142	4199
3139	1874
3139	1944
3139	2461
3139	3674
3139	693
3139	4008
3139	2793
3139	270
3139	502
3139	509
3139	510
3139	1354
3139	1797
3139	1881
3139	1946
3139	3446
3139	2378
3139	3343
3139	4036
2476	2662
2476	1158
4291	2718
4291	4317
4404	1963
4334	4036
1509	3894
4352	3894
1163	763
1790	69
1790	288
1790	2503
1790	1443
1790	3446
1790	3397
1790	4342
3982	2496
14	1963
2292	3483
3472	577
2718	69
2718	288
2718	2503
2718	1443
2718	3591
259	3366
259	374
259	3907
259	504
203	402
203	1730
203	1768
203	1872
203	2249
374	2934
3062	3875
2608	769
2608	1237
2608	2130
2608	1963
2974	4122
1237	43
1237	1341
2130	3668
2130	3785
3400	782
3400	2410
3936	1797
1731	1465
681	288
681	2503
4122	3079
107	1465
3674	1648
3674	2378
1556	3815
1556	1480
1556	1521
1556	4301
3876	1502
4308	3699
4350	1603
260	3079
3079	1603
3079	1060
3079	887
3079	70
3079	179
3079	669
3079	692
3079	699
3079	706
3079	2622
3079	3013
3079	3063
3079	3436
3079	3875
3079	4063
3079	4109
4153	761
4153	3
3907	1963
3907	1521
3907	1762
3907	3483
1060	2194
1060	726
1060	887
1060	2939
2194	726
2194	2939
726	2939
1697	3369
846	1364
1480	288
1480	2503
1480	4342
2334	288
2334	2503
4008	4043
24	984
2158	1721
887	378
887	3078
887	3482
69	1443
69	2581
70	1639
179	1963
228	1283
288	678
288	1848
288	2349
288	2563
288	2744
288	2923
288	3382
288	4317
351	2651
378	3449
391	703
1963	1222
1963	1675
1963	1709
1963	3343
1963	3500
1963	3483
447	4124
456	779
504	4199
572	984
606	2836
702	4420
721	1056
748	1575
763	1521
763	1547
774	1521
774	4189
777	3533
779	3738
861	3290
944	4108
1131	4063
1151	2912
2503	1848
2503	4317
1338	4199
1361	4358
1443	2563
1443	2581
1443	2744
1443	4317
1521	1547
1521	1938
1521	4189
1521	373
1521	1341
1521	1555
1521	3483
1547	4189
1547	373
1547	1341
1547	1555
1547	3483
1547	2939
1605	4199
1612	3931
1686	2787
1776	1869
1797	1869
1848	1880
1848	4342
1848	4317
1848	1589
1872	2043
1938	4301
2039	3482
2228	1589
2352	3482
2399	1869
2481	2570
2481	2547
2734	3720
2772	3070
2835	3482
2898	3078
2925	1869
2957	3482
3087	4358
3087	4436
3192	4282
3436	3447
3482	3840
3500	4199
3529	4097
3614	3817
4342	4317
3941	4146
4301	1341
4301	1869
1573	223
1857	223
3136	223
1963	223
2853	1891
1780	1193
1537	1193
3880	1193
1302	3677
558	3677
704	2596
763	2596
2405	2857
198	2857
4397	3939
1516	3939
4245	3939
3139	3939
267	3939
896	3939
4353	3939
4380	3939
194	1571
659	3399
2796	3399
2813	3399
1070	3399
1963	3399
1345	3399
600	1587
288	460
544	857
1300	857
3819	857
4381	857
318	857
1484	857
3125	704
2814	704
3582	704
4044	704
4169	704
3938	704
2483	704
3788	704
423	704
3674	704
1797	704
2795	704
3273	704
4070	704
2796	3047
2405	3047
3220	3047
72	3047
2817	3252
2735	3252
237	3252
503	659
3274	659
1745	202
1557	202
423	202
1271	202
1537	1217
3120	1217
4381	1217
4312	1217
3179	245
2718	245
288	245
678	245
2503	245
2923	245
4317	245
1704	3577
3084	1350
2471	1764
3781	1518
2405	345
2405	438
2354	438
2471	3541
1386	3541
139	3541
1963	3541
2471	2817
3157	2817
4433	2569
198	2569
2405	2729
2295	4228
3605	1990
3310	1990
3571	1990
4343	2553
599	2232
3530	2232
1712	190
4256	4454
2503	4454
2464	2070
347	2070
544	2070
2386	2070
347	2464
544	2464
2386	2464
2549	2464
748	2464
544	347
2386	347
2549	347
3143	347
3084	347
2923	347
528	3679
2426	3679
288	3679
990	3764
3312	793
1378	793
2354	793
1441	793
318	1965
769	1965
3291	1965
2386	544
3616	544
322	544
3476	544
4224	544
2549	544
558	544
3996	544
2609	544
3709	2386
4381	2386
702	2805
524	3947
3416	4458
1725	4459
734	4459
288	4459
1077	4459
2866	4459
922	599
3165	599
1860	599
2283	599
3813	599
3457	599
2141	599
1084	599
887	599
615	599
3804	599
3837	599
3964	599
2405	3423
2958	2491
1946	4419
4169	939
3139	939
4430	2859
3465	2859
632	4384
797	4384
117	1238
2250	1418
1995	4107
1536	4449
3478	4449
1860	261
4206	261
3713	1376
1542	1376
2811	1376
1286	1376
558	1376
447	1376
3172	1536
4248	609
2201	609
3382	3043
2429	526
4176	2429
917	2429
0	2429
3084	2429
940	2429
379	2429
0	4176
4267	4176
1237	4176
3385	4176
0	917
814	2189
4448	2189
2936	2189
3819	2189
2549	2189
158	2189
1005	2189
3001	2189
2148	2189
3203	2048
159	2048
4381	2048
2292	2048
1963	2048
3483	2048
1461	575
3817	575
37	4240
1902	4240
2660	4240
1496	4240
859	4240
1283	4240
2142	4240
3226	2375
3187	2375
3413	2375
1492	2375
3139	2375
3084	3986
2838	3986
4234	420
2775	420
3139	2216
2602	2216
3079	2216
1641	2216
3482	2216
3157	1312
866	1312
4344	1300
2936	1300
710	1300
715	1300
1373	1300
2043	1300
2985	3616
722	3616
418	3616
2549	3616
3934	3616
2354	2707
630	2707
464	697
1619	1779
3355	1295
2354	1295
3709	1295
198	1295
1537	4435
990	4435
83	4435
309	4435
3738	4435
1869	4435
2377	883
2981	3226
1902	3226
3139	3226
2149	1532
2753	1532
4267	60
843	60
1283	60
2735	2796
814	2796
237	2796
864	2796
863	2796
1126	2796
3548	2796
561	2796
2518	2796
2821	2796
2460	2796
3709	2796
3543	2796
1157	2796
1067	2796
2748	2796
4334	2796
1311	2796
2148	2796
933	3896
489	3896
606	3896
3650	3896
1145	477
3312	2985
1416	2985
3220	3014
178	3014
3220	1014
1978	2430
18	2646
513	2646
2893	2646
1856	2646
4151	2646
652	2049
310	2049
12	2049
233	2049
384	2049
373	2049
4239	4200
1126	4200
2518	4200
3139	4200
1988	3075
4267	3075
2149	3075
1598	3075
1837	3075
1963	3075
3215	3125
1540	3125
2405	3125
877	3125
3448	3125
3823	4250
588	4250
4257	4250
3602	4250
1296	4250
3129	4250
1599	4250
3274	4250
1163	4250
3254	2381
2157	2381
3491	2381
2718	1725
814	2462
385	2462
600	2462
1492	2462
166	2462
863	2462
3322	2462
1121	2462
1731	2462
1881	2462
652	18
513	18
1654	18
4151	18
3434	18
3855	18
1731	18
2416	3215
3084	2824
1988	62
3139	62
1386	2471
139	2471
1406	2471
2893	37
1570	37
3996	37
1444	37
1797	37
2178	2977
4267	2977
3916	2977
3486	2977
3281	2977
558	2977
6	2977
133	2977
340	2977
2708	2977
139	1386
2405	1386
2178	3823
600	3823
3359	3823
1573	3823
100	3823
561	3823
588	3823
2958	3823
3025	3823
990	3823
2250	3823
1844	3823
3274	3823
3139	3823
3483	3823
1314	744
3819	744
945	744
2130	744
513	652
4151	652
3434	652
2836	652
3855	823
3819	513
2052	513
4151	513
3434	513
4129	513
3191	513
1484	513
1005	2981
322	2949
96	2949
1549	2949
2317	1314
3819	1314
3878	1314
945	1314
627	1542
14	1542
1881	1542
984	1542
1406	3187
2188	3187
3543	3187
1313	3187
868	3187
3482	3187
504	4239
96	2317
2699	2317
1951	2317
2562	2317
844	2317
2961	2926
4169	2926
3139	2926
3400	1406
632	4286
4215	2814
3833	4126
2100	884
242	884
183	1177
2962	1177
1848	1177
1188	175
2426	175
2422	3319
1720	3856
2215	3856
1516	3856
3079	3856
3078	3856
3482	3856
1755	3856
3084	1145
3085	1145
3273	1145
2518	455
2204	455
2354	2843
3281	2843
1126	268
399	268
938	1720
1981	1720
3355	2830
418	2830
310	2830
29	2830
3129	2830
117	2830
311	2830
378	2830
2525	2830
2183	36
2436	36
867	4020
1438	4020
133	4020
2483	3582
307	3582
3312	284
2716	284
3016	284
2405	284
1046	284
2178	2735
3084	2735
3139	2735
1680	1408
3084	1408
3613	3145
3179	3724
2718	404
288	404
1557	1540
4073	1780
600	814
1544	814
3772	814
2149	814
674	814
3214	814
4048	814
473	814
3139	814
2695	814
3530	814
406	2298
2130	2298
1943	3510
3505	3510
1188	3510
2103	3510
288	3510
4267	3435
2436	3435
2016	3435
1943	183
1820	183
440	183
2103	183
4457	183
2426	183
288	183
2503	183
1443	183
3446	183
4317	183
713	3044
906	3044
1582	3044
945	3254
430	4134
242	4134
3501	3172
824	3172
2608	3172
2958	1993
3157	1525
2718	1525
246	3355
3387	3355
553	3355
3129	3355
3274	3355
4133	3355
553	3628
4185	3781
4169	3781
3157	3781
1946	3781
933	2989
29	680
2525	680
3063	680
516	246
507	246
273	2178
3486	2178
2193	2178
259	2166
2096	4397
100	3498
3543	2636
2112	1988
3261	1988
489	1988
2193	1988
1876	1988
4404	1988
587	1988
1835	411
1603	411
2955	3974
1515	3974
1793	3974
3501	3832
648	3832
4267	3832
2354	3832
3220	3832
2659	3501
3834	3501
4267	3501
2354	3501
503	3501
2642	3501
3936	3501
502	3501
2551	3501
710	2946
504	2492
1902	3353
3817	3353
421	648
503	648
1268	648
3457	1302
469	1302
4389	1302
3139	1302
2609	1302
4045	1302
864	3841
2112	3841
4334	3841
4199	3841
4036	3841
1537	2028
2958	2028
2405	385
2873	385
2405	2867
2804	905
3400	2669
43	23
4226	23
1128	3379
1876	3379
2078	3379
2130	3379
2245	600
4321	600
674	600
3261	600
1296	600
3136	600
2416	600
1963	600
742	600
2525	600
3343	600
1978	2659
1313	2659
3270	2659
4016	4340
630	4340
4169	2955
1515	2955
3139	2955
3079	1960
4168	79
3819	1841
3157	1841
122	1841
1128	1841
2013	1841
597	1841
2562	1841
990	1841
3348	1849
3220	1849
1820	3909
2405	214
2525	4148
3471	1746
2433	1746
2405	1087
3437	1087
288	2801
3817	2801
2435	2804
986	2804
2326	2804
2177	2804
43	2804
288	2804
4317	2804
1978	3476
3491	3476
4248	3476
83	3476
1313	3476
847	3476
3507	1992
1438	1992
3925	649
159	2893
3925	2431
4381	2022
288	2022
2143	2022
2405	3182
198	2295
665	2295
2962	3099
414	3099
3141	3185
722	3185
2176	3185
489	3185
2895	3185
1820	1943
68	1943
1790	1943
288	1943
2503	1943
4291	3141
288	3141
2744	3141
2250	4016
967	4016
896	4016
2634	4016
866	3337
899	969
1718	1664
990	1664
990	2239
1570	238
821	238
4361	238
3161	238
2405	4064
558	4064
205	4064
504	4064
2961	3359
3819	3359
3813	3359
2756	3359
558	3359
1964	3359
3139	3359
558	1375
3223	3507
2498	3507
1584	3507
3312	3507
2660	3507
3025	3507
1501	3507
14	3507
846	3507
2961	3223
2308	3223
2405	3223
3084	3223
846	3223
1364	3223
2052	4288
3929	2498
4245	3030
3139	3030
107	4117
2177	470
1443	470
2262	237
3734	237
2578	237
1218	3413
2929	3413
2292	3413
846	3413
864	4391
2198	2407
2621	2407
3647	2407
1711	2407
2908	2407
423	2407
3118	2407
3482	2407
4394	2407
2405	2073
2962	2073
3084	3080
1190	3080
4259	2730
288	2730
1079	2617
2923	3715
4381	3835
1515	978
3818	326
3888	326
1185	33
1269	33
1067	33
2146	33
1668	33
2923	33
318	31
2426	19
288	19
1502	19
142	17
4329	418
3469	418
4297	418
1812	418
3220	418
158	418
15	418
1640	418
2692	418
3136	418
131	418
3459	418
430	2093
3084	3513
192	3972
1860	3972
2936	3972
1459	3972
715	3972
527	3760
313	3760
2794	3760
632	3760
1670	3760
926	3760
2476	3760
2662	3760
1554	1178
1054	1178
288	2649
1443	2649
3914	3818
3457	3818
2058	3818
288	3818
4381	3461
1537	2961
4044	2961
3613	2961
4169	2961
2436	2961
1175	2961
4110	2961
1060	2961
502	2961
1364	2961
1605	2961
3312	904
198	904
4149	1106
597	1106
926	1106
4151	1106
318	1106
1484	1106
1373	4448
2986	686
990	427
423	1902
3278	430
3220	430
885	430
240	430
2033	430
1567	430
1647	3527
3001	2116
158	192
3220	2811
3084	2811
2505	679
3220	1243
1537	1189
1054	1189
423	1189
2602	1189
3482	3867
96	656
558	656
3270	656
4381	656
2103	1079
288	1079
3382	1079
4248	2308
1172	1860
3996	1860
2130	1860
46	1172
1492	1172
1492	46
674	1492
503	1492
1675	3834
2392	3976
669	3976
2936	1371
887	1371
1465	1371
2948	2936
1749	1718
380	1537
4044	1537
4255	1537
4235	1537
990	1537
2639	1537
83	1537
5	1537
887	1537
699	1537
2066	1537
4075	1537
1869	1537
788	2172
1704	2172
2249	2172
3588	2172
288	4256
990	4304
901	1573
2436	1573
2639	1573
4334	1573
1702	1573
4244	1573
4380	1573
984	1573
4036	1573
380	1140
870	1140
2621	2198
3647	2198
1711	2198
489	2198
843	2198
2422	914
813	914
3270	914
3274	100
811	4309
864	166
863	166
4271	166
1269	166
674	166
866	166
1054	166
507	166
4048	84
395	84
3736	3148
2894	3148
1790	3148
1480	3148
288	3148
3917	3148
4317	3148
3736	3081
2894	3081
3203	3081
3805	3081
516	449
2405	449
2958	449
2958	516
507	516
2405	618
1218	618
3136	1206
3772	1544
473	1544
4169	4455
423	4455
3139	4455
4169	1150
3139	1150
386	803
1144	803
632	803
378	3419
2894	3736
2716	4267
1126	4267
2518	4267
1546	4267
1157	4267
2000	4267
1654	4267
118	4267
122	4267
258	4267
2250	4267
2639	4267
3617	4267
558	4267
2557	4267
340	4267
1126	3819
2821	3819
1876	3819
2208	3819
945	3819
259	3819
2130	3819
1450	3819
3533	3819
2019	3819
1755	3819
945	2813
2130	2813
3690	3312
2541	3312
3878	3312
3855	3312
588	3387
503	3387
29	3387
3129	3387
1126	380
597	380
1441	380
117	380
2383	2716
3220	2716
1680	2716
3855	2716
1751	2716
2937	3851
3220	3851
3157	3851
122	3851
3139	3851
4040	3772
473	3772
863	864
3640	864
3929	864
3274	864
489	81
674	863
1449	863
395	863
221	863
4169	4044
990	4044
83	4044
3139	4044
1869	4044
4317	1188
3190	1316
2334	1316
2503	1931
1443	3194
2962	1930
3079	2333
288	2333
198	1126
3004	1126
1963	1126
3385	1126
3220	2171
3079	4328
961	2815
524	1318
3084	1318
4381	1318
524	2780
4018	2910
423	2910
3276	2215
1070	3016
990	3016
1963	3016
2405	2254
3079	2254
200	1543
986	242
1790	3289
1916	3289
630	3213
489	3469
4334	3548
3079	3548
2426	933
779	754
3139	4297
3486	273
3281	273
4366	1171
1240	1171
4169	3956
4430	4393
1740	3613
3261	2149
954	2149
524	1503
2143	2614
4248	3392
3220	3392
1530	3392
1680	3392
2734	3392
2199	2405
1185	2405
1976	2405
1027	2405
714	2405
4322	2405
4224	2405
2555	2405
3993	2405
1301	2405
3573	2405
3934	2405
3179	2405
68	2405
696	2405
4030	2405
2929	2405
2748	2405
3929	2405
2208	2405
991	2405
3367	2405
1568	2405
2541	2405
2962	2405
3104	2405
3437	2405
3775	2405
3057	2405
120	2405
148	2405
307	2405
379	2405
447	2405
509	2405
894	2405
896	2405
1053	2405
1091	2405
1151	2405
1439	2405
1547	2405
1560	2405
1602	2405
1634	2405
1730	2405
1793	2405
2068	2405
2148	2405
2364	2405
2402	2405
2563	2405
2570	2405
2619	2405
2650	2405
2681	2405
2695	2405
2720	2405
2741	2405
2860	2405
3032	2405
3054	2405
3108	2405
3298	2405
3362	2405
3381	2405
3433	2405
3482	2405
3521	2405
3614	2405
3627	2405
3704	2405
4109	2405
4358	2405
4386	2405
4420	2405
3333	2199
3084	1978
14	1978
3308	1978
3139	2112
504	2112
3520	1185
4350	1185
445	3640
3543	3640
1259	445
1549	445
4418	445
489	445
3253	445
942	445
2262	3914
3220	1820
3139	3593
2094	3394
269	1070
990	1259
2590	3492
4334	561
2958	2590
2958	2750
3079	2750
3482	1920
3398	1378
83	1378
3400	1378
2207	1378
901	2354
3709	2354
503	2354
867	2354
3326	2354
198	2354
607	2354
1429	2354
2177	2354
191	2354
4334	2354
2190	2354
2634	2354
2465	1627
3129	588
1599	588
3274	588
1484	588
761	588
3576	2195
1241	2195
1568	2195
1568	2183
1438	714
3929	714
423	4359
4342	1812
3220	2618
259	96
269	2518
2383	2518
198	2518
504	2518
924	2518
433	3813
1409	3656
4073	4322
1480	4322
558	1546
340	1546
3855	269
2657	2958
2422	2958
2326	2958
2572	2958
2748	2958
4389	2958
1541	2958
2832	2958
1043	2958
2496	2958
456	2958
464	2958
2217	2958
2399	2958
2447	2958
2743	2958
2778	2958
2835	2958
2836	2958
2890	2958
2932	2958
2960	2958
3555	2958
3817	2958
3905	2958
313	527
4433	527
2794	527
217	527
1670	527
4151	527
3220	313
1164	313
1128	313
1670	313
4381	313
1484	1794
3491	2157
2422	2157
1313	2157
924	2157
3491	4149
3617	3491
2130	3491
1868	4245
2505	4245
2474	4245
1175	4245
984	4245
203	1044
2495	1781
1772	1781
378	1781
3078	1781
3482	1781
1598	3576
1054	3576
3139	3576
1121	674
1731	674
1881	674
158	4010
2980	4010
3079	4010
1144	4224
1876	4224
4395	4224
2980	4224
1873	1482
3508	4243
3508	2131
2208	2986
3375	4086
1790	170
3839	2601
630	2310
2848	2502
3139	2435
2474	1494
2853	1494
2436	3971
4030	3971
1963	3971
1929	3786
2979	3786
4381	2224
2422	1461
3270	1461
2426	1461
3797	2188
1790	2657
3051	4101
3907	4101
373	4101
1341	4101
3483	4101
4334	2460
1131	2460
4116	4195
2105	3807
4233	3256
990	901
3079	901
3090	1604
3591	1604
4222	2592
1598	4169
1175	4169
1073	4169
3139	4169
107	4169
3446	4169
2642	200
215	3190
4346	1873
990	2549
4018	2549
1738	2549
3001	2549
3274	4257
2711	4257
2013	1765
2562	1765
1441	1765
4381	1765
3136	550
7	550
528	819
4381	4424
1695	586
986	3797
2620	524
2045	1040
1848	1040
3139	1562
159	4248
3220	3471
3281	3471
3674	3471
203	986
669	2436
813	2422
1313	2422
489	4418
3084	4418
503	3709
553	3709
4334	3709
3087	3709
1067	3543
3079	3543
3220	3827
984	2052
887	297
450	3993
3274	3602
2597	1714
1465	1157
847	813
3220	2505
2495	2505
3166	2505
334	2505
4095	3220
3157	3220
768	3220
1048	3220
584	3220
1626	3220
1568	3220
3997	3220
4074	3220
1528	3220
2351	3220
1649	3220
240	3220
148	3220
334	3220
178	3220
270	3220
381	3220
868	3220
896	3220
1251	3220
1695	3220
3291	3220
2244	3220
2396	3220
2440	3220
2979	3220
3070	3220
3295	3220
3327	3220
3884	3220
3559	3220
3649	3220
3804	3220
3917	3220
3933	3220
4021	3220
4047	3220
4436	3220
1530	2495
1680	2495
2895	2495
3674	2495
1398	1241
109	1241
3276	3166
1680	1530
3157	1530
2872	1530
3478	1530
3281	1680
3862	1680
1528	1680
2872	1680
4325	4433
1409	2810
117	2810
1556	2810
4096	42
1251	2493
1136	2120
1373	2328
1951	2699
1738	72
3903	2176
158	2176
2895	2176
2349	2176
2334	3903
632	386
2562	386
1670	386
1054	1261
3057	1261
3079	2474
3482	2474
867	2621
3647	2621
1711	2621
843	2621
2194	2621
4394	2621
991	503
378	503
4381	3429
1144	440
1790	440
984	346
1438	867
632	867
217	2077
990	661
3287	661
337	1301
2545	1301
1739	337
191	337
2146	433
3015	433
288	3721
248	1739
528	2853
4153	2853
761	2853
3	2853
248	4233
3084	4233
117	98
45	891
1690	891
4381	3830
3573	1515
877	1515
807	1515
3798	1515
877	3573
807	3573
807	1980
2140	1980
807	1772
2140	1772
887	1772
4118	1772
1690	45
623	2326
807	877
1646	877
1551	877
2140	807
597	807
1731	807
198	3326
558	3326
1867	2000
2024	2000
1711	3647
843	3647
4394	3647
4096	3934
198	3261
3996	3261
924	3261
4333	3261
2562	1385
1441	1385
4381	1385
2262	3179
990	3179
2962	3179
4059	3179
2426	3179
846	3179
288	3179
2503	3179
3500	3179
1790	2262
2503	2262
1848	2262
4317	2262
2718	400
2847	400
3155	400
117	2948
3079	2948
3793	1654
3079	1654
846	1654
3079	2573
3079	3734
3798	3734
3996	4041
1848	1745
1128	4190
324	4190
294	3625
294	1608
1903	294
2250	3457
1963	3457
3785	3457
3483	3457
627	1913
4352	3690
309	3690
4231	627
4352	627
14	627
1963	627
2597	4251
4074	3107
2597	1025
3876	1025
945	1144
1054	1144
1164	4095
3293	4095
990	4095
1524	4095
2797	4095
2175	1164
1398	1164
109	1164
3157	1164
1234	1164
1128	1164
2013	1164
1876	1164
2078	1164
597	1164
4395	1164
2562	1164
1441	1164
1881	1164
2605	1164
3157	1398
2013	1398
2208	1398
378	1398
2013	109
538	109
2024	109
1234	3157
2013	3157
1837	3157
1512	3157
3084	2151
117	4259
3139	4259
4059	1445
3880	1445
472	68
2718	68
2349	68
504	4069
3139	1175
3398	553
1005	553
3270	553
4404	553
3400	553
797	553
1782	553
3129	29
2525	29
2416	198
259	198
2608	198
617	198
3078	198
3281	1236
1484	15
3805	528
758	122
3904	122
234	122
1751	122
843	1711
3973	1711
4394	1711
4334	1067
2013	1234
606	2465
481	4084
4188	489
3253	489
942	489
1709	489
2962	1093
203	2294
288	2108
1443	2108
909	602
2130	3203
248	3322
1128	3322
1286	3322
632	3322
2029	3322
471	248
1738	248
2620	248
3343	248
3409	248
1286	1128
2013	1128
1876	1128
2078	1128
597	1128
632	1128
2562	1128
1441	1128
1837	1128
4346	1128
2127	1128
2130	1128
451	1128
713	1296
3054	1296
1837	1286
2130	1286
1881	758
3982	1449
2608	1449
1731	1449
3486	3916
945	848
260	848
3850	1520
1054	1520
761	2929
2660	628
3139	4110
4352	4110
2620	194
1048	2353
3973	843
4394	843
270	3938
1848	3938
2421	2794
2980	630
502	630
2024	2660
4436	101
2939	2771
3983	3084
681	3084
414	3084
2753	3084
2970	3084
3063	3084
3287	3084
3718	3084
4146	3084
3591	3084
2214	1839
259	3281
1484	3293
3079	3293
1211	3293
217	768
558	1048
763	1438
3446	1438
3530	1438
1729	2193
558	2193
3139	2193
4008	2193
2024	3321
681	343
632	3954
4450	3954
6	3954
107	3954
3929	2637
4381	217
4334	217
3785	217
584	1011
623	1011
763	1011
4409	2587
4334	4216
572	4216
597	2013
4395	2013
2562	2013
1441	2013
107	2013
2562	1876
1441	1876
616	1876
2578	1876
1731	2078
2024	538
4395	597
2562	597
1441	597
2562	4395
616	4395
4450	632
2662	632
3614	632
3929	4450
811	3929
584	3004
623	3004
4334	3004
1925	3004
2957	3004
4381	584
4008	584
4124	584
2957	623
3438	2446
1441	2562
1731	2562
318	1441
1731	1441
107	1441
14	4231
3079	4231
4381	3873
2597	3129
3274	3129
4045	870
3265	677
804	2208
945	804
2974	804
3629	990
4361	990
83	990
1086	990
2130	990
107	990
3001	990
868	990
1450	990
1797	990
2399	990
2925	990
3478	990
1869	990
558	2250
3191	2250
4352	2250
967	2250
984	2250
558	2639
4352	2639
4381	3367
4352	1568
2327	1568
3308	1568
3997	3275
3079	3275
3855	2541
3482	4074
1848	176
4394	2895
423	1570
4059	117
818	117
658	117
3746	117
3894	1069
3464	3076
2962	4188
4381	4188
2607	2962
681	2962
43	2962
288	2962
2693	2962
69	4457
288	4457
2503	4457
1443	4457
1484	408
1738	2146
1782	2146
945	3878
1894	3878
270	3843
3804	3843
3964	3843
961	3843
3108	372
2776	1823
1054	1554
866	2692
1311	866
3385	866
3317	558
3552	558
3483	3437
1834	1557
14	3805
260	945
323	945
797	945
924	945
1512	945
3013	945
2281	83
472	83
2177	83
1480	83
3001	83
1797	83
3362	83
4301	83
1869	83
1196	1800
2923	4059
847	1313
3270	1313
2483	1313
2349	1894
2683	1894
3500	3136
1556	2281
1869	2281
610	616
1743	4073
4048	755
4151	1054
3434	1054
2130	1054
3247	1054
395	4048
1837	395
4133	395
2620	395
3054	1501
3274	1599
761	1599
2201	1016
1521	1016
1547	1016
2421	1016
1963	2416
2525	2416
3139	2451
3079	2451
423	3270
2879	3270
647	2980
507	2980
447	1276
4045	1964
2486	4215
3478	3788
4151	1670
3434	1670
423	926
406	2832
1981	159
4381	4346
509	2686
3855	2127
4362	2127
3434	4151
1963	3434
1981	4289
1981	3310
507	2286
1556	3224
752	1995
1790	2426
1480	2426
1848	2426
2058	3996
1881	3996
4206	423
2734	423
3478	423
2608	3855
924	3855
1210	3855
2119	1098
2749	762
2525	3274
2130	406
4381	2775
1509	4381
3982	4381
2496	4381
587	4381
775	4381
799	4381
896	4381
1345	4381
1624	4381
1751	4381
3086	4381
3409	4381
3884	4381
3804	4381
3833	4381
3900	4381
4035	4381
1341	4381
1793	3464
510	811
1790	2058
3446	2177
2923	2177
4317	2177
1869	2177
3191	810
318	810
1484	810
318	479
1484	479
318	4129
1484	318
887	318
3344	1484
43	3146
4199	142
1874	3139
1944	3139
2461	3139
3674	3139
693	3139
4008	3139
2793	3139
270	3139
502	3139
509	3139
510	3139
1354	3139
1797	3139
1881	3139
1946	3139
3446	3139
2378	3139
3343	3139
4036	3139
2662	2476
1158	2476
2718	4291
4317	4291
1963	4404
4036	4334
3894	1509
3894	4352
763	1163
69	1790
288	1790
2503	1790
1443	1790
3446	1790
3397	1790
4342	1790
2496	3982
1963	14
3483	2292
577	3472
69	2718
288	2718
2503	2718
1443	2718
3591	2718
3366	259
374	259
3907	259
504	259
402	203
1730	203
1768	203
1872	203
2249	203
2934	374
3875	3062
769	2608
1237	2608
2130	2608
1963	2608
4122	2974
43	1237
1341	1237
3668	2130
3785	2130
782	3400
2410	3400
1797	3936
1465	1731
288	681
2503	681
3079	4122
1465	107
1648	3674
2378	3674
3815	1556
1480	1556
1521	1556
4301	1556
1502	3876
3699	4308
1603	4350
3079	260
1603	3079
1060	3079
887	3079
70	3079
179	3079
669	3079
692	3079
699	3079
706	3079
2622	3079
3013	3079
3063	3079
3436	3079
3875	3079
4063	3079
4109	3079
761	4153
3	4153
1963	3907
1521	3907
1762	3907
3483	3907
2194	1060
726	1060
887	1060
2939	1060
726	2194
2939	2194
2939	726
3369	1697
1364	846
288	1480
2503	1480
4342	1480
288	2334
2503	2334
4043	4008
984	24
1721	2158
378	887
3078	887
3482	887
1443	69
2581	69
1639	70
1963	179
1283	228
678	288
1848	288
2349	288
2563	288
2744	288
2923	288
3382	288
4317	288
2651	351
3449	378
703	391
1222	1963
1675	1963
1709	1963
3343	1963
3500	1963
3483	1963
4124	447
779	456
4199	504
984	572
2836	606
4420	702
1056	721
1575	748
1521	763
1547	763
1521	774
4189	774
3533	777
3738	779
3290	861
4108	944
4063	1131
2912	1151
1848	2503
4317	2503
4199	1338
4358	1361
2563	1443
2581	1443
2744	1443
4317	1443
1547	1521
1938	1521
4189	1521
373	1521
1341	1521
1555	1521
3483	1521
4189	1547
373	1547
1341	1547
1555	1547
3483	1547
2939	1547
4199	1605
3931	1612
2787	1686
1869	1776
1869	1797
1880	1848
4342	1848
4317	1848
1589	1848
2043	1872
4301	1938
3482	2039
1589	2228
3482	2352
1869	2399
2570	2481
2547	2481
3720	2734
3070	2772
3482	2835
3078	2898
1869	2925
3482	2957
4358	3087
4436	3087
4282	3192
3447	3436
3840	3482
4199	3500
4097	3529
3817	3614
4317	4342
4146	3941
1341	4301
1869	4301
