1	87
1	248
1	367
1	410
1	641
1	883
1	905
1	1037
1	1964
1	2019
1	2528
6	400
6	694
6	996
6	1087
6	1602
6	2479
7	49
7	381
7	1273
7	2724
9	49
9	264
9	355
9	762
9	791
9	1235
9	2476
12	410
12	480
12	1115
12	1152
12	1289
12	1602
12	1676
12	2582
12	2783
15	2288
16	351
16	485
16	2651
21	410
21	905
27	340
27	480
27	2783
28	1538
31	32
31	1661
32	1704
33	939
33	1255
33	1538
33	1561
39	49
39	341
39	641
39	694
39	707
39	723
39	738
39	860
39	1027
39	1053
39	1152
39	1840
39	1916
39	2263
39	2582
39	2618
39	2778
44	1064
49	240
49	323
49	340
49	365
49	486
49	518
49	572
49	726
49	731
49	735
49	806
49	834
49	1009
49	1136
49	1152
49	1155
49	1235
49	1251
49	1352
49	1377
49	1446
49	1708
49	1722
49	1880
49	1905
49	1917
49	1963
49	2008
49	2352
49	2433
49	2521
49	2579
49	2639
49	2715
49	2778
53	1817
53	2490
53	2579
55	2428
55	2469
58	2027
59	1347
59	1931
73	205
73	1854
73	1988
73	2458
74	367
74	761
74	903
74	1955
74	2476
79	302
87	598
87	874
87	1491
87	1944
88	939
92	774
92	1965
103	1009
103	1446
103	1574
107	611
107	921
107	978
107	1064
107	2246
107	2352
107	2742
111	1504
114	1183
114	2031
114	2077
117	177
117	452
117	2335
120	240
120	593
120	1384
120	1817
120	1865
120	1938
120	2027
120	2110
120	2593
120	2746
122	279
122	1581
122	1775
130	641
133	1446
137	486
147	381
147	2757
148	177
148	741
148	1009
148	2778
154	1381
158	2086
163	653
165	304
165	1445
165	1854
166	1009
166	1250
166	1285
166	2043
168	2582
175	483
175	1654
175	2579
177	602
177	622
177	1009
177	1059
177	1456
177	2247
177	2651
178	954
182	1204
182	2490
187	420
187	705
187	1235
187	2778
187	2783
190	575
190	1352
190	1908
197	1053
197	1289
197	1475
197	1654
197	1691
197	1840
197	2158
197	2310
197	2582
205	761
205	805
205	952
205	1089
205	1610
205	1643
205	1789
205	1955
205	1970
205	2476
207	2746
211	351
211	1753
216	1446
217	939
217	1893
219	741
229	997
229	1838
229	2476
232	625
232	1671
232	1880
232	2184
232	2696
233	345
233	741
233	1083
233	1174
233	1269
233	1475
233	1476
233	1529
233	1864
233	2105
233	2310
235	806
240	1882
240	2158
245	1649
248	1098
255	2678
257	275
257	645
258	1377
258	2043
258	2118
258	2618
258	2650
262	2540
262	2589
265	1755
275	2579
278	1009
279	1805
279	1955
279	2547
287	707
288	1170
295	603
296	410
296	641
296	883
296	1170
296	1239
296	2528
302	485
307	602
307	2077
313	351
313	568
315	1445
315	2335
323	939
323	2090
324	611
324	679
324	2600
329	1965
332	568
332	1344
339	1446
340	355
340	480
340	1445
340	1507
340	1654
340	2118
341	1624
345	741
345	1475
345	1864
349	410
349	1239
351	435
351	530
351	1289
351	1564
351	1753
351	2110
351	2545
351	2651
351	2699
354	2700
354	2787
355	421
355	483
355	987
355	1009
355	1049
355	1572
355	2036
355	2233
355	2321
355	2577
355	2650
355	2693
355	2730
356	2544
365	1880
367	788
367	843
367	1159
367	1540
367	2746
372	1563
372	1660
372	1865
372	2442
373	1268
373	1528
381	1631
390	601
390	939
390	1095
390	1406
390	1916
391	1621
392	987
400	641
400	738
400	775
400	996
400	1020
400	1654
400	1747
400	1818
400	2577
400	2582
400	2699
402	1266
406	2090
408	1627
410	439
410	500
410	591
410	618
410	641
410	883
410	905
410	930
410	1170
410	1239
410	1271
410	1273
410	1286
410	1328
410	1371
410	1620
410	1688
410	2066
410	2382
410	2528
410	2699
410	2712
410	2757
413	1540
413	2778
413	2787
418	575
420	1700
421	741
422	1870
422	2225
424	1009
424	1285
424	1377
424	2019
430	657
431	1793
432	1905
433	1384
435	761
439	1064
439	1384
439	1734
439	1817
439	1854
439	1974
439	2116
439	2432
448	1572
451	1976
452	494
452	850
452	987
454	1627
455	1786
458	1634
460	1893
462	1476
463	694
463	850
463	2131
464	2225
465	1384
465	1446
467	2746
480	782
480	987
480	1794
480	2729
482	1538
484	2540
485	1618
485	1689
485	1854
485	1961
485	2098
486	572
486	603
486	1916
486	1965
487	741
494	567
494	702
494	709
494	735
494	811
494	850
494	1061
494	1323
494	1376
494	1381
494	1663
494	1805
494	1853
494	1854
494	2110
494	2112
494	2531
494	2579
494	2614
498	751
500	641
500	883
500	1170
500	1239
500	2528
502	738
502	834
503	1015
503	1226
503	1534
503	1746
507	1220
512	1064
513	1717
513	2746
516	1235
516	1916
516	2280
516	2598
518	657
518	938
518	1919
518	2395
521	1213
527	2116
528	1704
531	641
531	788
531	1542
531	1602
533	910
533	1542
534	2746
538	572
543	834
544	598
553	1064
559	2116
567	1445
567	1854
568	1235
568	1562
568	2588
568	2598
572	860
572	1739
572	1747
575	741
575	883
575	1005
575	2116
577	2654
587	726
587	1009
587	1024
587	1285
587	1789
587	2043
588	1009
591	2055
593	660
593	788
593	1718
598	1089
598	1916
598	1939
598	2094
598	2150
601	732
601	1115
601	1840
601	2563
601	2582
601	2783
602	1854
602	2426
603	883
603	1155
603	1313
603	1384
603	1602
603	1708
603	1854
603	1900
603	2116
603	2778
607	1085
607	1747
607	1752
607	2237
607	2288
607	2451
607	2756
611	679
611	806
611	921
611	939
611	978
611	1064
611	2246
611	2352
611	2742
616	774
616	2590
616	2730
618	741
618	2729
618	2757
622	1273
622	1456
622	2382
625	1652
625	1737
625	1938
625	2162
625	2184
625	2264
625	2696
635	725
636	883
637	731
637	2203
641	741
641	883
641	905
641	930
641	1153
641	1170
641	1239
641	1328
641	1445
641	2066
641	2150
641	2234
641	2432
641	2528
641	2729
641	2757
645	852
647	1266
650	1621
652	2730
655	2579
657	2395
657	2579
661	1660
661	2019
665	1074
665	1835
669	1538
669	2630
672	1734
679	1182
679	2352
679	2600
684	1538
684	1660
687	2719
694	1004
702	1610
702	2531
702	2582
702	2583
705	740
705	1155
705	1818
705	2783
707	1490
712	1847
725	1884
725	2172
726	913
726	987
726	1250
726	1285
726	1313
726	2046
726	2129
730	2278
731	1880
731	2184
731	2203
731	2521
735	1445
738	1602
740	921
740	1602
740	1805
740	1938
740	2278
740	2528
740	2545
740	2579
741	782
741	806
741	821
741	905
741	1053
741	1170
741	1239
741	1475
741	1691
741	1895
741	2158
741	2307
741	2528
751	841
751	1064
751	1235
751	1818
751	1965
751	2577
751	2579
751	2716
754	2225
761	805
761	903
761	952
761	1403
761	1610
761	1684
761	1955
761	2476
763	939
770	1485
770	1854
770	2673
774	1070
774	1250
774	1285
774	1443
774	1604
774	1620
774	2225
786	2225
788	1805
788	2067
801	2174
801	2579
801	2582
805	903
805	1955
805	2476
806	1445
806	1654
806	1927
806	2024
806	2506
811	1273
811	2382
811	2582
814	1781
820	1381
821	1211
821	1376
821	2104
821	2469
821	2548
821	2757
821	2778
834	1620
841	2778
843	1654
843	2008
843	2285
843	2579
850	993
850	1061
850	1323
866	1035
873	1948
883	905
883	930
883	1170
883	1239
883	1476
883	1525
883	1747
883	1854
883	1938
883	2285
883	2367
883	2528
883	2699
883	2757
886	2335
889	2202
889	2582
890	1183
891	1446
898	1015
898	1226
898	1534
898	2219
901	1168
903	1955
903	2476
905	930
905	951
905	1170
905	1239
905	1328
905	2528
905	2757
909	2154
913	2113
913	2149
921	978
921	1064
921	1704
921	2246
921	2352
921	2742
930	1133
930	1153
930	1160
930	1170
930	1212
930	1239
930	1341
930	2066
930	2528
930	2582
930	2757
933	2116
938	2395
939	1087
939	1095
939	1406
939	1428
939	1606
939	1916
941	1428
941	2149
954	1211
954	1763
954	1813
954	2106
961	1938
961	2582
971	1798
978	987
978	1009
978	1064
978	2118
978	2246
978	2352
978	2742
983	2492
987	1155
987	1384
987	1452
987	1599
987	2207
987	2225
987	2258
987	2582
987	2778
989	1170
992	1663
996	1270
996	2046
996	2116
996	2479
997	1266
997	1838
1009	1074
1009	1250
1009	1285
1009	2037
1009	2043
1009	2246
1009	2351
1015	1226
1015	1332
1015	1534
1015	2219
1024	1654
1033	1484
1034	1798
1035	1677
1037	1654
1037	2582
1048	1865
1049	2594
1059	1226
1059	1290
1060	1252
1060	2099
1060	2306
1060	2442
1060	2633
1061	1624
1061	2116
1064	1096
1064	1450
1064	1716
1064	1817
1064	1854
1064	2023
1064	2246
1064	2352
1064	2742
1070	1789
1070	1847
1074	1538
1074	2278
1074	2469
1074	2577
1074	2778
1085	1752
1085	1861
1085	2237
1085	2288
1085	2756
1087	1384
1089	2778
1092	1348
1092	1854
1092	2672
1109	1938
1115	1654
1115	1938
1133	2778
1136	1422
1136	1561
1136	1620
1136	2540
1136	2589
1136	2724
1147	1581
1147	1775
1149	1704
1152	1446
1152	1572
1152	2070
1152	2582
1152	2778
1154	2582
1155	1235
1155	2006
1155	2046
1155	2258
1155	2321
1155	2778
1157	1857
1159	1894
1159	2783
1168	1840
1168	2792
1170	1239
1170	1273
1170	1289
1170	1662
1170	2063
1170	2066
1170	2528
1170	2582
1170	2757
1173	2476
1174	2118
1176	1294
1187	1918
1187	2306
1197	2778
1204	2490
1214	2001
1218	2113
1218	2654
1223	1955
1226	1534
1235	1447
1235	1654
1235	2046
1235	2187
1235	2598
1235	2639
1235	2691
1239	2066
1239	2528
1239	2582
1239	2757
1239	2777
1248	2675
1250	1285
1250	2043
1251	1916
1255	1417
1255	1965
1255	2118
1255	2432
1255	2678
1264	1717
1266	1583
1268	1528
1269	1475
1269	2163
1270	2118
1273	1988
1273	2264
1273	2370
1273	2382
1273	2746
1274	2055
1285	2043
1289	1381
1289	1817
1289	2778
1292	1965
1310	1760
1319	2116
1322	2778
1323	1525
1325	1711
1325	2746
1328	1612
1328	1907
1328	1965
1328	2528
1332	1534
1334	2476
1336	2579
1341	1415
1344	1444
1344	2490
1345	2693
1352	1574
1352	2090
1354	1888
1354	2579
1359	1955
1362	2467
1370	2620
1371	2302
1376	1441
1376	2494
1377	1597
1381	1818
1381	2023
1381	2232
1384	1574
1384	2588
1385	2302
1403	1817
1404	1817
1404	2476
1404	2724
1406	1916
1417	2678
1422	1817
1422	2305
1422	2540
1422	2589
1422	2724
1437	2763
1443	1760
1443	1789
1443	2019
1443	2749
1445	1538
1445	1711
1445	2149
1445	2432
1445	2581
1446	2303
1446	2445
1446	2496
1447	2598
1451	2783
1452	2207
1452	2787
1457	2225
1458	2476
1459	1854
1474	2557
1475	1529
1475	1864
1476	2116
1510	1652
1511	2028
1511	2557
1513	1612
1525	1538
1525	2163
1525	2359
1525	2517
1529	1864
1538	1774
1538	1817
1538	2187
1538	2579
1539	2149
1540	1805
1540	1854
1540	2164
1540	2399
1550	2579
1561	1620
1561	2724
1562	1781
1572	2639
1577	2004
1577	2024
1581	1775
1583	2377
1583	2428
1583	2582
1583	2715
1594	1612
1601	1900
1601	1939
1601	2544
1602	1718
1602	2377
1602	2426
1604	1920
1605	2225
1610	1789
1612	2302
1612	2491
1612	2799
1620	2178
1620	2724
1628	1847
1628	2225
1632	2579
1634	1656
1639	2778
1645	1817
1654	1700
1654	1708
1654	1854
1654	2036
1654	2046
1654	2163
1654	2225
1654	2321
1654	2352
1654	2392
1654	2729
1654	2778
1654	2783
1656	1965
1660	2019
1660	2150
1660	2152
1663	2778
1672	2001
1673	1707
1677	1722
1688	2528
1691	1717
1691	1805
1697	1711
1700	2778
1704	2315
1704	2433
1704	2582
1708	2213
1711	1776
1711	2219
1715	2724
1718	1805
1721	2067
1722	2233
1722	2696
1731	2321
1733	2764
1733	2765
1734	1854
1737	1818
1747	2589
1751	2001
1752	2055
1752	2237
1752	2288
1752	2514
1752	2756
1753	2651
1759	2202
1771	1817
1775	2696
1779	2113
1779	2131
1785	2594
1786	2118
1786	2225
1787	2153
1789	1955
1789	2582
1798	2169
1804	1817
1805	2695
1806	2001
1814	1943
1816	2476
1817	1854
1817	2116
1817	2476
1818	1938
1822	2485
1823	2225
1840	1859
1840	2027
1847	2019
1847	2149
1847	2303
1848	1938
1849	1854
1849	2232
1851	2490
1853	2509
1854	1877
1854	1916
1854	1918
1854	1955
1854	2001
1854	2116
1854	2149
1854	2203
1854	2352
1854	2432
1854	2494
1857	2023
1861	2237
1880	2203
1880	2521
1880	2696
1884	2172
1900	2182
1903	2116
1906	2533
1911	2579
1916	2432
1918	2545
1922	2395
1926	2282
1927	2778
1938	2350
1939	2792
1955	2023
1955	2389
1955	2476
1961	2098
1961	2288
1961	2324
1965	2700
1965	2785
2001	2019
2001	2093
2001	2149
2001	2534
2001	2598
2001	2715
2008	2579
2008	2719
2008	2778
2023	2432
2024	2448
2027	2362
2027	2778
2034	2362
2046	2187
2046	2598
2052	2724
2055	2153
2055	2594
2066	2618
2066	2757
2067	2703
2086	2116
2090	2427
2090	2769
2092	2116
2105	2423
2105	2711
2112	2191
2113	2468
2113	2749
2116	2232
2118	2162
2118	2168
2118	2429
2118	2582
2118	2593
2118	2703
2131	2447
2134	2582
2149	2294
2149	2581
2150	2695
2163	2232
2167	2363
2184	2203
2184	2521
2187	2598
2190	2540
2191	2285
2191	2494
2203	2521
2203	2598
2207	2579
2207	2787
2233	2696
2237	2288
2237	2756
2246	2352
2246	2742
2282	2302
2285	2729
2285	2778
2288	2367
2288	2539
2288	2639
2288	2756
2299	2588
2299	2787
2302	2379
2305	2540
2305	2589
2314	2432
2352	2579
2352	2742
2370	2762
2392	2778
2419	2582
2428	2582
2432	2528
2432	2672
2433	2579
2442	2598
2443	2787
2458	2778
2463	2476
2511	2540
2528	2582
2528	2757
2540	2589
2540	2724
2579	2598
2582	2778
2589	2724
2590	2730
2594	2688
2635	2778
2639	2778
2651	2769
2658	2798
2681	2700
2724	2747
2746	2756
2778	2783
87	1
248	1
367	1
410	1
641	1
883	1
905	1
1037	1
1964	1
2019	1
2528	1
400	6
694	6
996	6
1087	6
1602	6
2479	6
49	7
381	7
1273	7
2724	7
49	9
264	9
355	9
762	9
791	9
1235	9
2476	9
410	12
480	12
1115	12
1152	12
1289	12
1602	12
1676	12
2582	12
2783	12
2288	15
351	16
485	16
2651	16
410	21
905	21
340	27
480	27
2783	27
1538	28
32	31
1661	31
1704	32
939	33
1255	33
1538	33
1561	33
49	39
341	39
641	39
694	39
707	39
723	39
738	39
860	39
1027	39
1053	39
1152	39
1840	39
1916	39
2263	39
2582	39
2618	39
2778	39
1064	44
240	49
323	49
340	49
365	49
486	49
518	49
572	49
726	49
731	49
735	49
806	49
834	49
1009	49
1136	49
1152	49
1155	49
1235	49
1251	49
1352	49
1377	49
1446	49
1708	49
1722	49
1880	49
1905	49
1917	49
1963	49
2008	49
2352	49
2433	49
2521	49
2579	49
2639	49
2715	49
2778	49
1817	53
2490	53
2579	53
2428	55
2469	55
2027	58
1347	59
1931	59
205	73
1854	73
1988	73
2458	73
367	74
761	74
903	74
1955	74
2476	74
302	79
598	87
874	87
1491	87
1944	87
939	88
774	92
1965	92
1009	103
1446	103
1574	103
611	107
921	107
978	107
1064	107
2246	107
2352	107
2742	107
1504	111
1183	114
2031	114
2077	114
177	117
452	117
2335	117
240	120
593	120
1384	120
1817	120
1865	120
1938	120
2027	120
2110	120
2593	120
2746	120
279	122
1581	122
1775	122
641	130
1446	133
486	137
381	147
2757	147
177	148
741	148
1009	148
2778	148
1381	154
2086	158
653	163
304	165
1445	165
1854	165
1009	166
1250	166
1285	166
2043	166
2582	168
483	175
1654	175
2579	175
602	177
622	177
1009	177
1059	177
1456	177
2247	177
2651	177
954	178
1204	182
2490	182
420	187
705	187
1235	187
2778	187
2783	187
575	190
1352	190
1908	190
1053	197
1289	197
1475	197
1654	197
1691	197
1840	197
2158	197
2310	197
2582	197
761	205
805	205
952	205
1089	205
1610	205
1643	205
1789	205
1955	205
1970	205
2476	205
2746	207
351	211
1753	211
1446	216
939	217
1893	217
741	219
997	229
1838	229
2476	229
625	232
1671	232
1880	232
2184	232
2696	232
345	233
741	233
1083	233
1174	233
1269	233
1475	233
1476	233
1529	233
1864	233
2105	233
2310	233
806	235
1882	240
2158	240
1649	245
1098	248
2678	255
275	257
645	257
1377	258
2043	258
2118	258
2618	258
2650	258
2540	262
2589	262
1755	265
2579	275
1009	278
1805	279
1955	279
2547	279
707	287
1170	288
603	295
410	296
641	296
883	296
1170	296
1239	296
2528	296
485	302
602	307
2077	307
351	313
568	313
1445	315
2335	315
939	323
2090	323
611	324
679	324
2600	324
1965	329
568	332
1344	332
1446	339
355	340
480	340
1445	340
1507	340
1654	340
2118	340
1624	341
741	345
1475	345
1864	345
410	349
1239	349
435	351
530	351
1289	351
1564	351
1753	351
2110	351
2545	351
2651	351
2699	351
2700	354
2787	354
421	355
483	355
987	355
1009	355
1049	355
1572	355
2036	355
2233	355
2321	355
2577	355
2650	355
2693	355
2730	355
2544	356
1880	365
788	367
843	367
1159	367
1540	367
2746	367
1563	372
1660	372
1865	372
2442	372
1268	373
1528	373
1631	381
601	390
939	390
1095	390
1406	390
1916	390
1621	391
987	392
641	400
738	400
775	400
996	400
1020	400
1654	400
1747	400
1818	400
2577	400
2582	400
2699	400
1266	402
2090	406
1627	408
439	410
500	410
591	410
618	410
641	410
883	410
905	410
930	410
1170	410
1239	410
1271	410
1273	410
1286	410
1328	410
1371	410
1620	410
1688	410
2066	410
2382	410
2528	410
2699	410
2712	410
2757	410
1540	413
2778	413
2787	413
575	418
1700	420
741	421
1870	422
2225	422
1009	424
1285	424
1377	424
2019	424
657	430
1793	431
1905	432
1384	433
761	435
1064	439
1384	439
1734	439
1817	439
1854	439
1974	439
2116	439
2432	439
1572	448
1976	451
494	452
850	452
987	452
1627	454
1786	455
1634	458
1893	460
1476	462
694	463
850	463
2131	463
2225	464
1384	465
1446	465
2746	467
782	480
987	480
1794	480
2729	480
1538	482
2540	484
1618	485
1689	485
1854	485
1961	485
2098	485
572	486
603	486
1916	486
1965	486
741	487
567	494
702	494
709	494
735	494
811	494
850	494
1061	494
1323	494
1376	494
1381	494
1663	494
1805	494
1853	494
1854	494
2110	494
2112	494
2531	494
2579	494
2614	494
751	498
641	500
883	500
1170	500
1239	500
2528	500
738	502
834	502
1015	503
1226	503
1534	503
1746	503
1220	507
1064	512
1717	513
2746	513
1235	516
1916	516
2280	516
2598	516
657	518
938	518
1919	518
2395	518
1213	521
2116	527
1704	528
641	531
788	531
1542	531
1602	531
910	533
1542	533
2746	534
572	538
834	543
598	544
1064	553
2116	559
1445	567
1854	567
1235	568
1562	568
2588	568
2598	568
860	572
1739	572
1747	572
741	575
883	575
1005	575
2116	575
2654	577
726	587
1009	587
1024	587
1285	587
1789	587
2043	587
1009	588
2055	591
660	593
788	593
1718	593
1089	598
1916	598
1939	598
2094	598
2150	598
732	601
1115	601
1840	601
2563	601
2582	601
2783	601
1854	602
2426	602
883	603
1155	603
1313	603
1384	603
1602	603
1708	603
1854	603
1900	603
2116	603
2778	603
1085	607
1747	607
1752	607
2237	607
2288	607
2451	607
2756	607
679	611
806	611
921	611
939	611
978	611
1064	611
2246	611
2352	611
2742	611
774	616
2590	616
2730	616
741	618
2729	618
2757	618
1273	622
1456	622
2382	622
1652	625
1737	625
1938	625
2162	625
2184	625
2264	625
2696	625
725	635
883	636
731	637
2203	637
741	641
883	641
905	641
930	641
1153	641
1170	641
1239	641
1328	641
1445	641
2066	641
2150	641
2234	641
2432	641
2528	641
2729	641
2757	641
852	645
1266	647
1621	650
2730	652
2579	655
2395	657
2579	657
1660	661
2019	661
1074	665
1835	665
1538	669
2630	669
1734	672
1182	679
2352	679
2600	679
1538	684
1660	684
2719	687
1004	694
1610	702
2531	702
2582	702
2583	702
740	705
1155	705
1818	705
2783	705
1490	707
1847	712
1884	725
2172	725
913	726
987	726
1250	726
1285	726
1313	726
2046	726
2129	726
2278	730
1880	731
2184	731
2203	731
2521	731
1445	735
1602	738
921	740
1602	740
1805	740
1938	740
2278	740
2528	740
2545	740
2579	740
782	741
806	741
821	741
905	741
1053	741
1170	741
1239	741
1475	741
1691	741
1895	741
2158	741
2307	741
2528	741
841	751
1064	751
1235	751
1818	751
1965	751
2577	751
2579	751
2716	751
2225	754
805	761
903	761
952	761
1403	761
1610	761
1684	761
1955	761
2476	761
939	763
1485	770
1854	770
2673	770
1070	774
1250	774
1285	774
1443	774
1604	774
1620	774
2225	774
2225	786
1805	788
2067	788
2174	801
2579	801
2582	801
903	805
1955	805
2476	805
1445	806
1654	806
1927	806
2024	806
2506	806
1273	811
2382	811
2582	811
1781	814
1381	820
1211	821
1376	821
2104	821
2469	821
2548	821
2757	821
2778	821
1620	834
2778	841
1654	843
2008	843
2285	843
2579	843
993	850
1061	850
1323	850
1035	866
1948	873
905	883
930	883
1170	883
1239	883
1476	883
1525	883
1747	883
1854	883
1938	883
2285	883
2367	883
2528	883
2699	883
2757	883
2335	886
2202	889
2582	889
1183	890
1446	891
1015	898
1226	898
1534	898
2219	898
1168	901
1955	903
2476	903
930	905
951	905
1170	905
1239	905
1328	905
2528	905
2757	905
2154	909
2113	913
2149	913
978	921
1064	921
1704	921
2246	921
2352	921
2742	921
1133	930
1153	930
1160	930
1170	930
1212	930
1239	930
1341	930
2066	930
2528	930
2582	930
2757	930
2116	933
2395	938
1087	939
1095	939
1406	939
1428	939
1606	939
1916	939
1428	941
2149	941
1211	954
1763	954
1813	954
2106	954
1938	961
2582	961
1798	971
987	978
1009	978
1064	978
2118	978
2246	978
2352	978
2742	978
2492	983
1155	987
1384	987
1452	987
1599	987
2207	987
2225	987
2258	987
2582	987
2778	987
1170	989
1663	992
1270	996
2046	996
2116	996
2479	996
1266	997
1838	997
1074	1009
1250	1009
1285	1009
2037	1009
2043	1009
2246	1009
2351	1009
1226	1015
1332	1015
1534	1015
2219	1015
1654	1024
1484	1033
1798	1034
1677	1035
1654	1037
2582	1037
1865	1048
2594	1049
1226	1059
1290	1059
1252	1060
2099	1060
2306	1060
2442	1060
2633	1060
1624	1061
2116	1061
1096	1064
1450	1064
1716	1064
1817	1064
1854	1064
2023	1064
2246	1064
2352	1064
2742	1064
1789	1070
1847	1070
1538	1074
2278	1074
2469	1074
2577	1074
2778	1074
1752	1085
1861	1085
2237	1085
2288	1085
2756	1085
1384	1087
2778	1089
1348	1092
1854	1092
2672	1092
1938	1109
1654	1115
1938	1115
2778	1133
1422	1136
1561	1136
1620	1136
2540	1136
2589	1136
2724	1136
1581	1147
1775	1147
1704	1149
1446	1152
1572	1152
2070	1152
2582	1152
2778	1152
2582	1154
1235	1155
2006	1155
2046	1155
2258	1155
2321	1155
2778	1155
1857	1157
1894	1159
2783	1159
1840	1168
2792	1168
1239	1170
1273	1170
1289	1170
1662	1170
2063	1170
2066	1170
2528	1170
2582	1170
2757	1170
2476	1173
2118	1174
1294	1176
1918	1187
2306	1187
2778	1197
2490	1204
2001	1214
2113	1218
2654	1218
1955	1223
1534	1226
1447	1235
1654	1235
2046	1235
2187	1235
2598	1235
2639	1235
2691	1235
2066	1239
2528	1239
2582	1239
2757	1239
2777	1239
2675	1248
1285	1250
2043	1250
1916	1251
1417	1255
1965	1255
2118	1255
2432	1255
2678	1255
1717	1264
1583	1266
1528	1268
1475	1269
2163	1269
2118	1270
1988	1273
2264	1273
2370	1273
2382	1273
2746	1273
2055	1274
2043	1285
1381	1289
1817	1289
2778	1289
1965	1292
1760	1310
2116	1319
2778	1322
1525	1323
1711	1325
2746	1325
1612	1328
1907	1328
1965	1328
2528	1328
1534	1332
2476	1334
2579	1336
1415	1341
1444	1344
2490	1344
2693	1345
1574	1352
2090	1352
1888	1354
2579	1354
1955	1359
2467	1362
2620	1370
2302	1371
1441	1376
2494	1376
1597	1377
1818	1381
2023	1381
2232	1381
1574	1384
2588	1384
2302	1385
1817	1403
1817	1404
2476	1404
2724	1404
1916	1406
2678	1417
1817	1422
2305	1422
2540	1422
2589	1422
2724	1422
2763	1437
1760	1443
1789	1443
2019	1443
2749	1443
1538	1445
1711	1445
2149	1445
2432	1445
2581	1445
2303	1446
2445	1446
2496	1446
2598	1447
2783	1451
2207	1452
2787	1452
2225	1457
2476	1458
1854	1459
2557	1474
1529	1475
1864	1475
2116	1476
1652	1510
2028	1511
2557	1511
1612	1513
1538	1525
2163	1525
2359	1525
2517	1525
1864	1529
1774	1538
1817	1538
2187	1538
2579	1538
2149	1539
1805	1540
1854	1540
2164	1540
2399	1540
2579	1550
1620	1561
2724	1561
1781	1562
2639	1572
2004	1577
2024	1577
1775	1581
2377	1583
2428	1583
2582	1583
2715	1583
1612	1594
1900	1601
1939	1601
2544	1601
1718	1602
2377	1602
2426	1602
1920	1604
2225	1605
1789	1610
2302	1612
2491	1612
2799	1612
2178	1620
2724	1620
1847	1628
2225	1628
2579	1632
1656	1634
2778	1639
1817	1645
1700	1654
1708	1654
1854	1654
2036	1654
2046	1654
2163	1654
2225	1654
2321	1654
2352	1654
2392	1654
2729	1654
2778	1654
2783	1654
1965	1656
2019	1660
2150	1660
2152	1660
2778	1663
2001	1672
1707	1673
1722	1677
2528	1688
1717	1691
1805	1691
1711	1697
2778	1700
2315	1704
2433	1704
2582	1704
2213	1708
1776	1711
2219	1711
2724	1715
1805	1718
2067	1721
2233	1722
2696	1722
2321	1731
2764	1733
2765	1733
1854	1734
1818	1737
2589	1747
2001	1751
2055	1752
2237	1752
2288	1752
2514	1752
2756	1752
2651	1753
2202	1759
1817	1771
2696	1775
2113	1779
2131	1779
2594	1785
2118	1786
2225	1786
2153	1787
1955	1789
2582	1789
2169	1798
1817	1804
2695	1805
2001	1806
1943	1814
2476	1816
1854	1817
2116	1817
2476	1817
1938	1818
2485	1822
2225	1823
1859	1840
2027	1840
2019	1847
2149	1847
2303	1847
1938	1848
1854	1849
2232	1849
2490	1851
2509	1853
1877	1854
1916	1854
1918	1854
1955	1854
2001	1854
2116	1854
2149	1854
2203	1854
2352	1854
2432	1854
2494	1854
2023	1857
2237	1861
2203	1880
2521	1880
2696	1880
2172	1884
2182	1900
2116	1903
2533	1906
2579	1911
2432	1916
2545	1918
2395	1922
2282	1926
2778	1927
2350	1938
2792	1939
2023	1955
2389	1955
2476	1955
2098	1961
2288	1961
2324	1961
2700	1965
2785	1965
2019	2001
2093	2001
2149	2001
2534	2001
2598	2001
2715	2001
2579	2008
2719	2008
2778	2008
2432	2023
2448	2024
2362	2027
2778	2027
2362	2034
2187	2046
2598	2046
2724	2052
2153	2055
2594	2055
2618	2066
2757	2066
2703	2067
2116	2086
2427	2090
2769	2090
2116	2092
2423	2105
2711	2105
2191	2112
2468	2113
2749	2113
2232	2116
2162	2118
2168	2118
2429	2118
2582	2118
2593	2118
2703	2118
2447	2131
2582	2134
2294	2149
2581	2149
2695	2150
2232	2163
2363	2167
2203	2184
2521	2184
2598	2187
2540	2190
2285	2191
2494	2191
2521	2203
2598	2203
2579	2207
2787	2207
2696	2233
2288	2237
2756	2237
2352	2246
2742	2246
2302	2282
2729	2285
2778	2285
2367	2288
2539	2288
2639	2288
2756	2288
2588	2299
2787	2299
2379	2302
2540	2305
2589	2305
2432	2314
2579	2352
2742	2352
2762	2370
2778	2392
2582	2419
2582	2428
2528	2432
2672	2432
2579	2433
2598	2442
2787	2443
2778	2458
2476	2463
2540	2511
2582	2528
2757	2528
2589	2540
2724	2540
2598	2579
2778	2582
2724	2589
2730	2590
2688	2594
2778	2635
2778	2639
2769	2651
2798	2658
2700	2681
2747	2724
2756	2746
2783	2778
