1	285
1	434
1	753
1	764
1	798
1	843
1	1119
1	1555
1	2447
1	2959
1	3043
1	3114
7	469
7	813
7	1300
7	2549
7	2990
8	56
8	2531
11	56
11	134
11	304
11	381
11	577
11	690
11	932
11	1467
11	1595
11	1874
11	2157
11	2753
11	2805
13	224
13	896
16	192
16	764
16	767
16	1130
16	1261
16	1343
16	1467
16	1571
16	1595
16	2300
16	3074
16	3191
16	3356
19	2978
22	1036
23	764
23	1062
23	2465
31	1045
32	396
32	1533
32	1930
32	2772
32	3191
34	2147
35	2469
36	562
36	1166
36	2019
36	2631
43	3186
44	55
44	56
44	134
44	520
44	606
44	697
44	753
44	813
44	829
44	837
44	867
44	1130
44	1217
44	1257
44	1261
44	2235
44	2300
44	2594
44	3156
44	3247
44	3348
47	2162
48	1045
49	396
49	408
49	585
49	618
49	1050
49	1510
49	3074
49	3310
55	56
55	134
55	183
55	672
55	727
55	1011
55	1089
55	1452
55	1630
55	1650
55	1753
55	1995
55	2132
55	2274
55	2314
55	2325
55	2432
55	2434
55	2593
55	2594
55	2632
55	2693
55	3348
55	3349
55	3366
56	87
56	90
56	134
56	376
56	396
56	429
56	452
56	562
56	672
56	719
56	864
56	895
56	950
56	961
56	1011
56	1018
56	1089
56	1354
56	1386
56	1392
56	1452
56	1526
56	1595
56	1645
56	1652
56	1674
56	1753
56	1774
56	1858
56	1995
56	2063
56	2088
56	2147
56	2261
56	2274
56	2281
56	2300
56	2307
56	2324
56	2328
56	2434
56	2522
56	2555
56	2593
56	2594
56	2612
56	2632
56	2693
56	2754
56	2933
56	3035
56	3180
56	3267
56	3291
56	3348
56	3349
67	1057
72	458
73	933
73	1719
73	2734
73	3287
76	1166
77	1129
77	1198
77	2084
77	2715
82	235
82	2408
82	2962
83	562
83	897
83	1065
83	1075
83	1289
83	1357
83	1630
83	2836
86	2313
86	3372
87	672
87	710
87	2693
88	1045
88	1059
89	2565
90	134
90	1059
90	2314
90	2632
94	464
94	569
94	3144
94	3347
101	1829
106	396
106	798
106	1050
106	1652
106	1995
106	2057
106	2088
106	2240
106	2468
106	2519
106	2757
106	3313
113	1652
113	2680
117	562
117	1652
121	244
121	279
121	764
121	1271
121	1467
121	2714
122	134
123	767
123	1055
123	1289
123	1377
123	2105
129	228
129	1437
129	1591
129	2462
129	2519
130	1011
130	1911
130	3229
132	192
132	202
132	767
132	1130
132	2300
132	2823
132	3074
132	3356
133	1261
134	177
134	884
134	1057
134	1059
134	1089
134	1652
134	1995
134	2016
134	2063
134	2088
134	2261
134	2411
134	2434
134	2522
134	2526
134	2543
134	2555
134	2593
134	2594
134	2661
134	2676
134	2773
134	2831
134	3035
134	3291
137	323
137	1920
137	2151
145	3139
148	753
148	1036
148	2236
149	884
149	1354
150	1045
151	1753
157	1253
157	1254
157	2782
157	3360
163	2441
164	1995
164	2040
164	3247
164	3310
165	375
166	789
166	3322
168	1283
173	565
173	932
173	3040
175	847
175	896
175	1323
177	577
177	1786
177	2411
177	2754
181	857
181	1973
182	432
182	2543
182	2636
182	3187
183	767
183	2229
184	766
184	2300
187	577
187	1467
187	1752
187	2915
189	1566
189	2476
190	244
190	253
190	512
190	691
190	725
190	1049
190	1829
190	2236
190	3287
192	204
192	224
192	678
192	802
192	951
192	1130
192	1807
192	1916
192	1946
192	2057
192	2174
192	2183
192	2220
192	2229
192	2256
192	2300
192	2335
192	2433
192	2565
192	2574
192	2594
192	2823
192	2868
192	2873
192	3074
192	3134
192	3356
198	3348
201	323
201	2373
201	2542
202	658
202	733
202	1225
202	1265
202	1452
202	1763
202	1789
202	2147
202	2388
202	2526
202	2716
202	3194
202	3282
202	3327
204	562
204	764
204	1130
204	2300
206	1467
207	484
207	585
207	2051
207	2100
207	2118
208	3016
210	577
210	1055
210	3046
213	525
213	827
213	914
213	2526
213	3348
215	1260
217	675
217	1645
217	2313
217	3040
224	606
224	764
224	1257
224	1467
224	1571
224	1595
224	1699
224	1783
224	2051
224	2062
224	2235
224	2300
224	2610
224	3191
225	484
225	2100
225	3330
229	2721
234	764
234	1294
234	1467
234	1995
234	2753
235	897
235	1007
235	1075
235	1289
235	1303
235	1357
235	1630
235	1958
235	1998
235	2387
235	2836
237	3310
241	764
241	2837
244	279
244	950
244	1271
244	1277
244	1303
244	2461
244	2714
244	3006
248	2295
251	896
253	691
253	725
253	765
253	1829
253	2236
253	2632
253	3287
254	585
254	2660
259	524
259	2618
261	1117
261	2300
262	1182
262	2232
265	767
265	870
265	1645
265	2347
266	736
266	1674
266	2030
266	2274
266	2281
266	2643
267	402
267	1296
267	1415
267	1547
267	1783
267	1849
267	2263
267	2300
267	2978
269	950
279	606
279	1271
279	1508
279	1551
279	2714
286	3043
289	451
289	2526
291	464
297	562
298	3062
310	452
310	518
310	577
310	585
310	707
310	767
310	864
310	1068
310	1656
310	1995
310	3348
320	2447
323	1011
323	1467
323	1715
323	3144
326	2233
335	1411
342	464
342	2565
343	710
355	2519
361	1045
361	3342
365	1752
365	2364
365	2823
376	464
376	1963
377	767
377	1283
377	2043
381	753
381	789
381	1011
381	1555
381	2753
381	2805
381	2869
386	764
386	1526
386	1670
386	2039
387	982
387	3200
390	753
390	789
390	1036
390	1097
390	1411
390	1506
390	1555
390	1925
390	2294
390	2503
390	2965
390	3043
390	3322
394	1059
394	1753
395	2300
396	606
396	764
396	1152
396	1752
396	1822
396	1874
396	2275
396	2285
396	3191
396	3293
401	789
402	1783
402	2174
402	2263
402	2526
403	753
403	1271
403	3043
408	715
408	764
408	2526
408	2559
408	2658
408	2723
408	3038
415	3249
415	3360
418	3067
419	691
419	711
419	807
419	1152
419	1457
419	1598
419	1645
419	1648
419	1995
419	2195
419	2296
419	2707
419	2849
419	3040
419	3105
420	971
420	2162
420	2275
426	1271
429	577
429	764
429	1261
429	1533
429	2281
432	896
432	1674
432	2643
432	3035
432	3273
434	1467
434	1981
434	2647
437	2018
438	1896
438	2018
438	2264
438	2612
449	2411
451	1555
452	458
452	707
452	767
452	1068
452	1343
452	1467
452	1995
452	2235
452	3191
455	1045
456	896
456	1047
456	1299
458	707
458	776
458	1215
458	1468
458	1524
458	1709
458	2982
458	3016
459	1767
463	767
464	512
464	734
464	1027
464	1239
464	1271
464	1502
464	1510
464	1956
464	1963
464	2261
464	2268
464	2354
464	2594
464	2632
464	2670
464	3147
468	513
468	562
468	2965
469	753
469	867
469	912
469	966
469	1036
469	2116
469	2205
469	2300
469	2549
469	2868
469	3012
469	3191
475	577
475	1011
475	2969
477	1981
484	864
484	1261
484	2100
486	857
486	914
486	1357
486	1595
486	3200
491	2043
492	2147
501	770
501	2693
503	2177
512	562
512	691
512	1045
512	1055
512	1260
512	1271
512	1601
512	2101
512	2391
512	2531
512	2555
512	2565
512	2594
512	2883
512	3062
512	3074
513	733
513	1533
513	2878
513	3348
518	1789
518	1995
518	2183
518	2235
525	549
525	577
525	1130
525	1261
525	2837
525	3116
526	1930
532	1055
535	657
535	919
535	1989
545	2300
549	663
549	715
549	818
549	1104
549	3185
557	1152
559	2072
562	585
562	669
562	670
562	717
562	733
562	923
562	1021
562	1065
562	1170
562	1186
562	1533
562	1549
562	1595
562	1652
562	1752
562	1810
562	1822
562	1874
562	1894
562	1973
562	2051
562	2062
562	2325
562	2479
562	2591
562	2849
562	2884
562	2903
562	3016
562	3069
562	3261
562	3282
563	978
567	2300
569	3291
577	594
577	621
577	969
577	1119
577	1130
577	1343
577	1714
577	1932
577	2063
577	2130
577	2229
577	2261
577	2264
577	2300
577	2459
577	2522
577	3103
577	3206
578	1894
584	2043
585	711
585	764
585	832
585	864
585	908
585	923
585	971
585	1011
585	1046
585	1089
585	1268
585	1336
585	1484
585	1595
585	1676
585	2207
585	2229
585	2250
585	2411
585	2416
585	2560
585	2793
585	2802
585	3040
585	3046
585	3150
585	3356
590	1271
591	753
591	789
591	1411
591	1506
591	3043
591	3308
594	867
597	3348
606	767
606	1045
606	1050
606	1681
606	2088
606	2137
606	2174
606	2232
606	2242
606	2526
606	2868
606	3074
606	3119
608	1271
612	1807
612	2759
614	1524
618	1016
618	1583
618	2734
619	1289
619	1301
619	2836
621	764
621	1858
621	1995
621	2837
621	3191
624	697
624	789
624	1531
624	2565
624	3040
631	1072
631	1387
631	1455
631	1789
631	1866
631	2719
631	3247
632	3310
638	1814
638	1929
638	2987
652	1271
653	764
653	1652
653	1878
653	2704
653	2734
653	3000
653	3321
657	764
657	1989
658	1763
659	2565
663	2300
663	2526
663	2805
672	719
672	1650
672	1945
672	1995
672	2116
672	2693
674	1119
674	1555
675	1190
675	2565
678	870
678	1261
678	1301
678	1874
678	1995
678	2040
678	2561
678	2625
678	3139
678	3310
679	1221
679	1546
681	1066
681	1152
681	1309
691	897
691	1274
691	1689
691	1829
691	2236
691	2811
692	1566
692	2476
694	1163
699	1129
700	719
700	1807
700	2083
700	2331
703	2148
705	764
705	1303
705	3040
705	3291
707	767
707	1343
707	2235
707	3088
707	3191
710	913
710	969
710	1392
710	1491
710	2565
710	2693
710	3116
710	3235
710	3348
714	1045
714	1878
714	2116
714	2704
714	3321
715	1059
715	1242
715	1802
715	1894
715	1972
715	2392
715	3038
717	1652
719	1874
720	803
720	2062
720	2525
720	3274
723	767
723	982
723	1077
723	1467
723	1571
723	2300
723	2603
723	3043
723	3356
725	910
725	1152
725	1829
725	2236
725	3287
727	1555
727	2594
727	3286
727	3322
733	1763
733	2878
734	1239
735	1690
736	1001
736	1261
736	1674
736	2104
736	2274
736	2347
736	2618
736	2643
736	2737
741	1166
742	1309
747	930
748	853
750	1018
750	1452
750	2636
750	2661
750	3273
753	789
753	982
753	1036
753	1097
753	1340
753	1390
753	1411
753	1506
753	1555
753	1595
753	1752
753	1925
753	2294
753	2503
753	2631
753	2960
753	2965
753	3040
753	3043
753	3286
753	3322
756	1018
763	1973
763	2763
764	798
764	804
764	895
764	914
764	982
764	992
764	1011
764	1018
764	1050
764	1170
764	1301
764	1392
764	1433
764	1452
764	1503
764	1526
764	1608
764	1614
764	1632
764	1701
764	1725
764	1750
764	1858
764	1909
764	1929
764	1989
764	1995
764	2018
764	2104
764	2151
764	2242
764	2275
764	2288
764	2300
764	2314
764	2324
764	2383
764	2468
764	2526
764	2531
764	2604
764	2606
764	2612
764	2632
764	2715
764	2734
764	2757
764	2877
764	3003
764	3038
764	3286
764	3321
764	3349
765	1829
765	2236
765	3287
766	2300
767	791
767	798
767	843
767	910
767	961
767	965
767	1023
767	1050
767	1119
767	1130
767	1187
767	1261
767	1278
767	1354
767	1452
767	1461
767	1471
767	1530
767	1595
767	1601
767	1676
767	1688
767	1915
767	1916
767	1983
767	2016
767	2082
767	2183
767	2207
767	2220
767	2300
767	2327
767	2416
767	2446
767	2447
767	2504
767	2521
767	2526
767	2565
767	2627
767	2868
767	2873
767	2958
767	2969
767	3253
767	3316
767	3348
767	3356
768	2808
770	2335
770	2522
776	1524
776	3016
780	1283
780	2043
787	821
787	2013
788	2101
789	1036
789	1097
789	1271
789	1340
789	1411
789	1506
789	1555
789	1837
789	1925
789	2294
789	2503
789	2965
789	3043
789	3272
789	3322
791	1050
791	2459
795	1434
798	1334
801	2331
802	952
802	1068
802	1130
802	1331
802	1595
802	1776
802	2565
802	2830
802	3074
803	1524
803	2062
803	3274
809	1055
813	908
813	1189
813	3139
818	3322
827	870
827	1392
827	1433
827	1858
827	2205
827	2314
827	2526
827	3342
832	2526
835	2242
836	870
836	962
836	1068
836	1100
836	1434
836	1595
836	1656
836	1930
839	2526
845	1122
850	1283
850	2300
850	2873
853	2286
853	2630
857	914
857	2307
857	2650
859	2757
864	1068
864	1377
864	1656
864	1752
867	1652
867	2174
867	2734
870	1011
870	1595
870	1771
870	1870
870	2347
870	2629
870	2723
870	2757
870	3043
876	1674
876	2088
876	2612
876	2978
881	1676
881	2757
883	2113
884	1271
884	2205
884	2331
884	2593
884	2594
884	3269
884	3349
886	2969
895	1130
895	2481
895	3087
896	1309
896	1331
896	1452
896	1750
896	1909
896	2559
896	2661
896	2771
896	2955
896	2969
896	3210
896	3273
897	1065
897	1075
897	1289
897	1357
897	1630
897	1681
897	1706
897	1958
897	2044
897	2221
897	2836
900	3191
910	1277
910	1566
910	1701
910	1750
910	1779
910	1949
910	1972
913	1411
914	978
914	1392
914	2170
914	2559
914	2658
914	2723
914	2837
915	2709
916	1411
919	1130
920	1595
920	2300
923	1411
931	1337
933	1467
933	3287
939	1283
944	2633
944	2721
950	1130
950	1752
950	2274
950	2455
950	3017
951	1175
951	2862
956	1916
958	2162
958	2946
958	3200
961	2434
961	2632
961	2933
965	1471
965	1676
965	2969
965	3322
965	3348
969	1077
969	1166
969	1467
969	1753
969	1932
969	2411
969	2559
969	2723
969	3348
971	1035
971	1467
971	1949
971	2034
971	2793
971	3026
971	3185
972	2207
972	2949
974	1289
978	1170
978	1357
978	2307
978	2546
978	3348
982	1130
982	1155
982	1392
982	2225
982	2526
982	2873
982	3348
982	3349
992	1533
992	2434
992	2526
992	2837
1001	2618
1007	1050
1011	1068
1011	1261
1011	1645
1011	1674
1011	1995
1011	2040
1011	2088
1011	2612
1011	2978
1011	3139
1014	1289
1014	1411
1014	2836
1018	1059
1018	1452
1018	1467
1018	1608
1018	1674
1018	2636
1018	2643
1018	2661
1018	3035
1019	1234
1021	3074
1023	1920
1023	2151
1023	3276
1024	1331
1024	1717
1024	2282
1024	2526
1024	3229
1025	1595
1028	1524
1032	1922
1034	1278
1035	1949
1036	1097
1036	1340
1036	1411
1036	1506
1036	1555
1036	1925
1036	2503
1036	2965
1036	3043
1036	3322
1038	1981
1042	2753
1045	1221
1045	1736
1045	2000
1045	2027
1045	2339
1045	2526
1045	2575
1045	2820
1046	3366
1047	1261
1047	1874
1047	2660
1049	1753
1050	1152
1050	1405
1050	2300
1050	2734
1050	2785
1050	2923
1051	1055
1055	1271
1055	1825
1055	2105
1055	3150
1057	1068
1057	1399
1057	1864
1057	1983
1058	2680
1059	1453
1059	1524
1059	1632
1059	1894
1059	1972
1059	2392
1059	2716
1059	3016
1059	3113
1061	2151
1062	1342
1062	1408
1062	3155
1065	1075
1065	1289
1065	1357
1065	1630
1065	2836
1066	1152
1068	1595
1068	2130
1068	2207
1068	3305
1068	3348
1071	2606
1072	1458
1075	1268
1075	1289
1075	1357
1075	1568
1075	1630
1075	1958
1075	2006
1075	2179
1075	2836
1075	2893
1077	1096
1077	1549
1077	1753
1077	1760
1077	1894
1077	2123
1077	2878
1077	2969
1077	3186
1077	3274
1088	2358
1091	2180
1096	3038
1097	1340
1097	1367
1097	1390
1097	1397
1097	1411
1097	1506
1097	1555
1097	1595
1097	1925
1097	2294
1097	2503
1097	2937
1097	2965
1097	3043
1097	3192
1097	3322
1100	1595
1100	1753
1110	2650
1116	1601
1119	1929
1119	2479
1119	3276
1129	1471
1129	1510
1129	1626
1129	1681
1129	1872
1129	2135
1129	3011
1129	3247
1130	1261
1130	1408
1130	1467
1130	1656
1130	1932
1130	2016
1130	2174
1130	2220
1130	2229
1130	2256
1130	2300
1130	2335
1130	2397
1130	2433
1130	2565
1130	2594
1130	2653
1130	2661
1130	2868
1130	3074
1130	3134
1130	3356
1130	3369
1133	2300
1148	1569
1150	2183
1152	2032
1152	2236
1152	2324
1152	3144
1152	3247
1152	3287
1166	1593
1166	2099
1166	2610
1170	1242
1170	1261
1170	1392
1170	1858
1170	1944
1170	2307
1170	3192
1170	3348
1173	1411
1175	1271
1181	1301
1181	1989
1182	2232
1187	1303
1187	2170
1190	1467
1192	2522
1200	1595
1215	1524
1215	3016
1219	2494
1221	1253
1221	1546
1225	2884
1225	3222
1225	3282
1233	2183
1234	2036
1239	1468
1239	1510
1239	2314
1241	2555
1242	1392
1242	1433
1242	1681
1248	1289
1251	1467
1251	3129
1253	1752
1253	3360
1254	2396
1257	2174
1260	1429
1260	2401
1260	2658
1260	2987
1261	1343
1261	1411
1261	1922
1261	2016
1261	2018
1261	2100
1261	2300
1261	2411
1261	2612
1261	2643
1261	2725
1261	2805
1261	3150
1261	3326
1261	3348
1265	1572
1268	1289
1268	1976
1268	2565
1271	1272
1271	1316
1271	2040
1271	2081
1271	2461
1271	2474
1271	2628
1271	2678
1271	2714
1271	2978
1271	3199
1277	2242
1277	2300
1278	1649
1283	2757
1283	3316
1283	3348
1289	1357
1289	1571
1289	1630
1289	1958
1289	2006
1289	2020
1289	2082
1289	2632
1289	2836
1289	2893
1290	1911
1299	1317
1299	2671
1299	2889
1301	1595
1301	1763
1301	1956
1301	2328
1301	2632
1301	3210
1303	3348
1309	1741
1309	2307
1309	2507
1309	2526
1309	2555
1309	3216
1323	1823
1326	1573
1326	1652
1326	2057
1326	2082
1326	2734
1335	2347
1340	1411
1340	1555
1340	1925
1340	2965
1340	3043
1343	1467
1343	2347
1344	1482
1354	1372
1354	1608
1354	1656
1354	2344
1354	3228
1357	1630
1357	1958
1357	2836
1357	2981
1367	3348
1371	2040
1371	2123
1371	2147
1374	2836
1377	2779
1383	1920
1383	2151
1383	3276
1386	2300
1387	1725
1387	2788
1387	3057
1392	1595
1392	1932
1392	2170
1392	2432
1392	2479
1392	2526
1392	2559
1392	3348
1399	2392
1404	2978
1408	2235
1408	3366
1408	3369
1411	1455
1411	1503
1411	1506
1411	1555
1411	1571
1411	1601
1411	1925
1411	2020
1411	2207
1411	2294
1411	2498
1411	2503
1411	2721
1411	2827
1411	2965
1411	3043
1411	3247
1411	3322
1415	3247
1424	1577
1429	2810
1433	1467
1433	2526
1433	2559
1433	2652
1433	3119
1437	1714
1452	1467
1452	1674
1452	2281
1452	2643
1452	2661
1452	3035
1452	3273
1452	3310
1455	2661
1467	1533
1467	1608
1467	1655
1467	1828
1467	1858
1467	1904
1467	2018
1467	2044
1467	2063
1467	2088
1467	2174
1467	2240
1467	2286
1467	2335
1467	2383
1467	2411
1467	2447
1467	2479
1467	2522
1467	2644
1467	2661
1467	2707
1467	2757
1467	2884
1467	2933
1467	3003
1467	3035
1467	3040
1467	3247
1467	3266
1467	3348
1467	3349
1468	1601
1468	3328
1471	1595
1477	1524
1477	2723
1477	3016
1477	3082
1478	2561
1479	2670
1482	2469
1482	3198
1482	3361
1484	2116
1491	2180
1491	2655
1491	2969
1503	2447
1506	1555
1506	1925
1506	2294
1506	2503
1506	2965
1506	3043
1506	3322
1506	3347
1524	1645
1524	1709
1524	1758
1524	2133
1524	2412
1524	2873
1524	2982
1524	3016
1526	1670
1530	1720
1530	2392
1530	3139
1530	3223
1531	2152
1533	2416
1533	2432
1533	2555
1541	2082
1547	1783
1547	3316
1554	2490
1555	1925
1555	2294
1555	2503
1555	2965
1555	3043
1555	3099
1555	3322
1566	2476
1566	3144
1571	2836
1571	3348
1573	2107
1573	2379
1573	2964
1574	2483
1583	1601
1595	1656
1595	1676
1595	1788
1595	1792
1595	1963
1595	1969
1595	2057
1595	2314
1595	2628
1595	2723
1595	2734
1595	2785
1595	2923
1595	3027
1595	3038
1595	3233
1595	3321
1596	3342
1600	2693
1601	2548
1601	2716
1601	2759
1601	2785
1601	2969
1601	3274
1608	2507
1608	2526
1608	3348
1613	2040
1613	3310
1614	1995
1614	2040
1630	2836
1632	2383
1638	3327
1645	1807
1645	1911
1645	2300
1649	2013
1650	2300
1652	1752
1652	1769
1652	1911
1652	2205
1652	2434
1652	3012
1652	3291
1656	1752
1656	1991
1656	2057
1656	2347
1656	2632
1656	3348
1657	1714
1657	2937
1657	2972
1663	2389
1667	2785
1670	2565
1670	3247
1674	2088
1674	2274
1674	2281
1674	2612
1674	2636
1674	2643
1674	2661
1674	2978
1674	3035
1674	3053
1674	3273
1674	3348
1675	2410
1676	1748
1680	1907
1681	2300
1690	1796
1690	3045
1697	1896
1699	2661
1699	2873
1703	1922
1709	3016
1714	2937
1714	2972
1714	3149
1715	2250
1717	2364
1720	3223
1721	3035
1725	2522
1725	2788
1725	3057
1731	2288
1733	3247
1750	2447
1750	3313
1752	1916
1752	2734
1752	3110
1753	2094
1753	2099
1753	2526
1753	2786
1753	2837
1753	2947
1753	3007
1753	3254
1755	2545
1758	2982
1758	3016
1765	2763
1769	2174
1769	2734
1769	3085
1769	3348
1778	3040
1779	2987
1783	1849
1783	2174
1783	2263
1783	2300
1783	2409
1807	1863
1807	1911
1807	2022
1807	2105
1807	3222
1812	2296
1814	1929
1814	2987
1829	2236
1829	2441
1829	2507
1829	3216
1829	3287
1849	2263
1852	2933
1858	2104
1858	2559
1858	3348
1864	2157
1864	2898
1864	3144
1864	3342
1868	2073
1874	1911
1874	2265
1874	3016
1874	3082
1874	3349
1878	3321
1894	1972
1894	2392
1895	2162
1895	2647
1896	2531
1907	2101
1907	2116
1907	2594
1907	3185
1909	2883
1909	3180
1909	3291
1910	2943
1911	2446
1911	2549
1911	3044
1915	2455
1920	2151
1920	2314
1920	3276
1922	2549
1922	2873
1922	3267
1924	1981
1924	2647
1925	2965
1925	3043
1925	3322
1929	2987
1930	3349
1932	1995
1932	2300
1932	3191
1946	3067
1949	2327
1958	2836
1963	2261
1964	3210
1969	2207
1972	2392
1972	2637
1976	2068
1976	2549
1976	2599
1978	2296
1978	2379
1978	3200
1981	2964
1981	3016
1983	2242
1983	2531
1994	3348
1995	2018
1995	2242
1995	2288
1995	2300
1995	2358
1995	2459
1995	2593
1995	2693
1995	2753
1995	2999
1995	3027
1995	3235
1999	2707
2000	3206
2009	2162
2013	2300
2016	2300
2018	2300
2018	2447
2018	2604
2025	2300
2025	2516
2027	2780
2036	2088
2039	2043
2039	3186
2040	2097
2040	2207
2040	2873
2040	3298
2043	2969
2043	3247
2048	3043
2051	2082
2051	2174
2051	2734
2051	3305
2054	2347
2057	2083
2057	2300
2057	2940
2062	3274
2063	2791
2082	2531
2083	2174
2084	2389
2088	2978
2089	2398
2089	2522
2097	2594
2097	2978
2099	3235
2099	3348
2100	2291
2100	3330
2100	3361
2101	2507
2104	2205
2104	2274
2107	2205
2109	3327
2110	3348
2123	3194
2123	3276
2130	2660
2147	3040
2147	3310
2151	3276
2158	2538
2158	2561
2162	2946
2170	2288
2170	2314
2170	2526
2170	2837
2170	3348
2174	2300
2174	3191
2183	2300
2183	2627
2185	2300
2205	2347
2205	2629
2207	3139
2220	3074
2235	2256
2236	3287
2242	2447
2242	2531
2242	2786
2247	2883
2252	2594
2254	3245
2258	2704
2261	2734
2274	2281
2274	2643
2275	2772
2281	2661
2281	3035
2281	3273
2286	2630
2294	3043
2300	2526
2300	2594
2300	2627
2300	2697
2300	2868
2300	2969
2300	3191
2300	3233
2300	3316
2300	3348
2300	3356
2304	3043
2307	2546
2307	2650
2307	3360
2314	2526
2314	2559
2314	2632
2314	2723
2314	3180
2321	2525
2325	2801
2333	2524
2333	2761
2347	2608
2347	3094
2347	3116
2358	2723
2364	2389
2373	2542
2373	2810
2379	3291
2392	3328
2397	3118
2401	2713
2405	2721
2410	3062
2414	3229
2419	2599
2433	3074
2434	3274
2434	3348
2441	2734
2469	2715
2490	3129
2503	3156
2503	3322
2504	3253
2510	2785
2522	2788
2524	3118
2526	2559
2526	2632
2526	3038
2526	3276
2526	3348
2528	2565
2531	3082
2534	2565
2543	2636
2543	3187
2559	3116
2559	3235
2560	2650
2561	2975
2561	3313
2565	2697
2565	2802
2565	2969
2566	3247
2593	2594
2594	2604
2594	2625
2594	3074
2604	3363
2612	2978
2618	3187
2618	3273
2623	3348
2632	3235
2632	3304
2632	3342
2632	3348
2636	3035
2636	3187
2643	2661
2643	3035
2643	3273
2644	3191
2647	2723
2647	2778
2647	2964
2647	3016
2647	3082
2647	3348
2649	3057
2650	3160
2661	2721
2661	3035
2661	3147
2661	3273
2680	3356
2704	3000
2704	3321
2723	2778
2723	3016
2723	3082
2723	3116
2723	3348
2723	3360
2734	2948
2734	2955
2761	2785
2763	3057
2772	3080
2778	2964
2778	3016
2782	3119
2782	3360
2785	2875
2785	2956
2788	3057
2791	3247
2805	3191
2837	3116
2837	3348
2868	3191
2868	3356
2873	3016
2873	3291
2884	3282
2893	3336
2933	3191
2937	2972
2937	3149
2943	3360
2962	3348
2964	3016
2965	3043
2965	3322
2982	3016
2982	3313
2996	3250
3012	3348
3016	3082
3035	3273
3040	3173
3043	3322
3074	3134
3129	3234
3139	3310
3170	3328
3173	3235
3176	3348
3180	3348
3180	3349
3187	3273
3191	3348
3191	3349
3194	3335
3222	3282
3228	3249
3235	3310
3247	3336
3274	3291
3286	3291
3287	3291
3291	3348
3310	3321
3310	3327
3348	3352
3348	3356
285	1
434	1
753	1
764	1
798	1
843	1
1119	1
1555	1
2447	1
2959	1
3043	1
3114	1
469	7
813	7
1300	7
2549	7
2990	7
56	8
2531	8
56	11
134	11
304	11
381	11
577	11
690	11
932	11
1467	11
1595	11
1874	11
2157	11
2753	11
2805	11
224	13
896	13
192	16
764	16
767	16
1130	16
1261	16
1343	16
1467	16
1571	16
1595	16
2300	16
3074	16
3191	16
3356	16
2978	19
1036	22
764	23
1062	23
2465	23
1045	31
396	32
1533	32
1930	32
2772	32
3191	32
2147	34
2469	35
562	36
1166	36
2019	36
2631	36
3186	43
55	44
56	44
134	44
520	44
606	44
697	44
753	44
813	44
829	44
837	44
867	44
1130	44
1217	44
1257	44
1261	44
2235	44
2300	44
2594	44
3156	44
3247	44
3348	44
2162	47
1045	48
396	49
408	49
585	49
618	49
1050	49
1510	49
3074	49
3310	49
56	55
134	55
183	55
672	55
727	55
1011	55
1089	55
1452	55
1630	55
1650	55
1753	55
1995	55
2132	55
2274	55
2314	55
2325	55
2432	55
2434	55
2593	55
2594	55
2632	55
2693	55
3348	55
3349	55
3366	55
87	56
90	56
134	56
376	56
396	56
429	56
452	56
562	56
672	56
719	56
864	56
895	56
950	56
961	56
1011	56
1018	56
1089	56
1354	56
1386	56
1392	56
1452	56
1526	56
1595	56
1645	56
1652	56
1674	56
1753	56
1774	56
1858	56
1995	56
2063	56
2088	56
2147	56
2261	56
2274	56
2281	56
2300	56
2307	56
2324	56
2328	56
2434	56
2522	56
2555	56
2593	56
2594	56
2612	56
2632	56
2693	56
2754	56
2933	56
3035	56
3180	56
3267	56
3291	56
3348	56
3349	56
1057	67
458	72
933	73
1719	73
2734	73
3287	73
1166	76
1129	77
1198	77
2084	77
2715	77
235	82
2408	82
2962	82
562	83
897	83
1065	83
1075	83
1289	83
1357	83
1630	83
2836	83
2313	86
3372	86
672	87
710	87
2693	87
1045	88
1059	88
2565	89
134	90
1059	90
2314	90
2632	90
464	94
569	94
3144	94
3347	94
1829	101
396	106
798	106
1050	106
1652	106
1995	106
2057	106
2088	106
2240	106
2468	106
2519	106
2757	106
3313	106
1652	113
2680	113
562	117
1652	117
244	121
279	121
764	121
1271	121
1467	121
2714	121
134	122
767	123
1055	123
1289	123
1377	123
2105	123
228	129
1437	129
1591	129
2462	129
2519	129
1011	130
1911	130
3229	130
192	132
202	132
767	132
1130	132
2300	132
2823	132
3074	132
3356	132
1261	133
177	134
884	134
1057	134
1059	134
1089	134
1652	134
1995	134
2016	134
2063	134
2088	134
2261	134
2411	134
2434	134
2522	134
2526	134
2543	134
2555	134
2593	134
2594	134
2661	134
2676	134
2773	134
2831	134
3035	134
3291	134
323	137
1920	137
2151	137
3139	145
753	148
1036	148
2236	148
884	149
1354	149
1045	150
1753	151
1253	157
1254	157
2782	157
3360	157
2441	163
1995	164
2040	164
3247	164
3310	164
375	165
789	166
3322	166
1283	168
565	173
932	173
3040	173
847	175
896	175
1323	175
577	177
1786	177
2411	177
2754	177
857	181
1973	181
432	182
2543	182
2636	182
3187	182
767	183
2229	183
766	184
2300	184
577	187
1467	187
1752	187
2915	187
1566	189
2476	189
244	190
253	190
512	190
691	190
725	190
1049	190
1829	190
2236	190
3287	190
204	192
224	192
678	192
802	192
951	192
1130	192
1807	192
1916	192
1946	192
2057	192
2174	192
2183	192
2220	192
2229	192
2256	192
2300	192
2335	192
2433	192
2565	192
2574	192
2594	192
2823	192
2868	192
2873	192
3074	192
3134	192
3356	192
3348	198
323	201
2373	201
2542	201
658	202
733	202
1225	202
1265	202
1452	202
1763	202
1789	202
2147	202
2388	202
2526	202
2716	202
3194	202
3282	202
3327	202
562	204
764	204
1130	204
2300	204
1467	206
484	207
585	207
2051	207
2100	207
2118	207
3016	208
577	210
1055	210
3046	210
525	213
827	213
914	213
2526	213
3348	213
1260	215
675	217
1645	217
2313	217
3040	217
606	224
764	224
1257	224
1467	224
1571	224
1595	224
1699	224
1783	224
2051	224
2062	224
2235	224
2300	224
2610	224
3191	224
484	225
2100	225
3330	225
2721	229
764	234
1294	234
1467	234
1995	234
2753	234
897	235
1007	235
1075	235
1289	235
1303	235
1357	235
1630	235
1958	235
1998	235
2387	235
2836	235
3310	237
764	241
2837	241
279	244
950	244
1271	244
1277	244
1303	244
2461	244
2714	244
3006	244
2295	248
896	251
691	253
725	253
765	253
1829	253
2236	253
2632	253
3287	253
585	254
2660	254
524	259
2618	259
1117	261
2300	261
1182	262
2232	262
767	265
870	265
1645	265
2347	265
736	266
1674	266
2030	266
2274	266
2281	266
2643	266
402	267
1296	267
1415	267
1547	267
1783	267
1849	267
2263	267
2300	267
2978	267
950	269
606	279
1271	279
1508	279
1551	279
2714	279
3043	286
451	289
2526	289
464	291
562	297
3062	298
452	310
518	310
577	310
585	310
707	310
767	310
864	310
1068	310
1656	310
1995	310
3348	310
2447	320
1011	323
1467	323
1715	323
3144	323
2233	326
1411	335
464	342
2565	342
710	343
2519	355
1045	361
3342	361
1752	365
2364	365
2823	365
464	376
1963	376
767	377
1283	377
2043	377
753	381
789	381
1011	381
1555	381
2753	381
2805	381
2869	381
764	386
1526	386
1670	386
2039	386
982	387
3200	387
753	390
789	390
1036	390
1097	390
1411	390
1506	390
1555	390
1925	390
2294	390
2503	390
2965	390
3043	390
3322	390
1059	394
1753	394
2300	395
606	396
764	396
1152	396
1752	396
1822	396
1874	396
2275	396
2285	396
3191	396
3293	396
789	401
1783	402
2174	402
2263	402
2526	402
753	403
1271	403
3043	403
715	408
764	408
2526	408
2559	408
2658	408
2723	408
3038	408
3249	415
3360	415
3067	418
691	419
711	419
807	419
1152	419
1457	419
1598	419
1645	419
1648	419
1995	419
2195	419
2296	419
2707	419
2849	419
3040	419
3105	419
971	420
2162	420
2275	420
1271	426
577	429
764	429
1261	429
1533	429
2281	429
896	432
1674	432
2643	432
3035	432
3273	432
1467	434
1981	434
2647	434
2018	437
1896	438
2018	438
2264	438
2612	438
2411	449
1555	451
458	452
707	452
767	452
1068	452
1343	452
1467	452
1995	452
2235	452
3191	452
1045	455
896	456
1047	456
1299	456
707	458
776	458
1215	458
1468	458
1524	458
1709	458
2982	458
3016	458
1767	459
767	463
512	464
734	464
1027	464
1239	464
1271	464
1502	464
1510	464
1956	464
1963	464
2261	464
2268	464
2354	464
2594	464
2632	464
2670	464
3147	464
513	468
562	468
2965	468
753	469
867	469
912	469
966	469
1036	469
2116	469
2205	469
2300	469
2549	469
2868	469
3012	469
3191	469
577	475
1011	475
2969	475
1981	477
864	484
1261	484
2100	484
857	486
914	486
1357	486
1595	486
3200	486
2043	491
2147	492
770	501
2693	501
2177	503
562	512
691	512
1045	512
1055	512
1260	512
1271	512
1601	512
2101	512
2391	512
2531	512
2555	512
2565	512
2594	512
2883	512
3062	512
3074	512
733	513
1533	513
2878	513
3348	513
1789	518
1995	518
2183	518
2235	518
549	525
577	525
1130	525
1261	525
2837	525
3116	525
1930	526
1055	532
657	535
919	535
1989	535
2300	545
663	549
715	549
818	549
1104	549
3185	549
1152	557
2072	559
585	562
669	562
670	562
717	562
733	562
923	562
1021	562
1065	562
1170	562
1186	562
1533	562
1549	562
1595	562
1652	562
1752	562
1810	562
1822	562
1874	562
1894	562
1973	562
2051	562
2062	562
2325	562
2479	562
2591	562
2849	562
2884	562
2903	562
3016	562
3069	562
3261	562
3282	562
978	563
2300	567
3291	569
594	577
621	577
969	577
1119	577
1130	577
1343	577
1714	577
1932	577
2063	577
2130	577
2229	577
2261	577
2264	577
2300	577
2459	577
2522	577
3103	577
3206	577
1894	578
2043	584
711	585
764	585
832	585
864	585
908	585
923	585
971	585
1011	585
1046	585
1089	585
1268	585
1336	585
1484	585
1595	585
1676	585
2207	585
2229	585
2250	585
2411	585
2416	585
2560	585
2793	585
2802	585
3040	585
3046	585
3150	585
3356	585
1271	590
753	591
789	591
1411	591
1506	591
3043	591
3308	591
867	594
3348	597
767	606
1045	606
1050	606
1681	606
2088	606
2137	606
2174	606
2232	606
2242	606
2526	606
2868	606
3074	606
3119	606
1271	608
1807	612
2759	612
1524	614
1016	618
1583	618
2734	618
1289	619
1301	619
2836	619
764	621
1858	621
1995	621
2837	621
3191	621
697	624
789	624
1531	624
2565	624
3040	624
1072	631
1387	631
1455	631
1789	631
1866	631
2719	631
3247	631
3310	632
1814	638
1929	638
2987	638
1271	652
764	653
1652	653
1878	653
2704	653
2734	653
3000	653
3321	653
764	657
1989	657
1763	658
2565	659
2300	663
2526	663
2805	663
719	672
1650	672
1945	672
1995	672
2116	672
2693	672
1119	674
1555	674
1190	675
2565	675
870	678
1261	678
1301	678
1874	678
1995	678
2040	678
2561	678
2625	678
3139	678
3310	678
1221	679
1546	679
1066	681
1152	681
1309	681
897	691
1274	691
1689	691
1829	691
2236	691
2811	691
1566	692
2476	692
1163	694
1129	699
719	700
1807	700
2083	700
2331	700
2148	703
764	705
1303	705
3040	705
3291	705
767	707
1343	707
2235	707
3088	707
3191	707
913	710
969	710
1392	710
1491	710
2565	710
2693	710
3116	710
3235	710
3348	710
1045	714
1878	714
2116	714
2704	714
3321	714
1059	715
1242	715
1802	715
1894	715
1972	715
2392	715
3038	715
1652	717
1874	719
803	720
2062	720
2525	720
3274	720
767	723
982	723
1077	723
1467	723
1571	723
2300	723
2603	723
3043	723
3356	723
910	725
1152	725
1829	725
2236	725
3287	725
1555	727
2594	727
3286	727
3322	727
1763	733
2878	733
1239	734
1690	735
1001	736
1261	736
1674	736
2104	736
2274	736
2347	736
2618	736
2643	736
2737	736
1166	741
1309	742
930	747
853	748
1018	750
1452	750
2636	750
2661	750
3273	750
789	753
982	753
1036	753
1097	753
1340	753
1390	753
1411	753
1506	753
1555	753
1595	753
1752	753
1925	753
2294	753
2503	753
2631	753
2960	753
2965	753
3040	753
3043	753
3286	753
3322	753
1018	756
1973	763
2763	763
798	764
804	764
895	764
914	764
982	764
992	764
1011	764
1018	764
1050	764
1170	764
1301	764
1392	764
1433	764
1452	764
1503	764
1526	764
1608	764
1614	764
1632	764
1701	764
1725	764
1750	764
1858	764
1909	764
1929	764
1989	764
1995	764
2018	764
2104	764
2151	764
2242	764
2275	764
2288	764
2300	764
2314	764
2324	764
2383	764
2468	764
2526	764
2531	764
2604	764
2606	764
2612	764
2632	764
2715	764
2734	764
2757	764
2877	764
3003	764
3038	764
3286	764
3321	764
3349	764
1829	765
2236	765
3287	765
2300	766
791	767
798	767
843	767
910	767
961	767
965	767
1023	767
1050	767
1119	767
1130	767
1187	767
1261	767
1278	767
1354	767
1452	767
1461	767
1471	767
1530	767
1595	767
1601	767
1676	767
1688	767
1915	767
1916	767
1983	767
2016	767
2082	767
2183	767
2207	767
2220	767
2300	767
2327	767
2416	767
2446	767
2447	767
2504	767
2521	767
2526	767
2565	767
2627	767
2868	767
2873	767
2958	767
2969	767
3253	767
3316	767
3348	767
3356	767
2808	768
2335	770
2522	770
1524	776
3016	776
1283	780
2043	780
821	787
2013	787
2101	788
1036	789
1097	789
1271	789
1340	789
1411	789
1506	789
1555	789
1837	789
1925	789
2294	789
2503	789
2965	789
3043	789
3272	789
3322	789
1050	791
2459	791
1434	795
1334	798
2331	801
952	802
1068	802
1130	802
1331	802
1595	802
1776	802
2565	802
2830	802
3074	802
1524	803
2062	803
3274	803
1055	809
908	813
1189	813
3139	813
3322	818
870	827
1392	827
1433	827
1858	827
2205	827
2314	827
2526	827
3342	827
2526	832
2242	835
870	836
962	836
1068	836
1100	836
1434	836
1595	836
1656	836
1930	836
2526	839
1122	845
1283	850
2300	850
2873	850
2286	853
2630	853
914	857
2307	857
2650	857
2757	859
1068	864
1377	864
1656	864
1752	864
1652	867
2174	867
2734	867
1011	870
1595	870
1771	870
1870	870
2347	870
2629	870
2723	870
2757	870
3043	870
1674	876
2088	876
2612	876
2978	876
1676	881
2757	881
2113	883
1271	884
2205	884
2331	884
2593	884
2594	884
3269	884
3349	884
2969	886
1130	895
2481	895
3087	895
1309	896
1331	896
1452	896
1750	896
1909	896
2559	896
2661	896
2771	896
2955	896
2969	896
3210	896
3273	896
1065	897
1075	897
1289	897
1357	897
1630	897
1681	897
1706	897
1958	897
2044	897
2221	897
2836	897
3191	900
1277	910
1566	910
1701	910
1750	910
1779	910
1949	910
1972	910
1411	913
978	914
1392	914
2170	914
2559	914
2658	914
2723	914
2837	914
2709	915
1411	916
1130	919
1595	920
2300	920
1411	923
1337	931
1467	933
3287	933
1283	939
2633	944
2721	944
1130	950
1752	950
2274	950
2455	950
3017	950
1175	951
2862	951
1916	956
2162	958
2946	958
3200	958
2434	961
2632	961
2933	961
1471	965
1676	965
2969	965
3322	965
3348	965
1077	969
1166	969
1467	969
1753	969
1932	969
2411	969
2559	969
2723	969
3348	969
1035	971
1467	971
1949	971
2034	971
2793	971
3026	971
3185	971
2207	972
2949	972
1289	974
1170	978
1357	978
2307	978
2546	978
3348	978
1130	982
1155	982
1392	982
2225	982
2526	982
2873	982
3348	982
3349	982
1533	992
2434	992
2526	992
2837	992
2618	1001
1050	1007
1068	1011
1261	1011
1645	1011
1674	1011
1995	1011
2040	1011
2088	1011
2612	1011
2978	1011
3139	1011
1289	1014
1411	1014
2836	1014
1059	1018
1452	1018
1467	1018
1608	1018
1674	1018
2636	1018
2643	1018
2661	1018
3035	1018
1234	1019
3074	1021
1920	1023
2151	1023
3276	1023
1331	1024
1717	1024
2282	1024
2526	1024
3229	1024
1595	1025
1524	1028
1922	1032
1278	1034
1949	1035
1097	1036
1340	1036
1411	1036
1506	1036
1555	1036
1925	1036
2503	1036
2965	1036
3043	1036
3322	1036
1981	1038
2753	1042
1221	1045
1736	1045
2000	1045
2027	1045
2339	1045
2526	1045
2575	1045
2820	1045
3366	1046
1261	1047
1874	1047
2660	1047
1753	1049
1152	1050
1405	1050
2300	1050
2734	1050
2785	1050
2923	1050
1055	1051
1271	1055
1825	1055
2105	1055
3150	1055
1068	1057
1399	1057
1864	1057
1983	1057
2680	1058
1453	1059
1524	1059
1632	1059
1894	1059
1972	1059
2392	1059
2716	1059
3016	1059
3113	1059
2151	1061
1342	1062
1408	1062
3155	1062
1075	1065
1289	1065
1357	1065
1630	1065
2836	1065
1152	1066
1595	1068
2130	1068
2207	1068
3305	1068
3348	1068
2606	1071
1458	1072
1268	1075
1289	1075
1357	1075
1568	1075
1630	1075
1958	1075
2006	1075
2179	1075
2836	1075
2893	1075
1096	1077
1549	1077
1753	1077
1760	1077
1894	1077
2123	1077
2878	1077
2969	1077
3186	1077
3274	1077
2358	1088
2180	1091
3038	1096
1340	1097
1367	1097
1390	1097
1397	1097
1411	1097
1506	1097
1555	1097
1595	1097
1925	1097
2294	1097
2503	1097
2937	1097
2965	1097
3043	1097
3192	1097
3322	1097
1595	1100
1753	1100
2650	1110
1601	1116
1929	1119
2479	1119
3276	1119
1471	1129
1510	1129
1626	1129
1681	1129
1872	1129
2135	1129
3011	1129
3247	1129
1261	1130
1408	1130
1467	1130
1656	1130
1932	1130
2016	1130
2174	1130
2220	1130
2229	1130
2256	1130
2300	1130
2335	1130
2397	1130
2433	1130
2565	1130
2594	1130
2653	1130
2661	1130
2868	1130
3074	1130
3134	1130
3356	1130
3369	1130
2300	1133
1569	1148
2183	1150
2032	1152
2236	1152
2324	1152
3144	1152
3247	1152
3287	1152
1593	1166
2099	1166
2610	1166
1242	1170
1261	1170
1392	1170
1858	1170
1944	1170
2307	1170
3192	1170
3348	1170
1411	1173
1271	1175
1301	1181
1989	1181
2232	1182
1303	1187
2170	1187
1467	1190
2522	1192
1595	1200
1524	1215
3016	1215
2494	1219
1253	1221
1546	1221
2884	1225
3222	1225
3282	1225
2183	1233
2036	1234
1468	1239
1510	1239
2314	1239
2555	1241
1392	1242
1433	1242
1681	1242
1289	1248
1467	1251
3129	1251
1752	1253
3360	1253
2396	1254
2174	1257
1429	1260
2401	1260
2658	1260
2987	1260
1343	1261
1411	1261
1922	1261
2016	1261
2018	1261
2100	1261
2300	1261
2411	1261
2612	1261
2643	1261
2725	1261
2805	1261
3150	1261
3326	1261
3348	1261
1572	1265
1289	1268
1976	1268
2565	1268
1272	1271
1316	1271
2040	1271
2081	1271
2461	1271
2474	1271
2628	1271
2678	1271
2714	1271
2978	1271
3199	1271
2242	1277
2300	1277
1649	1278
2757	1283
3316	1283
3348	1283
1357	1289
1571	1289
1630	1289
1958	1289
2006	1289
2020	1289
2082	1289
2632	1289
2836	1289
2893	1289
1911	1290
1317	1299
2671	1299
2889	1299
1595	1301
1763	1301
1956	1301
2328	1301
2632	1301
3210	1301
3348	1303
1741	1309
2307	1309
2507	1309
2526	1309
2555	1309
3216	1309
1823	1323
1573	1326
1652	1326
2057	1326
2082	1326
2734	1326
2347	1335
1411	1340
1555	1340
1925	1340
2965	1340
3043	1340
1467	1343
2347	1343
1482	1344
1372	1354
1608	1354
1656	1354
2344	1354
3228	1354
1630	1357
1958	1357
2836	1357
2981	1357
3348	1367
2040	1371
2123	1371
2147	1371
2836	1374
2779	1377
1920	1383
2151	1383
3276	1383
2300	1386
1725	1387
2788	1387
3057	1387
1595	1392
1932	1392
2170	1392
2432	1392
2479	1392
2526	1392
2559	1392
3348	1392
2392	1399
2978	1404
2235	1408
3366	1408
3369	1408
1455	1411
1503	1411
1506	1411
1555	1411
1571	1411
1601	1411
1925	1411
2020	1411
2207	1411
2294	1411
2498	1411
2503	1411
2721	1411
2827	1411
2965	1411
3043	1411
3247	1411
3322	1411
3247	1415
1577	1424
2810	1429
1467	1433
2526	1433
2559	1433
2652	1433
3119	1433
1714	1437
1467	1452
1674	1452
2281	1452
2643	1452
2661	1452
3035	1452
3273	1452
3310	1452
2661	1455
1533	1467
1608	1467
1655	1467
1828	1467
1858	1467
1904	1467
2018	1467
2044	1467
2063	1467
2088	1467
2174	1467
2240	1467
2286	1467
2335	1467
2383	1467
2411	1467
2447	1467
2479	1467
2522	1467
2644	1467
2661	1467
2707	1467
2757	1467
2884	1467
2933	1467
3003	1467
3035	1467
3040	1467
3247	1467
3266	1467
3348	1467
3349	1467
1601	1468
3328	1468
1595	1471
1524	1477
2723	1477
3016	1477
3082	1477
2561	1478
2670	1479
2469	1482
3198	1482
3361	1482
2116	1484
2180	1491
2655	1491
2969	1491
2447	1503
1555	1506
1925	1506
2294	1506
2503	1506
2965	1506
3043	1506
3322	1506
3347	1506
1645	1524
1709	1524
1758	1524
2133	1524
2412	1524
2873	1524
2982	1524
3016	1524
1670	1526
1720	1530
2392	1530
3139	1530
3223	1530
2152	1531
2416	1533
2432	1533
2555	1533
2082	1541
1783	1547
3316	1547
2490	1554
1925	1555
2294	1555
2503	1555
2965	1555
3043	1555
3099	1555
3322	1555
2476	1566
3144	1566
2836	1571
3348	1571
2107	1573
2379	1573
2964	1573
2483	1574
1601	1583
1656	1595
1676	1595
1788	1595
1792	1595
1963	1595
1969	1595
2057	1595
2314	1595
2628	1595
2723	1595
2734	1595
2785	1595
2923	1595
3027	1595
3038	1595
3233	1595
3321	1595
3342	1596
2693	1600
2548	1601
2716	1601
2759	1601
2785	1601
2969	1601
3274	1601
2507	1608
2526	1608
3348	1608
2040	1613
3310	1613
1995	1614
2040	1614
2836	1630
2383	1632
3327	1638
1807	1645
1911	1645
2300	1645
2013	1649
2300	1650
1752	1652
1769	1652
1911	1652
2205	1652
2434	1652
3012	1652
3291	1652
1752	1656
1991	1656
2057	1656
2347	1656
2632	1656
3348	1656
1714	1657
2937	1657
2972	1657
2389	1663
2785	1667
2565	1670
3247	1670
2088	1674
2274	1674
2281	1674
2612	1674
2636	1674
2643	1674
2661	1674
2978	1674
3035	1674
3053	1674
3273	1674
3348	1674
2410	1675
1748	1676
1907	1680
2300	1681
1796	1690
3045	1690
1896	1697
2661	1699
2873	1699
1922	1703
3016	1709
2937	1714
2972	1714
3149	1714
2250	1715
2364	1717
3223	1720
3035	1721
2522	1725
2788	1725
3057	1725
2288	1731
3247	1733
2447	1750
3313	1750
1916	1752
2734	1752
3110	1752
2094	1753
2099	1753
2526	1753
2786	1753
2837	1753
2947	1753
3007	1753
3254	1753
2545	1755
2982	1758
3016	1758
2763	1765
2174	1769
2734	1769
3085	1769
3348	1769
3040	1778
2987	1779
1849	1783
2174	1783
2263	1783
2300	1783
2409	1783
1863	1807
1911	1807
2022	1807
2105	1807
3222	1807
2296	1812
1929	1814
2987	1814
2236	1829
2441	1829
2507	1829
3216	1829
3287	1829
2263	1849
2933	1852
2104	1858
2559	1858
3348	1858
2157	1864
2898	1864
3144	1864
3342	1864
2073	1868
1911	1874
2265	1874
3016	1874
3082	1874
3349	1874
3321	1878
1972	1894
2392	1894
2162	1895
2647	1895
2531	1896
2101	1907
2116	1907
2594	1907
3185	1907
2883	1909
3180	1909
3291	1909
2943	1910
2446	1911
2549	1911
3044	1911
2455	1915
2151	1920
2314	1920
3276	1920
2549	1922
2873	1922
3267	1922
1981	1924
2647	1924
2965	1925
3043	1925
3322	1925
2987	1929
3349	1930
1995	1932
2300	1932
3191	1932
3067	1946
2327	1949
2836	1958
2261	1963
3210	1964
2207	1969
2392	1972
2637	1972
2068	1976
2549	1976
2599	1976
2296	1978
2379	1978
3200	1978
2964	1981
3016	1981
2242	1983
2531	1983
3348	1994
2018	1995
2242	1995
2288	1995
2300	1995
2358	1995
2459	1995
2593	1995
2693	1995
2753	1995
2999	1995
3027	1995
3235	1995
2707	1999
3206	2000
2162	2009
2300	2013
2300	2016
2300	2018
2447	2018
2604	2018
2300	2025
2516	2025
2780	2027
2088	2036
2043	2039
3186	2039
2097	2040
2207	2040
2873	2040
3298	2040
2969	2043
3247	2043
3043	2048
2082	2051
2174	2051
2734	2051
3305	2051
2347	2054
2083	2057
2300	2057
2940	2057
3274	2062
2791	2063
2531	2082
2174	2083
2389	2084
2978	2088
2398	2089
2522	2089
2594	2097
2978	2097
3235	2099
3348	2099
2291	2100
3330	2100
3361	2100
2507	2101
2205	2104
2274	2104
2205	2107
3327	2109
3348	2110
3194	2123
3276	2123
2660	2130
3040	2147
3310	2147
3276	2151
2538	2158
2561	2158
2946	2162
2288	2170
2314	2170
2526	2170
2837	2170
3348	2170
2300	2174
3191	2174
2300	2183
2627	2183
2300	2185
2347	2205
2629	2205
3139	2207
3074	2220
2256	2235
3287	2236
2447	2242
2531	2242
2786	2242
2883	2247
2594	2252
3245	2254
2704	2258
2734	2261
2281	2274
2643	2274
2772	2275
2661	2281
3035	2281
3273	2281
2630	2286
3043	2294
2526	2300
2594	2300
2627	2300
2697	2300
2868	2300
2969	2300
3191	2300
3233	2300
3316	2300
3348	2300
3356	2300
3043	2304
2546	2307
2650	2307
3360	2307
2526	2314
2559	2314
2632	2314
2723	2314
3180	2314
2525	2321
2801	2325
2524	2333
2761	2333
2608	2347
3094	2347
3116	2347
2723	2358
2389	2364
2542	2373
2810	2373
3291	2379
3328	2392
3118	2397
2713	2401
2721	2405
3062	2410
3229	2414
2599	2419
3074	2433
3274	2434
3348	2434
2734	2441
2715	2469
3129	2490
3156	2503
3322	2503
3253	2504
2785	2510
2788	2522
3118	2524
2559	2526
2632	2526
3038	2526
3276	2526
3348	2526
2565	2528
3082	2531
2565	2534
2636	2543
3187	2543
3116	2559
3235	2559
2650	2560
2975	2561
3313	2561
2697	2565
2802	2565
2969	2565
3247	2566
2594	2593
2604	2594
2625	2594
3074	2594
3363	2604
2978	2612
3187	2618
3273	2618
3348	2623
3235	2632
3304	2632
3342	2632
3348	2632
3035	2636
3187	2636
2661	2643
3035	2643
3273	2643
3191	2644
2723	2647
2778	2647
2964	2647
3016	2647
3082	2647
3348	2647
3057	2649
3160	2650
2721	2661
3035	2661
3147	2661
3273	2661
3356	2680
3000	2704
3321	2704
2778	2723
3016	2723
3082	2723
3116	2723
3348	2723
3360	2723
2948	2734
2955	2734
2785	2761
3057	2763
3080	2772
2964	2778
3016	2778
3119	2782
3360	2782
2875	2785
2956	2785
3057	2788
3247	2791
3191	2805
3116	2837
3348	2837
3191	2868
3356	2868
3016	2873
3291	2873
3282	2884
3336	2893
3191	2933
2972	2937
3149	2937
3360	2943
3348	2962
3016	2964
3043	2965
3322	2965
3016	2982
3313	2982
3250	2996
3348	3012
3082	3016
3273	3035
3173	3040
3322	3043
3134	3074
3234	3129
3310	3139
3328	3170
3235	3173
3348	3176
3348	3180
3349	3180
3273	3187
3348	3191
3349	3191
3335	3194
3282	3222
3249	3228
3310	3235
3336	3247
3291	3274
3291	3286
3291	3287
3348	3291
3321	3310
3327	3310
3352	3348
3356	3348
