2	41
2	56
2	576
2	764
2	841
2	1100
2	1339
2	1645
2	2008
2	2099
2	2434
2	2610
2	2933
4	562
7	469
7	499
7	813
7	1180
7	1300
7	2549
7	2990
8	56
8	347
8	2531
8	3280
11	56
11	304
11	381
11	1467
11	1874
17	2499
20	410
20	571
20	783
20	3318
21	229
21	282
21	1617
32	396
32	566
32	1533
32	1930
32	1936
32	2772
32	3355
33	1036
33	1862
34	2147
37	2066
37	3323
38	54
38	347
38	1530
38	1862
38	2292
38	3104
39	1451
43	236
43	927
43	1787
43	2066
44	56
44	474
44	520
44	697
44	813
44	829
44	851
44	1217
44	1257
44	1261
44	1388
44	1485
44	1695
44	2300
44	2594
44	2767
44	3090
44	3095
44	3156
44	3247
44	3348
47	514
47	2162
53	162
54	180
54	354
54	3095
54	3104
56	90
56	246
56	373
56	385
56	396
56	429
56	452
56	562
56	572
56	672
56	819
56	854
56	864
56	950
56	979
56	991
56	1089
56	1135
56	1197
56	1211
56	1368
56	1370
56	1386
56	1388
56	1425
56	1451
56	1452
56	1645
56	1652
56	1695
56	1753
56	1858
56	2147
56	2261
56	2281
56	2300
56	2328
56	2357
56	2402
56	2434
56	2522
56	2555
56	2593
56	2594
56	2612
56	2693
56	2933
56	3021
56	3108
56	3130
56	3267
56	3348
57	2066
57	2196
57	2499
57	2817
60	2204
60	3001
60	3108
61	1197
61	1695
61	1787
65	2458
71	1075
73	541
73	927
73	1719
73	1862
73	2734
77	1129
77	1388
82	235
82	1304
82	2276
82	2509
82	3203
88	1713
89	2565
90	1249
91	3238
92	789
92	1040
101	1829
103	910
103	2862
110	572
110	767
110	1271
110	1695
110	2168
110	2300
111	3358
120	764
120	767
120	1862
124	1732
127	639
127	2522
127	2852
130	1911
131	586
132	192
132	634
132	767
132	2300
132	2642
132	2823
133	1261
135	1652
135	2204
135	2347
135	2458
135	3128
135	3147
135	3310
137	1920
137	2151
138	641
138	836
138	846
142	562
149	2499
151	1753
155	572
156	392
156	764
160	1000
162	1622
162	1960
162	2540
164	1889
164	2499
164	2568
164	3247
164	3310
174	2173
180	1451
183	767
185	512
185	968
186	3246
187	1467
187	1578
188	586
189	1197
189	1522
189	1566
189	2476
190	244
190	512
190	725
190	1049
190	1829
190	3122
191	767
191	1261
192	1044
192	1214
192	1286
192	1695
192	1807
192	1913
192	1916
192	2182
192	2256
192	2300
192	2335
192	2348
192	2433
192	2458
192	2565
192	2568
192	2574
192	2588
192	2594
192	2823
192	2918
192	2970
193	985
193	1040
193	2066
193	2766
193	2895
200	569
200	2012
200	3108
201	571
201	2181
201	2373
201	2542
203	1129
208	1462
208	2540
208	3001
208	3238
213	490
213	525
213	827
213	914
213	1425
213	2526
213	3348
213	3355
216	894
216	1467
217	378
217	675
217	1645
217	3307
218	2075
221	458
221	474
221	622
221	1312
221	1635
221	1709
221	1713
221	1981
221	2173
221	2647
221	2778
221	2817
221	3081
221	3082
221	3268
221	3313
221	3323
229	282
229	2721
232	464
232	1911
232	2670
235	897
235	1007
235	1075
235	1630
235	1958
235	1998
235	2366
235	2836
236	870
236	927
236	1999
236	2066
236	2499
236	2785
244	279
244	718
244	950
244	1158
244	1197
244	1271
244	1427
244	2461
244	2997
244	3006
246	767
246	2012
252	1695
254	585
254	1628
254	2660
254	3133
259	2292
259	2618
262	1182
262	2232
266	819
266	2030
266	2281
266	2643
266	3244
268	668
268	950
276	2282
279	718
279	1158
279	1271
279	1427
279	1508
279	1551
279	2997
282	1617
289	2526
290	571
291	464
293	1844
295	318
295	712
295	757
295	764
295	767
295	1936
295	2734
297	562
306	1324
306	2125
306	3038
313	1675
315	973
315	3130
318	1149
318	1386
318	2261
318	2734
318	3108
324	985
333	829
335	1411
339	3072
339	3095
344	789
344	1040
344	1411
344	1506
345	421
345	525
345	2620
345	3021
345	3116
347	1370
347	1530
347	1972
347	2855
347	3280
351	2844
353	1267
353	1916
353	2526
353	2942
357	1170
361	1732
361	2129
365	2509
365	2823
370	2793
373	767
373	2817
373	3072
374	718
374	795
374	3135
381	604
381	789
381	1555
381	3323
384	668
384	1637
385	2275
385	2612
385	2978
385	3244
387	2495
388	718
388	1158
388	1271
388	2997
390	406
390	789
390	1036
390	1040
390	1097
390	1411
390	1506
390	1555
390	1925
390	2294
390	2503
390	2965
390	3322
391	919
392	1256
392	1555
392	3286
392	3322
392	3348
394	1753
396	566
396	764
396	991
396	1152
396	1360
396	1740
396	1822
396	1874
396	2012
396	2275
396	2285
396	2568
401	789
402	1783
402	2263
402	2526
404	767
406	425
406	1506
410	507
410	627
410	764
410	767
410	1285
410	1571
410	1897
410	2067
410	2123
410	2343
410	2531
415	442
415	1913
415	2497
415	3360
418	3067
421	672
421	985
425	1197
425	2066
426	1271
426	2457
428	854
429	764
429	1261
429	1533
429	2281
432	1559
432	2643
433	2928
434	1467
434	1981
434	2647
438	1896
438	2612
438	2942
442	764
442	1913
442	3228
442	3314
452	458
452	767
452	861
452	1068
452	1467
452	2835
452	3355
458	474
458	1312
458	1468
458	1709
458	2656
458	2817
458	3323
461	836
461	1170
461	1892
463	767
464	500
464	512
464	712
464	734
464	968
464	1040
464	1132
464	1271
464	1502
464	1956
464	2014
464	2261
464	2268
464	2430
464	2594
464	2598
464	2670
464	2997
464	3147
467	864
467	1467
467	2190
468	562
468	641
468	2965
469	912
469	1036
469	1180
469	1210
469	1936
469	2012
469	2205
469	2300
469	2491
469	2499
469	2549
469	2767
469	3012
469	3106
471	1543
474	708
474	985
474	1312
474	1709
474	2817
477	1981
484	864
484	1261
484	2100
486	914
490	2526
490	2559
491	2043
492	2147
493	1040
494	1197
494	1566
494	1807
494	2447
499	1180
499	1862
499	2549
500	870
500	910
500	2168
500	2551
500	2737
500	3260
507	897
512	562
512	634
512	981
512	1271
512	1592
512	2101
512	2204
512	2391
512	2394
512	2457
512	2499
512	2531
512	2540
512	2555
512	2565
512	2594
512	2835
512	3062
512	3095
518	1789
518	2700
518	3203
523	3310
525	549
525	1261
525	3116
526	1930
531	3212
535	919
535	1989
537	1543
541	3095
541	3202
543	818
543	1784
544	813
544	985
544	1000
544	1425
544	2582
544	2793
544	2836
545	2300
549	818
549	1104
549	1702
549	3185
557	1152
557	3095
561	2457
562	585
562	611
562	639
562	669
562	670
562	717
562	733
562	800
562	923
562	943
562	1065
562	1170
562	1186
562	1211
562	1370
562	1474
562	1533
562	1540
562	1549
562	1611
562	1652
562	1822
562	1874
562	1973
562	2051
562	2292
562	2325
562	2366
562	2479
562	2591
562	2849
562	2884
562	2903
562	2976
562	3052
562	3069
562	3077
562	3090
562	3131
562	3261
562	3282
566	920
566	1170
566	2292
566	2526
566	2559
566	3090
566	3286
567	2300
568	873
568	1745
568	1862
571	783
571	1969
571	1991
571	1999
571	2049
571	2373
571	2542
571	2978
572	672
572	710
572	1874
572	2693
580	622
580	1119
580	2479
582	3095
585	586
585	667
585	711
585	764
585	864
585	923
585	943
585	954
585	1000
585	1046
585	1089
585	1211
585	1336
585	1564
585	1610
585	2021
585	2156
585	2190
585	2319
585	2499
585	2560
585	2738
585	2793
585	3108
585	3130
585	3150
585	3257
586	764
586	767
586	894
586	1114
586	1358
586	1876
586	2567
586	2944
587	618
587	864
588	1829
590	1271
591	789
591	810
591	1040
591	1411
591	1506
591	2357
592	789
596	2242
598	1204
598	1857
598	2115
598	2128
599	2231
603	638
603	1480
603	2501
603	3175
604	1961
604	2275
604	2499
611	2956
612	1807
612	2759
612	3133
613	1755
617	1449
618	1473
618	2734
619	2836
619	3095
621	764
621	1858
621	2012
621	3095
622	1713
622	2647
622	3081
622	3082
622	3268
622	3323
623	1996
624	697
624	789
624	2565
626	1702
630	1278
630	2075
630	2997
632	946
632	2499
632	3310
634	923
634	950
634	1681
634	1836
634	2454
634	2594
634	2900
634	2947
634	3346
636	672
636	2693
638	1800
639	770
639	1108
639	1135
639	2509
639	2522
639	2912
639	3267
641	733
643	705
648	1573
651	1114
651	2349
659	2565
667	1467
668	767
668	1895
668	2509
668	3119
668	3133
672	1650
672	1945
672	2357
672	2693
672	2843
675	1040
675	2565
686	810
694	1163
694	1197
705	764
705	2348
705	2602
710	1040
710	1491
710	1599
710	1984
710	2565
710	2693
710	3090
710	3116
710	3235
710	3348
711	1040
712	910
712	2194
712	2594
712	2976
714	1298
714	2121
714	2953
717	1652
718	795
718	950
718	1158
718	1271
718	2885
718	2997
723	767
723	1467
723	1571
723	1845
723	2300
723	2602
723	3300
725	910
725	1152
725	1216
725	1829
725	3122
727	1256
727	1555
727	2594
727	3286
727	3322
730	775
730	2447
730	3231
733	1763
733	2539
743	764
743	2434
743	2479
743	3171
748	853
749	1040
750	1452
750	2661
754	3210
757	1002
764	775
764	794
764	812
764	838
764	914
764	959
764	992
764	1040
764	1081
764	1109
764	1135
764	1165
764	1170
764	1197
764	1211
764	1304
764	1425
764	1451
764	1452
764	1496
764	1608
764	1701
764	1702
764	1725
764	1750
764	1762
764	1816
764	1850
764	1858
764	1989
764	2104
764	2151
764	2196
764	2242
764	2244
764	2275
764	2292
764	2300
764	2402
764	2423
764	2526
764	2531
764	2604
764	2606
764	2612
764	2734
764	2757
764	3003
764	3019
764	3021
764	3038
764	3108
764	3286
765	1829
766	2300
766	2767
767	783
767	791
767	910
767	943
767	965
767	968
767	985
767	1023
767	1040
767	1119
767	1187
767	1211
767	1238
767	1261
767	1278
767	1314
767	1391
767	1452
767	1471
767	1496
767	1530
767	1768
767	1857
767	1862
767	1915
767	1916
767	1961
767	1983
767	2033
767	2066
767	2082
767	2166
767	2212
767	2300
767	2349
767	2443
767	2446
767	2447
767	2499
767	2521
767	2526
767	2565
767	2601
767	2620
767	2976
767	3001
767	3348
768	2808
768	2941
768	3108
770	1112
770	1135
770	2335
770	2522
770	3108
773	2349
775	2447
778	2089
779	810
779	2005
780	1283
780	2043
780	2228
783	838
783	1285
783	1551
783	2047
783	2123
783	2514
783	3052
785	1862
785	3171
788	1647
788	2101
789	1036
789	1040
789	1097
789	1271
789	1411
789	1506
789	1555
789	1837
789	1925
789	2294
789	2503
789	2965
789	3322
791	1008
791	2126
791	2459
794	1170
794	1261
794	1467
794	1571
794	1845
794	2012
794	2231
794	2300
794	2443
794	2642
795	3135
800	1211
800	1862
810	2565
811	959
811	978
811	1937
811	3364
812	3056
813	968
813	991
816	1062
818	1642
818	3322
819	1261
819	2104
819	2643
819	3244
820	2161
827	870
827	1858
827	1913
827	2205
827	2497
827	2526
827	3355
828	2349
829	1800
829	1889
829	2767
835	2242
836	870
836	962
836	1068
836	1100
836	1930
836	2499
836	2767
836	3001
836	3090
838	1608
838	1787
838	1937
838	2047
838	3093
838	3095
838	3360
841	2863
846	1444
846	1920
846	2577
846	2777
849	2565
853	1115
853	2286
853	2630
854	1170
854	1522
854	1566
854	1599
854	2479
859	2757
861	2835
862	2435
864	985
864	1068
864	2499
865	2012
870	1702
870	1870
870	2190
870	2347
870	2598
870	2757
870	3108
870	3358
876	2612
876	2978
876	3244
887	2642
894	1187
894	1911
894	2300
894	2526
894	2531
894	2638
894	2806
894	3090
894	3247
897	1065
897	1075
897	1630
897	1681
897	1706
897	1713
897	1958
897	2221
897	2366
897	2430
897	2836
910	1522
910	1566
910	1701
910	1750
910	1949
910	1972
910	2499
910	3095
914	978
914	1425
914	2170
914	2559
916	1411
920	1961
920	2300
920	3257
923	1411
925	3129
927	991
927	1539
927	1881
927	2190
927	3032
927	3305
928	2526
928	2567
937	1451
943	1024
943	1068
943	1283
943	1713
943	2205
943	2255
943	2499
944	2633
944	2721
944	3108
946	1961
950	1427
950	2012
950	2334
950	2767
950	2997
950	3017
953	2767
955	2567
956	1916
958	1542
958	2162
959	1170
959	2170
959	3360
965	1471
965	2976
965	3322
965	3348
972	2949
975	1267
978	1170
978	1937
978	3296
978	3348
979	1467
979	1972
979	2007
979	2526
981	2114
983	1245
985	1818
985	1936
985	2499
985	2612
985	3095
985	3119
985	3238
985	3280
991	1024
991	1283
991	1635
991	1753
991	1844
991	1972
991	2012
991	2282
991	2300
991	2559
991	3001
991	3021
991	3268
991	3323
992	1451
992	1533
992	2012
992	2357
992	2434
992	2526
992	3108
1000	1046
1000	1177
1000	1467
1000	1610
1000	2443
1000	3023
1001	2618
1008	1783
1008	2051
1008	2204
1008	3090
1008	3198
1010	2601
1010	2976
1020	1762
1023	1920
1023	2151
1024	1238
1024	1297
1024	1331
1024	1717
1024	2282
1024	2349
1024	2526
1032	1922
1032	2319
1035	1949
1036	1040
1036	1097
1036	1411
1036	1506
1036	1555
1036	1773
1036	1925
1036	2503
1036	2965
1036	3322
1038	1981
1040	1097
1040	1261
1040	1411
1040	1506
1040	1555
1040	1784
1040	1845
1040	1925
1040	2294
1040	2300
1040	2347
1040	2965
1040	3322
1044	2823
1047	1261
1047	1874
1047	2660
1048	1437
1048	2060
1048	2718
1048	2728
1049	1753
1053	2423
1056	1877
1058	1204
1058	1857
1058	2680
1062	1342
1062	1408
1062	1464
1062	3155
1065	1075
1065	1630
1065	2366
1065	2836
1068	2130
1068	2190
1068	2499
1068	2551
1068	3305
1068	3348
1071	2598
1071	2606
1072	1458
1075	1568
1075	1630
1075	1678
1075	1958
1075	2006
1075	2366
1075	2836
1078	3095
1079	2292
1091	2180
1097	1390
1097	1397
1097	1411
1097	1506
1097	1555
1097	1925
1097	2294
1097	2503
1097	2965
1097	3192
1097	3322
1100	1753
1101	2565
1108	1135
1108	2499
1108	2522
1109	1467
1109	1989
1113	1730
1113	2255
1113	2293
1113	2601
1114	1451
1114	1972
1115	2286
1119	2479
1129	1471
1129	1626
1129	1681
1129	1872
1129	2135
1129	2198
1129	2783
1129	3247
1134	3105
1135	2089
1135	2397
1135	2522
1135	2524
1135	3118
1138	2347
1145	2296
1147	3240
1149	1662
1152	2032
1152	3117
1152	3144
1152	3247
1158	1170
1158	1197
1158	1271
1158	1427
1158	2173
1158	2461
1158	2568
1158	2885
1158	2997
1164	3003
1170	1261
1170	1858
1170	1944
1170	3192
1170	3323
1170	3348
1173	1411
1175	1271
1176	2021
1178	3108
1180	2479
1180	2531
1180	2549
1180	2565
1180	2990
1182	1543
1182	2232
1185	3300
1187	2170
1197	1283
1197	1522
1197	1566
1197	2469
1197	2476
1197	2885
1204	1857
1204	2128
1204	2680
1211	1261
1211	2104
1211	2300
1211	2526
1211	2594
1211	2622
1211	2697
1211	2863
1214	2012
1219	2494
1231	1573
1231	1794
1238	1261
1238	2012
1238	2443
1238	3114
1241	2555
1244	2734
1254	1937
1254	2396
1256	1649
1256	2173
1256	2204
1258	1395
1258	2567
1261	1411
1261	1840
1261	1922
1261	2100
1261	2300
1261	2369
1261	2443
1261	2499
1261	2568
1261	2598
1261	2612
1261	2643
1261	2725
1261	2918
1261	3150
1261	3244
1261	3348
1262	2734
1265	1572
1267	1527
1267	2942
1271	1316
1271	1427
1271	1740
1271	2081
1271	2204
1271	2279
1271	2454
1271	2461
1271	2527
1271	2656
1271	2677
1271	2885
1271	2978
1271	3090
1271	3199
1275	1873
1275	2014
1278	1649
1283	1816
1283	1862
1283	2757
1283	2976
1283	3106
1283	3348
1285	2123
1286	2300
1290	1911
1297	1398
1297	1904
1297	3144
1297	3310
1298	1331
1298	2121
1298	2258
1312	2817
1314	2565
1321	1498
1322	2955
1323	1823
1323	1960
1324	2125
1326	1573
1326	1652
1326	1695
1326	2082
1326	2734
1330	2066
1349	2979
1358	2349
1368	2402
1370	1725
1370	1972
1370	3280
1381	2366
1382	3247
1383	1920
1383	2151
1385	2066
1385	2965
1386	2300
1387	1725
1387	3280
1388	1485
1388	1573
1388	1753
1388	2594
1388	3348
1393	1807
1395	2007
1396	1695
1396	2296
1396	3355
1404	2978
1411	1506
1411	1555
1411	1571
1411	1851
1411	1925
1411	2020
1411	2294
1411	2498
1411	2503
1411	2721
1411	2965
1411	3247
1411	3322
1415	2499
1415	2568
1415	3247
1425	1976
1425	2130
1425	2526
1425	2559
1425	3012
1427	2997
1438	3372
1444	2325
1445	1960
1449	2402
1449	2594
1451	1896
1451	2082
1451	2582
1451	3116
1451	3360
1452	1467
1452	2281
1452	2643
1452	2661
1452	3310
1456	2738
1456	3108
1462	3001
1467	1522
1467	1533
1467	1539
1467	1608
1467	1655
1467	1816
1467	1828
1467	1858
1467	1904
1467	2166
1467	2240
1467	2286
1467	2334
1467	2335
1467	2447
1467	2479
1467	2522
1467	2661
1467	2757
1467	2824
1467	2884
1467	2933
1467	2976
1467	3003
1467	3240
1467	3247
1467	3266
1467	3331
1467	3348
1467	3358
1468	3328
1473	2218
1474	2423
1480	1889
1483	2366
1483	2497
1485	2767
1491	2180
1497	2066
1506	1555
1506	1925
1506	2294
1506	2503
1506	2965
1506	3322
1506	3347
1522	1566
1522	2476
1530	2568
1530	3095
1530	3223
1533	2432
1533	2555
1533	3021
1533	3108
1534	2568
1537	1762
1541	2082
1543	1922
1547	1783
1547	2620
1554	2490
1555	1925
1555	1937
1555	2204
1555	2294
1555	2503
1555	2965
1555	3099
1555	3322
1559	1699
1559	3212
1564	2066
1564	3348
1566	2476
1566	3144
1570	1874
1570	1889
1570	2347
1571	2204
1571	2836
1571	3348
1574	2483
1574	2728
1579	1649
1592	1862
1599	1768
1600	2693
1605	2565
1608	2526
1608	3348
1610	1845
1610	2182
1612	3108
1620	2565
1627	2282
1627	3108
1628	3108
1630	1756
1630	2366
1630	2836
1631	2173
1631	2204
1635	1981
1635	2647
1635	2778
1635	3323
1637	1751
1637	2275
1637	2300
1637	2510
1637	3001
1638	3240
1645	1807
1645	1911
1645	2255
1645	2300
1649	2173
1650	2300
1652	1769
1652	1911
1652	2205
1652	2434
1652	2527
1652	3012
1652	3231
1659	1889
1662	2710
1672	2242
1675	2410
1681	1695
1681	2300
1686	2785
1690	1796
1690	3045
1695	1763
1695	1807
1695	2443
1695	2593
1695	2594
1695	2647
1695	2767
1695	2892
1699	2661
1701	1784
1706	2204
1707	2204
1707	3280
1709	2817
1713	1740
1713	2526
1713	2647
1713	3081
1713	3082
1713	3268
1713	3323
1725	2204
1725	2522
1725	3280
1727	1818
1727	1874
1728	1990
1728	2337
1732	2899
1733	3247
1743	3329
1745	2971
1750	2447
1750	3095
1750	3313
1753	2099
1753	2346
1753	2526
1753	2786
1753	2947
1753	3007
1754	3133
1756	2208
1762	2499
1762	3201
1762	3247
1765	2763
1768	1874
1769	2734
1769	3085
1769	3348
1773	3322
1778	2423
1783	1849
1783	2263
1783	2300
1784	2565
1786	3021
1787	2231
1796	2570
1805	3109
1806	1911
1806	2423
1807	1863
1807	1911
1807	1970
1812	2296
1816	2048
1816	2434
1816	2699
1818	2499
1818	3247
1829	2292
1829	2843
1829	3122
1829	3216
1836	2292
1845	1862
1845	2357
1845	2526
1845	2620
1845	2851
1845	3030
1847	2499
1847	3133
1849	2263
1851	2032
1853	2281
1857	2128
1858	2012
1858	2104
1858	2559
1858	3348
1862	2204
1862	2646
1862	3108
1862	3300
1863	2601
1863	2767
1865	2349
1868	2073
1873	1989
1873	2014
1874	1911
1874	2265
1874	2924
1874	3082
1874	3108
1876	3108
1877	2953
1885	3348
1886	2204
1889	2114
1889	2499
1889	2501
1889	2598
1889	3107
1892	1952
1892	2008
1892	3241
1892	3314
1895	2162
1895	2647
1896	2531
1899	2493
1903	2300
1911	2446
1911	2495
1911	2549
1913	1916
1913	3228
1913	3314
1916	2458
1920	2151
1922	2549
1922	2598
1922	2928
1922	2971
1922	3267
1923	3246
1925	2965
1925	3322
1936	2170
1936	2369
1936	3286
1936	3348
1937	2300
1937	2531
1937	3318
1937	3322
1937	3360
1937	3364
1956	2824
1958	2836
1959	2204
1960	2457
1960	2721
1960	2745
1960	2785
1960	3375
1972	3280
1975	2539
1976	2068
1976	2549
1976	3072
1981	3323
1983	2242
1983	2531
1984	3348
1989	2014
1990	2337
1994	3348
1999	2008
2000	2204
2000	3206
2004	2997
2005	2499
2007	2916
2007	3288
2009	2162
2012	2300
2012	2335
2012	2479
2012	2526
2012	2620
2012	2806
2012	2891
2012	3021
2012	3116
2012	3286
2012	3348
2012	3355
2021	3348
2031	2423
2032	2069
2032	2924
2043	2976
2043	3247
2047	2123
2047	2514
2047	3318
2047	3335
2051	2082
2051	2190
2051	2734
2051	3305
2066	2147
2066	2184
2066	2300
2066	2800
2066	2933
2066	2941
2066	2978
2069	2924
2073	3358
2075	2499
2075	2680
2076	2793
2080	2491
2080	2499
2080	3280
2082	2531
2082	3238
2089	2522
2097	2594
2097	2978
2099	2806
2099	3235
2099	3348
2100	2291
2100	2783
2100	3330
2100	3331
2104	2205
2110	2402
2110	3348
2115	2349
2121	2490
2121	2499
2121	3027
2121	3247
2123	2514
2123	3052
2123	3318
2125	3038
2125	3146
2128	2509
2128	2680
2130	2567
2130	2660
2130	2728
2143	2349
2143	3072
2146	2204
2147	3310
2151	3244
2167	3129
2168	2499
2168	2568
2168	3095
2170	2526
2170	3090
2170	3348
2173	2204
2181	3310
2182	2499
2182	3247
2184	3348
2189	2204
2190	3282
2196	2677
2204	2565
2204	2567
2204	2913
2204	3268
2205	2347
2210	2996
2218	2965
2219	2332
2225	2495
2240	2806
2242	2447
2242	2531
2242	2601
2242	2786
2244	2347
2247	3001
2252	2594
2255	2734
2255	3358
2260	2705
2261	2734
2275	2772
2281	2357
2281	2661
2281	3244
2285	3231
2286	2630
2291	3109
2292	2300
2292	2357
2292	2442
2292	2462
2292	2499
2292	2742
2292	2892
2292	2976
2297	3147
2299	3210
2300	2443
2300	2526
2300	2568
2300	2594
2300	2595
2300	2620
2300	2642
2300	2697
2300	3268
2300	3348
2317	3108
2332	2495
2333	2524
2333	2761
2333	3209
2334	2499
2334	3348
2343	2423
2347	2499
2347	2971
2347	3094
2347	3116
2347	3300
2347	3345
2348	3373
2349	2423
2349	2680
2349	2818
2349	3172
2357	2380
2357	2593
2357	2594
2357	2818
2357	2892
2366	2454
2366	2836
2366	2886
2366	3090
2373	2542
2373	2810
2374	3247
2386	2604
2394	2503
2394	2897
2394	2952
2394	3108
2397	3118
2402	2559
2402	2601
2405	2721
2410	3062
2423	2447
2423	2601
2423	2939
2423	3133
2423	3267
2424	2499
2430	3231
2434	3021
2434	3108
2434	3348
2435	2730
2458	2978
2458	3348
2461	2885
2466	2495
2479	2646
2479	3133
2487	3280
2490	3129
2494	2551
2497	2565
2497	2717
2499	2598
2499	2785
2499	2791
2499	3108
2499	3141
2499	3247
2499	3313
2499	3363
2503	3156
2503	3322
2510	2785
2514	3318
2522	2952
2524	3118
2526	2559
2526	3038
2526	3348
2528	2565
2531	2601
2531	3082
2534	2565
2540	2923
2551	2923
2551	3262
2559	3116
2559	3133
2559	3235
2565	2697
2567	2594
2567	3124
2568	2618
2568	2625
2568	3095
2568	3128
2572	2965
2582	2949
2588	2660
2593	2594
2593	2843
2593	3108
2594	2604
2594	2625
2594	2767
2594	2843
2594	3021
2594	3108
2595	2638
2598	2953
2601	2777
2601	3104
2601	3110
2604	3095
2604	3257
2604	3363
2611	2638
2612	2699
2612	2978
2612	3244
2618	3187
2620	2697
2623	3348
2638	3095
2642	3348
2643	2661
2646	3133
2647	2778
2647	3081
2647	3082
2647	3268
2647	3323
2647	3348
2661	2721
2661	3133
2661	3147
2677	2836
2677	3133
2693	3095
2699	2978
2699	3244
2734	2955
2734	3108
2734	3231
2734	3300
2737	3358
2761	2785
2767	2966
2767	3090
2767	3348
2778	3268
2778	3323
2785	2817
2785	2875
2785	2956
2791	3247
2793	3095
2806	3163
2818	2905
2818	3348
2824	3310
2843	2972
2856	3310
2863	3328
2884	3282
2885	2997
2891	3348
2924	2997
2933	3108
2938	3108
2942	3133
2965	3322
2970	3116
2978	3244
3012	3348
3032	3062
3055	3360
3081	3082
3081	3268
3081	3323
3082	3268
3082	3323
3095	3128
3095	3141
3108	3133
3119	3231
3129	3234
3141	3310
3170	3328
3173	3235
3176	3348
3187	3212
3201	3374
3235	3310
3268	3323
3280	3311
3348	3355
3360	3364
41	2
56	2
576	2
764	2
841	2
1100	2
1339	2
1645	2
2008	2
2099	2
2434	2
2610	2
2933	2
562	4
469	7
499	7
813	7
1180	7
1300	7
2549	7
2990	7
56	8
347	8
2531	8
3280	8
56	11
304	11
381	11
1467	11
1874	11
2499	17
410	20
571	20
783	20
3318	20
229	21
282	21
1617	21
396	32
566	32
1533	32
1930	32
1936	32
2772	32
3355	32
1036	33
1862	33
2147	34
2066	37
3323	37
54	38
347	38
1530	38
1862	38
2292	38
3104	38
1451	39
236	43
927	43
1787	43
2066	43
56	44
474	44
520	44
697	44
813	44
829	44
851	44
1217	44
1257	44
1261	44
1388	44
1485	44
1695	44
2300	44
2594	44
2767	44
3090	44
3095	44
3156	44
3247	44
3348	44
514	47
2162	47
162	53
180	54
354	54
3095	54
3104	54
90	56
246	56
373	56
385	56
396	56
429	56
452	56
562	56
572	56
672	56
819	56
854	56
864	56
950	56
979	56
991	56
1089	56
1135	56
1197	56
1211	56
1368	56
1370	56
1386	56
1388	56
1425	56
1451	56
1452	56
1645	56
1652	56
1695	56
1753	56
1858	56
2147	56
2261	56
2281	56
2300	56
2328	56
2357	56
2402	56
2434	56
2522	56
2555	56
2593	56
2594	56
2612	56
2693	56
2933	56
3021	56
3108	56
3130	56
3267	56
3348	56
2066	57
2196	57
2499	57
2817	57
2204	60
3001	60
3108	60
1197	61
1695	61
1787	61
2458	65
1075	71
541	73
927	73
1719	73
1862	73
2734	73
1129	77
1388	77
235	82
1304	82
2276	82
2509	82
3203	82
1713	88
2565	89
1249	90
3238	91
789	92
1040	92
1829	101
910	103
2862	103
572	110
767	110
1271	110
1695	110
2168	110
2300	110
3358	111
764	120
767	120
1862	120
1732	124
639	127
2522	127
2852	127
1911	130
586	131
192	132
634	132
767	132
2300	132
2642	132
2823	132
1261	133
1652	135
2204	135
2347	135
2458	135
3128	135
3147	135
3310	135
1920	137
2151	137
641	138
836	138
846	138
562	142
2499	149
1753	151
572	155
392	156
764	156
1000	160
1622	162
1960	162
2540	162
1889	164
2499	164
2568	164
3247	164
3310	164
2173	174
1451	180
767	183
512	185
968	185
3246	186
1467	187
1578	187
586	188
1197	189
1522	189
1566	189
2476	189
244	190
512	190
725	190
1049	190
1829	190
3122	190
767	191
1261	191
1044	192
1214	192
1286	192
1695	192
1807	192
1913	192
1916	192
2182	192
2256	192
2300	192
2335	192
2348	192
2433	192
2458	192
2565	192
2568	192
2574	192
2588	192
2594	192
2823	192
2918	192
2970	192
985	193
1040	193
2066	193
2766	193
2895	193
569	200
2012	200
3108	200
571	201
2181	201
2373	201
2542	201
1129	203
1462	208
2540	208
3001	208
3238	208
490	213
525	213
827	213
914	213
1425	213
2526	213
3348	213
3355	213
894	216
1467	216
378	217
675	217
1645	217
3307	217
2075	218
458	221
474	221
622	221
1312	221
1635	221
1709	221
1713	221
1981	221
2173	221
2647	221
2778	221
2817	221
3081	221
3082	221
3268	221
3313	221
3323	221
282	229
2721	229
464	232
1911	232
2670	232
897	235
1007	235
1075	235
1630	235
1958	235
1998	235
2366	235
2836	235
870	236
927	236
1999	236
2066	236
2499	236
2785	236
279	244
718	244
950	244
1158	244
1197	244
1271	244
1427	244
2461	244
2997	244
3006	244
767	246
2012	246
1695	252
585	254
1628	254
2660	254
3133	254
2292	259
2618	259
1182	262
2232	262
819	266
2030	266
2281	266
2643	266
3244	266
668	268
950	268
2282	276
718	279
1158	279
1271	279
1427	279
1508	279
1551	279
2997	279
1617	282
2526	289
571	290
464	291
1844	293
318	295
712	295
757	295
764	295
767	295
1936	295
2734	295
562	297
1324	306
2125	306
3038	306
1675	313
973	315
3130	315
1149	318
1386	318
2261	318
2734	318
3108	318
985	324
829	333
1411	335
3072	339
3095	339
789	344
1040	344
1411	344
1506	344
421	345
525	345
2620	345
3021	345
3116	345
1370	347
1530	347
1972	347
2855	347
3280	347
2844	351
1267	353
1916	353
2526	353
2942	353
1170	357
1732	361
2129	361
2509	365
2823	365
2793	370
767	373
2817	373
3072	373
718	374
795	374
3135	374
604	381
789	381
1555	381
3323	381
668	384
1637	384
2275	385
2612	385
2978	385
3244	385
2495	387
718	388
1158	388
1271	388
2997	388
406	390
789	390
1036	390
1040	390
1097	390
1411	390
1506	390
1555	390
1925	390
2294	390
2503	390
2965	390
3322	390
919	391
1256	392
1555	392
3286	392
3322	392
3348	392
1753	394
566	396
764	396
991	396
1152	396
1360	396
1740	396
1822	396
1874	396
2012	396
2275	396
2285	396
2568	396
789	401
1783	402
2263	402
2526	402
767	404
425	406
1506	406
507	410
627	410
764	410
767	410
1285	410
1571	410
1897	410
2067	410
2123	410
2343	410
2531	410
442	415
1913	415
2497	415
3360	415
3067	418
672	421
985	421
1197	425
2066	425
1271	426
2457	426
854	428
764	429
1261	429
1533	429
2281	429
1559	432
2643	432
2928	433
1467	434
1981	434
2647	434
1896	438
2612	438
2942	438
764	442
1913	442
3228	442
3314	442
458	452
767	452
861	452
1068	452
1467	452
2835	452
3355	452
474	458
1312	458
1468	458
1709	458
2656	458
2817	458
3323	458
836	461
1170	461
1892	461
767	463
500	464
512	464
712	464
734	464
968	464
1040	464
1132	464
1271	464
1502	464
1956	464
2014	464
2261	464
2268	464
2430	464
2594	464
2598	464
2670	464
2997	464
3147	464
864	467
1467	467
2190	467
562	468
641	468
2965	468
912	469
1036	469
1180	469
1210	469
1936	469
2012	469
2205	469
2300	469
2491	469
2499	469
2549	469
2767	469
3012	469
3106	469
1543	471
708	474
985	474
1312	474
1709	474
2817	474
1981	477
864	484
1261	484
2100	484
914	486
2526	490
2559	490
2043	491
2147	492
1040	493
1197	494
1566	494
1807	494
2447	494
1180	499
1862	499
2549	499
870	500
910	500
2168	500
2551	500
2737	500
3260	500
897	507
562	512
634	512
981	512
1271	512
1592	512
2101	512
2204	512
2391	512
2394	512
2457	512
2499	512
2531	512
2540	512
2555	512
2565	512
2594	512
2835	512
3062	512
3095	512
1789	518
2700	518
3203	518
3310	523
549	525
1261	525
3116	525
1930	526
3212	531
919	535
1989	535
1543	537
3095	541
3202	541
818	543
1784	543
813	544
985	544
1000	544
1425	544
2582	544
2793	544
2836	544
2300	545
818	549
1104	549
1702	549
3185	549
1152	557
3095	557
2457	561
585	562
611	562
639	562
669	562
670	562
717	562
733	562
800	562
923	562
943	562
1065	562
1170	562
1186	562
1211	562
1370	562
1474	562
1533	562
1540	562
1549	562
1611	562
1652	562
1822	562
1874	562
1973	562
2051	562
2292	562
2325	562
2366	562
2479	562
2591	562
2849	562
2884	562
2903	562
2976	562
3052	562
3069	562
3077	562
3090	562
3131	562
3261	562
3282	562
920	566
1170	566
2292	566
2526	566
2559	566
3090	566
3286	566
2300	567
873	568
1745	568
1862	568
783	571
1969	571
1991	571
1999	571
2049	571
2373	571
2542	571
2978	571
672	572
710	572
1874	572
2693	572
622	580
1119	580
2479	580
3095	582
586	585
667	585
711	585
764	585
864	585
923	585
943	585
954	585
1000	585
1046	585
1089	585
1211	585
1336	585
1564	585
1610	585
2021	585
2156	585
2190	585
2319	585
2499	585
2560	585
2738	585
2793	585
3108	585
3130	585
3150	585
3257	585
764	586
767	586
894	586
1114	586
1358	586
1876	586
2567	586
2944	586
618	587
864	587
1829	588
1271	590
789	591
810	591
1040	591
1411	591
1506	591
2357	591
789	592
2242	596
1204	598
1857	598
2115	598
2128	598
2231	599
638	603
1480	603
2501	603
3175	603
1961	604
2275	604
2499	604
2956	611
1807	612
2759	612
3133	612
1755	613
1449	617
1473	618
2734	618
2836	619
3095	619
764	621
1858	621
2012	621
3095	621
1713	622
2647	622
3081	622
3082	622
3268	622
3323	622
1996	623
697	624
789	624
2565	624
1702	626
1278	630
2075	630
2997	630
946	632
2499	632
3310	632
923	634
950	634
1681	634
1836	634
2454	634
2594	634
2900	634
2947	634
3346	634
672	636
2693	636
1800	638
770	639
1108	639
1135	639
2509	639
2522	639
2912	639
3267	639
733	641
705	643
1573	648
1114	651
2349	651
2565	659
1467	667
767	668
1895	668
2509	668
3119	668
3133	668
1650	672
1945	672
2357	672
2693	672
2843	672
1040	675
2565	675
810	686
1163	694
1197	694
764	705
2348	705
2602	705
1040	710
1491	710
1599	710
1984	710
2565	710
2693	710
3090	710
3116	710
3235	710
3348	710
1040	711
910	712
2194	712
2594	712
2976	712
1298	714
2121	714
2953	714
1652	717
795	718
950	718
1158	718
1271	718
2885	718
2997	718
767	723
1467	723
1571	723
1845	723
2300	723
2602	723
3300	723
910	725
1152	725
1216	725
1829	725
3122	725
1256	727
1555	727
2594	727
3286	727
3322	727
775	730
2447	730
3231	730
1763	733
2539	733
764	743
2434	743
2479	743
3171	743
853	748
1040	749
1452	750
2661	750
3210	754
1002	757
775	764
794	764
812	764
838	764
914	764
959	764
992	764
1040	764
1081	764
1109	764
1135	764
1165	764
1170	764
1197	764
1211	764
1304	764
1425	764
1451	764
1452	764
1496	764
1608	764
1701	764
1702	764
1725	764
1750	764
1762	764
1816	764
1850	764
1858	764
1989	764
2104	764
2151	764
2196	764
2242	764
2244	764
2275	764
2292	764
2300	764
2402	764
2423	764
2526	764
2531	764
2604	764
2606	764
2612	764
2734	764
2757	764
3003	764
3019	764
3021	764
3038	764
3108	764
3286	764
1829	765
2300	766
2767	766
783	767
791	767
910	767
943	767
965	767
968	767
985	767
1023	767
1040	767
1119	767
1187	767
1211	767
1238	767
1261	767
1278	767
1314	767
1391	767
1452	767
1471	767
1496	767
1530	767
1768	767
1857	767
1862	767
1915	767
1916	767
1961	767
1983	767
2033	767
2066	767
2082	767
2166	767
2212	767
2300	767
2349	767
2443	767
2446	767
2447	767
2499	767
2521	767
2526	767
2565	767
2601	767
2620	767
2976	767
3001	767
3348	767
2808	768
2941	768
3108	768
1112	770
1135	770
2335	770
2522	770
3108	770
2349	773
2447	775
2089	778
810	779
2005	779
1283	780
2043	780
2228	780
838	783
1285	783
1551	783
2047	783
2123	783
2514	783
3052	783
1862	785
3171	785
1647	788
2101	788
1036	789
1040	789
1097	789
1271	789
1411	789
1506	789
1555	789
1837	789
1925	789
2294	789
2503	789
2965	789
3322	789
1008	791
2126	791
2459	791
1170	794
1261	794
1467	794
1571	794
1845	794
2012	794
2231	794
2300	794
2443	794
2642	794
3135	795
1211	800
1862	800
2565	810
959	811
978	811
1937	811
3364	811
3056	812
968	813
991	813
1062	816
1642	818
3322	818
1261	819
2104	819
2643	819
3244	819
2161	820
870	827
1858	827
1913	827
2205	827
2497	827
2526	827
3355	827
2349	828
1800	829
1889	829
2767	829
2242	835
870	836
962	836
1068	836
1100	836
1930	836
2499	836
2767	836
3001	836
3090	836
1608	838
1787	838
1937	838
2047	838
3093	838
3095	838
3360	838
2863	841
1444	846
1920	846
2577	846
2777	846
2565	849
1115	853
2286	853
2630	853
1170	854
1522	854
1566	854
1599	854
2479	854
2757	859
2835	861
2435	862
985	864
1068	864
2499	864
2012	865
1702	870
1870	870
2190	870
2347	870
2598	870
2757	870
3108	870
3358	870
2612	876
2978	876
3244	876
2642	887
1187	894
1911	894
2300	894
2526	894
2531	894
2638	894
2806	894
3090	894
3247	894
1065	897
1075	897
1630	897
1681	897
1706	897
1713	897
1958	897
2221	897
2366	897
2430	897
2836	897
1522	910
1566	910
1701	910
1750	910
1949	910
1972	910
2499	910
3095	910
978	914
1425	914
2170	914
2559	914
1411	916
1961	920
2300	920
3257	920
1411	923
3129	925
991	927
1539	927
1881	927
2190	927
3032	927
3305	927
2526	928
2567	928
1451	937
1024	943
1068	943
1283	943
1713	943
2205	943
2255	943
2499	943
2633	944
2721	944
3108	944
1961	946
1427	950
2012	950
2334	950
2767	950
2997	950
3017	950
2767	953
2567	955
1916	956
1542	958
2162	958
1170	959
2170	959
3360	959
1471	965
2976	965
3322	965
3348	965
2949	972
1267	975
1170	978
1937	978
3296	978
3348	978
1467	979
1972	979
2007	979
2526	979
2114	981
1245	983
1818	985
1936	985
2499	985
2612	985
3095	985
3119	985
3238	985
3280	985
1024	991
1283	991
1635	991
1753	991
1844	991
1972	991
2012	991
2282	991
2300	991
2559	991
3001	991
3021	991
3268	991
3323	991
1451	992
1533	992
2012	992
2357	992
2434	992
2526	992
3108	992
1046	1000
1177	1000
1467	1000
1610	1000
2443	1000
3023	1000
2618	1001
1783	1008
2051	1008
2204	1008
3090	1008
3198	1008
2601	1010
2976	1010
1762	1020
1920	1023
2151	1023
1238	1024
1297	1024
1331	1024
1717	1024
2282	1024
2349	1024
2526	1024
1922	1032
2319	1032
1949	1035
1040	1036
1097	1036
1411	1036
1506	1036
1555	1036
1773	1036
1925	1036
2503	1036
2965	1036
3322	1036
1981	1038
1097	1040
1261	1040
1411	1040
1506	1040
1555	1040
1784	1040
1845	1040
1925	1040
2294	1040
2300	1040
2347	1040
2965	1040
3322	1040
2823	1044
1261	1047
1874	1047
2660	1047
1437	1048
2060	1048
2718	1048
2728	1048
1753	1049
2423	1053
1877	1056
1204	1058
1857	1058
2680	1058
1342	1062
1408	1062
1464	1062
3155	1062
1075	1065
1630	1065
2366	1065
2836	1065
2130	1068
2190	1068
2499	1068
2551	1068
3305	1068
3348	1068
2598	1071
2606	1071
1458	1072
1568	1075
1630	1075
1678	1075
1958	1075
2006	1075
2366	1075
2836	1075
3095	1078
2292	1079
2180	1091
1390	1097
1397	1097
1411	1097
1506	1097
1555	1097
1925	1097
2294	1097
2503	1097
2965	1097
3192	1097
3322	1097
1753	1100
2565	1101
1135	1108
2499	1108
2522	1108
1467	1109
1989	1109
1730	1113
2255	1113
2293	1113
2601	1113
1451	1114
1972	1114
2286	1115
2479	1119
1471	1129
1626	1129
1681	1129
1872	1129
2135	1129
2198	1129
2783	1129
3247	1129
3105	1134
2089	1135
2397	1135
2522	1135
2524	1135
3118	1135
2347	1138
2296	1145
3240	1147
1662	1149
2032	1152
3117	1152
3144	1152
3247	1152
1170	1158
1197	1158
1271	1158
1427	1158
2173	1158
2461	1158
2568	1158
2885	1158
2997	1158
3003	1164
1261	1170
1858	1170
1944	1170
3192	1170
3323	1170
3348	1170
1411	1173
1271	1175
2021	1176
3108	1178
2479	1180
2531	1180
2549	1180
2565	1180
2990	1180
1543	1182
2232	1182
3300	1185
2170	1187
1283	1197
1522	1197
1566	1197
2469	1197
2476	1197
2885	1197
1857	1204
2128	1204
2680	1204
1261	1211
2104	1211
2300	1211
2526	1211
2594	1211
2622	1211
2697	1211
2863	1211
2012	1214
2494	1219
1573	1231
1794	1231
1261	1238
2012	1238
2443	1238
3114	1238
2555	1241
2734	1244
1937	1254
2396	1254
1649	1256
2173	1256
2204	1256
1395	1258
2567	1258
1411	1261
1840	1261
1922	1261
2100	1261
2300	1261
2369	1261
2443	1261
2499	1261
2568	1261
2598	1261
2612	1261
2643	1261
2725	1261
2918	1261
3150	1261
3244	1261
3348	1261
2734	1262
1572	1265
1527	1267
2942	1267
1316	1271
1427	1271
1740	1271
2081	1271
2204	1271
2279	1271
2454	1271
2461	1271
2527	1271
2656	1271
2677	1271
2885	1271
2978	1271
3090	1271
3199	1271
1873	1275
2014	1275
1649	1278
1816	1283
1862	1283
2757	1283
2976	1283
3106	1283
3348	1283
2123	1285
2300	1286
1911	1290
1398	1297
1904	1297
3144	1297
3310	1297
1331	1298
2121	1298
2258	1298
2817	1312
2565	1314
1498	1321
2955	1322
1823	1323
1960	1323
2125	1324
1573	1326
1652	1326
1695	1326
2082	1326
2734	1326
2066	1330
2979	1349
2349	1358
2402	1368
1725	1370
1972	1370
3280	1370
2366	1381
3247	1382
1920	1383
2151	1383
2066	1385
2965	1385
2300	1386
1725	1387
3280	1387
1485	1388
1573	1388
1753	1388
2594	1388
3348	1388
1807	1393
2007	1395
1695	1396
2296	1396
3355	1396
2978	1404
1506	1411
1555	1411
1571	1411
1851	1411
1925	1411
2020	1411
2294	1411
2498	1411
2503	1411
2721	1411
2965	1411
3247	1411
3322	1411
2499	1415
2568	1415
3247	1415
1976	1425
2130	1425
2526	1425
2559	1425
3012	1425
2997	1427
3372	1438
2325	1444
1960	1445
2402	1449
2594	1449
1896	1451
2082	1451
2582	1451
3116	1451
3360	1451
1467	1452
2281	1452
2643	1452
2661	1452
3310	1452
2738	1456
3108	1456
3001	1462
1522	1467
1533	1467
1539	1467
1608	1467
1655	1467
1816	1467
1828	1467
1858	1467
1904	1467
2166	1467
2240	1467
2286	1467
2334	1467
2335	1467
2447	1467
2479	1467
2522	1467
2661	1467
2757	1467
2824	1467
2884	1467
2933	1467
2976	1467
3003	1467
3240	1467
3247	1467
3266	1467
3331	1467
3348	1467
3358	1467
3328	1468
2218	1473
2423	1474
1889	1480
2366	1483
2497	1483
2767	1485
2180	1491
2066	1497
1555	1506
1925	1506
2294	1506
2503	1506
2965	1506
3322	1506
3347	1506
1566	1522
2476	1522
2568	1530
3095	1530
3223	1530
2432	1533
2555	1533
3021	1533
3108	1533
2568	1534
1762	1537
2082	1541
1922	1543
1783	1547
2620	1547
2490	1554
1925	1555
1937	1555
2204	1555
2294	1555
2503	1555
2965	1555
3099	1555
3322	1555
1699	1559
3212	1559
2066	1564
3348	1564
2476	1566
3144	1566
1874	1570
1889	1570
2347	1570
2204	1571
2836	1571
3348	1571
2483	1574
2728	1574
1649	1579
1862	1592
1768	1599
2693	1600
2565	1605
2526	1608
3348	1608
1845	1610
2182	1610
3108	1612
2565	1620
2282	1627
3108	1627
3108	1628
1756	1630
2366	1630
2836	1630
2173	1631
2204	1631
1981	1635
2647	1635
2778	1635
3323	1635
1751	1637
2275	1637
2300	1637
2510	1637
3001	1637
3240	1638
1807	1645
1911	1645
2255	1645
2300	1645
2173	1649
2300	1650
1769	1652
1911	1652
2205	1652
2434	1652
2527	1652
3012	1652
3231	1652
1889	1659
2710	1662
2242	1672
2410	1675
1695	1681
2300	1681
2785	1686
1796	1690
3045	1690
1763	1695
1807	1695
2443	1695
2593	1695
2594	1695
2647	1695
2767	1695
2892	1695
2661	1699
1784	1701
2204	1706
2204	1707
3280	1707
2817	1709
1740	1713
2526	1713
2647	1713
3081	1713
3082	1713
3268	1713
3323	1713
2204	1725
2522	1725
3280	1725
1818	1727
1874	1727
1990	1728
2337	1728
2899	1732
3247	1733
3329	1743
2971	1745
2447	1750
3095	1750
3313	1750
2099	1753
2346	1753
2526	1753
2786	1753
2947	1753
3007	1753
3133	1754
2208	1756
2499	1762
3201	1762
3247	1762
2763	1765
1874	1768
2734	1769
3085	1769
3348	1769
3322	1773
2423	1778
1849	1783
2263	1783
2300	1783
2565	1784
3021	1786
2231	1787
2570	1796
3109	1805
1911	1806
2423	1806
1863	1807
1911	1807
1970	1807
2296	1812
2048	1816
2434	1816
2699	1816
2499	1818
3247	1818
2292	1829
2843	1829
3122	1829
3216	1829
2292	1836
1862	1845
2357	1845
2526	1845
2620	1845
2851	1845
3030	1845
2499	1847
3133	1847
2263	1849
2032	1851
2281	1853
2128	1857
2012	1858
2104	1858
2559	1858
3348	1858
2204	1862
2646	1862
3108	1862
3300	1862
2601	1863
2767	1863
2349	1865
2073	1868
1989	1873
2014	1873
1911	1874
2265	1874
2924	1874
3082	1874
3108	1874
3108	1876
2953	1877
3348	1885
2204	1886
2114	1889
2499	1889
2501	1889
2598	1889
3107	1889
1952	1892
2008	1892
3241	1892
3314	1892
2162	1895
2647	1895
2531	1896
2493	1899
2300	1903
2446	1911
2495	1911
2549	1911
1916	1913
3228	1913
3314	1913
2458	1916
2151	1920
2549	1922
2598	1922
2928	1922
2971	1922
3267	1922
3246	1923
2965	1925
3322	1925
2170	1936
2369	1936
3286	1936
3348	1936
2300	1937
2531	1937
3318	1937
3322	1937
3360	1937
3364	1937
2824	1956
2836	1958
2204	1959
2457	1960
2721	1960
2745	1960
2785	1960
3375	1960
3280	1972
2539	1975
2068	1976
2549	1976
3072	1976
3323	1981
2242	1983
2531	1983
3348	1984
2014	1989
2337	1990
3348	1994
2008	1999
2204	2000
3206	2000
2997	2004
2499	2005
2916	2007
3288	2007
2162	2009
2300	2012
2335	2012
2479	2012
2526	2012
2620	2012
2806	2012
2891	2012
3021	2012
3116	2012
3286	2012
3348	2012
3355	2012
3348	2021
2423	2031
2069	2032
2924	2032
2976	2043
3247	2043
2123	2047
2514	2047
3318	2047
3335	2047
2082	2051
2190	2051
2734	2051
3305	2051
2147	2066
2184	2066
2300	2066
2800	2066
2933	2066
2941	2066
2978	2066
2924	2069
3358	2073
2499	2075
2680	2075
2793	2076
2491	2080
2499	2080
3280	2080
2531	2082
3238	2082
2522	2089
2594	2097
2978	2097
2806	2099
3235	2099
3348	2099
2291	2100
2783	2100
3330	2100
3331	2100
2205	2104
2402	2110
3348	2110
2349	2115
2490	2121
2499	2121
3027	2121
3247	2121
2514	2123
3052	2123
3318	2123
3038	2125
3146	2125
2509	2128
2680	2128
2567	2130
2660	2130
2728	2130
2349	2143
3072	2143
2204	2146
3310	2147
3244	2151
3129	2167
2499	2168
2568	2168
3095	2168
2526	2170
3090	2170
3348	2170
2204	2173
3310	2181
2499	2182
3247	2182
3348	2184
2204	2189
3282	2190
2677	2196
2565	2204
2567	2204
2913	2204
3268	2204
2347	2205
2996	2210
2965	2218
2332	2219
2495	2225
2806	2240
2447	2242
2531	2242
2601	2242
2786	2242
2347	2244
3001	2247
2594	2252
2734	2255
3358	2255
2705	2260
2734	2261
2772	2275
2357	2281
2661	2281
3244	2281
3231	2285
2630	2286
3109	2291
2300	2292
2357	2292
2442	2292
2462	2292
2499	2292
2742	2292
2892	2292
2976	2292
3147	2297
3210	2299
2443	2300
2526	2300
2568	2300
2594	2300
2595	2300
2620	2300
2642	2300
2697	2300
3268	2300
3348	2300
3108	2317
2495	2332
2524	2333
2761	2333
3209	2333
2499	2334
3348	2334
2423	2343
2499	2347
2971	2347
3094	2347
3116	2347
3300	2347
3345	2347
3373	2348
2423	2349
2680	2349
2818	2349
3172	2349
2380	2357
2593	2357
2594	2357
2818	2357
2892	2357
2454	2366
2836	2366
2886	2366
3090	2366
2542	2373
2810	2373
3247	2374
2604	2386
2503	2394
2897	2394
2952	2394
3108	2394
3118	2397
2559	2402
2601	2402
2721	2405
3062	2410
2447	2423
2601	2423
2939	2423
3133	2423
3267	2423
2499	2424
3231	2430
3021	2434
3108	2434
3348	2434
2730	2435
2978	2458
3348	2458
2885	2461
2495	2466
2646	2479
3133	2479
3280	2487
3129	2490
2551	2494
2565	2497
2717	2497
2598	2499
2785	2499
2791	2499
3108	2499
3141	2499
3247	2499
3313	2499
3363	2499
3156	2503
3322	2503
2785	2510
3318	2514
2952	2522
3118	2524
2559	2526
3038	2526
3348	2526
2565	2528
2601	2531
3082	2531
2565	2534
2923	2540
2923	2551
3262	2551
3116	2559
3133	2559
3235	2559
2697	2565
2594	2567
3124	2567
2618	2568
2625	2568
3095	2568
3128	2568
2965	2572
2949	2582
2660	2588
2594	2593
2843	2593
3108	2593
2604	2594
2625	2594
2767	2594
2843	2594
3021	2594
3108	2594
2638	2595
2953	2598
2777	2601
3104	2601
3110	2601
3095	2604
3257	2604
3363	2604
2638	2611
2699	2612
2978	2612
3244	2612
3187	2618
2697	2620
3348	2623
3095	2638
3348	2642
2661	2643
3133	2646
2778	2647
3081	2647
3082	2647
3268	2647
3323	2647
3348	2647
2721	2661
3133	2661
3147	2661
2836	2677
3133	2677
3095	2693
2978	2699
3244	2699
2955	2734
3108	2734
3231	2734
3300	2734
3358	2737
2785	2761
2966	2767
3090	2767
3348	2767
3268	2778
3323	2778
2817	2785
2875	2785
2956	2785
3247	2791
3095	2793
3163	2806
2905	2818
3348	2818
3310	2824
2972	2843
3310	2856
3328	2863
3282	2884
2997	2885
3348	2891
2997	2924
3108	2933
3108	2938
3133	2942
3322	2965
3116	2970
3244	2978
3348	3012
3062	3032
3360	3055
3082	3081
3268	3081
3323	3081
3268	3082
3323	3082
3128	3095
3141	3095
3133	3108
3231	3119
3234	3129
3310	3141
3328	3170
3235	3173
3348	3176
3212	3187
3374	3201
3310	3235
3323	3268
3311	3280
3355	3348
3364	3360
