0	1290
0	1357
1	988
1	1105
1	1371
2	384
2	616
2	641
2	947
3	22
3	527
3	1016
5	189
5	693
5	1221
5	1234
5	1394
5	1404
9	1010
10	1043
10	1365
13	33
13	1188
13	1207
16	170
16	192
16	351
16	355
16	372
16	467
16	806
16	895
16	1081
16	1121
16	1176
16	1282
16	1407
16	1436
17	1034
19	1163
21	1353
22	527
22	1016
23	976
23	1179
24	97
24	115
24	362
24	1393
28	536
28	874
28	1035
28	1062
28	1237
30	46
30	110
30	170
30	215
30	229
30	248
30	323
30	359
30	411
30	573
30	577
30	749
30	875
30	934
30	936
30	943
30	993
30	1068
30	1103
30	1236
30	1287
30	1300
30	1360
30	1370
30	1389
30	1425
30	1462
31	1274
33	1188
33	1207
34	534
35	62
35	160
35	337
35	403
35	522
35	554
35	564
35	665
35	1006
35	1113
35	1340
35	1476
36	52
36	98
36	146
36	188
36	192
36	248
36	339
36	363
36	467
36	468
36	477
36	499
36	507
36	515
36	561
36	617
36	627
36	705
36	762
36	895
36	900
36	911
36	927
36	1009
36	1011
36	1032
36	1038
36	1093
36	1109
36	1143
36	1152
36	1176
36	1214
36	1242
36	1261
36	1282
36	1287
36	1383
39	156
39	261
39	322
39	361
39	736
39	882
39	964
39	1020
39	1127
39	1201
39	1208
39	1301
40	396
40	476
40	1305
41	1485
45	208
46	110
46	146
46	170
46	185
46	192
46	215
46	248
46	323
46	351
46	359
46	363
46	467
46	499
46	505
46	515
46	550
46	561
46	577
46	617
46	627
46	762
46	806
46	895
46	900
46	911
46	934
46	936
46	1009
46	1011
46	1032
46	1038
46	1068
46	1073
46	1081
46	1093
46	1103
46	1109
46	1117
46	1152
46	1176
46	1217
46	1261
46	1282
46	1287
46	1360
46	1383
46	1389
46	1392
46	1407
47	62
47	403
47	554
47	665
47	1340
47	1476
49	920
49	1324
50	1117
50	1409
52	98
52	188
52	192
52	248
52	339
52	363
52	467
52	468
52	477
52	499
52	515
52	561
52	617
52	762
52	797
52	900
52	1009
52	1011
52	1032
52	1038
52	1093
52	1143
52	1152
52	1214
52	1242
52	1261
52	1282
52	1287
53	112
53	319
53	400
53	480
53	517
53	637
53	909
53	1193
53	1224
53	1262
53	1369
53	1446
54	954
56	391
56	890
57	226
57	1000
57	1378
59	223
59	525
62	90
62	160
62	337
62	403
62	554
62	564
62	665
62	769
62	999
62	1027
62	1028
62	1108
62	1113
62	1116
62	1307
62	1340
62	1412
62	1476
63	885
63	1033
63	1468
64	1110
69	788
69	1212
69	1257
69	1320
72	978
74	976
74	1249
75	192
76	102
76	307
77	83
77	455
77	537
77	893
77	1001
77	1004
77	1030
77	1071
77	1343
78	1448
85	760
85	1218
88	280
88	1418
89	111
89	241
89	407
89	511
89	560
89	597
89	619
89	694
89	807
89	845
89	1089
89	1216
89	1228
89	1361
89	1387
90	403
90	564
90	1340
90	1476
95	208
97	1393
98	146
98	188
98	192
98	351
98	363
98	467
98	468
98	477
98	499
98	507
98	515
98	561
98	617
98	627
98	762
98	1009
98	1011
98	1038
98	1093
98	1109
98	1143
98	1152
98	1176
98	1261
98	1282
100	1428
102	307
102	589
104	442
104	1144
106	294
108	172
110	170
110	185
110	215
110	248
110	359
110	577
110	806
110	839
110	934
110	1068
110	1176
110	1182
110	1287
110	1360
110	1425
111	241
111	511
111	560
111	597
111	619
111	694
111	807
111	845
111	1089
111	1216
111	1228
111	1361
111	1387
112	319
112	400
112	480
112	517
112	637
112	909
112	1193
112	1224
112	1262
112	1369
112	1446
115	362
115	1393
117	259
117	497
118	1206
121	1406
124	269
124	277
124	283
124	488
124	650
124	1106
124	1267
124	1422
127	406
128	874
132	676
134	174
134	393
134	1117
134	1159
136	230
136	652
136	795
136	965
139	668
142	151
142	318
142	551
142	613
142	863
142	1067
146	170
146	188
146	192
146	215
146	248
146	339
146	351
146	363
146	467
146	499
146	507
146	515
146	561
146	617
146	627
146	705
146	762
146	895
146	900
146	911
146	927
146	1009
146	1011
146	1032
146	1038
146	1079
146	1093
146	1109
146	1143
146	1152
146	1176
146	1214
146	1261
146	1282
146	1287
146	1322
146	1383
151	318
151	551
151	613
151	863
151	1067
153	1417
154	228
154	510
154	665
154	918
154	1028
154	1097
156	261
156	322
156	361
156	736
156	882
156	964
156	1020
156	1127
156	1201
156	1301
157	259
157	393
157	425
157	606
157	674
157	809
157	910
157	915
157	968
157	1177
157	1427
160	337
160	522
160	564
160	665
160	1006
160	1113
160	1340
160	1476
162	265
162	455
162	1001
162	1356
163	1256
164	575
164	1211
164	1230
165	446
165	455
165	745
165	1140
165	1391
165	1417
168	198
168	474
168	484
168	626
168	634
168	1090
168	1328
168	1330
170	192
170	215
170	246
170	248
170	323
170	359
170	372
170	411
170	505
170	561
170	573
170	577
170	705
170	749
170	806
170	875
170	895
170	900
170	911
170	934
170	936
170	943
170	993
170	1032
170	1068
170	1103
170	1117
170	1121
170	1143
170	1217
170	1254
170	1282
170	1287
170	1316
170	1341
170	1360
170	1389
170	1392
170	1407
170	1462
171	1016
174	246
174	255
174	259
174	372
174	393
174	425
174	647
174	674
174	809
174	880
174	891
174	895
174	896
174	900
174	956
174	1012
174	1117
174	1159
174	1177
174	1254
174	1261
174	1282
174	1316
174	1333
174	1370
174	1392
174	1407
174	1427
175	630
175	1407
183	1171
185	248
185	550
185	558
185	806
185	839
185	1182
185	1287
185	1360
185	1425
188	192
188	248
188	259
188	339
188	351
188	363
188	393
188	467
188	468
188	477
188	499
188	515
188	561
188	617
188	705
188	762
188	895
188	900
188	911
188	1011
188	1032
188	1038
188	1093
188	1109
188	1143
188	1152
188	1159
188	1214
188	1242
188	1261
188	1282
188	1287
188	1322
188	1360
188	1383
188	1392
188	1407
188	1414
189	693
189	1221
189	1234
189	1394
189	1404
190	254
190	988
190	1105
190	1371
191	339
192	248
192	339
192	351
192	363
192	389
192	467
192	468
192	477
192	499
192	515
192	561
192	617
192	627
192	628
192	705
192	762
192	806
192	895
192	900
192	911
192	1009
192	1011
192	1032
192	1038
192	1079
192	1093
192	1109
192	1117
192	1143
192	1152
192	1159
192	1176
192	1214
192	1243
192	1254
192	1261
192	1282
192	1287
192	1322
192	1333
192	1383
192	1407
192	1414
194	267
195	403
195	554
195	665
195	685
195	1027
195	1028
195	1403
197	1047
197	1410
197	1451
198	474
198	484
198	626
198	634
198	1328
198	1330
204	311
204	565
204	579
204	592
204	642
204	643
204	1179
204	1191
204	1269
206	346
206	489
206	679
206	1235
206	1302
206	1318
208	243
210	524
210	1114
215	248
215	323
215	359
215	411
215	573
215	577
215	749
215	806
215	875
215	934
215	936
215	1068
215	1103
215	1217
215	1236
215	1287
215	1341
215	1360
215	1389
216	722
216	840
216	1161
216	1172
216	1318
216	1458
217	912
223	387
223	461
223	546
223	1435
228	334
228	505
228	510
228	665
228	918
228	999
228	1028
228	1097
228	1116
228	1412
230	652
230	965
231	441
234	741
237	368
238	402
238	441
241	407
241	511
241	560
241	597
241	619
241	694
241	845
241	1089
241	1216
241	1228
241	1361
241	1387
246	255
246	372
246	393
246	647
246	705
246	880
246	891
246	895
246	896
246	900
246	956
246	1103
246	1117
246	1214
246	1243
246	1254
246	1282
246	1316
246	1333
246	1360
246	1370
246	1392
248	339
248	351
248	359
248	363
248	411
248	467
248	477
248	499
248	505
248	515
248	550
248	561
248	577
248	617
248	705
248	762
248	806
248	895
248	900
248	911
248	934
248	936
248	951
248	1009
248	1011
248	1021
248	1032
248	1038
248	1068
248	1073
248	1079
248	1093
248	1109
248	1143
248	1152
248	1176
248	1182
248	1214
248	1217
248	1242
248	1261
248	1282
248	1287
248	1300
248	1341
248	1360
248	1379
248	1383
248	1389
248	1392
248	1407
248	1414
248	1425
254	988
254	1105
254	1371
255	372
255	393
255	561
255	647
255	809
255	880
255	891
255	1117
255	1254
255	1316
255	1333
255	1427
257	492
259	393
259	425
259	497
259	499
259	606
259	674
259	809
259	880
259	895
259	915
259	1159
259	1177
259	1282
259	1427
260	1291
260	1328
261	322
261	361
261	736
261	882
261	964
261	1020
261	1127
261	1201
261	1301
265	455
265	1001
269	277
269	283
269	488
269	612
269	650
269	1017
269	1102
269	1106
269	1267
269	1422
270	702
273	1161
273	1318
273	1345
273	1346
273	1458
274	1252
276	395
276	687
276	746
277	283
277	488
277	612
277	1017
277	1102
277	1106
277	1267
277	1422
279	1302
279	1434
281	762
281	1109
283	488
283	612
283	650
283	1102
283	1106
283	1267
283	1372
283	1422
287	461
287	750
287	832
289	317
289	824
289	861
289	1011
289	1109
289	1311
289	1456
290	568
290	821
290	872
290	881
291	693
295	318
295	512
295	536
295	1339
302	692
302	1358
305	600
305	973
307	589
309	704
311	565
311	579
311	592
311	642
311	643
311	1179
311	1191
311	1269
313	844
314	1128
314	1477
317	824
317	861
317	1061
317	1456
318	551
318	613
318	860
318	863
318	1067
319	400
319	480
319	517
319	637
319	909
319	1193
319	1224
319	1262
319	1369
319	1446
322	361
322	736
322	882
322	964
322	1020
322	1127
322	1201
322	1208
322	1301
323	345
323	359
323	390
323	411
323	573
323	749
323	875
323	934
323	936
323	943
323	993
323	1068
323	1146
323	1300
323	1389
323	1425
323	1462
328	1002
330	381
330	650
330	745
330	1166
330	1323
334	918
336	1101
337	403
337	522
337	564
337	665
337	1113
337	1340
337	1476
339	351
339	363
339	467
339	468
339	499
339	561
339	617
339	705
339	762
339	895
339	900
339	911
339	1009
339	1011
339	1032
339	1038
339	1093
339	1109
339	1143
339	1152
339	1214
339	1241
339	1261
339	1282
339	1287
339	1322
339	1392
339	1414
341	1420
345	390
345	573
345	749
345	1068
345	1389
346	489
346	679
346	1235
346	1302
346	1318
346	1391
351	363
351	467
351	499
351	507
351	515
351	561
351	617
351	627
351	628
351	705
351	762
351	895
351	911
351	927
351	1009
351	1011
351	1032
351	1038
351	1093
351	1109
351	1143
351	1176
351	1261
351	1282
351	1287
351	1392
351	1414
353	729
355	1081
355	1121
355	1436
356	1403
359	411
359	520
359	573
359	577
359	749
359	806
359	875
359	934
359	936
359	943
359	993
359	1068
359	1146
359	1287
359	1300
359	1389
359	1425
359	1462
361	736
361	882
361	1020
361	1127
361	1201
361	1208
361	1301
362	1393
363	372
363	393
363	467
363	468
363	477
363	499
363	515
363	561
363	617
363	627
363	705
363	762
363	806
363	880
363	895
363	900
363	911
363	927
363	1009
363	1011
363	1032
363	1038
363	1079
363	1093
363	1109
363	1117
363	1143
363	1152
363	1159
363	1160
363	1176
363	1214
363	1242
363	1254
363	1261
363	1282
363	1287
363	1383
363	1407
363	1414
372	393
372	522
372	647
372	705
372	806
372	809
372	880
372	891
372	895
372	896
372	900
372	936
372	956
372	1012
372	1038
372	1103
372	1109
372	1117
372	1159
372	1254
372	1261
372	1282
372	1316
372	1333
372	1360
372	1370
372	1392
372	1407
372	1414
372	1427
377	479
377	1082
378	1042
381	455
381	650
381	745
381	1166
381	1323
382	419
382	598
382	631
382	792
382	1055
387	546
387	1435
388	1439
389	628
389	806
389	1032
389	1282
390	573
390	1068
390	1389
391	890
391	1131
391	1132
391	1354
393	425
393	561
393	606
393	628
393	647
393	674
393	809
393	880
393	891
393	895
393	896
393	915
393	956
393	968
393	1012
393	1117
393	1159
393	1177
393	1254
393	1261
393	1282
393	1316
393	1333
393	1370
393	1392
393	1407
393	1427
394	777
395	687
395	746
396	474
396	476
396	1305
397	1066
400	480
400	517
400	637
400	909
400	1193
400	1224
400	1262
400	1369
400	1446
401	868
401	960
401	1081
401	1121
401	1418
401	1436
403	505
403	510
403	554
403	564
403	665
403	685
403	769
403	918
403	999
403	1027
403	1028
403	1108
403	1116
403	1307
403	1340
403	1412
403	1476
407	511
407	1387
411	573
411	577
411	749
411	875
411	934
411	936
411	943
411	993
411	1068
411	1287
411	1389
411	1425
411	1462
413	1295
417	760
417	1218
418	735
419	525
419	976
419	1009
419	1179
419	1473
422	623
425	606
425	674
425	809
425	880
425	910
425	968
425	1117
425	1159
425	1282
425	1427
426	577
436	1455
438	478
438	683
438	1281
439	505
439	582
439	1051
442	1144
446	455
446	745
446	1140
446	1391
446	1417
449	908
455	745
455	1001
455	1026
455	1062
455	1140
455	1323
455	1391
455	1417
456	525
461	525
461	832
461	932
464	948
467	477
467	499
467	507
467	515
467	561
467	617
467	627
467	628
467	705
467	762
467	806
467	895
467	900
467	911
467	927
467	1009
467	1011
467	1032
467	1038
467	1079
467	1093
467	1109
467	1143
467	1152
467	1176
467	1214
467	1242
467	1261
467	1282
467	1287
467	1383
467	1407
467	1414
468	477
468	499
468	561
468	762
468	820
468	900
468	1011
468	1093
468	1109
468	1152
468	1242
468	1261
474	484
474	626
474	634
474	1090
474	1328
474	1330
476	1305
477	499
477	617
477	762
477	1011
477	1032
477	1038
477	1093
477	1109
477	1152
477	1214
477	1242
477	1261
478	683
478	996
478	1035
478	1281
478	1293
480	517
480	637
480	909
480	1193
480	1224
480	1262
480	1369
480	1446
484	626
484	634
484	1090
484	1328
484	1330
488	612
488	650
488	1017
488	1106
488	1267
488	1372
488	1422
489	679
489	1235
489	1302
489	1318
489	1391
491	725
493	822
496	514
496	854
496	952
496	1008
497	895
497	1093
497	1282
499	507
499	515
499	561
499	617
499	627
499	628
499	705
499	762
499	806
499	880
499	895
499	900
499	911
499	968
499	973
499	1009
499	1011
499	1032
499	1038
499	1079
499	1093
499	1109
499	1143
499	1152
499	1159
499	1176
499	1214
499	1242
499	1261
499	1282
499	1287
499	1360
499	1383
499	1407
499	1414
505	510
505	522
505	580
505	665
505	806
505	918
505	936
505	999
505	1282
505	1287
505	1341
505	1392
507	561
507	617
507	762
507	1009
507	1038
507	1109
507	1176
507	1242
507	1282
510	665
510	866
510	918
510	999
510	1028
510	1097
510	1116
511	560
511	597
511	619
511	694
511	807
511	845
511	1089
511	1216
511	1228
511	1361
511	1387
512	737
512	860
512	1339
514	854
514	952
514	1008
515	561
515	617
515	627
515	705
515	762
515	809
515	895
515	900
515	1011
515	1032
515	1038
515	1093
515	1109
515	1117
515	1143
515	1152
515	1176
515	1242
515	1261
515	1282
515	1287
515	1392
515	1407
515	1427
517	637
517	909
517	1193
517	1224
517	1262
517	1369
517	1446
520	577
520	934
521	730
522	550
522	582
522	806
522	1029
522	1117
522	1356
522	1476
524	1114
525	695
525	832
525	932
525	1296
527	1016
527	1271
535	920
536	874
536	1237
537	1071
546	1010
546	1332
546	1435
547	762
547	1261
550	1117
550	1182
550	1282
551	613
551	863
551	1067
554	564
554	665
554	685
554	769
554	1027
554	1028
554	1108
554	1307
554	1340
554	1412
554	1443
554	1476
558	1360
560	597
560	619
560	694
560	807
560	845
560	1089
560	1216
560	1228
560	1361
560	1387
561	617
561	627
561	705
561	762
561	806
561	880
561	895
561	900
561	911
561	927
561	1009
561	1011
561	1032
561	1038
561	1079
561	1093
561	1109
561	1117
561	1143
561	1152
561	1160
561	1176
561	1214
561	1242
561	1261
561	1282
561	1287
561	1322
561	1383
561	1392
561	1407
561	1414
564	665
564	769
564	999
564	1027
564	1028
564	1108
564	1116
564	1340
564	1412
564	1476
565	579
565	592
565	642
565	643
565	1179
565	1191
565	1269
568	821
572	1465
573	749
573	934
573	936
573	943
573	1068
573	1360
573	1389
575	1211
575	1230
577	875
577	934
577	993
577	1068
577	1093
577	1232
577	1287
577	1389
579	592
579	642
579	643
579	1179
579	1191
579	1269
582	754
584	1291
587	631
592	642
592	643
592	1179
592	1191
592	1269
594	1123
594	1382
597	619
597	694
597	807
597	845
597	1089
597	1216
597	1228
597	1387
598	631
598	792
598	932
600	973
603	663
604	932
604	1096
606	674
606	809
606	874
606	915
606	1159
606	1177
606	1282
606	1427
612	1017
612	1102
612	1106
613	863
613	1067
616	641
616	744
617	627
617	705
617	762
617	895
617	911
617	1009
617	1011
617	1032
617	1038
617	1079
617	1093
617	1109
617	1143
617	1176
617	1242
617	1261
617	1282
617	1287
617	1383
617	1407
617	1414
619	694
619	845
619	1089
619	1216
619	1228
619	1361
619	1387
626	634
626	1328
626	1330
627	705
627	762
627	806
627	861
627	895
627	900
627	911
627	1009
627	1011
627	1032
627	1038
627	1079
627	1093
627	1109
627	1143
627	1176
627	1261
627	1282
627	1287
627	1336
627	1383
627	1407
627	1414
628	806
628	895
628	1093
628	1117
628	1143
628	1261
628	1282
628	1287
628	1407
630	1326
631	792
631	832
631	932
633	928
634	1090
634	1328
634	1330
637	909
637	1193
637	1224
637	1262
637	1369
637	1446
641	947
641	1183
642	643
642	1179
642	1191
642	1269
643	1191
643	1269
647	674
647	809
647	891
647	895
647	896
647	1012
647	1117
647	1159
647	1254
647	1261
647	1282
647	1316
647	1333
647	1370
647	1392
647	1407
647	1427
650	745
650	1106
650	1267
650	1323
650	1422
651	1348
652	965
657	704
657	1195
664	1218
665	685
665	769
665	866
665	918
665	999
665	1027
665	1028
665	1097
665	1108
665	1116
665	1307
665	1340
665	1412
665	1476
671	1064
674	809
674	880
674	891
674	896
674	915
674	1117
674	1159
674	1177
674	1254
674	1261
674	1282
674	1316
674	1333
674	1427
679	1235
679	1302
679	1318
679	1391
683	693
683	831
683	996
683	1035
683	1281
683	1293
685	1027
685	1028
685	1403
685	1443
692	1358
693	1063
693	1221
693	1234
693	1394
693	1404
694	845
694	1089
694	1216
694	1228
694	1361
694	1387
695	1296
698	852
698	1295
699	1479
705	762
705	806
705	895
705	900
705	911
705	936
705	1009
705	1011
705	1021
705	1032
705	1038
705	1079
705	1093
705	1109
705	1117
705	1143
705	1152
705	1176
705	1214
705	1243
705	1254
705	1261
705	1282
705	1287
705	1316
705	1392
705	1407
707	1347
713	1150
722	840
722	1161
722	1172
722	1458
726	1475
730	735
736	882
736	964
736	1020
736	1127
736	1201
736	1301
737	1339
738	1095
744	1073
745	913
745	990
745	1140
745	1166
745	1323
745	1391
745	1417
749	934
749	936
749	943
749	993
749	1068
749	1360
749	1389
749	1462
751	1132
751	1398
753	1142
760	976
760	1023
760	1218
762	895
762	900
762	911
762	927
762	1009
762	1011
762	1032
762	1038
762	1079
762	1093
762	1109
762	1143
762	1152
762	1176
762	1214
762	1242
762	1261
762	1282
762	1287
762	1322
762	1383
762	1407
762	1414
769	918
769	1028
769	1108
769	1116
769	1340
769	1342
769	1412
769	1476
770	879
770	1069
780	1265
784	918
784	1097
787	1204
788	1212
788	1257
788	1320
792	851
792	973
805	1274
806	895
806	900
806	927
806	934
806	936
806	1009
806	1029
806	1032
806	1038
806	1068
806	1073
806	1103
806	1109
806	1117
806	1143
806	1176
806	1217
806	1261
806	1282
806	1287
806	1360
806	1379
806	1383
806	1392
806	1407
806	1414
807	1361
807	1387
809	880
809	895
809	896
809	1117
809	1159
809	1177
809	1254
809	1282
809	1316
809	1333
809	1392
809	1407
809	1427
821	872
821	881
824	861
824	1456
831	1281
832	932
832	1302
839	1176
839	1182
839	1425
840	1161
840	1172
840	1458
845	1089
845	1216
845	1228
845	1361
845	1387
851	1415
852	1295
854	1008
860	1062
860	1067
860	1339
861	1061
861	1456
863	1067
866	999
868	960
868	1418
874	1147
874	1237
875	934
875	936
875	993
875	1068
875	1287
875	1389
879	1069
880	895
880	896
880	900
880	956
880	1117
880	1159
880	1254
880	1261
880	1282
880	1287
880	1316
880	1336
880	1392
880	1407
880	1427
882	964
882	1020
882	1127
882	1201
882	1301
884	1198
885	1033
885	1468
887	1276
890	1131
890	1132
890	1354
891	896
891	1012
891	1109
891	1117
891	1254
891	1282
891	1316
891	1333
891	1370
895	896
895	900
895	911
895	1009
895	1011
895	1032
895	1038
895	1079
895	1093
895	1109
895	1117
895	1143
895	1160
895	1176
895	1214
895	1243
895	1254
895	1261
895	1282
895	1287
895	1316
895	1333
895	1360
895	1370
895	1383
895	1392
895	1407
895	1414
895	1427
896	900
896	1012
896	1117
896	1159
896	1243
896	1254
896	1261
896	1282
896	1316
896	1333
896	1336
896	1392
896	1407
896	1427
900	911
900	1011
900	1032
900	1038
900	1093
900	1103
900	1109
900	1117
900	1143
900	1152
900	1176
900	1214
900	1242
900	1243
900	1254
900	1261
900	1282
900	1287
900	1316
900	1336
900	1383
900	1392
900	1407
900	1414
902	1085
909	1193
909	1224
909	1262
909	1369
909	1446
910	968
910	1261
911	927
911	932
911	1009
911	1011
911	1032
911	1038
911	1079
911	1093
911	1109
911	1143
911	1152
911	1160
911	1176
911	1214
911	1261
911	1282
911	1287
911	1322
911	1383
911	1407
911	1414
912	939
913	1026
913	1417
915	932
915	1055
915	1177
915	1302
918	999
918	1028
918	1097
918	1108
918	1116
918	1412
920	1324
922	1485
927	1011
927	1032
927	1038
927	1109
927	1143
927	1160
927	1261
927	1282
927	1287
927	1407
930	1424
930	1431
932	1055
932	1302
934	936
934	943
934	993
934	1068
934	1287
934	1300
934	1341
934	1360
934	1389
934	1462
936	943
936	993
936	1011
936	1068
936	1103
936	1117
936	1146
936	1286
936	1287
936	1341
936	1360
936	1389
936	1462
942	1265
943	993
943	1068
943	1146
943	1389
943	1462
947	1295
947	1392
951	1152
953	1309
956	1117
956	1254
956	1261
956	1282
956	1316
956	1360
956	1370
960	1418
964	1020
964	1127
964	1201
968	1261
968	1282
976	1179
976	1288
976	1403
983	1390
987	1220
988	1105
988	1371
990	1417
992	1281
993	1068
993	1389
993	1462
996	1281
996	1293
999	1028
999	1412
1000	1378
1001	1071
1002	1200
1009	1011
1009	1032
1009	1038
1009	1093
1009	1109
1009	1143
1009	1152
1009	1176
1009	1214
1009	1242
1009	1261
1009	1282
1009	1287
1009	1383
1009	1407
1009	1414
1010	1332
1011	1032
1011	1038
1011	1061
1011	1079
1011	1093
1011	1109
1011	1117
1011	1143
1011	1152
1011	1176
1011	1214
1011	1242
1011	1243
1011	1261
1011	1282
1011	1287
1011	1383
1011	1392
1011	1407
1011	1414
1012	1109
1012	1117
1012	1254
1012	1261
1012	1282
1012	1316
1012	1392
1012	1396
1012	1407
1017	1102
1017	1106
1020	1127
1020	1175
1020	1201
1021	1287
1023	1218
1026	1417
1027	1028
1027	1108
1027	1116
1027	1412
1027	1476
1028	1097
1028	1108
1028	1116
1028	1307
1028	1340
1028	1342
1028	1412
1028	1476
1029	1282
1029	1407
1032	1038
1032	1079
1032	1093
1032	1109
1032	1117
1032	1143
1032	1152
1032	1176
1032	1214
1032	1242
1032	1261
1032	1282
1032	1287
1032	1360
1032	1383
1032	1407
1032	1414
1033	1468
1035	1131
1035	1281
1035	1293
1038	1079
1038	1093
1038	1109
1038	1117
1038	1143
1038	1152
1038	1160
1038	1176
1038	1214
1038	1242
1038	1243
1038	1261
1038	1282
1038	1287
1038	1322
1038	1383
1038	1407
1038	1414
1043	1365
1045	1111
1047	1410
1047	1451
1050	1391
1051	1200
1052	1055
1055	1302
1062	1280
1062	1440
1063	1221
1063	1234
1063	1394
1064	1212
1064	1257
1068	1146
1068	1287
1068	1300
1068	1360
1068	1389
1068	1425
1068	1462
1073	1287
1079	1093
1079	1109
1079	1143
1079	1176
1079	1214
1079	1261
1079	1282
1079	1287
1079	1383
1079	1407
1081	1121
1081	1379
1081	1436
1085	1149
1089	1216
1089	1228
1089	1387
1090	1328
1090	1330
1091	1420
1093	1109
1093	1143
1093	1152
1093	1176
1093	1214
1093	1242
1093	1261
1093	1282
1093	1287
1093	1407
1093	1414
1097	1116
1102	1106
1102	1422
1103	1117
1103	1243
1103	1254
1103	1316
1103	1333
1103	1360
1103	1389
1105	1371
1106	1267
1106	1422
1108	1116
1108	1340
1108	1342
1108	1412
1108	1476
1109	1117
1109	1143
1109	1152
1109	1176
1109	1214
1109	1242
1109	1243
1109	1254
1109	1261
1109	1282
1109	1287
1109	1316
1109	1322
1109	1383
1109	1392
1109	1407
1109	1414
1113	1476
1116	1209
1116	1307
1116	1342
1116	1412
1116	1476
1117	1143
1117	1159
1117	1217
1117	1243
1117	1254
1117	1261
1117	1282
1117	1287
1117	1316
1117	1333
1117	1336
1117	1360
1117	1370
1117	1392
1117	1407
1117	1414
1117	1427
1121	1436
1123	1382
1127	1201
1127	1208
1127	1301
1128	1477
1131	1354
1132	1354
1134	1296
1136	1479
1140	1391
1140	1417
1143	1152
1143	1176
1143	1214
1143	1241
1143	1242
1143	1261
1143	1282
1143	1287
1143	1383
1143	1407
1143	1414
1146	1389
1146	1462
1152	1176
1152	1214
1152	1242
1152	1261
1152	1282
1152	1287
1152	1383
1152	1396
1159	1177
1159	1254
1159	1261
1159	1282
1159	1316
1159	1333
1159	1427
1160	1261
1160	1282
1161	1172
1161	1318
1161	1345
1161	1346
1161	1458
1166	1323
1172	1318
1172	1458
1176	1214
1176	1242
1176	1261
1176	1282
1176	1287
1176	1383
1176	1392
1176	1407
1177	1282
1177	1427
1179	1191
1179	1269
1179	1288
1179	1403
1182	1300
1182	1425
1188	1207
1191	1269
1193	1224
1193	1262
1193	1369
1193	1446
1194	1239
1201	1208
1201	1301
1211	1230
1212	1257
1212	1320
1214	1261
1214	1282
1214	1287
1214	1316
1214	1383
1214	1392
1216	1228
1216	1361
1216	1387
1217	1360
1221	1234
1221	1394
1221	1404
1224	1262
1224	1369
1224	1446
1225	1362
1225	1391
1228	1387
1233	1367
1234	1394
1234	1404
1235	1302
1235	1318
1235	1391
1241	1261
1242	1261
1242	1282
1242	1287
1242	1383
1243	1254
1243	1261
1243	1282
1243	1316
1243	1333
1243	1360
1243	1370
1243	1392
1243	1407
1254	1261
1254	1282
1254	1316
1254	1333
1254	1360
1254	1370
1254	1392
1254	1407
1257	1320
1261	1282
1261	1287
1261	1316
1261	1370
1261	1383
1261	1392
1261	1407
1261	1414
1261	1427
1262	1369
1262	1446
1267	1372
1267	1422
1281	1293
1282	1287
1282	1316
1282	1333
1282	1360
1282	1370
1282	1383
1282	1392
1282	1407
1282	1414
1282	1427
1283	1294
1286	1462
1287	1341
1287	1360
1287	1379
1287	1383
1287	1389
1287	1392
1287	1407
1287	1414
1290	1357
1295	1302
1296	1417
1300	1360
1300	1389
1300	1425
1302	1318
1302	1391
1307	1412
1307	1476
1316	1333
1316	1370
1316	1392
1316	1427
1318	1345
1318	1346
1318	1458
1328	1330
1332	1466
1333	1370
1333	1392
1333	1407
1336	1392
1340	1412
1340	1476
1341	1389
1341	1462
1345	1346
1345	1458
1346	1458
1360	1370
1360	1389
1360	1392
1360	1425
1361	1387
1369	1446
1370	1407
1383	1407
1389	1425
1389	1462
1391	1417
1392	1407
1392	1427
1394	1404
1407	1414
1410	1451
1412	1476
1424	1431
1290	0
1357	0
988	1
1105	1
1371	1
384	2
616	2
641	2
947	2
22	3
527	3
1016	3
189	5
693	5
1221	5
1234	5
1394	5
1404	5
1010	9
1043	10
1365	10
33	13
1188	13
1207	13
170	16
192	16
351	16
355	16
372	16
467	16
806	16
895	16
1081	16
1121	16
1176	16
1282	16
1407	16
1436	16
1034	17
1163	19
1353	21
527	22
1016	22
976	23
1179	23
97	24
115	24
362	24
1393	24
536	28
874	28
1035	28
1062	28
1237	28
46	30
110	30
170	30
215	30
229	30
248	30
323	30
359	30
411	30
573	30
577	30
749	30
875	30
934	30
936	30
943	30
993	30
1068	30
1103	30
1236	30
1287	30
1300	30
1360	30
1370	30
1389	30
1425	30
1462	30
1274	31
1188	33
1207	33
534	34
62	35
160	35
337	35
403	35
522	35
554	35
564	35
665	35
1006	35
1113	35
1340	35
1476	35
52	36
98	36
146	36
188	36
192	36
248	36
339	36
363	36
467	36
468	36
477	36
499	36
507	36
515	36
561	36
617	36
627	36
705	36
762	36
895	36
900	36
911	36
927	36
1009	36
1011	36
1032	36
1038	36
1093	36
1109	36
1143	36
1152	36
1176	36
1214	36
1242	36
1261	36
1282	36
1287	36
1383	36
156	39
261	39
322	39
361	39
736	39
882	39
964	39
1020	39
1127	39
1201	39
1208	39
1301	39
396	40
476	40
1305	40
1485	41
208	45
110	46
146	46
170	46
185	46
192	46
215	46
248	46
323	46
351	46
359	46
363	46
467	46
499	46
505	46
515	46
550	46
561	46
577	46
617	46
627	46
762	46
806	46
895	46
900	46
911	46
934	46
936	46
1009	46
1011	46
1032	46
1038	46
1068	46
1073	46
1081	46
1093	46
1103	46
1109	46
1117	46
1152	46
1176	46
1217	46
1261	46
1282	46
1287	46
1360	46
1383	46
1389	46
1392	46
1407	46
62	47
403	47
554	47
665	47
1340	47
1476	47
920	49
1324	49
1117	50
1409	50
98	52
188	52
192	52
248	52
339	52
363	52
467	52
468	52
477	52
499	52
515	52
561	52
617	52
762	52
797	52
900	52
1009	52
1011	52
1032	52
1038	52
1093	52
1143	52
1152	52
1214	52
1242	52
1261	52
1282	52
1287	52
112	53
319	53
400	53
480	53
517	53
637	53
909	53
1193	53
1224	53
1262	53
1369	53
1446	53
954	54
391	56
890	56
226	57
1000	57
1378	57
223	59
525	59
90	62
160	62
337	62
403	62
554	62
564	62
665	62
769	62
999	62
1027	62
1028	62
1108	62
1113	62
1116	62
1307	62
1340	62
1412	62
1476	62
885	63
1033	63
1468	63
1110	64
788	69
1212	69
1257	69
1320	69
978	72
976	74
1249	74
192	75
102	76
307	76
83	77
455	77
537	77
893	77
1001	77
1004	77
1030	77
1071	77
1343	77
1448	78
760	85
1218	85
280	88
1418	88
111	89
241	89
407	89
511	89
560	89
597	89
619	89
694	89
807	89
845	89
1089	89
1216	89
1228	89
1361	89
1387	89
403	90
564	90
1340	90
1476	90
208	95
1393	97
146	98
188	98
192	98
351	98
363	98
467	98
468	98
477	98
499	98
507	98
515	98
561	98
617	98
627	98
762	98
1009	98
1011	98
1038	98
1093	98
1109	98
1143	98
1152	98
1176	98
1261	98
1282	98
1428	100
307	102
589	102
442	104
1144	104
294	106
172	108
170	110
185	110
215	110
248	110
359	110
577	110
806	110
839	110
934	110
1068	110
1176	110
1182	110
1287	110
1360	110
1425	110
241	111
511	111
560	111
597	111
619	111
694	111
807	111
845	111
1089	111
1216	111
1228	111
1361	111
1387	111
319	112
400	112
480	112
517	112
637	112
909	112
1193	112
1224	112
1262	112
1369	112
1446	112
362	115
1393	115
259	117
497	117
1206	118
1406	121
269	124
277	124
283	124
488	124
650	124
1106	124
1267	124
1422	124
406	127
874	128
676	132
174	134
393	134
1117	134
1159	134
230	136
652	136
795	136
965	136
668	139
151	142
318	142
551	142
613	142
863	142
1067	142
170	146
188	146
192	146
215	146
248	146
339	146
351	146
363	146
467	146
499	146
507	146
515	146
561	146
617	146
627	146
705	146
762	146
895	146
900	146
911	146
927	146
1009	146
1011	146
1032	146
1038	146
1079	146
1093	146
1109	146
1143	146
1152	146
1176	146
1214	146
1261	146
1282	146
1287	146
1322	146
1383	146
318	151
551	151
613	151
863	151
1067	151
1417	153
228	154
510	154
665	154
918	154
1028	154
1097	154
261	156
322	156
361	156
736	156
882	156
964	156
1020	156
1127	156
1201	156
1301	156
259	157
393	157
425	157
606	157
674	157
809	157
910	157
915	157
968	157
1177	157
1427	157
337	160
522	160
564	160
665	160
1006	160
1113	160
1340	160
1476	160
265	162
455	162
1001	162
1356	162
1256	163
575	164
1211	164
1230	164
446	165
455	165
745	165
1140	165
1391	165
1417	165
198	168
474	168
484	168
626	168
634	168
1090	168
1328	168
1330	168
192	170
215	170
246	170
248	170
323	170
359	170
372	170
411	170
505	170
561	170
573	170
577	170
705	170
749	170
806	170
875	170
895	170
900	170
911	170
934	170
936	170
943	170
993	170
1032	170
1068	170
1103	170
1117	170
1121	170
1143	170
1217	170
1254	170
1282	170
1287	170
1316	170
1341	170
1360	170
1389	170
1392	170
1407	170
1462	170
1016	171
246	174
255	174
259	174
372	174
393	174
425	174
647	174
674	174
809	174
880	174
891	174
895	174
896	174
900	174
956	174
1012	174
1117	174
1159	174
1177	174
1254	174
1261	174
1282	174
1316	174
1333	174
1370	174
1392	174
1407	174
1427	174
630	175
1407	175
1171	183
248	185
550	185
558	185
806	185
839	185
1182	185
1287	185
1360	185
1425	185
192	188
248	188
259	188
339	188
351	188
363	188
393	188
467	188
468	188
477	188
499	188
515	188
561	188
617	188
705	188
762	188
895	188
900	188
911	188
1011	188
1032	188
1038	188
1093	188
1109	188
1143	188
1152	188
1159	188
1214	188
1242	188
1261	188
1282	188
1287	188
1322	188
1360	188
1383	188
1392	188
1407	188
1414	188
693	189
1221	189
1234	189
1394	189
1404	189
254	190
988	190
1105	190
1371	190
339	191
248	192
339	192
351	192
363	192
389	192
467	192
468	192
477	192
499	192
515	192
561	192
617	192
627	192
628	192
705	192
762	192
806	192
895	192
900	192
911	192
1009	192
1011	192
1032	192
1038	192
1079	192
1093	192
1109	192
1117	192
1143	192
1152	192
1159	192
1176	192
1214	192
1243	192
1254	192
1261	192
1282	192
1287	192
1322	192
1333	192
1383	192
1407	192
1414	192
267	194
403	195
554	195
665	195
685	195
1027	195
1028	195
1403	195
1047	197
1410	197
1451	197
474	198
484	198
626	198
634	198
1328	198
1330	198
311	204
565	204
579	204
592	204
642	204
643	204
1179	204
1191	204
1269	204
346	206
489	206
679	206
1235	206
1302	206
1318	206
243	208
524	210
1114	210
248	215
323	215
359	215
411	215
573	215
577	215
749	215
806	215
875	215
934	215
936	215
1068	215
1103	215
1217	215
1236	215
1287	215
1341	215
1360	215
1389	215
722	216
840	216
1161	216
1172	216
1318	216
1458	216
912	217
387	223
461	223
546	223
1435	223
334	228
505	228
510	228
665	228
918	228
999	228
1028	228
1097	228
1116	228
1412	228
652	230
965	230
441	231
741	234
368	237
402	238
441	238
407	241
511	241
560	241
597	241
619	241
694	241
845	241
1089	241
1216	241
1228	241
1361	241
1387	241
255	246
372	246
393	246
647	246
705	246
880	246
891	246
895	246
896	246
900	246
956	246
1103	246
1117	246
1214	246
1243	246
1254	246
1282	246
1316	246
1333	246
1360	246
1370	246
1392	246
339	248
351	248
359	248
363	248
411	248
467	248
477	248
499	248
505	248
515	248
550	248
561	248
577	248
617	248
705	248
762	248
806	248
895	248
900	248
911	248
934	248
936	248
951	248
1009	248
1011	248
1021	248
1032	248
1038	248
1068	248
1073	248
1079	248
1093	248
1109	248
1143	248
1152	248
1176	248
1182	248
1214	248
1217	248
1242	248
1261	248
1282	248
1287	248
1300	248
1341	248
1360	248
1379	248
1383	248
1389	248
1392	248
1407	248
1414	248
1425	248
988	254
1105	254
1371	254
372	255
393	255
561	255
647	255
809	255
880	255
891	255
1117	255
1254	255
1316	255
1333	255
1427	255
492	257
393	259
425	259
497	259
499	259
606	259
674	259
809	259
880	259
895	259
915	259
1159	259
1177	259
1282	259
1427	259
1291	260
1328	260
322	261
361	261
736	261
882	261
964	261
1020	261
1127	261
1201	261
1301	261
455	265
1001	265
277	269
283	269
488	269
612	269
650	269
1017	269
1102	269
1106	269
1267	269
1422	269
702	270
1161	273
1318	273
1345	273
1346	273
1458	273
1252	274
395	276
687	276
746	276
283	277
488	277
612	277
1017	277
1102	277
1106	277
1267	277
1422	277
1302	279
1434	279
762	281
1109	281
488	283
612	283
650	283
1102	283
1106	283
1267	283
1372	283
1422	283
461	287
750	287
832	287
317	289
824	289
861	289
1011	289
1109	289
1311	289
1456	289
568	290
821	290
872	290
881	290
693	291
318	295
512	295
536	295
1339	295
692	302
1358	302
600	305
973	305
589	307
704	309
565	311
579	311
592	311
642	311
643	311
1179	311
1191	311
1269	311
844	313
1128	314
1477	314
824	317
861	317
1061	317
1456	317
551	318
613	318
860	318
863	318
1067	318
400	319
480	319
517	319
637	319
909	319
1193	319
1224	319
1262	319
1369	319
1446	319
361	322
736	322
882	322
964	322
1020	322
1127	322
1201	322
1208	322
1301	322
345	323
359	323
390	323
411	323
573	323
749	323
875	323
934	323
936	323
943	323
993	323
1068	323
1146	323
1300	323
1389	323
1425	323
1462	323
1002	328
381	330
650	330
745	330
1166	330
1323	330
918	334
1101	336
403	337
522	337
564	337
665	337
1113	337
1340	337
1476	337
351	339
363	339
467	339
468	339
499	339
561	339
617	339
705	339
762	339
895	339
900	339
911	339
1009	339
1011	339
1032	339
1038	339
1093	339
1109	339
1143	339
1152	339
1214	339
1241	339
1261	339
1282	339
1287	339
1322	339
1392	339
1414	339
1420	341
390	345
573	345
749	345
1068	345
1389	345
489	346
679	346
1235	346
1302	346
1318	346
1391	346
363	351
467	351
499	351
507	351
515	351
561	351
617	351
627	351
628	351
705	351
762	351
895	351
911	351
927	351
1009	351
1011	351
1032	351
1038	351
1093	351
1109	351
1143	351
1176	351
1261	351
1282	351
1287	351
1392	351
1414	351
729	353
1081	355
1121	355
1436	355
1403	356
411	359
520	359
573	359
577	359
749	359
806	359
875	359
934	359
936	359
943	359
993	359
1068	359
1146	359
1287	359
1300	359
1389	359
1425	359
1462	359
736	361
882	361
1020	361
1127	361
1201	361
1208	361
1301	361
1393	362
372	363
393	363
467	363
468	363
477	363
499	363
515	363
561	363
617	363
627	363
705	363
762	363
806	363
880	363
895	363
900	363
911	363
927	363
1009	363
1011	363
1032	363
1038	363
1079	363
1093	363
1109	363
1117	363
1143	363
1152	363
1159	363
1160	363
1176	363
1214	363
1242	363
1254	363
1261	363
1282	363
1287	363
1383	363
1407	363
1414	363
393	372
522	372
647	372
705	372
806	372
809	372
880	372
891	372
895	372
896	372
900	372
936	372
956	372
1012	372
1038	372
1103	372
1109	372
1117	372
1159	372
1254	372
1261	372
1282	372
1316	372
1333	372
1360	372
1370	372
1392	372
1407	372
1414	372
1427	372
479	377
1082	377
1042	378
455	381
650	381
745	381
1166	381
1323	381
419	382
598	382
631	382
792	382
1055	382
546	387
1435	387
1439	388
628	389
806	389
1032	389
1282	389
573	390
1068	390
1389	390
890	391
1131	391
1132	391
1354	391
425	393
561	393
606	393
628	393
647	393
674	393
809	393
880	393
891	393
895	393
896	393
915	393
956	393
968	393
1012	393
1117	393
1159	393
1177	393
1254	393
1261	393
1282	393
1316	393
1333	393
1370	393
1392	393
1407	393
1427	393
777	394
687	395
746	395
474	396
476	396
1305	396
1066	397
480	400
517	400
637	400
909	400
1193	400
1224	400
1262	400
1369	400
1446	400
868	401
960	401
1081	401
1121	401
1418	401
1436	401
505	403
510	403
554	403
564	403
665	403
685	403
769	403
918	403
999	403
1027	403
1028	403
1108	403
1116	403
1307	403
1340	403
1412	403
1476	403
511	407
1387	407
573	411
577	411
749	411
875	411
934	411
936	411
943	411
993	411
1068	411
1287	411
1389	411
1425	411
1462	411
1295	413
760	417
1218	417
735	418
525	419
976	419
1009	419
1179	419
1473	419
623	422
606	425
674	425
809	425
880	425
910	425
968	425
1117	425
1159	425
1282	425
1427	425
577	426
1455	436
478	438
683	438
1281	438
505	439
582	439
1051	439
1144	442
455	446
745	446
1140	446
1391	446
1417	446
908	449
745	455
1001	455
1026	455
1062	455
1140	455
1323	455
1391	455
1417	455
525	456
525	461
832	461
932	461
948	464
477	467
499	467
507	467
515	467
561	467
617	467
627	467
628	467
705	467
762	467
806	467
895	467
900	467
911	467
927	467
1009	467
1011	467
1032	467
1038	467
1079	467
1093	467
1109	467
1143	467
1152	467
1176	467
1214	467
1242	467
1261	467
1282	467
1287	467
1383	467
1407	467
1414	467
477	468
499	468
561	468
762	468
820	468
900	468
1011	468
1093	468
1109	468
1152	468
1242	468
1261	468
484	474
626	474
634	474
1090	474
1328	474
1330	474
1305	476
499	477
617	477
762	477
1011	477
1032	477
1038	477
1093	477
1109	477
1152	477
1214	477
1242	477
1261	477
683	478
996	478
1035	478
1281	478
1293	478
517	480
637	480
909	480
1193	480
1224	480
1262	480
1369	480
1446	480
626	484
634	484
1090	484
1328	484
1330	484
612	488
650	488
1017	488
1106	488
1267	488
1372	488
1422	488
679	489
1235	489
1302	489
1318	489
1391	489
725	491
822	493
514	496
854	496
952	496
1008	496
895	497
1093	497
1282	497
507	499
515	499
561	499
617	499
627	499
628	499
705	499
762	499
806	499
880	499
895	499
900	499
911	499
968	499
973	499
1009	499
1011	499
1032	499
1038	499
1079	499
1093	499
1109	499
1143	499
1152	499
1159	499
1176	499
1214	499
1242	499
1261	499
1282	499
1287	499
1360	499
1383	499
1407	499
1414	499
510	505
522	505
580	505
665	505
806	505
918	505
936	505
999	505
1282	505
1287	505
1341	505
1392	505
561	507
617	507
762	507
1009	507
1038	507
1109	507
1176	507
1242	507
1282	507
665	510
866	510
918	510
999	510
1028	510
1097	510
1116	510
560	511
597	511
619	511
694	511
807	511
845	511
1089	511
1216	511
1228	511
1361	511
1387	511
737	512
860	512
1339	512
854	514
952	514
1008	514
561	515
617	515
627	515
705	515
762	515
809	515
895	515
900	515
1011	515
1032	515
1038	515
1093	515
1109	515
1117	515
1143	515
1152	515
1176	515
1242	515
1261	515
1282	515
1287	515
1392	515
1407	515
1427	515
637	517
909	517
1193	517
1224	517
1262	517
1369	517
1446	517
577	520
934	520
730	521
550	522
582	522
806	522
1029	522
1117	522
1356	522
1476	522
1114	524
695	525
832	525
932	525
1296	525
1016	527
1271	527
920	535
874	536
1237	536
1071	537
1010	546
1332	546
1435	546
762	547
1261	547
1117	550
1182	550
1282	550
613	551
863	551
1067	551
564	554
665	554
685	554
769	554
1027	554
1028	554
1108	554
1307	554
1340	554
1412	554
1443	554
1476	554
1360	558
597	560
619	560
694	560
807	560
845	560
1089	560
1216	560
1228	560
1361	560
1387	560
617	561
627	561
705	561
762	561
806	561
880	561
895	561
900	561
911	561
927	561
1009	561
1011	561
1032	561
1038	561
1079	561
1093	561
1109	561
1117	561
1143	561
1152	561
1160	561
1176	561
1214	561
1242	561
1261	561
1282	561
1287	561
1322	561
1383	561
1392	561
1407	561
1414	561
665	564
769	564
999	564
1027	564
1028	564
1108	564
1116	564
1340	564
1412	564
1476	564
579	565
592	565
642	565
643	565
1179	565
1191	565
1269	565
821	568
1465	572
749	573
934	573
936	573
943	573
1068	573
1360	573
1389	573
1211	575
1230	575
875	577
934	577
993	577
1068	577
1093	577
1232	577
1287	577
1389	577
592	579
642	579
643	579
1179	579
1191	579
1269	579
754	582
1291	584
631	587
642	592
643	592
1179	592
1191	592
1269	592
1123	594
1382	594
619	597
694	597
807	597
845	597
1089	597
1216	597
1228	597
1387	597
631	598
792	598
932	598
973	600
663	603
932	604
1096	604
674	606
809	606
874	606
915	606
1159	606
1177	606
1282	606
1427	606
1017	612
1102	612
1106	612
863	613
1067	613
641	616
744	616
627	617
705	617
762	617
895	617
911	617
1009	617
1011	617
1032	617
1038	617
1079	617
1093	617
1109	617
1143	617
1176	617
1242	617
1261	617
1282	617
1287	617
1383	617
1407	617
1414	617
694	619
845	619
1089	619
1216	619
1228	619
1361	619
1387	619
634	626
1328	626
1330	626
705	627
762	627
806	627
861	627
895	627
900	627
911	627
1009	627
1011	627
1032	627
1038	627
1079	627
1093	627
1109	627
1143	627
1176	627
1261	627
1282	627
1287	627
1336	627
1383	627
1407	627
1414	627
806	628
895	628
1093	628
1117	628
1143	628
1261	628
1282	628
1287	628
1407	628
1326	630
792	631
832	631
932	631
928	633
1090	634
1328	634
1330	634
909	637
1193	637
1224	637
1262	637
1369	637
1446	637
947	641
1183	641
643	642
1179	642
1191	642
1269	642
1191	643
1269	643
674	647
809	647
891	647
895	647
896	647
1012	647
1117	647
1159	647
1254	647
1261	647
1282	647
1316	647
1333	647
1370	647
1392	647
1407	647
1427	647
745	650
1106	650
1267	650
1323	650
1422	650
1348	651
965	652
704	657
1195	657
1218	664
685	665
769	665
866	665
918	665
999	665
1027	665
1028	665
1097	665
1108	665
1116	665
1307	665
1340	665
1412	665
1476	665
1064	671
809	674
880	674
891	674
896	674
915	674
1117	674
1159	674
1177	674
1254	674
1261	674
1282	674
1316	674
1333	674
1427	674
1235	679
1302	679
1318	679
1391	679
693	683
831	683
996	683
1035	683
1281	683
1293	683
1027	685
1028	685
1403	685
1443	685
1358	692
1063	693
1221	693
1234	693
1394	693
1404	693
845	694
1089	694
1216	694
1228	694
1361	694
1387	694
1296	695
852	698
1295	698
1479	699
762	705
806	705
895	705
900	705
911	705
936	705
1009	705
1011	705
1021	705
1032	705
1038	705
1079	705
1093	705
1109	705
1117	705
1143	705
1152	705
1176	705
1214	705
1243	705
1254	705
1261	705
1282	705
1287	705
1316	705
1392	705
1407	705
1347	707
1150	713
840	722
1161	722
1172	722
1458	722
1475	726
735	730
882	736
964	736
1020	736
1127	736
1201	736
1301	736
1339	737
1095	738
1073	744
913	745
990	745
1140	745
1166	745
1323	745
1391	745
1417	745
934	749
936	749
943	749
993	749
1068	749
1360	749
1389	749
1462	749
1132	751
1398	751
1142	753
976	760
1023	760
1218	760
895	762
900	762
911	762
927	762
1009	762
1011	762
1032	762
1038	762
1079	762
1093	762
1109	762
1143	762
1152	762
1176	762
1214	762
1242	762
1261	762
1282	762
1287	762
1322	762
1383	762
1407	762
1414	762
918	769
1028	769
1108	769
1116	769
1340	769
1342	769
1412	769
1476	769
879	770
1069	770
1265	780
918	784
1097	784
1204	787
1212	788
1257	788
1320	788
851	792
973	792
1274	805
895	806
900	806
927	806
934	806
936	806
1009	806
1029	806
1032	806
1038	806
1068	806
1073	806
1103	806
1109	806
1117	806
1143	806
1176	806
1217	806
1261	806
1282	806
1287	806
1360	806
1379	806
1383	806
1392	806
1407	806
1414	806
1361	807
1387	807
880	809
895	809
896	809
1117	809
1159	809
1177	809
1254	809
1282	809
1316	809
1333	809
1392	809
1407	809
1427	809
872	821
881	821
861	824
1456	824
1281	831
932	832
1302	832
1176	839
1182	839
1425	839
1161	840
1172	840
1458	840
1089	845
1216	845
1228	845
1361	845
1387	845
1415	851
1295	852
1008	854
1062	860
1067	860
1339	860
1061	861
1456	861
1067	863
999	866
960	868
1418	868
1147	874
1237	874
934	875
936	875
993	875
1068	875
1287	875
1389	875
1069	879
895	880
896	880
900	880
956	880
1117	880
1159	880
1254	880
1261	880
1282	880
1287	880
1316	880
1336	880
1392	880
1407	880
1427	880
964	882
1020	882
1127	882
1201	882
1301	882
1198	884
1033	885
1468	885
1276	887
1131	890
1132	890
1354	890
896	891
1012	891
1109	891
1117	891
1254	891
1282	891
1316	891
1333	891
1370	891
896	895
900	895
911	895
1009	895
1011	895
1032	895
1038	895
1079	895
1093	895
1109	895
1117	895
1143	895
1160	895
1176	895
1214	895
1243	895
1254	895
1261	895
1282	895
1287	895
1316	895
1333	895
1360	895
1370	895
1383	895
1392	895
1407	895
1414	895
1427	895
900	896
1012	896
1117	896
1159	896
1243	896
1254	896
1261	896
1282	896
1316	896
1333	896
1336	896
1392	896
1407	896
1427	896
911	900
1011	900
1032	900
1038	900
1093	900
1103	900
1109	900
1117	900
1143	900
1152	900
1176	900
1214	900
1242	900
1243	900
1254	900
1261	900
1282	900
1287	900
1316	900
1336	900
1383	900
1392	900
1407	900
1414	900
1085	902
1193	909
1224	909
1262	909
1369	909
1446	909
968	910
1261	910
927	911
932	911
1009	911
1011	911
1032	911
1038	911
1079	911
1093	911
1109	911
1143	911
1152	911
1160	911
1176	911
1214	911
1261	911
1282	911
1287	911
1322	911
1383	911
1407	911
1414	911
939	912
1026	913
1417	913
932	915
1055	915
1177	915
1302	915
999	918
1028	918
1097	918
1108	918
1116	918
1412	918
1324	920
1485	922
1011	927
1032	927
1038	927
1109	927
1143	927
1160	927
1261	927
1282	927
1287	927
1407	927
1424	930
1431	930
1055	932
1302	932
936	934
943	934
993	934
1068	934
1287	934
1300	934
1341	934
1360	934
1389	934
1462	934
943	936
993	936
1011	936
1068	936
1103	936
1117	936
1146	936
1286	936
1287	936
1341	936
1360	936
1389	936
1462	936
1265	942
993	943
1068	943
1146	943
1389	943
1462	943
1295	947
1392	947
1152	951
1309	953
1117	956
1254	956
1261	956
1282	956
1316	956
1360	956
1370	956
1418	960
1020	964
1127	964
1201	964
1261	968
1282	968
1179	976
1288	976
1403	976
1390	983
1220	987
1105	988
1371	988
1417	990
1281	992
1068	993
1389	993
1462	993
1281	996
1293	996
1028	999
1412	999
1378	1000
1071	1001
1200	1002
1011	1009
1032	1009
1038	1009
1093	1009
1109	1009
1143	1009
1152	1009
1176	1009
1214	1009
1242	1009
1261	1009
1282	1009
1287	1009
1383	1009
1407	1009
1414	1009
1332	1010
1032	1011
1038	1011
1061	1011
1079	1011
1093	1011
1109	1011
1117	1011
1143	1011
1152	1011
1176	1011
1214	1011
1242	1011
1243	1011
1261	1011
1282	1011
1287	1011
1383	1011
1392	1011
1407	1011
1414	1011
1109	1012
1117	1012
1254	1012
1261	1012
1282	1012
1316	1012
1392	1012
1396	1012
1407	1012
1102	1017
1106	1017
1127	1020
1175	1020
1201	1020
1287	1021
1218	1023
1417	1026
1028	1027
1108	1027
1116	1027
1412	1027
1476	1027
1097	1028
1108	1028
1116	1028
1307	1028
1340	1028
1342	1028
1412	1028
1476	1028
1282	1029
1407	1029
1038	1032
1079	1032
1093	1032
1109	1032
1117	1032
1143	1032
1152	1032
1176	1032
1214	1032
1242	1032
1261	1032
1282	1032
1287	1032
1360	1032
1383	1032
1407	1032
1414	1032
1468	1033
1131	1035
1281	1035
1293	1035
1079	1038
1093	1038
1109	1038
1117	1038
1143	1038
1152	1038
1160	1038
1176	1038
1214	1038
1242	1038
1243	1038
1261	1038
1282	1038
1287	1038
1322	1038
1383	1038
1407	1038
1414	1038
1365	1043
1111	1045
1410	1047
1451	1047
1391	1050
1200	1051
1055	1052
1302	1055
1280	1062
1440	1062
1221	1063
1234	1063
1394	1063
1212	1064
1257	1064
1146	1068
1287	1068
1300	1068
1360	1068
1389	1068
1425	1068
1462	1068
1287	1073
1093	1079
1109	1079
1143	1079
1176	1079
1214	1079
1261	1079
1282	1079
1287	1079
1383	1079
1407	1079
1121	1081
1379	1081
1436	1081
1149	1085
1216	1089
1228	1089
1387	1089
1328	1090
1330	1090
1420	1091
1109	1093
1143	1093
1152	1093
1176	1093
1214	1093
1242	1093
1261	1093
1282	1093
1287	1093
1407	1093
1414	1093
1116	1097
1106	1102
1422	1102
1117	1103
1243	1103
1254	1103
1316	1103
1333	1103
1360	1103
1389	1103
1371	1105
1267	1106
1422	1106
1116	1108
1340	1108
1342	1108
1412	1108
1476	1108
1117	1109
1143	1109
1152	1109
1176	1109
1214	1109
1242	1109
1243	1109
1254	1109
1261	1109
1282	1109
1287	1109
1316	1109
1322	1109
1383	1109
1392	1109
1407	1109
1414	1109
1476	1113
1209	1116
1307	1116
1342	1116
1412	1116
1476	1116
1143	1117
1159	1117
1217	1117
1243	1117
1254	1117
1261	1117
1282	1117
1287	1117
1316	1117
1333	1117
1336	1117
1360	1117
1370	1117
1392	1117
1407	1117
1414	1117
1427	1117
1436	1121
1382	1123
1201	1127
1208	1127
1301	1127
1477	1128
1354	1131
1354	1132
1296	1134
1479	1136
1391	1140
1417	1140
1152	1143
1176	1143
1214	1143
1241	1143
1242	1143
1261	1143
1282	1143
1287	1143
1383	1143
1407	1143
1414	1143
1389	1146
1462	1146
1176	1152
1214	1152
1242	1152
1261	1152
1282	1152
1287	1152
1383	1152
1396	1152
1177	1159
1254	1159
1261	1159
1282	1159
1316	1159
1333	1159
1427	1159
1261	1160
1282	1160
1172	1161
1318	1161
1345	1161
1346	1161
1458	1161
1323	1166
1318	1172
1458	1172
1214	1176
1242	1176
1261	1176
1282	1176
1287	1176
1383	1176
1392	1176
1407	1176
1282	1177
1427	1177
1191	1179
1269	1179
1288	1179
1403	1179
1300	1182
1425	1182
1207	1188
1269	1191
1224	1193
1262	1193
1369	1193
1446	1193
1239	1194
1208	1201
1301	1201
1230	1211
1257	1212
1320	1212
1261	1214
1282	1214
1287	1214
1316	1214
1383	1214
1392	1214
1228	1216
1361	1216
1387	1216
1360	1217
1234	1221
1394	1221
1404	1221
1262	1224
1369	1224
1446	1224
1362	1225
1391	1225
1387	1228
1367	1233
1394	1234
1404	1234
1302	1235
1318	1235
1391	1235
1261	1241
1261	1242
1282	1242
1287	1242
1383	1242
1254	1243
1261	1243
1282	1243
1316	1243
1333	1243
1360	1243
1370	1243
1392	1243
1407	1243
1261	1254
1282	1254
1316	1254
1333	1254
1360	1254
1370	1254
1392	1254
1407	1254
1320	1257
1282	1261
1287	1261
1316	1261
1370	1261
1383	1261
1392	1261
1407	1261
1414	1261
1427	1261
1369	1262
1446	1262
1372	1267
1422	1267
1293	1281
1287	1282
1316	1282
1333	1282
1360	1282
1370	1282
1383	1282
1392	1282
1407	1282
1414	1282
1427	1282
1294	1283
1462	1286
1341	1287
1360	1287
1379	1287
1383	1287
1389	1287
1392	1287
1407	1287
1414	1287
1357	1290
1302	1295
1417	1296
1360	1300
1389	1300
1425	1300
1318	1302
1391	1302
1412	1307
1476	1307
1333	1316
1370	1316
1392	1316
1427	1316
1345	1318
1346	1318
1458	1318
1330	1328
1466	1332
1370	1333
1392	1333
1407	1333
1392	1336
1412	1340
1476	1340
1389	1341
1462	1341
1346	1345
1458	1345
1458	1346
1370	1360
1389	1360
1392	1360
1425	1360
1387	1361
1446	1369
1407	1370
1407	1383
1425	1389
1462	1389
1417	1391
1407	1392
1427	1392
1404	1394
1414	1407
1451	1410
1476	1412
1431	1424
