3659	4169
3519	387
3519	2912
1193	1537
1193	3880
3677	1302
3677	3037
2841	4381
2841	3400
2841	3530
2972	3557
2972	1057
2972	3841
2972	3222
2972	269
2972	2362
44	2777
2857	198
3939	3532
3939	4397
3939	4360
3939	267
3939	896
3939	4353
3399	659
3399	2796
3399	2813
3399	2594
3399	1963
2417	198
2417	2970
460	288
857	544
857	1784
857	171
857	1274
857	4381
857	318
857	1484
459	1355
459	492
2913	3907
1355	3895
2823	2462
2823	674
2823	3643
2823	3004
2823	2276
2823	1963
2082	37
2082	3134
2082	3335
659	4187
659	503
890	695
890	776
890	1963
3861	1271
3861	1938
4105	1875
1217	1537
1217	4381
3525	3153
245	3334
245	3179
245	1875
245	2718
245	4425
245	534
245	1671
245	1102
245	288
245	925
245	2503
245	2923
1422	2707
1422	3721
329	242
1518	2528
4407	65
530	786
530	4019
530	2817
530	2471
530	1985
530	1386
530	139
786	4019
786	2817
786	1985
786	1386
786	139
4019	2817
4019	2471
4019	1985
4019	1386
4019	139
2817	2471
2817	1985
2569	1947
2569	198
3297	4228
3297	4169
3297	3913
3297	1081
3297	1343
3297	1358
4228	2295
2339	4303
2553	1831
2553	2865
2553	1552
2553	3801
4262	394
4262	761
1831	2865
1831	173
394	169
190	1712
4454	1817
4454	4256
4454	4425
4454	2503
280	198
2070	2464
2070	3693
2070	347
2070	544
2070	2386
2464	3693
2464	347
2464	544
2464	2386
2464	2549
2464	748
1481	171
3693	347
3693	544
3693	2386
3693	1947
3693	244
3693	1554
347	544
347	2386
347	2549
347	3084
347	2923
629	2003
629	1623
828	3219
983	733
983	4112
793	1921
793	1378
793	1773
793	1235
793	888
1965	318
1965	3291
544	2386
544	3534
544	327
544	3476
544	3975
544	2549
544	13
544	4442
544	4025
544	840
544	1878
544	888
2386	3975
2386	4381
2805	702
3947	524
4458	3416
599	1947
599	1898
599	1736
599	3128
599	2283
599	3813
599	3457
599	2141
599	887
599	169
599	1996
599	2691
599	3804
2924	1009
589	3119
1685	731
4384	3515
4384	3729
4384	797
4107	1995
609	4248
609	1390
609	2201
609	3061
3580	62
3580	3153
987	3715
987	319
987	4425
987	3192
3152	0
429	1995
429	3192
429	197
3235	2602
3235	1583
3235	3449
2111	171
3943	841
208	739
208	683
208	2336
739	683
739	288
2189	1183
2189	2936
2189	3211
2189	3975
2189	2549
2189	1005
2189	1620
2189	622
1290	3801
2048	2350
2048	1264
2048	159
2048	4381
2048	4266
2048	1963
2048	3483
3049	575
3049	2020
3049	945
3049	4079
575	1264
2021	4445
2021	2098
2021	839
2021	65
2021	774
2667	780
2667	1003
420	4234
420	2528
420	3153
3712	1040
2403	945
2216	2057
2216	3562
2216	2602
2216	1641
2216	3482
3587	1264
2707	630
2752	380
2752	57
2752	301
1779	3665
1779	1274
1295	2680
1295	198
1295	2388
3778	3222
3778	3497
3778	2884
883	2007
3854	2936
3854	2183
3854	669
3685	503
2796	2735
2796	732
2796	237
2796	864
2796	863
2796	1126
2796	561
2796	2821
2796	4131
2796	4187
2796	3543
2796	3497
2796	1258
2796	1157
2796	1491
2796	2884
2796	3417
2796	1778
2796	1311
2796	1455
3896	933
3896	606
3896	3650
3197	4029
493	3332
477	573
3014	3220
3014	1824
3014	178
3378	1819
1947	2458
1947	2223
1947	3623
1947	3099
1947	1183
1947	3178
1947	1113
1947	2288
1947	3975
1947	2549
1947	4248
1947	684
1947	3091
1947	2262
1947	4041
1947	627
1947	1541
1947	4231
1947	2208
1947	83
1947	1010
1947	2846
1947	534
1947	1480
1947	2182
1947	636
1947	736
1947	1222
1947	1609
1947	1674
1947	1850
1947	2240
1947	2282
1947	2643
1947	2825
1947	3362
1947	3482
1947	3726
1947	3880
1947	2582
1014	3220
4039	2654
3630	18
3630	3481
3630	1031
3630	4381
2646	18
2646	2126
2646	2893
2646	1031
1195	955
1334	4360
2458	2085
3125	1540
3125	573
3125	877
3125	3448
3937	1543
3937	1040
3383	2242
3383	3872
4250	588
4250	731
4250	252
4250	4257
4250	3175
4250	3602
4250	1163
3534	1123
3534	172
3534	1144
3534	913
3534	3400
2606	4381
2462	385
2462	1492
2462	3428
2462	863
2462	1881
2665	2370
18	840
18	1031
18	3434
2126	1488
2126	1542
2126	1406
2126	2884
2126	728
2126	318
2126	4009
2824	3084
691	1123
691	762
691	2749
62	1988
2471	1985
2471	1386
2471	139
2471	1406
35	3639
1488	2195
1488	2183
1985	1386
1985	139
1985	1406
1985	1126
1985	3082
1985	888
37	2893
37	1570
37	1824
37	1797
2977	4296
2977	3281
2977	263
2977	6
2977	2708
1386	139
2949	96
2949	1549
619	2610
619	1647
619	123
619	2130
619	1620
625	2813
625	2057
625	3457
625	1144
625	528
625	804
625	2800
625	945
625	3154
625	387
625	924
625	3013
1542	4085
1542	1773
1542	627
1542	1881
1406	2654
1406	3400
3332	2830
3332	680
3332	1165
3332	3673
3332	1491
3332	29
3332	4388
3332	1010
2828	2407
2828	1264
2828	2621
2828	843
2828	3231
1552	1720
1552	3975
1552	938
884	2100
884	242
3557	1921
3557	1892
723	1573
1720	938
2830	418
2830	1165
2830	1491
2830	29
2830	4388
2830	1010
1559	3220
36	2183
36	4132
244	2735
244	869
244	1877
244	115
244	3360
244	1126
244	2549
244	3261
244	843
244	195
244	343
244	1362
244	263
244	3862
244	2416
244	3472
244	2608
244	1661
244	2727
244	1622
244	3266
244	2504
244	2582
47	2108
284	2359
284	1123
284	4296
284	3016
2735	3975
2735	3084
2735	3517
2735	1535
3444	3037
1408	3084
3662	3510
404	1875
404	683
404	929
404	2919
404	2718
404	288
404	197
2453	288
1817	3510
1817	3128
1817	731
1817	683
1817	2919
1817	621
1817	288
1817	1443
1632	669
2100	65
3045	1364
2359	4296
2298	2130
3510	1943
3510	3505
3510	1188
3510	2103
3510	288
3915	1773
1736	731
1736	3482
183	1943
183	3334
183	3128
183	440
183	900
183	2103
183	1875
183	4457
183	683
183	2426
183	534
183	288
183	2733
183	925
183	2503
183	1443
183	3446
4264	3862
886	1515
886	3408
3254	4296
3254	731
3254	945
3254	4093
4134	430
4134	242
4134	936
488	3211
3828	4390
3828	3101
976	2172
3368	2718
3368	65
3368	1480
3368	1102
3368	1848
3868	1378
3598	2057
680	29
680	4446
2370	1933
3885	3776
720	2678
720	1676
2166	259
3645	3872
3645	2387
1676	731
1676	4354
1676	2995
1676	285
1676	2222
1676	3061
1676	4353
4397	2007
4397	4427
3498	100
3498	670
2636	1921
2636	3543
2636	684
2636	856
1988	3428
1988	1773
1988	3261
1988	1876
1988	587
3832	3501
3832	648
3832	850
3832	981
3832	3220
3832	231
3501	2659
3501	4427
3501	1531
3501	3082
3501	503
3501	502
3501	2155
3501	2551
3501	3910
3967	1974
3967	2276
4261	4100
4261	3951
1270	2130
1270	2444
1270	3722
4017	1445
648	503
648	825
4377	2680
4377	198
4377	4446
4155	1057
4155	90
1057	1885
2223	532
1302	3457
1302	4389
3841	864
3841	3497
3841	1483
3841	4199
2610	1819
2610	4081
2610	123
897	1400
750	2919
1229	580
385	2873
905	2682
2702	3543
2702	3497
2702	684
23	43
4029	3315
4029	1318
4029	1885
4029	3755
4029	1515
4029	1906
4029	1377
4029	2213
4029	3719
3607	3088
327	337
363	4169
2659	662
2659	1978
850	2195
850	3872
2955	4169
2955	1515
1123	3585
1123	2383
1123	13
1123	2362
1123	568
1123	3136
3072	3400
302	4169
1184	936
115	841
115	3762
115	3596
115	472
3331	2272
2007	3222
2007	1878
732	3638
3585	3222
3585	4120
3585	3134
3585	3512
3585	4123
3585	4187
3585	3849
3585	2884
3585	4130
3585	2846
3585	2276
1087	431
734	306
3476	1978
3476	3975
3476	4248
3476	2362
3476	83
1992	3507
1992	3820
1992	2941
1992	2884
358	171
358	3512
358	445
358	3877
358	4418
358	4130
358	3253
649	3975
2893	159
3222	1264
3222	955
3222	275
3222	4187
3222	3497
3222	684
3222	1483
3222	1258
3222	1157
3222	1424
3222	1491
3222	3417
3222	3023
3222	3253
1009	155
1009	1480
1009	288
1009	520
1009	1103
1009	1343
1009	1848
1009	3446
1009	3294
4142	198
4142	4140
4142	1762
1726	1812
2295	198
2295	2362
3099	590
2005	2172
2005	3084
2005	3894
1943	3128
1943	209
1943	288
1943	2503
3505	2884
3505	3288
3505	65
972	863
972	3394
972	561
972	510
972	775
2350	3428
2350	956
2350	2821
2350	1876
2350	3101
2350	4381
2350	1881
238	1570
238	1160
4064	171
4064	352
4064	504
3359	3813
3359	2756
3359	795
1375	3820
3507	3223
3507	2498
3507	2660
3507	3025
3223	3084
3223	1364
2589	4288
2498	3820
470	1443
237	2262
237	169
237	2578
237	2883
2407	1264
2407	2621
2407	3231
2407	2908
2407	3482
1183	418
1183	843
1183	1974
1183	3253
1183	887
3515	1265
3515	2131
3515	3326
3515	795
3515	2416
3515	2745
3515	929
3515	2081
3515	2602
3515	3248
2730	4259
2730	288
3715	2923
4114	1537
417	4381
417	2871
326	1119
326	1173
326	3888
110	1173
19	1068
19	2426
19	288
19	1502
418	4329
418	1812
418	3220
418	3849
418	15
418	3136
418	673
418	2155
418	2530
418	3459
3348	458
2093	430
4413	731
2064	3037
3513	3084
3972	1264
3972	2936
3972	3762
2802	3975
717	3130
4303	3130
4303	4025
4303	1274
4303	1670
4303	4381
4303	1484
172	1878
172	4360
2649	683
2649	288
2649	1443
2649	197
1927	171
1927	561
1927	3504
1927	684
1927	3220
1927	4130
3334	3128
3334	2459
3334	2262
3334	2103
3334	2457
3334	683
3334	2766
3334	2426
3334	2718
3334	4425
3334	534
3334	288
3334	2503
3334	3446
3334	4342
1176	568
1176	3643
1176	3825
904	4296
904	4442
904	198
1784	408
1784	1484
1784	1934
695	4073
695	1521
695	2682
695	2547
1265	3220
1265	2362
1265	3019
1265	3907
1265	373
1265	1555
1265	2628
430	955
430	3220
430	4223
430	240
430	2033
3527	1647
3527	851
1264	4427
1264	2936
1264	1978
1264	1483
1264	2621
1264	843
1264	195
1264	4074
1264	3067
1264	83
1264	3973
1264	12
1264	236
1264	1361
679	2104
679	841
2272	2936
3867	3482
3867	197
656	96
656	4381
1787	4211
1079	2103
1079	683
1079	288
1079	3382
46	1492
1492	674
1492	503
4427	198
4427	15
4427	3136
2003	2718
2003	3482
2475	1351
1088	1573
3128	2172
3128	1931
3128	1932
3128	3179
3128	4457
3128	3288
3128	209
3128	2718
3128	4425
3128	534
3128	681
3128	1480
3128	2182
3128	1102
3128	288
3128	925
3128	1848
3128	306
3976	171
3976	669
3976	3814
1537	271
1537	380
1537	731
1537	4131
1537	2110
1537	4235
1537	2639
1537	1194
1537	83
1537	4077
1537	2276
1537	5
1537	887
1537	699
1537	2066
1537	3719
1537	4075
1537	1869
2172	1113
2172	3769
2172	590
2172	1704
2172	3588
1113	4438
1467	2182
1467	1848
1467	3459
4256	1331
4256	288
3315	458
3315	1869
4329	951
2935	4296
2935	428
1573	901
1573	2654
1573	1258
1573	2639
1573	3689
1573	3872
1573	1702
4120	380
4120	96
271	2057
3428	674
3428	2388
3428	504
100	3175
100	3168
100	1368
3865	864
3865	4048
3865	395
3865	2302
517	516
516	3219
3859	2097
3211	3975
3211	2202
3211	3913
3211	1839
3211	1194
3211	1271
1206	568
1206	3136
1206	4265
3811	171
3811	3220
3811	3231
3811	962
2813	945
2813	2130
1819	3429
1819	3895
1819	2130
1819	887
1819	1797
1819	3667
1819	4400
380	1126
380	4390
380	3762
380	1400
380	1173
3851	3542
3851	3220
4296	3863
4296	2541
4296	945
4296	6
4296	2369
4296	3019
864	863
864	2654
864	3762
864	3231
864	1818
864	2928
81	171
81	3762
863	3801
863	2528
863	674
863	684
863	3762
863	3643
863	395
3735	2654
3735	248
1316	3190
1931	683
1931	2182
1931	2503
958	3872
1932	1059
956	3975
956	3793
956	2756
955	3975
955	731
955	3793
955	2756
955	3004
2594	573
1126	3773
1126	198
1126	3004
1126	1963
2171	3220
3536	3481
1318	524
1318	3084
1318	4381
2002	3220
3016	1878
3016	1963
407	1234
3134	1269
2408	3281
2408	851
1543	442
242	936
242	2439
242	986
3289	1916
662	936
3801	3622
3801	3771
3801	3059
3801	3412
3769	2262
2812	1369
933	2426
273	3281
3956	4169
3613	3825
3613	1662
4058	524
4058	2870
1068	2718
2614	2143
3583	252
3583	3483
3392	4248
3392	3773
3392	3220
3392	929
3392	1816
3392	4406
171	3220
171	3913
171	841
171	2653
171	3261
171	29
171	3539
171	4025
171	1138
4416	2422
4416	3773
4416	4308
442	3560
415	2654
1978	3084
1978	3872
1531	503
3592	683
3592	2718
2576	2382
4194	731
3512	445
3512	684
3512	2227
445	1549
445	4211
445	4418
445	684
445	3253
445	2661
1921	3562
3914	2262
2459	2262
2459	534
2459	1102
2459	3495
2459	288
2459	2503
2528	929
2528	4076
2528	1338
3975	1378
3975	425
3975	2549
3975	90
3975	3179
3975	1400
3975	1876
3975	458
3975	795
3975	83
3975	3596
3975	1869
2921	4171
1378	3398
1378	83
1378	3400
1378	3059
425	83
1477	1778
981	503
4123	1065
4123	3793
4123	198
4123	4236
4123	4172
588	3127
588	1180
588	4446
588	1484
588	761
731	901
731	2654
731	573
731	630
731	887
731	797
731	1675
731	2787
731	4203
1269	3787
275	4187
275	1483
275	3417
275	825
275	3299
1812	3727
1812	4342
3985	159
3985	929
3985	2276
3985	2708
564	1875
564	3196
564	683
564	288
564	925
564	1443
2618	849
2618	3220
2618	1875
3639	851
4354	2439
4354	1364
3219	3906
936	945
936	1180
936	1974
936	542
936	557
936	560
936	563
936	596
936	606
936	1039
936	1101
936	1575
936	1602
936	1702
936	1848
96	259
1549	4187
1549	3335
3813	2388
3813	2097
582	198
3656	1409
4322	4073
4322	1480
2008	2680
3952	1361
2821	3497
2821	1778
2821	3117
3267	3820
3267	147
3820	147
3820	1670
3820	926
3820	1031
3820	1484
3820	1364
3820	2080
2057	4149
2057	804
2057	945
2057	2130
2057	3905
4254	4445
4254	2098
1781	2495
1781	301
1781	3482
3995	900
674	1881
2997	3025
1432	951
1432	2509
1432	1054
4010	1878
2767	3327
235	83
235	1869
2601	3839
3971	4030
3971	3335
3971	1963
3786	1929
2224	4381
4131	3220
3455	1878
3787	3474
642	1426
951	3220
951	3166
951	3913
951	841
951	811
951	4093
3345	4084
3345	3018
901	3562
901	458
1604	3090
1604	3591
252	3107
252	3127
2509	3127
2509	299
4169	2987
4169	107
4169	3446
2549	147
2549	1738
3504	728
4211	2884
4211	1194
4211	2227
2654	3088
2654	3281
2654	1778
2654	2369
2654	887
550	3136
550	7
3088	4381
4424	4381
3439	3766
4138	929
2941	3446
2848	492
2848	1827
524	580
524	2620
1040	2045
1040	2655
1040	1848
4248	3913
4248	3480
4248	159
2422	3773
2422	1472
3877	3762
4418	3084
4187	3497
4187	1258
4187	841
4187	1778
3543	1996
3497	1483
3497	1258
3497	1157
3497	3417
3497	4130
3497	1778
684	1157
684	3849
684	1491
684	2884
684	4130
684	1934
684	1383
684	1455
2390	318
1258	1157
1258	3417
1258	1778
2747	3748
2203	3220
2203	2104
2203	817
3481	4287
2383	4076
13	1144
13	568
13	2388
1157	1778
1157	1465
3220	2104
3220	2367
3220	1288
3220	573
3220	3919
3220	1065
3220	4095
3220	3829
3220	3958
3220	2884
3220	584
3220	1626
3220	4074
3220	4445
3220	263
3220	1081
3220	2514
3220	2351
3220	851
3220	240
3220	3098
3220	148
3220	178
3220	381
3220	896
3220	1251
3220	1706
3220	2065
3220	3291
3220	2444
3220	2521
3220	3050
3220	3327
3220	3649
3220	3716
3220	3723
3220	3804
3220	3883
3220	4436
3220	3836
2495	841
2495	2895
2495	1478
3166	3276
3913	1288
3913	123
3913	6
3913	259
3913	3375
3913	4008
3913	798
3913	2336
3913	4436
841	2367
841	1288
841	4445
841	6
841	3482
2367	2895
2367	1478
42	4096
4219	3271
3011	1878
72	1738
3918	698
3918	1565
3918	3288
3918	1102
698	1565
698	1875
698	3622
698	3288
698	2718
698	534
698	1102
1565	3288
1565	1102
1279	3665
1279	4381
1288	198
1288	3231
1261	1054
2621	843
2621	3231
2621	992
2621	1620
2621	2194
503	573
503	687
503	239
3091	3003
3429	4381
440	1875
440	1144
2077	687
2077	3808
2077	929
337	1362
337	2905
337	3007
337	3137
3721	288
3863	29
3863	155
3863	3198
3863	3318
3863	774
3863	1521
90	3318
2853	3347
2853	528
2853	825
2853	761
2853	3318
3347	761
2212	3084
2212	2284
891	3206
891	3756
891	573
891	1690
3830	573
3830	4381
3206	3756
3206	573
1515	3756
1515	3573
1515	573
1515	877
1515	3798
3756	3573
3756	1789
3756	3895
3573	573
3573	877
573	2326
573	877
573	2787
573	3294
573	3299
2600	3657
877	1551
3657	3117
3657	1848
1773	3326
1773	1235
1773	3136
3326	198
3326	1274
2000	1867
3934	4096
3934	3517
1426	147
3261	198
3261	568
3261	2388
3261	924
3261	4333
2484	1081
77	3084
3179	2262
3179	2426
3179	4425
3179	288
3179	2503
3179	3500
2262	900
2262	683
2262	209
2262	534
2262	1102
2262	2503
2262	1848
2262	306
476	1848
931	2130
931	3446
1065	2016
4041	2282
1263	3281
1263	776
900	683
900	3288
900	1102
900	925
900	2923
900	306
4190	324
1608	294
294	1903
3457	3480
3457	458
3457	1963
3457	3483
1551	794
1875	4457
1875	683
1875	2766
1875	3288
1875	2718
1875	4425
1875	534
1875	288
1875	2503
1913	627
627	4231
627	3847
627	1716
627	3208
627	1963
1037	4381
3107	4074
3107	4172
1025	3876
1144	568
1144	945
1144	1054
1144	888
1144	387
1144	3260
4095	3408
4095	3293
4095	1524
4095	2797
4390	2175
4390	1398
4390	1234
4390	616
4390	3872
4390	300
4390	4167
2175	3958
2175	4360
2175	3037
1398	2208
1398	2276
1398	1637
3408	1400
109	500
2151	3084
3622	681
3622	288
1445	3880
2680	300
2680	2831
2680	3092
2680	4441
2680	2433
3127	4446
1052	4442
1052	198
1491	29
1491	4446
1491	428
1491	3061
29	1010
29	3007
4442	198
4442	4446
350	755
198	795
198	4446
198	2416
198	259
198	2608
198	617
685	1109
3766	3281
3766	2071
3539	306
3762	472
15	840
15	1484
3562	982
3562	4388
3562	3101
3562	3872
3562	4400
528	3805
3958	1234
3958	1271
2465	606
4084	2238
1452	3136
1452	504
336	1963
2108	288
2108	1443
1912	2088
248	1836
248	123
248	1738
248	4076
248	2620
248	3343
2362	3343
1789	929
1286	1837
1286	2130
1235	758
1235	1194
1235	4295
758	1881
568	1621
568	2608
568	1138
2360	945
2360	260
2360	4076
2360	1138
1520	3850
1520	1054
2929	761
628	2660
2995	1977
843	3231
843	3973
2388	3025
2388	1109
93	4381
2870	2620
630	502
630	2173
3480	3907
101	3493
101	4436
3770	4381
3084	155
3084	2302
3084	2931
3084	681
3084	4009
3084	149
3084	1642
3084	2970
3084	3722
3084	4192
3084	2833
3084	3591
1839	2214
3281	259
3281	851
3281	4237
3293	2759
3293	1484
3417	1778
3231	239
3231	1484
3231	240
3025	3844
3025	676
343	681
147	1670
147	926
147	1031
147	3098
1292	4170
1362	1400
1362	1173
1362	107
1362	1196
1400	1173
1400	4025
3058	2078
1876	616
1876	500
1876	301
1876	2578
1173	970
3004	584
3004	1212
3004	1455
3004	1925
584	4381
584	4008
584	4124
1541	3071
3039	2629
3545	2970
4025	3335
4025	1702
687	3808
3825	1662
1662	3895
2908	4400
3370	1343
870	590
3847	1478
3847	1738
3847	344
2208	804
1802	4381
804	945
840	1237
840	4008
840	197
458	2424
580	4223
580	851
4074	3482
1778	1060
2895	670
2895	1478
2895	794
4445	2098
4445	670
4445	825
4445	1933
2098	670
2098	825
1160	3400
3168	4381
825	562
825	1054
825	1237
825	1393
1478	794
2640	239
2640	473
2640	2011
1933	159
2987	3007
2457	3482
4457	209
4457	288
4457	2503
4457	1443
4457	3485
4457	2582
408	1484
2146	3517
2146	1738
683	3288
683	2718
683	4425
683	681
683	1102
683	925
683	1848
683	306
2800	945
2800	2130
239	473
239	2444
239	3294
1554	1054
3606	1054
2242	1054
3805	201
3805	1539
945	3154
945	260
945	4076
945	1138
945	387
945	797
945	860
945	924
945	1512
945	3013
3335	1925
83	3517
83	472
83	1480
83	1797
83	3362
83	1869
3596	1869
562	3517
1800	1196
1878	4360
1878	1246
1878	2874
1878	2877
839	3894
839	2599
1180	4446
1180	3552
2766	348
2766	2503
3136	3500
1081	992
4446	4388
4446	3061
616	610
4073	1743
4073	3198
755	4048
1054	3434
1054	3872
1054	2130
1054	3247
1054	3260
4048	395
4048	2302
395	1837
395	2302
395	2620
2759	1683
4388	1010
1016	2201
1016	1521
1016	2628
2416	1963
4089	3509
1974	3517
1974	4422
7	2302
1274	3831
1274	3872
1274	4381
1274	810
1274	318
1274	1484
1274	3982
1274	2496
1274	2620
3831	2783
3831	4381
2783	1484
2783	1934
1670	3434
2685	3641
3517	1909
3517	924
2745	929
3434	2988
3434	1963
3434	3018
4014	1331
1995	752
3872	301
3872	2209
3872	2346
3872	2411
3019	776
3019	3907
2426	534
2426	1480
2426	1102
2426	492
2426	925
2426	1848
2426	306
1331	1697
1331	1869
776	647
1098	2119
762	2749
4381	301
4381	3924
4381	3982
4381	2496
4381	4367
4381	75
4381	169
4381	587
4381	775
4381	896
4381	1624
4381	1751
4381	1816
4381	1850
4381	1851
4381	1886
4381	2889
4381	3804
4381	3927
57	301
57	2130
792	1102
1246	2874
811	1934
811	510
888	107
3288	2718
3288	65
3288	1102
3288	288
3288	2503
3288	1443
3288	3382
3288	306
3106	318
3106	3243
810	318
810	1484
318	1484
318	887
1484	1661
209	534
209	673
209	2503
209	1443
2343	3131
142	4199
929	4362
929	2655
929	3907
929	887
1163	763
3982	2496
2246	65
4266	1963
4266	2871
2718	1102
2718	288
2718	2503
2718	1443
2718	3591
4425	288
4425	2503
4425	1443
4037	65
259	756
259	3366
259	3907
259	504
259	2145
259	3361
756	3366
756	75
2655	2682
2773	2012
534	231
534	288
534	4182
534	925
534	1077
534	2503
534	4342
3071	1558
2608	1237
2608	2130
2608	1963
992	1620
4367	4122
1237	43
1237	4287
201	1797
3400	2276
3400	2410
3400	4400
1620	4282
681	288
681	2503
65	67
65	288
65	1131
65	1892
65	2599
65	3096
65	3382
107	1465
107	2599
2526	2227
3253	2227
2227	2661
2227	3880
1104	1109
1104	1672
621	2527
3876	1502
4350	1138
260	2515
4076	1138
2515	1138
2727	1938
234	2922
2620	2276
3243	2414
3243	3056
3907	1963
3907	1521
3907	1762
3907	4438
3907	2628
3907	3483
2414	3056
1473	3318
1473	2599
2633	1060
2633	2194
2633	726
1060	2194
1060	726
1060	887
2194	726
1697	3369
2988	141
1480	288
1480	2503
1480	4342
3318	2599
1102	288
1102	2503
1102	3727
4009	4008
4008	4043
2276	2923
2276	4302
41	541
2158	1721
887	3482
153	2228
160	1963
288	925
288	1848
288	2923
288	3382
288	306
288	4327
288	197
314	4422
344	1077
391	703
2733	492
1963	1222
1963	1675
1963	3343
1963	3500
1963	3483
448	3028
456	492
491	1882
492	4363
492	3357
504	4199
521	1848
531	1120
541	1601
590	2990
590	4342
606	2836
673	3357
721	1056
736	3054
748	1575
763	1030
763	1521
774	1521
774	4189
777	3533
794	1881
797	2071
925	2503
989	4049
1056	2990
1077	306
1120	3260
1197	2833
2503	1848
2503	306
1338	4199
1343	1848
1343	3010
1346	3003
1361	4358
1391	3683
1521	1938
1521	4189
1521	373
1521	1555
1521	2628
1521	3483
1601	3260
1605	4199
1623	2240
1642	3176
1648	3473
1686	2787
1776	1869
1797	3945
1797	1869
1827	2630
1848	4342
1850	2645
1882	2923
1922	3482
1973	3558
2012	3485
2567	3482
2619	2763
2732	3236
2764	3273
2835	3482
2836	3210
2923	3357
2990	4342
3192	4282
3500	4199
2628	3483
4169	3659
387	3519
2912	3519
1537	1193
3880	1193
1302	3677
3037	3677
4381	2841
3400	2841
3530	2841
3557	2972
1057	2972
3841	2972
3222	2972
269	2972
2362	2972
2777	44
198	2857
3532	3939
4397	3939
4360	3939
267	3939
896	3939
4353	3939
659	3399
2796	3399
2813	3399
2594	3399
1963	3399
198	2417
2970	2417
288	460
544	857
1784	857
171	857
1274	857
4381	857
318	857
1484	857
1355	459
492	459
3907	2913
3895	1355
2462	2823
674	2823
3643	2823
3004	2823
2276	2823
1963	2823
37	2082
3134	2082
3335	2082
4187	659
503	659
695	890
776	890
1963	890
1271	3861
1938	3861
1875	4105
1537	1217
4381	1217
3153	3525
3334	245
3179	245
1875	245
2718	245
4425	245
534	245
1671	245
1102	245
288	245
925	245
2503	245
2923	245
2707	1422
3721	1422
242	329
2528	1518
65	4407
786	530
4019	530
2817	530
2471	530
1985	530
1386	530
139	530
4019	786
2817	786
1985	786
1386	786
139	786
2817	4019
2471	4019
1985	4019
1386	4019
139	4019
2471	2817
1985	2817
1947	2569
198	2569
4228	3297
4169	3297
3913	3297
1081	3297
1343	3297
1358	3297
2295	4228
4303	2339
1831	2553
2865	2553
1552	2553
3801	2553
394	4262
761	4262
2865	1831
173	1831
169	394
1712	190
1817	4454
4256	4454
4425	4454
2503	4454
198	280
2464	2070
3693	2070
347	2070
544	2070
2386	2070
3693	2464
347	2464
544	2464
2386	2464
2549	2464
748	2464
171	1481
347	3693
544	3693
2386	3693
1947	3693
244	3693
1554	3693
544	347
2386	347
2549	347
3084	347
2923	347
2003	629
1623	629
3219	828
733	983
4112	983
1921	793
1378	793
1773	793
1235	793
888	793
318	1965
3291	1965
2386	544
3534	544
327	544
3476	544
3975	544
2549	544
13	544
4442	544
4025	544
840	544
1878	544
888	544
3975	2386
4381	2386
702	2805
524	3947
3416	4458
1947	599
1898	599
1736	599
3128	599
2283	599
3813	599
3457	599
2141	599
887	599
169	599
1996	599
2691	599
3804	599
1009	2924
3119	589
731	1685
3515	4384
3729	4384
797	4384
1995	4107
4248	609
1390	609
2201	609
3061	609
62	3580
3153	3580
3715	987
319	987
4425	987
3192	987
0	3152
1995	429
3192	429
197	429
2602	3235
1583	3235
3449	3235
171	2111
841	3943
739	208
683	208
2336	208
683	739
288	739
1183	2189
2936	2189
3211	2189
3975	2189
2549	2189
1005	2189
1620	2189
622	2189
3801	1290
2350	2048
1264	2048
159	2048
4381	2048
4266	2048
1963	2048
3483	2048
575	3049
2020	3049
945	3049
4079	3049
1264	575
4445	2021
2098	2021
839	2021
65	2021
774	2021
780	2667
1003	2667
4234	420
2528	420
3153	420
1040	3712
945	2403
2057	2216
3562	2216
2602	2216
1641	2216
3482	2216
1264	3587
630	2707
380	2752
57	2752
301	2752
3665	1779
1274	1779
2680	1295
198	1295
2388	1295
3222	3778
3497	3778
2884	3778
2007	883
2936	3854
2183	3854
669	3854
503	3685
2735	2796
732	2796
237	2796
864	2796
863	2796
1126	2796
561	2796
2821	2796
4131	2796
4187	2796
3543	2796
3497	2796
1258	2796
1157	2796
1491	2796
2884	2796
3417	2796
1778	2796
1311	2796
1455	2796
933	3896
606	3896
3650	3896
4029	3197
3332	493
573	477
3220	3014
1824	3014
178	3014
1819	3378
2458	1947
2223	1947
3623	1947
3099	1947
1183	1947
3178	1947
1113	1947
2288	1947
3975	1947
2549	1947
4248	1947
684	1947
3091	1947
2262	1947
4041	1947
627	1947
1541	1947
4231	1947
2208	1947
83	1947
1010	1947
2846	1947
534	1947
1480	1947
2182	1947
636	1947
736	1947
1222	1947
1609	1947
1674	1947
1850	1947
2240	1947
2282	1947
2643	1947
2825	1947
3362	1947
3482	1947
3726	1947
3880	1947
2582	1947
3220	1014
2654	4039
18	3630
3481	3630
1031	3630
4381	3630
18	2646
2126	2646
2893	2646
1031	2646
955	1195
4360	1334
2085	2458
1540	3125
573	3125
877	3125
3448	3125
1543	3937
1040	3937
2242	3383
3872	3383
588	4250
731	4250
252	4250
4257	4250
3175	4250
3602	4250
1163	4250
1123	3534
172	3534
1144	3534
913	3534
3400	3534
4381	2606
385	2462
1492	2462
3428	2462
863	2462
1881	2462
2370	2665
840	18
1031	18
3434	18
1488	2126
1542	2126
1406	2126
2884	2126
728	2126
318	2126
4009	2126
3084	2824
1123	691
762	691
2749	691
1988	62
1985	2471
1386	2471
139	2471
1406	2471
3639	35
2195	1488
2183	1488
1386	1985
139	1985
1406	1985
1126	1985
3082	1985
888	1985
2893	37
1570	37
1824	37
1797	37
4296	2977
3281	2977
263	2977
6	2977
2708	2977
139	1386
96	2949
1549	2949
2610	619
1647	619
123	619
2130	619
1620	619
2813	625
2057	625
3457	625
1144	625
528	625
804	625
2800	625
945	625
3154	625
387	625
924	625
3013	625
4085	1542
1773	1542
627	1542
1881	1542
2654	1406
3400	1406
2830	3332
680	3332
1165	3332
3673	3332
1491	3332
29	3332
4388	3332
1010	3332
2407	2828
1264	2828
2621	2828
843	2828
3231	2828
1720	1552
3975	1552
938	1552
2100	884
242	884
1921	3557
1892	3557
1573	723
938	1720
418	2830
1165	2830
1491	2830
29	2830
4388	2830
1010	2830
3220	1559
2183	36
4132	36
2735	244
869	244
1877	244
115	244
3360	244
1126	244
2549	244
3261	244
843	244
195	244
343	244
1362	244
263	244
3862	244
2416	244
3472	244
2608	244
1661	244
2727	244
1622	244
3266	244
2504	244
2582	244
2108	47
2359	284
1123	284
4296	284
3016	284
3975	2735
3084	2735
3517	2735
1535	2735
3037	3444
3084	1408
3510	3662
1875	404
683	404
929	404
2919	404
2718	404
288	404
197	404
288	2453
3510	1817
3128	1817
731	1817
683	1817
2919	1817
621	1817
288	1817
1443	1817
669	1632
65	2100
1364	3045
4296	2359
2130	2298
1943	3510
3505	3510
1188	3510
2103	3510
288	3510
1773	3915
731	1736
3482	1736
1943	183
3334	183
3128	183
440	183
900	183
2103	183
1875	183
4457	183
683	183
2426	183
534	183
288	183
2733	183
925	183
2503	183
1443	183
3446	183
3862	4264
1515	886
3408	886
4296	3254
731	3254
945	3254
4093	3254
430	4134
242	4134
936	4134
3211	488
4390	3828
3101	3828
2172	976
2718	3368
65	3368
1480	3368
1102	3368
1848	3368
1378	3868
2057	3598
29	680
4446	680
1933	2370
3776	3885
2678	720
1676	720
259	2166
3872	3645
2387	3645
731	1676
4354	1676
2995	1676
285	1676
2222	1676
3061	1676
4353	1676
2007	4397
4427	4397
100	3498
670	3498
1921	2636
3543	2636
684	2636
856	2636
3428	1988
1773	1988
3261	1988
1876	1988
587	1988
3501	3832
648	3832
850	3832
981	3832
3220	3832
231	3832
2659	3501
4427	3501
1531	3501
3082	3501
503	3501
502	3501
2155	3501
2551	3501
3910	3501
1974	3967
2276	3967
4100	4261
3951	4261
2130	1270
2444	1270
3722	1270
1445	4017
503	648
825	648
2680	4377
198	4377
4446	4377
1057	4155
90	4155
1885	1057
532	2223
3457	1302
4389	1302
864	3841
3497	3841
1483	3841
4199	3841
1819	2610
4081	2610
123	2610
1400	897
2919	750
580	1229
2873	385
2682	905
3543	2702
3497	2702
684	2702
43	23
3315	4029
1318	4029
1885	4029
3755	4029
1515	4029
1906	4029
1377	4029
2213	4029
3719	4029
3088	3607
337	327
4169	363
662	2659
1978	2659
2195	850
3872	850
4169	2955
1515	2955
3585	1123
2383	1123
13	1123
2362	1123
568	1123
3136	1123
3400	3072
4169	302
936	1184
841	115
3762	115
3596	115
472	115
2272	3331
3222	2007
1878	2007
3638	732
3222	3585
4120	3585
3134	3585
3512	3585
4123	3585
4187	3585
3849	3585
2884	3585
4130	3585
2846	3585
2276	3585
431	1087
306	734
1978	3476
3975	3476
4248	3476
2362	3476
83	3476
3507	1992
3820	1992
2941	1992
2884	1992
171	358
3512	358
445	358
3877	358
4418	358
4130	358
3253	358
3975	649
159	2893
1264	3222
955	3222
275	3222
4187	3222
3497	3222
684	3222
1483	3222
1258	3222
1157	3222
1424	3222
1491	3222
3417	3222
3023	3222
3253	3222
155	1009
1480	1009
288	1009
520	1009
1103	1009
1343	1009
1848	1009
3446	1009
3294	1009
198	4142
4140	4142
1762	4142
1812	1726
198	2295
2362	2295
590	3099
2172	2005
3084	2005
3894	2005
3128	1943
209	1943
288	1943
2503	1943
2884	3505
3288	3505
65	3505
863	972
3394	972
561	972
510	972
775	972
3428	2350
956	2350
2821	2350
1876	2350
3101	2350
4381	2350
1881	2350
1570	238
1160	238
171	4064
352	4064
504	4064
3813	3359
2756	3359
795	3359
3820	1375
3223	3507
2498	3507
2660	3507
3025	3507
3084	3223
1364	3223
4288	2589
3820	2498
1443	470
2262	237
169	237
2578	237
2883	237
1264	2407
2621	2407
3231	2407
2908	2407
3482	2407
418	1183
843	1183
1974	1183
3253	1183
887	1183
1265	3515
2131	3515
3326	3515
795	3515
2416	3515
2745	3515
929	3515
2081	3515
2602	3515
3248	3515
4259	2730
288	2730
2923	3715
1537	4114
4381	417
2871	417
1119	326
1173	326
3888	326
1173	110
1068	19
2426	19
288	19
1502	19
4329	418
1812	418
3220	418
3849	418
15	418
3136	418
673	418
2155	418
2530	418
3459	418
458	3348
430	2093
731	4413
3037	2064
3084	3513
1264	3972
2936	3972
3762	3972
3975	2802
3130	717
3130	4303
4025	4303
1274	4303
1670	4303
4381	4303
1484	4303
1878	172
4360	172
683	2649
288	2649
1443	2649
197	2649
171	1927
561	1927
3504	1927
684	1927
3220	1927
4130	1927
3128	3334
2459	3334
2262	3334
2103	3334
2457	3334
683	3334
2766	3334
2426	3334
2718	3334
4425	3334
534	3334
288	3334
2503	3334
3446	3334
4342	3334
568	1176
3643	1176
3825	1176
4296	904
4442	904
198	904
408	1784
1484	1784
1934	1784
4073	695
1521	695
2682	695
2547	695
3220	1265
2362	1265
3019	1265
3907	1265
373	1265
1555	1265
2628	1265
955	430
3220	430
4223	430
240	430
2033	430
1647	3527
851	3527
4427	1264
2936	1264
1978	1264
1483	1264
2621	1264
843	1264
195	1264
4074	1264
3067	1264
83	1264
3973	1264
12	1264
236	1264
1361	1264
2104	679
841	679
2936	2272
3482	3867
197	3867
96	656
4381	656
4211	1787
2103	1079
683	1079
288	1079
3382	1079
1492	46
674	1492
503	1492
198	4427
15	4427
3136	4427
2718	2003
3482	2003
1351	2475
1573	1088
2172	3128
1931	3128
1932	3128
3179	3128
4457	3128
3288	3128
209	3128
2718	3128
4425	3128
534	3128
681	3128
1480	3128
2182	3128
1102	3128
288	3128
925	3128
1848	3128
306	3128
171	3976
669	3976
3814	3976
271	1537
380	1537
731	1537
4131	1537
2110	1537
4235	1537
2639	1537
1194	1537
83	1537
4077	1537
2276	1537
5	1537
887	1537
699	1537
2066	1537
3719	1537
4075	1537
1869	1537
1113	2172
3769	2172
590	2172
1704	2172
3588	2172
4438	1113
2182	1467
1848	1467
3459	1467
1331	4256
288	4256
458	3315
1869	3315
951	4329
4296	2935
428	2935
901	1573
2654	1573
1258	1573
2639	1573
3689	1573
3872	1573
1702	1573
380	4120
96	4120
2057	271
674	3428
2388	3428
504	3428
3175	100
3168	100
1368	100
864	3865
4048	3865
395	3865
2302	3865
516	517
3219	516
2097	3859
3975	3211
2202	3211
3913	3211
1839	3211
1194	3211
1271	3211
568	1206
3136	1206
4265	1206
171	3811
3220	3811
3231	3811
962	3811
945	2813
2130	2813
3429	1819
3895	1819
2130	1819
887	1819
1797	1819
3667	1819
4400	1819
1126	380
4390	380
3762	380
1400	380
1173	380
3542	3851
3220	3851
3863	4296
2541	4296
945	4296
6	4296
2369	4296
3019	4296
863	864
2654	864
3762	864
3231	864
1818	864
2928	864
171	81
3762	81
3801	863
2528	863
674	863
684	863
3762	863
3643	863
395	863
2654	3735
248	3735
3190	1316
683	1931
2182	1931
2503	1931
3872	958
1059	1932
3975	956
3793	956
2756	956
3975	955
731	955
3793	955
2756	955
3004	955
573	2594
3773	1126
198	1126
3004	1126
1963	1126
3220	2171
3481	3536
524	1318
3084	1318
4381	1318
3220	2002
1878	3016
1963	3016
1234	407
1269	3134
3281	2408
851	2408
442	1543
936	242
2439	242
986	242
1916	3289
936	662
3622	3801
3771	3801
3059	3801
3412	3801
2262	3769
1369	2812
2426	933
3281	273
4169	3956
3825	3613
1662	3613
524	4058
2870	4058
2718	1068
2143	2614
252	3583
3483	3583
4248	3392
3773	3392
3220	3392
929	3392
1816	3392
4406	3392
3220	171
3913	171
841	171
2653	171
3261	171
29	171
3539	171
4025	171
1138	171
2422	4416
3773	4416
4308	4416
3560	442
2654	415
3084	1978
3872	1978
503	1531
683	3592
2718	3592
2382	2576
731	4194
445	3512
684	3512
2227	3512
1549	445
4211	445
4418	445
684	445
3253	445
2661	445
3562	1921
2262	3914
2262	2459
534	2459
1102	2459
3495	2459
288	2459
2503	2459
929	2528
4076	2528
1338	2528
1378	3975
425	3975
2549	3975
90	3975
3179	3975
1400	3975
1876	3975
458	3975
795	3975
83	3975
3596	3975
1869	3975
4171	2921
3398	1378
83	1378
3400	1378
3059	1378
83	425
1778	1477
503	981
1065	4123
3793	4123
198	4123
4236	4123
4172	4123
3127	588
1180	588
4446	588
1484	588
761	588
901	731
2654	731
573	731
630	731
887	731
797	731
1675	731
2787	731
4203	731
3787	1269
4187	275
1483	275
3417	275
825	275
3299	275
3727	1812
4342	1812
159	3985
929	3985
2276	3985
2708	3985
1875	564
3196	564
683	564
288	564
925	564
1443	564
849	2618
3220	2618
1875	2618
851	3639
2439	4354
1364	4354
3906	3219
945	936
1180	936
1974	936
542	936
557	936
560	936
563	936
596	936
606	936
1039	936
1101	936
1575	936
1602	936
1702	936
1848	936
259	96
4187	1549
3335	1549
2388	3813
2097	3813
198	582
1409	3656
4073	4322
1480	4322
2680	2008
1361	3952
3497	2821
1778	2821
3117	2821
3820	3267
147	3267
147	3820
1670	3820
926	3820
1031	3820
1484	3820
1364	3820
2080	3820
4149	2057
804	2057
945	2057
2130	2057
3905	2057
4445	4254
2098	4254
2495	1781
301	1781
3482	1781
900	3995
1881	674
3025	2997
951	1432
2509	1432
1054	1432
1878	4010
3327	2767
83	235
1869	235
3839	2601
4030	3971
3335	3971
1963	3971
1929	3786
4381	2224
3220	4131
1878	3455
3474	3787
1426	642
3220	951
3166	951
3913	951
841	951
811	951
4093	951
4084	3345
3018	3345
3562	901
458	901
3090	1604
3591	1604
3107	252
3127	252
3127	2509
299	2509
2987	4169
107	4169
3446	4169
147	2549
1738	2549
728	3504
2884	4211
1194	4211
2227	4211
3088	2654
3281	2654
1778	2654
2369	2654
887	2654
3136	550
7	550
4381	3088
4381	4424
3766	3439
929	4138
3446	2941
492	2848
1827	2848
580	524
2620	524
2045	1040
2655	1040
1848	1040
3913	4248
3480	4248
159	4248
3773	2422
1472	2422
3762	3877
3084	4418
3497	4187
1258	4187
841	4187
1778	4187
1996	3543
1483	3497
1258	3497
1157	3497
3417	3497
4130	3497
1778	3497
1157	684
3849	684
1491	684
2884	684
4130	684
1934	684
1383	684
1455	684
318	2390
1157	1258
3417	1258
1778	1258
3748	2747
3220	2203
2104	2203
817	2203
4287	3481
4076	2383
1144	13
568	13
2388	13
1778	1157
1465	1157
2104	3220
2367	3220
1288	3220
573	3220
3919	3220
1065	3220
4095	3220
3829	3220
3958	3220
2884	3220
584	3220
1626	3220
4074	3220
4445	3220
263	3220
1081	3220
2514	3220
2351	3220
851	3220
240	3220
3098	3220
148	3220
178	3220
381	3220
896	3220
1251	3220
1706	3220
2065	3220
3291	3220
2444	3220
2521	3220
3050	3220
3327	3220
3649	3220
3716	3220
3723	3220
3804	3220
3883	3220
4436	3220
3836	3220
841	2495
2895	2495
1478	2495
3276	3166
1288	3913
123	3913
6	3913
259	3913
3375	3913
4008	3913
798	3913
2336	3913
4436	3913
2367	841
1288	841
4445	841
6	841
3482	841
2895	2367
1478	2367
4096	42
3271	4219
1878	3011
1738	72
698	3918
1565	3918
3288	3918
1102	3918
1565	698
1875	698
3622	698
3288	698
2718	698
534	698
1102	698
3288	1565
1102	1565
3665	1279
4381	1279
198	1288
3231	1288
1054	1261
843	2621
3231	2621
992	2621
1620	2621
2194	2621
573	503
687	503
239	503
3003	3091
4381	3429
1875	440
1144	440
687	2077
3808	2077
929	2077
1362	337
2905	337
3007	337
3137	337
288	3721
29	3863
155	3863
3198	3863
3318	3863
774	3863
1521	3863
3318	90
3347	2853
528	2853
825	2853
761	2853
3318	2853
761	3347
3084	2212
2284	2212
3206	891
3756	891
573	891
1690	891
573	3830
4381	3830
3756	3206
573	3206
3756	1515
3573	1515
573	1515
877	1515
3798	1515
3573	3756
1789	3756
3895	3756
573	3573
877	3573
2326	573
877	573
2787	573
3294	573
3299	573
3657	2600
1551	877
3117	3657
1848	3657
3326	1773
1235	1773
3136	1773
198	3326
1274	3326
1867	2000
4096	3934
3517	3934
147	1426
198	3261
568	3261
2388	3261
924	3261
4333	3261
1081	2484
3084	77
2262	3179
2426	3179
4425	3179
288	3179
2503	3179
3500	3179
900	2262
683	2262
209	2262
534	2262
1102	2262
2503	2262
1848	2262
306	2262
1848	476
2130	931
3446	931
2016	1065
2282	4041
3281	1263
776	1263
683	900
3288	900
1102	900
925	900
2923	900
306	900
324	4190
294	1608
1903	294
3480	3457
458	3457
1963	3457
3483	3457
794	1551
4457	1875
683	1875
2766	1875
3288	1875
2718	1875
4425	1875
534	1875
288	1875
2503	1875
627	1913
4231	627
3847	627
1716	627
3208	627
1963	627
4381	1037
4074	3107
4172	3107
3876	1025
568	1144
945	1144
1054	1144
888	1144
387	1144
3260	1144
3408	4095
3293	4095
1524	4095
2797	4095
2175	4390
1398	4390
1234	4390
616	4390
3872	4390
300	4390
4167	4390
3958	2175
4360	2175
3037	2175
2208	1398
2276	1398
1637	1398
1400	3408
500	109
3084	2151
681	3622
288	3622
3880	1445
300	2680
2831	2680
3092	2680
4441	2680
2433	2680
4446	3127
4442	1052
198	1052
29	1491
4446	1491
428	1491
3061	1491
1010	29
3007	29
198	4442
4446	4442
755	350
795	198
4446	198
2416	198
259	198
2608	198
617	198
1109	685
3281	3766
2071	3766
306	3539
472	3762
840	15
1484	15
982	3562
4388	3562
3101	3562
3872	3562
4400	3562
3805	528
1234	3958
1271	3958
606	2465
2238	4084
3136	1452
504	1452
1963	336
288	2108
1443	2108
2088	1912
1836	248
123	248
1738	248
4076	248
2620	248
3343	248
3343	2362
929	1789
1837	1286
2130	1286
758	1235
1194	1235
4295	1235
1881	758
1621	568
2608	568
1138	568
945	2360
260	2360
4076	2360
1138	2360
3850	1520
1054	1520
761	2929
2660	628
1977	2995
3231	843
3973	843
3025	2388
1109	2388
4381	93
2620	2870
502	630
2173	630
3907	3480
3493	101
4436	101
4381	3770
155	3084
2302	3084
2931	3084
681	3084
4009	3084
149	3084
1642	3084
2970	3084
3722	3084
4192	3084
2833	3084
3591	3084
2214	1839
259	3281
851	3281
4237	3281
2759	3293
1484	3293
1778	3417
239	3231
1484	3231
240	3231
3844	3025
676	3025
681	343
1670	147
926	147
1031	147
3098	147
4170	1292
1400	1362
1173	1362
107	1362
1196	1362
1173	1400
4025	1400
2078	3058
616	1876
500	1876
301	1876
2578	1876
970	1173
584	3004
1212	3004
1455	3004
1925	3004
4381	584
4008	584
4124	584
3071	1541
2629	3039
2970	3545
3335	4025
1702	4025
3808	687
1662	3825
3895	1662
4400	2908
1343	3370
590	870
1478	3847
1738	3847
344	3847
804	2208
4381	1802
945	804
1237	840
4008	840
197	840
2424	458
4223	580
851	580
3482	4074
1060	1778
670	2895
1478	2895
794	2895
2098	4445
670	4445
825	4445
1933	4445
670	2098
825	2098
3400	1160
4381	3168
562	825
1054	825
1237	825
1393	825
794	1478
239	2640
473	2640
2011	2640
159	1933
3007	2987
3482	2457
209	4457
288	4457
2503	4457
1443	4457
3485	4457
2582	4457
1484	408
3517	2146
1738	2146
3288	683
2718	683
4425	683
681	683
1102	683
925	683
1848	683
306	683
945	2800
2130	2800
473	239
2444	239
3294	239
1054	1554
1054	3606
1054	2242
201	3805
1539	3805
3154	945
260	945
4076	945
1138	945
387	945
797	945
860	945
924	945
1512	945
3013	945
1925	3335
3517	83
472	83
1480	83
1797	83
3362	83
1869	83
1869	3596
3517	562
1196	1800
4360	1878
1246	1878
2874	1878
2877	1878
3894	839
2599	839
4446	1180
3552	1180
348	2766
2503	2766
3500	3136
992	1081
4388	4446
3061	4446
610	616
1743	4073
3198	4073
4048	755
3434	1054
3872	1054
2130	1054
3247	1054
3260	1054
395	4048
2302	4048
1837	395
2302	395
2620	395
1683	2759
1010	4388
2201	1016
1521	1016
2628	1016
1963	2416
3509	4089
3517	1974
4422	1974
2302	7
3831	1274
3872	1274
4381	1274
810	1274
318	1274
1484	1274
3982	1274
2496	1274
2620	1274
2783	3831
4381	3831
1484	2783
1934	2783
3434	1670
3641	2685
1909	3517
924	3517
929	2745
2988	3434
1963	3434
3018	3434
1331	4014
752	1995
301	3872
2209	3872
2346	3872
2411	3872
776	3019
3907	3019
534	2426
1480	2426
1102	2426
492	2426
925	2426
1848	2426
306	2426
1697	1331
1869	1331
647	776
2119	1098
2749	762
301	4381
3924	4381
3982	4381
2496	4381
4367	4381
75	4381
169	4381
587	4381
775	4381
896	4381
1624	4381
1751	4381
1816	4381
1850	4381
1851	4381
1886	4381
2889	4381
3804	4381
3927	4381
301	57
2130	57
1102	792
2874	1246
1934	811
510	811
107	888
2718	3288
65	3288
1102	3288
288	3288
2503	3288
1443	3288
3382	3288
306	3288
318	3106
3243	3106
318	810
1484	810
1484	318
887	318
1661	1484
534	209
673	209
2503	209
1443	209
3131	2343
4199	142
4362	929
2655	929
3907	929
887	929
763	1163
2496	3982
65	2246
1963	4266
2871	4266
1102	2718
288	2718
2503	2718
1443	2718
3591	2718
288	4425
2503	4425
1443	4425
65	4037
756	259
3366	259
3907	259
504	259
2145	259
3361	259
3366	756
75	756
2682	2655
2012	2773
231	534
288	534
4182	534
925	534
1077	534
2503	534
4342	534
1558	3071
1237	2608
2130	2608
1963	2608
1620	992
4122	4367
43	1237
4287	1237
1797	201
2276	3400
2410	3400
4400	3400
4282	1620
288	681
2503	681
67	65
288	65
1131	65
1892	65
2599	65
3096	65
3382	65
1465	107
2599	107
2227	2526
2227	3253
2661	2227
3880	2227
1109	1104
1672	1104
2527	621
1502	3876
1138	4350
2515	260
1138	4076
1138	2515
1938	2727
2922	234
2276	2620
2414	3243
3056	3243
1963	3907
1521	3907
1762	3907
4438	3907
2628	3907
3483	3907
3056	2414
3318	1473
2599	1473
1060	2633
2194	2633
726	2633
2194	1060
726	1060
887	1060
726	2194
3369	1697
141	2988
288	1480
2503	1480
4342	1480
2599	3318
288	1102
2503	1102
3727	1102
4008	4009
4043	4008
2923	2276
4302	2276
541	41
1721	2158
3482	887
2228	153
1963	160
925	288
1848	288
2923	288
3382	288
306	288
4327	288
197	288
4422	314
1077	344
703	391
492	2733
1222	1963
1675	1963
3343	1963
3500	1963
3483	1963
3028	448
492	456
1882	491
4363	492
3357	492
4199	504
1848	521
1120	531
1601	541
2990	590
4342	590
2836	606
3357	673
1056	721
3054	736
1575	748
1030	763
1521	763
1521	774
4189	774
3533	777
1881	794
2071	797
2503	925
4049	989
2990	1056
306	1077
3260	1120
2833	1197
1848	2503
306	2503
4199	1338
1848	1343
3010	1343
3003	1346
4358	1361
3683	1391
1938	1521
4189	1521
373	1521
1555	1521
2628	1521
3483	1521
3260	1601
4199	1605
2240	1623
3176	1642
3473	1648
2787	1686
1869	1776
3945	1797
1869	1797
2630	1827
4342	1848
2645	1850
2923	1882
3482	1922
3558	1973
3485	2012
3482	2567
2763	2619
3236	2732
3273	2764
3482	2835
3210	2836
3357	2923
4342	2990
4282	3192
4199	3500
3483	2628
