3227	3712
3227	2265
1356	3741
3519	2519
1490	2405
2537	248
511	1342
511	3431
511	544
511	2386
511	3264
511	2091
511	990
511	4099
511	83
511	2012
3677	2385
3677	694
3677	558
3677	997
2850	990
2972	3841
2972	3222
2972	269
2972	2362
2972	58
2972	3730
2972	2024
2596	704
2596	763
44	3554
2857	2405
2857	198
1342	3252
1342	2237
1342	320
1342	3616
1342	431
1342	4297
1342	1873
1342	524
1342	3934
1342	2884
1342	3231
1342	990
1342	4099
1342	3472
1342	2122
1342	3001
2762	3027
3939	3532
3939	1516
3939	461
3939	495
3939	4360
3939	3139
3939	896
3939	3415
3939	4353
3939	4380
3399	659
3399	2796
3399	988
460	288
459	1355
459	2365
704	2924
704	3060
704	3125
704	897
704	38
704	2528
704	3788
704	423
704	3674
704	25
704	2472
704	2795
1168	181
1355	3895
855	2195
855	674
855	1296
3252	2817
659	2265
659	503
659	3554
890	4297
890	2401
890	776
890	3869
3525	2385
3525	3153
1422	2707
3816	2027
1764	2471
1518	3781
1518	2528
345	3688
345	2405
345	1457
438	2405
438	2354
530	3541
530	786
530	2817
530	2471
3541	786
3541	2471
786	2817
2817	2471
3297	4228
3297	1663
3297	2958
3297	3139
3297	1343
4228	2295
1990	3980
1990	3310
1990	3571
2339	2379
2339	4303
2553	4343
2553	1831
2553	2865
2553	1552
2553	97
2553	3554
4343	1831
4343	2865
1831	2865
1831	173
2232	599
2379	2405
3111	1174
190	1712
4454	1357
4454	1854
4454	4256
4454	4425
3024	2464
3024	347
3024	544
3024	2386
3024	2405
3024	4094
2464	347
2464	544
2464	2386
2464	2549
2464	3264
1481	3159
347	544
347	2386
347	2549
347	3264
347	3143
347	1174
347	2923
3679	4111
3679	288
629	1623
3764	990
3764	3554
3824	2354
3431	1774
3431	887
983	733
983	4112
1965	3291
544	2386
544	186
544	3616
544	2385
544	327
544	2529
544	4224
544	2549
544	3264
544	730
544	58
544	994
544	694
544	558
544	3554
544	888
2386	3264
2237	1573
2237	166
2237	864
2237	524
2805	702
4459	1122
4459	1548
4459	734
4459	288
4459	1077
599	1947
599	1736
599	4351
599	3561
599	3128
599	2283
599	3813
599	1084
599	887
599	615
599	1996
599	2691
599	3837
3532	1174
3423	2405
1663	2540
2491	720
2491	2958
589	3292
939	3139
939	1473
4384	1457
1238	117
4107	1995
4357	1536
4357	867
3060	1536
3060	3235
3060	3332
3060	723
3060	4392
3060	2455
3060	3585
3060	1573
3060	4443
3060	3211
3060	1873
3060	4248
3060	1680
3060	2219
3060	867
3060	2262
3060	1052
3060	2201
3060	2647
3060	3198
3060	159
3060	423
3060	3139
3060	887
3060	506
3060	1364
3060	2822
1376	1542
1376	2811
1376	731
1376	1286
1376	1390
1376	558
1376	2909
1376	3137
609	4248
609	97
609	1390
609	2201
609	3061
3580	3153
3580	1340
639	2502
987	3715
987	319
987	4425
987	3192
2965	2429
2965	2111
2965	2021
2965	2216
2965	2100
2965	2455
2965	2007
2965	555
2965	2498
2965	2811
2965	3178
2965	2035
2965	3424
2965	2528
2965	981
2965	313
2965	638
2965	3292
2965	3950
2965	2294
2965	2275
2965	2849
2965	2079
2965	1250
2965	4446
2965	3121
2965	2127
2965	2343
2965	2515
2965	2414
2965	3098
2965	657
2965	699
2965	1033
2965	1039
2965	1373
2965	1411
2965	1440
2965	1966
2965	3612
2965	2047
2965	2067
2965	3291
2965	2170
2965	2225
2965	2428
2965	2444
2965	3090
2965	3284
2965	3308
2965	3653
2965	3731
2965	4401
4323	2429
4323	2405
526	2429
980	3152
980	2429
980	0
3152	2429
3152	0
2429	186
2429	0
2429	662
186	1381
186	4311
186	1573
186	558
186	3785
429	1223
429	1995
429	3192
3235	3421
3235	3449
1763	2801
1763	2470
2189	814
2189	4448
2189	2936
2189	3211
2189	3819
2189	2549
2189	3264
2189	3957
2189	1005
2189	1620
2189	3001
3049	2020
3049	945
3049	4079
320	37
320	1570
320	776
320	2311
320	1133
1280	1500
1280	106
1280	558
1280	3785
4240	37
4240	1902
4240	3957
4240	2660
4240	1194
4240	1496
2021	4445
2021	2098
2021	2079
2021	839
2196	478
1809	694
1809	558
420	2528
420	3153
2216	3421
2216	2057
2216	3554
2216	3139
2216	3027
2216	3482
1312	866
1300	773
1300	2139
1300	2936
1300	710
1300	727
1300	715
1300	3554
1300	1373
773	2943
773	3445
773	111
773	796
773	3561
773	3634
773	710
773	3615
773	195
773	1585
773	2871
2357	2958
2357	3169
3616	619
3616	722
3616	3211
3616	2549
3616	3264
3616	3934
2139	3211
2139	2549
2139	3264
2139	3934
2139	2660
2139	2514
2139	2708
2943	51
2943	945
3445	3847
2707	2354
2707	630
2752	380
4179	2265
883	2007
883	2377
3685	503
2796	814
2796	864
2796	561
2796	2460
2796	3753
2796	1669
2796	1157
2796	2884
2796	4334
2796	112
2796	499
2796	1311
2796	2264
3197	4029
483	3003
493	3332
1947	4200
1947	3781
1947	2223
1947	751
1947	1563
1947	3623
1947	3099
1947	2404
1947	3178
1947	2288
1947	2549
1947	3264
1947	4248
1947	3091
1947	480
1947	2262
1947	4041
1947	627
1947	1093
1947	1430
1947	4231
1947	83
1947	2281
1947	4161
1947	1010
1947	3741
1947	1480
1947	636
1947	657
1947	736
1947	745
1947	1222
1947	1674
1947	2643
1947	3186
1947	3362
1947	3482
1947	3880
1947	2582
1334	4428
1334	4360
4200	4239
4200	2529
4200	3554
4200	3139
3075	1988
3075	2876
3075	2350
3075	1598
3125	3215
3125	2405
3125	877
3125	3554
3125	3448
3937	2226
3383	2242
3383	3872
4250	588
4250	731
4250	4257
4250	3175
4250	1296
4250	2950
4250	3554
3215	2416
2385	1542
2385	807
2385	3647
2385	2884
2385	2705
2385	2525
2259	3208
1381	3222
1381	3428
1381	826
1381	2405
1381	2565
1381	3139
1381	259
1381	1038
2471	988
2471	974
37	2893
37	3017
37	1570
37	2311
37	1444
652	513
652	2455
652	3434
652	2836
823	2359
513	3819
513	4292
513	3434
513	3106
513	4129
619	727
619	1620
1314	625
1314	3819
1314	2800
1314	945
514	2405
625	4311
625	2404
625	3819
625	2057
625	2844
625	2800
625	945
625	898
625	924
625	2280
625	2838
625	3013
625	906
1542	4085
1542	2441
1542	3264
1542	627
1542	14
1542	3027
1542	1881
1542	984
3187	2188
3187	988
3187	3554
3187	2311
3187	3482
2926	3554
2926	3139
3332	2830
3332	1498
3332	680
3332	2372
3332	2724
3332	2950
3332	4388
3332	2580
3332	1010
3332	1687
1500	3195
1500	133
1500	2620
920	2828
920	2621
920	867
920	3647
920	39
920	1711
920	3231
920	4394
2828	2198
2828	2621
2828	867
2828	3647
2828	39
2828	1711
2828	3231
2828	594
2828	4394
1552	1981
382	2529
382	2936
382	2265
382	1223
382	2201
382	2856
1177	183
1177	3334
1177	3292
1177	2962
1177	2344
1177	925
2251	4297
2251	2405
2251	760
2251	3061
4085	1159
4085	1340
3856	1516
3856	1174
3856	3027
3856	2928
3856	3482
723	1573
723	2958
723	1457
3663	1174
4402	4029
4402	988
4402	176
4402	2311
4402	1883
643	731
2830	2372
2830	2724
2830	117
2830	4388
2830	2580
2830	1010
2830	1687
2830	311
2830	2525
4311	1123
4311	2404
4311	945
4311	2874
3195	275
3195	269
3195	553
3195	198
3195	1235
3195	2146
3195	3139
3195	3730
3195	1224
3195	1637
244	3739
244	3135
244	869
244	814
244	115
244	4092
244	1506
244	4297
244	2549
244	3264
244	2391
244	3261
244	1175
244	730
244	195
244	2637
244	1362
244	1568
244	263
244	2416
244	3563
244	1700
244	3472
244	2608
244	2727
244	74
244	2504
244	2582
3135	2595
3135	3449
2595	1457
4392	1901
4392	3308
3444	2314
3724	2336
3662	3510
404	288
404	4365
1357	501
1357	3128
1357	2766
1357	2032
1357	288
1357	925
1357	2217
1357	3338
1357	3891
709	1309
1854	3510
1854	3368
1854	3128
1854	1812
1854	2262
1854	2514
1854	2032
1854	4186
1854	4425
1854	64
1854	288
1854	2244
1854	3338
1854	4342
1854	4108
1854	306
2770	3181
3045	1364
1780	4073
814	2404
814	2528
814	674
814	3159
814	4292
814	1223
814	239
814	3139
2298	406
3510	1548
3510	1943
3510	3505
3510	1188
3510	2103
3510	288
1736	731
1736	3482
3672	527
3672	3968
3672	147
183	1122
183	1943
183	3334
183	3128
183	440
183	900
183	2755
183	2103
183	4457
183	2032
183	288
183	290
183	2733
183	925
183	4317
2400	4446
4134	242
4134	936
4412	3055
4253	990
4253	993
1993	2958
488	3211
488	597
1656	3554
3368	2755
3368	1466
3368	2344
3368	1480
1525	3554
1525	4002
1122	564
1122	2766
3781	4185
3781	2528
3781	1159
3781	422
3781	4089
3781	3554
3781	3928
3781	1946
3781	1397
2989	933
3598	2057
680	4446
680	2525
720	2455
720	2647
3645	3872
3645	2387
403	3220
1660	994
1660	259
1660	3061
3498	670
3871	178
2636	2917
2636	856
1988	3428
1988	2112
1988	3261
1988	1876
1988	587
1988	2510
3974	2955
3501	2659
3501	2161
3501	3082
3501	2265
3501	2354
3501	503
3501	2642
3501	1678
3501	2155
3501	2551
2946	710
3967	1974
1270	1128
1270	2444
1270	3722
321	2958
321	1457
4017	1445
4017	117
4017	3912
3411	839
4377	198
4377	4446
2455	1192
2455	1188
2455	2405
2455	1137
2455	1240
2455	3270
2455	3872
2455	1588
2455	317
2455	371
2455	437
2455	650
2455	911
2455	1141
2455	1151
2455	1222
2455	1253
2455	2822
2455	1589
4318	2909
2223	3687
1983	58
3841	864
3841	2112
3841	1669
3841	4334
3841	4199
751	127
751	1174
897	1400
806	503
2028	1537
2028	2958
385	2405
385	2873
385	2023
23	43
23	4226
4029	313
4029	1906
690	1457
690	558
327	3819
2659	662
2659	3270
2579	3585
2579	3222
850	2195
850	3872
2955	3554
2955	3139
1123	3585
1123	2383
1123	2091
1123	2362
79	3554
79	1212
79	4168
48	3312
3072	990
1849	3348
1849	3220
214	2405
1563	2405
1184	936
115	3785
3331	2272
2007	3222
2007	2405
3585	3222
3585	4120
3585	3134
3585	2405
3585	3512
3585	4123
3585	842
3585	3753
3585	1669
3585	1654
3585	2884
3585	4130
3585	984
2876	4123
2876	1181
1083	1223
1548	1943
1548	3103
1548	3334
1548	3128
1548	2262
1548	2895
1548	4445
1548	2098
1548	670
1548	3031
1548	2032
1548	209
1548	681
1548	288
1548	779
2801	288
2801	3817
734	306
2893	159
3222	3080
3222	2405
3222	275
3222	2460
3222	3257
3222	988
3222	3990
3222	1669
3222	1157
3222	1424
3222	4094
3222	1252
3222	4334
2295	198
2295	2362
2295	974
2295	665
1192	731
3099	2962
3099	2344
3099	4136
3099	414
3099	3912
1943	3128
1943	68
1943	209
1943	288
3103	2895
3103	4445
3103	2098
3103	670
3103	2835
4351	4425
3505	2884
2350	3428
2350	1876
2350	1733
2350	1881
2917	3512
2917	2188
2917	842
2917	2884
2917	4130
2917	2470
2917	2746
2917	25
3359	3819
3359	3813
3359	2756
3359	558
3359	3139
3359	997
1375	558
3507	3223
3507	2498
3507	3312
3507	2660
3507	3025
3507	14
3507	741
3223	2405
3223	626
3223	1364
3209	1172
3209	2920
2589	4288
2498	3929
3030	3178
3030	3554
3030	3139
1244	1457
872	997
3201	1995
3080	2191
3080	2884
3715	2923
2093	116
2792	2405
304	807
3972	2936
3972	1459
3972	715
4303	3130
4303	4092
4303	1174
4303	1670
172	1223
172	4360
2649	288
3334	3128
3334	2262
3334	2103
3334	2457
3334	2766
3334	2032
3334	4425
3334	288
3334	1547
3334	2244
3334	4342
3818	3128
3818	3914
3818	319
3818	3741
3818	288
3818	306
1106	4149
1106	597
1106	1174
3561	3281
4448	1200
4448	1272
4448	1373
4106	2265
51	3554
1265	3220
1265	2362
1265	373
1265	1341
1265	1555
1265	2628
2365	141
2529	1235
2529	2013
2529	2785
2529	351
2529	1465
2529	2571
1902	3211
1902	423
3278	116
2116	3001
1200	2936
2811	3220
2272	1371
2272	2936
431	3554
4349	259
1189	1537
1189	1054
1189	3554
1189	423
1189	2387
656	96
656	558
656	3270
1134	3554
1322	1457
1322	3554
1787	4211
1079	2103
1079	3027
1079	288
1079	3382
1172	46
1172	547
1172	3504
1172	4147
1088	1573
2404	3211
2404	3819
2404	2844
2404	945
2404	391
4162	3211
4162	3449
3128	1931
3128	3194
3128	1932
3128	2755
3128	4457
3128	558
3128	2344
3128	209
3128	4425
3128	681
3128	1480
3128	288
3128	925
3128	306
3128	4317
1371	2936
1371	1862
1371	3872
1371	887
1371	1465
3178	1718
3178	3827
3178	3499
3178	2624
1718	4292
1718	463
1718	1749
1718	2624
1537	271
1537	380
1537	4159
1537	731
1537	4255
1537	4235
1537	990
1537	1194
1537	1223
1537	83
1537	1285
1537	4077
1537	1207
1537	5
1537	1774
1537	887
1537	499
1537	699
1537	1994
1467	2405
4256	1331
4256	288
1573	4092
1573	901
1573	3292
1573	3689
1573	3872
1573	4334
1573	1702
1573	4380
1573	984
4092	901
4092	3872
4120	1140
4120	380
4120	96
4120	4094
1140	380
2198	3753
2198	2621
2198	3647
2198	39
2198	1711
2198	3231
2881	4094
2881	3139
271	2057
3428	674
3428	2299
4212	1269
4212	988
166	864
166	2528
166	1269
166	674
166	3077
166	866
166	1054
3988	4334
3081	2894
3081	3203
449	2405
449	2958
449	3031
181	2354
2892	2405
618	2405
3211	1194
3211	3001
1198	1186
1198	3281
1198	2158
1198	2155
1206	2299
1206	4265
4455	3554
4455	423
4455	3139
2245	1493
2245	4445
2245	759
4032	558
3819	2057
3819	4147
3819	1876
3819	945
3819	259
3819	2727
3819	1450
3819	2019
3819	2320
3312	603
3312	1235
3312	2541
1819	3593
1819	3264
1819	3429
1819	3895
1819	406
1819	3668
1819	887
1819	3667
1819	4400
380	4390
380	1400
380	597
380	994
380	117
380	1407
2288	112
2288	539
826	3575
826	209
864	3640
864	1669
864	3231
864	3929
864	3077
864	1174
864	2909
864	2928
3735	2958
3735	2188
3735	248
1527	2958
1188	1457
1188	4317
1401	1223
1930	2962
1932	1059
1932	558
1932	2711
286	1457
2279	553
2910	423
3016	990
3016	3077
407	2958
407	1234
3134	1269
3134	3064
2408	2254
2408	3281
2408	1174
2254	2405
2441	1272
2441	106
2441	259
242	936
242	2439
242	1457
242	1223
3289	1916
3213	630
662	936
662	9
3923	2265
3769	3292
3769	2262
3769	677
3769	2344
4297	3139
4297	3065
3780	3281
3956	3301
3956	3554
3613	1740
4220	412
4058	524
2372	2405
2372	2724
2372	1010
2372	1687
3583	2354
3583	3483
2405	2199
2405	1185
2405	4123
2405	714
2405	3985
2405	4322
2405	4224
2405	4451
2405	2767
2405	255
2405	32
2405	4280
2405	1301
2405	3573
2405	3934
2405	68
2405	4030
2405	2929
2405	2275
2405	3929
2405	3847
2405	1568
2405	2541
2405	1170
2405	1621
2405	2079
2405	2962
2405	3104
2405	59
2405	3437
2405	3844
2405	2344
2405	2647
2405	4186
2405	3106
2405	1700
2405	1207
2405	3775
2405	1901
2405	3318
2405	1774
2405	116
2405	120
2405	148
2405	290
2405	478
2405	557
2405	718
2405	729
2405	896
2405	1053
2405	1091
2405	1092
2405	1151
2405	1547
2405	1560
2405	1602
2405	1798
2405	2255
2405	2364
2405	2402
2405	2536
2405	2681
2405	2720
2405	2741
2405	2779
2405	2819
2405	2831
2405	2860
2405	2945
2405	2990
2405	3032
2405	3234
2405	3298
2405	3362
2405	3482
2405	3521
2405	3627
2405	3722
2405	3794
2405	3912
2405	3927
2405	4109
2405	4358
2199	3395
3233	1629
3233	3085
1771	3773
2112	3139
2112	1397
605	1504
605	3954
605	1043
512	3703
1059	1223
1185	3520
1185	1752
3512	988
3512	1585
3512	2705
3512	1224
3512	3064
2983	3518
3640	988
3640	3064
3914	2262
4159	1174
2084	2991
3593	839
3593	3139
3593	2909
2528	32
2528	1680
2528	807
2528	3554
2528	3139
2528	1338
3652	2012
3492	2590
561	4334
2508	674
2508	994
2508	3785
2389	694
2389	997
2389	3482
2590	2958
2750	2958
425	83
2265	1272
2265	981
2265	2354
2265	3952
2265	503
2265	3535
2265	4231
2265	332
2265	3437
2265	2580
2265	2055
2265	3620
1272	981
1272	2354
1272	503
1272	198
1272	4231
1272	2785
1272	2950
1272	2580
1272	2238
981	2354
981	503
981	2950
981	2781
981	3338
981	2274
2354	901
2354	503
2354	867
2354	3657
2354	1052
2354	198
2354	1400
2354	607
2354	3895
2354	2580
2354	191
2354	4334
2354	1474
2354	800
2354	1120
2354	1489
2354	1883
2354	2190
2354	2634
2354	2945
4123	198
4123	4236
3421	461
3421	1174
3421	2387
588	3127
588	2950
588	4446
588	2580
731	901
731	2505
731	58
731	630
731	3845
731	1901
731	887
731	277
731	515
731	1675
731	4203
2195	3576
2195	1568
2477	558
2477	4360
714	3929
714	1223
1269	3753
275	3753
275	3299
1812	2032
1812	1008
1812	4342
3985	1174
3985	159
3985	2708
564	68
564	3196
564	288
564	925
2618	849
2618	3220
936	945
936	1974
936	3554
936	557
936	560
936	596
936	606
936	650
936	1039
936	1151
936	1320
936	1575
936	1602
936	1702
936	2004
936	2725
96	259
2565	1457
3813	2097
4322	4073
4322	1480
8	4292
3167	4387
3952	1361
269	58
2958	262
2958	2326
2958	1974
2958	1174
2958	2685
2958	1043
2958	2496
2958	317
2958	456
2958	464
2958	2217
2958	1996
2958	2238
2958	2450
2958	2485
2958	2779
2958	2819
2958	2835
2958	2836
2958	2890
2958	2932
2958	2960
2958	3393
2958	3427
2958	3531
2958	3758
2958	3817
2958	3905
527	3968
527	1899
527	313
527	1514
527	1174
527	1670
527	3554
527	3098
3968	147
3968	3696
1899	147
1899	1174
1899	2472
313	3220
313	1164
313	1128
313	147
313	1174
313	1670
3569	1174
3569	879
2971	3554
2057	4149
2057	3491
2057	2435
2057	945
2057	2803
2057	2311
2057	770
2057	3905
4149	3491
3491	3617
3138	3554
1781	3554
1781	3482
3576	1598
3576	1054
3576	3139
674	2705
674	1881
1432	951
1432	842
1432	2509
1432	3753
1432	1054
4010	2031
4224	419
4224	1876
3470	259
4451	1873
3301	2767
3301	4243
3301	3474
3301	1235
2767	3327
4283	2849
2310	630
2502	2848
2435	3139
3971	4030
3971	3335
4046	4380
1461	3270
2188	3797
4398	1224
106	3204
106	2221
106	2302
106	1611
3204	558
2221	1836
2460	4334
2460	1131
849	3696
3455	1714
3455	3015
951	2505
951	3220
951	3166
951	1680
951	2219
951	4093
842	1223
4411	1223
901	990
901	3027
2509	553
2509	3127
2509	3017
2509	299
988	3753
988	1157
988	553
988	2884
988	990
988	4445
988	423
988	3343
988	984
1873	1629
2549	3264
2549	147
2549	990
2549	1738
2549	3001
3264	147
3264	990
3264	1738
3264	3001
4257	2711
3504	728
4211	553
4211	2884
4211	1194
4211	1224
4211	577
1765	2013
1765	2562
1765	994
1765	1407
3957	4248
412	159
330	654
524	3017
524	4292
524	2620
1562	3554
1562	3139
4248	159
3012	4073
1598	3554
3990	3064
3753	1285
3753	3064
1669	1157
1669	3346
1669	3554
1669	4334
1669	4417
3827	3220
737	1054
2747	3748
1714	2597
3481	2510
3773	813
3773	1680
3773	2806
3773	1133
3773	906
1157	1465
813	1252
813	879
2505	3220
2505	3166
2505	3554
2505	256
2505	334
3220	56
3220	2219
3220	3829
3220	2884
3220	1568
3220	457
3220	4445
3220	2438
3220	263
3220	2514
3220	3554
3220	2351
3220	4082
3220	2371
3220	240
3220	3098
3220	1826
3220	148
3220	334
3220	178
3220	270
3220	277
3220	381
3220	896
3220	1251
3220	1695
3220	2065
3220	3291
3220	2244
3220	2444
3220	2979
3220	3050
3220	3327
3220	3883
3220	3933
3220	4021
3220	4047
3220	4436
3166	3276
3292	2262
3292	3276
3292	3139
3292	3741
3292	3815
3292	1480
3292	925
3292	2990
3292	3181
1680	3281
1680	3554
1680	1010
1680	2872
1680	1133
56	3554
56	6
2219	2872
2219	1364
1514	147
1514	3434
2493	1251
1435	1447
1447	2032
1447	288
1832	1252
72	1252
72	1738
1159	1876
1159	3153
1159	2263
1261	1054
2474	3482
2621	867
2621	3647
2621	39
2621	1711
2621	3231
2621	3554
2621	1620
2621	2194
2621	4394
503	687
503	239
3091	3003
63	338
63	1039
440	2344
867	4144
867	39
867	3231
867	3061
308	3027
1504	4144
4280	4144
1301	2545
2844	1823
1739	248
182	3554
1275	2479
1275	699
1275	4063
3863	117
3863	155
3863	3198
3863	423
3863	3318
3863	1521
3863	1341
90	3318
2853	3347
2853	4153
2853	3046
2853	3
2853	3318
3347	4153
3347	3046
3347	3
2212	3942
760	1457
891	3756
3756	3573
3756	2135
3756	3895
3573	877
3573	807
1980	807
2600	3657
877	807
877	1646
877	1551
3657	3117
807	597
807	2075
807	1223
2000	1867
2000	2024
3647	39
3647	1711
3647	3231
3647	4394
461	58
461	597
3261	198
3261	2299
3261	2909
3261	924
701	3554
230	2696
4144	1052
4144	457
4144	2416
4144	2451
4144	3434
4144	1335
2262	900
2262	2755
2262	2344
2262	209
2262	306
2262	4317
1199	1457
1654	1252
118	4292
118	59
3734	3798
4147	2597
4147	4221
1263	3281
1263	776
900	2344
900	925
900	2923
900	306
2755	3622
2755	2032
2755	4342
2755	306
1608	294
294	1457
627	4231
627	3847
627	3208
627	4352
627	14
627	3027
1024	1343
4251	2597
4251	2075
3395	3031
1164	4390
1164	1398
1164	3408
1164	1234
1164	1128
1164	2013
1164	1362
1164	1400
1164	1876
1164	2078
1164	597
1164	2562
1164	994
1164	1881
1164	2605
1164	2887
4390	1398
4390	1234
4390	2013
4390	3872
1398	2013
1398	1637
3408	2013
3408	1400
2091	83
3622	681
3622	288
1445	3800
1445	3880
68	209
1175	3554
1175	3139
553	3398
553	2785
553	1005
553	3270
553	3689
553	209
553	2909
2724	4446
2724	4388
2724	1010
2724	1687
2724	2525
3127	4446
1052	198
198	4446
198	2416
198	259
198	2608
198	617
1828	3281
1828	3554
4094	2771
4094	4334
565	3554
3539	306
2756	3869
730	423
730	3139
730	974
730	196
730	454
39	1711
39	3309
39	3231
39	4394
122	234
122	1751
1711	4394
2687	1174
1234	2013
4274	1224
1093	2962
2108	288
603	1223
603	3689
3203	2746
3203	3689
3159	1862
248	1836
248	1738
248	1038
248	2620
248	3343
248	3409
1128	1286
1128	2013
1128	1400
1128	1876
1128	2078
1128	597
1128	2562
1128	994
1128	2127
1128	451
1128	932
1296	994
2362	3343
1286	2863
1235	3120
1235	58
1235	3954
1235	994
1235	1194
1235	3554
1235	3001
3120	58
3120	2299
3575	3077
3575	866
848	945
848	260
4030	1340
1520	1054
628	2660
4110	3139
4110	4352
3277	4203
727	2597
727	1054
727	259
58	2299
2299	2444
802	2771
2482	3872
630	4374
2660	2024
3281	1174
3281	259
3281	3164
3293	2759
3293	3027
3293	1211
3980	866
3980	4334
523	626
3231	239
3231	2803
3231	240
419	3554
419	888
419	339
1729	1223
3025	3844
3025	676
147	1174
147	1670
147	3098
3954	2275
3954	283
3954	1457
3954	6
2275	283
2275	1457
283	1457
283	3929
1457	3929
1457	2558
1457	888
1457	1733
1457	801
1457	74
1457	745
1457	2306
1457	2519
1457	1341
3499	3929
3499	1830
2637	3929
1011	3752
1011	763
2991	4073
4216	4334
4216	3217
2013	1362
2013	1400
2013	597
2013	2562
2013	994
2013	97
2013	1252
2013	1174
2013	1407
1362	1400
1362	597
1362	2562
1362	994
1362	1407
1400	597
1400	2562
1400	994
1876	2562
1876	994
1876	500
1876	1407
538	2024
597	2562
597	994
597	1407
3752	3737
2562	994
2562	1407
994	1223
994	3335
994	2974
994	1407
4231	14
97	2402
3126	2554
4130	1224
4130	3064
3346	2705
2908	4400
3873	1397
486	3563
1066	4325
677	3265
3847	1738
3847	14
3847	344
1802	3174
910	3554
4292	990
4292	694
4292	1407
990	4361
990	83
990	3001
990	243
990	1450
990	2424
1390	558
1390	4352
1390	2909
1194	1285
1194	423
1568	4352
1568	2327
1568	3308
1568	3883
184	176
2564	191
2728	191
2558	1174
2558	191
2597	1688
2862	1570
2862	2075
2862	4361
2895	670
2895	519
2895	1847
2895	4394
1570	423
117	839
117	2580
117	1049
117	3741
117	1473
117	3318
117	25
117	506
117	626
117	2599
117	3746
4445	2098
4445	670
4445	3451
2098	670
3031	288
2075	4361
2962	681
2962	2542
2962	43
2962	288
2962	989
2962	2693
1223	9
1223	4334
1223	1474
1223	1340
1223	295
1223	353
1223	499
1223	924
1223	925
1223	1056
1223	1197
1223	1373
1223	2671
1223	3699
1223	4055
1223	4065
1223	4119
2987	3139
2987	3007
2457	3482
4457	2032
4457	209
4457	288
4457	2582
408	2472
2146	1285
2146	1738
2785	3554
694	1210
694	1881
1823	759
2800	945
239	866
239	3554
239	2444
1554	1054
3606	1054
2242	1054
3282	3027
3077	866
3077	3343
866	3554
866	1311
558	3208
558	3317
558	3552
3437	3458
3437	3483
945	260
945	860
945	924
945	1512
945	2280
945	3013
945	3365
945	3642
83	2281
83	1480
83	3001
83	3362
839	2599
4141	515
2806	2753
3748	3270
2950	4446
2766	348
4360	2720
4446	4388
4446	2580
4446	3554
4446	423
4446	3139
4446	3061
4446	3799
27	1049
4073	1743
4073	3198
4073	3741
1054	3434
1054	3872
1054	3247
395	2302
395	2620
395	1349
2759	1100
4121	2414
4121	3056
2032	2344
2032	1480
2032	306
2032	4317
4388	1010
4388	2525
2580	2525
1016	2201
1016	1521
1016	1547
1016	2421
1016	2628
2416	2525
4089	3509
2451	3554
2451	3139
2344	209
2344	288
2344	1077
2344	2744
3270	423
3270	1688
3270	2879
1974	1174
1974	928
1974	2753
1974	4422
3198	4289
3788	801
1285	3554
1285	1224
1174	1670
1174	4129
1174	3977
1174	1108
1174	3674
1174	3098
1174	887
1174	128
1174	506
1174	1822
1174	1851
1174	2277
1174	2490
1174	2711
1174	2741
1174	3248
1174	3308
1174	3358
1174	3589
1174	3682
1174	3722
1174	3799
1174	4192
1670	3434
2803	3554
2803	3139
159	1981
3554	2211
3554	2343
3554	1738
3554	1700
3554	3116
3554	1038
3554	1826
3554	270
3554	1830
3554	2472
3554	2753
3554	2898
3554	2990
3554	3007
3554	3343
3554	2504
3554	3449
3554	4383
2686	2472
2746	500
2746	3689
2127	4362
4289	1981
3310	1981
3872	2209
3872	2346
3872	1397
3872	3817
3872	2411
2401	1677
423	776
423	1010
423	4034
423	4206
423	2633
423	506
423	535
423	4373
776	647
9	2158
4077	1207
2874	3817
1010	1687
1010	879
1010	2525
3015	2226
142	4199
3139	1700
3139	1944
3139	3674
3139	2515
3139	2793
3139	270
3139	510
3139	1354
3139	1881
3139	1946
3139	2011
3139	3343
3139	2504
3139	2628
1700	3500
1049	3741
1049	1473
1049	2633
1049	3318
1049	288
3741	1473
3741	3318
2292	4266
2292	2727
2292	3483
4266	2871
3472	577
4425	288
4425	392
259	3366
259	3164
259	879
259	3361
3105	3702
2773	2012
3153	1340
3062	3875
2608	1237
1237	43
1237	1341
681	288
681	1569
4136	456
4136	2225
2415	799
3674	1648
2909	1224
1224	2271
2371	1131
3876	1502
2033	116
1567	116
1901	4034
1901	2542
260	2515
260	4034
260	1679
2515	4034
4034	2542
234	2922
4153	3046
4153	3
2414	3056
3046	3
1473	3318
1473	2599
2633	1060
2633	2194
2633	1928
1060	2194
1060	887
1480	66
1480	288
1480	4342
3318	2599
3869	747
41	541
1774	3482
3098	334
2158	1721
887	3482
66	288
66	4317
116	1210
215	2624
288	925
288	2696
288	2744
288	2923
288	3382
288	306
288	4317
290	2336
344	1077
391	703
456	779
519	1749
519	1751
519	2067
541	1601
548	1228
606	2836
636	2507
721	1056
763	1521
763	1547
861	3290
925	2244
944	4108
1056	2990
1075	2228
1077	306
1092	3817
1131	4063
1277	2255
1335	2080
1335	2624
1338	4199
1343	3010
1346	3003
1361	4358
1411	4312
1521	1547
1521	4189
1521	373
1521	3637
1521	1341
1521	1555
1521	2628
1521	3483
1547	3612
1547	4189
1547	373
1547	3637
1547	1341
1547	1555
1547	2628
1547	3483
1594	2990
1594	4342
1770	2838
1872	3667
1922	3482
2012	3064
3612	4342
3612	373
3612	3637
3612	1341
3612	1555
3612	2628
3612	3483
2040	4088
2222	3687
2228	1589
2352	3482
2525	3061
2525	2504
2567	3482
2634	3737
2835	3482
2836	3210
2923	3357
2990	4342
3036	3061
3287	1397
3500	3642
3500	4199
3568	4045
3702	3812
3749	4063
4342	4317
2628	3483
3712	3227
2265	3227
3741	1356
2519	3519
2405	1490
248	2537
1342	511
3431	511
544	511
2386	511
3264	511
2091	511
990	511
4099	511
83	511
2012	511
2385	3677
694	3677
558	3677
997	3677
990	2850
3841	2972
3222	2972
269	2972
2362	2972
58	2972
3730	2972
2024	2972
704	2596
763	2596
3554	44
2405	2857
198	2857
3252	1342
2237	1342
320	1342
3616	1342
431	1342
4297	1342
1873	1342
524	1342
3934	1342
2884	1342
3231	1342
990	1342
4099	1342
3472	1342
2122	1342
3001	1342
3027	2762
3532	3939
1516	3939
461	3939
495	3939
4360	3939
3139	3939
896	3939
3415	3939
4353	3939
4380	3939
659	3399
2796	3399
988	3399
288	460
1355	459
2365	459
2924	704
3060	704
3125	704
897	704
38	704
2528	704
3788	704
423	704
3674	704
25	704
2472	704
2795	704
181	1168
3895	1355
2195	855
674	855
1296	855
2817	3252
2265	659
503	659
3554	659
4297	890
2401	890
776	890
3869	890
2385	3525
3153	3525
2707	1422
2027	3816
2471	1764
3781	1518
2528	1518
3688	345
2405	345
1457	345
2405	438
2354	438
3541	530
786	530
2817	530
2471	530
786	3541
2471	3541
2817	786
2471	2817
4228	3297
1663	3297
2958	3297
3139	3297
1343	3297
2295	4228
3980	1990
3310	1990
3571	1990
2379	2339
4303	2339
4343	2553
1831	2553
2865	2553
1552	2553
97	2553
3554	2553
1831	4343
2865	4343
2865	1831
173	1831
599	2232
2405	2379
1174	3111
1712	190
1357	4454
1854	4454
4256	4454
4425	4454
2464	3024
347	3024
544	3024
2386	3024
2405	3024
4094	3024
347	2464
544	2464
2386	2464
2549	2464
3264	2464
3159	1481
544	347
2386	347
2549	347
3264	347
3143	347
1174	347
2923	347
4111	3679
288	3679
1623	629
990	3764
3554	3764
2354	3824
1774	3431
887	3431
733	983
4112	983
3291	1965
2386	544
186	544
3616	544
2385	544
327	544
2529	544
4224	544
2549	544
3264	544
730	544
58	544
994	544
694	544
558	544
3554	544
888	544
3264	2386
1573	2237
166	2237
864	2237
524	2237
702	2805
1122	4459
1548	4459
734	4459
288	4459
1077	4459
1947	599
1736	599
4351	599
3561	599
3128	599
2283	599
3813	599
1084	599
887	599
615	599
1996	599
2691	599
3837	599
1174	3532
2405	3423
2540	1663
720	2491
2958	2491
3292	589
3139	939
1473	939
1457	4384
117	1238
1995	4107
1536	4357
867	4357
1536	3060
3235	3060
3332	3060
723	3060
4392	3060
2455	3060
3585	3060
1573	3060
4443	3060
3211	3060
1873	3060
4248	3060
1680	3060
2219	3060
867	3060
2262	3060
1052	3060
2201	3060
2647	3060
3198	3060
159	3060
423	3060
3139	3060
887	3060
506	3060
1364	3060
2822	3060
1542	1376
2811	1376
731	1376
1286	1376
1390	1376
558	1376
2909	1376
3137	1376
4248	609
97	609
1390	609
2201	609
3061	609
3153	3580
1340	3580
2502	639
3715	987
319	987
4425	987
3192	987
2429	2965
2111	2965
2021	2965
2216	2965
2100	2965
2455	2965
2007	2965
555	2965
2498	2965
2811	2965
3178	2965
2035	2965
3424	2965
2528	2965
981	2965
313	2965
638	2965
3292	2965
3950	2965
2294	2965
2275	2965
2849	2965
2079	2965
1250	2965
4446	2965
3121	2965
2127	2965
2343	2965
2515	2965
2414	2965
3098	2965
657	2965
699	2965
1033	2965
1039	2965
1373	2965
1411	2965
1440	2965
1966	2965
3612	2965
2047	2965
2067	2965
3291	2965
2170	2965
2225	2965
2428	2965
2444	2965
3090	2965
3284	2965
3308	2965
3653	2965
3731	2965
4401	2965
2429	4323
2405	4323
2429	526
3152	980
2429	980
0	980
2429	3152
0	3152
186	2429
0	2429
662	2429
1381	186
4311	186
1573	186
558	186
3785	186
1223	429
1995	429
3192	429
3421	3235
3449	3235
2801	1763
2470	1763
814	2189
4448	2189
2936	2189
3211	2189
3819	2189
2549	2189
3264	2189
3957	2189
1005	2189
1620	2189
3001	2189
2020	3049
945	3049
4079	3049
37	320
1570	320
776	320
2311	320
1133	320
1500	1280
106	1280
558	1280
3785	1280
37	4240
1902	4240
3957	4240
2660	4240
1194	4240
1496	4240
4445	2021
2098	2021
2079	2021
839	2021
478	2196
694	1809
558	1809
2528	420
3153	420
3421	2216
2057	2216
3554	2216
3139	2216
3027	2216
3482	2216
866	1312
773	1300
2139	1300
2936	1300
710	1300
727	1300
715	1300
3554	1300
1373	1300
2943	773
3445	773
111	773
796	773
3561	773
3634	773
710	773
3615	773
195	773
1585	773
2871	773
2958	2357
3169	2357
619	3616
722	3616
3211	3616
2549	3616
3264	3616
3934	3616
3211	2139
2549	2139
3264	2139
3934	2139
2660	2139
2514	2139
2708	2139
51	2943
945	2943
3847	3445
2354	2707
630	2707
380	2752
2265	4179
2007	883
2377	883
503	3685
814	2796
864	2796
561	2796
2460	2796
3753	2796
1669	2796
1157	2796
2884	2796
4334	2796
112	2796
499	2796
1311	2796
2264	2796
4029	3197
3003	483
3332	493
4200	1947
3781	1947
2223	1947
751	1947
1563	1947
3623	1947
3099	1947
2404	1947
3178	1947
2288	1947
2549	1947
3264	1947
4248	1947
3091	1947
480	1947
2262	1947
4041	1947
627	1947
1093	1947
1430	1947
4231	1947
83	1947
2281	1947
4161	1947
1010	1947
3741	1947
1480	1947
636	1947
657	1947
736	1947
745	1947
1222	1947
1674	1947
2643	1947
3186	1947
3362	1947
3482	1947
3880	1947
2582	1947
4428	1334
4360	1334
4239	4200
2529	4200
3554	4200
3139	4200
1988	3075
2876	3075
2350	3075
1598	3075
3215	3125
2405	3125
877	3125
3554	3125
3448	3125
2226	3937
2242	3383
3872	3383
588	4250
731	4250
4257	4250
3175	4250
1296	4250
2950	4250
3554	4250
2416	3215
1542	2385
807	2385
3647	2385
2884	2385
2705	2385
2525	2385
3208	2259
3222	1381
3428	1381
826	1381
2405	1381
2565	1381
3139	1381
259	1381
1038	1381
988	2471
974	2471
2893	37
3017	37
1570	37
2311	37
1444	37
513	652
2455	652
3434	652
2836	652
2359	823
3819	513
4292	513
3434	513
3106	513
4129	513
727	619
1620	619
625	1314
3819	1314
2800	1314
945	1314
2405	514
4311	625
2404	625
3819	625
2057	625
2844	625
2800	625
945	625
898	625
924	625
2280	625
2838	625
3013	625
906	625
4085	1542
2441	1542
3264	1542
627	1542
14	1542
3027	1542
1881	1542
984	1542
2188	3187
988	3187
3554	3187
2311	3187
3482	3187
3554	2926
3139	2926
2830	3332
1498	3332
680	3332
2372	3332
2724	3332
2950	3332
4388	3332
2580	3332
1010	3332
1687	3332
3195	1500
133	1500
2620	1500
2828	920
2621	920
867	920
3647	920
39	920
1711	920
3231	920
4394	920
2198	2828
2621	2828
867	2828
3647	2828
39	2828
1711	2828
3231	2828
594	2828
4394	2828
1981	1552
2529	382
2936	382
2265	382
1223	382
2201	382
2856	382
183	1177
3334	1177
3292	1177
2962	1177
2344	1177
925	1177
4297	2251
2405	2251
760	2251
3061	2251
1159	4085
1340	4085
1516	3856
1174	3856
3027	3856
2928	3856
3482	3856
1573	723
2958	723
1457	723
1174	3663
4029	4402
988	4402
176	4402
2311	4402
1883	4402
731	643
2372	2830
2724	2830
117	2830
4388	2830
2580	2830
1010	2830
1687	2830
311	2830
2525	2830
1123	4311
2404	4311
945	4311
2874	4311
275	3195
269	3195
553	3195
198	3195
1235	3195
2146	3195
3139	3195
3730	3195
1224	3195
1637	3195
3739	244
3135	244
869	244
814	244
115	244
4092	244
1506	244
4297	244
2549	244
3264	244
2391	244
3261	244
1175	244
730	244
195	244
2637	244
1362	244
1568	244
263	244
2416	244
3563	244
1700	244
3472	244
2608	244
2727	244
74	244
2504	244
2582	244
2595	3135
3449	3135
1457	2595
1901	4392
3308	4392
2314	3444
2336	3724
3510	3662
288	404
4365	404
501	1357
3128	1357
2766	1357
2032	1357
288	1357
925	1357
2217	1357
3338	1357
3891	1357
1309	709
3510	1854
3368	1854
3128	1854
1812	1854
2262	1854
2514	1854
2032	1854
4186	1854
4425	1854
64	1854
288	1854
2244	1854
3338	1854
4342	1854
4108	1854
306	1854
3181	2770
1364	3045
4073	1780
2404	814
2528	814
674	814
3159	814
4292	814
1223	814
239	814
3139	814
406	2298
1548	3510
1943	3510
3505	3510
1188	3510
2103	3510
288	3510
731	1736
3482	1736
527	3672
3968	3672
147	3672
1122	183
1943	183
3334	183
3128	183
440	183
900	183
2755	183
2103	183
4457	183
2032	183
288	183
290	183
2733	183
925	183
4317	183
4446	2400
242	4134
936	4134
3055	4412
990	4253
993	4253
2958	1993
3211	488
597	488
3554	1656
2755	3368
1466	3368
2344	3368
1480	3368
3554	1525
4002	1525
564	1122
2766	1122
4185	3781
2528	3781
1159	3781
422	3781
4089	3781
3554	3781
3928	3781
1946	3781
1397	3781
933	2989
2057	3598
4446	680
2525	680
2455	720
2647	720
3872	3645
2387	3645
3220	403
994	1660
259	1660
3061	1660
670	3498
178	3871
2917	2636
856	2636
3428	1988
2112	1988
3261	1988
1876	1988
587	1988
2510	1988
2955	3974
2659	3501
2161	3501
3082	3501
2265	3501
2354	3501
503	3501
2642	3501
1678	3501
2155	3501
2551	3501
710	2946
1974	3967
1128	1270
2444	1270
3722	1270
2958	321
1457	321
1445	4017
117	4017
3912	4017
839	3411
198	4377
4446	4377
1192	2455
1188	2455
2405	2455
1137	2455
1240	2455
3270	2455
3872	2455
1588	2455
317	2455
371	2455
437	2455
650	2455
911	2455
1141	2455
1151	2455
1222	2455
1253	2455
2822	2455
1589	2455
2909	4318
3687	2223
58	1983
864	3841
2112	3841
1669	3841
4334	3841
4199	3841
127	751
1174	751
1400	897
503	806
1537	2028
2958	2028
2405	385
2873	385
2023	385
43	23
4226	23
313	4029
1906	4029
1457	690
558	690
3819	327
662	2659
3270	2659
3585	2579
3222	2579
2195	850
3872	850
3554	2955
3139	2955
3585	1123
2383	1123
2091	1123
2362	1123
3554	79
1212	79
4168	79
3312	48
990	3072
3348	1849
3220	1849
2405	214
2405	1563
936	1184
3785	115
2272	3331
3222	2007
2405	2007
3222	3585
4120	3585
3134	3585
2405	3585
3512	3585
4123	3585
842	3585
3753	3585
1669	3585
1654	3585
2884	3585
4130	3585
984	3585
4123	2876
1181	2876
1223	1083
1943	1548
3103	1548
3334	1548
3128	1548
2262	1548
2895	1548
4445	1548
2098	1548
670	1548
3031	1548
2032	1548
209	1548
681	1548
288	1548
779	1548
288	2801
3817	2801
306	734
159	2893
3080	3222
2405	3222
275	3222
2460	3222
3257	3222
988	3222
3990	3222
1669	3222
1157	3222
1424	3222
4094	3222
1252	3222
4334	3222
198	2295
2362	2295
974	2295
665	2295
731	1192
2962	3099
2344	3099
4136	3099
414	3099
3912	3099
3128	1943
68	1943
209	1943
288	1943
2895	3103
4445	3103
2098	3103
670	3103
2835	3103
4425	4351
2884	3505
3428	2350
1876	2350
1733	2350
1881	2350
3512	2917
2188	2917
842	2917
2884	2917
4130	2917
2470	2917
2746	2917
25	2917
3819	3359
3813	3359
2756	3359
558	3359
3139	3359
997	3359
558	1375
3223	3507
2498	3507
3312	3507
2660	3507
3025	3507
14	3507
741	3507
2405	3223
626	3223
1364	3223
1172	3209
2920	3209
4288	2589
3929	2498
3178	3030
3554	3030
3139	3030
1457	1244
997	872
1995	3201
2191	3080
2884	3080
2923	3715
116	2093
2405	2792
807	304
2936	3972
1459	3972
715	3972
3130	4303
4092	4303
1174	4303
1670	4303
1223	172
4360	172
288	2649
3128	3334
2262	3334
2103	3334
2457	3334
2766	3334
2032	3334
4425	3334
288	3334
1547	3334
2244	3334
4342	3334
3128	3818
3914	3818
319	3818
3741	3818
288	3818
306	3818
4149	1106
597	1106
1174	1106
3281	3561
1200	4448
1272	4448
1373	4448
2265	4106
3554	51
3220	1265
2362	1265
373	1265
1341	1265
1555	1265
2628	1265
141	2365
1235	2529
2013	2529
2785	2529
351	2529
1465	2529
2571	2529
3211	1902
423	1902
116	3278
3001	2116
2936	1200
3220	2811
1371	2272
2936	2272
3554	431
259	4349
1537	1189
1054	1189
3554	1189
423	1189
2387	1189
96	656
558	656
3270	656
3554	1134
1457	1322
3554	1322
4211	1787
2103	1079
3027	1079
288	1079
3382	1079
46	1172
547	1172
3504	1172
4147	1172
1573	1088
3211	2404
3819	2404
2844	2404
945	2404
391	2404
3211	4162
3449	4162
1931	3128
3194	3128
1932	3128
2755	3128
4457	3128
558	3128
2344	3128
209	3128
4425	3128
681	3128
1480	3128
288	3128
925	3128
306	3128
4317	3128
2936	1371
1862	1371
3872	1371
887	1371
1465	1371
1718	3178
3827	3178
3499	3178
2624	3178
4292	1718
463	1718
1749	1718
2624	1718
271	1537
380	1537
4159	1537
731	1537
4255	1537
4235	1537
990	1537
1194	1537
1223	1537
83	1537
1285	1537
4077	1537
1207	1537
5	1537
1774	1537
887	1537
499	1537
699	1537
1994	1537
2405	1467
1331	4256
288	4256
4092	1573
901	1573
3292	1573
3689	1573
3872	1573
4334	1573
1702	1573
4380	1573
984	1573
901	4092
3872	4092
1140	4120
380	4120
96	4120
4094	4120
380	1140
3753	2198
2621	2198
3647	2198
39	2198
1711	2198
3231	2198
4094	2881
3139	2881
2057	271
674	3428
2299	3428
1269	4212
988	4212
864	166
2528	166
1269	166
674	166
3077	166
866	166
1054	166
4334	3988
2894	3081
3203	3081
2405	449
2958	449
3031	449
2354	181
2405	2892
2405	618
1194	3211
3001	3211
1186	1198
3281	1198
2158	1198
2155	1198
2299	1206
4265	1206
3554	4455
423	4455
3139	4455
1493	2245
4445	2245
759	2245
558	4032
2057	3819
4147	3819
1876	3819
945	3819
259	3819
2727	3819
1450	3819
2019	3819
2320	3819
603	3312
1235	3312
2541	3312
3593	1819
3264	1819
3429	1819
3895	1819
406	1819
3668	1819
887	1819
3667	1819
4400	1819
4390	380
1400	380
597	380
994	380
117	380
1407	380
112	2288
539	2288
3575	826
209	826
3640	864
1669	864
3231	864
3929	864
3077	864
1174	864
2909	864
2928	864
2958	3735
2188	3735
248	3735
2958	1527
1457	1188
4317	1188
1223	1401
2962	1930
1059	1932
558	1932
2711	1932
1457	286
553	2279
423	2910
990	3016
3077	3016
2958	407
1234	407
1269	3134
3064	3134
2254	2408
3281	2408
1174	2408
2405	2254
1272	2441
106	2441
259	2441
936	242
2439	242
1457	242
1223	242
1916	3289
630	3213
936	662
9	662
2265	3923
3292	3769
2262	3769
677	3769
2344	3769
3139	4297
3065	4297
3281	3780
3301	3956
3554	3956
1740	3613
412	4220
524	4058
2405	2372
2724	2372
1010	2372
1687	2372
2354	3583
3483	3583
2199	2405
1185	2405
4123	2405
714	2405
3985	2405
4322	2405
4224	2405
4451	2405
2767	2405
255	2405
32	2405
4280	2405
1301	2405
3573	2405
3934	2405
68	2405
4030	2405
2929	2405
2275	2405
3929	2405
3847	2405
1568	2405
2541	2405
1170	2405
1621	2405
2079	2405
2962	2405
3104	2405
59	2405
3437	2405
3844	2405
2344	2405
2647	2405
4186	2405
3106	2405
1700	2405
1207	2405
3775	2405
1901	2405
3318	2405
1774	2405
116	2405
120	2405
148	2405
290	2405
478	2405
557	2405
718	2405
729	2405
896	2405
1053	2405
1091	2405
1092	2405
1151	2405
1547	2405
1560	2405
1602	2405
1798	2405
2255	2405
2364	2405
2402	2405
2536	2405
2681	2405
2720	2405
2741	2405
2779	2405
2819	2405
2831	2405
2860	2405
2945	2405
2990	2405
3032	2405
3234	2405
3298	2405
3362	2405
3482	2405
3521	2405
3627	2405
3722	2405
3794	2405
3912	2405
3927	2405
4109	2405
4358	2405
3395	2199
1629	3233
3085	3233
3773	1771
3139	2112
1397	2112
1504	605
3954	605
1043	605
3703	512
1223	1059
3520	1185
1752	1185
988	3512
1585	3512
2705	3512
1224	3512
3064	3512
3518	2983
988	3640
3064	3640
2262	3914
1174	4159
2991	2084
839	3593
3139	3593
2909	3593
32	2528
1680	2528
807	2528
3554	2528
3139	2528
1338	2528
2012	3652
2590	3492
4334	561
674	2508
994	2508
3785	2508
694	2389
997	2389
3482	2389
2958	2590
2958	2750
83	425
1272	2265
981	2265
2354	2265
3952	2265
503	2265
3535	2265
4231	2265
332	2265
3437	2265
2580	2265
2055	2265
3620	2265
981	1272
2354	1272
503	1272
198	1272
4231	1272
2785	1272
2950	1272
2580	1272
2238	1272
2354	981
503	981
2950	981
2781	981
3338	981
2274	981
901	2354
503	2354
867	2354
3657	2354
1052	2354
198	2354
1400	2354
607	2354
3895	2354
2580	2354
191	2354
4334	2354
1474	2354
800	2354
1120	2354
1489	2354
1883	2354
2190	2354
2634	2354
2945	2354
198	4123
4236	4123
461	3421
1174	3421
2387	3421
3127	588
2950	588
4446	588
2580	588
901	731
2505	731
58	731
630	731
3845	731
1901	731
887	731
277	731
515	731
1675	731
4203	731
3576	2195
1568	2195
558	2477
4360	2477
3929	714
1223	714
3753	1269
3753	275
3299	275
2032	1812
1008	1812
4342	1812
1174	3985
159	3985
2708	3985
68	564
3196	564
288	564
925	564
849	2618
3220	2618
945	936
1974	936
3554	936
557	936
560	936
596	936
606	936
650	936
1039	936
1151	936
1320	936
1575	936
1602	936
1702	936
2004	936
2725	936
259	96
1457	2565
2097	3813
4073	4322
1480	4322
4292	8
4387	3167
1361	3952
58	269
262	2958
2326	2958
1974	2958
1174	2958
2685	2958
1043	2958
2496	2958
317	2958
456	2958
464	2958
2217	2958
1996	2958
2238	2958
2450	2958
2485	2958
2779	2958
2819	2958
2835	2958
2836	2958
2890	2958
2932	2958
2960	2958
3393	2958
3427	2958
3531	2958
3758	2958
3817	2958
3905	2958
3968	527
1899	527
313	527
1514	527
1174	527
1670	527
3554	527
3098	527
147	3968
3696	3968
147	1899
1174	1899
2472	1899
3220	313
1164	313
1128	313
147	313
1174	313
1670	313
1174	3569
879	3569
3554	2971
4149	2057
3491	2057
2435	2057
945	2057
2803	2057
2311	2057
770	2057
3905	2057
3491	4149
3617	3491
3554	3138
3554	1781
3482	1781
1598	3576
1054	3576
3139	3576
2705	674
1881	674
951	1432
842	1432
2509	1432
3753	1432
1054	1432
2031	4010
419	4224
1876	4224
259	3470
1873	4451
2767	3301
4243	3301
3474	3301
1235	3301
3327	2767
2849	4283
630	2310
2848	2502
3139	2435
4030	3971
3335	3971
4380	4046
3270	1461
3797	2188
1224	4398
3204	106
2221	106
2302	106
1611	106
558	3204
1836	2221
4334	2460
1131	2460
3696	849
1714	3455
3015	3455
2505	951
3220	951
3166	951
1680	951
2219	951
4093	951
1223	842
1223	4411
990	901
3027	901
553	2509
3127	2509
3017	2509
299	2509
3753	988
1157	988
553	988
2884	988
990	988
4445	988
423	988
3343	988
984	988
1629	1873
3264	2549
147	2549
990	2549
1738	2549
3001	2549
147	3264
990	3264
1738	3264
3001	3264
2711	4257
728	3504
553	4211
2884	4211
1194	4211
1224	4211
577	4211
2013	1765
2562	1765
994	1765
1407	1765
4248	3957
159	412
654	330
3017	524
4292	524
2620	524
3554	1562
3139	1562
159	4248
4073	3012
3554	1598
3064	3990
1285	3753
3064	3753
1157	1669
3346	1669
3554	1669
4334	1669
4417	1669
3220	3827
1054	737
3748	2747
2597	1714
2510	3481
813	3773
1680	3773
2806	3773
1133	3773
906	3773
1465	1157
1252	813
879	813
3220	2505
3166	2505
3554	2505
256	2505
334	2505
56	3220
2219	3220
3829	3220
2884	3220
1568	3220
457	3220
4445	3220
2438	3220
263	3220
2514	3220
3554	3220
2351	3220
4082	3220
2371	3220
240	3220
3098	3220
1826	3220
148	3220
334	3220
178	3220
270	3220
277	3220
381	3220
896	3220
1251	3220
1695	3220
2065	3220
3291	3220
2244	3220
2444	3220
2979	3220
3050	3220
3327	3220
3883	3220
3933	3220
4021	3220
4047	3220
4436	3220
3276	3166
2262	3292
3276	3292
3139	3292
3741	3292
3815	3292
1480	3292
925	3292
2990	3292
3181	3292
3281	1680
3554	1680
1010	1680
2872	1680
1133	1680
3554	56
6	56
2872	2219
1364	2219
147	1514
3434	1514
1251	2493
1447	1435
2032	1447
288	1447
1252	1832
1252	72
1738	72
1876	1159
3153	1159
2263	1159
1054	1261
3482	2474
867	2621
3647	2621
39	2621
1711	2621
3231	2621
3554	2621
1620	2621
2194	2621
4394	2621
687	503
239	503
3003	3091
338	63
1039	63
2344	440
4144	867
39	867
3231	867
3061	867
3027	308
4144	1504
4144	4280
2545	1301
1823	2844
248	1739
3554	182
2479	1275
699	1275
4063	1275
117	3863
155	3863
3198	3863
423	3863
3318	3863
1521	3863
1341	3863
3318	90
3347	2853
4153	2853
3046	2853
3	2853
3318	2853
4153	3347
3046	3347
3	3347
3942	2212
1457	760
3756	891
3573	3756
2135	3756
3895	3756
877	3573
807	3573
807	1980
3657	2600
807	877
1646	877
1551	877
3117	3657
597	807
2075	807
1223	807
1867	2000
2024	2000
39	3647
1711	3647
3231	3647
4394	3647
58	461
597	461
198	3261
2299	3261
2909	3261
924	3261
3554	701
2696	230
1052	4144
457	4144
2416	4144
2451	4144
3434	4144
1335	4144
900	2262
2755	2262
2344	2262
209	2262
306	2262
4317	2262
1457	1199
1252	1654
4292	118
59	118
3798	3734
2597	4147
4221	4147
3281	1263
776	1263
2344	900
925	900
2923	900
306	900
3622	2755
2032	2755
4342	2755
306	2755
294	1608
1457	294
4231	627
3847	627
3208	627
4352	627
14	627
3027	627
1343	1024
2597	4251
2075	4251
3031	3395
4390	1164
1398	1164
3408	1164
1234	1164
1128	1164
2013	1164
1362	1164
1400	1164
1876	1164
2078	1164
597	1164
2562	1164
994	1164
1881	1164
2605	1164
2887	1164
1398	4390
1234	4390
2013	4390
3872	4390
2013	1398
1637	1398
2013	3408
1400	3408
83	2091
681	3622
288	3622
3800	1445
3880	1445
209	68
3554	1175
3139	1175
3398	553
2785	553
1005	553
3270	553
3689	553
209	553
2909	553
4446	2724
4388	2724
1010	2724
1687	2724
2525	2724
4446	3127
198	1052
4446	198
2416	198
259	198
2608	198
617	198
3281	1828
3554	1828
2771	4094
4334	4094
3554	565
306	3539
3869	2756
423	730
3139	730
974	730
196	730
454	730
1711	39
3309	39
3231	39
4394	39
234	122
1751	122
4394	1711
1174	2687
2013	1234
1224	4274
2962	1093
288	2108
1223	603
3689	603
2746	3203
3689	3203
1862	3159
1836	248
1738	248
1038	248
2620	248
3343	248
3409	248
1286	1128
2013	1128
1400	1128
1876	1128
2078	1128
597	1128
2562	1128
994	1128
2127	1128
451	1128
932	1128
994	1296
3343	2362
2863	1286
3120	1235
58	1235
3954	1235
994	1235
1194	1235
3554	1235
3001	1235
58	3120
2299	3120
3077	3575
866	3575
945	848
260	848
1340	4030
1054	1520
2660	628
3139	4110
4352	4110
4203	3277
2597	727
1054	727
259	727
2299	58
2444	2299
2771	802
3872	2482
4374	630
2024	2660
1174	3281
259	3281
3164	3281
2759	3293
3027	3293
1211	3293
866	3980
4334	3980
626	523
239	3231
2803	3231
240	3231
3554	419
888	419
339	419
1223	1729
3844	3025
676	3025
1174	147
1670	147
3098	147
2275	3954
283	3954
1457	3954
6	3954
283	2275
1457	2275
1457	283
3929	283
3929	1457
2558	1457
888	1457
1733	1457
801	1457
74	1457
745	1457
2306	1457
2519	1457
1341	1457
3929	3499
1830	3499
3929	2637
3752	1011
763	1011
4073	2991
4334	4216
3217	4216
1362	2013
1400	2013
597	2013
2562	2013
994	2013
97	2013
1252	2013
1174	2013
1407	2013
1400	1362
597	1362
2562	1362
994	1362
1407	1362
597	1400
2562	1400
994	1400
2562	1876
994	1876
500	1876
1407	1876
2024	538
2562	597
994	597
1407	597
3737	3752
994	2562
1407	2562
1223	994
3335	994
2974	994
1407	994
14	4231
2402	97
2554	3126
1224	4130
3064	4130
2705	3346
4400	2908
1397	3873
3563	486
4325	1066
3265	677
1738	3847
14	3847
344	3847
3174	1802
3554	910
990	4292
694	4292
1407	4292
4361	990
83	990
3001	990
243	990
1450	990
2424	990
558	1390
4352	1390
2909	1390
1285	1194
423	1194
4352	1568
2327	1568
3308	1568
3883	1568
176	184
191	2564
191	2728
1174	2558
191	2558
1688	2597
1570	2862
2075	2862
4361	2862
670	2895
519	2895
1847	2895
4394	2895
423	1570
839	117
2580	117
1049	117
3741	117
1473	117
3318	117
25	117
506	117
626	117
2599	117
3746	117
2098	4445
670	4445
3451	4445
670	2098
288	3031
4361	2075
681	2962
2542	2962
43	2962
288	2962
989	2962
2693	2962
9	1223
4334	1223
1474	1223
1340	1223
295	1223
353	1223
499	1223
924	1223
925	1223
1056	1223
1197	1223
1373	1223
2671	1223
3699	1223
4055	1223
4065	1223
4119	1223
3139	2987
3007	2987
3482	2457
2032	4457
209	4457
288	4457
2582	4457
2472	408
1285	2146
1738	2146
3554	2785
1210	694
1881	694
759	1823
945	2800
866	239
3554	239
2444	239
1054	1554
1054	3606
1054	2242
3027	3282
866	3077
3343	3077
3554	866
1311	866
3208	558
3317	558
3552	558
3458	3437
3483	3437
260	945
860	945
924	945
1512	945
2280	945
3013	945
3365	945
3642	945
2281	83
1480	83
3001	83
3362	83
2599	839
515	4141
2753	2806
3270	3748
4446	2950
348	2766
2720	4360
4388	4446
2580	4446
3554	4446
423	4446
3139	4446
3061	4446
3799	4446
1049	27
1743	4073
3198	4073
3741	4073
3434	1054
3872	1054
3247	1054
2302	395
2620	395
1349	395
1100	2759
2414	4121
3056	4121
2344	2032
1480	2032
306	2032
4317	2032
1010	4388
2525	4388
2525	2580
2201	1016
1521	1016
1547	1016
2421	1016
2628	1016
2525	2416
3509	4089
3554	2451
3139	2451
209	2344
288	2344
1077	2344
2744	2344
423	3270
1688	3270
2879	3270
1174	1974
928	1974
2753	1974
4422	1974
4289	3198
801	3788
3554	1285
1224	1285
1670	1174
4129	1174
3977	1174
1108	1174
3674	1174
3098	1174
887	1174
128	1174
506	1174
1822	1174
1851	1174
2277	1174
2490	1174
2711	1174
2741	1174
3248	1174
3308	1174
3358	1174
3589	1174
3682	1174
3722	1174
3799	1174
4192	1174
3434	1670
3554	2803
3139	2803
1981	159
2211	3554
2343	3554
1738	3554
1700	3554
3116	3554
1038	3554
1826	3554
270	3554
1830	3554
2472	3554
2753	3554
2898	3554
2990	3554
3007	3554
3343	3554
2504	3554
3449	3554
4383	3554
2472	2686
500	2746
3689	2746
4362	2127
1981	4289
1981	3310
2209	3872
2346	3872
1397	3872
3817	3872
2411	3872
1677	2401
776	423
1010	423
4034	423
4206	423
2633	423
506	423
535	423
4373	423
647	776
2158	9
1207	4077
3817	2874
1687	1010
879	1010
2525	1010
2226	3015
4199	142
1700	3139
1944	3139
3674	3139
2515	3139
2793	3139
270	3139
510	3139
1354	3139
1881	3139
1946	3139
2011	3139
3343	3139
2504	3139
2628	3139
3500	1700
3741	1049
1473	1049
2633	1049
3318	1049
288	1049
1473	3741
3318	3741
4266	2292
2727	2292
3483	2292
2871	4266
577	3472
288	4425
392	4425
3366	259
3164	259
879	259
3361	259
3702	3105
2012	2773
1340	3153
3875	3062
1237	2608
43	1237
1341	1237
288	681
1569	681
456	4136
2225	4136
799	2415
1648	3674
1224	2909
2271	1224
1131	2371
1502	3876
116	2033
116	1567
4034	1901
2542	1901
2515	260
4034	260
1679	260
4034	2515
2542	4034
2922	234
3046	4153
3	4153
3056	2414
3	3046
3318	1473
2599	1473
1060	2633
2194	2633
1928	2633
2194	1060
887	1060
66	1480
288	1480
4342	1480
2599	3318
747	3869
541	41
3482	1774
334	3098
1721	2158
3482	887
288	66
4317	66
1210	116
2624	215
925	288
2696	288
2744	288
2923	288
3382	288
306	288
4317	288
2336	290
1077	344
703	391
779	456
1749	519
1751	519
2067	519
1601	541
1228	548
2836	606
2507	636
1056	721
1521	763
1547	763
3290	861
2244	925
4108	944
2990	1056
2228	1075
306	1077
3817	1092
4063	1131
2255	1277
2080	1335
2624	1335
4199	1338
3010	1343
3003	1346
4358	1361
4312	1411
1547	1521
4189	1521
373	1521
3637	1521
1341	1521
1555	1521
2628	1521
3483	1521
3612	1547
4189	1547
373	1547
3637	1547
1341	1547
1555	1547
2628	1547
3483	1547
2990	1594
4342	1594
2838	1770
3667	1872
3482	1922
3064	2012
4342	3612
373	3612
3637	3612
1341	3612
1555	3612
2628	3612
3483	3612
4088	2040
3687	2222
1589	2228
3482	2352
3061	2525
2504	2525
3482	2567
3737	2634
3482	2835
3210	2836
3357	2923
4342	2990
3061	3036
1397	3287
3642	3500
4199	3500
4045	3568
3812	3702
4063	3749
4317	4342
3483	2628
