1	87
1	369
1	410
1	883
1	947
1	1037
1	1275
1	2585
4	477
6	124
6	400
6	428
6	694
6	996
6	1087
6	2409
6	2479
6	2652
9	49
9	264
9	330
9	370
9	762
9	861
9	1548
9	1778
10	87
16	2651
16	2753
17	2329
22	24
22	410
22	433
22	554
22	607
22	1361
22	1861
22	2756
25	2239
28	1538
30	2037
30	2321
35	2212
37	760
37	1854
39	49
39	446
39	694
39	707
39	714
39	860
39	1027
39	1053
39	1055
39	1916
39	2565
39	2698
39	2778
44	1064
47	159
49	240
49	323
49	360
49	477
49	560
49	572
49	612
49	640
49	726
49	806
49	817
49	859
49	924
49	959
49	1003
49	1136
49	1150
49	1155
49	1351
49	1358
49	1360
49	1377
49	1481
49	1535
49	1640
49	1669
49	1702
49	1722
49	1770
49	1921
49	1963
49	1999
49	2008
49	2080
49	2108
49	2329
49	2361
49	2433
49	2434
49	2521
49	2715
49	2778
52	1042
53	1817
53	2490
58	2027
59	1347
61	1818
61	2252
61	2395
74	477
74	761
74	1127
74	1338
74	2123
74	2216
74	2347
74	2569
75	2644
79	887
80	2116
85	483
85	602
85	1808
85	2777
87	195
87	360
87	654
87	1944
87	2211
87	2558
87	2770
87	2782
88	2556
89	1358
89	2075
89	2234
95	240
95	509
95	741
95	1358
95	1640
95	1696
95	1722
95	2077
95	2278
95	2780
97	477
102	602
102	1818
113	1361
113	1640
113	2080
114	1183
114	1306
114	2031
114	2077
115	859
118	1055
121	212
121	1526
121	2574
122	279
122	1581
122	1775
123	713
127	477
134	2464
147	673
147	2757
149	2097
151	410
151	673
151	883
151	930
151	1275
154	1381
161	2329
162	654
162	1836
168	654
168	1055
169	179
169	226
169	741
169	783
169	860
169	1076
169	1351
169	1381
169	1495
169	1578
169	1696
169	1797
169	1798
169	1836
169	1900
169	1928
169	2007
169	2027
169	2116
169	2124
169	2372
169	2377
169	2419
169	2784
175	203
175	483
175	1654
175	1669
176	279
176	410
176	1961
176	2098
179	477
180	806
180	2722
184	323
184	788
184	2531
187	226
187	420
187	777
187	2084
187	2778
190	2525
191	410
191	1747
194	390
194	412
194	1095
194	1406
194	1474
194	2253
194	2295
194	2473
194	2505
194	2512
194	2556
194	2557
195	390
195	1640
195	2064
203	226
203	640
203	1118
203	1590
203	1612
203	1640
203	2064
203	2543
203	2588
204	2211
205	761
205	856
205	1127
205	1338
205	1610
205	1643
205	1789
205	1970
205	2123
205	2347
205	2569
210	1201
212	274
212	360
212	400
212	428
212	1483
212	1773
212	2598
212	2778
213	806
213	978
213	1064
213	1729
213	1770
213	2030
213	2298
213	2495
213	2782
216	2064
219	741
223	2598
224	353
226	2370
229	997
232	625
232	1671
232	2696
239	258
240	1311
240	1584
240	1882
242	467
257	654
258	654
258	1003
258	1140
258	1377
258	2346
258	2422
258	2434
258	2505
262	2589
272	689
272	829
272	2329
272	2532
274	1057
274	1770
274	2084
274	2111
278	1836
279	859
279	1805
279	2547
283	601
283	1590
283	2778
284	1702
284	2284
286	768
294	2116
296	410
296	673
296	883
296	1239
297	1115
297	1181
297	1360
298	2732
305	597
305	760
305	962
305	1060
305	1360
305	1578
305	2084
305	2402
305	2442
307	602
307	620
307	934
307	2077
308	987
308	2039
309	1360
313	2753
320	2309
323	654
330	508
330	673
330	859
330	1275
330	2373
336	978
336	1064
336	1729
336	2782
344	673
345	741
345	1351
345	2084
353	838
360	415
360	1057
360	1381
360	1586
360	1654
360	1770
360	2183
360	2322
360	2648
360	2778
370	1858
370	2321
373	1050
373	1268
373	1833
373	1932
380	717
390	601
390	977
390	1095
390	1406
390	1916
390	2473
390	2505
390	2512
392	713
392	987
393	762
393	1590
393	2001
393	2171
393	2622
399	440
399	477
399	2461
400	822
400	996
400	1608
400	1654
400	1747
400	1818
400	2056
400	2064
400	2372
400	2564
400	2577
400	2648
400	2699
410	439
410	440
410	478
410	500
410	658
410	673
410	768
410	883
410	930
410	1012
410	1112
410	1239
410	1273
410	1275
410	1286
410	1328
410	1371
410	1586
410	1688
410	1695
410	2066
410	2461
410	2526
410	2699
410	2757
412	1595
412	2295
412	2505
412	2512
413	962
413	1540
413	2778
413	2787
415	1055
415	1733
417	777
417	1127
417	2207
420	2084
420	2111
421	741
421	1683
423	883
423	962
423	1360
423	1854
424	1377
424	1495
425	1136
427	1031
427	2064
427	2209
427	2387
427	2677
428	996
428	1538
428	1646
430	657
432	2039
433	768
433	1050
433	1190
435	761
436	1003
439	477
439	887
439	962
439	1064
439	1734
439	1817
439	1854
439	1974
439	1977
439	2064
439	2089
439	2097
439	2108
439	2116
439	2346
439	2386
440	622
440	1273
440	2778
442	1064
452	828
452	850
452	987
452	2064
453	1003
455	1140
462	698
467	2746
468	563
468	698
468	935
477	569
477	610
477	622
477	684
477	785
477	987
477	999
477	1136
477	1214
477	1358
477	1369
477	1445
477	1485
477	1548
477	1561
477	1621
477	1691
477	1856
477	2123
477	2358
477	2387
477	2404
477	2505
477	2565
477	2780
482	560
482	742
482	1438
482	1538
482	2488
487	741
492	947
493	2313
499	1064
500	673
500	883
500	1003
500	1239
500	2745
503	1226
503	1746
508	1028
508	1874
508	2064
508	2334
509	1527
512	1064
516	1495
516	1916
516	2280
516	2313
516	2598
522	2347
522	2409
527	673
527	1256
527	2116
527	2525
531	560
531	758
531	788
531	1542
532	1035
532	2075
533	910
533	1542
533	1992
533	2064
533	2698
534	803
534	2064
534	2746
538	572
552	942
552	1940
554	1358
554	2756
555	2521
558	1456
559	2116
560	1003
560	1136
560	1640
563	2084
565	1797
565	2064
572	612
572	860
572	1003
572	1356
572	1640
572	1739
572	1747
574	947
574	1275
574	1827
574	2038
587	726
587	1789
588	982
593	612
593	788
593	1495
593	2064
594	1239
595	768
597	1060
597	1506
597	2253
597	2402
597	2442
601	654
601	732
601	1115
601	2346
601	2648
602	760
602	1854
602	2473
603	883
603	1155
603	1313
603	1854
603	1900
603	2116
603	2565
603	2778
604	883
607	887
607	1747
607	1992
607	2756
610	1358
612	1548
612	2361
616	1026
616	1841
616	2730
620	661
620	962
620	2773
622	1273
622	1456
623	2543
625	851
625	1055
625	2264
625	2696
636	883
637	1481
637	2718
640	981
640	1351
640	1361
642	2038
650	768
650	1621
650	2284
652	1841
652	2730
654	717
654	741
654	783
654	817
654	838
654	870
654	883
654	894
654	947
654	1003
654	1037
654	1055
654	1154
654	1211
654	1351
654	1381
654	1538
654	1578
654	1633
654	1674
654	1704
654	1760
654	1784
654	1798
654	1825
654	1916
654	1940
654	1995
654	2015
654	2064
654	2079
654	2084
654	2091
654	2116
654	2149
654	2239
654	2251
654	2372
654	2377
654	2449
654	2464
654	2490
654	2703
654	2752
654	2778
654	2784
657	959
657	1928
657	2080
657	2088
657	2395
657	2705
658	673
658	741
658	768
658	883
658	930
658	1112
658	1239
658	1275
658	2461
658	2757
663	1723
665	1683
668	694
668	772
669	1351
669	1538
669	2630
672	1734
673	741
673	768
673	883
673	930
673	1064
673	1112
673	1239
673	1275
673	1328
673	1518
673	1586
673	2066
673	2461
673	2526
673	2757
684	1224
684	1538
687	2719
687	2735
694	772
697	901
698	2757
700	1780
706	1940
709	2084
712	1847
713	740
713	932
713	1361
713	1589
713	1854
713	2064
713	2490
713	2565
713	2780
717	1952
717	2626
718	2370
722	2116
726	987
726	1250
726	1313
726	2129
726	2434
727	2216
732	2346
740	859
740	1464
740	1805
740	2171
740	2253
740	2278
740	2545
740	2786
741	806
741	1053
741	1171
741	1239
741	1275
741	1586
741	1691
741	1895
741	2461
741	2526
741	2784
745	977
745	1722
745	2470
745	2696
754	2183
758	1865
758	2084
758	2089
758	2185
758	2321
758	2565
758	2698
760	1060
760	1288
760	1833
760	1854
760	2038
760	2111
760	2289
760	2329
760	2402
760	2452
760	2464
760	2565
760	2718
761	1127
761	1338
761	1403
761	1610
761	1830
761	2123
761	2347
761	2569
767	2064
768	883
768	930
768	1112
768	1153
768	1239
768	1275
768	1445
768	1565
768	1586
768	1665
768	1780
768	2461
768	2466
768	2526
768	2580
768	2597
768	2757
770	1485
770	1640
770	1854
770	2357
777	962
777	1155
777	1302
777	1351
777	1770
777	2111
777	2253
777	2348
783	1445
783	1525
783	1977
783	2428
783	2622
785	962
788	1351
788	1554
788	1805
788	1958
788	2743
790	1822
792	2730
806	1445
806	1654
806	2298
811	1273
815	987
815	2207
815	2787
816	1003
817	1770
817	2008
817	2433
828	2447
831	1060
831	2402
838	962
838	1003
838	1361
838	1769
838	2064
838	2588
850	888
850	993
850	1061
850	2015
850	2317
850	2334
859	977
859	1055
859	1140
859	1640
859	1722
859	2064
859	2470
859	2696
860	1770
860	2615
861	1527
861	2778
867	1455
870	1581
870	1775
871	1037
871	1415
871	1940
871	2084
873	1948
877	1913
883	930
883	1055
883	1239
883	1275
883	1525
883	1586
883	1747
883	1854
883	2039
883	2367
883	2461
883	2464
883	2526
883	2699
883	2757
887	1404
887	1432
887	1817
887	1854
887	1930
887	1969
887	2084
887	2332
890	1183
890	1699
890	2249
890	2257
894	1396
894	2097
898	1226
901	1206
901	2334
901	2617
910	1201
915	1783
923	1948
930	1112
930	1133
930	1153
930	1239
930	1275
930	1341
930	1586
930	2066
930	2461
930	2526
930	2649
930	2757
932	1003
933	2116
934	2108
935	2329
938	959
938	1140
938	2064
938	2080
938	2088
938	2395
938	2705
942	962
942	1003
942	2032
947	2128
959	1723
959	1770
959	2080
959	2082
959	2088
959	2395
959	2587
959	2705
961	2101
961	2138
962	987
962	1003
962	1167
962	1181
962	1188
962	1190
962	1351
962	1360
962	1747
962	1770
962	2015
962	2039
962	2084
962	2239
962	2322
962	2358
962	2383
962	2389
962	2778
963	1328
963	1827
968	2693
969	1287
971	1798
977	1140
977	1722
977	1903
977	2470
977	2696
978	987
978	1064
978	2030
978	2298
978	2782
987	1003
987	1055
987	1155
987	1535
987	1599
987	1770
987	2207
987	2649
987	2778
991	1064
993	1360
996	2089
996	2116
996	2479
999	1449
999	1858
1003	1061
1003	1120
1003	1242
1003	1401
1003	1548
1003	1640
1003	1770
1003	2001
1003	2038
1003	2212
1003	2331
1003	2334
1003	2357
1003	2370
1003	2404
1003	2413
1003	2429
1003	2434
1003	2454
1003	2466
1003	2598
1003	2760
1026	2730
1031	2387
1031	2677
1034	1798
1035	1677
1037	1055
1037	1654
1037	2015
1037	2585
1040	2108
1042	1136
1042	1404
1042	1561
1042	1992
1042	2284
1048	1865
1050	1445
1050	1833
1050	2091
1050	2671
1050	2787
1055	1115
1055	1381
1055	1733
1055	2015
1055	2064
1055	2251
1055	2350
1055	2361
1055	2419
1055	2449
1055	2696
1055	2760
1055	2778
1056	1789
1057	1540
1057	1556
1057	1581
1057	1654
1057	1770
1057	1801
1057	1865
1057	2084
1057	2253
1057	2321
1057	2648
1057	2691
1060	2099
1060	2402
1060	2442
1061	2116
1064	1360
1064	1716
1064	1729
1064	1817
1064	1854
1064	1878
1064	2023
1064	2030
1064	2216
1064	2298
1064	2470
1064	2565
1064	2782
1075	1753
1076	2361
1076	2402
1095	2505
1098	2386
1098	2434
1104	1291
1104	1351
1104	1358
1104	1696
1106	1704
1112	1275
1112	1586
1112	2461
1115	1654
1120	2471
1123	2411
1127	1338
1127	1610
1127	2123
1127	2216
1127	2347
1127	2472
1127	2569
1132	2434
1133	2778
1136	1561
1136	1992
1136	2589
1140	1204
1140	1253
1140	1590
1140	2449
1140	2778
1149	1704
1149	2461
1155	1351
1155	1590
1155	2084
1155	2111
1155	2321
1155	2778
1165	2470
1171	2644
1172	1847
1174	2064
1174	2698
1179	2324
1181	1654
1181	2084
1181	2111
1181	2194
1181	2588
1181	2772
1183	1412
1188	1612
1190	1631
1190	2222
1204	2490
1211	2434
1214	2001
1217	2253
1217	2505
1217	2556
1217	2557
1218	2654
1223	2062
1224	1747
1238	1670
1239	1275
1239	1586
1239	2066
1239	2461
1239	2526
1239	2757
1239	2777
1256	1776
1259	1455
1260	1455
1268	1833
1268	1932
1269	1351
1269	2752
1273	1988
1273	2264
1273	2370
1273	2746
1274	2055
1275	1586
1275	1803
1275	1817
1275	2066
1275	2461
1275	2526
1275	2571
1275	2757
1278	1360
1288	1548
1302	2021
1306	1817
1310	1760
1310	2773
1319	2116
1325	1401
1325	2064
1325	2746
1328	1612
1328	1732
1338	1449
1338	2347
1338	2569
1340	1582
1341	1351
1341	1415
1351	1654
1351	1770
1351	1818
1351	1825
1351	2084
1351	2111
1351	2331
1351	2496
1351	2778
1357	1640
1357	1770
1358	1445
1358	1770
1358	1818
1358	2008
1360	1654
1360	1770
1360	2044
1360	2111
1360	2348
1360	2402
1360	2515
1360	2648
1361	1445
1361	1455
1361	1696
1361	2334
1361	2361
1361	2778
1361	2780
1362	1412
1362	2467
1363	1940
1370	1885
1371	1929
1371	2040
1371	2302
1375	1990
1377	1597
1377	2646
1381	1818
1381	1994
1381	2023
1381	2183
1381	2784
1396	2377
1398	2161
1401	1797
1403	1817
1404	1817
1406	1916
1406	2505
1406	2512
1409	2654
1410	1885
1412	2467
1438	2466
1439	1449
1439	1540
1439	2787
1440	2646
1445	1538
1445	1578
1445	2064
1445	2097
1445	2149
1445	2334
1445	2612
1445	2780
1447	2598
1449	2417
1455	1994
1455	2064
1455	2361
1455	2658
1455	2698
1456	2671
1458	2284
1471	2001
1471	2525
1474	2253
1474	2505
1474	2556
1474	2557
1481	1770
1481	1847
1481	2521
1481	2718
1483	1770
1483	2588
1495	1664
1495	2677
1511	2557
1525	1538
1525	2084
1525	2752
1526	2746
1527	1540
1527	1836
1527	2064
1527	2209
1527	2598
1531	1673
1531	2377
1535	1654
1535	2111
1535	2778
1536	2334
1538	1646
1538	1770
1538	1817
1538	2187
1538	2735
1540	1778
1540	1805
1540	1854
1540	2399
1540	2773
1541	1940
1544	1710
1548	1866
1548	2505
1548	2557
1550	2209
1555	2778
1556	1817
1556	2348
1561	1992
1563	2089
1565	2058
1573	2443
1578	2027
1581	1775
1586	2461
1586	2757
1589	1669
1590	1640
1590	1799
1590	2039
1590	2434
1590	2648
1596	1805
1596	2695
1607	1654
1608	1654
1610	1789
1610	2123
1610	2347
1611	1817
1612	2252
1612	2270
1612	2302
1612	2799
1614	1969
1639	2778
1640	1847
1640	1948
1640	2212
1640	2340
1640	2363
1640	2419
1640	2488
1646	2752
1651	2386
1654	1854
1654	1928
1654	2039
1654	2084
1654	2185
1654	2321
1654	2778
1669	2089
1672	2001
1677	1722
1683	1770
1683	2464
1683	2589
1683	2698
1685	2756
1690	2589
1691	1805
1691	2743
1696	1817
1704	1799
1704	2315
1704	2433
1704	2470
1704	2644
1710	2786
1715	2056
1715	2064
1722	2470
1722	2696
1723	2080
1723	2088
1723	2395
1729	2139
1729	2298
1731	2321
1732	2321
1732	2778
1733	2788
1734	1854
1746	1940
1747	2040
1747	2589
1749	1805
1751	2001
1751	2361
1753	2074
1753	2651
1753	2753
1755	2610
1760	2064
1760	2698
1770	1805
1770	1858
1770	1913
1770	1961
1770	2084
1770	2091
1770	2185
1770	2321
1770	2329
1770	2357
1770	2361
1770	2433
1770	2525
1770	2567
1770	2598
1770	2648
1770	2778
1770	2780
1771	1817
1775	2696
1779	2131
1783	2111
1784	2464
1789	2064
1797	2064
1797	2698
1799	2778
1801	2329
1801	2770
1803	2778
1804	1817
1805	2695
1806	2001
1817	1854
1817	2116
1818	2171
1827	2461
1828	1925
1833	1854
1833	1932
1833	2038
1836	2039
1836	2183
1841	2730
1847	2089
1847	2149
1847	2303
1851	2386
1851	2490
1854	1874
1854	1916
1854	1940
1854	2001
1854	2038
1854	2064
1854	2111
1854	2116
1854	2149
1854	2386
1854	2402
1854	2452
1854	2464
1854	2718
1858	2691
1858	2780
1858	2786
1883	2434
1885	2097
1885	2321
1885	2322
1885	2561
1903	2116
1914	2298
1916	2434
1916	2473
1916	2505
1916	2565
1930	2234
1934	2001
1934	2091
1934	2545
1940	2001
1940	2331
1940	2631
1940	2748
1948	2253
1948	2355
1961	2098
1961	2324
1977	2066
1977	2398
1985	2252
1992	2589
1999	2008
2001	2093
2001	2149
2001	2598
2001	2715
2002	2064
2008	2719
2008	2778
2015	2386
2023	2087
2027	2470
2027	2778
2030	2782
2038	2452
2039	2111
2039	2322
2055	2153
2059	2105
2059	2434
2062	2116
2062	2695
2064	2302
2064	2334
2064	2606
2064	2648
2064	2698
2064	2752
2066	2757
2072	2302
2074	2091
2074	2651
2074	2753
2080	2395
2080	2705
2082	2088
2082	2587
2084	2111
2084	2778
2086	2116
2088	2395
2088	2587
2088	2705
2089	2149
2089	2478
2089	2557
2091	2545
2091	2654
2092	2116
2097	2235
2097	2423
2105	2266
2105	2423
2111	2598
2116	2317
2116	2464
2123	2216
2123	2347
2123	2505
2123	2569
2131	2334
2131	2447
2149	2294
2174	2212
2183	2778
2185	2321
2185	2648
2187	2598
2207	2787
2212	2773
2216	2347
2216	2464
2216	2598
2231	2234
2234	2505
2236	2272
2253	2295
2253	2505
2253	2512
2253	2556
2253	2557
2253	2778
2253	2787
2264	2786
2292	2671
2295	2505
2297	2565
2298	2782
2302	2379
2302	2453
2321	2648
2322	2698
2329	2718
2329	2734
2331	2407
2331	2778
2334	2698
2347	2569
2348	2778
2350	2565
2361	2377
2361	2565
2364	2746
2372	2648
2372	2784
2377	2505
2378	2480
2386	2565
2395	2705
2402	2442
2402	2557
2430	2434
2433	2648
2442	2598
2443	2787
2449	2778
2458	2778
2461	2757
2470	2696
2473	2505
2473	2512
2505	2512
2505	2556
2505	2557
2512	2556
2512	2557
2512	2691
2521	2718
2525	2632
2526	2757
2556	2557
2606	2746
2635	2778
2637	2735
2648	2778
2651	2753
2651	2769
2658	2798
2690	2705
2696	2718
2698	2770
2719	2735
2746	2756
2778	2784
87	1
369	1
410	1
883	1
947	1
1037	1
1275	1
2585	1
477	4
124	6
400	6
428	6
694	6
996	6
1087	6
2409	6
2479	6
2652	6
49	9
264	9
330	9
370	9
762	9
861	9
1548	9
1778	9
87	10
2651	16
2753	16
2329	17
24	22
410	22
433	22
554	22
607	22
1361	22
1861	22
2756	22
2239	25
1538	28
2037	30
2321	30
2212	35
760	37
1854	37
49	39
446	39
694	39
707	39
714	39
860	39
1027	39
1053	39
1055	39
1916	39
2565	39
2698	39
2778	39
1064	44
159	47
240	49
323	49
360	49
477	49
560	49
572	49
612	49
640	49
726	49
806	49
817	49
859	49
924	49
959	49
1003	49
1136	49
1150	49
1155	49
1351	49
1358	49
1360	49
1377	49
1481	49
1535	49
1640	49
1669	49
1702	49
1722	49
1770	49
1921	49
1963	49
1999	49
2008	49
2080	49
2108	49
2329	49
2361	49
2433	49
2434	49
2521	49
2715	49
2778	49
1042	52
1817	53
2490	53
2027	58
1347	59
1818	61
2252	61
2395	61
477	74
761	74
1127	74
1338	74
2123	74
2216	74
2347	74
2569	74
2644	75
887	79
2116	80
483	85
602	85
1808	85
2777	85
195	87
360	87
654	87
1944	87
2211	87
2558	87
2770	87
2782	87
2556	88
1358	89
2075	89
2234	89
240	95
509	95
741	95
1358	95
1640	95
1696	95
1722	95
2077	95
2278	95
2780	95
477	97
602	102
1818	102
1361	113
1640	113
2080	113
1183	114
1306	114
2031	114
2077	114
859	115
1055	118
212	121
1526	121
2574	121
279	122
1581	122
1775	122
713	123
477	127
2464	134
673	147
2757	147
2097	149
410	151
673	151
883	151
930	151
1275	151
1381	154
2329	161
654	162
1836	162
654	168
1055	168
179	169
226	169
741	169
783	169
860	169
1076	169
1351	169
1381	169
1495	169
1578	169
1696	169
1797	169
1798	169
1836	169
1900	169
1928	169
2007	169
2027	169
2116	169
2124	169
2372	169
2377	169
2419	169
2784	169
203	175
483	175
1654	175
1669	175
279	176
410	176
1961	176
2098	176
477	179
806	180
2722	180
323	184
788	184
2531	184
226	187
420	187
777	187
2084	187
2778	187
2525	190
410	191
1747	191
390	194
412	194
1095	194
1406	194
1474	194
2253	194
2295	194
2473	194
2505	194
2512	194
2556	194
2557	194
390	195
1640	195
2064	195
226	203
640	203
1118	203
1590	203
1612	203
1640	203
2064	203
2543	203
2588	203
2211	204
761	205
856	205
1127	205
1338	205
1610	205
1643	205
1789	205
1970	205
2123	205
2347	205
2569	205
1201	210
274	212
360	212
400	212
428	212
1483	212
1773	212
2598	212
2778	212
806	213
978	213
1064	213
1729	213
1770	213
2030	213
2298	213
2495	213
2782	213
2064	216
741	219
2598	223
353	224
2370	226
997	229
625	232
1671	232
2696	232
258	239
1311	240
1584	240
1882	240
467	242
654	257
654	258
1003	258
1140	258
1377	258
2346	258
2422	258
2434	258
2505	258
2589	262
689	272
829	272
2329	272
2532	272
1057	274
1770	274
2084	274
2111	274
1836	278
859	279
1805	279
2547	279
601	283
1590	283
2778	283
1702	284
2284	284
768	286
2116	294
410	296
673	296
883	296
1239	296
1115	297
1181	297
1360	297
2732	298
597	305
760	305
962	305
1060	305
1360	305
1578	305
2084	305
2402	305
2442	305
602	307
620	307
934	307
2077	307
987	308
2039	308
1360	309
2753	313
2309	320
654	323
508	330
673	330
859	330
1275	330
2373	330
978	336
1064	336
1729	336
2782	336
673	344
741	345
1351	345
2084	345
838	353
415	360
1057	360
1381	360
1586	360
1654	360
1770	360
2183	360
2322	360
2648	360
2778	360
1858	370
2321	370
1050	373
1268	373
1833	373
1932	373
717	380
601	390
977	390
1095	390
1406	390
1916	390
2473	390
2505	390
2512	390
713	392
987	392
762	393
1590	393
2001	393
2171	393
2622	393
440	399
477	399
2461	399
822	400
996	400
1608	400
1654	400
1747	400
1818	400
2056	400
2064	400
2372	400
2564	400
2577	400
2648	400
2699	400
439	410
440	410
478	410
500	410
658	410
673	410
768	410
883	410
930	410
1012	410
1112	410
1239	410
1273	410
1275	410
1286	410
1328	410
1371	410
1586	410
1688	410
1695	410
2066	410
2461	410
2526	410
2699	410
2757	410
1595	412
2295	412
2505	412
2512	412
962	413
1540	413
2778	413
2787	413
1055	415
1733	415
777	417
1127	417
2207	417
2084	420
2111	420
741	421
1683	421
883	423
962	423
1360	423
1854	423
1377	424
1495	424
1136	425
1031	427
2064	427
2209	427
2387	427
2677	427
996	428
1538	428
1646	428
657	430
2039	432
768	433
1050	433
1190	433
761	435
1003	436
477	439
887	439
962	439
1064	439
1734	439
1817	439
1854	439
1974	439
1977	439
2064	439
2089	439
2097	439
2108	439
2116	439
2346	439
2386	439
622	440
1273	440
2778	440
1064	442
828	452
850	452
987	452
2064	452
1003	453
1140	455
698	462
2746	467
563	468
698	468
935	468
569	477
610	477
622	477
684	477
785	477
987	477
999	477
1136	477
1214	477
1358	477
1369	477
1445	477
1485	477
1548	477
1561	477
1621	477
1691	477
1856	477
2123	477
2358	477
2387	477
2404	477
2505	477
2565	477
2780	477
560	482
742	482
1438	482
1538	482
2488	482
741	487
947	492
2313	493
1064	499
673	500
883	500
1003	500
1239	500
2745	500
1226	503
1746	503
1028	508
1874	508
2064	508
2334	508
1527	509
1064	512
1495	516
1916	516
2280	516
2313	516
2598	516
2347	522
2409	522
673	527
1256	527
2116	527
2525	527
560	531
758	531
788	531
1542	531
1035	532
2075	532
910	533
1542	533
1992	533
2064	533
2698	533
803	534
2064	534
2746	534
572	538
942	552
1940	552
1358	554
2756	554
2521	555
1456	558
2116	559
1003	560
1136	560
1640	560
2084	563
1797	565
2064	565
612	572
860	572
1003	572
1356	572
1640	572
1739	572
1747	572
947	574
1275	574
1827	574
2038	574
726	587
1789	587
982	588
612	593
788	593
1495	593
2064	593
1239	594
768	595
1060	597
1506	597
2253	597
2402	597
2442	597
654	601
732	601
1115	601
2346	601
2648	601
760	602
1854	602
2473	602
883	603
1155	603
1313	603
1854	603
1900	603
2116	603
2565	603
2778	603
883	604
887	607
1747	607
1992	607
2756	607
1358	610
1548	612
2361	612
1026	616
1841	616
2730	616
661	620
962	620
2773	620
1273	622
1456	622
2543	623
851	625
1055	625
2264	625
2696	625
883	636
1481	637
2718	637
981	640
1351	640
1361	640
2038	642
768	650
1621	650
2284	650
1841	652
2730	652
717	654
741	654
783	654
817	654
838	654
870	654
883	654
894	654
947	654
1003	654
1037	654
1055	654
1154	654
1211	654
1351	654
1381	654
1538	654
1578	654
1633	654
1674	654
1704	654
1760	654
1784	654
1798	654
1825	654
1916	654
1940	654
1995	654
2015	654
2064	654
2079	654
2084	654
2091	654
2116	654
2149	654
2239	654
2251	654
2372	654
2377	654
2449	654
2464	654
2490	654
2703	654
2752	654
2778	654
2784	654
959	657
1928	657
2080	657
2088	657
2395	657
2705	657
673	658
741	658
768	658
883	658
930	658
1112	658
1239	658
1275	658
2461	658
2757	658
1723	663
1683	665
694	668
772	668
1351	669
1538	669
2630	669
1734	672
741	673
768	673
883	673
930	673
1064	673
1112	673
1239	673
1275	673
1328	673
1518	673
1586	673
2066	673
2461	673
2526	673
2757	673
1224	684
1538	684
2719	687
2735	687
772	694
901	697
2757	698
1780	700
1940	706
2084	709
1847	712
740	713
932	713
1361	713
1589	713
1854	713
2064	713
2490	713
2565	713
2780	713
1952	717
2626	717
2370	718
2116	722
987	726
1250	726
1313	726
2129	726
2434	726
2216	727
2346	732
859	740
1464	740
1805	740
2171	740
2253	740
2278	740
2545	740
2786	740
806	741
1053	741
1171	741
1239	741
1275	741
1586	741
1691	741
1895	741
2461	741
2526	741
2784	741
977	745
1722	745
2470	745
2696	745
2183	754
1865	758
2084	758
2089	758
2185	758
2321	758
2565	758
2698	758
1060	760
1288	760
1833	760
1854	760
2038	760
2111	760
2289	760
2329	760
2402	760
2452	760
2464	760
2565	760
2718	760
1127	761
1338	761
1403	761
1610	761
1830	761
2123	761
2347	761
2569	761
2064	767
883	768
930	768
1112	768
1153	768
1239	768
1275	768
1445	768
1565	768
1586	768
1665	768
1780	768
2461	768
2466	768
2526	768
2580	768
2597	768
2757	768
1485	770
1640	770
1854	770
2357	770
962	777
1155	777
1302	777
1351	777
1770	777
2111	777
2253	777
2348	777
1445	783
1525	783
1977	783
2428	783
2622	783
962	785
1351	788
1554	788
1805	788
1958	788
2743	788
1822	790
2730	792
1445	806
1654	806
2298	806
1273	811
987	815
2207	815
2787	815
1003	816
1770	817
2008	817
2433	817
2447	828
1060	831
2402	831
962	838
1003	838
1361	838
1769	838
2064	838
2588	838
888	850
993	850
1061	850
2015	850
2317	850
2334	850
977	859
1055	859
1140	859
1640	859
1722	859
2064	859
2470	859
2696	859
1770	860
2615	860
1527	861
2778	861
1455	867
1581	870
1775	870
1037	871
1415	871
1940	871
2084	871
1948	873
1913	877
930	883
1055	883
1239	883
1275	883
1525	883
1586	883
1747	883
1854	883
2039	883
2367	883
2461	883
2464	883
2526	883
2699	883
2757	883
1404	887
1432	887
1817	887
1854	887
1930	887
1969	887
2084	887
2332	887
1183	890
1699	890
2249	890
2257	890
1396	894
2097	894
1226	898
1206	901
2334	901
2617	901
1201	910
1783	915
1948	923
1112	930
1133	930
1153	930
1239	930
1275	930
1341	930
1586	930
2066	930
2461	930
2526	930
2649	930
2757	930
1003	932
2116	933
2108	934
2329	935
959	938
1140	938
2064	938
2080	938
2088	938
2395	938
2705	938
962	942
1003	942
2032	942
2128	947
1723	959
1770	959
2080	959
2082	959
2088	959
2395	959
2587	959
2705	959
2101	961
2138	961
987	962
1003	962
1167	962
1181	962
1188	962
1190	962
1351	962
1360	962
1747	962
1770	962
2015	962
2039	962
2084	962
2239	962
2322	962
2358	962
2383	962
2389	962
2778	962
1328	963
1827	963
2693	968
1287	969
1798	971
1140	977
1722	977
1903	977
2470	977
2696	977
987	978
1064	978
2030	978
2298	978
2782	978
1003	987
1055	987
1155	987
1535	987
1599	987
1770	987
2207	987
2649	987
2778	987
1064	991
1360	993
2089	996
2116	996
2479	996
1449	999
1858	999
1061	1003
1120	1003
1242	1003
1401	1003
1548	1003
1640	1003
1770	1003
2001	1003
2038	1003
2212	1003
2331	1003
2334	1003
2357	1003
2370	1003
2404	1003
2413	1003
2429	1003
2434	1003
2454	1003
2466	1003
2598	1003
2760	1003
2730	1026
2387	1031
2677	1031
1798	1034
1677	1035
1055	1037
1654	1037
2015	1037
2585	1037
2108	1040
1136	1042
1404	1042
1561	1042
1992	1042
2284	1042
1865	1048
1445	1050
1833	1050
2091	1050
2671	1050
2787	1050
1115	1055
1381	1055
1733	1055
2015	1055
2064	1055
2251	1055
2350	1055
2361	1055
2419	1055
2449	1055
2696	1055
2760	1055
2778	1055
1789	1056
1540	1057
1556	1057
1581	1057
1654	1057
1770	1057
1801	1057
1865	1057
2084	1057
2253	1057
2321	1057
2648	1057
2691	1057
2099	1060
2402	1060
2442	1060
2116	1061
1360	1064
1716	1064
1729	1064
1817	1064
1854	1064
1878	1064
2023	1064
2030	1064
2216	1064
2298	1064
2470	1064
2565	1064
2782	1064
1753	1075
2361	1076
2402	1076
2505	1095
2386	1098
2434	1098
1291	1104
1351	1104
1358	1104
1696	1104
1704	1106
1275	1112
1586	1112
2461	1112
1654	1115
2471	1120
2411	1123
1338	1127
1610	1127
2123	1127
2216	1127
2347	1127
2472	1127
2569	1127
2434	1132
2778	1133
1561	1136
1992	1136
2589	1136
1204	1140
1253	1140
1590	1140
2449	1140
2778	1140
1704	1149
2461	1149
1351	1155
1590	1155
2084	1155
2111	1155
2321	1155
2778	1155
2470	1165
2644	1171
1847	1172
2064	1174
2698	1174
2324	1179
1654	1181
2084	1181
2111	1181
2194	1181
2588	1181
2772	1181
1412	1183
1612	1188
1631	1190
2222	1190
2490	1204
2434	1211
2001	1214
2253	1217
2505	1217
2556	1217
2557	1217
2654	1218
2062	1223
1747	1224
1670	1238
1275	1239
1586	1239
2066	1239
2461	1239
2526	1239
2757	1239
2777	1239
1776	1256
1455	1259
1455	1260
1833	1268
1932	1268
1351	1269
2752	1269
1988	1273
2264	1273
2370	1273
2746	1273
2055	1274
1586	1275
1803	1275
1817	1275
2066	1275
2461	1275
2526	1275
2571	1275
2757	1275
1360	1278
1548	1288
2021	1302
1817	1306
1760	1310
2773	1310
2116	1319
1401	1325
2064	1325
2746	1325
1612	1328
1732	1328
1449	1338
2347	1338
2569	1338
1582	1340
1351	1341
1415	1341
1654	1351
1770	1351
1818	1351
1825	1351
2084	1351
2111	1351
2331	1351
2496	1351
2778	1351
1640	1357
1770	1357
1445	1358
1770	1358
1818	1358
2008	1358
1654	1360
1770	1360
2044	1360
2111	1360
2348	1360
2402	1360
2515	1360
2648	1360
1445	1361
1455	1361
1696	1361
2334	1361
2361	1361
2778	1361
2780	1361
1412	1362
2467	1362
1940	1363
1885	1370
1929	1371
2040	1371
2302	1371
1990	1375
1597	1377
2646	1377
1818	1381
1994	1381
2023	1381
2183	1381
2784	1381
2377	1396
2161	1398
1797	1401
1817	1403
1817	1404
1916	1406
2505	1406
2512	1406
2654	1409
1885	1410
2467	1412
2466	1438
1449	1439
1540	1439
2787	1439
2646	1440
1538	1445
1578	1445
2064	1445
2097	1445
2149	1445
2334	1445
2612	1445
2780	1445
2598	1447
2417	1449
1994	1455
2064	1455
2361	1455
2658	1455
2698	1455
2671	1456
2284	1458
2001	1471
2525	1471
2253	1474
2505	1474
2556	1474
2557	1474
1770	1481
1847	1481
2521	1481
2718	1481
1770	1483
2588	1483
1664	1495
2677	1495
2557	1511
1538	1525
2084	1525
2752	1525
2746	1526
1540	1527
1836	1527
2064	1527
2209	1527
2598	1527
1673	1531
2377	1531
1654	1535
2111	1535
2778	1535
2334	1536
1646	1538
1770	1538
1817	1538
2187	1538
2735	1538
1778	1540
1805	1540
1854	1540
2399	1540
2773	1540
1940	1541
1710	1544
1866	1548
2505	1548
2557	1548
2209	1550
2778	1555
1817	1556
2348	1556
1992	1561
2089	1563
2058	1565
2443	1573
2027	1578
1775	1581
2461	1586
2757	1586
1669	1589
1640	1590
1799	1590
2039	1590
2434	1590
2648	1590
1805	1596
2695	1596
1654	1607
1654	1608
1789	1610
2123	1610
2347	1610
1817	1611
2252	1612
2270	1612
2302	1612
2799	1612
1969	1614
2778	1639
1847	1640
1948	1640
2212	1640
2340	1640
2363	1640
2419	1640
2488	1640
2752	1646
2386	1651
1854	1654
1928	1654
2039	1654
2084	1654
2185	1654
2321	1654
2778	1654
2089	1669
2001	1672
1722	1677
1770	1683
2464	1683
2589	1683
2698	1683
2756	1685
2589	1690
1805	1691
2743	1691
1817	1696
1799	1704
2315	1704
2433	1704
2470	1704
2644	1704
2786	1710
2056	1715
2064	1715
2470	1722
2696	1722
2080	1723
2088	1723
2395	1723
2139	1729
2298	1729
2321	1731
2321	1732
2778	1732
2788	1733
1854	1734
1940	1746
2040	1747
2589	1747
1805	1749
2001	1751
2361	1751
2074	1753
2651	1753
2753	1753
2610	1755
2064	1760
2698	1760
1805	1770
1858	1770
1913	1770
1961	1770
2084	1770
2091	1770
2185	1770
2321	1770
2329	1770
2357	1770
2361	1770
2433	1770
2525	1770
2567	1770
2598	1770
2648	1770
2778	1770
2780	1770
1817	1771
2696	1775
2131	1779
2111	1783
2464	1784
2064	1789
2064	1797
2698	1797
2778	1799
2329	1801
2770	1801
2778	1803
1817	1804
2695	1805
2001	1806
1854	1817
2116	1817
2171	1818
2461	1827
1925	1828
1854	1833
1932	1833
2038	1833
2039	1836
2183	1836
2730	1841
2089	1847
2149	1847
2303	1847
2386	1851
2490	1851
1874	1854
1916	1854
1940	1854
2001	1854
2038	1854
2064	1854
2111	1854
2116	1854
2149	1854
2386	1854
2402	1854
2452	1854
2464	1854
2718	1854
2691	1858
2780	1858
2786	1858
2434	1883
2097	1885
2321	1885
2322	1885
2561	1885
2116	1903
2298	1914
2434	1916
2473	1916
2505	1916
2565	1916
2234	1930
2001	1934
2091	1934
2545	1934
2001	1940
2331	1940
2631	1940
2748	1940
2253	1948
2355	1948
2098	1961
2324	1961
2066	1977
2398	1977
2252	1985
2589	1992
2008	1999
2093	2001
2149	2001
2598	2001
2715	2001
2064	2002
2719	2008
2778	2008
2386	2015
2087	2023
2470	2027
2778	2027
2782	2030
2452	2038
2111	2039
2322	2039
2153	2055
2105	2059
2434	2059
2116	2062
2695	2062
2302	2064
2334	2064
2606	2064
2648	2064
2698	2064
2752	2064
2757	2066
2302	2072
2091	2074
2651	2074
2753	2074
2395	2080
2705	2080
2088	2082
2587	2082
2111	2084
2778	2084
2116	2086
2395	2088
2587	2088
2705	2088
2149	2089
2478	2089
2557	2089
2545	2091
2654	2091
2116	2092
2235	2097
2423	2097
2266	2105
2423	2105
2598	2111
2317	2116
2464	2116
2216	2123
2347	2123
2505	2123
2569	2123
2334	2131
2447	2131
2294	2149
2212	2174
2778	2183
2321	2185
2648	2185
2598	2187
2787	2207
2773	2212
2347	2216
2464	2216
2598	2216
2234	2231
2505	2234
2272	2236
2295	2253
2505	2253
2512	2253
2556	2253
2557	2253
2778	2253
2787	2253
2786	2264
2671	2292
2505	2295
2565	2297
2782	2298
2379	2302
2453	2302
2648	2321
2698	2322
2718	2329
2734	2329
2407	2331
2778	2331
2698	2334
2569	2347
2778	2348
2565	2350
2377	2361
2565	2361
2746	2364
2648	2372
2784	2372
2505	2377
2480	2378
2565	2386
2705	2395
2442	2402
2557	2402
2434	2430
2648	2433
2598	2442
2787	2443
2778	2449
2778	2458
2757	2461
2696	2470
2505	2473
2512	2473
2512	2505
2556	2505
2557	2505
2556	2512
2557	2512
2691	2512
2718	2521
2632	2525
2757	2526
2557	2556
2746	2606
2778	2635
2735	2637
2778	2648
2753	2651
2769	2651
2798	2658
2705	2690
2718	2696
2770	2698
2735	2719
2756	2746
2784	2778
