0	374
0	391
0	503
0	569
1	10
1	313
1	613
4	50
4	815
10	313
10	613
12	57
12	68
12	400
12	497
13	732
13	757
14	334
14	418
14	604
14	620
14	622
14	667
14	851
15	620
18	29
18	38
18	58
18	65
18	87
18	98
18	126
18	133
18	144
18	182
18	187
18	207
18	239
18	335
18	344
18	345
18	456
18	525
18	534
18	557
18	560
18	592
18	599
18	649
18	651
18	698
18	745
18	786
18	829
18	841
18	865
18	887
18	888
19	62
19	770
21	819
22	39
22	117
22	195
22	249
22	336
22	458
22	551
22	813
26	47
26	85
26	89
26	152
26	209
26	360
26	449
26	511
26	518
26	531
26	581
26	616
26	638
26	657
26	678
26	718
26	787
28	146
28	707
29	37
29	38
29	42
29	58
29	65
29	76
29	83
29	98
29	109
29	113
29	126
29	144
29	187
29	202
29	207
29	211
29	237
29	274
29	289
29	295
29	300
29	325
29	334
29	335
29	345
29	375
29	378
29	381
29	468
29	492
29	513
29	534
29	538
29	557
29	560
29	587
29	609
29	610
29	622
29	627
29	649
29	651
29	653
29	658
29	667
29	691
29	698
29	705
29	731
29	761
29	775
29	820
29	836
29	841
29	843
29	851
29	888
31	192
31	837
36	489
36	503
37	38
37	58
37	59
37	83
37	111
37	113
37	196
37	202
37	211
37	215
37	237
37	274
37	282
37	295
37	334
37	375
37	381
37	468
37	492
37	513
37	529
37	538
37	609
37	610
37	622
37	627
37	658
37	667
37	685
37	691
37	695
37	698
37	705
37	728
37	760
37	761
37	775
37	836
37	851
37	861
38	58
38	65
38	83
38	98
38	109
38	126
38	144
38	182
38	202
38	211
38	232
38	237
38	274
38	282
38	289
38	334
38	335
38	375
38	381
38	468
38	492
38	513
38	538
38	587
38	592
38	609
38	610
38	622
38	627
38	658
38	667
38	685
38	691
38	698
38	705
38	731
38	741
38	761
38	775
38	795
38	836
38	843
38	851
39	117
39	195
39	249
39	321
39	336
39	458
39	537
39	551
39	813
39	855
40	532
40	623
40	721
40	891
41	537
41	881
42	144
42	148
42	204
42	232
42	653
42	673
42	820
42	860
42	874
44	211
44	274
44	587
44	775
45	727
45	785
45	799
46	113
47	85
47	89
47	152
47	209
47	360
47	449
47	511
47	518
47	531
47	616
47	638
47	657
47	678
47	718
47	787
53	66
53	140
53	163
53	189
53	190
53	235
53	303
53	333
53	350
53	358
53	376
53	427
53	488
53	510
53	654
53	656
53	688
53	730
53	737
53	789
53	795
53	823
53	840
54	127
54	141
54	158
54	288
54	320
54	419
54	480
54	508
54	520
54	702
54	744
54	781
54	797
54	798
54	800
54	817
54	818
54	842
54	866
54	884
54	899
56	579
56	838
57	497
58	65
58	76
58	83
58	98
58	109
58	126
58	144
58	196
58	202
58	207
58	211
58	237
58	282
58	295
58	331
58	334
58	335
58	357
58	378
58	468
58	492
58	513
58	538
58	557
58	560
58	571
58	587
58	592
58	609
58	620
58	622
58	627
58	658
58	667
58	685
58	691
58	698
58	705
58	708
58	728
58	750
58	761
58	775
58	786
58	795
58	836
58	843
58	865
59	83
59	111
59	113
59	202
59	211
59	237
59	274
59	275
59	282
59	295
59	301
59	334
59	375
59	381
59	513
59	609
59	610
59	627
59	658
59	667
59	685
59	691
59	705
59	761
59	775
61	354
61	593
62	770
64	184
64	271
64	304
64	519
64	648
64	797
65	98
65	109
65	126
65	144
65	207
65	345
65	492
65	507
65	557
65	649
65	651
65	698
65	705
65	708
65	865
65	888
66	140
66	163
66	189
66	190
66	303
66	333
66	350
66	358
66	376
66	427
66	488
66	510
66	654
66	656
66	730
66	737
66	789
66	823
66	840
67	92
67	387
67	389
67	714
67	791
67	828
68	400
68	497
69	150
69	293
70	85
70	152
70	638
70	657
70	678
70	718
71	368
71	850
74	217
76	98
76	286
76	300
76	468
76	492
76	620
76	843
77	228
77	512
77	533
77	676
77	683
77	694
77	837
77	854
80	225
81	184
81	326
81	519
81	635
81	639
81	648
83	98
83	111
83	113
83	126
83	144
83	196
83	202
83	211
83	237
83	274
83	282
83	289
83	295
83	301
83	334
83	375
83	378
83	381
83	468
83	513
83	538
83	552
83	587
83	609
83	610
83	622
83	627
83	652
83	658
83	667
83	685
83	691
83	698
83	705
83	728
83	729
83	761
83	775
83	795
83	801
83	836
83	844
83	861
85	89
85	152
85	209
85	360
85	449
85	511
85	518
85	531
85	581
85	616
85	638
85	657
85	678
85	704
85	718
85	787
87	98
87	126
87	144
87	187
87	207
87	239
87	335
87	344
87	451
87	456
87	492
87	525
87	534
87	557
87	560
87	599
87	649
87	651
87	687
87	698
87	786
87	841
87	865
87	887
87	888
88	859
89	152
89	209
89	360
89	449
89	511
89	518
89	531
89	581
89	616
89	638
89	657
89	678
89	718
89	787
90	150
90	228
90	246
90	366
90	706
90	740
90	837
90	867
92	387
92	389
92	714
92	791
92	828
96	259
98	113
98	126
98	144
98	182
98	187
98	207
98	215
98	239
98	282
98	300
98	334
98	335
98	344
98	345
98	456
98	468
98	492
98	525
98	533
98	534
98	538
98	557
98	560
98	599
98	622
98	649
98	651
98	673
98	683
98	685
98	698
98	731
98	775
98	796
98	841
98	843
98	851
98	887
98	888
102	453
104	550
105	163
105	427
105	488
105	730
107	116
107	632
107	880
108	556
109	144
109	237
109	325
109	331
109	492
109	507
109	708
109	865
111	113
111	144
111	150
111	196
111	202
111	211
111	228
111	237
111	274
111	275
111	282
111	289
111	295
111	334
111	338
111	375
111	468
111	513
111	538
111	587
111	592
111	610
111	622
111	627
111	658
111	667
111	676
111	685
111	691
111	694
111	728
111	750
111	761
111	775
111	801
111	836
111	843
111	851
111	861
111	878
112	196
113	144
113	196
113	202
113	211
113	226
113	237
113	274
113	275
113	282
113	289
113	295
113	334
113	338
113	375
113	381
113	418
113	468
113	492
113	512
113	513
113	538
113	587
113	609
113	610
113	622
113	627
113	652
113	658
113	667
113	685
113	691
113	694
113	705
113	728
113	751
113	760
113	761
113	775
113	801
113	808
113	836
113	837
113	851
113	861
115	154
115	621
116	632
116	880
117	195
117	336
117	551
117	813
117	855
121	294
124	498
124	810
125	171
125	278
125	726
126	144
126	182
126	187
126	207
126	239
126	335
126	344
126	345
126	456
126	492
126	525
126	534
126	557
126	560
126	649
126	651
126	698
126	731
126	745
126	841
126	888
127	141
127	508
127	520
127	702
127	781
127	797
127	798
127	800
127	884
127	899
129	732
131	159
132	396
132	674
134	399
134	483
134	582
137	452
137	766
140	163
140	189
140	190
140	235
140	303
140	333
140	350
140	358
140	376
140	427
140	488
140	510
140	654
140	656
140	730
140	737
140	789
140	795
140	823
140	840
141	508
141	520
141	702
141	781
141	797
141	800
141	899
143	671
144	196
144	202
144	207
144	211
144	237
144	239
144	274
144	282
144	295
144	300
144	325
144	334
144	335
144	345
144	375
144	378
144	468
144	492
144	513
144	534
144	538
144	557
144	560
144	571
144	592
144	604
144	609
144	610
144	617
144	622
144	627
144	649
144	651
144	652
144	658
144	667
144	685
144	691
144	698
144	705
144	708
144	728
144	731
144	750
144	761
144	775
144	786
144	836
144	841
144	843
144	851
144	861
144	865
144	888
146	707
147	215
147	228
147	258
147	334
147	395
147	529
147	533
147	642
147	676
147	683
147	796
147	808
147	854
147	867
148	653
148	673
148	874
150	228
150	246
150	282
150	293
150	295
150	338
150	366
150	529
150	538
150	676
150	694
150	706
150	740
150	775
150	837
150	854
150	861
150	867
152	209
152	360
152	449
152	511
152	518
152	531
152	581
152	616
152	638
152	657
152	678
152	718
152	787
153	304
153	895
154	621
155	367
155	398
155	636
155	664
155	862
157	352
158	480
158	798
158	817
158	818
158	866
158	884
161	588
162	667
163	189
163	190
163	303
163	333
163	350
163	358
163	376
163	427
163	488
163	510
163	654
163	656
163	688
163	730
163	737
163	789
163	823
163	840
166	232
166	332
166	807
166	860
166	866
171	278
171	726
172	321
172	551
173	466
173	482
173	588
173	831
175	433
176	686
178	772
180	679
180	896
182	345
182	492
182	525
182	557
182	698
182	731
182	741
182	841
182	888
183	346
183	497
183	517
183	643
183	711
183	883
184	326
184	519
184	635
184	639
184	648
187	198
187	207
187	239
187	335
187	344
187	451
187	456
187	525
187	534
187	557
187	560
187	599
187	649
187	651
187	687
187	698
187	786
187	841
187	865
187	887
187	888
189	190
189	303
189	333
189	350
189	358
189	376
189	427
189	488
189	510
189	654
189	656
189	730
189	737
189	789
189	823
189	840
190	303
190	333
190	350
190	358
190	376
190	427
190	488
190	510
190	654
190	656
190	730
190	737
190	789
190	823
190	840
193	324
195	249
195	336
195	458
195	551
195	813
196	202
196	211
196	237
196	274
196	275
196	282
196	289
196	295
196	334
196	375
196	468
196	513
196	538
196	587
196	609
196	610
196	622
196	627
196	658
196	667
196	685
196	691
196	728
196	749
196	761
196	775
196	801
196	843
196	861
198	344
198	456
198	649
198	841
202	211
202	274
202	282
202	289
202	295
202	301
202	334
202	375
202	381
202	468
202	513
202	538
202	552
202	587
202	609
202	610
202	622
202	627
202	658
202	667
202	685
202	705
202	761
202	775
202	843
202	861
204	653
204	673
204	795
204	820
204	874
205	286
207	239
207	335
207	344
207	345
207	451
207	456
207	492
207	525
207	534
207	557
207	560
207	599
207	649
207	651
207	687
207	698
207	786
207	841
207	865
207	887
207	888
209	360
209	449
209	511
209	518
209	531
209	616
209	638
209	678
209	718
209	787
211	215
211	228
211	237
211	274
211	275
211	282
211	289
211	295
211	334
211	375
211	378
211	381
211	468
211	492
211	513
211	529
211	538
211	552
211	589
211	597
211	609
211	610
211	622
211	627
211	652
211	658
211	667
211	683
211	685
211	691
211	694
211	695
211	705
211	728
211	750
211	761
211	775
211	836
211	837
211	851
211	854
211	861
212	351
212	629
213	390
213	710
214	766
215	228
215	258
215	282
215	289
215	395
215	492
215	496
215	529
215	533
215	538
215	539
215	560
215	574
215	611
215	627
215	642
215	667
215	676
215	683
215	694
215	761
215	775
215	796
215	808
215	829
215	837
215	843
215	851
215	854
215	867
219	330
219	464
219	561
219	630
219	703
221	319
221	398
221	699
221	869
226	282
226	492
226	622
226	775
226	861
228	246
228	258
228	267
228	282
228	334
228	338
228	366
228	395
228	512
228	529
228	533
228	538
228	539
228	574
228	597
228	611
228	642
228	676
228	683
228	694
228	706
228	740
228	761
228	775
228	796
228	808
228	829
228	837
228	843
228	851
228	854
228	861
228	867
230	647
232	332
232	564
232	653
232	673
232	807
232	860
232	874
234	264
235	303
235	789
235	840
237	274
237	275
237	282
237	289
237	295
237	334
237	375
237	381
237	468
237	492
237	513
237	538
237	552
237	587
237	609
237	610
237	622
237	627
237	652
237	658
237	667
237	685
237	691
237	705
237	728
237	750
237	761
237	775
237	801
237	836
237	851
237	861
238	424
239	335
239	344
239	345
239	456
239	525
239	534
239	557
239	560
239	599
239	649
239	651
239	698
239	841
239	865
239	887
239	888
241	260
241	842
241	859
242	448
242	640
243	586
243	590
243	609
243	894
246	366
246	529
246	642
246	676
246	694
246	740
246	775
246	837
246	867
248	552
248	605
248	658
249	458
252	738
253	342
253	626
253	681
258	267
258	338
258	395
258	512
258	533
258	539
258	611
258	642
258	676
258	683
258	694
258	761
258	775
258	796
258	808
258	837
258	843
258	854
258	867
260	842
260	859
263	561
266	639
266	735
266	824
267	533
267	538
267	539
267	676
267	683
267	775
267	837
267	867
269	498
271	304
273	573
274	282
274	289
274	295
274	301
274	334
274	375
274	381
274	468
274	492
274	513
274	538
274	552
274	587
274	589
274	592
274	609
274	610
274	622
274	627
274	652
274	658
274	667
274	685
274	691
274	705
274	728
274	729
274	750
274	760
274	761
274	775
274	795
274	836
274	844
274	851
274	861
275	295
275	334
275	500
275	610
275	658
275	667
275	691
275	750
275	761
278	726
282	289
282	295
282	323
282	334
282	338
282	375
282	381
282	468
282	513
282	538
282	552
282	592
282	609
282	610
282	622
282	627
282	652
282	658
282	667
282	676
282	685
282	694
282	698
282	761
282	775
282	795
282	837
282	861
282	867
286	468
287	530
288	320
288	419
288	744
288	798
288	800
288	842
289	295
289	334
289	338
289	375
289	381
289	395
289	468
289	492
289	513
289	529
289	538
289	539
289	604
289	609
289	610
289	620
289	622
289	627
289	652
289	658
289	667
289	685
289	698
289	705
289	728
289	751
289	760
289	761
289	775
289	796
289	837
289	851
289	861
292	305
292	572
293	538
293	658
293	775
295	301
295	334
295	375
295	378
295	381
295	468
295	492
295	512
295	513
295	529
295	538
295	587
295	588
295	597
295	609
295	610
295	622
295	627
295	652
295	658
295	667
295	685
295	691
295	694
295	705
295	728
295	729
295	750
295	761
295	775
295	836
295	837
295	851
295	861
300	468
300	492
300	537
300	560
300	651
300	698
300	775
300	843
300	881
301	334
301	375
301	513
301	609
301	627
301	667
301	705
301	750
301	775
303	333
303	350
303	358
303	376
303	427
303	488
303	510
303	654
303	656
303	730
303	737
303	789
303	795
303	823
303	840
305	572
313	613
313	769
317	866
318	538
318	772
319	699
319	859
319	869
320	419
320	744
320	798
320	800
320	842
321	551
323	513
323	761
325	708
325	775
326	519
326	635
326	639
326	648
330	464
330	561
330	630
330	703
332	807
332	860
333	350
333	358
333	376
333	427
333	488
333	510
333	654
333	656
333	730
333	737
333	789
333	823
333	840
334	375
334	378
334	381
334	468
334	492
334	513
334	529
334	538
334	552
334	587
334	592
334	604
334	609
334	610
334	622
334	627
334	652
334	658
334	667
334	683
334	685
334	691
334	695
334	698
334	705
334	728
334	750
334	761
334	775
334	795
334	801
334	836
334	837
334	843
334	844
334	851
334	861
335	344
335	456
335	492
335	557
335	560
335	567
335	599
335	649
335	651
335	698
335	775
335	841
335	888
336	458
336	551
336	813
336	855
337	355
337	392
337	747
338	366
338	395
338	529
338	533
338	538
338	539
338	642
338	676
338	683
338	694
338	706
338	740
338	761
338	775
338	796
338	808
338	829
338	837
338	843
338	854
338	861
338	867
342	626
342	681
344	456
344	534
344	557
344	560
344	649
344	651
344	698
344	841
344	888
345	525
345	534
345	557
345	599
345	649
345	658
345	698
345	741
345	841
345	888
346	381
346	497
346	517
346	610
346	643
346	711
346	792
346	883
350	376
350	427
350	488
350	510
350	654
350	656
350	730
350	789
350	823
350	840
351	629
354	593
355	392
355	747
356	675
356	835
356	839
358	376
358	427
358	488
358	510
358	654
358	656
358	730
358	737
358	789
358	840
360	449
360	511
360	518
360	531
360	581
360	616
360	657
360	678
360	718
366	676
366	694
366	706
366	740
366	775
366	837
366	867
367	387
367	398
367	661
367	664
367	714
367	862
368	446
368	850
373	674
374	391
374	454
375	381
375	468
375	513
375	538
375	587
375	609
375	610
375	622
375	627
375	652
375	658
375	667
375	685
375	705
375	750
375	761
375	775
375	836
375	851
375	861
376	427
376	488
376	510
376	654
376	656
376	730
376	737
376	789
376	795
376	823
376	840
377	514
378	468
378	513
378	587
378	627
378	667
378	705
378	750
381	468
381	492
381	513
381	517
381	538
381	609
381	610
381	622
381	627
381	652
381	658
381	667
381	685
381	705
381	761
381	775
381	836
381	851
387	389
387	714
387	791
387	828
389	714
389	791
389	828
390	710
390	724
391	569
391	709
392	747
393	706
393	740
393	837
395	512
395	533
395	538
395	539
395	611
395	642
395	676
395	683
395	694
395	761
395	775
395	796
395	808
395	829
395	837
395	843
395	851
395	854
395	867
396	731
398	664
398	862
398	869
399	483
399	582
400	497
402	433
404	798
404	800
404	817
404	866
409	802
414	695
418	604
418	620
418	652
418	803
419	744
419	798
419	800
419	842
420	479
427	488
427	510
427	654
427	656
427	688
427	730
427	737
427	789
427	823
427	840
428	784
429	465
430	515
439	499
446	850
447	759
449	511
449	518
449	531
449	581
449	616
449	638
449	657
449	678
449	718
449	787
450	659
451	456
451	599
451	649
452	766
456	534
456	557
456	560
456	599
456	649
456	651
456	698
456	841
456	887
456	888
457	846
458	551
458	813
464	561
464	630
464	703
466	482
466	831
467	619
468	492
468	513
468	538
468	552
468	560
468	587
468	609
468	610
468	615
468	622
468	627
468	658
468	667
468	685
468	691
468	705
468	761
468	775
468	795
468	843
468	851
471	528
474	478
476	496
476	764
479	562
480	798
480	800
480	817
480	818
480	866
480	884
482	831
483	582
488	510
488	654
488	656
488	688
488	730
488	737
488	789
488	823
488	840
492	538
492	552
492	557
492	560
492	592
492	609
492	620
492	622
492	627
492	649
492	651
492	667
492	685
492	698
492	705
492	731
492	760
492	761
492	775
492	795
492	836
492	843
492	851
492	888
496	683
496	764
496	829
497	517
497	610
497	643
497	711
497	792
497	883
498	637
501	793
503	569
504	614
507	705
507	708
507	865
508	520
508	702
508	781
508	797
508	800
508	884
508	899
510	654
510	656
510	730
510	737
510	789
510	795
510	823
510	840
511	518
511	531
511	581
511	616
511	638
511	657
511	678
511	718
512	529
512	533
512	538
512	539
512	559
512	574
512	642
512	676
512	683
512	761
512	775
512	796
512	808
512	837
512	843
512	854
513	538
513	587
513	597
513	609
513	610
513	615
513	622
513	627
513	652
513	658
513	667
513	685
513	691
513	698
513	705
513	728
513	729
513	750
513	761
513	775
513	844
513	851
513	861
517	643
517	711
517	883
518	531
518	581
518	616
518	638
518	657
518	678
518	718
519	635
519	639
519	648
520	702
520	781
520	797
520	798
520	800
520	884
520	899
522	585
522	665
525	534
525	557
525	560
525	599
525	649
525	651
525	698
525	841
525	888
529	533
529	538
529	539
529	574
529	676
529	683
529	694
529	740
529	761
529	775
529	796
529	837
529	843
529	851
529	867
531	581
531	616
531	638
531	657
531	678
531	718
531	787
532	623
532	721
532	891
533	538
533	539
533	574
533	642
533	676
533	683
533	694
533	761
533	775
533	796
533	808
533	829
533	837
533	843
533	851
533	854
533	867
534	557
534	560
534	599
534	649
534	698
534	841
534	887
534	888
537	551
537	855
537	881
538	539
538	559
538	604
538	609
538	610
538	622
538	627
538	652
538	658
538	667
538	676
538	683
538	685
538	695
538	698
538	705
538	728
538	751
538	760
538	761
538	775
538	796
538	808
538	829
538	836
538	837
538	843
538	851
538	854
538	861
538	867
539	611
539	642
539	676
539	683
539	694
539	751
539	761
539	775
539	796
539	808
539	837
539	843
539	851
539	854
539	867
551	813
551	855
552	610
552	622
552	627
552	667
552	685
552	695
552	761
552	775
552	851
552	861
557	560
557	599
557	649
557	651
557	698
557	786
557	841
557	887
557	888
559	751
559	843
560	599
560	610
560	649
560	651
560	687
560	698
560	841
560	887
560	888
561	630
561	703
565	764
568	890
569	756
569	843
571	691
574	642
574	676
574	683
574	761
574	775
574	796
574	829
574	837
574	854
576	587
579	838
581	616
581	638
581	657
581	678
581	718
585	665
586	590
587	609
587	610
587	622
587	627
587	658
587	667
587	685
587	698
587	705
587	728
587	749
587	761
587	836
587	861
589	658
590	825
592	617
592	658
592	708
592	773
592	861
597	609
597	761
597	775
599	649
599	698
599	841
599	887
599	888
604	620
604	627
604	705
604	843
604	851
609	610
609	622
609	627
609	658
609	667
609	685
609	691
609	705
609	728
609	750
609	761
609	775
609	836
609	851
610	622
610	627
610	643
610	652
610	658
610	667
610	685
610	691
610	698
610	705
610	728
610	750
610	751
610	761
610	775
610	836
610	843
610	851
610	861
611	628
611	642
611	667
611	683
611	761
611	775
611	796
611	837
611	843
611	851
611	854
615	622
615	795
616	638
616	657
616	678
616	704
616	718
620	775
620	851
622	627
622	652
622	658
622	667
622	685
622	691
622	698
622	705
622	728
622	750
622	760
622	761
622	775
622	795
622	836
622	851
622	861
623	721
623	891
625	782
626	681
627	652
627	658
627	667
627	676
627	683
627	685
627	691
627	695
627	705
627	728
627	750
627	751
627	760
627	761
627	775
627	795
627	801
627	836
627	837
627	844
627	851
627	861
630	703
631	868
632	880
634	637
635	639
635	648
636	664
638	657
638	678
638	718
638	787
639	648
639	735
639	824
639	842
642	676
642	683
642	694
642	761
642	775
642	796
642	808
642	829
642	837
642	854
642	867
643	803
644	668
644	733
644	869
645	727
646	756
649	651
649	687
649	698
649	786
649	841
649	865
649	887
649	888
651	687
651	698
651	745
651	841
651	887
651	888
652	658
652	667
652	685
652	705
652	728
652	761
652	775
652	795
652	836
652	844
652	851
652	861
653	673
653	795
653	820
653	874
654	656
654	730
654	789
654	823
654	840
656	730
656	737
656	789
656	840
657	678
657	718
658	667
658	685
658	691
658	698
658	705
658	728
658	729
658	750
658	761
658	775
658	851
661	664
661	862
664	862
667	676
667	685
667	691
667	705
667	728
667	729
667	750
667	751
667	761
667	775
667	795
667	796
667	801
667	836
667	837
667	843
667	851
667	861
668	733
673	795
673	820
673	874
675	835
675	839
676	683
676	694
676	706
676	740
676	751
676	761
676	775
676	796
676	808
676	829
676	837
676	843
676	854
676	861
676	867
678	718
678	787
678	795
679	896
680	784
682	834
683	694
683	751
683	761
683	775
683	796
683	808
683	829
683	837
683	843
683	851
683	854
683	867
685	691
685	705
685	728
685	749
685	750
685	760
685	761
685	775
685	795
685	836
685	844
685	851
685	861
687	841
687	887
687	888
691	705
691	728
691	750
691	761
691	775
691	836
691	878
694	706
694	761
694	775
694	796
694	808
694	837
694	854
694	867
695	761
695	775
698	705
698	775
698	836
698	841
698	851
698	887
698	888
699	869
702	781
702	797
702	798
702	800
702	884
702	899
705	728
705	750
705	761
705	775
705	836
705	843
705	851
706	740
706	775
706	837
706	867
708	773
708	786
708	865
710	724
711	792
711	883
714	791
714	828
718	787
721	891
727	785
727	799
728	760
728	761
728	775
728	795
728	796
728	836
728	843
728	861
730	737
730	789
730	795
730	823
730	840
733	869
735	824
735	842
737	789
737	840
740	761
740	775
740	837
740	843
740	861
740	867
744	798
744	800
744	842
749	761
750	761
750	775
750	836
751	761
751	775
751	796
751	808
751	829
751	843
751	851
760	761
760	775
760	796
760	844
760	851
761	775
761	796
761	829
761	836
761	837
761	843
761	844
761	851
761	854
761	861
761	867
761	878
775	796
775	808
775	829
775	836
775	837
775	843
775	844
775	851
775	854
775	861
775	867
781	797
781	798
781	800
781	884
781	899
784	859
786	841
786	865
789	823
789	840
791	828
795	820
795	836
795	840
795	861
795	874
796	808
796	829
796	837
796	843
796	854
796	867
797	798
797	800
797	884
797	899
798	800
798	817
798	818
798	866
798	884
798	899
800	817
800	818
800	842
800	866
800	884
800	899
807	860
808	829
808	837
808	843
808	851
808	854
813	855
817	818
817	866
817	884
818	866
818	884
820	874
823	840
829	837
829	851
829	854
835	839
836	851
837	843
837	851
837	854
837	861
837	867
841	865
841	887
841	888
842	859
843	851
843	854
843	861
843	867
844	861
851	854
854	867
855	881
861	867
864	871
865	888
866	884
884	899
887	888
374	0
391	0
503	0
569	0
10	1
313	1
613	1
50	4
815	4
313	10
613	10
57	12
68	12
400	12
497	12
732	13
757	13
334	14
418	14
604	14
620	14
622	14
667	14
851	14
620	15
29	18
38	18
58	18
65	18
87	18
98	18
126	18
133	18
144	18
182	18
187	18
207	18
239	18
335	18
344	18
345	18
456	18
525	18
534	18
557	18
560	18
592	18
599	18
649	18
651	18
698	18
745	18
786	18
829	18
841	18
865	18
887	18
888	18
62	19
770	19
819	21
39	22
117	22
195	22
249	22
336	22
458	22
551	22
813	22
47	26
85	26
89	26
152	26
209	26
360	26
449	26
511	26
518	26
531	26
581	26
616	26
638	26
657	26
678	26
718	26
787	26
146	28
707	28
37	29
38	29
42	29
58	29
65	29
76	29
83	29
98	29
109	29
113	29
126	29
144	29
187	29
202	29
207	29
211	29
237	29
274	29
289	29
295	29
300	29
325	29
334	29
335	29
345	29
375	29
378	29
381	29
468	29
492	29
513	29
534	29
538	29
557	29
560	29
587	29
609	29
610	29
622	29
627	29
649	29
651	29
653	29
658	29
667	29
691	29
698	29
705	29
731	29
761	29
775	29
820	29
836	29
841	29
843	29
851	29
888	29
192	31
837	31
489	36
503	36
38	37
58	37
59	37
83	37
111	37
113	37
196	37
202	37
211	37
215	37
237	37
274	37
282	37
295	37
334	37
375	37
381	37
468	37
492	37
513	37
529	37
538	37
609	37
610	37
622	37
627	37
658	37
667	37
685	37
691	37
695	37
698	37
705	37
728	37
760	37
761	37
775	37
836	37
851	37
861	37
58	38
65	38
83	38
98	38
109	38
126	38
144	38
182	38
202	38
211	38
232	38
237	38
274	38
282	38
289	38
334	38
335	38
375	38
381	38
468	38
492	38
513	38
538	38
587	38
592	38
609	38
610	38
622	38
627	38
658	38
667	38
685	38
691	38
698	38
705	38
731	38
741	38
761	38
775	38
795	38
836	38
843	38
851	38
117	39
195	39
249	39
321	39
336	39
458	39
537	39
551	39
813	39
855	39
532	40
623	40
721	40
891	40
537	41
881	41
144	42
148	42
204	42
232	42
653	42
673	42
820	42
860	42
874	42
211	44
274	44
587	44
775	44
727	45
785	45
799	45
113	46
85	47
89	47
152	47
209	47
360	47
449	47
511	47
518	47
531	47
616	47
638	47
657	47
678	47
718	47
787	47
66	53
140	53
163	53
189	53
190	53
235	53
303	53
333	53
350	53
358	53
376	53
427	53
488	53
510	53
654	53
656	53
688	53
730	53
737	53
789	53
795	53
823	53
840	53
127	54
141	54
158	54
288	54
320	54
419	54
480	54
508	54
520	54
702	54
744	54
781	54
797	54
798	54
800	54
817	54
818	54
842	54
866	54
884	54
899	54
579	56
838	56
497	57
65	58
76	58
83	58
98	58
109	58
126	58
144	58
196	58
202	58
207	58
211	58
237	58
282	58
295	58
331	58
334	58
335	58
357	58
378	58
468	58
492	58
513	58
538	58
557	58
560	58
571	58
587	58
592	58
609	58
620	58
622	58
627	58
658	58
667	58
685	58
691	58
698	58
705	58
708	58
728	58
750	58
761	58
775	58
786	58
795	58
836	58
843	58
865	58
83	59
111	59
113	59
202	59
211	59
237	59
274	59
275	59
282	59
295	59
301	59
334	59
375	59
381	59
513	59
609	59
610	59
627	59
658	59
667	59
685	59
691	59
705	59
761	59
775	59
354	61
593	61
770	62
184	64
271	64
304	64
519	64
648	64
797	64
98	65
109	65
126	65
144	65
207	65
345	65
492	65
507	65
557	65
649	65
651	65
698	65
705	65
708	65
865	65
888	65
140	66
163	66
189	66
190	66
303	66
333	66
350	66
358	66
376	66
427	66
488	66
510	66
654	66
656	66
730	66
737	66
789	66
823	66
840	66
92	67
387	67
389	67
714	67
791	67
828	67
400	68
497	68
150	69
293	69
85	70
152	70
638	70
657	70
678	70
718	70
368	71
850	71
217	74
98	76
286	76
300	76
468	76
492	76
620	76
843	76
228	77
512	77
533	77
676	77
683	77
694	77
837	77
854	77
225	80
184	81
326	81
519	81
635	81
639	81
648	81
98	83
111	83
113	83
126	83
144	83
196	83
202	83
211	83
237	83
274	83
282	83
289	83
295	83
301	83
334	83
375	83
378	83
381	83
468	83
513	83
538	83
552	83
587	83
609	83
610	83
622	83
627	83
652	83
658	83
667	83
685	83
691	83
698	83
705	83
728	83
729	83
761	83
775	83
795	83
801	83
836	83
844	83
861	83
89	85
152	85
209	85
360	85
449	85
511	85
518	85
531	85
581	85
616	85
638	85
657	85
678	85
704	85
718	85
787	85
98	87
126	87
144	87
187	87
207	87
239	87
335	87
344	87
451	87
456	87
492	87
525	87
534	87
557	87
560	87
599	87
649	87
651	87
687	87
698	87
786	87
841	87
865	87
887	87
888	87
859	88
152	89
209	89
360	89
449	89
511	89
518	89
531	89
581	89
616	89
638	89
657	89
678	89
718	89
787	89
150	90
228	90
246	90
366	90
706	90
740	90
837	90
867	90
387	92
389	92
714	92
791	92
828	92
259	96
113	98
126	98
144	98
182	98
187	98
207	98
215	98
239	98
282	98
300	98
334	98
335	98
344	98
345	98
456	98
468	98
492	98
525	98
533	98
534	98
538	98
557	98
560	98
599	98
622	98
649	98
651	98
673	98
683	98
685	98
698	98
731	98
775	98
796	98
841	98
843	98
851	98
887	98
888	98
453	102
550	104
163	105
427	105
488	105
730	105
116	107
632	107
880	107
556	108
144	109
237	109
325	109
331	109
492	109
507	109
708	109
865	109
113	111
144	111
150	111
196	111
202	111
211	111
228	111
237	111
274	111
275	111
282	111
289	111
295	111
334	111
338	111
375	111
468	111
513	111
538	111
587	111
592	111
610	111
622	111
627	111
658	111
667	111
676	111
685	111
691	111
694	111
728	111
750	111
761	111
775	111
801	111
836	111
843	111
851	111
861	111
878	111
196	112
144	113
196	113
202	113
211	113
226	113
237	113
274	113
275	113
282	113
289	113
295	113
334	113
338	113
375	113
381	113
418	113
468	113
492	113
512	113
513	113
538	113
587	113
609	113
610	113
622	113
627	113
652	113
658	113
667	113
685	113
691	113
694	113
705	113
728	113
751	113
760	113
761	113
775	113
801	113
808	113
836	113
837	113
851	113
861	113
154	115
621	115
632	116
880	116
195	117
336	117
551	117
813	117
855	117
294	121
498	124
810	124
171	125
278	125
726	125
144	126
182	126
187	126
207	126
239	126
335	126
344	126
345	126
456	126
492	126
525	126
534	126
557	126
560	126
649	126
651	126
698	126
731	126
745	126
841	126
888	126
141	127
508	127
520	127
702	127
781	127
797	127
798	127
800	127
884	127
899	127
732	129
159	131
396	132
674	132
399	134
483	134
582	134
452	137
766	137
163	140
189	140
190	140
235	140
303	140
333	140
350	140
358	140
376	140
427	140
488	140
510	140
654	140
656	140
730	140
737	140
789	140
795	140
823	140
840	140
508	141
520	141
702	141
781	141
797	141
800	141
899	141
671	143
196	144
202	144
207	144
211	144
237	144
239	144
274	144
282	144
295	144
300	144
325	144
334	144
335	144
345	144
375	144
378	144
468	144
492	144
513	144
534	144
538	144
557	144
560	144
571	144
592	144
604	144
609	144
610	144
617	144
622	144
627	144
649	144
651	144
652	144
658	144
667	144
685	144
691	144
698	144
705	144
708	144
728	144
731	144
750	144
761	144
775	144
786	144
836	144
841	144
843	144
851	144
861	144
865	144
888	144
707	146
215	147
228	147
258	147
334	147
395	147
529	147
533	147
642	147
676	147
683	147
796	147
808	147
854	147
867	147
653	148
673	148
874	148
228	150
246	150
282	150
293	150
295	150
338	150
366	150
529	150
538	150
676	150
694	150
706	150
740	150
775	150
837	150
854	150
861	150
867	150
209	152
360	152
449	152
511	152
518	152
531	152
581	152
616	152
638	152
657	152
678	152
718	152
787	152
304	153
895	153
621	154
367	155
398	155
636	155
664	155
862	155
352	157
480	158
798	158
817	158
818	158
866	158
884	158
588	161
667	162
189	163
190	163
303	163
333	163
350	163
358	163
376	163
427	163
488	163
510	163
654	163
656	163
688	163
730	163
737	163
789	163
823	163
840	163
232	166
332	166
807	166
860	166
866	166
278	171
726	171
321	172
551	172
466	173
482	173
588	173
831	173
433	175
686	176
772	178
679	180
896	180
345	182
492	182
525	182
557	182
698	182
731	182
741	182
841	182
888	182
346	183
497	183
517	183
643	183
711	183
883	183
326	184
519	184
635	184
639	184
648	184
198	187
207	187
239	187
335	187
344	187
451	187
456	187
525	187
534	187
557	187
560	187
599	187
649	187
651	187
687	187
698	187
786	187
841	187
865	187
887	187
888	187
190	189
303	189
333	189
350	189
358	189
376	189
427	189
488	189
510	189
654	189
656	189
730	189
737	189
789	189
823	189
840	189
303	190
333	190
350	190
358	190
376	190
427	190
488	190
510	190
654	190
656	190
730	190
737	190
789	190
823	190
840	190
324	193
249	195
336	195
458	195
551	195
813	195
202	196
211	196
237	196
274	196
275	196
282	196
289	196
295	196
334	196
375	196
468	196
513	196
538	196
587	196
609	196
610	196
622	196
627	196
658	196
667	196
685	196
691	196
728	196
749	196
761	196
775	196
801	196
843	196
861	196
344	198
456	198
649	198
841	198
211	202
274	202
282	202
289	202
295	202
301	202
334	202
375	202
381	202
468	202
513	202
538	202
552	202
587	202
609	202
610	202
622	202
627	202
658	202
667	202
685	202
705	202
761	202
775	202
843	202
861	202
653	204
673	204
795	204
820	204
874	204
286	205
239	207
335	207
344	207
345	207
451	207
456	207
492	207
525	207
534	207
557	207
560	207
599	207
649	207
651	207
687	207
698	207
786	207
841	207
865	207
887	207
888	207
360	209
449	209
511	209
518	209
531	209
616	209
638	209
678	209
718	209
787	209
215	211
228	211
237	211
274	211
275	211
282	211
289	211
295	211
334	211
375	211
378	211
381	211
468	211
492	211
513	211
529	211
538	211
552	211
589	211
597	211
609	211
610	211
622	211
627	211
652	211
658	211
667	211
683	211
685	211
691	211
694	211
695	211
705	211
728	211
750	211
761	211
775	211
836	211
837	211
851	211
854	211
861	211
351	212
629	212
390	213
710	213
766	214
228	215
258	215
282	215
289	215
395	215
492	215
496	215
529	215
533	215
538	215
539	215
560	215
574	215
611	215
627	215
642	215
667	215
676	215
683	215
694	215
761	215
775	215
796	215
808	215
829	215
837	215
843	215
851	215
854	215
867	215
330	219
464	219
561	219
630	219
703	219
319	221
398	221
699	221
869	221
282	226
492	226
622	226
775	226
861	226
246	228
258	228
267	228
282	228
334	228
338	228
366	228
395	228
512	228
529	228
533	228
538	228
539	228
574	228
597	228
611	228
642	228
676	228
683	228
694	228
706	228
740	228
761	228
775	228
796	228
808	228
829	228
837	228
843	228
851	228
854	228
861	228
867	228
647	230
332	232
564	232
653	232
673	232
807	232
860	232
874	232
264	234
303	235
789	235
840	235
274	237
275	237
282	237
289	237
295	237
334	237
375	237
381	237
468	237
492	237
513	237
538	237
552	237
587	237
609	237
610	237
622	237
627	237
652	237
658	237
667	237
685	237
691	237
705	237
728	237
750	237
761	237
775	237
801	237
836	237
851	237
861	237
424	238
335	239
344	239
345	239
456	239
525	239
534	239
557	239
560	239
599	239
649	239
651	239
698	239
841	239
865	239
887	239
888	239
260	241
842	241
859	241
448	242
640	242
586	243
590	243
609	243
894	243
366	246
529	246
642	246
676	246
694	246
740	246
775	246
837	246
867	246
552	248
605	248
658	248
458	249
738	252
342	253
626	253
681	253
267	258
338	258
395	258
512	258
533	258
539	258
611	258
642	258
676	258
683	258
694	258
761	258
775	258
796	258
808	258
837	258
843	258
854	258
867	258
842	260
859	260
561	263
639	266
735	266
824	266
533	267
538	267
539	267
676	267
683	267
775	267
837	267
867	267
498	269
304	271
573	273
282	274
289	274
295	274
301	274
334	274
375	274
381	274
468	274
492	274
513	274
538	274
552	274
587	274
589	274
592	274
609	274
610	274
622	274
627	274
652	274
658	274
667	274
685	274
691	274
705	274
728	274
729	274
750	274
760	274
761	274
775	274
795	274
836	274
844	274
851	274
861	274
295	275
334	275
500	275
610	275
658	275
667	275
691	275
750	275
761	275
726	278
289	282
295	282
323	282
334	282
338	282
375	282
381	282
468	282
513	282
538	282
552	282
592	282
609	282
610	282
622	282
627	282
652	282
658	282
667	282
676	282
685	282
694	282
698	282
761	282
775	282
795	282
837	282
861	282
867	282
468	286
530	287
320	288
419	288
744	288
798	288
800	288
842	288
295	289
334	289
338	289
375	289
381	289
395	289
468	289
492	289
513	289
529	289
538	289
539	289
604	289
609	289
610	289
620	289
622	289
627	289
652	289
658	289
667	289
685	289
698	289
705	289
728	289
751	289
760	289
761	289
775	289
796	289
837	289
851	289
861	289
305	292
572	292
538	293
658	293
775	293
301	295
334	295
375	295
378	295
381	295
468	295
492	295
512	295
513	295
529	295
538	295
587	295
588	295
597	295
609	295
610	295
622	295
627	295
652	295
658	295
667	295
685	295
691	295
694	295
705	295
728	295
729	295
750	295
761	295
775	295
836	295
837	295
851	295
861	295
468	300
492	300
537	300
560	300
651	300
698	300
775	300
843	300
881	300
334	301
375	301
513	301
609	301
627	301
667	301
705	301
750	301
775	301
333	303
350	303
358	303
376	303
427	303
488	303
510	303
654	303
656	303
730	303
737	303
789	303
795	303
823	303
840	303
572	305
613	313
769	313
866	317
538	318
772	318
699	319
859	319
869	319
419	320
744	320
798	320
800	320
842	320
551	321
513	323
761	323
708	325
775	325
519	326
635	326
639	326
648	326
464	330
561	330
630	330
703	330
807	332
860	332
350	333
358	333
376	333
427	333
488	333
510	333
654	333
656	333
730	333
737	333
789	333
823	333
840	333
375	334
378	334
381	334
468	334
492	334
513	334
529	334
538	334
552	334
587	334
592	334
604	334
609	334
610	334
622	334
627	334
652	334
658	334
667	334
683	334
685	334
691	334
695	334
698	334
705	334
728	334
750	334
761	334
775	334
795	334
801	334
836	334
837	334
843	334
844	334
851	334
861	334
344	335
456	335
492	335
557	335
560	335
567	335
599	335
649	335
651	335
698	335
775	335
841	335
888	335
458	336
551	336
813	336
855	336
355	337
392	337
747	337
366	338
395	338
529	338
533	338
538	338
539	338
642	338
676	338
683	338
694	338
706	338
740	338
761	338
775	338
796	338
808	338
829	338
837	338
843	338
854	338
861	338
867	338
626	342
681	342
456	344
534	344
557	344
560	344
649	344
651	344
698	344
841	344
888	344
525	345
534	345
557	345
599	345
649	345
658	345
698	345
741	345
841	345
888	345
381	346
497	346
517	346
610	346
643	346
711	346
792	346
883	346
376	350
427	350
488	350
510	350
654	350
656	350
730	350
789	350
823	350
840	350
629	351
593	354
392	355
747	355
675	356
835	356
839	356
376	358
427	358
488	358
510	358
654	358
656	358
730	358
737	358
789	358
840	358
449	360
511	360
518	360
531	360
581	360
616	360
657	360
678	360
718	360
676	366
694	366
706	366
740	366
775	366
837	366
867	366
387	367
398	367
661	367
664	367
714	367
862	367
446	368
850	368
674	373
391	374
454	374
381	375
468	375
513	375
538	375
587	375
609	375
610	375
622	375
627	375
652	375
658	375
667	375
685	375
705	375
750	375
761	375
775	375
836	375
851	375
861	375
427	376
488	376
510	376
654	376
656	376
730	376
737	376
789	376
795	376
823	376
840	376
514	377
468	378
513	378
587	378
627	378
667	378
705	378
750	378
468	381
492	381
513	381
517	381
538	381
609	381
610	381
622	381
627	381
652	381
658	381
667	381
685	381
705	381
761	381
775	381
836	381
851	381
389	387
714	387
791	387
828	387
714	389
791	389
828	389
710	390
724	390
569	391
709	391
747	392
706	393
740	393
837	393
512	395
533	395
538	395
539	395
611	395
642	395
676	395
683	395
694	395
761	395
775	395
796	395
808	395
829	395
837	395
843	395
851	395
854	395
867	395
731	396
664	398
862	398
869	398
483	399
582	399
497	400
433	402
798	404
800	404
817	404
866	404
802	409
695	414
604	418
620	418
652	418
803	418
744	419
798	419
800	419
842	419
479	420
488	427
510	427
654	427
656	427
688	427
730	427
737	427
789	427
823	427
840	427
784	428
465	429
515	430
499	439
850	446
759	447
511	449
518	449
531	449
581	449
616	449
638	449
657	449
678	449
718	449
787	449
659	450
456	451
599	451
649	451
766	452
534	456
557	456
560	456
599	456
649	456
651	456
698	456
841	456
887	456
888	456
846	457
551	458
813	458
561	464
630	464
703	464
482	466
831	466
619	467
492	468
513	468
538	468
552	468
560	468
587	468
609	468
610	468
615	468
622	468
627	468
658	468
667	468
685	468
691	468
705	468
761	468
775	468
795	468
843	468
851	468
528	471
478	474
496	476
764	476
562	479
798	480
800	480
817	480
818	480
866	480
884	480
831	482
582	483
510	488
654	488
656	488
688	488
730	488
737	488
789	488
823	488
840	488
538	492
552	492
557	492
560	492
592	492
609	492
620	492
622	492
627	492
649	492
651	492
667	492
685	492
698	492
705	492
731	492
760	492
761	492
775	492
795	492
836	492
843	492
851	492
888	492
683	496
764	496
829	496
517	497
610	497
643	497
711	497
792	497
883	497
637	498
793	501
569	503
614	504
705	507
708	507
865	507
520	508
702	508
781	508
797	508
800	508
884	508
899	508
654	510
656	510
730	510
737	510
789	510
795	510
823	510
840	510
518	511
531	511
581	511
616	511
638	511
657	511
678	511
718	511
529	512
533	512
538	512
539	512
559	512
574	512
642	512
676	512
683	512
761	512
775	512
796	512
808	512
837	512
843	512
854	512
538	513
587	513
597	513
609	513
610	513
615	513
622	513
627	513
652	513
658	513
667	513
685	513
691	513
698	513
705	513
728	513
729	513
750	513
761	513
775	513
844	513
851	513
861	513
643	517
711	517
883	517
531	518
581	518
616	518
638	518
657	518
678	518
718	518
635	519
639	519
648	519
702	520
781	520
797	520
798	520
800	520
884	520
899	520
585	522
665	522
534	525
557	525
560	525
599	525
649	525
651	525
698	525
841	525
888	525
533	529
538	529
539	529
574	529
676	529
683	529
694	529
740	529
761	529
775	529
796	529
837	529
843	529
851	529
867	529
581	531
616	531
638	531
657	531
678	531
718	531
787	531
623	532
721	532
891	532
538	533
539	533
574	533
642	533
676	533
683	533
694	533
761	533
775	533
796	533
808	533
829	533
837	533
843	533
851	533
854	533
867	533
557	534
560	534
599	534
649	534
698	534
841	534
887	534
888	534
551	537
855	537
881	537
539	538
559	538
604	538
609	538
610	538
622	538
627	538
652	538
658	538
667	538
676	538
683	538
685	538
695	538
698	538
705	538
728	538
751	538
760	538
761	538
775	538
796	538
808	538
829	538
836	538
837	538
843	538
851	538
854	538
861	538
867	538
611	539
642	539
676	539
683	539
694	539
751	539
761	539
775	539
796	539
808	539
837	539
843	539
851	539
854	539
867	539
813	551
855	551
610	552
622	552
627	552
667	552
685	552
695	552
761	552
775	552
851	552
861	552
560	557
599	557
649	557
651	557
698	557
786	557
841	557
887	557
888	557
751	559
843	559
599	560
610	560
649	560
651	560
687	560
698	560
841	560
887	560
888	560
630	561
703	561
764	565
890	568
756	569
843	569
691	571
642	574
676	574
683	574
761	574
775	574
796	574
829	574
837	574
854	574
587	576
838	579
616	581
638	581
657	581
678	581
718	581
665	585
590	586
609	587
610	587
622	587
627	587
658	587
667	587
685	587
698	587
705	587
728	587
749	587
761	587
836	587
861	587
658	589
825	590
617	592
658	592
708	592
773	592
861	592
609	597
761	597
775	597
649	599
698	599
841	599
887	599
888	599
620	604
627	604
705	604
843	604
851	604
610	609
622	609
627	609
658	609
667	609
685	609
691	609
705	609
728	609
750	609
761	609
775	609
836	609
851	609
622	610
627	610
643	610
652	610
658	610
667	610
685	610
691	610
698	610
705	610
728	610
750	610
751	610
761	610
775	610
836	610
843	610
851	610
861	610
628	611
642	611
667	611
683	611
761	611
775	611
796	611
837	611
843	611
851	611
854	611
622	615
795	615
638	616
657	616
678	616
704	616
718	616
775	620
851	620
627	622
652	622
658	622
667	622
685	622
691	622
698	622
705	622
728	622
750	622
760	622
761	622
775	622
795	622
836	622
851	622
861	622
721	623
891	623
782	625
681	626
652	627
658	627
667	627
676	627
683	627
685	627
691	627
695	627
705	627
728	627
750	627
751	627
760	627
761	627
775	627
795	627
801	627
836	627
837	627
844	627
851	627
861	627
703	630
868	631
880	632
637	634
639	635
648	635
664	636
657	638
678	638
718	638
787	638
648	639
735	639
824	639
842	639
676	642
683	642
694	642
761	642
775	642
796	642
808	642
829	642
837	642
854	642
867	642
803	643
668	644
733	644
869	644
727	645
756	646
651	649
687	649
698	649
786	649
841	649
865	649
887	649
888	649
687	651
698	651
745	651
841	651
887	651
888	651
658	652
667	652
685	652
705	652
728	652
761	652
775	652
795	652
836	652
844	652
851	652
861	652
673	653
795	653
820	653
874	653
656	654
730	654
789	654
823	654
840	654
730	656
737	656
789	656
840	656
678	657
718	657
667	658
685	658
691	658
698	658
705	658
728	658
729	658
750	658
761	658
775	658
851	658
664	661
862	661
862	664
676	667
685	667
691	667
705	667
728	667
729	667
750	667
751	667
761	667
775	667
795	667
796	667
801	667
836	667
837	667
843	667
851	667
861	667
733	668
795	673
820	673
874	673
835	675
839	675
683	676
694	676
706	676
740	676
751	676
761	676
775	676
796	676
808	676
829	676
837	676
843	676
854	676
861	676
867	676
718	678
787	678
795	678
896	679
784	680
834	682
694	683
751	683
761	683
775	683
796	683
808	683
829	683
837	683
843	683
851	683
854	683
867	683
691	685
705	685
728	685
749	685
750	685
760	685
761	685
775	685
795	685
836	685
844	685
851	685
861	685
841	687
887	687
888	687
705	691
728	691
750	691
761	691
775	691
836	691
878	691
706	694
761	694
775	694
796	694
808	694
837	694
854	694
867	694
761	695
775	695
705	698
775	698
836	698
841	698
851	698
887	698
888	698
869	699
781	702
797	702
798	702
800	702
884	702
899	702
728	705
750	705
761	705
775	705
836	705
843	705
851	705
740	706
775	706
837	706
867	706
773	708
786	708
865	708
724	710
792	711
883	711
791	714
828	714
787	718
891	721
785	727
799	727
760	728
761	728
775	728
795	728
796	728
836	728
843	728
861	728
737	730
789	730
795	730
823	730
840	730
869	733
824	735
842	735
789	737
840	737
761	740
775	740
837	740
843	740
861	740
867	740
798	744
800	744
842	744
761	749
761	750
775	750
836	750
761	751
775	751
796	751
808	751
829	751
843	751
851	751
761	760
775	760
796	760
844	760
851	760
775	761
796	761
829	761
836	761
837	761
843	761
844	761
851	761
854	761
861	761
867	761
878	761
796	775
808	775
829	775
836	775
837	775
843	775
844	775
851	775
854	775
861	775
867	775
797	781
798	781
800	781
884	781
899	781
859	784
841	786
865	786
823	789
840	789
828	791
820	795
836	795
840	795
861	795
874	795
808	796
829	796
837	796
843	796
854	796
867	796
798	797
800	797
884	797
899	797
800	798
817	798
818	798
866	798
884	798
899	798
817	800
818	800
842	800
866	800
884	800
899	800
860	807
829	808
837	808
843	808
851	808
854	808
855	813
818	817
866	817
884	817
866	818
884	818
874	820
840	823
837	829
851	829
854	829
839	835
851	836
843	837
851	837
854	837
861	837
867	837
865	841
887	841
888	841
859	842
851	843
854	843
861	843
867	843
861	844
854	851
867	854
881	855
867	861
871	864
888	865
884	866
899	884
888	887
