3294	2316
225	1819
225	564
225	1994
3744	698
3744	4263
3604	1719
348	4038
348	628
348	3163
3306	1516
2467	621
510	3567
510	2433
510	3721
510	4361
510	3578
510	3335
510	3682
510	2045
2894	1783
2894	917
2894	4475
2894	3614
46	2828
2911	2454
2911	199
2911	4530
2911	2104
3343	199
3343	4082
1594	102
1594	3876
1594	2626
1594	4142
1655	199
1011	492
1011	1516
3493	3138
2465	3578
2465	199
2465	554
2465	3027
459	394
459	285
459	3612
857	1811
857	3907
857	172
857	4491
857	1288
857	4475
857	3333
696	4405
696	4248
696	899
696	214
696	1236
696	2578
696	4263
696	4195
696	3646
696	4020
696	4305
696	2534
696	3875
696	422
696	26
696	2847
3940	3585
2874	1489
2874	668
2874	980
2874	1994
2119	38
2119	4074
2119	3197
2119	3893
654	4074
654	2316
654	102
654	1740
654	4281
654	502
654	3893
203	4439
203	1767
203	1579
203	422
203	3167
203	1284
203	3356
3949	1284
3949	1970
245	394
245	1881
245	4268
245	1117
245	4416
245	2392
245	3086
245	2768
245	533
245	1105
245	285
245	2553
245	1992
245	1998
245	4410
4379	394
4379	2367
4379	1986
4379	2129
4379	469
4379	1117
4379	4416
4379	4555
4379	2392
4379	1105
4379	1992
4379	1998
4379	4410
3973	3595
1438	3807
3904	1442
3904	1441
3904	3560
284	1739
284	780
4541	1278
4541	2221
4541	1084
4541	998
4541	2985
3626	2890
3626	2522
3626	2018
3626	1599
3626	1994
2890	2868
2890	2522
2890	2018
2890	1314
2890	1599
2890	3907
2890	1647
2868	2522
2868	2018
2868	3219
2868	3629
2620	3481
2620	199
2620	2282
2780	2454
4323	11
4323	2346
2023	2602
2023	3653
2603	4408
2603	1858
2603	224
2603	3482
4408	4524
4408	4281
4408	2939
4408	3818
4408	2510
392	2239
392	4225
3853	2426
3853	1362
3567	2236
3567	2786
3567	2447
3567	265
3567	1714
3567	817
3567	3332
3567	4192
3567	457
3567	3682
3567	162
3567	43
2426	2454
3173	3333
2788	3324
2105	2513
2105	3778
2105	2433
2513	3778
2513	2433
2513	2599
2513	3335
3778	2433
3778	686
1893	224
1893	1679
663	626
663	2056
663	4537
663	2850
663	3324
663	2035
663	668
663	4491
663	1059
663	1709
626	2035
626	4491
626	1647
1897	1524
3284	826
826	535
4250	4475
4250	2656
989	4203
791	2226
791	1952
791	1800
791	1458
791	4386
791	3333
1996	765
2433	3335
2433	4475
4440	1638
4556	3497
4557	3936
4557	285
4557	1080
4557	2921
597	1927
597	3228
597	1988
597	1887
597	139
597	3900
597	1847
597	2550
597	3539
597	1234
597	1086
597	888
597	1016
597	2742
772	2848
772	4427
772	841
772	2726
2312	2491
2312	1750
2312	4083
2348	1477
585	3364
1435	2301
4198	1516
4198	2027
4449	866
261	1887
3663	1355
635	4444
3732	2476
3732	648
4430	2476
4430	1204
4430	4554
4430	4475
2476	189
2476	4270
2476	920
2476	2516
2476	657
2476	3147
2476	941
2476	377
2476	3730
189	1397
189	4406
189	564
189	554
189	3333
189	3872
4270	4361
4270	3461
920	2516
920	1397
2516	1397
3241	724
3241	163
3694	897
3984	1843
3984	4555
3984	4475
2505	1843
2505	1881
2505	2367
2505	193
427	2027
3303	2653
3303	1606
3303	2134
2162	2319
211	734
211	676
211	146
211	2385
734	676
734	2392
734	3086
734	285
2236	2993
2236	3278
2236	3907
2236	81
2236	2599
2236	3335
2236	161
2236	1012
2236	3986
4405	1847
4405	3219
4405	4305
4405	376
571	1277
571	3905
3525	1806
3525	1288
3525	3893
3525	1606
1293	3646
1293	564
1293	554
1293	3872
4299	4334
4299	3721
4299	804
4299	1638
4299	102
4299	1824
4299	3453
4334	2443
4334	1971
4334	38
4334	2171
4334	2777
4334	929
4334	4530
4334	3563
4334	1728
4334	567
4334	2828
2056	2850
2056	4373
2056	2137
2056	872
2056	1524
2056	2812
2056	839
2056	66
2056	771
4537	2244
2244	479
4071	3147
1176	1414
2452	535
2452	947
2452	1016
2265	3646
2265	2653
1327	3219
1327	1429
770	3001
770	3528
770	116
770	929
770	741
770	3720
770	3702
770	16
770	197
770	3147
770	1608
770	1850
770	2926
4372	1233
3673	1277
3622	451
3622	2443
3622	1971
3622	799
3622	979
2179	417
2179	3278
2179	2599
2179	3335
2179	4016
2179	2565
2179	3146
144	3278
144	3553
144	1850
144	350
144	2425
1261	38
1261	3721
1261	2454
1261	1850
1261	2218
3001	52
3001	906
3001	947
2850	3287
2850	3472
2850	1531
2850	4373
2850	2137
2850	872
2850	1524
2850	2812
2850	839
2850	3196
2850	1356
574	3611
574	917
574	3860
574	1328
574	4475
574	2005
3791	1291
3791	888
1806	3750
1806	1288
1806	256
1308	199
1308	763
1308	2104
1308	4149
394	2367
394	1430
394	3936
394	4268
394	2508
394	469
394	676
394	2066
394	2474
394	3086
394	533
394	285
394	4276
394	2553
394	1992
394	2796
394	4434
4533	1845
1719	4098
1719	1524
883	1712
883	2039
883	2424
1552	1581
1552	2806
2848	2786
2848	827
2848	863
2848	81
2848	1132
2848	557
2848	102
2848	2872
2848	4223
2848	4281
2848	3840
2848	3628
2848	2939
2848	3498
2848	2726
2848	828
2848	2125
2848	2567
2848	117
2848	498
2848	1475
492	3407
1819	3135
1819	1783
1819	1891
1819	3509
1819	2924
1819	3197
1819	2454
1819	2697
1819	2439
1819	1794
1819	3539
1819	633
1819	594
1819	2612
1819	221
1819	113
1819	519
1819	1909
1819	3184
1819	3418
409	4498
409	2454
409	1785
409	4475
409	1233
3072	3287
3072	1850
3229	313
3229	4428
1021	3287
1712	3717
1712	513
1712	4465
1712	3792
1348	1037
4128	1063
3717	648
3717	513
3717	4465
3717	3792
3717	1037
3717	4475
1204	4362
3135	2021
3135	2932
3135	4361
3135	2760
3135	1621
3135	4229
3135	4530
3135	1864
3135	1994
4019	118
4019	1564
4019	1046
4019	875
4019	2275
3460	2292
3460	3958
4345	724
4345	252
4345	4352
4345	3242
4345	1309
4345	3008
4345	2104
4345	1172
2428	3374
2428	3324
2428	937
2428	3575
4371	443
4371	2415
4371	550
4371	2104
2961	1189
2715	2418
2715	1687
2715	3319
3281	1234
2164	1508
2164	1563
2164	2305
2164	1638
2164	2438
2164	805
2164	752
2164	2939
2164	721
2164	1524
2164	554
2164	4082
2164	3292
2164	1233
2164	121
629	2687
629	558
2226	38
2875	3147
264	4246
451	2443
451	1971
451	1339
451	199
451	686
2443	1971
2443	686
2443	1012
2443	3562
2443	567
2443	1909
1971	3394
1971	4391
1971	3721
1971	1918
1971	929
1971	1602
1971	3197
1971	1241
1971	1362
1971	263
1971	686
1971	3341
1971	1930
1397	3289
1397	1988
1397	1277
1397	3509
1397	3947
1397	824
1397	2454
1397	549
1397	1507
1397	4462
1397	259
1397	1044
1397	1681
2522	2018
2522	1599
2522	980
1508	4498
1508	1487
1508	2243
1508	2230
2018	4498
2018	1599
2018	1132
2018	4305
2018	1298
2018	376
38	2337
38	3075
38	1728
38	1593
38	1516
38	1850
38	4082
4111	969
737	1329
737	622
737	3907
737	1477
737	3676
737	947
737	2169
648	513
648	4465
648	1516
648	1288
648	1037
648	4244
648	2888
513	3907
513	4465
513	3792
513	4386
513	1524
513	1037
513	4244
2869	1238
2869	2126
2869	3743
617	2662
617	726
617	955
617	1670
617	1603
617	720
617	159
617	2169
1329	622
1329	2366
1329	3907
1329	947
622	535
622	4406
622	2867
622	3907
622	2897
622	1677
622	3539
622	1150
622	527
622	802
622	947
622	900
622	926
622	2331
622	3071
622	909
622	1605
4429	2171
1563	3335
1563	1800
1563	661
1563	2567
1563	15
1563	3612
1563	2985
1563	1909
1563	990
1563	3453
4333	4491
2366	204
2366	4527
2366	3696
2366	2612
2366	844
3116	3915
3116	313
3116	383
3116	4038
3116	628
3116	1575
3116	3163
3116	4475
535	1129
535	3055
535	2897
535	1677
535	2533
535	3583
535	4373
535	1524
535	3943
535	259
535	2169
535	466
535	1125
535	1420
535	3929
2981	4263
3407	2881
3407	674
3407	3464
3407	3758
3407	30
3407	3008
3407	4483
3374	3324
3374	947
3374	567
2879	2456
2879	1277
2879	2246
2879	2547
2879	2673
2879	866
2879	40
2879	1732
2879	843
2879	628
2879	3662
2879	591
2879	1873
2879	4489
1301	3954
1301	4077
1301	2672
4218	3920
885	2139
1186	2955
1186	4268
1186	3364
1186	4416
1186	3020
1186	2392
1186	1105
1186	1875
1186	1998
188	1986
188	4228
188	412
177	1986
177	1197
177	2474
2302	4392
2302	2454
3394	4513
4391	3758
3944	1537
3944	3140
3954	4146
3954	3915
3954	3375
3954	4343
3954	4281
3954	4186
3954	3743
3954	220
3954	4386
3954	1575
3954	1679
3954	1824
3721	929
3721	4020
3721	3682
1693	4305
4498	3600
4498	1258
4498	2169
4498	1911
4498	3766
639	724
639	4305
4499	3423
4499	2454
4499	788
4499	3727
4499	2257
2881	417
2881	356
2881	308
2881	204
2881	30
2881	122
2881	4483
2881	376
1580	3287
1580	4237
4406	4248
4406	1062
4406	1129
4406	2337
4406	947
4406	1850
4406	1258
37	2337
37	2230
37	4121
37	2762
4107	866
4107	138
3824	1516
3824	3196
3129	2644
3129	3147
3129	457
3129	2049
3129	1820
2644	3405
2644	4524
2644	1477
49	4099
49	2146
2786	4439
2786	1600
2786	1794
2786	3147
2786	1388
1586	1701
1586	3527
1586	724
1586	2812
1701	3527
1701	3272
1701	1700
1701	2812
1701	3560
1701	1356
3536	2447
3527	1550
3527	2364
3527	2812
3527	782
1424	1700
1424	3147
3783	2963
3236	1507
118	3585
118	4361
118	3287
118	1524
118	3138
118	2104
118	956
3810	2385
1614	2400
3747	3595
402	676
402	2768
402	285
402	4458
2501	2383
2501	285
1843	3595
1843	724
1843	676
1843	3086
1843	619
1843	285
700	1324
1881	3595
1881	3445
1881	2367
1881	3936
1881	4268
1881	2508
1881	1838
1881	2307
1881	676
1881	2565
1881	2066
1881	4280
1881	2474
1881	3086
1881	533
1881	70
1881	285
1881	2553
1881	1998
1881	2294
1881	4434
1881	4199
2139	66
2139	1856
1925	570
3103	1380
570	937
1927	2454
2407	3743
2349	2169
3595	1986
3595	3936
3595	1974
3595	1197
3595	285
1783	3380
1783	3919
1783	3585
1783	1115
1783	3021
1783	2790
1783	3907
1783	3620
1783	1952
1783	741
1783	1074
1783	4035
1783	3242
1783	3287
1783	1491
1783	3997
1783	841
1783	1550
1783	1700
1783	502
1783	2909
1783	2376
1783	2536
1783	4061
1783	2486
1783	105
1783	212
1783	347
1783	2448
1783	4253
1597	3021
1597	823
1597	3676
3272	832
3272	3792
3672	3925
3672	1763
3672	3982
832	1887
832	633
3324	724
3324	947
4509	3574
4509	3114
812	531
3380	3612
1973	2227
488	3278
488	594
3915	2454
3915	2126
3915	4162
3915	383
3915	628
3915	2612
3915	1575
3915	3163
3445	4268
3445	2392
3445	3956
3445	2768
3445	66
3445	1501
3445	1105
3445	1875
3228	2462
3868	788
3868	2578
3868	4263
3868	3219
3868	421
1063	2454
1063	15
674	30
674	4543
2418	1965
2418	3746
3952	4475
1136	2041
246	516
246	1449
246	731
246	2104
11	2454
11	199
11	3329
1731	4361
1731	1638
1731	2109
1731	3138
1731	1298
1731	1994
1731	1484
3971	2041
2208	3689
2211	259
2209	2358
2498	2229
3731	3958
3731	2434
2821	2454
401	3287
544	2726
4301	102
3582	106
3582	3314
3957	3439
3957	530
2685	1952
2685	3628
2021	3509
2021	1800
2021	3332
2021	1224
2021	872
2021	583
2021	2561
410	1928
410	1862
3919	3585
3919	850
3919	1115
3919	4361
3919	2316
3919	102
3919	1286
3919	987
3919	3287
3919	2998
3585	2708
3585	1115
3585	4525
3585	3921
3585	4361
3585	2316
3585	102
3585	739
3585	3314
3585	502
3585	1432
3585	3218
3585	108
3585	4018
3585	2198
3585	2601
3004	2853
4355	4192
4355	1309
4355	3876
4355	4236
1283	2169
1283	2492
1283	3808
4074	841
1898	1503
1898	199
2542	3333
1321	637
4104	122
4104	1791
1891	752
4471	199
4471	4543
4248	1062
4248	1638
1062	1638
1062	1914
1062	4228
890	4084
1158	2578
1158	4530
2272	531
2272	3773
1314	2317
1314	1336
1314	634
1314	3539
1314	215
1314	470
1314	4386
1314	2660
1314	2134
1314	3508
1314	4134
3405	1711
3405	1084
2016	1074
2016	59
2171	1570
2662	1845
2662	4172
2662	4011
804	502
804	4491
1034	102
1238	576
2293	2583
787	81
787	3697
2922	2454
2922	3841
2194	2944
4427	4281
4427	1356
324	3907
324	2301
364	4263
364	2776
2708	657
2708	2011
2708	1328
2708	3341
4432	3743
4432	1966
2447	638
2447	1322
2447	4535
2447	3903
2447	3884
2447	743
2447	2385
2447	2958
2447	4480
2654	1524
2654	3612
850	2243
850	201
850	3958
3013	4263
1129	3670
1129	2430
1129	14
1129	564
1129	3333
1868	3907
1868	172
1868	741
1868	3219
1868	126
1868	4491
1868	2046
1868	1378
1868	633
1868	594
1868	2612
1868	558
300	4263
300	1477
300	1516
1311	1267
217	2454
1585	2454
1193	937
1115	2491
1115	4361
1115	102
1115	2998
1115	2854
1115	4134
4	2567
2039	3289
2039	4361
2039	2454
2039	1906
3740	2169
3670	3289
3670	4212
3670	3128
3670	3197
3670	2454
3670	1375
3670	4281
3670	3840
3670	1676
3670	2939
3670	2726
3670	4222
3670	2899
3670	1679
3670	1229
3670	990
3670	4124
2367	1974
2367	4268
2367	2092
2367	2066
2367	2392
2367	2474
2367	3086
2367	533
2367	285
2367	2553
2367	1998
2367	3529
2367	4434
3486	2034
3486	3052
2932	1794
2932	1679
2932	1190
1089	2454
1089	3519
2855	3936
2855	2483
2855	992
2855	3951
2855	2376
2855	1117
2855	158
2855	45
2855	285
2855	4335
2855	4410
1722	1679
645	2191
2777	4392
1986	397
1986	3086
1986	285
1986	2553
3289	3143
3289	1277
3289	1602
3289	3465
3289	2454
3289	739
3289	274
3289	1241
3289	4281
3289	1162
3289	1504
3289	4186
3289	3498
3289	2726
3289	1200
3289	1266
3289	1362
3289	1322
3289	3083
3289	4370
3289	2810
3289	4124
2982	3889
2982	2613
4235	199
4235	4530
4235	4233
4235	1788
1748	1838
1748	761
1748	3728
2346	199
2346	980
3711	637
2867	1524
2037	3364
2037	3147
2037	3981
2037	3557
3252	3206
3252	715
3252	3064
3936	1974
3936	4268
3936	1759
3936	560
3936	4081
3936	4416
3936	4555
3936	2392
3936	212
3936	2768
3936	533
3936	1501
3936	1105
3936	1875
3936	1992
3936	1998
3936	4410
1974	69
1974	3086
1974	212
1974	285
1974	2553
500	1046
3165	2137
3165	3292
3165	2887
3206	2066
3206	2392
3206	67
3206	285
3206	2796
974	549
974	901
3825	3847
3825	549
977	3128
977	557
977	3840
977	2726
977	2374
977	3794
977	990
1684	1739
2060	3219
238	1593
238	2110
238	2104
238	3787
1391	554
552	1516
2337	102
2337	4229
2337	3775
2337	4082
2337	1116
3290	2454
3290	3147
3290	1380
3290	2942
3276	1181
3276	2975
2639	4382
191	637
2548	4011
3090	3245
1210	1266
4208	113
3494	1811
3494	1638
3494	1227
3494	2104
3494	2343
3494	2963
3494	110
3494	2975
1913	3287
1913	4475
2456	1277
2456	2246
2456	2547
2456	2673
2456	40
2456	1732
2456	422
2456	434
2456	3179
2456	4489
2108	2454
2108	3020
2108	3046
4204	1236
3064	741
3064	4530
3064	1266
3064	823
3064	45
1256	1477
3600	1278
3600	827
3600	1207
3600	726
3600	2797
3600	2653
3143	1277
3143	252
3143	2094
3143	2238
3143	2939
3143	3147
3143	2726
3143	1199
2955	3292
2955	66
2955	1358
2955	1165
416	1579
416	4475
416	2926
3414	2066
1285	1046
1285	2221
1285	2100
4409	3222
4409	4530
32	1257
1988	2007
417	3551
417	4392
417	1838
417	3287
417	161
417	16
417	136
417	2198
417	2580
417	2684
417	3541
3423	457
2129	428
2129	121
2844	2454
302	805
4057	1277
4057	1887
4057	2993
4057	2089
4057	706
3437	2316
3847	4463
3847	1928
3847	1442
3847	150
3847	628
3847	3676
3847	1690
3847	928
3847	504
3847	2711
2853	2687
708	3193
708	3907
173	1524
173	2583
173	1906
173	3333
2698	676
2698	285
3481	4361
3481	3287
3481	3138
3831	2424
3831	66
3543	4186
3543	4475
1185	852
1185	2687
1185	102
1185	1286
1185	564
1185	4491
1185	3912
1185	3341
1185	4082
852	2687
852	4388
2687	1870
2687	4361
2687	3128
2687	2316
2687	1286
2687	3357
2687	2439
2687	104
2687	558
2687	4065
2687	3958
2687	4388
2687	2399
2687	2660
2687	1143
2687	376
2687	1319
2687	2381
2687	3450
1111	4242
1111	594
1111	1288
1111	928
1111	4244
1111	3427
1811	4404
1811	407
1811	222
1811	1966
1811	4092
4267	3657
687	637
687	3903
687	1568
687	1745
687	2597
4014	199
4197	2316
1278	3287
1278	3078
1278	371
1278	1356
1278	2678
4182	2295
4182	3646
4182	3676
4182	4448
4182	3612
4182	531
1124	741
2413	66
3439	841
929	4020
929	422
929	1775
929	3453
428	3287
428	686
428	4319
428	1590
428	121
3611	1678
3611	1670
3611	2953
1106	3221
1106	2942
3221	1670
3221	2953
3221	2942
1112	4475
1277	3485
1277	4525
1277	2993
1277	2246
1277	4361
1277	2011
1277	4178
1277	2252
1277	2547
1277	1504
1277	2191
1277	2673
1277	2897
1277	40
1277	2997
1277	843
1277	720
1277	197
1277	3875
1277	4388
1277	13
1277	4153
1277	4489
1277	4124
3485	4237
3485	3169
1255	3287
1255	841
1255	1851
2324	2993
1267	2243
1267	872
1267	1524
652	554
652	3341
652	4475
1337	1477
1337	747
1814	4307
1082	676
1082	285
1082	3459
4157	2316
4157	1286
4157	987
1869	2812
1887	1181
1887	3146
1887	3078
1887	4082
1887	2169
1181	48
1181	1512
1181	545
1181	1602
1181	3589
1181	4240
48	1512
538	4229
1512	668
1512	502
1512	661
4525	4361
4525	550
4525	199
4525	16
4525	3687
4525	1507
4525	2626
4525	3333
2035	4268
2035	3086
2035	2768
2035	1856
2035	2123
1782	1046
1782	521
1782	1048
4268	3678
4268	2508
4268	2269
4268	2307
4268	637
4268	676
4268	2818
4268	2066
4268	2392
4268	2027
4268	2474
4268	3086
4268	1501
4268	1105
4268	70
4268	285
4268	2553
4268	1875
4268	1998
4268	2294
4268	2796
4268	4434
4268	4410
2526	1367
3921	2939
254	199
1634	4530
3021	1207
3021	2454
3021	172
3021	1257
3021	2441
3021	1170
3021	3482
3021	3426
3021	1298
3021	664
2993	3006
2993	2089
3245	1739
3245	3583
3245	2675
1739	4386
1739	1575
1739	2675
1486	2454
1486	2229
1486	1875
1486	3541
4351	465
4351	761
4351	1346
4351	285
1602	1638
1602	268
1602	3876
1602	4491
1602	2567
3389	1799
3389	457
2254	3411
1347	1230
2344	3883
2437	841
2437	1516
2992	426
2584	4184
4184	3958
3465	2246
3465	1638
3465	2578
3465	739
3465	274
3465	2726
3465	2104
4212	2763
4212	378
4212	4186
4212	220
2246	3840
2246	2673
2246	40
2246	1732
2246	3511
2246	843
2246	2940
2246	426
3712	3469
493	479
2517	2998
917	1487
917	3874
917	3860
917	3687
917	3341
3509	668
106	224
106	3242
106	2908
106	4388
106	1384
732	754
3402	102
4404	222
1607	987
1756	2454
4308	1282
2763	378
1759	4373
1759	676
1759	2474
1759	3086
1759	2229
1759	285
1759	1875
1759	3012
3953	863
3953	4137
3953	2353
3211	2948
3211	1948
3211	2066
3211	3086
3211	1501
3211	1105
3211	285
3211	1992
3211	3756
3211	4410
3144	2948
3144	3892
827	1845
827	345
827	2737
827	25
516	3815
3947	2136
184	1740
184	3553
184	4506
184	2104
184	1751
2946	2454
616	2454
616	1227
3278	3997
3278	1284
3278	3610
2877	3375
2877	1227
2877	1541
2877	3078
2877	971
1207	564
1207	3354
1207	3444
1207	2198
1565	2689
1565	239
1565	3453
4553	4263
4553	422
2295	1362
2295	755
2295	1084
2948	4229
2948	1130
2948	3568
4120	554
4120	1507
4361	1132
4361	1375
4361	4098
4361	1504
4361	2032
4361	1676
4361	126
4361	3583
4361	3218
4361	2301
4361	2688
4361	637
4361	1965
4361	2486
4361	554
4361	565
4361	338
4361	4085
3907	1132
3907	2872
3907	2304
3907	4162
3907	1800
3907	4240
3907	2774
3907	4172
3907	1524
3907	947
3907	259
3907	2169
3907	2054
3907	2370
4151	555
1845	3679
1845	3335
1845	383
1845	3510
1845	3982
1845	2169
1845	888
1845	3752
3464	502
3464	30
3464	4543
3464	279
265	638
265	199
265	1850
378	1132
378	594
378	1458
378	122
378	1423
465	3147
465	637
465	2275
824	3657
824	212
3941	3109
863	1600
863	875
863	4077
863	4011
863	3138
863	1516
863	1575
863	2963
81	1600
81	1282
81	4271
81	3697
81	248
81	4077
81	4011
81	3815
81	2672
81	1661
81	3614
81	3872
4439	1378
4439	4065
3820	248
1197	1477
1197	4140
1197	4410
3734	3171
2383	67
2383	285
2643	1336
2643	2510
1132	3860
1132	199
1132	1994
1132	3461
2216	3287
1333	3147
1333	4475
3656	2454
2964	252
2964	4105
2964	422
2034	3287
139	199
139	4491
139	2806
1236	1847
1236	4263
1236	2545
1236	2567
1236	288
3334	564
3334	3333
2397	4530
3128	1282
3128	3628
3128	199
3128	3893
3197	1282
3197	3893
2457	2305
2457	3354
2305	2454
1564	201
497	1785
657	937
657	1678
657	3687
657	2762
657	10
3578	4548
3578	3539
3578	418
3578	2688
3578	4535
3856	3364
3856	670
3856	2392
3286	2104
4392	3125
272	3570
272	3354
1948	1099
1948	2104
1948	4475
1315	1477
1072	2768
3883	1745
2665	2183
3667	252
3667	2626
3667	3566
3469	4343
3469	3860
3469	3287
3469	1550
3469	1700
3469	1842
3469	4503
2454	4414
2454	4548
2454	2819
2454	2206
2454	255
2454	4447
2454	895
2454	4079
2454	4374
2454	1313
2454	3655
2454	4016
2454	69
2454	4539
2454	2611
2454	1075
2454	1871
2454	633
2454	4011
2454	3056
2454	2998
2454	828
2454	1949
2454	3444
2454	1591
2454	2591
2454	3020
2454	3166
2454	3519
2454	558
2454	3931
2454	1189
2454	1084
2454	2392
2454	2696
2454	279
2454	4280
2454	2859
2454	1721
2454	1216
2454	210
2454	3117
2454	1930
2454	3187
2454	1801
2454	68
2454	121
2454	125
2454	128
2454	146
2454	377
2454	479
2454	553
2454	709
2454	896
2454	898
2454	1032
2454	1095
2454	1157
2454	1568
2454	1572
2454	1582
2454	1626
2454	1640
2454	1752
2454	1820
2454	1842
2454	1885
2454	490
2454	2103
2454	2128
2454	1745
2454	2306
2454	2369
2454	2412
2454	2475
2454	2586
2454	2613
2454	2621
2454	2732
2454	2746
2454	2770
2454	2882
2454	2914
2454	3003
2454	3012
2454	3049
2454	3092
2454	3113
2454	3302
2454	3386
2454	3438
2454	3577
2454	3580
2454	3629
2454	3715
2454	3808
2454	3881
2454	4009
2454	4152
2454	4332
2454	4450
2454	4480
2454	4495
2454	4503
2454	3680
172	1257
172	322
172	741
172	3357
172	3287
172	3997
172	841
172	1700
172	104
172	3332
172	30
172	3624
172	4112
172	670
172	1143
172	3521
1600	1288
4306	3287
4306	1550
4306	1700
4306	1298
1257	741
1257	3287
1257	841
1257	1550
1257	1700
1257	823
1257	558
1257	212
1257	2567
1257	3730
4513	1678
4513	3860
4513	1328
4513	4403
4513	4161
3300	1653
2011	1798
2011	22
2011	4121
2011	3147
2011	3146
2011	3958
2011	10
2011	15
2011	3381
1798	3860
3678	676
3678	3086
3678	2768
2297	2938
788	3521
603	4038
603	628
603	1049
555	339
2760	259
1029	3147
4288	724
1099	2648
4524	633
4524	1407
726	2316
726	199
1952	2536
1952	3646
1952	15
1638	3834
1638	2439
1638	98
1638	2046
1638	594
1638	840
1638	3146
1638	3078
1638	774
1638	643
1638	2169
1638	1909
322	823
322	1970
322	1356
322	4489
3518	4444
2508	2066
2508	2392
2508	3086
2508	4448
2508	533
2508	1105
2508	3579
2508	285
2508	2553
2508	2613
2508	4410
3679	839
3679	2963
2578	1700
2578	805
2578	1353
2712	3109
2269	2613
741	2126
741	2928
741	1899
1074	268
1074	418
3738	2045
557	3511
2559	668
2559	1906
2559	3872
2438	1524
2438	686
1489	980
4256	1647
1077	1205
1077	3809
697	4530
1714	2136
1984	2027
2316	102
2316	1286
2316	987
2316	4035
2316	3314
2316	2092
2316	502
2316	469
2316	1150
2316	4326
2316	329
2316	3519
2316	1575
2316	3078
2316	4225
2316	2087
2316	2795
102	1286
102	987
102	464
102	2092
102	502
102	3699
102	3449
102	2109
102	594
102	2998
102	3008
102	3301
102	4438
102	4244
102	58
102	3882
102	2889
102	3428
102	3924
102	2884
1286	987
1286	2092
1286	502
1286	4072
1286	3449
1286	4539
1286	199
1286	4326
1286	3008
1286	2658
1286	1851
987	502
987	3449
987	3008
987	2832
987	2326
1651	2137
22	15
4466	4271
2126	3482
2126	1906
2126	113
2126	3333
2126	3730
724	1847
724	201
724	582
724	2089
724	59
724	4547
724	1200
724	4318
724	3932
724	1930
724	888
724	515
724	795
724	1217
724	3386
724	4298
249	1537
1487	2243
1487	1328
2243	1591
2243	3676
2230	1591
2230	3676
2528	1524
2528	554
2528	3320
1282	2187
1282	3874
1282	3840
1282	4077
1282	1679
739	274
739	4231
739	4367
739	3840
739	3498
739	2726
739	991
739	4222
739	1833
739	4124
274	4281
274	3840
274	1504
274	3498
274	823
274	2514
274	3371
274	4124
1838	2066
1838	3086
1838	4434
3763	1751
3763	2071
3763	4257
2625	3086
2625	285
2625	4434
560	69
560	3263
560	676
560	3086
560	285
560	1281
2669	849
2669	3287
4446	1700
4446	3449
4446	1380
937	566
937	947
937	1189
937	1060
937	2007
937	540
937	553
937	559
937	593
937	1157
937	1235
937	1335
937	1598
937	1626
937	1723
937	1875
937	2036
937	2773
937	2776
1570	4281
1570	1298
3627	1087
3900	633
3900	2136
578	199
1336	4098
1336	2104
1336	1878
4414	1501
2040	1500
2872	3178
2872	498
1686	3147
268	59
268	3943
4463	150
4463	4448
1928	150
1928	1516
1928	4475
4178	3999
4178	2027
4178	3496
4512	210
3651	2609
3651	3563
4242	3575
3575	2169
3575	2990
2807	2104
3203	3569
1808	1847
1808	2545
1808	1799
1808	288
1808	376
1808	3140
4098	668
4098	3373
4098	2430
4098	487
4098	457
4098	2583
4098	2071
4098	893
668	1524
668	1909
918	3635
918	1785
1449	3840
1449	1059
224	109
4097	2065
4097	161
4097	1906
4097	2762
4097	3038
1503	4162
1503	263
3373	2819
3373	3874
3373	3842
3373	3556
2819	1740
2819	3401
2751	3086
2751	4008
2206	3482
877	2358
4249	3318
4126	1171
4271	1288
4271	2672
4271	2985
3873	3036
2547	2673
2547	866
2547	40
2547	1732
2547	843
2547	4489
2187	59
2187	2178
2500	3086
2273	4475
1472	1785
963	1847
147	1847
2627	1785
1847	3724
1847	955
1847	3368
1847	278
1847	3601
1847	3364
1847	4102
1847	2125
1847	239
1847	4082
2609	1676
2609	782
2609	3404
3689	2027
3635	942
2730	1785
3390	1785
3390	4475
1668	1785
1051	1785
452	2218
942	1785
255	1785
3417	1785
2299	522
2270	1785
1785	3676
1785	782
4223	3287
955	4473
3720	2762
849	3781
3874	3556
3874	4159
3874	3222
3874	4229
3874	59
638	1442
638	1309
313	1886
313	4229
313	4428
313	2689
313	4149
895	3147
895	4149
4285	4475
3327	4328
252	3169
252	3190
252	2104
252	3025
4263	1621
4263	1184
4263	3046
4263	4305
4263	113
4263	1857
4263	3529
4263	2369
4263	2382
201	2963
4162	3997
4162	805
4162	3354
4162	3925
4162	2928
4162	1763
4162	3723
2599	3335
2599	150
2599	4105
3335	150
3335	4105
4352	3511
4352	825
4352	2761
3242	3511
3242	825
3589	721
3314	3079
3314	3511
3314	633
3314	3982
3314	2104
3314	825
4307	550
4307	2939
4307	1679
4307	1233
1793	2046
1793	2612
1793	1458
1793	763
1793	4475
1793	1423
3151	523
3151	3146
3151	4475
817	527
3357	554
582	1716
2092	2041
411	162
3462	4491
1046	2203
1046	2079
1046	4280
1046	3086
1046	2704
1046	1875
4343	3997
4343	4530
4343	3563
4343	162
4367	2726
4367	2448
3553	3287
3553	3354
3553	3861
992	3040
992	4213
3040	3147
1678	4121
1678	1328
4281	841
4281	2726
4281	4444
3840	1298
3840	565
3628	3421
634	1679
4465	1288
2439	1309
2439	554
2439	2908
2439	3333
3634	1801
4079	449
731	1059
1504	2726
4384	212
308	1477
1170	1491
1170	3997
14	1150
14	564
14	4491
14	3358
3842	422
4195	3482
3860	1700
3860	1248
3860	3687
3860	1328
3860	847
3860	4305
3860	2534
3860	3560
3860	909
3287	2415
3287	1787
3287	3219
3287	3482
3287	2939
3287	764
3287	1591
3287	4083
3287	4272
3287	2114
3287	2486
3287	263
3287	1084
3287	2565
3287	2399
3287	331
3287	898
3287	1265
3287	1716
3287	1727
3287	2294
3287	2445
3287	2492
3287	2549
3287	2849
3287	3036
3287	3108
3287	3367
3287	3401
3287	3970
3287	3800
3287	3809
3287	3966
3287	3968
3287	4008
3287	4108
3287	4152
3287	4534
2545	1491
2545	841
2545	1550
2545	1700
2545	1499
1491	841
1491	1550
1491	3364
1491	1700
1491	3482
1491	1499
3230	3347
3997	47
3997	3482
3997	4547
3997	2520
3997	259
3997	3452
3997	796
3997	2385
3997	2549
3997	2713
3997	3861
3997	4534
841	2415
841	3426
841	3534
1550	1700
1550	2415
1550	3219
1550	3482
1550	2927
1550	3560
3364	3347
3364	3482
3364	3826
3364	3903
3364	1501
3364	3049
1700	2415
1700	3482
1700	3354
1700	3427
1700	2927
1700	2549
2415	1499
2415	3403
2041	2307
2041	764
2041	3893
2860	122
44	4188
3571	3631
3571	3519
3571	3427
3571	3815
3571	515
3571	3540
2602	4475
3201	3818
4554	1506
4554	3086
4554	285
262	564
204	4527
204	3696
4527	3696
3696	136
536	1266
1942	2007
690	1439
690	3086
690	2768
690	533
690	1105
690	1745
3171	4475
4357	3852
1670	2953
1670	2942
4121	2598
4121	10
4121	2990
383	628
383	2612
383	1575
383	3163
383	1690
1274	1059
1274	1507
1274	3117
2191	2014
2673	866
2673	40
2673	1732
2673	843
2673	3662
2673	998
2673	4489
502	627
502	239
502	3562
502	376
3510	4475
345	2985
345	990
2909	4460
866	4237
866	40
866	628
306	1516
3718	4237
1940	4237
2094	1794
2094	4237
2094	685
2094	2935
4374	4237
1687	1860
1770	1524
1313	3482
1313	1524
2897	1994
1677	4229
1677	1906
1677	110
1009	66
3671	1432
3807	285
1761	248
1761	3587
1761	3333
3951	30
3951	122
3951	221
3951	158
3951	3146
3951	422
3951	771
3951	1356
4328	248
4328	3147
2260	3147
2260	4024
2260	3975
481	1998
142	522
3499	3020
3499	1875
104	122
104	1524
104	1992
892	3843
892	47
892	1711
3843	3655
3843	47
3843	948
3843	2174
3843	3982
3655	876
3655	805
2013	805
2013	2180
2651	3742
1799	805
1799	2180
1799	239
1799	2973
1799	888
1799	4209
47	1711
2376	621
876	805
876	1573
3742	3178
3742	1875
805	2180
805	594
805	2110
1800	126
1800	2626
1800	2953
1800	3530
2032	2058
4016	4188
1442	150
2598	564
3332	199
3332	564
3332	4082
3332	2963
3332	926
3733	1367
2535	1084
78	3147
3569	3743
3569	3827
1794	4237
4237	1057
4237	3646
4237	1352
4237	3333
3760	3147
3760	285
3006	122
1676	4229
1676	564
1676	1266
1676	1524
1676	1906
1676	4266
98	2928
98	2104
98	3178
161	4530
161	1439
161	1105
4130	4082
4240	4317
1163	199
469	676
469	3086
469	285
1117	2307
1117	3020
1117	676
1117	2474
1117	3086
1117	3826
1117	285
1117	1875
1117	1165
1767	1875
4033	565
4033	1679
109	3574
109	3792
109	2192
109	2536
109	4086
109	3876
109	227
3574	3697
3574	2416
3574	3792
3574	2192
3574	1575
3697	2192
3697	2536
3697	3511
461	3631
461	3870
1145	2939
1145	1233
3661	291
3661	3131
3792	2192
3792	2536
3792	1432
3792	197
3792	1037
3792	3958
3792	888
1632	291
291	1477
3539	3563
3539	457
3539	2301
3539	2963
3539	1994
3539	3333
3539	3872
3539	3566
1944	661
661	1414
661	3838
661	3219
661	1244
661	1737
661	840
661	1429
661	2391
661	15
661	1994
661	3453
752	3646
752	1909
1030	1358
4346	2110
3169	2721
3169	2104
3169	4149
3169	4266
1150	564
1150	1524
1150	947
1150	1059
3472	3091
2221	633
2221	1429
1414	3219
1414	2046
1414	1429
1414	376
1414	1661
3838	3219
3838	3482
3838	2046
3838	1429
3219	3482
3219	1244
3219	2046
3219	1429
3219	1864
3219	2369
3219	4503
2192	3147
69	212
69	2768
1184	1524
550	3476
550	1524
550	1012
550	3341
550	279
550	3775
550	212
550	2963
550	247
550	795
550	1260
3476	1832
1619	763
875	4386
3190	4543
3190	2104
3190	3025
1057	4539
1057	199
1057	279
4539	199
4539	4543
4539	4149
4539	279
4539	3943
4539	1801
199	4543
199	279
199	259
199	968
199	567
199	3140
1248	3852
1248	3354
1854	3994
1854	3354
135	3852
3852	3354
3852	1300
4186	220
4186	4475
4186	3358
4186	4444
2283	4475
3482	4222
3482	1429
3482	2762
3482	2007
3482	1288
3482	3893
3482	4228
3482	2045
3482	990
3482	2663
16	840
3352	1945
2809	1516
3646	4483
3646	3163
3646	3958
3646	909
40	1732
40	843
40	3662
40	4489
527	3892
126	3687
126	753
126	564
126	565
126	234
126	1773
1945	2583
1732	843
1732	3442
1732	4489
1227	3421
1227	1906
3511	2186
3511	4137
3511	4225
1244	2046
1244	1429
1244	3333
2939	1328
1832	2737
1832	3330
2146	285
2146	1260
601	3775
601	3943
3222	4229
3222	1200
3222	25
248	3388
248	1044
248	2672
248	3878
248	3418
4229	2110
4229	3046
4229	1850
4229	939
4229	2169
4229	25
4229	146
4229	1460
4229	1909
4229	1976
1309	227
1309	1949
1309	3113
3687	1524
3687	1328
3687	3341
3687	499
3687	1143
3687	980
3181	564
3181	59
753	1909
564	2070
564	621
564	1524
564	1362
564	2567
564	1143
1603	554
587	2519
3657	3147
3657	637
3657	3138
3999	3570
3570	159
3570	565
2408	947
2408	260
2408	1143
1541	3938
1541	1059
1541	1507
215	3147
215	1579
625	4530
625	3629
2997	823
2997	1084
2997	2840
843	4489
720	1059
720	1507
720	259
4077	733
4077	3583
4077	2611
4077	3750
4077	4491
4077	4011
59	3425
59	840
59	1230
4086	3876
4086	227
3876	227
3876	418
3876	1484
3876	1899
227	3562
227	3381
4020	4530
4020	10
4020	1875
4004	1860
4530	2049
4530	125
4530	1409
4530	2058
3563	3421
2145	479
2145	2878
3631	968
3631	2773
107	3577
107	4534
3147	3549
3147	4491
3147	3925
3147	158
3147	549
3147	4254
3147	2353
3147	2987
3147	3815
3147	152
3147	1856
3147	2806
3147	3027
3147	3508
3147	3756
3147	3804
3147	3808
3147	4088
3147	4152
3147	3677
3354	259
3365	2811
1352	2343
1352	259
2774	4172
2774	2726
2774	1458
4428	4083
764	220
764	1298
764	4444
4278	1906
3498	2726
523	3313
3426	2883
3426	3362
3425	1681
418	2109
418	3109
418	4082
418	337
418	1123
1224	2109
2109	4475
3938	1507
150	4028
150	3676
150	1690
150	928
150	504
150	1037
150	4244
4172	4171
4172	4091
4172	3583
4172	4491
4172	4547
4038	2070
4038	1477
4038	628
4038	4547
4038	113
2070	4091
2070	1477
2070	3583
4091	2611
4091	3750
4091	4491
4091	628
4091	4011
1477	628
1477	4547
1477	4011
1477	2608
1477	1189
1477	799
1477	229
1477	559
1477	658
1477	782
1477	910
1477	957
1477	2357
1477	2531
1477	1356
733	3750
733	4011
2228	3750
2228	4011
3583	4491
3583	4011
3583	1383
3583	1857
2611	3750
2611	4491
2611	4547
2611	4011
3750	4491
3750	4011
4491	4547
4491	4011
4491	1524
4491	4438
4491	1044
4491	1976
4491	2975
3743	232
3743	576
3743	3444
3743	2120
3743	3815
3743	4319
3743	2672
2726	1322
2726	1298
2726	3882
2726	1199
2726	4124
220	3682
220	4475
220	4388
220	3358
220	4444
220	3872
1018	621
1018	991
3433	3081
149	718
3050	146
3142	2005
2046	1378
2046	633
2046	594
2046	2612
2046	4112
2046	1458
2046	1429
2046	1266
2046	113
2046	1423
1378	633
1378	594
1378	2612
1378	1458
1378	113
1378	1205
1378	1423
537	2058
633	594
633	2612
633	4112
633	1458
633	1429
633	4233
633	750
633	1516
633	847
633	1423
594	2612
594	4112
594	1458
594	1906
594	1423
628	4547
628	3676
628	2711
4547	4011
621	991
621	2394
991	167
2998	3958
2612	4112
2612	1458
2612	1423
4112	1458
4112	686
4112	554
4112	1423
4112	1723
4112	3728
1458	1288
1458	113
4326	15
3451	1288
3451	422
4222	565
4222	1233
3912	1763
3925	1763
421	1679
4511	1530
4139	2680
487	2120
487	3647
3250	1559
1728	1593
3858	159
869	4134
670	1524
1737	15
1827	4475
802	947
840	4386
840	1233
840	3461
840	3728
4386	686
4386	391
4386	1423
457	1524
576	3444
576	2120
576	4319
1949	4475
1200	3138
1200	1298
1200	1994
1200	926
1200	2622
1200	3614
2928	823
2928	1240
2928	113
4416	676
4416	2066
4416	2474
4416	285
4416	1992
1406	554
1406	2963
2301	554
2301	2104
2301	1966
2301	971
2301	3403
2301	990
2688	554
2688	2104
3444	4475
3444	2941
1591	2377
1591	3381
1591	3968
637	4233
637	896
637	1568
637	1606
637	2352
637	4109
637	4152
124	1575
124	3970
4083	4364
2591	3943
1287	2020
3408	288
3479	4475
2779	193
2608	193
2120	122
2203	2392
2203	3086
2203	285
1593	422
122	2812
122	839
122	3826
122	26
122	3833
221	1524
818	4383
818	2678
1073	3981
2137	823
2137	2812
872	1524
872	288
1524	1499
1524	3943
1524	2567
1524	3358
1524	2626
1524	1205
1524	2675
1524	3632
1362	4082
3091	761
3091	3086
3091	4403
3091	285
3020	2658
3020	4448
3020	45
3020	285
823	558
823	1059
823	1409
823	1899
2812	3534
2812	1965
2812	839
2114	2832
2114	3728
1982	369
1982	4318
1982	58
2689	239
2689	2044
2689	3453
1965	162
1965	2369
3046	1516
4028	3676
4028	1037
4555	2066
4555	3086
4555	212
4555	70
4555	285
4555	2553
4555	3568
4555	2633
407	222
1474	222
2186	1298
3388	3562
3388	2973
263	2859
369	4318
369	58
676	2392
676	3827
676	2768
676	1105
676	1875
676	1998
686	1909
755	2173
239	3110
239	2492
239	3453
2940	3427
2940	3562
2940	3893
2940	1233
3832	3112
3676	1059
3676	1642
3676	1699
3692	1059
2292	1059
2292	4244
549	3767
549	2985
3138	2567
3138	3418
554	2104
554	3392
554	3637
3519	3540
3519	3566
1012	567
4549	1579
1763	3982
3982	1579
1579	1861
3892	15
947	260
947	1143
947	795
947	926
947	2331
947	3071
947	3441
947	3728
558	3333
2583	2290
3931	3587
1825	1205
1906	2762
1906	1258
1906	2933
1906	3140
1906	4088
763	630
839	3981
1189	4543
1189	279
1189	3025
1189	3637
1328	847
1328	3341
1328	2534
1328	3893
1328	1709
3008	4543
3008	3025
2818	3975
2818	347
2818	2553
1084	1516
1084	337
1084	3562
1084	998
1084	567
4543	4483
4543	422
4543	3885
750	4137
1059	1507
1059	4244
1059	3958
1059	2169
1059	3316
4137	2353
1507	434
1507	2448
2811	4535
2811	1703
4213	4475
4213	2462
2066	2392
2066	2768
2066	66
2066	1501
2066	1105
2066	1875
2066	1992
2066	1998
2066	4410
3746	1994
2104	4225
2104	251
2104	521
2104	3025
1520	3113
4149	279
1023	1568
1023	1745
1023	2469
1023	2678
1516	928
1516	3958
1516	3292
1516	3826
1516	765
1516	2080
1516	2963
1516	888
1516	767
1516	1265
1516	1606
1516	1716
1516	2604
1516	4048
2762	3078
2762	643
969	4305
969	2534
969	2953
847	2696
847	1953
2392	2474
2392	3086
2392	212
2392	285
2392	1080
2392	2553
2392	1875
2392	2796
3341	422
3341	1709
3341	2935
4305	2534
4305	376
4462	2905
3038	3078
3038	643
2007	930
2007	894
2007	2806
3875	799
3875	3560
4318	58
3647	3330
4344	1501
1288	3958
1288	4475
1288	2546
1288	2672
1575	3815
1298	3098
1298	1679
1298	1233
3163	4444
222	3427
222	1966
1690	4244
928	422
2736	3727
162	2014
162	1745
4438	4475
2737	718
2737	3966
916	1233
1037	4244
4383	2014
3146	3826
3146	656
3146	1320
3146	1626
3146	1745
3662	4489
2027	747
3958	3427
3958	376
3958	2257
3958	3140
3958	3905
3078	422
3078	774
2474	533
2474	1501
2474	1105
2474	1875
2474	1998
4082	774
4082	2091
4082	1909
422	774
422	1143
422	2681
422	534
422	2549
422	3560
422	4468
774	643
3943	926
3943	3333
3943	3728
1439	1105
108	1355
108	949
3292	4441
3292	260
3292	1143
4475	3358
4475	4444
4475	2546
4475	3956
4475	4460
4475	76
4475	325
4475	583
4475	898
4475	1228
4475	1648
4475	1773
4475	1775
4475	1842
4475	1878
4475	2943
4475	3970
4475	3861
4475	3920
4475	3987
4475	4009
4475	4040
4475	4123
4475	4523
4475	1356
581	1216
581	990
4388	825
4388	4444
825	4140
825	3975
3086	212
3086	2768
3086	533
3086	1501
3086	2384
3086	1105
3086	1875
3086	1992
3086	1998
3086	2796
3086	4410
58	2169
790	1105
3427	376
212	533
212	2553
212	1899
212	3888
2391	3194
256	2
256	973
973	3418
3358	4444
3358	3872
210	3677
2676	3815
2676	4534
3596	3587
3596	1992
3956	218
3815	3424
3815	1383
3562	990
3562	4266
2434	4347
288	152
15	1994
15	1833
15	3453
2343	4360
2343	2626
2343	3566
4360	2626
4360	1994
4360	2926
2626	1994
2626	1909
2626	3566
2768	1105
2768	70
2768	285
2768	2553
2768	1998
2768	3677
259	751
259	3443
259	372
259	2185
259	3333
751	3443
751	76
3893	4321
3167	3787
1240	2660
2825	2045
1777	4228
1777	2045
3177	4364
1044	3333
372	2991
533	285
533	4276
533	1080
533	2553
533	1992
533	1998
533	4434
533	4410
3131	3233
2953	2942
2169	4259
2169	3728
2169	3872
66	67
66	68
66	285
66	1137
66	1922
66	2746
66	3158
66	3459
4228	455
4228	771
4228	2274
113	1484
1005	490
2963	1233
2963	1899
3110	1679
3110	1233
1679	1233
1679	2795
1233	1475
619	2577
619	1165
1590	121
4441	1143
260	1699
1143	3333
4024	3975
4535	1273
2681	719
3187	2887
1501	67
1501	285
1501	2553
1501	4434
3685	4456
2229	1048
2384	285
2384	2553
1105	285
1105	2553
25	990
2014	4269
888	376
888	3140
67	285
67	4410
76	2904
89	2683
121	1745
128	519
146	3987
156	2277
164	1994
181	1994
213	2234
218	1769
218	2675
285	1875
285	1992
285	1998
285	1745
285	2613
285	2747
285	2796
285	3459
285	4410
351	3356
376	2134
2784	3333
1994	3612
1994	1976
1994	2374
1994	3418
1994	3566
434	4364
455	777
467	3308
519	1773
521	1875
530	1125
531	1908
531	1998
591	664
632	2557
796	2382
898	1083
946	4199
951	3307
984	2277
1078	2277
1095	3905
1107	4410
1116	3920
1137	4153
1217	3614
1229	3333
1294	1356
2553	1875
2553	1998
2553	4410
1358	1875
1358	3069
1361	3062
1568	3698
1568	1745
1568	371
1568	3723
1568	1356
1568	2678
1568	3566
1572	3403
1630	3049
1636	4013
1752	4260
1842	1857
1875	1908
1875	4434
1875	4410
1875	1612
1900	3752
1909	3333
1970	3698
1992	1998
1992	3737
1992	4434
1998	3529
1998	3459
1998	4434
1998	4410
2005	3453
2045	3568
3698	1745
3698	3529
3698	4434
3698	371
3698	3723
3698	1356
3698	2678
3698	3566
490	2340
1745	3529
1745	3049
1745	1356
3529	1165
2277	1612
2531	2621
2531	2597
2549	3560
2549	3588
3461	3333
3333	3005
3333	3172
3333	3418
2800	2888
2815	3739
2832	3014
2888	3277
2952	3140
3049	4434
1165	4410
3613	4189
3650	4134
3836	4153
4434	4410
692	4124
2678	3566
990	2663
2316	3294
1819	225
564	225
1994	225
698	3744
4263	3744
1719	3604
4038	348
628	348
3163	348
1516	3306
621	2467
3567	510
2433	510
3721	510
4361	510
3578	510
3335	510
3682	510
2045	510
1783	2894
917	2894
4475	2894
3614	2894
2828	46
2454	2911
199	2911
4530	2911
2104	2911
199	3343
4082	3343
102	1594
3876	1594
2626	1594
4142	1594
199	1655
492	1011
1516	1011
3138	3493
3578	2465
199	2465
554	2465
3027	2465
394	459
285	459
3612	459
1811	857
3907	857
172	857
4491	857
1288	857
4475	857
3333	857
4405	696
4248	696
899	696
214	696
1236	696
2578	696
4263	696
4195	696
3646	696
4020	696
4305	696
2534	696
3875	696
422	696
26	696
2847	696
3585	3940
1489	2874
668	2874
980	2874
1994	2874
38	2119
4074	2119
3197	2119
3893	2119
4074	654
2316	654
102	654
1740	654
4281	654
502	654
3893	654
4439	203
1767	203
1579	203
422	203
3167	203
1284	203
3356	203
1284	3949
1970	3949
394	245
1881	245
4268	245
1117	245
4416	245
2392	245
3086	245
2768	245
533	245
1105	245
285	245
2553	245
1992	245
1998	245
4410	245
394	4379
2367	4379
1986	4379
2129	4379
469	4379
1117	4379
4416	4379
4555	4379
2392	4379
1105	4379
1992	4379
1998	4379
4410	4379
3595	3973
3807	1438
1442	3904
1441	3904
3560	3904
1739	284
780	284
1278	4541
2221	4541
1084	4541
998	4541
2985	4541
2890	3626
2522	3626
2018	3626
1599	3626
1994	3626
2868	2890
2522	2890
2018	2890
1314	2890
1599	2890
3907	2890
1647	2890
2522	2868
2018	2868
3219	2868
3629	2868
3481	2620
199	2620
2282	2620
2454	2780
11	4323
2346	4323
2602	2023
3653	2023
4408	2603
1858	2603
224	2603
3482	2603
4524	4408
4281	4408
2939	4408
3818	4408
2510	4408
2239	392
4225	392
2426	3853
1362	3853
2236	3567
2786	3567
2447	3567
265	3567
1714	3567
817	3567
3332	3567
4192	3567
457	3567
3682	3567
162	3567
43	3567
2454	2426
3333	3173
3324	2788
2513	2105
3778	2105
2433	2105
3778	2513
2433	2513
2599	2513
3335	2513
2433	3778
686	3778
224	1893
1679	1893
626	663
2056	663
4537	663
2850	663
3324	663
2035	663
668	663
4491	663
1059	663
1709	663
2035	626
4491	626
1647	626
1524	1897
826	3284
535	826
4475	4250
2656	4250
4203	989
2226	791
1952	791
1800	791
1458	791
4386	791
3333	791
765	1996
3335	2433
4475	2433
1638	4440
3497	4556
3936	4557
285	4557
1080	4557
2921	4557
1927	597
3228	597
1988	597
1887	597
139	597
3900	597
1847	597
2550	597
3539	597
1234	597
1086	597
888	597
1016	597
2742	597
2848	772
4427	772
841	772
2726	772
2491	2312
1750	2312
4083	2312
1477	2348
3364	585
2301	1435
1516	4198
2027	4198
866	4449
1887	261
1355	3663
4444	635
2476	3732
648	3732
2476	4430
1204	4430
4554	4430
4475	4430
189	2476
4270	2476
920	2476
2516	2476
657	2476
3147	2476
941	2476
377	2476
3730	2476
1397	189
4406	189
564	189
554	189
3333	189
3872	189
4361	4270
3461	4270
2516	920
1397	920
1397	2516
724	3241
163	3241
897	3694
1843	3984
4555	3984
4475	3984
1843	2505
1881	2505
2367	2505
193	2505
2027	427
2653	3303
1606	3303
2134	3303
2319	2162
734	211
676	211
146	211
2385	211
676	734
2392	734
3086	734
285	734
2993	2236
3278	2236
3907	2236
81	2236
2599	2236
3335	2236
161	2236
1012	2236
3986	2236
1847	4405
3219	4405
4305	4405
376	4405
1277	571
3905	571
1806	3525
1288	3525
3893	3525
1606	3525
3646	1293
564	1293
554	1293
3872	1293
4334	4299
3721	4299
804	4299
1638	4299
102	4299
1824	4299
3453	4299
2443	4334
1971	4334
38	4334
2171	4334
2777	4334
929	4334
4530	4334
3563	4334
1728	4334
567	4334
2828	4334
2850	2056
4373	2056
2137	2056
872	2056
1524	2056
2812	2056
839	2056
66	2056
771	2056
2244	4537
479	2244
3147	4071
1414	1176
535	2452
947	2452
1016	2452
3646	2265
2653	2265
3219	1327
1429	1327
3001	770
3528	770
116	770
929	770
741	770
3720	770
3702	770
16	770
197	770
3147	770
1608	770
1850	770
2926	770
1233	4372
1277	3673
451	3622
2443	3622
1971	3622
799	3622
979	3622
417	2179
3278	2179
2599	2179
3335	2179
4016	2179
2565	2179
3146	2179
3278	144
3553	144
1850	144
350	144
2425	144
38	1261
3721	1261
2454	1261
1850	1261
2218	1261
52	3001
906	3001
947	3001
3287	2850
3472	2850
1531	2850
4373	2850
2137	2850
872	2850
1524	2850
2812	2850
839	2850
3196	2850
1356	2850
3611	574
917	574
3860	574
1328	574
4475	574
2005	574
1291	3791
888	3791
3750	1806
1288	1806
256	1806
199	1308
763	1308
2104	1308
4149	1308
2367	394
1430	394
3936	394
4268	394
2508	394
469	394
676	394
2066	394
2474	394
3086	394
533	394
285	394
4276	394
2553	394
1992	394
2796	394
4434	394
1845	4533
4098	1719
1524	1719
1712	883
2039	883
2424	883
1581	1552
2806	1552
2786	2848
827	2848
863	2848
81	2848
1132	2848
557	2848
102	2848
2872	2848
4223	2848
4281	2848
3840	2848
3628	2848
2939	2848
3498	2848
2726	2848
828	2848
2125	2848
2567	2848
117	2848
498	2848
1475	2848
3407	492
3135	1819
1783	1819
1891	1819
3509	1819
2924	1819
3197	1819
2454	1819
2697	1819
2439	1819
1794	1819
3539	1819
633	1819
594	1819
2612	1819
221	1819
113	1819
519	1819
1909	1819
3184	1819
3418	1819
4498	409
2454	409
1785	409
4475	409
1233	409
3287	3072
1850	3072
313	3229
4428	3229
3287	1021
3717	1712
513	1712
4465	1712
3792	1712
1037	1348
1063	4128
648	3717
513	3717
4465	3717
3792	3717
1037	3717
4475	3717
4362	1204
2021	3135
2932	3135
4361	3135
2760	3135
1621	3135
4229	3135
4530	3135
1864	3135
1994	3135
118	4019
1564	4019
1046	4019
875	4019
2275	4019
2292	3460
3958	3460
724	4345
252	4345
4352	4345
3242	4345
1309	4345
3008	4345
2104	4345
1172	4345
3374	2428
3324	2428
937	2428
3575	2428
443	4371
2415	4371
550	4371
2104	4371
1189	2961
2418	2715
1687	2715
3319	2715
1234	3281
1508	2164
1563	2164
2305	2164
1638	2164
2438	2164
805	2164
752	2164
2939	2164
721	2164
1524	2164
554	2164
4082	2164
3292	2164
1233	2164
121	2164
2687	629
558	629
38	2226
3147	2875
4246	264
2443	451
1971	451
1339	451
199	451
686	451
1971	2443
686	2443
1012	2443
3562	2443
567	2443
1909	2443
3394	1971
4391	1971
3721	1971
1918	1971
929	1971
1602	1971
3197	1971
1241	1971
1362	1971
263	1971
686	1971
3341	1971
1930	1971
3289	1397
1988	1397
1277	1397
3509	1397
3947	1397
824	1397
2454	1397
549	1397
1507	1397
4462	1397
259	1397
1044	1397
1681	1397
2018	2522
1599	2522
980	2522
4498	1508
1487	1508
2243	1508
2230	1508
4498	2018
1599	2018
1132	2018
4305	2018
1298	2018
376	2018
2337	38
3075	38
1728	38
1593	38
1516	38
1850	38
4082	38
969	4111
1329	737
622	737
3907	737
1477	737
3676	737
947	737
2169	737
513	648
4465	648
1516	648
1288	648
1037	648
4244	648
2888	648
3907	513
4465	513
3792	513
4386	513
1524	513
1037	513
4244	513
1238	2869
2126	2869
3743	2869
2662	617
726	617
955	617
1670	617
1603	617
720	617
159	617
2169	617
622	1329
2366	1329
3907	1329
947	1329
535	622
4406	622
2867	622
3907	622
2897	622
1677	622
3539	622
1150	622
527	622
802	622
947	622
900	622
926	622
2331	622
3071	622
909	622
1605	622
2171	4429
3335	1563
1800	1563
661	1563
2567	1563
15	1563
3612	1563
2985	1563
1909	1563
990	1563
3453	1563
4491	4333
204	2366
4527	2366
3696	2366
2612	2366
844	2366
3915	3116
313	3116
383	3116
4038	3116
628	3116
1575	3116
3163	3116
4475	3116
1129	535
3055	535
2897	535
1677	535
2533	535
3583	535
4373	535
1524	535
3943	535
259	535
2169	535
466	535
1125	535
1420	535
3929	535
4263	2981
2881	3407
674	3407
3464	3407
3758	3407
30	3407
3008	3407
4483	3407
3324	3374
947	3374
567	3374
2456	2879
1277	2879
2246	2879
2547	2879
2673	2879
866	2879
40	2879
1732	2879
843	2879
628	2879
3662	2879
591	2879
1873	2879
4489	2879
3954	1301
4077	1301
2672	1301
3920	4218
2139	885
2955	1186
4268	1186
3364	1186
4416	1186
3020	1186
2392	1186
1105	1186
1875	1186
1998	1186
1986	188
4228	188
412	188
1986	177
1197	177
2474	177
4392	2302
2454	2302
4513	3394
3758	4391
1537	3944
3140	3944
4146	3954
3915	3954
3375	3954
4343	3954
4281	3954
4186	3954
3743	3954
220	3954
4386	3954
1575	3954
1679	3954
1824	3954
929	3721
4020	3721
3682	3721
4305	1693
3600	4498
1258	4498
2169	4498
1911	4498
3766	4498
724	639
4305	639
3423	4499
2454	4499
788	4499
3727	4499
2257	4499
417	2881
356	2881
308	2881
204	2881
30	2881
122	2881
4483	2881
376	2881
3287	1580
4237	1580
4248	4406
1062	4406
1129	4406
2337	4406
947	4406
1850	4406
1258	4406
2337	37
2230	37
4121	37
2762	37
866	4107
138	4107
1516	3824
3196	3824
2644	3129
3147	3129
457	3129
2049	3129
1820	3129
3405	2644
4524	2644
1477	2644
4099	49
2146	49
4439	2786
1600	2786
1794	2786
3147	2786
1388	2786
1701	1586
3527	1586
724	1586
2812	1586
3527	1701
3272	1701
1700	1701
2812	1701
3560	1701
1356	1701
2447	3536
1550	3527
2364	3527
2812	3527
782	3527
1700	1424
3147	1424
2963	3783
1507	3236
3585	118
4361	118
3287	118
1524	118
3138	118
2104	118
956	118
2385	3810
2400	1614
3595	3747
676	402
2768	402
285	402
4458	402
2383	2501
285	2501
3595	1843
724	1843
676	1843
3086	1843
619	1843
285	1843
1324	700
3595	1881
3445	1881
2367	1881
3936	1881
4268	1881
2508	1881
1838	1881
2307	1881
676	1881
2565	1881
2066	1881
4280	1881
2474	1881
3086	1881
533	1881
70	1881
285	1881
2553	1881
1998	1881
2294	1881
4434	1881
4199	1881
66	2139
1856	2139
570	1925
1380	3103
937	570
2454	1927
3743	2407
2169	2349
1986	3595
3936	3595
1974	3595
1197	3595
285	3595
3380	1783
3919	1783
3585	1783
1115	1783
3021	1783
2790	1783
3907	1783
3620	1783
1952	1783
741	1783
1074	1783
4035	1783
3242	1783
3287	1783
1491	1783
3997	1783
841	1783
1550	1783
1700	1783
502	1783
2909	1783
2376	1783
2536	1783
4061	1783
2486	1783
105	1783
212	1783
347	1783
2448	1783
4253	1783
3021	1597
823	1597
3676	1597
832	3272
3792	3272
3925	3672
1763	3672
3982	3672
1887	832
633	832
724	3324
947	3324
3574	4509
3114	4509
531	812
3612	3380
2227	1973
3278	488
594	488
2454	3915
2126	3915
4162	3915
383	3915
628	3915
2612	3915
1575	3915
3163	3915
4268	3445
2392	3445
3956	3445
2768	3445
66	3445
1501	3445
1105	3445
1875	3445
2462	3228
788	3868
2578	3868
4263	3868
3219	3868
421	3868
2454	1063
15	1063
30	674
4543	674
1965	2418
3746	2418
4475	3952
2041	1136
516	246
1449	246
731	246
2104	246
2454	11
199	11
3329	11
4361	1731
1638	1731
2109	1731
3138	1731
1298	1731
1994	1731
1484	1731
2041	3971
3689	2208
259	2211
2358	2209
2229	2498
3958	3731
2434	3731
2454	2821
3287	401
2726	544
102	4301
106	3582
3314	3582
3439	3957
530	3957
1952	2685
3628	2685
3509	2021
1800	2021
3332	2021
1224	2021
872	2021
583	2021
2561	2021
1928	410
1862	410
3585	3919
850	3919
1115	3919
4361	3919
2316	3919
102	3919
1286	3919
987	3919
3287	3919
2998	3919
2708	3585
1115	3585
4525	3585
3921	3585
4361	3585
2316	3585
102	3585
739	3585
3314	3585
502	3585
1432	3585
3218	3585
108	3585
4018	3585
2198	3585
2601	3585
2853	3004
4192	4355
1309	4355
3876	4355
4236	4355
2169	1283
2492	1283
3808	1283
841	4074
1503	1898
199	1898
3333	2542
637	1321
122	4104
1791	4104
752	1891
199	4471
4543	4471
1062	4248
1638	4248
1638	1062
1914	1062
4228	1062
4084	890
2578	1158
4530	1158
531	2272
3773	2272
2317	1314
1336	1314
634	1314
3539	1314
215	1314
470	1314
4386	1314
2660	1314
2134	1314
3508	1314
4134	1314
1711	3405
1084	3405
1074	2016
59	2016
1570	2171
1845	2662
4172	2662
4011	2662
502	804
4491	804
102	1034
576	1238
2583	2293
81	787
3697	787
2454	2922
3841	2922
2944	2194
4281	4427
1356	4427
3907	324
2301	324
4263	364
2776	364
657	2708
2011	2708
1328	2708
3341	2708
3743	4432
1966	4432
638	2447
1322	2447
4535	2447
3903	2447
3884	2447
743	2447
2385	2447
2958	2447
4480	2447
1524	2654
3612	2654
2243	850
201	850
3958	850
4263	3013
3670	1129
2430	1129
14	1129
564	1129
3333	1129
3907	1868
172	1868
741	1868
3219	1868
126	1868
4491	1868
2046	1868
1378	1868
633	1868
594	1868
2612	1868
558	1868
4263	300
1477	300
1516	300
1267	1311
2454	217
2454	1585
937	1193
2491	1115
4361	1115
102	1115
2998	1115
2854	1115
4134	1115
2567	4
3289	2039
4361	2039
2454	2039
1906	2039
2169	3740
3289	3670
4212	3670
3128	3670
3197	3670
2454	3670
1375	3670
4281	3670
3840	3670
1676	3670
2939	3670
2726	3670
4222	3670
2899	3670
1679	3670
1229	3670
990	3670
4124	3670
1974	2367
4268	2367
2092	2367
2066	2367
2392	2367
2474	2367
3086	2367
533	2367
285	2367
2553	2367
1998	2367
3529	2367
4434	2367
2034	3486
3052	3486
1794	2932
1679	2932
1190	2932
2454	1089
3519	1089
3936	2855
2483	2855
992	2855
3951	2855
2376	2855
1117	2855
158	2855
45	2855
285	2855
4335	2855
4410	2855
1679	1722
2191	645
4392	2777
397	1986
3086	1986
285	1986
2553	1986
3143	3289
1277	3289
1602	3289
3465	3289
2454	3289
739	3289
274	3289
1241	3289
4281	3289
1162	3289
1504	3289
4186	3289
3498	3289
2726	3289
1200	3289
1266	3289
1362	3289
1322	3289
3083	3289
4370	3289
2810	3289
4124	3289
3889	2982
2613	2982
199	4235
4530	4235
4233	4235
1788	4235
1838	1748
761	1748
3728	1748
199	2346
980	2346
637	3711
1524	2867
3364	2037
3147	2037
3981	2037
3557	2037
3206	3252
715	3252
3064	3252
1974	3936
4268	3936
1759	3936
560	3936
4081	3936
4416	3936
4555	3936
2392	3936
212	3936
2768	3936
533	3936
1501	3936
1105	3936
1875	3936
1992	3936
1998	3936
4410	3936
69	1974
3086	1974
212	1974
285	1974
2553	1974
1046	500
2137	3165
3292	3165
2887	3165
2066	3206
2392	3206
67	3206
285	3206
2796	3206
549	974
901	974
3847	3825
549	3825
3128	977
557	977
3840	977
2726	977
2374	977
3794	977
990	977
1739	1684
3219	2060
1593	238
2110	238
2104	238
3787	238
554	1391
1516	552
102	2337
4229	2337
3775	2337
4082	2337
1116	2337
2454	3290
3147	3290
1380	3290
2942	3290
1181	3276
2975	3276
4382	2639
637	191
4011	2548
3245	3090
1266	1210
113	4208
1811	3494
1638	3494
1227	3494
2104	3494
2343	3494
2963	3494
110	3494
2975	3494
3287	1913
4475	1913
1277	2456
2246	2456
2547	2456
2673	2456
40	2456
1732	2456
422	2456
434	2456
3179	2456
4489	2456
2454	2108
3020	2108
3046	2108
1236	4204
741	3064
4530	3064
1266	3064
823	3064
45	3064
1477	1256
1278	3600
827	3600
1207	3600
726	3600
2797	3600
2653	3600
1277	3143
252	3143
2094	3143
2238	3143
2939	3143
3147	3143
2726	3143
1199	3143
3292	2955
66	2955
1358	2955
1165	2955
1579	416
4475	416
2926	416
2066	3414
1046	1285
2221	1285
2100	1285
3222	4409
4530	4409
1257	32
2007	1988
3551	417
4392	417
1838	417
3287	417
161	417
16	417
136	417
2198	417
2580	417
2684	417
3541	417
457	3423
428	2129
121	2129
2454	2844
805	302
1277	4057
1887	4057
2993	4057
2089	4057
706	4057
2316	3437
4463	3847
1928	3847
1442	3847
150	3847
628	3847
3676	3847
1690	3847
928	3847
504	3847
2711	3847
2687	2853
3193	708
3907	708
1524	173
2583	173
1906	173
3333	173
676	2698
285	2698
4361	3481
3287	3481
3138	3481
2424	3831
66	3831
4186	3543
4475	3543
852	1185
2687	1185
102	1185
1286	1185
564	1185
4491	1185
3912	1185
3341	1185
4082	1185
2687	852
4388	852
1870	2687
4361	2687
3128	2687
2316	2687
1286	2687
3357	2687
2439	2687
104	2687
558	2687
4065	2687
3958	2687
4388	2687
2399	2687
2660	2687
1143	2687
376	2687
1319	2687
2381	2687
3450	2687
4242	1111
594	1111
1288	1111
928	1111
4244	1111
3427	1111
4404	1811
407	1811
222	1811
1966	1811
4092	1811
3657	4267
637	687
3903	687
1568	687
1745	687
2597	687
199	4014
2316	4197
3287	1278
3078	1278
371	1278
1356	1278
2678	1278
2295	4182
3646	4182
3676	4182
4448	4182
3612	4182
531	4182
741	1124
66	2413
841	3439
4020	929
422	929
1775	929
3453	929
3287	428
686	428
4319	428
1590	428
121	428
1678	3611
1670	3611
2953	3611
3221	1106
2942	1106
1670	3221
2953	3221
2942	3221
4475	1112
3485	1277
4525	1277
2993	1277
2246	1277
4361	1277
2011	1277
4178	1277
2252	1277
2547	1277
1504	1277
2191	1277
2673	1277
2897	1277
40	1277
2997	1277
843	1277
720	1277
197	1277
3875	1277
4388	1277
13	1277
4153	1277
4489	1277
4124	1277
4237	3485
3169	3485
3287	1255
841	1255
1851	1255
2993	2324
2243	1267
872	1267
1524	1267
554	652
3341	652
4475	652
1477	1337
747	1337
4307	1814
676	1082
285	1082
3459	1082
2316	4157
1286	4157
987	4157
2812	1869
1181	1887
3146	1887
3078	1887
4082	1887
2169	1887
48	1181
1512	1181
545	1181
1602	1181
3589	1181
4240	1181
1512	48
4229	538
668	1512
502	1512
661	1512
4361	4525
550	4525
199	4525
16	4525
3687	4525
1507	4525
2626	4525
3333	4525
4268	2035
3086	2035
2768	2035
1856	2035
2123	2035
1046	1782
521	1782
1048	1782
3678	4268
2508	4268
2269	4268
2307	4268
637	4268
676	4268
2818	4268
2066	4268
2392	4268
2027	4268
2474	4268
3086	4268
1501	4268
1105	4268
70	4268
285	4268
2553	4268
1875	4268
1998	4268
2294	4268
2796	4268
4434	4268
4410	4268
1367	2526
2939	3921
199	254
4530	1634
1207	3021
2454	3021
172	3021
1257	3021
2441	3021
1170	3021
3482	3021
3426	3021
1298	3021
664	3021
3006	2993
2089	2993
1739	3245
3583	3245
2675	3245
4386	1739
1575	1739
2675	1739
2454	1486
2229	1486
1875	1486
3541	1486
465	4351
761	4351
1346	4351
285	4351
1638	1602
268	1602
3876	1602
4491	1602
2567	1602
1799	3389
457	3389
3411	2254
1230	1347
3883	2344
841	2437
1516	2437
426	2992
4184	2584
3958	4184
2246	3465
1638	3465
2578	3465
739	3465
274	3465
2726	3465
2104	3465
2763	4212
378	4212
4186	4212
220	4212
3840	2246
2673	2246
40	2246
1732	2246
3511	2246
843	2246
2940	2246
426	2246
3469	3712
479	493
2998	2517
1487	917
3874	917
3860	917
3687	917
3341	917
668	3509
224	106
3242	106
2908	106
4388	106
1384	106
754	732
102	3402
222	4404
987	1607
2454	1756
1282	4308
378	2763
4373	1759
676	1759
2474	1759
3086	1759
2229	1759
285	1759
1875	1759
3012	1759
863	3953
4137	3953
2353	3953
2948	3211
1948	3211
2066	3211
3086	3211
1501	3211
1105	3211
285	3211
1992	3211
3756	3211
4410	3211
2948	3144
3892	3144
1845	827
345	827
2737	827
25	827
3815	516
2136	3947
1740	184
3553	184
4506	184
2104	184
1751	184
2454	2946
2454	616
1227	616
3997	3278
1284	3278
3610	3278
3375	2877
1227	2877
1541	2877
3078	2877
971	2877
564	1207
3354	1207
3444	1207
2198	1207
2689	1565
239	1565
3453	1565
4263	4553
422	4553
1362	2295
755	2295
1084	2295
4229	2948
1130	2948
3568	2948
554	4120
1507	4120
1132	4361
1375	4361
4098	4361
1504	4361
2032	4361
1676	4361
126	4361
3583	4361
3218	4361
2301	4361
2688	4361
637	4361
1965	4361
2486	4361
554	4361
565	4361
338	4361
4085	4361
1132	3907
2872	3907
2304	3907
4162	3907
1800	3907
4240	3907
2774	3907
4172	3907
1524	3907
947	3907
259	3907
2169	3907
2054	3907
2370	3907
555	4151
3679	1845
3335	1845
383	1845
3510	1845
3982	1845
2169	1845
888	1845
3752	1845
502	3464
30	3464
4543	3464
279	3464
638	265
199	265
1850	265
1132	378
594	378
1458	378
122	378
1423	378
3147	465
637	465
2275	465
3657	824
212	824
3109	3941
1600	863
875	863
4077	863
4011	863
3138	863
1516	863
1575	863
2963	863
1600	81
1282	81
4271	81
3697	81
248	81
4077	81
4011	81
3815	81
2672	81
1661	81
3614	81
3872	81
1378	4439
4065	4439
248	3820
1477	1197
4140	1197
4410	1197
3171	3734
67	2383
285	2383
1336	2643
2510	2643
3860	1132
199	1132
1994	1132
3461	1132
3287	2216
3147	1333
4475	1333
2454	3656
252	2964
4105	2964
422	2964
3287	2034
199	139
4491	139
2806	139
1847	1236
4263	1236
2545	1236
2567	1236
288	1236
564	3334
3333	3334
4530	2397
1282	3128
3628	3128
199	3128
3893	3128
1282	3197
3893	3197
2305	2457
3354	2457
2454	2305
201	1564
1785	497
937	657
1678	657
3687	657
2762	657
10	657
4548	3578
3539	3578
418	3578
2688	3578
4535	3578
3364	3856
670	3856
2392	3856
2104	3286
3125	4392
3570	272
3354	272
1099	1948
2104	1948
4475	1948
1477	1315
2768	1072
1745	3883
2183	2665
252	3667
2626	3667
3566	3667
4343	3469
3860	3469
3287	3469
1550	3469
1700	3469
1842	3469
4503	3469
4414	2454
4548	2454
2819	2454
2206	2454
255	2454
4447	2454
895	2454
4079	2454
4374	2454
1313	2454
3655	2454
4016	2454
69	2454
4539	2454
2611	2454
1075	2454
1871	2454
633	2454
4011	2454
3056	2454
2998	2454
828	2454
1949	2454
3444	2454
1591	2454
2591	2454
3020	2454
3166	2454
3519	2454
558	2454
3931	2454
1189	2454
1084	2454
2392	2454
2696	2454
279	2454
4280	2454
2859	2454
1721	2454
1216	2454
210	2454
3117	2454
1930	2454
3187	2454
1801	2454
68	2454
121	2454
125	2454
128	2454
146	2454
377	2454
479	2454
553	2454
709	2454
896	2454
898	2454
1032	2454
1095	2454
1157	2454
1568	2454
1572	2454
1582	2454
1626	2454
1640	2454
1752	2454
1820	2454
1842	2454
1885	2454
490	2454
2103	2454
2128	2454
1745	2454
2306	2454
2369	2454
2412	2454
2475	2454
2586	2454
2613	2454
2621	2454
2732	2454
2746	2454
2770	2454
2882	2454
2914	2454
3003	2454
3012	2454
3049	2454
3092	2454
3113	2454
3302	2454
3386	2454
3438	2454
3577	2454
3580	2454
3629	2454
3715	2454
3808	2454
3881	2454
4009	2454
4152	2454
4332	2454
4450	2454
4480	2454
4495	2454
4503	2454
3680	2454
1257	172
322	172
741	172
3357	172
3287	172
3997	172
841	172
1700	172
104	172
3332	172
30	172
3624	172
4112	172
670	172
1143	172
3521	172
1288	1600
3287	4306
1550	4306
1700	4306
1298	4306
741	1257
3287	1257
841	1257
1550	1257
1700	1257
823	1257
558	1257
212	1257
2567	1257
3730	1257
1678	4513
3860	4513
1328	4513
4403	4513
4161	4513
1653	3300
1798	2011
22	2011
4121	2011
3147	2011
3146	2011
3958	2011
10	2011
15	2011
3381	2011
3860	1798
676	3678
3086	3678
2768	3678
2938	2297
3521	788
4038	603
628	603
1049	603
339	555
259	2760
3147	1029
724	4288
2648	1099
633	4524
1407	4524
2316	726
199	726
2536	1952
3646	1952
15	1952
3834	1638
2439	1638
98	1638
2046	1638
594	1638
840	1638
3146	1638
3078	1638
774	1638
643	1638
2169	1638
1909	1638
823	322
1970	322
1356	322
4489	322
4444	3518
2066	2508
2392	2508
3086	2508
4448	2508
533	2508
1105	2508
3579	2508
285	2508
2553	2508
2613	2508
4410	2508
839	3679
2963	3679
1700	2578
805	2578
1353	2578
3109	2712
2613	2269
2126	741
2928	741
1899	741
268	1074
418	1074
2045	3738
3511	557
668	2559
1906	2559
3872	2559
1524	2438
686	2438
980	1489
1647	4256
1205	1077
3809	1077
4530	697
2136	1714
2027	1984
102	2316
1286	2316
987	2316
4035	2316
3314	2316
2092	2316
502	2316
469	2316
1150	2316
4326	2316
329	2316
3519	2316
1575	2316
3078	2316
4225	2316
2087	2316
2795	2316
1286	102
987	102
464	102
2092	102
502	102
3699	102
3449	102
2109	102
594	102
2998	102
3008	102
3301	102
4438	102
4244	102
58	102
3882	102
2889	102
3428	102
3924	102
2884	102
987	1286
2092	1286
502	1286
4072	1286
3449	1286
4539	1286
199	1286
4326	1286
3008	1286
2658	1286
1851	1286
502	987
3449	987
3008	987
2832	987
2326	987
2137	1651
15	22
4271	4466
3482	2126
1906	2126
113	2126
3333	2126
3730	2126
1847	724
201	724
582	724
2089	724
59	724
4547	724
1200	724
4318	724
3932	724
1930	724
888	724
515	724
795	724
1217	724
3386	724
4298	724
1537	249
2243	1487
1328	1487
1591	2243
3676	2243
1591	2230
3676	2230
1524	2528
554	2528
3320	2528
2187	1282
3874	1282
3840	1282
4077	1282
1679	1282
274	739
4231	739
4367	739
3840	739
3498	739
2726	739
991	739
4222	739
1833	739
4124	739
4281	274
3840	274
1504	274
3498	274
823	274
2514	274
3371	274
4124	274
2066	1838
3086	1838
4434	1838
1751	3763
2071	3763
4257	3763
3086	2625
285	2625
4434	2625
69	560
3263	560
676	560
3086	560
285	560
1281	560
849	2669
3287	2669
1700	4446
3449	4446
1380	4446
566	937
947	937
1189	937
1060	937
2007	937
540	937
553	937
559	937
593	937
1157	937
1235	937
1335	937
1598	937
1626	937
1723	937
1875	937
2036	937
2773	937
2776	937
4281	1570
1298	1570
1087	3627
633	3900
2136	3900
199	578
4098	1336
2104	1336
1878	1336
1501	4414
1500	2040
3178	2872
498	2872
3147	1686
59	268
3943	268
150	4463
4448	4463
150	1928
1516	1928
4475	1928
3999	4178
2027	4178
3496	4178
210	4512
2609	3651
3563	3651
3575	4242
2169	3575
2990	3575
2104	2807
3569	3203
1847	1808
2545	1808
1799	1808
288	1808
376	1808
3140	1808
668	4098
3373	4098
2430	4098
487	4098
457	4098
2583	4098
2071	4098
893	4098
1524	668
1909	668
3635	918
1785	918
3840	1449
1059	1449
109	224
2065	4097
161	4097
1906	4097
2762	4097
3038	4097
4162	1503
263	1503
2819	3373
3874	3373
3842	3373
3556	3373
1740	2819
3401	2819
3086	2751
4008	2751
3482	2206
2358	877
3318	4249
1171	4126
1288	4271
2672	4271
2985	4271
3036	3873
2673	2547
866	2547
40	2547
1732	2547
843	2547
4489	2547
59	2187
2178	2187
3086	2500
4475	2273
1785	1472
1847	963
1847	147
1785	2627
3724	1847
955	1847
3368	1847
278	1847
3601	1847
3364	1847
4102	1847
2125	1847
239	1847
4082	1847
1676	2609
782	2609
3404	2609
2027	3689
942	3635
1785	2730
1785	3390
4475	3390
1785	1668
1785	1051
2218	452
1785	942
1785	255
1785	3417
522	2299
1785	2270
3676	1785
782	1785
3287	4223
4473	955
2762	3720
3781	849
3556	3874
4159	3874
3222	3874
4229	3874
59	3874
1442	638
1309	638
1886	313
4229	313
4428	313
2689	313
4149	313
3147	895
4149	895
4475	4285
4328	3327
3169	252
3190	252
2104	252
3025	252
1621	4263
1184	4263
3046	4263
4305	4263
113	4263
1857	4263
3529	4263
2369	4263
2382	4263
2963	201
3997	4162
805	4162
3354	4162
3925	4162
2928	4162
1763	4162
3723	4162
3335	2599
150	2599
4105	2599
150	3335
4105	3335
3511	4352
825	4352
2761	4352
3511	3242
825	3242
721	3589
3079	3314
3511	3314
633	3314
3982	3314
2104	3314
825	3314
550	4307
2939	4307
1679	4307
1233	4307
2046	1793
2612	1793
1458	1793
763	1793
4475	1793
1423	1793
523	3151
3146	3151
4475	3151
527	817
554	3357
1716	582
2041	2092
162	411
4491	3462
2203	1046
2079	1046
4280	1046
3086	1046
2704	1046
1875	1046
3997	4343
4530	4343
3563	4343
162	4343
2726	4367
2448	4367
3287	3553
3354	3553
3861	3553
3040	992
4213	992
3147	3040
4121	1678
1328	1678
841	4281
2726	4281
4444	4281
1298	3840
565	3840
3421	3628
1679	634
1288	4465
1309	2439
554	2439
2908	2439
3333	2439
1801	3634
449	4079
1059	731
2726	1504
212	4384
1477	308
1491	1170
3997	1170
1150	14
564	14
4491	14
3358	14
422	3842
3482	4195
1700	3860
1248	3860
3687	3860
1328	3860
847	3860
4305	3860
2534	3860
3560	3860
909	3860
2415	3287
1787	3287
3219	3287
3482	3287
2939	3287
764	3287
1591	3287
4083	3287
4272	3287
2114	3287
2486	3287
263	3287
1084	3287
2565	3287
2399	3287
331	3287
898	3287
1265	3287
1716	3287
1727	3287
2294	3287
2445	3287
2492	3287
2549	3287
2849	3287
3036	3287
3108	3287
3367	3287
3401	3287
3970	3287
3800	3287
3809	3287
3966	3287
3968	3287
4008	3287
4108	3287
4152	3287
4534	3287
1491	2545
841	2545
1550	2545
1700	2545
1499	2545
841	1491
1550	1491
3364	1491
1700	1491
3482	1491
1499	1491
3347	3230
47	3997
3482	3997
4547	3997
2520	3997
259	3997
3452	3997
796	3997
2385	3997
2549	3997
2713	3997
3861	3997
4534	3997
2415	841
3426	841
3534	841
1700	1550
2415	1550
3219	1550
3482	1550
2927	1550
3560	1550
3347	3364
3482	3364
3826	3364
3903	3364
1501	3364
3049	3364
2415	1700
3482	1700
3354	1700
3427	1700
2927	1700
2549	1700
1499	2415
3403	2415
2307	2041
764	2041
3893	2041
122	2860
4188	44
3631	3571
3519	3571
3427	3571
3815	3571
515	3571
3540	3571
4475	2602
3818	3201
1506	4554
3086	4554
285	4554
564	262
4527	204
3696	204
3696	4527
136	3696
1266	536
2007	1942
1439	690
3086	690
2768	690
533	690
1105	690
1745	690
4475	3171
3852	4357
2953	1670
2942	1670
2598	4121
10	4121
2990	4121
628	383
2612	383
1575	383
3163	383
1690	383
1059	1274
1507	1274
3117	1274
2014	2191
866	2673
40	2673
1732	2673
843	2673
3662	2673
998	2673
4489	2673
627	502
239	502
3562	502
376	502
4475	3510
2985	345
990	345
4460	2909
4237	866
40	866
628	866
1516	306
4237	3718
4237	1940
1794	2094
4237	2094
685	2094
2935	2094
4237	4374
1860	1687
1524	1770
3482	1313
1524	1313
1994	2897
4229	1677
1906	1677
110	1677
66	1009
1432	3671
285	3807
248	1761
3587	1761
3333	1761
30	3951
122	3951
221	3951
158	3951
3146	3951
422	3951
771	3951
1356	3951
248	4328
3147	4328
3147	2260
4024	2260
3975	2260
1998	481
522	142
3020	3499
1875	3499
122	104
1524	104
1992	104
3843	892
47	892
1711	892
3655	3843
47	3843
948	3843
2174	3843
3982	3843
876	3655
805	3655
805	2013
2180	2013
3742	2651
805	1799
2180	1799
239	1799
2973	1799
888	1799
4209	1799
1711	47
621	2376
805	876
1573	876
3178	3742
1875	3742
2180	805
594	805
2110	805
126	1800
2626	1800
2953	1800
3530	1800
2058	2032
4188	4016
150	1442
564	2598
199	3332
564	3332
4082	3332
2963	3332
926	3332
1367	3733
1084	2535
3147	78
3743	3569
3827	3569
4237	1794
1057	4237
3646	4237
1352	4237
3333	4237
3147	3760
285	3760
122	3006
4229	1676
564	1676
1266	1676
1524	1676
1906	1676
4266	1676
2928	98
2104	98
3178	98
4530	161
1439	161
1105	161
4082	4130
4317	4240
199	1163
676	469
3086	469
285	469
2307	1117
3020	1117
676	1117
2474	1117
3086	1117
3826	1117
285	1117
1875	1117
1165	1117
1875	1767
565	4033
1679	4033
3574	109
3792	109
2192	109
2536	109
4086	109
3876	109
227	109
3697	3574
2416	3574
3792	3574
2192	3574
1575	3574
2192	3697
2536	3697
3511	3697
3631	461
3870	461
2939	1145
1233	1145
291	3661
3131	3661
2192	3792
2536	3792
1432	3792
197	3792
1037	3792
3958	3792
888	3792
291	1632
1477	291
3563	3539
457	3539
2301	3539
2963	3539
1994	3539
3333	3539
3872	3539
3566	3539
661	1944
1414	661
3838	661
3219	661
1244	661
1737	661
840	661
1429	661
2391	661
15	661
1994	661
3453	661
3646	752
1909	752
1358	1030
2110	4346
2721	3169
2104	3169
4149	3169
4266	3169
564	1150
1524	1150
947	1150
1059	1150
3091	3472
633	2221
1429	2221
3219	1414
2046	1414
1429	1414
376	1414
1661	1414
3219	3838
3482	3838
2046	3838
1429	3838
3482	3219
1244	3219
2046	3219
1429	3219
1864	3219
2369	3219
4503	3219
3147	2192
212	69
2768	69
1524	1184
3476	550
1524	550
1012	550
3341	550
279	550
3775	550
212	550
2963	550
247	550
795	550
1260	550
1832	3476
763	1619
4386	875
4543	3190
2104	3190
3025	3190
4539	1057
199	1057
279	1057
199	4539
4543	4539
4149	4539
279	4539
3943	4539
1801	4539
4543	199
279	199
259	199
968	199
567	199
3140	199
3852	1248
3354	1248
3994	1854
3354	1854
3852	135
3354	3852
1300	3852
220	4186
4475	4186
3358	4186
4444	4186
4475	2283
4222	3482
1429	3482
2762	3482
2007	3482
1288	3482
3893	3482
4228	3482
2045	3482
990	3482
2663	3482
840	16
1945	3352
1516	2809
4483	3646
3163	3646
3958	3646
909	3646
1732	40
843	40
3662	40
4489	40
3892	527
3687	126
753	126
564	126
565	126
234	126
1773	126
2583	1945
843	1732
3442	1732
4489	1732
3421	1227
1906	1227
2186	3511
4137	3511
4225	3511
2046	1244
1429	1244
3333	1244
1328	2939
2737	1832
3330	1832
285	2146
1260	2146
3775	601
3943	601
4229	3222
1200	3222
25	3222
3388	248
1044	248
2672	248
3878	248
3418	248
2110	4229
3046	4229
1850	4229
939	4229
2169	4229
25	4229
146	4229
1460	4229
1909	4229
1976	4229
227	1309
1949	1309
3113	1309
1524	3687
1328	3687
3341	3687
499	3687
1143	3687
980	3687
564	3181
59	3181
1909	753
2070	564
621	564
1524	564
1362	564
2567	564
1143	564
554	1603
2519	587
3147	3657
637	3657
3138	3657
3570	3999
159	3570
565	3570
947	2408
260	2408
1143	2408
3938	1541
1059	1541
1507	1541
3147	215
1579	215
4530	625
3629	625
823	2997
1084	2997
2840	2997
4489	843
1059	720
1507	720
259	720
733	4077
3583	4077
2611	4077
3750	4077
4491	4077
4011	4077
3425	59
840	59
1230	59
3876	4086
227	4086
227	3876
418	3876
1484	3876
1899	3876
3562	227
3381	227
4530	4020
10	4020
1875	4020
1860	4004
2049	4530
125	4530
1409	4530
2058	4530
3421	3563
479	2145
2878	2145
968	3631
2773	3631
3577	107
4534	107
3549	3147
4491	3147
3925	3147
158	3147
549	3147
4254	3147
2353	3147
2987	3147
3815	3147
152	3147
1856	3147
2806	3147
3027	3147
3508	3147
3756	3147
3804	3147
3808	3147
4088	3147
4152	3147
3677	3147
259	3354
2811	3365
2343	1352
259	1352
4172	2774
2726	2774
1458	2774
4083	4428
220	764
1298	764
4444	764
1906	4278
2726	3498
3313	523
2883	3426
3362	3426
1681	3425
2109	418
3109	418
4082	418
337	418
1123	418
2109	1224
4475	2109
1507	3938
4028	150
3676	150
1690	150
928	150
504	150
1037	150
4244	150
4171	4172
4091	4172
3583	4172
4491	4172
4547	4172
2070	4038
1477	4038
628	4038
4547	4038
113	4038
4091	2070
1477	2070
3583	2070
2611	4091
3750	4091
4491	4091
628	4091
4011	4091
628	1477
4547	1477
4011	1477
2608	1477
1189	1477
799	1477
229	1477
559	1477
658	1477
782	1477
910	1477
957	1477
2357	1477
2531	1477
1356	1477
3750	733
4011	733
3750	2228
4011	2228
4491	3583
4011	3583
1383	3583
1857	3583
3750	2611
4491	2611
4547	2611
4011	2611
4491	3750
4011	3750
4547	4491
4011	4491
1524	4491
4438	4491
1044	4491
1976	4491
2975	4491
232	3743
576	3743
3444	3743
2120	3743
3815	3743
4319	3743
2672	3743
1322	2726
1298	2726
3882	2726
1199	2726
4124	2726
3682	220
4475	220
4388	220
3358	220
4444	220
3872	220
621	1018
991	1018
3081	3433
718	149
146	3050
2005	3142
1378	2046
633	2046
594	2046
2612	2046
4112	2046
1458	2046
1429	2046
1266	2046
113	2046
1423	2046
633	1378
594	1378
2612	1378
1458	1378
113	1378
1205	1378
1423	1378
2058	537
594	633
2612	633
4112	633
1458	633
1429	633
4233	633
750	633
1516	633
847	633
1423	633
2612	594
4112	594
1458	594
1906	594
1423	594
4547	628
3676	628
2711	628
4011	4547
991	621
2394	621
167	991
3958	2998
4112	2612
1458	2612
1423	2612
1458	4112
686	4112
554	4112
1423	4112
1723	4112
3728	4112
1288	1458
113	1458
15	4326
1288	3451
422	3451
565	4222
1233	4222
1763	3912
1763	3925
1679	421
1530	4511
2680	4139
2120	487
3647	487
1559	3250
1593	1728
159	3858
4134	869
1524	670
15	1737
4475	1827
947	802
4386	840
1233	840
3461	840
3728	840
686	4386
391	4386
1423	4386
1524	457
3444	576
2120	576
4319	576
4475	1949
3138	1200
1298	1200
1994	1200
926	1200
2622	1200
3614	1200
823	2928
1240	2928
113	2928
676	4416
2066	4416
2474	4416
285	4416
1992	4416
554	1406
2963	1406
554	2301
2104	2301
1966	2301
971	2301
3403	2301
990	2301
554	2688
2104	2688
4475	3444
2941	3444
2377	1591
3381	1591
3968	1591
4233	637
896	637
1568	637
1606	637
2352	637
4109	637
4152	637
1575	124
3970	124
4364	4083
3943	2591
2020	1287
288	3408
4475	3479
193	2779
193	2608
122	2120
2392	2203
3086	2203
285	2203
422	1593
2812	122
839	122
3826	122
26	122
3833	122
1524	221
4383	818
2678	818
3981	1073
823	2137
2812	2137
1524	872
288	872
1499	1524
3943	1524
2567	1524
3358	1524
2626	1524
1205	1524
2675	1524
3632	1524
4082	1362
761	3091
3086	3091
4403	3091
285	3091
2658	3020
4448	3020
45	3020
285	3020
558	823
1059	823
1409	823
1899	823
3534	2812
1965	2812
839	2812
2832	2114
3728	2114
369	1982
4318	1982
58	1982
239	2689
2044	2689
3453	2689
162	1965
2369	1965
1516	3046
3676	4028
1037	4028
2066	4555
3086	4555
212	4555
70	4555
285	4555
2553	4555
3568	4555
2633	4555
222	407
222	1474
1298	2186
3562	3388
2973	3388
2859	263
4318	369
58	369
2392	676
3827	676
2768	676
1105	676
1875	676
1998	676
1909	686
2173	755
3110	239
2492	239
3453	239
3427	2940
3562	2940
3893	2940
1233	2940
3112	3832
1059	3676
1642	3676
1699	3676
1059	3692
1059	2292
4244	2292
3767	549
2985	549
2567	3138
3418	3138
2104	554
3392	554
3637	554
3540	3519
3566	3519
567	1012
1579	4549
3982	1763
1579	3982
1861	1579
15	3892
260	947
1143	947
795	947
926	947
2331	947
3071	947
3441	947
3728	947
3333	558
2290	2583
3587	3931
1205	1825
2762	1906
1258	1906
2933	1906
3140	1906
4088	1906
630	763
3981	839
4543	1189
279	1189
3025	1189
3637	1189
847	1328
3341	1328
2534	1328
3893	1328
1709	1328
4543	3008
3025	3008
3975	2818
347	2818
2553	2818
1516	1084
337	1084
3562	1084
998	1084
567	1084
4483	4543
422	4543
3885	4543
4137	750
1507	1059
4244	1059
3958	1059
2169	1059
3316	1059
2353	4137
434	1507
2448	1507
4535	2811
1703	2811
4475	4213
2462	4213
2392	2066
2768	2066
66	2066
1501	2066
1105	2066
1875	2066
1992	2066
1998	2066
4410	2066
1994	3746
4225	2104
251	2104
521	2104
3025	2104
3113	1520
279	4149
1568	1023
1745	1023
2469	1023
2678	1023
928	1516
3958	1516
3292	1516
3826	1516
765	1516
2080	1516
2963	1516
888	1516
767	1516
1265	1516
1606	1516
1716	1516
2604	1516
4048	1516
3078	2762
643	2762
4305	969
2534	969
2953	969
2696	847
1953	847
2474	2392
3086	2392
212	2392
285	2392
1080	2392
2553	2392
1875	2392
2796	2392
422	3341
1709	3341
2935	3341
2534	4305
376	4305
2905	4462
3078	3038
643	3038
930	2007
894	2007
2806	2007
799	3875
3560	3875
58	4318
3330	3647
1501	4344
3958	1288
4475	1288
2546	1288
2672	1288
3815	1575
3098	1298
1679	1298
1233	1298
4444	3163
3427	222
1966	222
4244	1690
422	928
3727	2736
2014	162
1745	162
4475	4438
718	2737
3966	2737
1233	916
4244	1037
2014	4383
3826	3146
656	3146
1320	3146
1626	3146
1745	3146
4489	3662
747	2027
3427	3958
376	3958
2257	3958
3140	3958
3905	3958
422	3078
774	3078
533	2474
1501	2474
1105	2474
1875	2474
1998	2474
774	4082
2091	4082
1909	4082
774	422
1143	422
2681	422
534	422
2549	422
3560	422
4468	422
643	774
926	3943
3333	3943
3728	3943
1105	1439
1355	108
949	108
4441	3292
260	3292
1143	3292
3358	4475
4444	4475
2546	4475
3956	4475
4460	4475
76	4475
325	4475
583	4475
898	4475
1228	4475
1648	4475
1773	4475
1775	4475
1842	4475
1878	4475
2943	4475
3970	4475
3861	4475
3920	4475
3987	4475
4009	4475
4040	4475
4123	4475
4523	4475
1356	4475
1216	581
990	581
825	4388
4444	4388
4140	825
3975	825
212	3086
2768	3086
533	3086
1501	3086
2384	3086
1105	3086
1875	3086
1992	3086
1998	3086
2796	3086
4410	3086
2169	58
1105	790
376	3427
533	212
2553	212
1899	212
3888	212
3194	2391
2	256
973	256
3418	973
4444	3358
3872	3358
3677	210
3815	2676
4534	2676
3587	3596
1992	3596
218	3956
3424	3815
1383	3815
990	3562
4266	3562
4347	2434
152	288
1994	15
1833	15
3453	15
4360	2343
2626	2343
3566	2343
2626	4360
1994	4360
2926	4360
1994	2626
1909	2626
3566	2626
1105	2768
70	2768
285	2768
2553	2768
1998	2768
3677	2768
751	259
3443	259
372	259
2185	259
3333	259
3443	751
76	751
4321	3893
3787	3167
2660	1240
2045	2825
4228	1777
2045	1777
4364	3177
3333	1044
2991	372
285	533
4276	533
1080	533
2553	533
1992	533
1998	533
4434	533
4410	533
3233	3131
2942	2953
4259	2169
3728	2169
3872	2169
67	66
68	66
285	66
1137	66
1922	66
2746	66
3158	66
3459	66
455	4228
771	4228
2274	4228
1484	113
490	1005
1233	2963
1899	2963
1679	3110
1233	3110
1233	1679
2795	1679
1475	1233
2577	619
1165	619
121	1590
1143	4441
1699	260
3333	1143
3975	4024
1273	4535
719	2681
2887	3187
67	1501
285	1501
2553	1501
4434	1501
4456	3685
1048	2229
285	2384
2553	2384
285	1105
2553	1105
990	25
4269	2014
376	888
3140	888
285	67
4410	67
2904	76
2683	89
1745	121
519	128
3987	146
2277	156
1994	164
1994	181
2234	213
1769	218
2675	218
1875	285
1992	285
1998	285
1745	285
2613	285
2747	285
2796	285
3459	285
4410	285
3356	351
2134	376
3333	2784
3612	1994
1976	1994
2374	1994
3418	1994
3566	1994
4364	434
777	455
3308	467
1773	519
1875	521
1125	530
1908	531
1998	531
664	591
2557	632
2382	796
1083	898
4199	946
3307	951
2277	984
2277	1078
3905	1095
4410	1107
3920	1116
4153	1137
3614	1217
3333	1229
1356	1294
1875	2553
1998	2553
4410	2553
1875	1358
3069	1358
3062	1361
3698	1568
1745	1568
371	1568
3723	1568
1356	1568
2678	1568
3566	1568
3403	1572
3049	1630
4013	1636
4260	1752
1857	1842
1908	1875
4434	1875
4410	1875
1612	1875
3752	1900
3333	1909
3698	1970
1998	1992
3737	1992
4434	1992
3529	1998
3459	1998
4434	1998
4410	1998
3453	2005
3568	2045
1745	3698
3529	3698
4434	3698
371	3698
3723	3698
1356	3698
2678	3698
3566	3698
2340	490
3529	1745
3049	1745
1356	1745
1165	3529
1612	2277
2621	2531
2597	2531
3560	2549
3588	2549
3333	3461
3005	3333
3172	3333
3418	3333
2888	2800
3739	2815
3014	2832
3277	2888
3140	2952
4434	3049
4410	1165
4189	3613
4134	3650
4153	3836
4410	4434
4124	692
3566	2678
2663	990
