3294	3796
3294	2316
3294	1307
225	332
225	1819
225	1596
225	1307
225	564
225	491
3744	698
3744	4263
3744	3639
3604	384
137	907
137	2017
348	628
348	3163
2467	621
3762	1314
3762	686
3762	554
3762	3095
2894	4475
2894	3614
91	2436
2646	696
2646	759
2911	2454
2911	199
2911	4530
1357	3322
1357	2224
1357	1599
1357	1344
1357	3249
1357	417
1357	687
1357	429
1357	4392
1357	2028
1357	2939
1357	991
1357	4191
1357	3682
1357	3554
1041	857
1041	3940
1041	2018
1041	648
1041	4348
1041	4397
1041	3019
1041	1111
1041	1811
1041	1351
1041	3908
1041	866
1041	222
1041	1966
3077	3997
3077	4186
3077	1499
2814	3087
3343	199
3343	4082
1655	199
1655	3095
1011	2504
1011	1516
1610	1277
1610	2583
1610	2905
857	1312
857	1811
857	3907
857	4475
696	3188
696	3665
696	4248
696	899
696	39
696	810
696	4263
696	3646
696	4020
696	2534
696	2847
696	4160
2968	3993
3299	724
3105	2848
3105	4427
3105	2454
3105	3287
3105	73
3940	3585
3940	2361
3940	505
2874	2511
2874	668
2874	980
3322	2868
2119	38
2119	4074
2119	3500
2119	3197
2119	3410
2119	3893
654	4074
654	2316
654	102
654	1740
654	3639
654	3893
203	3167
203	1284
203	3356
891	687
891	4392
891	3999
891	4082
891	3955
891	3612
245	1153
245	1881
245	1569
245	1117
245	4416
245	2768
245	533
245	285
245	927
245	2553
245	1998
245	2978
4379	1153
4379	2367
4379	1569
4379	2129
4379	469
4379	1117
4379	4416
4379	295
4379	4555
4379	1998
3973	3595
3904	2061
3904	3019
3904	1442
3904	1441
3904	3560
3183	2936
3183	3155
326	2504
326	4121
326	1000
284	1739
284	780
284	1837
1539	3868
4541	2130
4541	1278
4541	2221
4541	1007
4541	1084
436	2454
436	2402
3626	4106
3626	2522
3626	2018
3626	1402
3626	1599
4106	2868
4106	2522
4106	2018
4106	1402
4106	1599
2868	2522
2868	2018
2868	3629
2780	332
2780	2454
332	4323
332	791
332	3754
332	3135
332	2957
332	3494
332	1602
332	170
332	1434
332	3287
332	1800
332	2047
332	1150
332	69
332	1945
332	2046
332	1378
332	594
332	2612
332	1000
332	3990
332	3650
4323	11
4435	4408
4435	1858
4435	637
4408	3597
4408	4524
4408	3726
4408	2939
4408	3818
4408	3054
4408	4426
4408	4063
4408	2510
3853	2426
3853	1362
95	1111
2086	2765
2426	2454
3173	1035
1035	759
2105	2513
2105	3778
2105	2433
2513	3778
2513	2433
3778	2433
3778	3126
3778	686
663	626
663	2056
663	4537
663	2850
663	2511
663	3324
663	668
663	3716
663	1709
626	1647
3850	3639
2278	1223
2278	263
3284	3226
3284	826
3284	3285
3226	3585
3226	429
3226	3285
3226	2612
3226	3167
826	535
826	3285
4250	1201
4250	2690
4250	4475
989	4203
791	2226
791	4026
791	1952
791	2402
791	1800
791	1245
791	1024
791	1458
791	4386
791	1795
2433	3793
2433	4475
4556	3497
4557	1569
4557	728
4557	3936
4557	285
4557	1080
597	1927
597	3228
597	1988
597	3191
597	3900
597	1847
597	2550
597	3539
597	1234
597	2181
597	1086
597	888
597	2742
772	2848
772	4427
772	2555
772	1805
2312	2491
2312	1750
2312	3396
2312	4083
2541	2728
585	3180
4516	1977
2913	4528
1435	2301
4546	1988
4546	3560
1392	3681
1392	3797
1392	1563
1392	2861
1392	2491
1392	724
1392	1299
1392	159
1392	1406
1392	554
1392	3200
3681	2402
3754	3287
635	4444
993	3799
993	316
3732	648
4430	4554
4430	4475
189	2695
189	1596
189	1307
189	564
189	2436
189	2043
189	554
189	1092
189	3872
4270	1249
920	2516
3241	724
3241	163
3694	897
2505	1843
2505	1881
2505	2367
2505	193
2505	491
3573	2367
3573	3191
3573	1846
3573	554
3573	2066
3573	533
3573	285
3573	2553
3573	1998
2162	1153
2162	2319
211	146
211	2385
2236	814
2236	4545
2236	2993
2236	3278
2236	3907
2236	620
2236	3986
2082	2398
2082	1277
2082	3639
2082	4475
2082	2343
2082	4360
2082	3566
3107	571
571	1277
3525	1806
3525	3893
3525	1606
1293	112
1293	3646
1293	564
1293	3649
1293	554
1293	3872
4299	4334
4299	3721
4299	804
4299	102
4299	1824
4299	3453
4299	3235
4334	2443
4334	1971
4334	38
4334	2171
4334	2777
4334	929
4334	4530
4334	3563
4334	1728
4334	859
4334	2828
2056	2850
2056	4373
2056	3716
2056	839
2056	66
2056	771
4537	2244
2244	479
2423	2850
2423	3293
2423	3254
2423	3494
2423	1512
2423	3678
921	535
921	1272
921	489
1834	2687
1834	686
1834	549
1834	554
3796	1046
2452	535
2265	3646
2265	3639
2265	2653
2265	3087
1327	3235
1312	770
1312	4436
1312	611
1312	2993
1312	720
1312	706
1312	3639
1312	108
1312	2077
770	3001
770	4436
770	116
770	929
770	3720
770	16
770	1608
770	2926
4372	489
4372	1233
154	687
1412	2782
1412	3639
3673	1277
3673	1623
144	3278
144	3553
144	350
144	2425
144	3235
4375	171
3001	52
2850	3287
2850	3440
2850	3472
2850	1531
2850	4373
2850	3716
2850	839
2850	2181
2757	2402
2757	2764
3791	1291
3791	888
1806	3750
153	3087
883	1712
883	2424
3293	1283
3293	929
3293	4243
3293	1729
3942	2993
3942	2230
2848	814
2848	3524
2848	827
2848	863
2848	862
2848	557
2848	102
2848	4223
2848	3793
2848	3840
2848	3628
2848	2028
2848	1071
2848	2939
2848	2043
2848	2801
2848	828
2848	2125
2848	1805
2848	4426
2848	117
2848	498
2848	1326
2848	1475
3983	489
1819	3135
1819	2957
1819	1891
1819	2924
1819	3197
1819	2454
1819	2697
1819	2439
1819	1794
1819	3539
1819	594
1819	2612
1819	1000
1819	113
1819	3184
1819	3418
409	2454
409	112
409	2043
409	4475
409	1233
4143	3952
4143	3726
4143	3960
4143	4452
4143	1797
4143	3187
4143	3685
4143	2873
4143	3806
3072	3287
3072	180
1639	935
3229	313
3229	4428
3229	596
1021	3287
1712	3717
1712	513
1712	4465
1712	3792
3717	648
3717	513
3717	4465
3717	3792
3717	1037
3717	4475
2695	2164
2695	513
2695	2947
2695	1037
2695	4244
2695	853
2695	103
1349	4452
1153	3445
1153	2367
1153	114
1153	3936
1153	3191
1153	1651
1153	1623
1153	469
1153	2066
1153	66
1153	285
1153	491
1153	2553
1153	1875
1153	1998
1153	2294
1153	4047
3135	2932
3135	2398
3135	2760
3135	1621
3135	4229
3135	4530
3135	1864
3135	4324
3188	3281
3188	1561
3188	2454
3188	568
3188	3639
4019	118
4019	1564
4019	1046
4019	2275
3460	2292
1637	937
4345	724
4345	252
4345	3242
4345	1309
4345	3192
4345	3008
4345	3639
4345	1172
2428	3324
2428	937
2428	3575
4371	2415
4371	550
4371	77
253	2447
253	2687
2657	4475
2961	3989
2511	814
2511	2687
2511	2031
2511	1512
2511	862
2511	2559
2511	2109
2511	2754
2511	1753
3281	1234
2164	1563
2164	2305
2164	805
2164	752
2164	2939
2164	554
2164	2754
2164	4082
2164	853
2164	579
2164	1233
629	2687
2226	38
264	3157
2443	1971
2443	686
2443	859
2443	3562
2443	3235
1971	3394
1971	3721
1971	929
1971	1602
1971	3197
1971	1470
1971	1362
1971	263
1971	686
1971	2906
1971	3341
1971	2166
2522	2018
2522	1402
2522	1599
2522	980
2018	1402
2018	1599
2018	3145
2018	1298
2018	376
38	2947
38	2337
38	3075
38	1728
38	1516
38	4082
38	2361
38	3473
1402	1599
1402	2454
4111	969
737	622
737	3907
737	1477
737	2169
648	513
648	2504
648	1623
648	4465
648	1516
648	1037
648	4244
513	3907
513	4465
513	3792
513	4386
513	1037
513	4244
976	3407
976	30
319	2171
617	2662
617	726
617	294
617	1603
617	720
617	159
617	2169
622	535
622	2867
622	3907
622	2864
622	2897
622	1677
622	3539
622	1150
622	527
622	802
622	384
622	900
622	926
622	2331
622	1605
4429	2171
1563	4176
1563	2489
1563	1800
1563	853
1563	15
1563	3087
1563	3612
1563	990
1563	3453
1563	3235
3254	3628
3254	1328
3254	3639
3254	2361
2366	3205
2366	204
2366	3696
2366	2612
2366	844
3116	313
3116	628
3116	3163
3116	4475
535	644
535	3055
535	2897
535	1677
535	2533
535	3583
535	4373
535	1685
535	579
535	2169
535	3095
535	466
535	486
535	1125
535	1420
535	3789
535	3929
2981	3019
2981	4263
2981	3639
3407	1830
3407	3464
3407	2775
3407	1174
3407	3758
3407	30
3407	2017
3407	3192
3407	3008
2879	1277
2879	2673
2879	866
2879	40
2879	843
2879	628
2879	3662
2879	2518
2879	1873
4218	3920
885	2139
188	4228
188	412
177	1197
2302	4392
2302	2454
3394	2470
4176	1355
454	2252
3954	4146
3954	3375
3954	1259
3954	4186
3954	3743
3954	4386
3954	1026
3954	2572
3954	1824
267	639
267	2951
267	4499
267	364
267	397
267	755
267	66
3721	929
3721	1623
3721	2555
3721	4020
3721	3682
3721	3235
639	724
2951	1773
4499	3423
4499	2454
4499	2555
4499	3727
4499	2257
4499	3972
1580	3287
1580	4237
37	2337
37	2230
37	4121
4107	866
3824	3930
3824	1516
3129	2644
3129	2049
3129	2906
3129	660
3129	4160
2644	3405
2644	4524
2644	1477
3665	2534
1295	4487
1295	3527
1295	1869
1295	3716
4487	3040
4487	2166
4487	1529
4487	3381
4487	4165
3536	2447
3527	1550
3527	2364
3527	2166
3527	3095
3527	782
165	2402
3783	3087
118	3585
118	3287
118	3138
118	4452
118	956
1614	610
1614	2400
1843	3595
1843	3191
1843	724
1843	619
1843	285
700	1324
1881	3595
1881	3445
1881	2367
1881	3936
1881	3191
1881	1846
1881	1518
1881	2565
1881	2066
1881	533
1881	65
1881	70
1881	285
1881	491
1881	2553
1881	1998
1881	2294
3251	67
1561	570
1561	265
2139	66
2139	1856
3103	1380
570	937
814	3859
814	668
814	3222
814	4386
814	239
814	1084
814	474
814	2746
814	3614
1927	2454
1927	3087
2957	2398
2957	2216
2957	2545
2957	3776
2957	1943
2957	3743
2957	1000
2957	1906
2957	1092
2957	968
2957	4040
2957	4088
2407	3743
2349	2169
2349	1837
3595	1569
3595	3936
3595	1974
3595	1197
3595	285
3998	313
3998	1800
1597	3021
1597	823
1597	3639
3272	3792
3272	680
507	3019
507	929
507	3997
507	4130
507	678
507	3222
507	1553
507	1328
507	2007
507	2676
507	740
507	2563
507	3235
4436	1677
4436	3955
3324	724
3312	4536
3312	2436
3312	3876
3312	2778
4509	3114
4348	246
4348	1811
4348	3743
4348	576
2606	2225
2606	3238
2606	408
2606	3500
2606	3597
2606	3109
2606	554
2606	293
2225	3238
3238	3585
3238	2659
488	3278
488	594
3445	1485
3445	3956
3445	2768
3445	66
3445	1501
3445	1875
2573	1629
3228	2462
3868	4263
3868	421
3868	3639
3868	1977
1063	2454
1063	15
1830	30
1830	2017
404	1225
1444	3749
1444	2071
3952	4475
246	516
246	1449
246	731
246	1543
246	506
2224	272
2224	274
2224	112
2224	1794
2224	3570
11	2454
11	199
11	3329
2728	968
3731	2434
2821	2454
401	3287
544	1935
544	4426
3582	106
3582	3314
2685	2972
2685	1952
2685	3628
3009	739
3009	3482
3009	1935
3009	375
2001	2293
2001	4263
3919	3585
3919	644
3919	1115
3919	2316
3919	102
3919	1259
3919	2402
3919	3287
3919	231
3585	2708
3585	1115
3585	4525
3585	3921
3585	3145
3585	2316
3585	102
3585	1259
3585	2402
3585	739
3585	3314
3585	610
3585	1432
3585	3218
3585	108
3585	4018
3585	2198
3585	2601
4052	2007
4355	1309
4355	3876
1283	2169
1283	2492
1283	3808
1898	1503
1898	199
12	3743
318	1477
2093	3087
3429	929
644	1115
644	2316
644	102
644	3792
644	823
644	3087
644	1281
539	1118
1891	752
1891	4419
1891	2106
4471	199
4471	2906
4471	4543
2504	1201
2504	1197
2504	2454
2504	230
2504	618
2504	621
2504	1252
2504	3341
2504	1172
2504	1611
2504	646
2504	914
2504	1147
2504	1157
2504	1235
2504	1636
2504	2873
2504	1612
4248	1062
4248	92
4248	93
4248	3639
4248	1954
1062	92
1062	1914
1062	3639
1062	1954
1062	4228
1006	2707
2272	3773
1314	2317
1314	1336
1314	634
1314	3539
1314	470
1314	4066
1314	4386
1314	3639
1314	2660
1314	2134
1314	3508
1314	4134
3405	1711
3405	1084
2016	59
2171	1570
1302	1569
2662	4422
2662	4172
2662	4011
746	58
899	1416
1034	102
1238	576
2293	610
2293	2028
2293	2583
2293	3639
4536	1234
2922	2454
2922	3841
2922	4045
908	2855
908	4322
908	1856
4427	2402
682	1477
682	554
324	3907
324	2301
364	4263
364	3639
364	2776
2708	657
2708	2011
2708	1328
2708	3341
2708	1178
4432	1344
4432	3743
4432	3639
4432	1966
1119	1344
2447	3500
2447	1322
2447	4535
2447	3903
2447	743
2447	2385
2447	2958
2654	3612
2630	3670
2630	3289
2630	3628
2630	1935
3013	4263
3013	3639
1040	1084
80	1084
80	3639
80	1221
1868	3907
1868	3597
1868	1307
1868	2046
1868	1378
1868	1416
1868	594
1868	4114
1868	2612
1868	1382
300	3019
300	4263
300	1477
300	1516
300	3639
1585	2454
1115	2491
1115	102
1115	2402
1115	3639
1115	4134
3406	2324
3740	2169
3670	4247
3670	3289
3670	3197
3670	2454
3670	3597
3670	1375
3670	3840
3670	1676
3670	1071
3670	2939
3670	4222
3670	2899
3670	990
2367	1974
2367	2092
2367	2066
2367	533
2367	285
2367	927
2367	2553
2367	1998
2367	3529
4287	2034
4287	3094
2932	359
2932	2028
2932	1794
2932	489
1089	429
1089	2454
1089	1744
1569	56
1569	3936
1569	1974
1569	3165
1569	3191
1569	4554
1569	690
1569	1117
1569	4373
1569	2949
1569	3091
1569	2066
1569	1715
1569	533
1569	285
1569	777
1569	2553
1569	1998
1364	285
1364	2553
2855	3936
2855	3191
2855	992
2855	2376
2855	1117
2855	158
2855	45
2855	285
2855	3977
2855	4335
359	3597
359	634
359	489
359	3818
359	3649
359	4222
359	2928
359	1672
359	2754
359	565
359	1233
645	2880
2777	4392
1344	2301
1344	1966
1344	3579
3289	3143
3289	1277
3289	2031
3289	1602
3289	3465
3289	2454
3289	739
3289	274
3289	3328
3289	1162
3289	1504
3289	1440
3289	4186
3289	1200
3289	1266
3289	1362
3289	1322
3289	1935
3289	3083
3289	4370
3289	4426
3289	2810
3289	1014
2982	3889
4235	199
4235	4530
4235	4233
4235	1788
3249	2454
3249	3586
3249	2596
3249	2928
1748	761
1748	3728
3711	637
1201	724
2835	1988
2835	3020
2835	2114
2835	2768
2835	285
2835	3879
56	3165
56	2454
3936	1974
3936	4416
3936	4555
3936	3360
3936	2768
3936	533
3936	1501
3936	927
3936	1875
3936	1998
1974	518
1974	3191
1974	1846
1974	69
1974	285
1974	2553
500	1046
3165	2949
974	549
974	901
3825	549
1684	1739
2398	2070
2398	628
2398	3163
2398	4475
2398	1047
2972	3043
2972	3597
2972	1570
2972	4072
2972	1071
2972	2939
2972	4222
2972	762
2972	2514
3043	2060
238	2017
238	2110
1391	3908
1391	554
552	1516
2337	102
2337	4229
2337	1000
2337	3639
2337	4082
3290	3019
3290	2454
3290	623
3290	1380
3290	2942
3276	1181
3276	2975
191	637
3090	3245
3090	3639
2336	1259
4457	3639
4208	113
3494	1811
3494	1227
3494	2343
3494	110
3494	2975
1913	3287
1913	4475
2108	2454
2108	2311
2108	3020
2108	3046
1101	1516
3064	323
3064	4530
3064	1266
3064	823
3064	45
1256	1477
2156	1099
2156	491
3143	1277
3143	252
3143	2094
3143	2238
3143	2939
3143	1199
2781	465
2781	285
3799	2978
983	4026
983	1673
3414	2066
323	1124
323	1257
323	1728
1285	1046
1285	2221
1285	927
1285	2100
35	568
35	3766
34	1282
34	224
34	4186
34	1071
34	2186
34	4444
34	1688
34	2978
32	1257
3749	4022
1988	2007
176	1917
417	4392
417	3287
417	16
417	1663
417	3538
417	136
417	2198
417	2580
417	2684
417	3541
92	1227
92	1541
92	643
2129	428
4510	724
302	805
4057	1277
4057	2993
4057	2089
4057	706
3437	2316
2853	2687
708	3193
708	3907
4397	3193
4397	4184
4397	918
4397	4112
4397	1458
4397	1690
4397	4244
4397	4475
173	2583
173	1906
173	4452
1187	2292
2698	285
3481	3287
3481	3138
3831	2424
3831	66
3831	2387
3831	2764
408	801
408	3639
408	581
408	3690
408	990
3543	4186
3543	4475
1674	3019
1674	2687
1674	3700
1674	506
3019	2687
3019	3700
3019	4263
3019	1831
3019	4388
3019	3095
3019	1143
3019	1380
3019	1629
3019	2369
1381	1307
1381	1245
1381	823
907	199
907	4149
907	3110
907	3654
2687	1870
2687	3700
2687	2316
2687	3357
2687	2439
2687	2702
2687	104
2687	3448
2687	4065
2687	4388
2687	2399
2687	2660
2687	1143
2687	376
2687	1319
2687	3432
1111	4242
1111	594
1111	4244
1111	2002
1811	407
1811	222
1811	1966
1811	4092
687	637
687	3903
687	1568
687	1745
687	2597
4014	199
1138	1118
1138	4553
1138	2333
4545	102
4197	2316
679	4448
52	3639
1278	3287
1278	3993
1278	1577
1278	3157
2413	66
929	783
929	4020
929	1775
929	3453
929	3235
428	3351
428	3287
428	686
428	1590
3611	1678
1106	3221
1106	2942
3221	2942
2861	3287
518	4416
1277	3485
1277	4525
1277	2993
1277	2011
1277	4178
1277	2252
1277	1504
1277	2673
1277	2897
1277	40
1277	2997
1277	843
1277	720
1277	2647
1277	4388
1277	2518
1277	4058
1277	13
1277	236
1277	1014
1277	4153
3485	4237
1255	3287
1255	922
1255	3639
2324	2993
429	3639
1267	2243
1267	3716
652	554
652	3341
652	4475
1337	1477
1337	3639
1337	1026
1337	572
1337	747
2031	668
2031	4307
2031	248
2031	1906
2031	1298
1814	4307
1082	3087
1082	285
1082	3459
4157	2316
1181	48
1181	1512
1181	1602
1181	3589
1181	4240
48	1512
538	4229
1512	668
4525	550
4525	199
4525	16
1782	1046
1782	1048
2526	1367
3921	2939
4255	3278
4255	1330
4255	2134
1634	4530
3191	1964
3191	2383
3191	1117
3191	4416
3191	4555
3191	554
3191	3360
3191	2768
3191	533
3191	1501
3191	2384
3191	285
3191	927
3191	1875
3191	1998
3191	2764
3021	4062
3021	2454
3021	1257
3021	2441
3021	2251
3021	1170
3021	3482
3021	3426
3021	1298
3021	3639
3021	2106
4062	1434
4062	2441
4062	1170
4062	3426
2993	3006
2993	2089
3245	1739
3245	3583
1739	4386
1739	462
1486	2454
1486	1875
1486	3541
4351	465
4351	761
4351	1346
4351	285
1602	268
1602	1859
1602	1245
1602	3876
1602	3935
2254	3411
1347	2649
1347	1230
2344	3883
2437	1516
1596	4184
1596	170
1596	1375
1596	1162
1596	1145
1596	3482
1596	1200
1596	2688
1596	4426
1596	1723
1596	4338
1596	4474
1596	990
1596	2663
2584	4184
4184	1797
3465	739
3465	274
3465	3639
3465	1935
3465	4426
3712	3469
3712	1778
3513	3874
3513	4426
3513	506
106	224
106	3242
106	2908
106	4388
106	1384
732	754
732	3639
3402	102
1756	2454
4308	1282
2763	378
3953	863
3953	2353
2424	4354
3144	3821
3144	2948
827	345
827	3639
827	25
516	3285
516	610
516	3815
516	506
3947	2136
184	2402
184	1740
184	3553
184	4506
184	1751
184	880
2946	2454
616	2454
616	1227
2442	724
3278	3997
3278	1284
3278	4160
3795	3360
2113	2997
4553	4263
4553	3639
801	1150
801	628
801	3639
801	581
801	299
2295	1362
2295	755
2295	1084
1004	621
1004	3639
3500	376
3821	2948
2948	4229
2948	1130
4120	554
3907	2304
3907	4162
3907	1800
3907	4240
3907	2774
3907	4172
3907	4114
3907	2169
3907	2778
3907	1778
2864	2169
4151	555
3464	30
3464	3192
3464	4045
3464	4543
3464	279
2576	265
2576	3597
265	199
265	2361
378	1416
378	594
378	4114
378	1024
378	1000
378	1458
378	1423
465	637
465	2275
824	3205
824	3657
3859	4129
3859	2689
3859	239
3859	474
3941	3109
863	862
863	3726
863	4077
863	1844
863	4011
863	3138
863	1516
862	668
862	2109
862	3138
862	4444
862	565
862	1233
3820	248
1197	1477
3734	3171
3734	491
1964	592
1964	554
2383	67
2383	285
2643	1336
2643	568
2643	2510
2216	3287
4026	1307
4026	1541
4026	1000
4026	823
4026	3639
4026	2232
4064	2454
2964	252
2964	4105
2034	3094
2034	3287
3094	1050
3094	2070
3094	2327
3094	280
3094	628
3334	564
3334	3593
79	3893
3197	1282
3197	3893
2457	2305
2457	3354
2305	2454
2305	853
1564	440
1564	201
483	555
2489	1259
2489	112
2489	3511
657	937
657	1678
657	10
4005	2316
4365	282
170	2430
170	3448
170	2583
170	1906
170	3122
170	4260
749	777
4392	3125
272	3570
272	3354
4243	2303
4041	4263
4041	3639
3700	922
3700	4388
3700	1762
3883	1745
3667	2402
3667	252
3667	3566
3469	4472
3469	3287
3469	1550
3469	2785
3469	4503
2454	4414
2454	4548
2454	2206
2454	255
2454	4447
2454	895
2454	4079
2454	4374
2454	1313
2454	2936
2454	3655
2454	69
2454	2801
2454	2327
2454	2611
2454	1075
2454	1871
2454	4011
2454	3056
2454	2477
2454	3780
2454	828
2454	3935
2454	1949
2454	3444
2454	1591
2454	3020
2454	3166
2454	3931
2454	1084
2454	2365
2454	2696
2454	2024
2454	279
2454	1721
2454	1216
2454	1673
2454	3117
2454	3095
2454	3187
2454	3393
2454	1801
2454	125
2454	128
2454	146
2454	479
2454	709
2454	722
2454	896
2454	898
2454	1032
2454	1095
2454	1110
2454	1157
2454	1457
2454	1476
2454	1540
2454	1568
2454	1572
2454	1582
2454	1626
2454	1752
2454	1823
2454	1865
2454	1885
2454	490
2454	2103
2454	2128
2454	1745
2454	2369
2454	2412
2454	2451
2454	2475
2454	2586
2454	2621
2454	2671
2454	2732
2454	2746
2454	2770
2454	2793
2454	2870
2454	2882
2454	3012
2454	3092
2454	3100
2454	3113
2454	3302
2454	3386
2454	3438
2454	3458
2454	3577
2454	3580
2454	3605
2454	3629
2454	3715
2454	3789
2454	3808
2454	3881
2454	4009
2454	4152
2454	3331
2454	4332
2454	4495
2454	4503
2454	2106
2454	3680
4306	2555
4306	3287
4306	1550
4306	1298
1434	3287
1434	3997
1434	2546
1257	810
1257	2555
1257	3287
1257	1550
1257	1245
1257	823
440	201
2011	2863
2011	22
2011	4121
2011	10
2011	2361
2011	15
2011	3381
3678	2768
810	1339
810	4263
810	3287
810	3482
810	2928
810	686
810	1084
810	3639
810	2510
2863	4524
2863	3792
2863	1906
2863	2659
555	339
1029	3584
4288	724
2076	289
1099	2648
1196	724
3597	489
3597	1608
3597	3716
3597	2754
3597	3882
3597	1233
3042	3603
4524	1407
3726	3628
3726	1117
3726	2134
726	2316
726	199
1952	3646
1952	15
322	823
322	1970
3518	4444
1846	3287
1846	3360
1846	3473
2712	3109
1272	3818
557	3511
557	4426
2559	668
2559	1000
2559	1906
2559	3872
1375	4426
4256	3087
4256	1647
697	4530
1714	3639
1714	1652
1714	2136
2316	102
2316	1259
2316	2402
2316	4035
2316	3314
2316	2092
2316	469
2316	2493
2316	1150
2316	1020
2316	4225
2316	2087
2316	2795
102	1259
102	2402
102	464
102	2092
102	3699
102	1669
102	3449
102	2017
102	4066
102	2109
102	594
102	3716
102	3008
102	2906
102	4438
102	4244
102	58
102	3882
102	3955
102	2889
102	3428
102	3924
1259	2402
1259	1043
1259	550
1259	913
1259	3008
1259	2906
1259	4087
1259	3095
1259	2772
2402	464
2402	3793
2402	866
2402	3742
2402	3449
2402	1057
2402	199
2402	2017
2402	1416
2402	4114
2402	3832
2402	2906
2402	4149
2402	193
2402	4426
2402	798
2402	1125
2402	1509
2402	1911
22	15
4466	4271
724	1847
724	201
724	2555
724	2936
724	568
724	2089
724	489
724	59
724	1200
724	1548
724	3932
724	888
724	795
724	1217
724	1411
724	2360
724	2839
724	3386
724	4298
724	2207
2213	3539
249	1537
2243	1623
2243	1591
2230	1623
2230	1591
1282	2187
1282	3874
1282	3840
1282	4077
739	274
739	4367
739	3840
739	991
739	4222
739	1935
739	1833
274	3840
274	1504
274	1071
274	823
274	1935
274	2514
3763	2417
3763	1751
3763	2071
2669	3287
4446	2487
4446	3449
4446	1380
3285	1954
937	566
937	1060
937	2007
937	3639
937	540
937	556
937	559
937	593
937	646
937	1104
937	1157
937	1235
937	1598
937	1626
937	1723
937	1875
937	2036
937	2776
1570	1024
1570	3410
1570	1298
3900	2436
3900	2136
1336	2417
1336	1878
4414	1501
1567	3482
1567	554
1567	338
268	59
268	4422
4463	3908
4463	150
4463	4448
3908	311
3908	150
3908	1516
3908	1690
3908	3639
3908	1037
3908	1380
3908	2117
311	3287
311	150
311	1516
311	1690
311	4475
4178	3999
3651	2609
3651	3563
2503	3728
3028	3639
4242	3575
3575	2169
3575	2990
3606	3076
1808	3854
1808	1847
1808	2545
1808	3639
1808	299
1808	288
1808	376
1808	3140
668	2754
668	1753
2649	554
1449	3840
1895	825
2444	248
2444	823
2444	1249
224	109
224	1837
4097	2065
4097	1906
4097	3038
1503	4162
1503	263
2206	3482
1161	491
4249	3318
4126	1171
4271	196
4271	2672
2187	59
2500	295
1847	3724
1847	3368
1847	3601
1847	610
1847	4102
1847	3780
1847	1518
1847	2125
1847	239
1847	4082
2609	1676
2609	782
2609	3434
112	2730
112	1051
112	942
112	2270
112	818
112	2353
783	2251
3390	2251
3390	4475
942	2251
2299	522
2270	2251
4223	3287
230	2261
1623	4367
1623	2166
1623	66
3874	3556
3874	4159
3874	3222
3874	4229
3874	1307
3874	59
313	1886
313	4229
313	4428
313	2689
313	4149
2880	1174
2880	3190
2880	2017
2880	296
2880	4225
2880	2434
2880	4290
1631	2843
895	4149
4285	4475
2725	2906
551	610
551	1079
551	1284
551	3095
1628	3677
252	3190
252	870
252	3025
4263	1621
4263	1000
4263	3046
4263	113
4263	3529
4263	2369
4263	2382
201	2166
3785	489
4162	2470
4162	3997
4162	805
4162	3354
4162	3925
4162	2928
4162	1763
4162	3723
3242	3511
3242	825
3314	3511
3314	825
4307	550
4307	2939
4307	489
4307	1233
3151	523
3151	4475
817	527
1490	273
1917	55
1917	193
1917	1998
3180	1621
3180	4431
3357	554
2092	2978
4378	805
2901	491
2901	1853
1046	1426
1046	2203
1046	2079
1046	2704
1046	1875
1046	2184
1584	3639
4367	1935
4367	3666
3553	3287
3553	3354
3553	3861
992	3040
992	4045
992	3639
1621	3639
2470	811
2470	4121
2470	1328
2470	1492
2470	2166
2470	2942
1678	811
1678	4121
1678	1328
1678	1853
3793	550
3793	2017
3793	1805
3793	4149
3793	4426
3840	1298
3840	565
3628	1071
3628	3421
634	489
1162	4426
4150	489
4150	4511
2439	1309
2439	554
2439	2908
294	888
3634	1801
4079	449
1504	1935
2251	1170
2251	3287
2251	1550
2251	3482
2251	816
2430	4166
1170	3997
1170	3639
1170	2106
14	1150
14	564
14	2436
14	3358
811	1266
2555	3287
2555	2545
2555	2727
2555	3230
2555	610
2555	2415
2555	3482
2555	3682
2555	3639
2555	2765
3287	2727
3287	610
3287	2415
3287	1787
3287	568
3287	4002
3287	3482
3287	3916
3287	2939
3287	580
3287	1591
3287	4083
3287	2114
3287	2486
3287	263
3287	1084
3287	2565
3287	3648
3287	3639
3287	2765
3287	2399
3287	982
3287	1852
3287	180
3287	898
3287	1265
3287	1716
3287	1727
3287	2294
3287	2445
3287	2488
3287	2492
3287	2549
3287	2572
3287	2849
3287	3036
3287	3401
3287	3970
3287	3800
3287	3809
3287	3968
3287	4000
3287	4152
3287	4534
2545	1550
2545	610
2545	2949
2545	1499
2727	1550
2727	610
2727	2949
3230	3347
3997	47
3997	1451
3997	3482
3997	3639
3997	3452
3997	4095
3997	796
3997	2385
3997	2549
3997	2713
3997	3861
3997	4534
1550	610
1550	2415
1550	3482
1550	3639
1550	2765
1550	2927
1550	3560
610	2415
610	2949
610	1499
610	3822
2415	2949
2415	1499
2415	3403
44	4188
2543	1265
3571	3631
3571	3815
3571	3540
2602	4475
4315	3342
3201	3818
1859	1266
4554	285
262	564
3205	204
3205	3696
3205	4229
3205	3235
204	3696
3696	136
73	2936
73	1266
536	1266
3989	690
3989	1439
3989	3360
3989	2384
690	1439
690	3360
690	2768
690	533
690	1745
3171	4475
2028	564
2028	1906
2028	4324
4121	2598
4121	10
4121	2990
1274	2166
1274	3117
2673	866
2673	40
2673	843
2673	3639
2673	3662
3510	4475
345	990
2909	4460
866	4237
866	40
866	628
306	1516
306	3087
3718	4237
618	4237
1940	4237
1213	4237
1213	685
1213	273
1213	1294
1213	2935
1213	4211
2094	1794
2094	4237
2094	685
2094	2935
4374	4237
1687	1860
1770	3639
1313	3482
2897	2995
1677	4229
1677	1906
1677	110
3671	1432
3807	285
1761	248
185	3639
93	3393
4328	248
2260	4024
2260	2335
2260	3975
2260	982
481	1998
2702	1092
3440	3424
142	522
142	3331
3499	3020
3499	1673
3499	1875
104	1673
892	2936
892	568
892	47
892	1711
3917	568
3917	4475
2936	3655
2936	2013
2936	948
2936	805
2936	2811
2936	3596
2936	2828
3655	568
3655	805
2013	805
2013	2180
568	47
568	2376
568	948
568	870
568	1219
568	2839
2651	3742
47	1711
2376	621
948	3399
3742	3178
3742	1875
805	2180
805	594
805	2110
805	1753
1800	1245
1800	3530
2032	2058
1442	150
2598	564
3332	199
3332	564
3332	2436
3332	4082
3332	926
3569	3743
1794	4237
4237	1057
4237	3646
4237	1352
4237	1795
3760	285
1676	4229
1676	564
1676	1266
1676	1906
1676	4324
1676	4266
4130	4082
4130	2333
1426	469
1426	2647
1426	1906
1426	4340
4240	2647
4240	4317
469	285
469	2764
469	2978
1117	3020
1117	3826
1117	285
1117	1875
1117	2764
1117	1165
4158	637
590	193
1451	3639
4284	321
4033	3649
4033	565
109	3792
109	2192
109	3876
461	3631
1145	2939
1145	1249
1145	1233
3661	291
3792	2192
3792	1432
3792	1037
3792	888
291	1477
3539	3563
3539	1000
3539	2301
3539	3872
3539	3566
2180	299
3448	3612
752	3646
752	1954
752	853
752	119
1030	1358
1043	4475
4346	2647
4346	2110
1150	564
1150	1092
1150	384
1150	3331
3472	3091
442	295
2221	4452
2221	3095
1414	2046
1414	4114
1414	3690
1414	376
1414	1661
69	2768
922	3222
922	4511
922	825
550	3341
550	279
550	247
550	795
550	1260
2775	30
2775	2017
2775	4543
1667	2906
1667	279
3190	2017
3190	4543
3190	3025
1057	199
1057	2017
1057	2906
1057	279
870	4543
870	3025
30	3192
30	3639
30	3066
349	750
199	2017
199	2906
199	4045
199	4543
199	279
199	968
199	2659
199	3140
2017	3192
2017	2906
2017	4149
2017	1627
2638	1248
2638	1854
1248	3852
1248	3354
1854	3994
1854	3354
1854	3639
3852	3354
3852	2106
4186	4475
4186	3358
4186	1026
4186	4444
4186	4426
2283	4475
3482	4314
3482	1000
3482	4222
3482	1672
3482	2007
3482	3639
3482	3893
3482	4228
3482	4095
3482	3200
3482	990
3482	2663
3646	988
3646	3163
3646	119
3089	755
40	843
40	3662
40	2518
40	4058
527	3227
258	748
3994	4426
1945	2583
4078	1906
1227	3421
1227	1906
3511	2186
3511	2906
3511	4225
1071	1298
1071	1935
1071	4426
2939	1328
2939	853
489	991
489	4511
489	2940
489	2754
489	3110
489	1233
489	1707
489	3794
4322	4416
4322	2784
1832	3639
1097	3020
3222	4229
3222	1200
3222	25
248	3388
248	2906
248	1044
248	4166
248	2672
248	3878
248	3418
4229	2110
4229	3046
4229	939
4229	2169
4229	25
4229	146
4229	1220
4229	1460
4229	3584
1309	2436
1309	1000
1309	1949
1309	853
1309	3113
1307	2046
1307	4114
1307	1000
1307	1458
1307	2797
1299	1864
1299	2169
1245	1544
1245	753
1245	59
1245	4422
1245	1000
1245	3639
1245	3424
1245	1795
1245	4423
564	2070
564	621
564	1000
564	1362
564	2659
564	1143
1603	3959
1603	554
587	2519
3657	637
3657	3138
3999	3570
3570	159
3570	3648
3570	565
848	260
848	4166
848	1143
1541	4114
625	4530
625	3629
196	3075
196	3639
196	3815
196	2672
3054	1861
2997	823
2997	1084
2997	2840
843	2518
843	4058
720	2647
4077	733
4077	3583
4077	2611
4077	3750
4077	4011
2161	2906
59	3425
59	1230
2436	3876
2436	3639
3876	418
3876	1000
3876	1484
4129	3360
4020	4530
4020	10
4020	1875
4020	2360
4004	1860
4530	1246
4530	2049
4530	125
4530	1409
4530	2058
4530	3235
3563	3421
3563	3993
2145	479
2145	1121
2145	1957
2145	2878
3631	968
107	3577
107	4534
3354	3227
3365	2811
3365	3087
3365	1220
1352	2343
3649	4222
3649	2353
3649	565
4066	1084
4066	4426
2043	3583
2043	1805
2043	4426
2043	498
2043	795
2774	4422
2774	4172
2774	1458
4428	4083
4428	3639
4278	1906
523	3313
523	623
3426	2883
3425	1681
418	2109
418	3109
418	3639
418	4082
418	1123
1224	2109
2109	1416
2109	1024
2109	4475
3430	3639
3396	2058
150	4028
150	1690
150	1037
150	4244
4422	4172
4422	2000
4422	3583
4422	4426
4422	2554
4172	4171
4172	280
4172	4091
4172	3583
3814	2070
3814	1007
3814	628
2070	2327
2070	280
2070	1007
2070	4091
2070	1477
2070	2000
2070	3583
2070	1618
2327	280
2327	1007
2327	1477
2327	628
2327	1860
280	1007
280	1477
280	2611
280	3750
280	628
280	4011
280	1225
1007	4091
1007	1477
1007	628
1007	3163
1007	1618
1007	2277
4091	2611
4091	3750
4091	628
4091	4011
1477	628
1477	4011
1477	2608
1477	1262
1477	1618
1477	799
1477	229
1477	559
1477	658
1477	782
1477	910
1477	957
1477	2357
733	3750
733	4011
2228	3750
2228	4011
3583	4011
2611	3750
2611	2686
2611	4011
3750	2686
3750	4011
2686	4011
3743	576
3743	3444
3743	2120
3743	3815
3743	2672
1018	580
1018	621
1018	991
1018	759
3433	3081
3142	2005
2046	1378
2046	1416
2046	594
2046	4114
2046	1024
2046	2612
2046	1000
2046	4112
2046	1458
2046	101
2046	1266
2046	1382
2046	113
2046	1423
1378	1416
1378	594
1378	4114
1378	1024
1378	2612
1378	1000
1378	1458
1378	1382
1378	113
1378	1205
1378	1423
1416	594
1416	4114
1416	1024
1416	2612
1416	1000
1416	4112
1416	1458
594	4114
594	1024
594	2612
594	1000
594	4112
594	1458
594	1906
594	1382
594	1423
4114	1024
4114	2612
4114	1000
4114	1092
4114	1382
4114	113
4114	894
4114	1423
1024	2612
1024	1000
1024	1382
1024	3095
1024	1423
1024	1661
628	2711
580	4475
580	1777
580	4095
580	4216
621	991
621	2394
2495	637
2495	3520
2612	1000
2612	4112
2612	1458
2612	1382
2612	1753
2612	1423
1000	4112
1000	1458
1000	3410
1000	1906
1000	1382
1000	113
1000	1423
1000	1480
4112	1458
4112	686
4112	554
4112	3410
4112	1382
4112	1423
4112	1723
4112	3728
1458	1382
1458	1753
1458	113
101	3451
101	2451
4222	565
4222	1233
905	3925
905	4549
905	1763
905	3639
3421	2754
3925	1763
3925	3639
4511	1530
3960	4475
3250	1559
3192	2647
3192	4045
3192	4543
3192	279
1518	66
1779	1993
3858	159
869	4134
3935	1499
3935	15
913	3639
4386	686
4386	391
4386	1423
576	3444
576	2120
1553	3639
1949	4475
1200	3138
1200	1298
1200	926
1200	2622
1200	3614
2928	823
2928	113
4416	2066
4416	285
1406	554
2301	554
2301	1966
2301	4063
2301	3403
2301	990
2688	554
3444	4475
3444	2941
1591	2377
1591	3381
1591	3968
637	1020
637	4233
637	896
637	927
637	1568
637	1606
637	2352
637	4109
637	4152
124	3970
3408	288
1266	72
3479	4475
1805	4426
1805	498
2608	193
2647	1709
2203	4528
2203	285
3770	2764
2949	1499
818	4383
3716	823
3716	288
3137	3546
1362	3639
1362	4082
3091	295
3091	761
3091	2181
3091	4403
3091	285
295	3020
295	1875
3020	4448
3020	45
3020	285
3020	995
3020	2744
823	1249
823	1409
4061	2659
2114	2832
2114	3728
1982	369
1982	58
1982	2518
1982	299
2347	2007
2689	239
2689	474
2689	2044
2689	3453
3046	1516
3046	3066
4028	1037
3109	299
158	1662
4555	2066
4555	70
4555	285
4555	2553
407	222
1474	222
2186	1298
3388	299
3388	3562
3388	2973
369	58
369	299
686	1219
755	2173
239	474
239	3639
239	3110
239	2492
239	3453
239	3235
2940	3562
2940	3893
2940	1233
3832	3112
2292	4244
3355	3087
549	3767
549	3235
3138	3418
3138	3235
554	3392
554	3637
4549	1837
1763	3639
3410	1957
2583	3639
1825	1205
1906	2906
1906	4452
1906	1258
1906	2930
1906	3140
1906	4088
1672	565
1328	3341
1328	2534
1328	2166
1328	3893
1328	1709
3008	2906
3008	4045
3008	4543
3008	3025
2906	4045
2906	4543
2906	4149
2906	3318
4045	4543
4045	2930
4045	1823
1924	3360
4452	1330
4452	2770
1084	1516
1084	3639
1084	3562
4543	3639
4543	3885
750	3639
2811	4535
2811	1703
2066	2768
2066	66
2066	1501
2066	1875
2066	1998
2066	2764
474	1745
474	3453
4149	279
2754	853
1516	3826
1516	1135
1516	888
1516	759
1516	767
1516	1061
1516	1265
1516	1318
1516	1540
1516	1606
1516	1716
1516	2245
1516	2793
1516	2873
1516	4048
969	2534
969	2024
969	3591
3341	1178
3341	2166
3341	1709
3341	2935
2024	3591
2024	2827
2024	4475
3038	643
3038	506
2007	894
2007	4519
1262	3235
1092	1143
1092	982
4344	1501
1298	3639
1298	1935
1298	1233
3163	4444
3163	119
222	2834
222	1966
2834	1966
1690	4244
4438	4475
589	2594
3639	2259
3639	2391
3639	1721
3639	4370
3639	1903
3639	1966
3639	968
3639	3177
3639	1044
3639	685
3639	1330
3639	1852
3639	771
3639	1171
3639	1629
3639	3529
3639	2369
3639	2382
3639	2411
3639	2425
3639	2952
3639	3066
3639	3418
3639	2554
3639	3806
3639	3453
2765	2446
2417	2071
916	1233
1935	4426
1935	2514
1037	4244
4383	2014
1346	1718
4082	2091
4082	853
108	1355
108	949
2827	4475
4475	299
4475	1685
4475	1618
4475	3358
4475	1026
4475	4444
4475	1529
4475	2546
4475	3956
4475	4460
4475	76
4475	325
4475	583
4475	773
4475	898
4475	1228
4475	1360
4475	1648
4475	1773
4475	1775
4475	1877
4475	1878
4475	2279
4475	2943
4475	3970
4475	3861
4475	3920
4475	4009
4475	4040
4475	4523
581	1216
581	990
4388	825
4388	4444
825	3975
962	2849
58	2518
58	299
58	2169
2518	299
2518	4058
1258	2930
3360	2768
3360	66
3360	285
3360	1048
3360	2553
3360	3459
3209	45
853	2343
853	2815
853	4160
3690	4324
973	3418
1721	3584
3358	1026
3358	4444
3358	3872
3358	4290
1026	4444
1026	2277
1026	2935
1026	3872
1026	4290
1529	3087
1172	759
3933	3562
3933	1388
3933	1525
4467	251
3826	3393
2676	3815
2676	4534
1673	3596
1673	3399
3596	3399
3399	1885
3399	2412
3956	218
3815	3424
3562	990
3562	4266
2434	4347
288	152
288	3658
15	1833
15	3453
15	3235
2343	4360
2343	2778
2343	3566
4360	2926
2768	70
2768	285
2768	2553
2768	1998
2768	3677
4125	66
751	3443
751	3227
751	76
3893	4321
968	3087
1777	4228
533	231
533	285
533	4276
533	927
533	1080
533	2553
533	1998
4063	1104
3122	3961
2659	1249
2659	2169
1249	45
2169	4259
2169	3728
2169	3872
1753	1484
66	67
66	285
66	1137
66	1922
66	2746
66	3459
4228	455
4228	771
113	1484
3110	1233
1233	1707
1233	1475
1108	1483
1108	3560
3538	1501
619	1165
3962	1521
3087	936
3087	2539
3087	4292
4441	1143
260	1699
4166	1143
2778	1970
4024	2335
4024	3975
3993	1788
3993	3698
3993	3566
2335	3975
1501	67
1501	285
1501	2553
982	273
2384	285
2384	2553
3955	740
1330	3885
980	206
5	3235
25	990
888	376
888	3140
67	285
76	2904
156	2277
200	1379
218	1769
271	384
285	927
285	1875
285	1998
285	1745
285	2747
285	2764
285	2796
285	2978
285	3459
312	4519
376	2134
388	695
2784	491
453	2989
455	491
455	777
491	3434
520	2138
530	1125
572	1157
572	1823
596	2539
703	3157
713	1061
759	1568
795	2106
796	2382
898	1083
927	2553
927	1998
927	2294
945	2134
951	3307
964	3470
978	1225
995	4138
1015	1727
1039	1225
1078	2277
1125	3331
1125	3235
1137	4153
1217	3614
1221	4347
1225	2942
2553	1875
2553	1998
2553	2764
1358	1875
1407	3769
1540	3802
1568	3698
1568	1745
1568	3723
1568	1577
1568	3566
1568	3157
1572	3403
1624	3331
1636	4013
1647	2289
1706	2839
1752	4260
1875	1908
1875	1612
1877	2694
1900	2077
1900	3752
1970	3698
1998	2072
1998	3529
1998	3459
2005	3453
2005	3235
3698	1745
3698	3529
3698	3723
3698	1577
3698	3566
3698	3157
490	2340
2072	2764
2072	3331
1745	3529
3529	2764
3529	1165
2277	1612
2549	3560
2671	2815
2714	2820
2714	2978
2785	3806
2832	3014
2952	3140
2978	3434
3517	3530
3584	3728
3650	4134
3805	3806
3836	4153
4040	3331
1833	4431
4109	4519
990	2663
3453	3235
3796	3294
2316	3294
1307	3294
332	225
1819	225
1596	225
1307	225
564	225
491	225
698	3744
4263	3744
3639	3744
384	3604
907	137
2017	137
628	348
3163	348
621	2467
1314	3762
686	3762
554	3762
3095	3762
4475	2894
3614	2894
2436	91
696	2646
759	2646
2454	2911
199	2911
4530	2911
3322	1357
2224	1357
1599	1357
1344	1357
3249	1357
417	1357
687	1357
429	1357
4392	1357
2028	1357
2939	1357
991	1357
4191	1357
3682	1357
3554	1357
857	1041
3940	1041
2018	1041
648	1041
4348	1041
4397	1041
3019	1041
1111	1041
1811	1041
1351	1041
3908	1041
866	1041
222	1041
1966	1041
3997	3077
4186	3077
1499	3077
3087	2814
199	3343
4082	3343
199	1655
3095	1655
2504	1011
1516	1011
1277	1610
2583	1610
2905	1610
1312	857
1811	857
3907	857
4475	857
3188	696
3665	696
4248	696
899	696
39	696
810	696
4263	696
3646	696
4020	696
2534	696
2847	696
4160	696
3993	2968
724	3299
2848	3105
4427	3105
2454	3105
3287	3105
73	3105
3585	3940
2361	3940
505	3940
2511	2874
668	2874
980	2874
2868	3322
38	2119
4074	2119
3500	2119
3197	2119
3410	2119
3893	2119
4074	654
2316	654
102	654
1740	654
3639	654
3893	654
3167	203
1284	203
3356	203
687	891
4392	891
3999	891
4082	891
3955	891
3612	891
1153	245
1881	245
1569	245
1117	245
4416	245
2768	245
533	245
285	245
927	245
2553	245
1998	245
2978	245
1153	4379
2367	4379
1569	4379
2129	4379
469	4379
1117	4379
4416	4379
295	4379
4555	4379
1998	4379
3595	3973
2061	3904
3019	3904
1442	3904
1441	3904
3560	3904
2936	3183
3155	3183
2504	326
4121	326
1000	326
1739	284
780	284
1837	284
3868	1539
2130	4541
1278	4541
2221	4541
1007	4541
1084	4541
2454	436
2402	436
4106	3626
2522	3626
2018	3626
1402	3626
1599	3626
2868	4106
2522	4106
2018	4106
1402	4106
1599	4106
2522	2868
2018	2868
3629	2868
332	2780
2454	2780
4323	332
791	332
3754	332
3135	332
2957	332
3494	332
1602	332
170	332
1434	332
3287	332
1800	332
2047	332
1150	332
69	332
1945	332
2046	332
1378	332
594	332
2612	332
1000	332
3990	332
3650	332
11	4323
4408	4435
1858	4435
637	4435
3597	4408
4524	4408
3726	4408
2939	4408
3818	4408
3054	4408
4426	4408
4063	4408
2510	4408
2426	3853
1362	3853
1111	95
2765	2086
2454	2426
1035	3173
759	1035
2513	2105
3778	2105
2433	2105
3778	2513
2433	2513
2433	3778
3126	3778
686	3778
626	663
2056	663
4537	663
2850	663
2511	663
3324	663
668	663
3716	663
1709	663
1647	626
3639	3850
1223	2278
263	2278
3226	3284
826	3284
3285	3284
3585	3226
429	3226
3285	3226
2612	3226
3167	3226
535	826
3285	826
1201	4250
2690	4250
4475	4250
4203	989
2226	791
4026	791
1952	791
2402	791
1800	791
1245	791
1024	791
1458	791
4386	791
1795	791
3793	2433
4475	2433
3497	4556
1569	4557
728	4557
3936	4557
285	4557
1080	4557
1927	597
3228	597
1988	597
3191	597
3900	597
1847	597
2550	597
3539	597
1234	597
2181	597
1086	597
888	597
2742	597
2848	772
4427	772
2555	772
1805	772
2491	2312
1750	2312
3396	2312
4083	2312
2728	2541
3180	585
1977	4516
4528	2913
2301	1435
1988	4546
3560	4546
3681	1392
3797	1392
1563	1392
2861	1392
2491	1392
724	1392
1299	1392
159	1392
1406	1392
554	1392
3200	1392
2402	3681
3287	3754
4444	635
3799	993
316	993
648	3732
4554	4430
4475	4430
2695	189
1596	189
1307	189
564	189
2436	189
2043	189
554	189
1092	189
3872	189
1249	4270
2516	920
724	3241
163	3241
897	3694
1843	2505
1881	2505
2367	2505
193	2505
491	2505
2367	3573
3191	3573
1846	3573
554	3573
2066	3573
533	3573
285	3573
2553	3573
1998	3573
1153	2162
2319	2162
146	211
2385	211
814	2236
4545	2236
2993	2236
3278	2236
3907	2236
620	2236
3986	2236
2398	2082
1277	2082
3639	2082
4475	2082
2343	2082
4360	2082
3566	2082
571	3107
1277	571
1806	3525
3893	3525
1606	3525
112	1293
3646	1293
564	1293
3649	1293
554	1293
3872	1293
4334	4299
3721	4299
804	4299
102	4299
1824	4299
3453	4299
3235	4299
2443	4334
1971	4334
38	4334
2171	4334
2777	4334
929	4334
4530	4334
3563	4334
1728	4334
859	4334
2828	4334
2850	2056
4373	2056
3716	2056
839	2056
66	2056
771	2056
2244	4537
479	2244
2850	2423
3293	2423
3254	2423
3494	2423
1512	2423
3678	2423
535	921
1272	921
489	921
2687	1834
686	1834
549	1834
554	1834
1046	3796
535	2452
3646	2265
3639	2265
2653	2265
3087	2265
3235	1327
770	1312
4436	1312
611	1312
2993	1312
720	1312
706	1312
3639	1312
108	1312
2077	1312
3001	770
4436	770
116	770
929	770
3720	770
16	770
1608	770
2926	770
489	4372
1233	4372
687	154
2782	1412
3639	1412
1277	3673
1623	3673
3278	144
3553	144
350	144
2425	144
3235	144
171	4375
52	3001
3287	2850
3440	2850
3472	2850
1531	2850
4373	2850
3716	2850
839	2850
2181	2850
2402	2757
2764	2757
1291	3791
888	3791
3750	1806
3087	153
1712	883
2424	883
1283	3293
929	3293
4243	3293
1729	3293
2993	3942
2230	3942
814	2848
3524	2848
827	2848
863	2848
862	2848
557	2848
102	2848
4223	2848
3793	2848
3840	2848
3628	2848
2028	2848
1071	2848
2939	2848
2043	2848
2801	2848
828	2848
2125	2848
1805	2848
4426	2848
117	2848
498	2848
1326	2848
1475	2848
489	3983
3135	1819
2957	1819
1891	1819
2924	1819
3197	1819
2454	1819
2697	1819
2439	1819
1794	1819
3539	1819
594	1819
2612	1819
1000	1819
113	1819
3184	1819
3418	1819
2454	409
112	409
2043	409
4475	409
1233	409
3952	4143
3726	4143
3960	4143
4452	4143
1797	4143
3187	4143
3685	4143
2873	4143
3806	4143
3287	3072
180	3072
935	1639
313	3229
4428	3229
596	3229
3287	1021
3717	1712
513	1712
4465	1712
3792	1712
648	3717
513	3717
4465	3717
3792	3717
1037	3717
4475	3717
2164	2695
513	2695
2947	2695
1037	2695
4244	2695
853	2695
103	2695
4452	1349
3445	1153
2367	1153
114	1153
3936	1153
3191	1153
1651	1153
1623	1153
469	1153
2066	1153
66	1153
285	1153
491	1153
2553	1153
1875	1153
1998	1153
2294	1153
4047	1153
2932	3135
2398	3135
2760	3135
1621	3135
4229	3135
4530	3135
1864	3135
4324	3135
3281	3188
1561	3188
2454	3188
568	3188
3639	3188
118	4019
1564	4019
1046	4019
2275	4019
2292	3460
937	1637
724	4345
252	4345
3242	4345
1309	4345
3192	4345
3008	4345
3639	4345
1172	4345
3324	2428
937	2428
3575	2428
2415	4371
550	4371
77	4371
2447	253
2687	253
4475	2657
3989	2961
814	2511
2687	2511
2031	2511
1512	2511
862	2511
2559	2511
2109	2511
2754	2511
1753	2511
1234	3281
1563	2164
2305	2164
805	2164
752	2164
2939	2164
554	2164
2754	2164
4082	2164
853	2164
579	2164
1233	2164
2687	629
38	2226
3157	264
1971	2443
686	2443
859	2443
3562	2443
3235	2443
3394	1971
3721	1971
929	1971
1602	1971
3197	1971
1470	1971
1362	1971
263	1971
686	1971
2906	1971
3341	1971
2166	1971
2018	2522
1402	2522
1599	2522
980	2522
1402	2018
1599	2018
3145	2018
1298	2018
376	2018
2947	38
2337	38
3075	38
1728	38
1516	38
4082	38
2361	38
3473	38
1599	1402
2454	1402
969	4111
622	737
3907	737
1477	737
2169	737
513	648
2504	648
1623	648
4465	648
1516	648
1037	648
4244	648
3907	513
4465	513
3792	513
4386	513
1037	513
4244	513
3407	976
30	976
2171	319
2662	617
726	617
294	617
1603	617
720	617
159	617
2169	617
535	622
2867	622
3907	622
2864	622
2897	622
1677	622
3539	622
1150	622
527	622
802	622
384	622
900	622
926	622
2331	622
1605	622
2171	4429
4176	1563
2489	1563
1800	1563
853	1563
15	1563
3087	1563
3612	1563
990	1563
3453	1563
3235	1563
3628	3254
1328	3254
3639	3254
2361	3254
3205	2366
204	2366
3696	2366
2612	2366
844	2366
313	3116
628	3116
3163	3116
4475	3116
644	535
3055	535
2897	535
1677	535
2533	535
3583	535
4373	535
1685	535
579	535
2169	535
3095	535
466	535
486	535
1125	535
1420	535
3789	535
3929	535
3019	2981
4263	2981
3639	2981
1830	3407
3464	3407
2775	3407
1174	3407
3758	3407
30	3407
2017	3407
3192	3407
3008	3407
1277	2879
2673	2879
866	2879
40	2879
843	2879
628	2879
3662	2879
2518	2879
1873	2879
3920	4218
2139	885
4228	188
412	188
1197	177
4392	2302
2454	2302
2470	3394
1355	4176
2252	454
4146	3954
3375	3954
1259	3954
4186	3954
3743	3954
4386	3954
1026	3954
2572	3954
1824	3954
639	267
2951	267
4499	267
364	267
397	267
755	267
66	267
929	3721
1623	3721
2555	3721
4020	3721
3682	3721
3235	3721
724	639
1773	2951
3423	4499
2454	4499
2555	4499
3727	4499
2257	4499
3972	4499
3287	1580
4237	1580
2337	37
2230	37
4121	37
866	4107
3930	3824
1516	3824
2644	3129
2049	3129
2906	3129
660	3129
4160	3129
3405	2644
4524	2644
1477	2644
2534	3665
4487	1295
3527	1295
1869	1295
3716	1295
3040	4487
2166	4487
1529	4487
3381	4487
4165	4487
2447	3536
1550	3527
2364	3527
2166	3527
3095	3527
782	3527
2402	165
3087	3783
3585	118
3287	118
3138	118
4452	118
956	118
610	1614
2400	1614
3595	1843
3191	1843
724	1843
619	1843
285	1843
1324	700
3595	1881
3445	1881
2367	1881
3936	1881
3191	1881
1846	1881
1518	1881
2565	1881
2066	1881
533	1881
65	1881
70	1881
285	1881
491	1881
2553	1881
1998	1881
2294	1881
67	3251
570	1561
265	1561
66	2139
1856	2139
1380	3103
937	570
3859	814
668	814
3222	814
4386	814
239	814
1084	814
474	814
2746	814
3614	814
2454	1927
3087	1927
2398	2957
2216	2957
2545	2957
3776	2957
1943	2957
3743	2957
1000	2957
1906	2957
1092	2957
968	2957
4040	2957
4088	2957
3743	2407
2169	2349
1837	2349
1569	3595
3936	3595
1974	3595
1197	3595
285	3595
313	3998
1800	3998
3021	1597
823	1597
3639	1597
3792	3272
680	3272
3019	507
929	507
3997	507
4130	507
678	507
3222	507
1553	507
1328	507
2007	507
2676	507
740	507
2563	507
3235	507
1677	4436
3955	4436
724	3324
4536	3312
2436	3312
3876	3312
2778	3312
3114	4509
246	4348
1811	4348
3743	4348
576	4348
2225	2606
3238	2606
408	2606
3500	2606
3597	2606
3109	2606
554	2606
293	2606
3238	2225
3585	3238
2659	3238
3278	488
594	488
1485	3445
3956	3445
2768	3445
66	3445
1501	3445
1875	3445
1629	2573
2462	3228
4263	3868
421	3868
3639	3868
1977	3868
2454	1063
15	1063
30	1830
2017	1830
1225	404
3749	1444
2071	1444
4475	3952
516	246
1449	246
731	246
1543	246
506	246
272	2224
274	2224
112	2224
1794	2224
3570	2224
2454	11
199	11
3329	11
968	2728
2434	3731
2454	2821
3287	401
1935	544
4426	544
106	3582
3314	3582
2972	2685
1952	2685
3628	2685
739	3009
3482	3009
1935	3009
375	3009
2293	2001
4263	2001
3585	3919
644	3919
1115	3919
2316	3919
102	3919
1259	3919
2402	3919
3287	3919
231	3919
2708	3585
1115	3585
4525	3585
3921	3585
3145	3585
2316	3585
102	3585
1259	3585
2402	3585
739	3585
3314	3585
610	3585
1432	3585
3218	3585
108	3585
4018	3585
2198	3585
2601	3585
2007	4052
1309	4355
3876	4355
2169	1283
2492	1283
3808	1283
1503	1898
199	1898
3743	12
1477	318
3087	2093
929	3429
1115	644
2316	644
102	644
3792	644
823	644
3087	644
1281	644
1118	539
752	1891
4419	1891
2106	1891
199	4471
2906	4471
4543	4471
1201	2504
1197	2504
2454	2504
230	2504
618	2504
621	2504
1252	2504
3341	2504
1172	2504
1611	2504
646	2504
914	2504
1147	2504
1157	2504
1235	2504
1636	2504
2873	2504
1612	2504
1062	4248
92	4248
93	4248
3639	4248
1954	4248
92	1062
1914	1062
3639	1062
1954	1062
4228	1062
2707	1006
3773	2272
2317	1314
1336	1314
634	1314
3539	1314
470	1314
4066	1314
4386	1314
3639	1314
2660	1314
2134	1314
3508	1314
4134	1314
1711	3405
1084	3405
59	2016
1570	2171
1569	1302
4422	2662
4172	2662
4011	2662
58	746
1416	899
102	1034
576	1238
610	2293
2028	2293
2583	2293
3639	2293
1234	4536
2454	2922
3841	2922
4045	2922
2855	908
4322	908
1856	908
2402	4427
1477	682
554	682
3907	324
2301	324
4263	364
3639	364
2776	364
657	2708
2011	2708
1328	2708
3341	2708
1178	2708
1344	4432
3743	4432
3639	4432
1966	4432
1344	1119
3500	2447
1322	2447
4535	2447
3903	2447
743	2447
2385	2447
2958	2447
3612	2654
3670	2630
3289	2630
3628	2630
1935	2630
4263	3013
3639	3013
1084	1040
1084	80
3639	80
1221	80
3907	1868
3597	1868
1307	1868
2046	1868
1378	1868
1416	1868
594	1868
4114	1868
2612	1868
1382	1868
3019	300
4263	300
1477	300
1516	300
3639	300
2454	1585
2491	1115
102	1115
2402	1115
3639	1115
4134	1115
2324	3406
2169	3740
4247	3670
3289	3670
3197	3670
2454	3670
3597	3670
1375	3670
3840	3670
1676	3670
1071	3670
2939	3670
4222	3670
2899	3670
990	3670
1974	2367
2092	2367
2066	2367
533	2367
285	2367
927	2367
2553	2367
1998	2367
3529	2367
2034	4287
3094	4287
359	2932
2028	2932
1794	2932
489	2932
429	1089
2454	1089
1744	1089
56	1569
3936	1569
1974	1569
3165	1569
3191	1569
4554	1569
690	1569
1117	1569
4373	1569
2949	1569
3091	1569
2066	1569
1715	1569
533	1569
285	1569
777	1569
2553	1569
1998	1569
285	1364
2553	1364
3936	2855
3191	2855
992	2855
2376	2855
1117	2855
158	2855
45	2855
285	2855
3977	2855
4335	2855
3597	359
634	359
489	359
3818	359
3649	359
4222	359
2928	359
1672	359
2754	359
565	359
1233	359
2880	645
4392	2777
2301	1344
1966	1344
3579	1344
3143	3289
1277	3289
2031	3289
1602	3289
3465	3289
2454	3289
739	3289
274	3289
3328	3289
1162	3289
1504	3289
1440	3289
4186	3289
1200	3289
1266	3289
1362	3289
1322	3289
1935	3289
3083	3289
4370	3289
4426	3289
2810	3289
1014	3289
3889	2982
199	4235
4530	4235
4233	4235
1788	4235
2454	3249
3586	3249
2596	3249
2928	3249
761	1748
3728	1748
637	3711
724	1201
1988	2835
3020	2835
2114	2835
2768	2835
285	2835
3879	2835
3165	56
2454	56
1974	3936
4416	3936
4555	3936
3360	3936
2768	3936
533	3936
1501	3936
927	3936
1875	3936
1998	3936
518	1974
3191	1974
1846	1974
69	1974
285	1974
2553	1974
1046	500
2949	3165
549	974
901	974
549	3825
1739	1684
2070	2398
628	2398
3163	2398
4475	2398
1047	2398
3043	2972
3597	2972
1570	2972
4072	2972
1071	2972
2939	2972
4222	2972
762	2972
2514	2972
2060	3043
2017	238
2110	238
3908	1391
554	1391
1516	552
102	2337
4229	2337
1000	2337
3639	2337
4082	2337
3019	3290
2454	3290
623	3290
1380	3290
2942	3290
1181	3276
2975	3276
637	191
3245	3090
3639	3090
1259	2336
3639	4457
113	4208
1811	3494
1227	3494
2343	3494
110	3494
2975	3494
3287	1913
4475	1913
2454	2108
2311	2108
3020	2108
3046	2108
1516	1101
323	3064
4530	3064
1266	3064
823	3064
45	3064
1477	1256
1099	2156
491	2156
1277	3143
252	3143
2094	3143
2238	3143
2939	3143
1199	3143
465	2781
285	2781
2978	3799
4026	983
1673	983
2066	3414
1124	323
1257	323
1728	323
1046	1285
2221	1285
927	1285
2100	1285
568	35
3766	35
1282	34
224	34
4186	34
1071	34
2186	34
4444	34
1688	34
2978	34
1257	32
4022	3749
2007	1988
1917	176
4392	417
3287	417
16	417
1663	417
3538	417
136	417
2198	417
2580	417
2684	417
3541	417
1227	92
1541	92
643	92
428	2129
724	4510
805	302
1277	4057
2993	4057
2089	4057
706	4057
2316	3437
2687	2853
3193	708
3907	708
3193	4397
4184	4397
918	4397
4112	4397
1458	4397
1690	4397
4244	4397
4475	4397
2583	173
1906	173
4452	173
2292	1187
285	2698
3287	3481
3138	3481
2424	3831
66	3831
2387	3831
2764	3831
801	408
3639	408
581	408
3690	408
990	408
4186	3543
4475	3543
3019	1674
2687	1674
3700	1674
506	1674
2687	3019
3700	3019
4263	3019
1831	3019
4388	3019
3095	3019
1143	3019
1380	3019
1629	3019
2369	3019
1307	1381
1245	1381
823	1381
199	907
4149	907
3110	907
3654	907
1870	2687
3700	2687
2316	2687
3357	2687
2439	2687
2702	2687
104	2687
3448	2687
4065	2687
4388	2687
2399	2687
2660	2687
1143	2687
376	2687
1319	2687
3432	2687
4242	1111
594	1111
4244	1111
2002	1111
407	1811
222	1811
1966	1811
4092	1811
637	687
3903	687
1568	687
1745	687
2597	687
199	4014
1118	1138
4553	1138
2333	1138
102	4545
2316	4197
4448	679
3639	52
3287	1278
3993	1278
1577	1278
3157	1278
66	2413
783	929
4020	929
1775	929
3453	929
3235	929
3351	428
3287	428
686	428
1590	428
1678	3611
3221	1106
2942	1106
2942	3221
3287	2861
4416	518
3485	1277
4525	1277
2993	1277
2011	1277
4178	1277
2252	1277
1504	1277
2673	1277
2897	1277
40	1277
2997	1277
843	1277
720	1277
2647	1277
4388	1277
2518	1277
4058	1277
13	1277
236	1277
1014	1277
4153	1277
4237	3485
3287	1255
922	1255
3639	1255
2993	2324
3639	429
2243	1267
3716	1267
554	652
3341	652
4475	652
1477	1337
3639	1337
1026	1337
572	1337
747	1337
668	2031
4307	2031
248	2031
1906	2031
1298	2031
4307	1814
3087	1082
285	1082
3459	1082
2316	4157
48	1181
1512	1181
1602	1181
3589	1181
4240	1181
1512	48
4229	538
668	1512
550	4525
199	4525
16	4525
1046	1782
1048	1782
1367	2526
2939	3921
3278	4255
1330	4255
2134	4255
4530	1634
1964	3191
2383	3191
1117	3191
4416	3191
4555	3191
554	3191
3360	3191
2768	3191
533	3191
1501	3191
2384	3191
285	3191
927	3191
1875	3191
1998	3191
2764	3191
4062	3021
2454	3021
1257	3021
2441	3021
2251	3021
1170	3021
3482	3021
3426	3021
1298	3021
3639	3021
2106	3021
1434	4062
2441	4062
1170	4062
3426	4062
3006	2993
2089	2993
1739	3245
3583	3245
4386	1739
462	1739
2454	1486
1875	1486
3541	1486
465	4351
761	4351
1346	4351
285	4351
268	1602
1859	1602
1245	1602
3876	1602
3935	1602
3411	2254
2649	1347
1230	1347
3883	2344
1516	2437
4184	1596
170	1596
1375	1596
1162	1596
1145	1596
3482	1596
1200	1596
2688	1596
4426	1596
1723	1596
4338	1596
4474	1596
990	1596
2663	1596
4184	2584
1797	4184
739	3465
274	3465
3639	3465
1935	3465
4426	3465
3469	3712
1778	3712
3874	3513
4426	3513
506	3513
224	106
3242	106
2908	106
4388	106
1384	106
754	732
3639	732
102	3402
2454	1756
1282	4308
378	2763
863	3953
2353	3953
4354	2424
3821	3144
2948	3144
345	827
3639	827
25	827
3285	516
610	516
3815	516
506	516
2136	3947
2402	184
1740	184
3553	184
4506	184
1751	184
880	184
2454	2946
2454	616
1227	616
724	2442
3997	3278
1284	3278
4160	3278
3360	3795
2997	2113
4263	4553
3639	4553
1150	801
628	801
3639	801
581	801
299	801
1362	2295
755	2295
1084	2295
621	1004
3639	1004
376	3500
2948	3821
4229	2948
1130	2948
554	4120
2304	3907
4162	3907
1800	3907
4240	3907
2774	3907
4172	3907
4114	3907
2169	3907
2778	3907
1778	3907
2169	2864
555	4151
30	3464
3192	3464
4045	3464
4543	3464
279	3464
265	2576
3597	2576
199	265
2361	265
1416	378
594	378
4114	378
1024	378
1000	378
1458	378
1423	378
637	465
2275	465
3205	824
3657	824
4129	3859
2689	3859
239	3859
474	3859
3109	3941
862	863
3726	863
4077	863
1844	863
4011	863
3138	863
1516	863
668	862
2109	862
3138	862
4444	862
565	862
1233	862
248	3820
1477	1197
3171	3734
491	3734
592	1964
554	1964
67	2383
285	2383
1336	2643
568	2643
2510	2643
3287	2216
1307	4026
1541	4026
1000	4026
823	4026
3639	4026
2232	4026
2454	4064
252	2964
4105	2964
3094	2034
3287	2034
1050	3094
2070	3094
2327	3094
280	3094
628	3094
564	3334
3593	3334
3893	79
1282	3197
3893	3197
2305	2457
3354	2457
2454	2305
853	2305
440	1564
201	1564
555	483
1259	2489
112	2489
3511	2489
937	657
1678	657
10	657
2316	4005
282	4365
2430	170
3448	170
2583	170
1906	170
3122	170
4260	170
777	749
3125	4392
3570	272
3354	272
2303	4243
4263	4041
3639	4041
922	3700
4388	3700
1762	3700
1745	3883
2402	3667
252	3667
3566	3667
4472	3469
3287	3469
1550	3469
2785	3469
4503	3469
4414	2454
4548	2454
2206	2454
255	2454
4447	2454
895	2454
4079	2454
4374	2454
1313	2454
2936	2454
3655	2454
69	2454
2801	2454
2327	2454
2611	2454
1075	2454
1871	2454
4011	2454
3056	2454
2477	2454
3780	2454
828	2454
3935	2454
1949	2454
3444	2454
1591	2454
3020	2454
3166	2454
3931	2454
1084	2454
2365	2454
2696	2454
2024	2454
279	2454
1721	2454
1216	2454
1673	2454
3117	2454
3095	2454
3187	2454
3393	2454
1801	2454
125	2454
128	2454
146	2454
479	2454
709	2454
722	2454
896	2454
898	2454
1032	2454
1095	2454
1110	2454
1157	2454
1457	2454
1476	2454
1540	2454
1568	2454
1572	2454
1582	2454
1626	2454
1752	2454
1823	2454
1865	2454
1885	2454
490	2454
2103	2454
2128	2454
1745	2454
2369	2454
2412	2454
2451	2454
2475	2454
2586	2454
2621	2454
2671	2454
2732	2454
2746	2454
2770	2454
2793	2454
2870	2454
2882	2454
3012	2454
3092	2454
3100	2454
3113	2454
3302	2454
3386	2454
3438	2454
3458	2454
3577	2454
3580	2454
3605	2454
3629	2454
3715	2454
3789	2454
3808	2454
3881	2454
4009	2454
4152	2454
3331	2454
4332	2454
4495	2454
4503	2454
2106	2454
3680	2454
2555	4306
3287	4306
1550	4306
1298	4306
3287	1434
3997	1434
2546	1434
810	1257
2555	1257
3287	1257
1550	1257
1245	1257
823	1257
201	440
2863	2011
22	2011
4121	2011
10	2011
2361	2011
15	2011
3381	2011
2768	3678
1339	810
4263	810
3287	810
3482	810
2928	810
686	810
1084	810
3639	810
2510	810
4524	2863
3792	2863
1906	2863
2659	2863
339	555
3584	1029
724	4288
289	2076
2648	1099
724	1196
489	3597
1608	3597
3716	3597
2754	3597
3882	3597
1233	3597
3603	3042
1407	4524
3628	3726
1117	3726
2134	3726
2316	726
199	726
3646	1952
15	1952
823	322
1970	322
4444	3518
3287	1846
3360	1846
3473	1846
3109	2712
3818	1272
3511	557
4426	557
668	2559
1000	2559
1906	2559
3872	2559
4426	1375
3087	4256
1647	4256
4530	697
3639	1714
1652	1714
2136	1714
102	2316
1259	2316
2402	2316
4035	2316
3314	2316
2092	2316
469	2316
2493	2316
1150	2316
1020	2316
4225	2316
2087	2316
2795	2316
1259	102
2402	102
464	102
2092	102
3699	102
1669	102
3449	102
2017	102
4066	102
2109	102
594	102
3716	102
3008	102
2906	102
4438	102
4244	102
58	102
3882	102
3955	102
2889	102
3428	102
3924	102
2402	1259
1043	1259
550	1259
913	1259
3008	1259
2906	1259
4087	1259
3095	1259
2772	1259
464	2402
3793	2402
866	2402
3742	2402
3449	2402
1057	2402
199	2402
2017	2402
1416	2402
4114	2402
3832	2402
2906	2402
4149	2402
193	2402
4426	2402
798	2402
1125	2402
1509	2402
1911	2402
15	22
4271	4466
1847	724
201	724
2555	724
2936	724
568	724
2089	724
489	724
59	724
1200	724
1548	724
3932	724
888	724
795	724
1217	724
1411	724
2360	724
2839	724
3386	724
4298	724
2207	724
3539	2213
1537	249
1623	2243
1591	2243
1623	2230
1591	2230
2187	1282
3874	1282
3840	1282
4077	1282
274	739
4367	739
3840	739
991	739
4222	739
1935	739
1833	739
3840	274
1504	274
1071	274
823	274
1935	274
2514	274
2417	3763
1751	3763
2071	3763
3287	2669
2487	4446
3449	4446
1380	4446
1954	3285
566	937
1060	937
2007	937
3639	937
540	937
556	937
559	937
593	937
646	937
1104	937
1157	937
1235	937
1598	937
1626	937
1723	937
1875	937
2036	937
2776	937
1024	1570
3410	1570
1298	1570
2436	3900
2136	3900
2417	1336
1878	1336
1501	4414
3482	1567
554	1567
338	1567
59	268
4422	268
3908	4463
150	4463
4448	4463
311	3908
150	3908
1516	3908
1690	3908
3639	3908
1037	3908
1380	3908
2117	3908
3287	311
150	311
1516	311
1690	311
4475	311
3999	4178
2609	3651
3563	3651
3728	2503
3639	3028
3575	4242
2169	3575
2990	3575
3076	3606
3854	1808
1847	1808
2545	1808
3639	1808
299	1808
288	1808
376	1808
3140	1808
2754	668
1753	668
554	2649
3840	1449
825	1895
248	2444
823	2444
1249	2444
109	224
1837	224
2065	4097
1906	4097
3038	4097
4162	1503
263	1503
3482	2206
491	1161
3318	4249
1171	4126
196	4271
2672	4271
59	2187
295	2500
3724	1847
3368	1847
3601	1847
610	1847
4102	1847
3780	1847
1518	1847
2125	1847
239	1847
4082	1847
1676	2609
782	2609
3434	2609
2730	112
1051	112
942	112
2270	112
818	112
2353	112
2251	783
2251	3390
4475	3390
2251	942
522	2299
2251	2270
3287	4223
2261	230
4367	1623
2166	1623
66	1623
3556	3874
4159	3874
3222	3874
4229	3874
1307	3874
59	3874
1886	313
4229	313
4428	313
2689	313
4149	313
1174	2880
3190	2880
2017	2880
296	2880
4225	2880
2434	2880
4290	2880
2843	1631
4149	895
4475	4285
2906	2725
610	551
1079	551
1284	551
3095	551
3677	1628
3190	252
870	252
3025	252
1621	4263
1000	4263
3046	4263
113	4263
3529	4263
2369	4263
2382	4263
2166	201
489	3785
2470	4162
3997	4162
805	4162
3354	4162
3925	4162
2928	4162
1763	4162
3723	4162
3511	3242
825	3242
3511	3314
825	3314
550	4307
2939	4307
489	4307
1233	4307
523	3151
4475	3151
527	817
273	1490
55	1917
193	1917
1998	1917
1621	3180
4431	3180
554	3357
2978	2092
805	4378
491	2901
1853	2901
1426	1046
2203	1046
2079	1046
2704	1046
1875	1046
2184	1046
3639	1584
1935	4367
3666	4367
3287	3553
3354	3553
3861	3553
3040	992
4045	992
3639	992
3639	1621
811	2470
4121	2470
1328	2470
1492	2470
2166	2470
2942	2470
811	1678
4121	1678
1328	1678
1853	1678
550	3793
2017	3793
1805	3793
4149	3793
4426	3793
1298	3840
565	3840
1071	3628
3421	3628
489	634
4426	1162
489	4150
4511	4150
1309	2439
554	2439
2908	2439
888	294
1801	3634
449	4079
1935	1504
1170	2251
3287	2251
1550	2251
3482	2251
816	2251
4166	2430
3997	1170
3639	1170
2106	1170
1150	14
564	14
2436	14
3358	14
1266	811
3287	2555
2545	2555
2727	2555
3230	2555
610	2555
2415	2555
3482	2555
3682	2555
3639	2555
2765	2555
2727	3287
610	3287
2415	3287
1787	3287
568	3287
4002	3287
3482	3287
3916	3287
2939	3287
580	3287
1591	3287
4083	3287
2114	3287
2486	3287
263	3287
1084	3287
2565	3287
3648	3287
3639	3287
2765	3287
2399	3287
982	3287
1852	3287
180	3287
898	3287
1265	3287
1716	3287
1727	3287
2294	3287
2445	3287
2488	3287
2492	3287
2549	3287
2572	3287
2849	3287
3036	3287
3401	3287
3970	3287
3800	3287
3809	3287
3968	3287
4000	3287
4152	3287
4534	3287
1550	2545
610	2545
2949	2545
1499	2545
1550	2727
610	2727
2949	2727
3347	3230
47	3997
1451	3997
3482	3997
3639	3997
3452	3997
4095	3997
796	3997
2385	3997
2549	3997
2713	3997
3861	3997
4534	3997
610	1550
2415	1550
3482	1550
3639	1550
2765	1550
2927	1550
3560	1550
2415	610
2949	610
1499	610
3822	610
2949	2415
1499	2415
3403	2415
4188	44
1265	2543
3631	3571
3815	3571
3540	3571
4475	2602
3342	4315
3818	3201
1266	1859
285	4554
564	262
204	3205
3696	3205
4229	3205
3235	3205
3696	204
136	3696
2936	73
1266	73
1266	536
690	3989
1439	3989
3360	3989
2384	3989
1439	690
3360	690
2768	690
533	690
1745	690
4475	3171
564	2028
1906	2028
4324	2028
2598	4121
10	4121
2990	4121
2166	1274
3117	1274
866	2673
40	2673
843	2673
3639	2673
3662	2673
4475	3510
990	345
4460	2909
4237	866
40	866
628	866
1516	306
3087	306
4237	3718
4237	618
4237	1940
4237	1213
685	1213
273	1213
1294	1213
2935	1213
4211	1213
1794	2094
4237	2094
685	2094
2935	2094
4237	4374
1860	1687
3639	1770
3482	1313
2995	2897
4229	1677
1906	1677
110	1677
1432	3671
285	3807
248	1761
3639	185
3393	93
248	4328
4024	2260
2335	2260
3975	2260
982	2260
1998	481
1092	2702
3424	3440
522	142
3331	142
3020	3499
1673	3499
1875	3499
1673	104
2936	892
568	892
47	892
1711	892
568	3917
4475	3917
3655	2936
2013	2936
948	2936
805	2936
2811	2936
3596	2936
2828	2936
568	3655
805	3655
805	2013
2180	2013
47	568
2376	568
948	568
870	568
1219	568
2839	568
3742	2651
1711	47
621	2376
3399	948
3178	3742
1875	3742
2180	805
594	805
2110	805
1753	805
1245	1800
3530	1800
2058	2032
150	1442
564	2598
199	3332
564	3332
2436	3332
4082	3332
926	3332
3743	3569
4237	1794
1057	4237
3646	4237
1352	4237
1795	4237
285	3760
4229	1676
564	1676
1266	1676
1906	1676
4324	1676
4266	1676
4082	4130
2333	4130
469	1426
2647	1426
1906	1426
4340	1426
2647	4240
4317	4240
285	469
2764	469
2978	469
3020	1117
3826	1117
285	1117
1875	1117
2764	1117
1165	1117
637	4158
193	590
3639	1451
321	4284
3649	4033
565	4033
3792	109
2192	109
3876	109
3631	461
2939	1145
1249	1145
1233	1145
291	3661
2192	3792
1432	3792
1037	3792
888	3792
1477	291
3563	3539
1000	3539
2301	3539
3872	3539
3566	3539
299	2180
3612	3448
3646	752
1954	752
853	752
119	752
1358	1030
4475	1043
2647	4346
2110	4346
564	1150
1092	1150
384	1150
3331	1150
3091	3472
295	442
4452	2221
3095	2221
2046	1414
4114	1414
3690	1414
376	1414
1661	1414
2768	69
3222	922
4511	922
825	922
3341	550
279	550
247	550
795	550
1260	550
30	2775
2017	2775
4543	2775
2906	1667
279	1667
2017	3190
4543	3190
3025	3190
199	1057
2017	1057
2906	1057
279	1057
4543	870
3025	870
3192	30
3639	30
3066	30
750	349
2017	199
2906	199
4045	199
4543	199
279	199
968	199
2659	199
3140	199
3192	2017
2906	2017
4149	2017
1627	2017
1248	2638
1854	2638
3852	1248
3354	1248
3994	1854
3354	1854
3639	1854
3354	3852
2106	3852
4475	4186
3358	4186
1026	4186
4444	4186
4426	4186
4475	2283
4314	3482
1000	3482
4222	3482
1672	3482
2007	3482
3639	3482
3893	3482
4228	3482
4095	3482
3200	3482
990	3482
2663	3482
988	3646
3163	3646
119	3646
755	3089
843	40
3662	40
2518	40
4058	40
3227	527
748	258
4426	3994
2583	1945
1906	4078
3421	1227
1906	1227
2186	3511
2906	3511
4225	3511
1298	1071
1935	1071
4426	1071
1328	2939
853	2939
991	489
4511	489
2940	489
2754	489
3110	489
1233	489
1707	489
3794	489
4416	4322
2784	4322
3639	1832
3020	1097
4229	3222
1200	3222
25	3222
3388	248
2906	248
1044	248
4166	248
2672	248
3878	248
3418	248
2110	4229
3046	4229
939	4229
2169	4229
25	4229
146	4229
1220	4229
1460	4229
3584	4229
2436	1309
1000	1309
1949	1309
853	1309
3113	1309
2046	1307
4114	1307
1000	1307
1458	1307
2797	1307
1864	1299
2169	1299
1544	1245
753	1245
59	1245
4422	1245
1000	1245
3639	1245
3424	1245
1795	1245
4423	1245
2070	564
621	564
1000	564
1362	564
2659	564
1143	564
3959	1603
554	1603
2519	587
637	3657
3138	3657
3570	3999
159	3570
3648	3570
565	3570
260	848
4166	848
1143	848
4114	1541
4530	625
3629	625
3075	196
3639	196
3815	196
2672	196
1861	3054
823	2997
1084	2997
2840	2997
2518	843
4058	843
2647	720
733	4077
3583	4077
2611	4077
3750	4077
4011	4077
2906	2161
3425	59
1230	59
3876	2436
3639	2436
418	3876
1000	3876
1484	3876
3360	4129
4530	4020
10	4020
1875	4020
2360	4020
1860	4004
1246	4530
2049	4530
125	4530
1409	4530
2058	4530
3235	4530
3421	3563
3993	3563
479	2145
1121	2145
1957	2145
2878	2145
968	3631
3577	107
4534	107
3227	3354
2811	3365
3087	3365
1220	3365
2343	1352
4222	3649
2353	3649
565	3649
1084	4066
4426	4066
3583	2043
1805	2043
4426	2043
498	2043
795	2043
4422	2774
4172	2774
1458	2774
4083	4428
3639	4428
1906	4278
3313	523
623	523
2883	3426
1681	3425
2109	418
3109	418
3639	418
4082	418
1123	418
2109	1224
1416	2109
1024	2109
4475	2109
3639	3430
2058	3396
4028	150
1690	150
1037	150
4244	150
4172	4422
2000	4422
3583	4422
4426	4422
2554	4422
4171	4172
280	4172
4091	4172
3583	4172
2070	3814
1007	3814
628	3814
2327	2070
280	2070
1007	2070
4091	2070
1477	2070
2000	2070
3583	2070
1618	2070
280	2327
1007	2327
1477	2327
628	2327
1860	2327
1007	280
1477	280
2611	280
3750	280
628	280
4011	280
1225	280
4091	1007
1477	1007
628	1007
3163	1007
1618	1007
2277	1007
2611	4091
3750	4091
628	4091
4011	4091
628	1477
4011	1477
2608	1477
1262	1477
1618	1477
799	1477
229	1477
559	1477
658	1477
782	1477
910	1477
957	1477
2357	1477
3750	733
4011	733
3750	2228
4011	2228
4011	3583
3750	2611
2686	2611
4011	2611
2686	3750
4011	3750
4011	2686
576	3743
3444	3743
2120	3743
3815	3743
2672	3743
580	1018
621	1018
991	1018
759	1018
3081	3433
2005	3142
1378	2046
1416	2046
594	2046
4114	2046
1024	2046
2612	2046
1000	2046
4112	2046
1458	2046
101	2046
1266	2046
1382	2046
113	2046
1423	2046
1416	1378
594	1378
4114	1378
1024	1378
2612	1378
1000	1378
1458	1378
1382	1378
113	1378
1205	1378
1423	1378
594	1416
4114	1416
1024	1416
2612	1416
1000	1416
4112	1416
1458	1416
4114	594
1024	594
2612	594
1000	594
4112	594
1458	594
1906	594
1382	594
1423	594
1024	4114
2612	4114
1000	4114
1092	4114
1382	4114
113	4114
894	4114
1423	4114
2612	1024
1000	1024
1382	1024
3095	1024
1423	1024
1661	1024
2711	628
4475	580
1777	580
4095	580
4216	580
991	621
2394	621
637	2495
3520	2495
1000	2612
4112	2612
1458	2612
1382	2612
1753	2612
1423	2612
4112	1000
1458	1000
3410	1000
1906	1000
1382	1000
113	1000
1423	1000
1480	1000
1458	4112
686	4112
554	4112
3410	4112
1382	4112
1423	4112
1723	4112
3728	4112
1382	1458
1753	1458
113	1458
3451	101
2451	101
565	4222
1233	4222
3925	905
4549	905
1763	905
3639	905
2754	3421
1763	3925
3639	3925
1530	4511
4475	3960
1559	3250
2647	3192
4045	3192
4543	3192
279	3192
66	1518
1993	1779
159	3858
4134	869
1499	3935
15	3935
3639	913
686	4386
391	4386
1423	4386
3444	576
2120	576
3639	1553
4475	1949
3138	1200
1298	1200
926	1200
2622	1200
3614	1200
823	2928
113	2928
2066	4416
285	4416
554	1406
554	2301
1966	2301
4063	2301
3403	2301
990	2301
554	2688
4475	3444
2941	3444
2377	1591
3381	1591
3968	1591
1020	637
4233	637
896	637
927	637
1568	637
1606	637
2352	637
4109	637
4152	637
3970	124
288	3408
72	1266
4475	3479
4426	1805
498	1805
193	2608
1709	2647
4528	2203
285	2203
2764	3770
1499	2949
4383	818
823	3716
288	3716
3546	3137
3639	1362
4082	1362
295	3091
761	3091
2181	3091
4403	3091
285	3091
3020	295
1875	295
4448	3020
45	3020
285	3020
995	3020
2744	3020
1249	823
1409	823
2659	4061
2832	2114
3728	2114
369	1982
58	1982
2518	1982
299	1982
2007	2347
239	2689
474	2689
2044	2689
3453	2689
1516	3046
3066	3046
1037	4028
299	3109
1662	158
2066	4555
70	4555
285	4555
2553	4555
222	407
222	1474
1298	2186
299	3388
3562	3388
2973	3388
58	369
299	369
1219	686
2173	755
474	239
3639	239
3110	239
2492	239
3453	239
3235	239
3562	2940
3893	2940
1233	2940
3112	3832
4244	2292
3087	3355
3767	549
3235	549
3418	3138
3235	3138
3392	554
3637	554
1837	4549
3639	1763
1957	3410
3639	2583
1205	1825
2906	1906
4452	1906
1258	1906
2930	1906
3140	1906
4088	1906
565	1672
3341	1328
2534	1328
2166	1328
3893	1328
1709	1328
2906	3008
4045	3008
4543	3008
3025	3008
4045	2906
4543	2906
4149	2906
3318	2906
4543	4045
2930	4045
1823	4045
3360	1924
1330	4452
2770	4452
1516	1084
3639	1084
3562	1084
3639	4543
3885	4543
3639	750
4535	2811
1703	2811
2768	2066
66	2066
1501	2066
1875	2066
1998	2066
2764	2066
1745	474
3453	474
279	4149
853	2754
3826	1516
1135	1516
888	1516
759	1516
767	1516
1061	1516
1265	1516
1318	1516
1540	1516
1606	1516
1716	1516
2245	1516
2793	1516
2873	1516
4048	1516
2534	969
2024	969
3591	969
1178	3341
2166	3341
1709	3341
2935	3341
3591	2024
2827	2024
4475	2024
643	3038
506	3038
894	2007
4519	2007
3235	1262
1143	1092
982	1092
1501	4344
3639	1298
1935	1298
1233	1298
4444	3163
119	3163
2834	222
1966	222
1966	2834
4244	1690
4475	4438
2594	589
2259	3639
2391	3639
1721	3639
4370	3639
1903	3639
1966	3639
968	3639
3177	3639
1044	3639
685	3639
1330	3639
1852	3639
771	3639
1171	3639
1629	3639
3529	3639
2369	3639
2382	3639
2411	3639
2425	3639
2952	3639
3066	3639
3418	3639
2554	3639
3806	3639
3453	3639
2446	2765
2071	2417
1233	916
4426	1935
2514	1935
4244	1037
2014	4383
1718	1346
2091	4082
853	4082
1355	108
949	108
4475	2827
299	4475
1685	4475
1618	4475
3358	4475
1026	4475
4444	4475
1529	4475
2546	4475
3956	4475
4460	4475
76	4475
325	4475
583	4475
773	4475
898	4475
1228	4475
1360	4475
1648	4475
1773	4475
1775	4475
1877	4475
1878	4475
2279	4475
2943	4475
3970	4475
3861	4475
3920	4475
4009	4475
4040	4475
4523	4475
1216	581
990	581
825	4388
4444	4388
3975	825
2849	962
2518	58
299	58
2169	58
299	2518
4058	2518
2930	1258
2768	3360
66	3360
285	3360
1048	3360
2553	3360
3459	3360
45	3209
2343	853
2815	853
4160	853
4324	3690
3418	973
3584	1721
1026	3358
4444	3358
3872	3358
4290	3358
4444	1026
2277	1026
2935	1026
3872	1026
4290	1026
3087	1529
759	1172
3562	3933
1388	3933
1525	3933
251	4467
3393	3826
3815	2676
4534	2676
3596	1673
3399	1673
3399	3596
1885	3399
2412	3399
218	3956
3424	3815
990	3562
4266	3562
4347	2434
152	288
3658	288
1833	15
3453	15
3235	15
4360	2343
2778	2343
3566	2343
2926	4360
70	2768
285	2768
2553	2768
1998	2768
3677	2768
66	4125
3443	751
3227	751
76	751
4321	3893
3087	968
4228	1777
231	533
285	533
4276	533
927	533
1080	533
2553	533
1998	533
1104	4063
3961	3122
1249	2659
2169	2659
45	1249
4259	2169
3728	2169
3872	2169
1484	1753
67	66
285	66
1137	66
1922	66
2746	66
3459	66
455	4228
771	4228
1484	113
1233	3110
1707	1233
1475	1233
1483	1108
3560	1108
1501	3538
1165	619
1521	3962
936	3087
2539	3087
4292	3087
1143	4441
1699	260
1143	4166
1970	2778
2335	4024
3975	4024
1788	3993
3698	3993
3566	3993
3975	2335
67	1501
285	1501
2553	1501
273	982
285	2384
2553	2384
740	3955
3885	1330
206	980
3235	5
990	25
376	888
3140	888
285	67
2904	76
2277	156
1379	200
1769	218
384	271
927	285
1875	285
1998	285
1745	285
2747	285
2764	285
2796	285
2978	285
3459	285
4519	312
2134	376
695	388
491	2784
2989	453
491	455
777	455
3434	491
2138	520
1125	530
1157	572
1823	572
2539	596
3157	703
1061	713
1568	759
2106	795
2382	796
1083	898
2553	927
1998	927
2294	927
2134	945
3307	951
3470	964
1225	978
4138	995
1727	1015
1225	1039
2277	1078
3331	1125
3235	1125
4153	1137
3614	1217
4347	1221
2942	1225
1875	2553
1998	2553
2764	2553
1875	1358
3769	1407
3802	1540
3698	1568
1745	1568
3723	1568
1577	1568
3566	1568
3157	1568
3403	1572
3331	1624
4013	1636
2289	1647
2839	1706
4260	1752
1908	1875
1612	1875
2694	1877
2077	1900
3752	1900
3698	1970
2072	1998
3529	1998
3459	1998
3453	2005
3235	2005
1745	3698
3529	3698
3723	3698
1577	3698
3566	3698
3157	3698
2340	490
2764	2072
3331	2072
3529	1745
2764	3529
1165	3529
1612	2277
3560	2549
2815	2671
2820	2714
2978	2714
3806	2785
3014	2832
3140	2952
3434	2978
3530	3517
3728	3584
4134	3650
3806	3805
4153	3836
3331	4040
4431	1833
4519	4109
2663	990
3235	3453
