13	35
13	1203
16	174
16	195
16	256
16	350
16	353
16	370
16	490
16	806
16	1077
16	1282
16	1352
16	1441
18	317
18	582
18	798
18	914
18	1312
23	974
24	120
24	661
25	671
25	765
25	1018
25	1214
28	1024
31	49
31	102
31	115
31	139
31	155
31	174
31	217
31	248
31	316
31	357
31	581
31	668
31	682
31	874
31	933
31	941
31	991
31	1063
31	1072
31	1098
31	1287
31	1303
31	1373
31	1390
31	1430
31	1468
31	1470
35	1203
37	66
37	202
37	338
37	418
37	557
37	567
37	672
37	921
37	1166
37	1341
38	55
38	103
38	195
38	196
38	236
38	248
38	406
38	476
38	480
38	481
38	498
38	506
38	515
38	564
38	623
38	633
38	767
38	806
38	851
38	899
38	956
38	973
38	1006
38	1031
38	1088
38	1139
38	1148
38	1241
38	1260
38	1282
38	1287
38	1384
38	1426
41	323
41	603
41	742
41	1087
41	1122
41	1196
41	1304
43	1489
48	209
49	102
49	115
49	139
49	174
49	189
49	195
49	196
49	217
49	248
49	350
49	357
49	406
49	490
49	498
49	504
49	515
49	553
49	564
49	581
49	623
49	627
49	633
49	767
49	806
49	851
49	899
49	933
49	956
49	971
49	1006
49	1031
49	1063
49	1068
49	1072
49	1077
49	1088
49	1098
49	1112
49	1148
49	1260
49	1282
49	1287
49	1352
49	1384
49	1390
49	1393
49	1470
53	332
53	501
53	1112
53	1411
54	94
54	116
54	281
54	328
54	587
54	625
54	804
54	847
54	1080
54	1163
54	1212
54	1224
54	1364
55	103
55	195
55	196
55	248
55	406
55	476
55	480
55	481
55	498
55	515
55	564
55	623
55	767
55	799
55	806
55	851
55	899
55	956
55	1006
55	1031
55	1088
55	1139
55	1148
55	1241
55	1260
55	1282
55	1287
66	181
66	202
66	338
66	418
66	557
66	567
66	672
66	921
66	1166
66	1310
66	1341
66	1484
67	885
67	1473
69	231
69	672
73	635
73	971
73	1282
74	1302
76	702
76	1107
76	1217
76	1434
79	974
92	174
92	370
92	490
92	564
92	886
92	899
92	1031
92	1055
92	1098
92	1112
92	1120
92	1242
92	1282
92	1373
92	1393
92	1413
92	1426
93	1422
94	116
94	281
94	328
94	404
94	587
94	625
94	804
94	847
94	1080
94	1163
94	1212
94	1224
94	1316
94	1364
102	115
102	174
102	189
102	196
102	217
102	248
102	350
102	357
102	406
102	480
102	481
102	498
102	515
102	561
102	564
102	600
102	627
102	806
102	851
102	899
102	933
102	971
102	1024
102	1031
102	1068
102	1088
102	1139
102	1148
102	1241
102	1260
102	1282
102	1287
102	1303
102	1316
102	1380
102	1384
102	1393
102	1430
103	195
103	196
103	350
103	406
103	476
103	480
103	498
103	506
103	515
103	564
103	623
103	633
103	767
103	806
103	851
103	956
103	1006
103	1031
103	1088
103	1139
103	1148
103	1260
103	1282
107	128
107	502
107	618
107	1095
107	1097
107	1101
107	1362
109	808
109	1275
115	174
115	189
115	217
115	248
115	357
115	581
115	668
115	841
115	1063
115	1072
115	1287
115	1410
115	1430
115	1470
116	281
116	328
116	587
116	625
116	804
116	847
116	1080
116	1163
116	1212
116	1224
116	1364
120	661
121	598
122	259
122	496
125	323
125	1087
125	1122
125	1196
126	615
126	1408
128	502
128	1095
128	1101
131	403
138	178
138	390
138	501
138	886
138	1112
138	1120
138	1155
138	1413
139	174
139	217
139	316
139	581
139	668
139	927
139	933
139	1072
139	1098
139	1112
139	1470
140	793
141	165
141	997
142	677
142	903
145	468
145	619
145	712
145	1046
155	174
155	217
155	248
155	357
155	668
155	682
155	745
155	874
155	933
155	941
155	991
155	1063
155	1072
155	1303
155	1390
155	1430
155	1468
155	1470
157	231
157	509
157	672
157	1092
160	259
160	390
160	422
160	611
160	683
160	813
160	908
160	1173
160	1228
164	508
164	517
164	644
164	646
164	1220
164	1311
164	1372
165	997
173	1329
174	195
174	196
174	217
174	248
174	316
174	357
174	370
174	480
174	504
174	564
174	581
174	668
174	874
174	886
174	899
174	927
174	933
174	941
174	991
174	1063
174	1072
174	1098
174	1112
174	1139
174	1252
174	1282
174	1287
174	1317
174	1342
174	1390
174	1393
174	1468
174	1470
178	255
178	259
178	370
178	390
178	422
178	441
178	456
178	501
178	569
178	683
178	813
178	880
178	886
178	891
178	895
178	899
178	953
178	1007
178	1055
178	1112
178	1120
178	1155
178	1173
178	1252
178	1260
178	1282
178	1317
178	1373
178	1393
178	1413
180	749
181	672
181	921
189	248
189	406
189	553
189	561
189	841
189	1287
189	1410
189	1430
195	196
195	236
195	248
195	350
195	386
195	406
195	476
195	480
195	481
195	490
195	498
195	515
195	564
195	569
195	623
195	633
195	635
195	767
195	773
195	806
195	851
195	899
195	956
195	971
195	1006
195	1031
195	1088
195	1112
195	1139
195	1148
195	1155
195	1242
195	1252
195	1260
195	1282
195	1287
195	1384
195	1417
195	1426
196	248
196	350
196	380
196	406
196	425
196	480
196	481
196	490
196	498
196	504
196	506
196	515
196	549
196	564
196	623
196	627
196	633
196	767
196	806
196	851
196	899
196	956
196	971
196	1006
196	1031
196	1088
196	1139
196	1148
196	1241
196	1260
196	1282
196	1287
196	1316
196	1380
196	1393
196	1426
197	1025
202	338
202	557
202	567
202	672
202	921
202	1166
202	1341
206	310
206	568
206	583
206	597
206	1236
206	1263
206	1487
209	244
211	326
211	543
214	286
214	715
217	248
217	316
217	357
217	581
217	668
217	874
217	933
217	1063
217	1072
217	1098
217	1287
217	1342
217	1390
217	1470
219	910
220	765
220	1214
223	739
223	998
223	1195
223	1256
228	274
230	654
230	927
231	349
231	504
231	509
231	620
231	672
231	1092
236	350
236	370
236	406
236	498
236	515
236	564
236	633
236	767
236	806
236	851
236	880
236	899
236	971
236	1006
236	1031
236	1088
236	1112
236	1139
236	1242
236	1260
236	1282
236	1287
236	1384
236	1417
240	364
248	350
248	357
248	406
248	476
248	480
248	498
248	504
248	515
248	553
248	564
248	581
248	623
248	627
248	668
248	767
248	773
248	806
248	851
248	899
248	933
248	956
248	1006
248	1017
248	1031
248	1063
248	1068
248	1072
248	1088
248	1139
248	1148
248	1241
248	1260
248	1282
248	1287
248	1303
248	1342
248	1380
248	1384
248	1390
248	1393
248	1417
248	1426
248	1430
248	1470
248	1487
254	1374
255	370
255	390
255	441
255	501
255	564
255	813
255	880
255	886
255	891
255	1055
255	1112
255	1120
255	1252
255	1317
255	1413
256	1077
256	1287
256	1441
259	390
259	422
259	480
259	496
259	498
259	569
259	611
259	683
259	813
259	880
259	1120
259	1155
259	1173
259	1228
259	1282
259	1413
259	1426
262	673
262	819
262	912
263	512
263	743
263	1201
266	902
270	711
273	763
273	1194
273	1319
273	1347
273	1464
273	1485
277	972
281	328
281	587
281	625
281	804
281	847
281	1080
281	1163
281	1212
281	1224
281	1364
286	715
286	835
287	413
287	544
287	984
287	1057
287	1181
287	1392
302	557
302	652
302	672
302	694
302	814
302	921
302	1405
302	1484
303	382
303	578
303	972
310	568
310	583
310	597
310	1236
310	1263
310	1487
314	1123
316	581
316	668
316	874
316	1229
316	1287
316	1390
316	1470
317	582
317	798
317	914
323	603
323	742
323	1087
323	1122
323	1196
323	1304
328	587
328	625
328	804
328	847
328	1080
328	1163
328	1212
328	1224
328	1364
332	1411
338	418
338	567
338	672
338	921
338	1166
338	1341
349	504
349	509
349	620
349	672
349	1092
350	480
350	490
350	498
350	506
350	515
350	564
350	623
350	633
350	635
350	767
350	806
350	851
350	971
350	1006
350	1031
350	1088
350	1139
350	1260
350	1282
350	1287
350	1393
350	1417
350	1426
353	1077
353	1192
353	1316
353	1352
353	1441
357	520
357	581
357	668
357	682
357	745
357	874
357	933
357	941
357	991
357	1063
357	1072
357	1287
357	1303
357	1390
357	1430
357	1468
357	1470
362	588
362	1033
370	390
370	441
370	480
370	490
370	501
370	813
370	880
370	886
370	891
370	895
370	899
370	927
370	933
370	953
370	1007
370	1031
370	1055
370	1098
370	1112
370	1120
370	1155
370	1252
370	1260
370	1282
370	1317
370	1373
370	1393
370	1413
370	1417
376	768
376	1035
379	416
379	602
382	578
382	972
385	1444
386	480
386	635
386	1282
386	1426
386	1459
388	1244
390	422
390	441
390	456
390	480
390	501
390	564
390	569
390	611
390	635
390	683
390	813
390	880
390	886
390	891
390	895
390	953
390	989
390	1007
390	1055
390	1112
390	1120
390	1155
390	1173
390	1228
390	1252
390	1260
390	1282
390	1317
390	1373
390	1393
390	1413
390	1426
393	614
402	450
406	476
406	480
406	490
406	498
406	515
406	564
406	623
406	633
406	767
406	806
406	851
406	899
406	956
406	971
406	1006
406	1031
406	1088
406	1139
406	1148
406	1241
406	1260
406	1282
406	1287
406	1384
406	1426
410	541
410	1297
413	1392
416	806
416	974
418	567
418	672
418	921
418	1166
418	1341
420	1206
422	611
422	683
422	813
422	880
422	908
422	1055
422	1112
422	1120
422	1155
422	1228
422	1282
425	1088
434	575
434	1030
434	1130
437	504
437	586
437	1044
438	713
441	456
441	501
441	569
441	683
441	813
441	886
441	891
441	895
441	1007
441	1055
441	1112
441	1120
441	1155
441	1252
441	1260
441	1282
441	1317
441	1393
441	1413
443	748
456	886
456	895
456	1112
456	1120
456	1282
460	605
460	641
460	1329
461	512
461	1381
463	1190
468	512
468	619
468	712
468	860
468	1046
468	1057
468	1218
468	1381
476	498
476	623
476	767
476	956
476	1006
476	1031
476	1088
476	1148
476	1241
476	1260
477	993
477	1029
477	1276
477	1294
480	481
480	490
480	498
480	515
480	549
480	564
480	569
480	623
480	633
480	635
480	767
480	806
480	851
480	899
480	956
480	1006
480	1031
480	1088
480	1120
480	1139
480	1155
480	1252
480	1260
480	1282
480	1287
480	1316
480	1417
480	1426
481	490
481	498
481	564
481	600
481	633
481	767
481	806
481	851
481	972
481	1031
481	1088
481	1139
481	1260
481	1282
481	1426
482	489
482	545
482	594
482	1232
489	545
489	594
489	1010
489	1232
489	1319
489	1392
489	1485
490	498
490	501
490	515
490	564
490	569
490	623
490	633
490	767
490	806
490	851
490	880
490	895
490	899
490	1006
490	1024
490	1031
490	1088
490	1112
490	1139
490	1242
490	1260
490	1282
490	1287
490	1317
490	1417
490	1426
492	497
495	514
495	950
495	1003
495	1198
495	1284
496	1088
496	1282
498	506
498	515
498	564
498	623
498	627
498	633
498	635
498	767
498	806
498	851
498	880
498	899
498	956
498	971
498	972
498	989
498	1006
498	1031
498	1088
498	1139
498	1148
498	1155
498	1241
498	1260
498	1282
498	1287
498	1384
498	1417
498	1426
499	541
501	569
501	683
501	813
501	886
501	891
501	895
501	953
501	1055
501	1112
501	1120
501	1155
501	1252
501	1260
501	1282
501	1317
501	1373
501	1393
501	1413
502	618
502	644
502	1095
502	1097
502	1101
502	1362
504	509
504	584
504	672
504	933
504	1072
504	1185
504	1282
504	1287
504	1342
504	1393
506	564
506	623
506	767
506	806
506	851
506	1031
506	1241
506	1282
507	1369
508	517
508	644
508	646
508	1220
508	1311
508	1372
509	672
509	1092
512	712
512	743
512	860
512	1381
514	950
514	1003
514	1198
514	1284
515	564
515	623
515	627
515	633
515	767
515	806
515	813
515	851
515	899
515	971
515	989
515	1006
515	1031
515	1088
515	1112
515	1139
515	1148
515	1241
515	1260
515	1282
515	1287
515	1393
515	1426
517	644
517	646
517	1220
517	1311
517	1372
520	581
520	668
521	574
532	987
532	1487
544	984
544	1162
544	1434
545	594
545	1010
545	1232
545	1319
545	1392
545	1485
549	767
549	806
549	851
549	956
549	1260
551	1290
553	1112
553	1282
556	1391
557	567
557	652
557	672
557	694
557	814
557	921
557	1310
557	1341
557	1447
557	1484
561	1114
562	779
562	957
562	1422
564	623
564	627
564	633
564	767
564	806
564	851
564	880
564	899
564	971
564	1006
564	1031
564	1088
564	1112
564	1139
564	1148
564	1241
564	1260
564	1282
564	1287
564	1316
564	1384
564	1393
564	1417
564	1426
567	672
567	921
567	1166
567	1341
568	583
568	597
568	1236
568	1263
569	611
569	683
569	813
569	880
569	886
569	895
569	899
569	1055
569	1112
569	1120
569	1155
569	1173
569	1228
569	1252
569	1260
569	1282
569	1317
569	1373
569	1393
569	1413
569	1426
575	1030
575	1130
581	668
581	874
581	991
581	1063
581	1088
581	1229
581	1287
581	1390
581	1470
582	633
582	798
582	914
582	1006
582	1312
583	597
583	1236
583	1263
583	1487
586	1316
587	625
587	804
587	847
587	1080
587	1163
587	1212
587	1364
588	1033
593	964
594	1010
594	1232
594	1319
594	1392
594	1485
597	1236
597	1263
599	1118
600	904
603	742
603	1087
603	1122
603	1196
605	641
605	1329
611	683
611	813
611	1120
611	1155
611	1173
611	1228
611	1282
615	731
615	1408
618	1097
618	1101
618	1362
619	712
619	766
619	1046
620	672
620	1092
622	648
622	750
622	1487
623	633
623	767
623	806
623	851
623	956
623	971
623	1006
623	1031
623	1088
623	1139
623	1241
623	1260
623	1282
623	1287
623	1384
623	1417
623	1426
625	804
625	847
625	1080
625	1163
625	1212
625	1224
625	1316
625	1364
627	806
627	851
627	971
627	1031
627	1241
627	1287
630	766
630	1221
630	1365
633	767
633	806
633	851
633	899
633	1006
633	1031
633	1088
633	1139
633	1260
633	1282
633	1287
633	1384
633	1417
635	851
635	1088
635	1112
635	1139
635	1228
635	1260
635	1282
635	1287
635	1426
635	1487
637	1327
641	1329
644	646
644	1220
644	1311
644	1372
646	1220
646	1311
646	1372
648	945
648	1179
652	694
652	814
652	921
652	1405
654	899
654	927
668	682
668	745
668	874
668	933
668	941
668	991
668	1063
668	1072
668	1287
668	1303
668	1390
668	1468
668	1470
671	1214
672	694
672	921
672	1092
672	1166
672	1310
672	1341
672	1484
673	819
673	912
677	903
682	933
682	1063
682	1390
682	1468
682	1470
683	813
683	880
683	886
683	891
683	895
683	1055
683	1112
683	1120
683	1155
683	1173
683	1228
683	1252
683	1260
683	1282
683	1317
683	1413
690	786
694	814
694	921
694	1405
694	1447
694	1484
702	1107
702	1217
702	1434
704	1298
707	1297
712	860
712	1046
712	1381
716	1349
722	824
722	1151
730	866
730	1168
730	1218
730	1292
730	1464
730	1485
730	1488
731	1408
739	1256
742	1087
742	1122
742	1196
742	1304
745	941
745	991
745	1063
746	1019
750	806
750	1068
757	1400
763	1194
763	1319
763	1347
763	1464
763	1485
765	974
765	1018
765	1214
766	1221
766	1365
766	1392
767	806
767	851
767	899
767	956
767	971
767	1006
767	1031
767	1088
767	1139
767	1148
767	1241
767	1260
767	1282
767	1287
767	1316
767	1384
767	1417
767	1426
768	1035
771	872
771	1020
773	806
773	851
773	1282
773	1287
773	1459
775	879
779	957
779	1077
779	1422
798	914
804	847
804	1080
804	1163
804	1212
804	1224
804	1364
806	851
806	899
806	933
806	956
806	971
806	1006
806	1031
806	1063
806	1068
806	1088
806	1139
806	1148
806	1241
806	1260
806	1282
806	1287
806	1316
806	1384
806	1393
806	1417
806	1430
806	1487
808	1275
813	880
813	886
813	895
813	989
813	1055
813	1112
813	1120
813	1155
813	1173
813	1228
813	1252
813	1282
813	1317
813	1393
813	1413
813	1426
814	921
814	1310
814	1484
819	912
824	1151
828	1314
841	1430
847	1080
847	1163
847	1212
847	1224
847	1316
847	1364
851	899
851	956
851	971
851	989
851	1006
851	1015
851	1031
851	1088
851	1139
851	1148
851	1241
851	1260
851	1282
851	1287
851	1417
851	1426
859	1405
860	1057
860	1381
866	1168
866	1218
866	1292
866	1319
866	1464
866	1485
866	1488
868	968
872	1020
874	933
874	991
874	1063
874	1072
874	1287
874	1390
874	1470
880	886
880	895
880	899
880	953
880	1112
880	1120
880	1155
880	1228
880	1252
880	1260
880	1282
880	1287
880	1317
880	1393
885	1473
886	891
886	895
886	953
886	1055
886	1098
886	1112
886	1120
886	1155
886	1252
886	1260
886	1282
886	1317
886	1373
886	1393
886	1413
891	895
891	1007
891	1055
891	1112
891	1120
891	1252
891	1282
891	1317
891	1373
891	1413
895	899
895	1007
895	1055
895	1112
895	1120
895	1155
895	1242
895	1252
895	1260
895	1282
895	1317
895	1393
895	1413
899	956
899	971
899	1006
899	1031
899	1088
899	1098
899	1112
899	1120
899	1139
899	1148
899	1241
899	1242
899	1252
899	1260
899	1282
899	1287
899	1316
899	1317
899	1384
899	1393
899	1417
903	945
908	1228
908	1260
910	937
921	1092
921	1166
921	1310
921	1341
921	1484
926	1436
927	933
927	1098
927	1112
927	1282
933	941
933	991
933	1006
933	1063
933	1072
933	1098
933	1112
933	1286
933	1287
933	1342
933	1390
933	1468
933	1470
941	991
941	1063
941	1072
941	1390
941	1468
941	1470
943	1472
945	1297
945	1393
950	1198
950	1284
953	1055
953	1112
953	1120
953	1252
953	1260
953	1282
953	1317
953	1373
953	1413
955	971
956	1006
956	1031
956	1088
956	1139
956	1148
956	1240
956	1241
956	1260
956	1282
957	1422
958	1386
971	1006
971	1031
971	1088
971	1139
971	1240
971	1260
971	1384
971	1417
971	1426
973	1088
974	1114
974	1288
974	1367
974	1405
987	1487
989	1260
989	1282
991	1063
991	1390
991	1468
991	1470
993	1276
993	1294
997	1066
998	1195
1003	1198
1003	1284
1006	1031
1006	1088
1006	1112
1006	1139
1006	1148
1006	1241
1006	1242
1006	1260
1006	1282
1006	1287
1006	1384
1006	1393
1006	1417
1006	1426
1007	1032
1007	1055
1007	1112
1007	1252
1007	1260
1007	1282
1007	1317
1007	1393
1007	1398
1007	1413
1010	1177
1010	1232
1010	1485
1012	1225
1015	1287
1015	1316
1017	1287
1018	1214
1024	1282
1029	1244
1029	1276
1029	1294
1030	1130
1031	1088
1031	1112
1031	1120
1031	1139
1031	1148
1031	1241
1031	1242
1031	1260
1031	1282
1031	1287
1031	1316
1031	1384
1031	1417
1031	1426
1044	1195
1055	1098
1055	1112
1055	1120
1055	1155
1055	1252
1055	1260
1055	1282
1055	1317
1055	1373
1055	1413
1057	1381
1063	1072
1063	1287
1063	1303
1063	1390
1063	1430
1063	1468
1063	1470
1068	1287
1068	1487
1072	1098
1072	1287
1072	1390
1072	1468
1072	1470
1077	1192
1077	1316
1077	1352
1077	1380
1077	1441
1080	1163
1080	1212
1080	1364
1086	1425
1087	1122
1087	1196
1088	1139
1088	1148
1088	1241
1088	1260
1088	1282
1088	1287
1088	1417
1095	1101
1097	1101
1097	1362
1098	1112
1098	1242
1098	1252
1098	1317
1098	1390
1101	1362
1107	1217
1112	1120
1112	1139
1112	1155
1112	1242
1112	1252
1112	1260
1112	1282
1112	1287
1112	1317
1112	1373
1112	1393
1112	1413
1112	1417
1114	1367
1120	1155
1120	1173
1120	1228
1120	1242
1120	1252
1120	1260
1120	1282
1120	1317
1120	1373
1120	1393
1120	1413
1120	1426
1122	1196
1122	1304
1122	1316
1124	1161
1129	1298
1131	1382
1134	1150
1139	1148
1139	1240
1139	1241
1139	1260
1139	1282
1139	1287
1139	1316
1139	1384
1139	1417
1139	1426
1139	1459
1143	1250
1148	1241
1148	1260
1148	1282
1148	1287
1148	1384
1148	1398
1148	1449
1155	1173
1155	1252
1155	1260
1155	1282
1155	1317
1155	1413
1162	1434
1163	1212
1163	1364
1166	1341
1168	1218
1168	1292
1168	1319
1168	1464
1168	1485
1168	1488
1173	1228
1173	1282
1192	1352
1192	1441
1194	1319
1194	1347
1194	1464
1194	1485
1196	1304
1198	1284
1212	1224
1212	1316
1212	1364
1217	1434
1218	1292
1218	1319
1218	1464
1218	1485
1218	1488
1220	1311
1220	1372
1221	1365
1221	1392
1225	1259
1228	1260
1228	1282
1228	1393
1228	1426
1232	1319
1232	1392
1232	1485
1236	1263
1240	1260
1241	1260
1241	1282
1241	1287
1241	1384
1242	1252
1242	1260
1242	1282
1242	1317
1242	1373
1242	1393
1252	1260
1252	1282
1252	1317
1252	1373
1252	1393
1252	1413
1260	1282
1260	1287
1260	1317
1260	1373
1260	1384
1260	1393
1260	1413
1260	1417
1260	1426
1260	1449
1282	1287
1282	1317
1282	1373
1282	1384
1282	1393
1282	1413
1282	1417
1282	1426
1282	1487
1286	1468
1287	1342
1287	1380
1287	1384
1287	1390
1287	1393
1287	1417
1287	1426
1287	1470
1292	1319
1292	1381
1292	1464
1292	1485
1292	1488
1303	1390
1303	1430
1310	1484
1311	1372
1316	1352
1316	1380
1316	1384
1316	1426
1316	1441
1317	1373
1317	1393
1317	1413
1319	1347
1319	1464
1319	1485
1319	1488
1342	1390
1342	1468
1347	1464
1347	1485
1352	1441
1373	1413
1390	1430
1390	1468
1390	1470
1392	1485
1393	1413
1393	1426
1393	1459
1410	1430
1417	1459
1430	1470
1464	1485
1464	1488
1468	1470
1485	1488
35	13
1203	13
174	16
195	16
256	16
350	16
353	16
370	16
490	16
806	16
1077	16
1282	16
1352	16
1441	16
317	18
582	18
798	18
914	18
1312	18
974	23
120	24
661	24
671	25
765	25
1018	25
1214	25
1024	28
49	31
102	31
115	31
139	31
155	31
174	31
217	31
248	31
316	31
357	31
581	31
668	31
682	31
874	31
933	31
941	31
991	31
1063	31
1072	31
1098	31
1287	31
1303	31
1373	31
1390	31
1430	31
1468	31
1470	31
1203	35
66	37
202	37
338	37
418	37
557	37
567	37
672	37
921	37
1166	37
1341	37
55	38
103	38
195	38
196	38
236	38
248	38
406	38
476	38
480	38
481	38
498	38
506	38
515	38
564	38
623	38
633	38
767	38
806	38
851	38
899	38
956	38
973	38
1006	38
1031	38
1088	38
1139	38
1148	38
1241	38
1260	38
1282	38
1287	38
1384	38
1426	38
323	41
603	41
742	41
1087	41
1122	41
1196	41
1304	41
1489	43
209	48
102	49
115	49
139	49
174	49
189	49
195	49
196	49
217	49
248	49
350	49
357	49
406	49
490	49
498	49
504	49
515	49
553	49
564	49
581	49
623	49
627	49
633	49
767	49
806	49
851	49
899	49
933	49
956	49
971	49
1006	49
1031	49
1063	49
1068	49
1072	49
1077	49
1088	49
1098	49
1112	49
1148	49
1260	49
1282	49
1287	49
1352	49
1384	49
1390	49
1393	49
1470	49
332	53
501	53
1112	53
1411	53
94	54
116	54
281	54
328	54
587	54
625	54
804	54
847	54
1080	54
1163	54
1212	54
1224	54
1364	54
103	55
195	55
196	55
248	55
406	55
476	55
480	55
481	55
498	55
515	55
564	55
623	55
767	55
799	55
806	55
851	55
899	55
956	55
1006	55
1031	55
1088	55
1139	55
1148	55
1241	55
1260	55
1282	55
1287	55
181	66
202	66
338	66
418	66
557	66
567	66
672	66
921	66
1166	66
1310	66
1341	66
1484	66
885	67
1473	67
231	69
672	69
635	73
971	73
1282	73
1302	74
702	76
1107	76
1217	76
1434	76
974	79
174	92
370	92
490	92
564	92
886	92
899	92
1031	92
1055	92
1098	92
1112	92
1120	92
1242	92
1282	92
1373	92
1393	92
1413	92
1426	92
1422	93
116	94
281	94
328	94
404	94
587	94
625	94
804	94
847	94
1080	94
1163	94
1212	94
1224	94
1316	94
1364	94
115	102
174	102
189	102
196	102
217	102
248	102
350	102
357	102
406	102
480	102
481	102
498	102
515	102
561	102
564	102
600	102
627	102
806	102
851	102
899	102
933	102
971	102
1024	102
1031	102
1068	102
1088	102
1139	102
1148	102
1241	102
1260	102
1282	102
1287	102
1303	102
1316	102
1380	102
1384	102
1393	102
1430	102
195	103
196	103
350	103
406	103
476	103
480	103
498	103
506	103
515	103
564	103
623	103
633	103
767	103
806	103
851	103
956	103
1006	103
1031	103
1088	103
1139	103
1148	103
1260	103
1282	103
128	107
502	107
618	107
1095	107
1097	107
1101	107
1362	107
808	109
1275	109
174	115
189	115
217	115
248	115
357	115
581	115
668	115
841	115
1063	115
1072	115
1287	115
1410	115
1430	115
1470	115
281	116
328	116
587	116
625	116
804	116
847	116
1080	116
1163	116
1212	116
1224	116
1364	116
661	120
598	121
259	122
496	122
323	125
1087	125
1122	125
1196	125
615	126
1408	126
502	128
1095	128
1101	128
403	131
178	138
390	138
501	138
886	138
1112	138
1120	138
1155	138
1413	138
174	139
217	139
316	139
581	139
668	139
927	139
933	139
1072	139
1098	139
1112	139
1470	139
793	140
165	141
997	141
677	142
903	142
468	145
619	145
712	145
1046	145
174	155
217	155
248	155
357	155
668	155
682	155
745	155
874	155
933	155
941	155
991	155
1063	155
1072	155
1303	155
1390	155
1430	155
1468	155
1470	155
231	157
509	157
672	157
1092	157
259	160
390	160
422	160
611	160
683	160
813	160
908	160
1173	160
1228	160
508	164
517	164
644	164
646	164
1220	164
1311	164
1372	164
997	165
1329	173
195	174
196	174
217	174
248	174
316	174
357	174
370	174
480	174
504	174
564	174
581	174
668	174
874	174
886	174
899	174
927	174
933	174
941	174
991	174
1063	174
1072	174
1098	174
1112	174
1139	174
1252	174
1282	174
1287	174
1317	174
1342	174
1390	174
1393	174
1468	174
1470	174
255	178
259	178
370	178
390	178
422	178
441	178
456	178
501	178
569	178
683	178
813	178
880	178
886	178
891	178
895	178
899	178
953	178
1007	178
1055	178
1112	178
1120	178
1155	178
1173	178
1252	178
1260	178
1282	178
1317	178
1373	178
1393	178
1413	178
749	180
672	181
921	181
248	189
406	189
553	189
561	189
841	189
1287	189
1410	189
1430	189
196	195
236	195
248	195
350	195
386	195
406	195
476	195
480	195
481	195
490	195
498	195
515	195
564	195
569	195
623	195
633	195
635	195
767	195
773	195
806	195
851	195
899	195
956	195
971	195
1006	195
1031	195
1088	195
1112	195
1139	195
1148	195
1155	195
1242	195
1252	195
1260	195
1282	195
1287	195
1384	195
1417	195
1426	195
248	196
350	196
380	196
406	196
425	196
480	196
481	196
490	196
498	196
504	196
506	196
515	196
549	196
564	196
623	196
627	196
633	196
767	196
806	196
851	196
899	196
956	196
971	196
1006	196
1031	196
1088	196
1139	196
1148	196
1241	196
1260	196
1282	196
1287	196
1316	196
1380	196
1393	196
1426	196
1025	197
338	202
557	202
567	202
672	202
921	202
1166	202
1341	202
310	206
568	206
583	206
597	206
1236	206
1263	206
1487	206
244	209
326	211
543	211
286	214
715	214
248	217
316	217
357	217
581	217
668	217
874	217
933	217
1063	217
1072	217
1098	217
1287	217
1342	217
1390	217
1470	217
910	219
765	220
1214	220
739	223
998	223
1195	223
1256	223
274	228
654	230
927	230
349	231
504	231
509	231
620	231
672	231
1092	231
350	236
370	236
406	236
498	236
515	236
564	236
633	236
767	236
806	236
851	236
880	236
899	236
971	236
1006	236
1031	236
1088	236
1112	236
1139	236
1242	236
1260	236
1282	236
1287	236
1384	236
1417	236
364	240
350	248
357	248
406	248
476	248
480	248
498	248
504	248
515	248
553	248
564	248
581	248
623	248
627	248
668	248
767	248
773	248
806	248
851	248
899	248
933	248
956	248
1006	248
1017	248
1031	248
1063	248
1068	248
1072	248
1088	248
1139	248
1148	248
1241	248
1260	248
1282	248
1287	248
1303	248
1342	248
1380	248
1384	248
1390	248
1393	248
1417	248
1426	248
1430	248
1470	248
1487	248
1374	254
370	255
390	255
441	255
501	255
564	255
813	255
880	255
886	255
891	255
1055	255
1112	255
1120	255
1252	255
1317	255
1413	255
1077	256
1287	256
1441	256
390	259
422	259
480	259
496	259
498	259
569	259
611	259
683	259
813	259
880	259
1120	259
1155	259
1173	259
1228	259
1282	259
1413	259
1426	259
673	262
819	262
912	262
512	263
743	263
1201	263
902	266
711	270
763	273
1194	273
1319	273
1347	273
1464	273
1485	273
972	277
328	281
587	281
625	281
804	281
847	281
1080	281
1163	281
1212	281
1224	281
1364	281
715	286
835	286
413	287
544	287
984	287
1057	287
1181	287
1392	287
557	302
652	302
672	302
694	302
814	302
921	302
1405	302
1484	302
382	303
578	303
972	303
568	310
583	310
597	310
1236	310
1263	310
1487	310
1123	314
581	316
668	316
874	316
1229	316
1287	316
1390	316
1470	316
582	317
798	317
914	317
603	323
742	323
1087	323
1122	323
1196	323
1304	323
587	328
625	328
804	328
847	328
1080	328
1163	328
1212	328
1224	328
1364	328
1411	332
418	338
567	338
672	338
921	338
1166	338
1341	338
504	349
509	349
620	349
672	349
1092	349
480	350
490	350
498	350
506	350
515	350
564	350
623	350
633	350
635	350
767	350
806	350
851	350
971	350
1006	350
1031	350
1088	350
1139	350
1260	350
1282	350
1287	350
1393	350
1417	350
1426	350
1077	353
1192	353
1316	353
1352	353
1441	353
520	357
581	357
668	357
682	357
745	357
874	357
933	357
941	357
991	357
1063	357
1072	357
1287	357
1303	357
1390	357
1430	357
1468	357
1470	357
588	362
1033	362
390	370
441	370
480	370
490	370
501	370
813	370
880	370
886	370
891	370
895	370
899	370
927	370
933	370
953	370
1007	370
1031	370
1055	370
1098	370
1112	370
1120	370
1155	370
1252	370
1260	370
1282	370
1317	370
1373	370
1393	370
1413	370
1417	370
768	376
1035	376
416	379
602	379
578	382
972	382
1444	385
480	386
635	386
1282	386
1426	386
1459	386
1244	388
422	390
441	390
456	390
480	390
501	390
564	390
569	390
611	390
635	390
683	390
813	390
880	390
886	390
891	390
895	390
953	390
989	390
1007	390
1055	390
1112	390
1120	390
1155	390
1173	390
1228	390
1252	390
1260	390
1282	390
1317	390
1373	390
1393	390
1413	390
1426	390
614	393
450	402
476	406
480	406
490	406
498	406
515	406
564	406
623	406
633	406
767	406
806	406
851	406
899	406
956	406
971	406
1006	406
1031	406
1088	406
1139	406
1148	406
1241	406
1260	406
1282	406
1287	406
1384	406
1426	406
541	410
1297	410
1392	413
806	416
974	416
567	418
672	418
921	418
1166	418
1341	418
1206	420
611	422
683	422
813	422
880	422
908	422
1055	422
1112	422
1120	422
1155	422
1228	422
1282	422
1088	425
575	434
1030	434
1130	434
504	437
586	437
1044	437
713	438
456	441
501	441
569	441
683	441
813	441
886	441
891	441
895	441
1007	441
1055	441
1112	441
1120	441
1155	441
1252	441
1260	441
1282	441
1317	441
1393	441
1413	441
748	443
886	456
895	456
1112	456
1120	456
1282	456
605	460
641	460
1329	460
512	461
1381	461
1190	463
512	468
619	468
712	468
860	468
1046	468
1057	468
1218	468
1381	468
498	476
623	476
767	476
956	476
1006	476
1031	476
1088	476
1148	476
1241	476
1260	476
993	477
1029	477
1276	477
1294	477
481	480
490	480
498	480
515	480
549	480
564	480
569	480
623	480
633	480
635	480
767	480
806	480
851	480
899	480
956	480
1006	480
1031	480
1088	480
1120	480
1139	480
1155	480
1252	480
1260	480
1282	480
1287	480
1316	480
1417	480
1426	480
490	481
498	481
564	481
600	481
633	481
767	481
806	481
851	481
972	481
1031	481
1088	481
1139	481
1260	481
1282	481
1426	481
489	482
545	482
594	482
1232	482
545	489
594	489
1010	489
1232	489
1319	489
1392	489
1485	489
498	490
501	490
515	490
564	490
569	490
623	490
633	490
767	490
806	490
851	490
880	490
895	490
899	490
1006	490
1024	490
1031	490
1088	490
1112	490
1139	490
1242	490
1260	490
1282	490
1287	490
1317	490
1417	490
1426	490
497	492
514	495
950	495
1003	495
1198	495
1284	495
1088	496
1282	496
506	498
515	498
564	498
623	498
627	498
633	498
635	498
767	498
806	498
851	498
880	498
899	498
956	498
971	498
972	498
989	498
1006	498
1031	498
1088	498
1139	498
1148	498
1155	498
1241	498
1260	498
1282	498
1287	498
1384	498
1417	498
1426	498
541	499
569	501
683	501
813	501
886	501
891	501
895	501
953	501
1055	501
1112	501
1120	501
1155	501
1252	501
1260	501
1282	501
1317	501
1373	501
1393	501
1413	501
618	502
644	502
1095	502
1097	502
1101	502
1362	502
509	504
584	504
672	504
933	504
1072	504
1185	504
1282	504
1287	504
1342	504
1393	504
564	506
623	506
767	506
806	506
851	506
1031	506
1241	506
1282	506
1369	507
517	508
644	508
646	508
1220	508
1311	508
1372	508
672	509
1092	509
712	512
743	512
860	512
1381	512
950	514
1003	514
1198	514
1284	514
564	515
623	515
627	515
633	515
767	515
806	515
813	515
851	515
899	515
971	515
989	515
1006	515
1031	515
1088	515
1112	515
1139	515
1148	515
1241	515
1260	515
1282	515
1287	515
1393	515
1426	515
644	517
646	517
1220	517
1311	517
1372	517
581	520
668	520
574	521
987	532
1487	532
984	544
1162	544
1434	544
594	545
1010	545
1232	545
1319	545
1392	545
1485	545
767	549
806	549
851	549
956	549
1260	549
1290	551
1112	553
1282	553
1391	556
567	557
652	557
672	557
694	557
814	557
921	557
1310	557
1341	557
1447	557
1484	557
1114	561
779	562
957	562
1422	562
623	564
627	564
633	564
767	564
806	564
851	564
880	564
899	564
971	564
1006	564
1031	564
1088	564
1112	564
1139	564
1148	564
1241	564
1260	564
1282	564
1287	564
1316	564
1384	564
1393	564
1417	564
1426	564
672	567
921	567
1166	567
1341	567
583	568
597	568
1236	568
1263	568
611	569
683	569
813	569
880	569
886	569
895	569
899	569
1055	569
1112	569
1120	569
1155	569
1173	569
1228	569
1252	569
1260	569
1282	569
1317	569
1373	569
1393	569
1413	569
1426	569
1030	575
1130	575
668	581
874	581
991	581
1063	581
1088	581
1229	581
1287	581
1390	581
1470	581
633	582
798	582
914	582
1006	582
1312	582
597	583
1236	583
1263	583
1487	583
1316	586
625	587
804	587
847	587
1080	587
1163	587
1212	587
1364	587
1033	588
964	593
1010	594
1232	594
1319	594
1392	594
1485	594
1236	597
1263	597
1118	599
904	600
742	603
1087	603
1122	603
1196	603
641	605
1329	605
683	611
813	611
1120	611
1155	611
1173	611
1228	611
1282	611
731	615
1408	615
1097	618
1101	618
1362	618
712	619
766	619
1046	619
672	620
1092	620
648	622
750	622
1487	622
633	623
767	623
806	623
851	623
956	623
971	623
1006	623
1031	623
1088	623
1139	623
1241	623
1260	623
1282	623
1287	623
1384	623
1417	623
1426	623
804	625
847	625
1080	625
1163	625
1212	625
1224	625
1316	625
1364	625
806	627
851	627
971	627
1031	627
1241	627
1287	627
766	630
1221	630
1365	630
767	633
806	633
851	633
899	633
1006	633
1031	633
1088	633
1139	633
1260	633
1282	633
1287	633
1384	633
1417	633
851	635
1088	635
1112	635
1139	635
1228	635
1260	635
1282	635
1287	635
1426	635
1487	635
1327	637
1329	641
646	644
1220	644
1311	644
1372	644
1220	646
1311	646
1372	646
945	648
1179	648
694	652
814	652
921	652
1405	652
899	654
927	654
682	668
745	668
874	668
933	668
941	668
991	668
1063	668
1072	668
1287	668
1303	668
1390	668
1468	668
1470	668
1214	671
694	672
921	672
1092	672
1166	672
1310	672
1341	672
1484	672
819	673
912	673
903	677
933	682
1063	682
1390	682
1468	682
1470	682
813	683
880	683
886	683
891	683
895	683
1055	683
1112	683
1120	683
1155	683
1173	683
1228	683
1252	683
1260	683
1282	683
1317	683
1413	683
786	690
814	694
921	694
1405	694
1447	694
1484	694
1107	702
1217	702
1434	702
1298	704
1297	707
860	712
1046	712
1381	712
1349	716
824	722
1151	722
866	730
1168	730
1218	730
1292	730
1464	730
1485	730
1488	730
1408	731
1256	739
1087	742
1122	742
1196	742
1304	742
941	745
991	745
1063	745
1019	746
806	750
1068	750
1400	757
1194	763
1319	763
1347	763
1464	763
1485	763
974	765
1018	765
1214	765
1221	766
1365	766
1392	766
806	767
851	767
899	767
956	767
971	767
1006	767
1031	767
1088	767
1139	767
1148	767
1241	767
1260	767
1282	767
1287	767
1316	767
1384	767
1417	767
1426	767
1035	768
872	771
1020	771
806	773
851	773
1282	773
1287	773
1459	773
879	775
957	779
1077	779
1422	779
914	798
847	804
1080	804
1163	804
1212	804
1224	804
1364	804
851	806
899	806
933	806
956	806
971	806
1006	806
1031	806
1063	806
1068	806
1088	806
1139	806
1148	806
1241	806
1260	806
1282	806
1287	806
1316	806
1384	806
1393	806
1417	806
1430	806
1487	806
1275	808
880	813
886	813
895	813
989	813
1055	813
1112	813
1120	813
1155	813
1173	813
1228	813
1252	813
1282	813
1317	813
1393	813
1413	813
1426	813
921	814
1310	814
1484	814
912	819
1151	824
1314	828
1430	841
1080	847
1163	847
1212	847
1224	847
1316	847
1364	847
899	851
956	851
971	851
989	851
1006	851
1015	851
1031	851
1088	851
1139	851
1148	851
1241	851
1260	851
1282	851
1287	851
1417	851
1426	851
1405	859
1057	860
1381	860
1168	866
1218	866
1292	866
1319	866
1464	866
1485	866
1488	866
968	868
1020	872
933	874
991	874
1063	874
1072	874
1287	874
1390	874
1470	874
886	880
895	880
899	880
953	880
1112	880
1120	880
1155	880
1228	880
1252	880
1260	880
1282	880
1287	880
1317	880
1393	880
1473	885
891	886
895	886
953	886
1055	886
1098	886
1112	886
1120	886
1155	886
1252	886
1260	886
1282	886
1317	886
1373	886
1393	886
1413	886
895	891
1007	891
1055	891
1112	891
1120	891
1252	891
1282	891
1317	891
1373	891
1413	891
899	895
1007	895
1055	895
1112	895
1120	895
1155	895
1242	895
1252	895
1260	895
1282	895
1317	895
1393	895
1413	895
956	899
971	899
1006	899
1031	899
1088	899
1098	899
1112	899
1120	899
1139	899
1148	899
1241	899
1242	899
1252	899
1260	899
1282	899
1287	899
1316	899
1317	899
1384	899
1393	899
1417	899
945	903
1228	908
1260	908
937	910
1092	921
1166	921
1310	921
1341	921
1484	921
1436	926
933	927
1098	927
1112	927
1282	927
941	933
991	933
1006	933
1063	933
1072	933
1098	933
1112	933
1286	933
1287	933
1342	933
1390	933
1468	933
1470	933
991	941
1063	941
1072	941
1390	941
1468	941
1470	941
1472	943
1297	945
1393	945
1198	950
1284	950
1055	953
1112	953
1120	953
1252	953
1260	953
1282	953
1317	953
1373	953
1413	953
971	955
1006	956
1031	956
1088	956
1139	956
1148	956
1240	956
1241	956
1260	956
1282	956
1422	957
1386	958
1006	971
1031	971
1088	971
1139	971
1240	971
1260	971
1384	971
1417	971
1426	971
1088	973
1114	974
1288	974
1367	974
1405	974
1487	987
1260	989
1282	989
1063	991
1390	991
1468	991
1470	991
1276	993
1294	993
1066	997
1195	998
1198	1003
1284	1003
1031	1006
1088	1006
1112	1006
1139	1006
1148	1006
1241	1006
1242	1006
1260	1006
1282	1006
1287	1006
1384	1006
1393	1006
1417	1006
1426	1006
1032	1007
1055	1007
1112	1007
1252	1007
1260	1007
1282	1007
1317	1007
1393	1007
1398	1007
1413	1007
1177	1010
1232	1010
1485	1010
1225	1012
1287	1015
1316	1015
1287	1017
1214	1018
1282	1024
1244	1029
1276	1029
1294	1029
1130	1030
1088	1031
1112	1031
1120	1031
1139	1031
1148	1031
1241	1031
1242	1031
1260	1031
1282	1031
1287	1031
1316	1031
1384	1031
1417	1031
1426	1031
1195	1044
1098	1055
1112	1055
1120	1055
1155	1055
1252	1055
1260	1055
1282	1055
1317	1055
1373	1055
1413	1055
1381	1057
1072	1063
1287	1063
1303	1063
1390	1063
1430	1063
1468	1063
1470	1063
1287	1068
1487	1068
1098	1072
1287	1072
1390	1072
1468	1072
1470	1072
1192	1077
1316	1077
1352	1077
1380	1077
1441	1077
1163	1080
1212	1080
1364	1080
1425	1086
1122	1087
1196	1087
1139	1088
1148	1088
1241	1088
1260	1088
1282	1088
1287	1088
1417	1088
1101	1095
1101	1097
1362	1097
1112	1098
1242	1098
1252	1098
1317	1098
1390	1098
1362	1101
1217	1107
1120	1112
1139	1112
1155	1112
1242	1112
1252	1112
1260	1112
1282	1112
1287	1112
1317	1112
1373	1112
1393	1112
1413	1112
1417	1112
1367	1114
1155	1120
1173	1120
1228	1120
1242	1120
1252	1120
1260	1120
1282	1120
1317	1120
1373	1120
1393	1120
1413	1120
1426	1120
1196	1122
1304	1122
1316	1122
1161	1124
1298	1129
1382	1131
1150	1134
1148	1139
1240	1139
1241	1139
1260	1139
1282	1139
1287	1139
1316	1139
1384	1139
1417	1139
1426	1139
1459	1139
1250	1143
1241	1148
1260	1148
1282	1148
1287	1148
1384	1148
1398	1148
1449	1148
1173	1155
1252	1155
1260	1155
1282	1155
1317	1155
1413	1155
1434	1162
1212	1163
1364	1163
1341	1166
1218	1168
1292	1168
1319	1168
1464	1168
1485	1168
1488	1168
1228	1173
1282	1173
1352	1192
1441	1192
1319	1194
1347	1194
1464	1194
1485	1194
1304	1196
1284	1198
1224	1212
1316	1212
1364	1212
1434	1217
1292	1218
1319	1218
1464	1218
1485	1218
1488	1218
1311	1220
1372	1220
1365	1221
1392	1221
1259	1225
1260	1228
1282	1228
1393	1228
1426	1228
1319	1232
1392	1232
1485	1232
1263	1236
1260	1240
1260	1241
1282	1241
1287	1241
1384	1241
1252	1242
1260	1242
1282	1242
1317	1242
1373	1242
1393	1242
1260	1252
1282	1252
1317	1252
1373	1252
1393	1252
1413	1252
1282	1260
1287	1260
1317	1260
1373	1260
1384	1260
1393	1260
1413	1260
1417	1260
1426	1260
1449	1260
1287	1282
1317	1282
1373	1282
1384	1282
1393	1282
1413	1282
1417	1282
1426	1282
1487	1282
1468	1286
1342	1287
1380	1287
1384	1287
1390	1287
1393	1287
1417	1287
1426	1287
1470	1287
1319	1292
1381	1292
1464	1292
1485	1292
1488	1292
1390	1303
1430	1303
1484	1310
1372	1311
1352	1316
1380	1316
1384	1316
1426	1316
1441	1316
1373	1317
1393	1317
1413	1317
1347	1319
1464	1319
1485	1319
1488	1319
1390	1342
1468	1342
1464	1347
1485	1347
1441	1352
1413	1373
1430	1390
1468	1390
1470	1390
1485	1392
1413	1393
1426	1393
1459	1393
1430	1410
1459	1417
1470	1430
1485	1464
1488	1464
1470	1468
1488	1485
