3	22
3	533
11	91
11	1362
13	35
13	653
13	1200
15	732
15	814
15	1441
16	73
16	179
16	200
16	262
16	359
16	362
16	379
16	474
16	497
16	782
16	910
16	948
16	1299
16	1369
16	1429
17	1050
22	533
24	105
24	125
24	369
24	669
24	828
27	1019
27	1048
27	1125
27	1304
27	1429
31	49
31	106
31	120
31	144
31	160
31	179
31	235
31	254
31	571
31	582
31	587
31	690
31	786
31	890
31	903
31	934
31	959
31	1009
31	1085
31	1119
31	1179
31	1250
31	1304
31	1317
31	1390
31	1451
31	1490
31	1492
33	113
34	151
35	653
35	1200
36	1368
37	68
37	206
37	372
37	437
37	680
37	938
37	1023
37	1358
38	55
38	107
38	154
38	196
38	200
38	201
38	254
38	348
38	415
38	474
38	475
38	488
38	631
38	721
38	777
38	864
38	910
38	940
38	974
38	990
38	1026
38	1048
38	1054
38	1125
38	1159
38	1168
38	1228
38	1258
38	1299
38	1304
38	1404
41	86
41	158
41	163
41	307
41	750
41	861
41	897
41	1024
41	1143
41	1222
41	1318
49	73
49	106
49	120
49	140
49	144
49	154
49	179
49	200
49	201
49	254
49	359
49	415
49	474
49	497
49	511
49	571
49	587
49	631
49	635
49	777
49	782
49	786
49	864
49	903
49	910
49	934
49	974
49	988
49	1026
49	1048
49	1054
49	1085
49	1088
49	1119
49	1125
49	1132
49	1168
49	1179
49	1299
49	1304
49	1369
49	1404
49	1429
49	1492
53	341
53	1132
53	1432
55	107
55	196
55	200
55	201
55	254
55	348
55	415
55	474
55	475
55	488
55	578
55	631
55	777
55	810
55	864
55	974
55	1026
55	1048
55	1054
55	1159
55	1168
55	1228
55	1258
55	1299
55	1304
58	816
64	816
68	206
68	372
68	437
68	680
68	908
68	938
68	1124
68	1358
68	1435
71	234
71	680
71	908
71	1480
73	254
73	262
73	362
73	407
73	948
73	1210
73	1304
73	1369
73	1400
73	1443
74	284
74	620
74	626
74	663
74	1034
74	1448
75	474
75	642
75	988
75	1299
76	1226
76	1273
76	1338
82	200
82	1093
86	158
86	163
86	307
86	675
86	750
86	861
86	897
86	1024
86	1143
86	1318
96	1443
97	248
97	413
97	517
97	568
97	608
97	633
97	710
97	822
97	860
97	1100
97	1164
97	1182
97	1230
97	1323
97	1333
97	1408
99	217
99	222
99	249
99	280
99	697
99	738
99	771
99	856
99	882
99	1212
99	1236
99	1249
99	1308
99	1336
99	1339
99	1364
99	1365
99	1486
99	1505
100	223
100	1449
104	976
104	1346
104	1406
105	828
106	120
106	140
106	154
106	179
106	201
106	254
106	348
106	359
106	415
106	488
106	566
106	571
106	635
106	721
106	782
106	786
106	864
106	910
106	966
106	988
106	1026
106	1048
106	1054
106	1088
106	1125
106	1159
106	1168
106	1179
106	1195
106	1228
106	1258
106	1299
106	1304
106	1317
106	1333
106	1400
106	1404
106	1451
107	154
107	196
107	200
107	201
107	359
107	415
107	474
107	475
107	488
107	631
107	777
107	864
107	974
107	1026
107	1054
107	1125
107	1159
107	1168
107	1299
112	349
112	599
119	159
119	295
119	326
119	476
119	719
119	875
119	878
119	1084
119	1252
119	1357
120	179
120	254
120	587
120	786
120	1085
120	1179
120	1195
120	1304
120	1451
120	1492
122	364
122	1238
122	1327
122	1389
125	369
125	669
125	828
129	158
129	307
129	1024
129	1143
130	623
130	1428
136	412
137	382
138	571
140	179
140	201
140	493
140	511
140	782
140	944
140	1132
140	1304
143	399
143	863
143	901
143	1132
143	1156
143	1174
143	1434
144	179
144	235
144	587
144	786
144	903
144	944
144	1119
144	1132
144	1179
144	1492
145	237
145	666
145	981
149	394
149	1466
154	179
154	196
154	200
154	201
154	254
154	348
154	359
154	415
154	474
154	488
154	497
154	631
154	635
154	721
154	777
154	782
154	864
154	910
154	940
154	974
154	988
154	1026
154	1048
154	1054
154	1095
154	1125
154	1159
154	1168
154	1179
154	1228
154	1299
154	1304
154	1333
154	1341
154	1404
156	210
156	573
156	589
156	655
156	656
156	1203
156	1253
156	1286
158	163
158	307
158	675
158	750
158	861
158	897
158	1024
158	1143
158	1188
158	1318
159	326
159	476
159	719
159	878
159	983
159	1067
159	1073
159	1084
160	179
160	254
160	571
160	582
160	690
160	753
160	786
160	890
160	903
160	934
160	959
160	1009
160	1085
160	1162
160	1179
160	1317
160	1451
160	1490
160	1492
163	307
163	750
163	861
163	897
163	1024
163	1143
163	1318
164	399
164	618
164	691
164	824
164	924
164	929
164	984
164	1190
179	200
179	201
179	252
179	254
179	379
179	488
179	511
179	571
179	582
179	587
179	721
179	782
179	786
179	890
179	901
179	903
179	910
179	934
179	944
179	959
179	1009
179	1048
179	1085
179	1119
179	1132
179	1156
179	1159
179	1179
179	1299
179	1304
179	1359
179	1429
179	1490
179	1492
180	667
183	644
183	1429
184	302
184	757
189	849
189	1061
192	946
195	1397
196	200
196	201
196	254
196	348
196	359
196	399
196	415
196	474
196	475
196	488
196	497
196	631
196	721
196	777
196	782
196	864
196	910
196	974
196	988
196	1048
196	1054
196	1125
196	1159
196	1168
196	1174
196	1228
196	1258
196	1299
196	1304
196	1341
196	1404
196	1429
196	1438
196	1472
200	201
200	254
200	348
200	359
200	415
200	474
200	475
200	488
200	497
200	631
200	642
200	721
200	777
200	782
200	863
200	864
200	910
200	974
200	988
200	1026
200	1048
200	1054
200	1095
200	1125
200	1132
200	1159
200	1168
200	1174
200	1228
200	1259
200	1276
200	1299
200	1304
200	1341
200	1351
200	1404
200	1429
200	1438
201	254
201	348
201	359
201	389
201	415
201	433
201	474
201	475
201	488
201	497
201	511
201	554
201	578
201	631
201	635
201	721
201	777
201	782
201	864
201	910
201	974
201	988
201	1026
201	1048
201	1054
201	1095
201	1125
201	1159
201	1168
201	1228
201	1258
201	1299
201	1304
201	1333
201	1400
202	274
202	682
206	372
206	680
206	938
206	1124
206	1358
206	1435
210	573
210	589
210	655
210	656
210	1203
210	1253
210	1286
213	504
214	228
217	490
217	697
217	1249
217	1336
217	1339
217	1505
219	308
219	428
219	480
219	520
219	708
222	249
222	738
222	856
222	882
222	1236
222	1308
222	1336
222	1339
222	1486
222	1505
233	944
233	1137
234	358
234	511
234	680
234	908
234	1435
234	1480
237	666
237	981
245	408
245	510
248	413
248	517
248	568
248	608
248	633
248	710
248	860
248	1100
248	1182
248	1230
248	1323
248	1333
248	1408
249	738
249	856
249	882
249	1236
249	1308
249	1339
252	379
252	399
252	450
252	497
252	660
252	721
252	863
252	901
252	907
252	910
252	971
252	1077
252	1119
252	1132
252	1156
252	1228
252	1259
252	1299
252	1351
252	1390
252	1434
253	1133
254	348
254	359
254	415
254	474
254	488
254	511
254	571
254	587
254	631
254	635
254	721
254	777
254	782
254	786
254	864
254	903
254	910
254	934
254	966
254	974
254	1019
254	1026
254	1048
254	1054
254	1085
254	1088
254	1095
254	1125
254	1159
254	1168
254	1179
254	1195
254	1228
254	1258
254	1299
254	1304
254	1317
254	1359
254	1400
254	1404
254	1429
254	1438
254	1451
254	1492
262	948
262	1304
267	371
270	1357
270	1499
274	682
280	771
280	1212
280	1336
280	1364
280	1365
280	1486
280	1505
284	620
284	626
284	1034
284	1068
284	1448
288	777
288	1125
295	421
295	453
295	549
295	1357
296	896
306	938
306	978
306	1425
307	675
307	750
307	861
307	897
307	1024
307	1143
307	1222
307	1318
308	428
308	480
308	520
308	708
311	780
311	804
311	989
311	1396
320	1295
322	1144
325	588
325	828
325	876
325	972
326	476
326	719
326	875
326	878
326	983
326	1067
326	1073
326	1084
338	1018
341	1432
342	556
345	587
345	1246
348	359
348	415
348	474
348	475
348	488
348	497
348	631
348	721
348	777
348	782
348	864
348	910
348	974
348	988
348	1026
348	1048
348	1054
348	1125
348	1159
348	1168
348	1228
348	1257
348	1299
348	1304
348	1341
348	1438
349	599
358	511
358	680
358	908
358	1435
358	1480
359	474
359	488
359	497
359	631
359	642
359	721
359	777
359	782
359	864
359	910
359	940
359	988
359	1026
359	1048
359	1054
359	1125
359	1159
359	1299
359	1304
359	1438
362	948
362	1210
362	1333
362	1369
364	1238
364	1327
364	1389
369	669
369	828
371	594
372	437
372	680
372	938
372	1124
372	1358
379	399
379	450
379	488
379	497
379	660
379	721
379	824
379	827
379	901
379	907
379	910
379	944
379	971
379	1029
379	1054
379	1077
379	1119
379	1125
379	1132
379	1156
379	1174
379	1299
379	1351
379	1390
379	1429
379	1434
379	1438
381	945
385	565
385	778
385	952
385	1058
385	1187
394	1466
399	450
399	465
399	488
399	618
399	642
399	660
399	691
399	824
399	863
399	901
399	907
399	910
399	929
399	971
399	984
399	1029
399	1077
399	1132
399	1156
399	1174
399	1190
399	1299
399	1351
399	1390
399	1429
399	1434
404	724
407	567
407	883
407	957
407	975
407	1348
407	1443
408	510
411	459
413	517
413	1323
413	1408
415	474
415	475
415	488
415	497
415	578
415	631
415	721
415	777
415	782
415	864
415	910
415	940
415	974
415	988
415	1026
415	1048
415	1054
415	1095
415	1125
415	1159
415	1168
415	1228
415	1258
415	1299
415	1304
415	1341
415	1404
415	1429
418	546
418	1312
421	453
425	986
425	1026
426	946
428	520
431	587
433	940
433	1021
437	680
439	626
441	1243
442	1052
442	1151
444	485
444	700
444	1298
450	465
450	660
450	691
450	824
450	863
450	901
450	907
450	1029
450	1077
450	1132
450	1156
450	1174
450	1299
450	1351
450	1434
455	478
464	1073
464	1239
464	1382
465	901
465	910
465	1132
465	1156
465	1299
468	945
474	488
474	497
474	631
474	642
474	721
474	777
474	782
474	864
474	910
474	940
474	974
474	988
474	990
474	1026
474	1048
474	1054
474	1095
474	1125
474	1159
474	1168
474	1228
474	1258
474	1276
474	1299
474	1304
474	1333
474	1404
474	1429
474	1438
475	578
475	777
475	836
475	974
475	1125
475	1168
475	1258
476	719
476	875
476	878
476	983
476	1067
476	1073
476	1084
476	1236
476	1357
480	520
480	708
485	571
485	700
485	1012
485	1051
485	1282
485	1298
485	1309
488	497
488	554
488	631
488	642
488	721
488	777
488	782
488	864
488	910
488	940
488	974
488	984
488	1026
488	1048
488	1054
488	1095
488	1125
488	1159
488	1174
488	1179
488	1299
488	1304
488	1333
488	1438
490	697
490	1249
493	782
493	944
493	1213
497	631
497	660
497	721
497	777
497	782
497	864
497	910
497	1019
497	1026
497	1048
497	1054
497	1095
497	1125
497	1132
497	1159
497	1179
497	1228
497	1259
497	1276
497	1299
497	1304
497	1429
497	1438
511	590
511	680
511	782
511	908
511	1179
511	1202
511	1299
511	1304
511	1359
511	1480
514	1386
517	568
517	608
517	633
517	710
517	822
517	860
517	1100
517	1182
517	1230
517	1323
517	1333
517	1408
520	546
520	708
547	910
547	1295
549	1181
549	1455
554	777
554	864
554	974
561	1411
565	778
565	952
565	1058
565	1187
566	1135
567	883
567	975
567	1348
567	1443
568	608
568	633
568	710
568	822
568	860
568	1100
568	1182
568	1230
568	1323
568	1408
571	582
571	700
571	786
571	934
571	959
571	960
571	1009
571	1085
571	1119
571	1132
571	1179
571	1298
571	1299
571	1304
571	1492
573	589
573	655
573	656
573	1203
573	1253
573	1286
578	777
578	974
578	1026
578	1054
578	1258
581	1493
582	690
582	786
582	903
582	934
582	959
582	1085
582	1179
582	1492
587	890
587	903
587	934
587	1009
587	1085
587	1179
587	1246
587	1304
587	1492
588	828
588	876
588	972
588	1328
589	655
589	656
589	1203
589	1253
589	1286
608	633
608	710
608	822
608	860
608	1100
608	1182
608	1230
608	1323
608	1408
614	1167
616	945
618	691
618	824
618	929
618	1174
618	1190
618	1299
620	663
620	1448
623	739
623	1428
624	888
624	1041
626	1034
626	1068
629	1137
630	758
631	721
631	777
631	782
631	864
631	910
631	974
631	988
631	1026
631	1048
631	1054
631	1095
631	1125
631	1159
631	1258
631	1299
631	1304
631	1404
631	1429
631	1438
633	710
633	860
633	1100
633	1182
633	1230
633	1323
633	1333
633	1408
634	865
635	782
635	864
635	988
635	1054
635	1125
635	1258
635	1304
642	864
642	910
642	1132
642	1159
642	1299
642	1304
642	1429
644	1345
653	1200
655	656
655	1203
655	1253
655	1286
656	1203
656	1253
656	1286
658	691
658	824
658	929
658	1190
660	691
660	824
660	863
660	901
660	907
660	910
660	1029
660	1077
660	1132
660	1156
660	1174
660	1299
660	1351
660	1390
660	1429
660	1434
663	1448
663	1455
664	1367
666	981
669	828
673	1336
673	1339
673	1364
673	1505
675	1024
675	1143
680	908
680	938
680	1124
680	1358
680	1435
680	1480
689	1175
690	786
690	903
690	934
690	1085
690	1490
690	1492
691	824
691	901
691	907
691	929
691	1077
691	1132
691	1156
691	1174
691	1190
691	1299
691	1351
691	1434
697	1249
697	1336
697	1339
697	1505
700	846
700	1012
700	1051
700	1282
700	1298
700	1309
704	1182
710	860
710	1100
710	1164
710	1182
710	1230
710	1323
710	1408
714	1312
719	875
719	878
719	983
719	1067
719	1073
719	1084
719	1357
721	777
721	782
721	864
721	910
721	988
721	1026
721	1048
721	1054
721	1095
721	1125
721	1132
721	1159
721	1168
721	1179
721	1228
721	1259
721	1276
721	1299
721	1304
721	1333
721	1429
732	814
732	1441
738	856
738	882
738	1236
738	1308
738	1339
738	1486
738	1505
739	1428
750	861
750	897
750	1024
750	1143
750	1318
753	934
753	959
753	1009
753	1085
758	1088
767	1157
771	1212
771	1336
771	1364
771	1365
771	1486
771	1505
777	782
777	864
777	910
777	940
777	974
777	988
777	1026
777	1048
777	1054
777	1095
777	1125
777	1159
777	1168
777	1228
777	1258
777	1299
777	1304
777	1333
777	1341
777	1404
777	1429
777	1438
778	952
778	1058
778	1187
780	804
780	1396
781	888
781	1041
782	786
782	864
782	910
782	940
782	944
782	988
782	1026
782	1036
782	1048
782	1054
782	1088
782	1125
782	1159
782	1168
782	1299
782	1304
782	1333
782	1400
782	1418
782	1429
785	894
786	890
786	903
786	934
786	959
786	1009
786	1085
786	1162
786	1179
786	1250
786	1304
786	1317
786	1359
786	1451
786	1490
786	1492
787	1262
793	827
793	1281
796	953
804	1396
814	1441
822	1408
824	901
824	910
824	1077
824	1132
824	1156
824	1174
824	1190
824	1299
824	1351
824	1429
824	1434
827	1132
827	1156
827	1281
827	1390
828	876
828	972
828	1328
846	1035
846	1298
849	1061
856	882
856	1236
856	1308
856	1339
856	1486
856	1505
860	1100
860	1182
860	1230
860	1323
860	1333
860	1408
861	897
861	1024
861	1143
863	901
863	910
863	949
863	971
863	1077
863	1132
863	1156
863	1299
863	1351
863	1434
864	910
864	974
864	988
864	1026
864	1036
864	1048
864	1054
864	1095
864	1125
864	1159
864	1168
864	1179
864	1228
864	1258
864	1299
864	1304
864	1429
864	1438
875	1073
875	1084
875	1357
876	972
878	983
878	1067
878	1073
878	1084
882	1236
882	1308
882	1336
882	1339
882	1486
882	1505
883	975
883	1348
883	1443
884	985
884	1123
888	1041
890	903
890	934
890	1009
890	1085
890	1179
890	1304
890	1492
897	1024
897	1143
897	1318
901	907
901	910
901	929
901	971
901	1077
901	1119
901	1132
901	1156
901	1174
901	1299
901	1351
901	1390
901	1429
901	1434
903	934
903	959
903	1009
903	1085
903	1179
903	1490
903	1492
907	1029
907	1077
907	1125
907	1132
907	1156
907	1299
907	1351
907	1390
907	1434
908	938
908	1124
908	1435
908	1480
910	949
910	1019
910	1026
910	1048
910	1054
910	1095
910	1125
910	1132
910	1156
910	1159
910	1175
910	1179
910	1228
910	1259
910	1276
910	1299
910	1304
910	1351
910	1390
910	1404
910	1429
910	1434
910	1438
918	963
918	1270
924	984
929	945
929	1069
929	1190
934	959
934	1009
934	1085
934	1179
934	1317
934	1451
934	1487
934	1490
934	1492
938	978
938	1124
938	1358
938	1435
940	1048
940	1054
940	1125
940	1159
940	1175
940	1299
940	1304
940	1429
944	1119
944	1132
944	1137
944	1299
945	1069
948	1210
948	1369
949	1259
952	1058
952	1187
959	1009
959	1085
959	1162
959	1179
959	1490
959	1492
961	1494
963	1270
963	1312
966	1168
967	1216
967	1301
971	1077
971	1132
971	1156
971	1299
971	1390
971	1434
973	988
974	1026
974	1048
974	1054
974	1125
974	1159
974	1168
974	1257
974	1258
974	1299
975	1348
975	1443
976	1346
976	1406
983	1067
983	1073
983	1084
984	1299
985	1123
988	1026
988	1048
988	1054
988	1125
988	1159
988	1179
988	1228
988	1257
988	1404
988	1438
1008	1298
1009	1085
1009	1179
1009	1490
1009	1492
1012	1282
1012	1298
1012	1309
1017	1497
1018	1213
1019	1054
1019	1132
1019	1429
1024	1143
1024	1222
1024	1318
1026	1048
1026	1054
1026	1125
1026	1159
1026	1168
1026	1228
1026	1258
1026	1299
1026	1304
1026	1404
1026	1429
1026	1438
1029	1055
1029	1077
1029	1125
1029	1132
1029	1156
1029	1299
1029	1418
1029	1429
1029	1434
1034	1068
1036	1048
1036	1304
1036	1333
1048	1054
1048	1095
1048	1125
1048	1132
1048	1159
1048	1168
1048	1179
1048	1228
1048	1258
1048	1276
1048	1299
1048	1304
1048	1333
1048	1404
1048	1429
1048	1438
1049	1218
1051	1282
1051	1298
1051	1309
1052	1151
1054	1095
1054	1125
1054	1132
1054	1156
1054	1159
1054	1168
1054	1175
1054	1228
1054	1258
1054	1259
1054	1276
1054	1299
1054	1304
1054	1333
1054	1341
1054	1404
1054	1429
1054	1438
1058	1187
1062	1130
1067	1073
1067	1084
1073	1084
1073	1239
1073	1382
1077	1119
1077	1132
1077	1156
1077	1174
1077	1299
1077	1351
1077	1390
1077	1434
1080	1128
1080	1235
1080	1248
1080	1455
1082	1270
1085	1162
1085	1179
1085	1304
1085	1317
1085	1451
1085	1490
1085	1492
1088	1304
1095	1125
1095	1159
1095	1228
1095	1299
1095	1304
1095	1333
1095	1404
1095	1429
1100	1182
1100	1230
1100	1323
1100	1408
1119	1132
1119	1156
1119	1179
1119	1259
1119	1351
1124	1358
1124	1360
1124	1435
1125	1132
1125	1159
1125	1168
1125	1228
1125	1258
1125	1259
1125	1299
1125	1304
1125	1333
1125	1341
1125	1404
1125	1429
1125	1438
1128	1235
1128	1248
1132	1156
1132	1159
1132	1174
1132	1179
1132	1259
1132	1276
1132	1299
1132	1304
1132	1351
1132	1390
1132	1429
1132	1434
1132	1438
1135	1384
1143	1222
1143	1318
1143	1333
1156	1174
1156	1259
1156	1299
1156	1351
1156	1390
1156	1429
1156	1434
1156	1438
1159	1168
1159	1228
1159	1257
1159	1258
1159	1276
1159	1299
1159	1304
1159	1333
1159	1404
1159	1429
1159	1438
1162	1490
1162	1492
1168	1228
1168	1258
1168	1299
1168	1304
1168	1404
1168	1418
1168	1472
1174	1190
1174	1299
1174	1351
1174	1434
1175	1299
1179	1299
1179	1304
1179	1359
1179	1400
1179	1404
1179	1429
1179	1490
1179	1492
1181	1455
1182	1230
1182	1323
1182	1408
1190	1299
1195	1317
1195	1451
1203	1253
1203	1286
1210	1369
1212	1336
1212	1339
1212	1364
1212	1365
1212	1486
1212	1505
1216	1301
1226	1273
1226	1338
1228	1276
1228	1299
1228	1304
1228	1333
1228	1404
1230	1323
1230	1333
1230	1408
1235	1248
1235	1455
1236	1308
1236	1336
1236	1339
1236	1486
1236	1505
1238	1327
1238	1389
1239	1382
1248	1455
1249	1336
1249	1339
1249	1505
1253	1286
1258	1299
1258	1304
1258	1404
1259	1299
1259	1351
1259	1390
1259	1429
1270	1312
1273	1338
1276	1299
1276	1429
1282	1298
1282	1309
1298	1309
1299	1304
1299	1351
1299	1390
1299	1404
1299	1429
1299	1434
1299	1438
1304	1359
1304	1400
1304	1404
1304	1429
1304	1438
1304	1492
1308	1336
1308	1339
1308	1357
1308	1486
1308	1505
1317	1451
1323	1408
1327	1389
1333	1369
1333	1400
1333	1404
1333	1408
1336	1339
1336	1364
1336	1365
1336	1486
1336	1505
1339	1364
1339	1365
1339	1486
1339	1505
1346	1406
1348	1443
1351	1390
1351	1429
1351	1434
1358	1435
1359	1490
1364	1365
1364	1486
1364	1505
1365	1486
1365	1505
1390	1429
1390	1434
1404	1429
1429	1434
1429	1438
1435	1480
1451	1492
1486	1505
1490	1492
22	3
533	3
91	11
1362	11
35	13
653	13
1200	13
732	15
814	15
1441	15
73	16
179	16
200	16
262	16
359	16
362	16
379	16
474	16
497	16
782	16
910	16
948	16
1299	16
1369	16
1429	16
1050	17
533	22
105	24
125	24
369	24
669	24
828	24
1019	27
1048	27
1125	27
1304	27
1429	27
49	31
106	31
120	31
144	31
160	31
179	31
235	31
254	31
571	31
582	31
587	31
690	31
786	31
890	31
903	31
934	31
959	31
1009	31
1085	31
1119	31
1179	31
1250	31
1304	31
1317	31
1390	31
1451	31
1490	31
1492	31
113	33
151	34
653	35
1200	35
1368	36
68	37
206	37
372	37
437	37
680	37
938	37
1023	37
1358	37
55	38
107	38
154	38
196	38
200	38
201	38
254	38
348	38
415	38
474	38
475	38
488	38
631	38
721	38
777	38
864	38
910	38
940	38
974	38
990	38
1026	38
1048	38
1054	38
1125	38
1159	38
1168	38
1228	38
1258	38
1299	38
1304	38
1404	38
86	41
158	41
163	41
307	41
750	41
861	41
897	41
1024	41
1143	41
1222	41
1318	41
73	49
106	49
120	49
140	49
144	49
154	49
179	49
200	49
201	49
254	49
359	49
415	49
474	49
497	49
511	49
571	49
587	49
631	49
635	49
777	49
782	49
786	49
864	49
903	49
910	49
934	49
974	49
988	49
1026	49
1048	49
1054	49
1085	49
1088	49
1119	49
1125	49
1132	49
1168	49
1179	49
1299	49
1304	49
1369	49
1404	49
1429	49
1492	49
341	53
1132	53
1432	53
107	55
196	55
200	55
201	55
254	55
348	55
415	55
474	55
475	55
488	55
578	55
631	55
777	55
810	55
864	55
974	55
1026	55
1048	55
1054	55
1159	55
1168	55
1228	55
1258	55
1299	55
1304	55
816	58
816	64
206	68
372	68
437	68
680	68
908	68
938	68
1124	68
1358	68
1435	68
234	71
680	71
908	71
1480	71
254	73
262	73
362	73
407	73
948	73
1210	73
1304	73
1369	73
1400	73
1443	73
284	74
620	74
626	74
663	74
1034	74
1448	74
474	75
642	75
988	75
1299	75
1226	76
1273	76
1338	76
200	82
1093	82
158	86
163	86
307	86
675	86
750	86
861	86
897	86
1024	86
1143	86
1318	86
1443	96
248	97
413	97
517	97
568	97
608	97
633	97
710	97
822	97
860	97
1100	97
1164	97
1182	97
1230	97
1323	97
1333	97
1408	97
217	99
222	99
249	99
280	99
697	99
738	99
771	99
856	99
882	99
1212	99
1236	99
1249	99
1308	99
1336	99
1339	99
1364	99
1365	99
1486	99
1505	99
223	100
1449	100
976	104
1346	104
1406	104
828	105
120	106
140	106
154	106
179	106
201	106
254	106
348	106
359	106
415	106
488	106
566	106
571	106
635	106
721	106
782	106
786	106
864	106
910	106
966	106
988	106
1026	106
1048	106
1054	106
1088	106
1125	106
1159	106
1168	106
1179	106
1195	106
1228	106
1258	106
1299	106
1304	106
1317	106
1333	106
1400	106
1404	106
1451	106
154	107
196	107
200	107
201	107
359	107
415	107
474	107
475	107
488	107
631	107
777	107
864	107
974	107
1026	107
1054	107
1125	107
1159	107
1168	107
1299	107
349	112
599	112
159	119
295	119
326	119
476	119
719	119
875	119
878	119
1084	119
1252	119
1357	119
179	120
254	120
587	120
786	120
1085	120
1179	120
1195	120
1304	120
1451	120
1492	120
364	122
1238	122
1327	122
1389	122
369	125
669	125
828	125
158	129
307	129
1024	129
1143	129
623	130
1428	130
412	136
382	137
571	138
179	140
201	140
493	140
511	140
782	140
944	140
1132	140
1304	140
399	143
863	143
901	143
1132	143
1156	143
1174	143
1434	143
179	144
235	144
587	144
786	144
903	144
944	144
1119	144
1132	144
1179	144
1492	144
237	145
666	145
981	145
394	149
1466	149
179	154
196	154
200	154
201	154
254	154
348	154
359	154
415	154
474	154
488	154
497	154
631	154
635	154
721	154
777	154
782	154
864	154
910	154
940	154
974	154
988	154
1026	154
1048	154
1054	154
1095	154
1125	154
1159	154
1168	154
1179	154
1228	154
1299	154
1304	154
1333	154
1341	154
1404	154
210	156
573	156
589	156
655	156
656	156
1203	156
1253	156
1286	156
163	158
307	158
675	158
750	158
861	158
897	158
1024	158
1143	158
1188	158
1318	158
326	159
476	159
719	159
878	159
983	159
1067	159
1073	159
1084	159
179	160
254	160
571	160
582	160
690	160
753	160
786	160
890	160
903	160
934	160
959	160
1009	160
1085	160
1162	160
1179	160
1317	160
1451	160
1490	160
1492	160
307	163
750	163
861	163
897	163
1024	163
1143	163
1318	163
399	164
618	164
691	164
824	164
924	164
929	164
984	164
1190	164
200	179
201	179
252	179
254	179
379	179
488	179
511	179
571	179
582	179
587	179
721	179
782	179
786	179
890	179
901	179
903	179
910	179
934	179
944	179
959	179
1009	179
1048	179
1085	179
1119	179
1132	179
1156	179
1159	179
1179	179
1299	179
1304	179
1359	179
1429	179
1490	179
1492	179
667	180
644	183
1429	183
302	184
757	184
849	189
1061	189
946	192
1397	195
200	196
201	196
254	196
348	196
359	196
399	196
415	196
474	196
475	196
488	196
497	196
631	196
721	196
777	196
782	196
864	196
910	196
974	196
988	196
1048	196
1054	196
1125	196
1159	196
1168	196
1174	196
1228	196
1258	196
1299	196
1304	196
1341	196
1404	196
1429	196
1438	196
1472	196
201	200
254	200
348	200
359	200
415	200
474	200
475	200
488	200
497	200
631	200
642	200
721	200
777	200
782	200
863	200
864	200
910	200
974	200
988	200
1026	200
1048	200
1054	200
1095	200
1125	200
1132	200
1159	200
1168	200
1174	200
1228	200
1259	200
1276	200
1299	200
1304	200
1341	200
1351	200
1404	200
1429	200
1438	200
254	201
348	201
359	201
389	201
415	201
433	201
474	201
475	201
488	201
497	201
511	201
554	201
578	201
631	201
635	201
721	201
777	201
782	201
864	201
910	201
974	201
988	201
1026	201
1048	201
1054	201
1095	201
1125	201
1159	201
1168	201
1228	201
1258	201
1299	201
1304	201
1333	201
1400	201
274	202
682	202
372	206
680	206
938	206
1124	206
1358	206
1435	206
573	210
589	210
655	210
656	210
1203	210
1253	210
1286	210
504	213
228	214
490	217
697	217
1249	217
1336	217
1339	217
1505	217
308	219
428	219
480	219
520	219
708	219
249	222
738	222
856	222
882	222
1236	222
1308	222
1336	222
1339	222
1486	222
1505	222
944	233
1137	233
358	234
511	234
680	234
908	234
1435	234
1480	234
666	237
981	237
408	245
510	245
413	248
517	248
568	248
608	248
633	248
710	248
860	248
1100	248
1182	248
1230	248
1323	248
1333	248
1408	248
738	249
856	249
882	249
1236	249
1308	249
1339	249
379	252
399	252
450	252
497	252
660	252
721	252
863	252
901	252
907	252
910	252
971	252
1077	252
1119	252
1132	252
1156	252
1228	252
1259	252
1299	252
1351	252
1390	252
1434	252
1133	253
348	254
359	254
415	254
474	254
488	254
511	254
571	254
587	254
631	254
635	254
721	254
777	254
782	254
786	254
864	254
903	254
910	254
934	254
966	254
974	254
1019	254
1026	254
1048	254
1054	254
1085	254
1088	254
1095	254
1125	254
1159	254
1168	254
1179	254
1195	254
1228	254
1258	254
1299	254
1304	254
1317	254
1359	254
1400	254
1404	254
1429	254
1438	254
1451	254
1492	254
948	262
1304	262
371	267
1357	270
1499	270
682	274
771	280
1212	280
1336	280
1364	280
1365	280
1486	280
1505	280
620	284
626	284
1034	284
1068	284
1448	284
777	288
1125	288
421	295
453	295
549	295
1357	295
896	296
938	306
978	306
1425	306
675	307
750	307
861	307
897	307
1024	307
1143	307
1222	307
1318	307
428	308
480	308
520	308
708	308
780	311
804	311
989	311
1396	311
1295	320
1144	322
588	325
828	325
876	325
972	325
476	326
719	326
875	326
878	326
983	326
1067	326
1073	326
1084	326
1018	338
1432	341
556	342
587	345
1246	345
359	348
415	348
474	348
475	348
488	348
497	348
631	348
721	348
777	348
782	348
864	348
910	348
974	348
988	348
1026	348
1048	348
1054	348
1125	348
1159	348
1168	348
1228	348
1257	348
1299	348
1304	348
1341	348
1438	348
599	349
511	358
680	358
908	358
1435	358
1480	358
474	359
488	359
497	359
631	359
642	359
721	359
777	359
782	359
864	359
910	359
940	359
988	359
1026	359
1048	359
1054	359
1125	359
1159	359
1299	359
1304	359
1438	359
948	362
1210	362
1333	362
1369	362
1238	364
1327	364
1389	364
669	369
828	369
594	371
437	372
680	372
938	372
1124	372
1358	372
399	379
450	379
488	379
497	379
660	379
721	379
824	379
827	379
901	379
907	379
910	379
944	379
971	379
1029	379
1054	379
1077	379
1119	379
1125	379
1132	379
1156	379
1174	379
1299	379
1351	379
1390	379
1429	379
1434	379
1438	379
945	381
565	385
778	385
952	385
1058	385
1187	385
1466	394
450	399
465	399
488	399
618	399
642	399
660	399
691	399
824	399
863	399
901	399
907	399
910	399
929	399
971	399
984	399
1029	399
1077	399
1132	399
1156	399
1174	399
1190	399
1299	399
1351	399
1390	399
1429	399
1434	399
724	404
567	407
883	407
957	407
975	407
1348	407
1443	407
510	408
459	411
517	413
1323	413
1408	413
474	415
475	415
488	415
497	415
578	415
631	415
721	415
777	415
782	415
864	415
910	415
940	415
974	415
988	415
1026	415
1048	415
1054	415
1095	415
1125	415
1159	415
1168	415
1228	415
1258	415
1299	415
1304	415
1341	415
1404	415
1429	415
546	418
1312	418
453	421
986	425
1026	425
946	426
520	428
587	431
940	433
1021	433
680	437
626	439
1243	441
1052	442
1151	442
485	444
700	444
1298	444
465	450
660	450
691	450
824	450
863	450
901	450
907	450
1029	450
1077	450
1132	450
1156	450
1174	450
1299	450
1351	450
1434	450
478	455
1073	464
1239	464
1382	464
901	465
910	465
1132	465
1156	465
1299	465
945	468
488	474
497	474
631	474
642	474
721	474
777	474
782	474
864	474
910	474
940	474
974	474
988	474
990	474
1026	474
1048	474
1054	474
1095	474
1125	474
1159	474
1168	474
1228	474
1258	474
1276	474
1299	474
1304	474
1333	474
1404	474
1429	474
1438	474
578	475
777	475
836	475
974	475
1125	475
1168	475
1258	475
719	476
875	476
878	476
983	476
1067	476
1073	476
1084	476
1236	476
1357	476
520	480
708	480
571	485
700	485
1012	485
1051	485
1282	485
1298	485
1309	485
497	488
554	488
631	488
642	488
721	488
777	488
782	488
864	488
910	488
940	488
974	488
984	488
1026	488
1048	488
1054	488
1095	488
1125	488
1159	488
1174	488
1179	488
1299	488
1304	488
1333	488
1438	488
697	490
1249	490
782	493
944	493
1213	493
631	497
660	497
721	497
777	497
782	497
864	497
910	497
1019	497
1026	497
1048	497
1054	497
1095	497
1125	497
1132	497
1159	497
1179	497
1228	497
1259	497
1276	497
1299	497
1304	497
1429	497
1438	497
590	511
680	511
782	511
908	511
1179	511
1202	511
1299	511
1304	511
1359	511
1480	511
1386	514
568	517
608	517
633	517
710	517
822	517
860	517
1100	517
1182	517
1230	517
1323	517
1333	517
1408	517
546	520
708	520
910	547
1295	547
1181	549
1455	549
777	554
864	554
974	554
1411	561
778	565
952	565
1058	565
1187	565
1135	566
883	567
975	567
1348	567
1443	567
608	568
633	568
710	568
822	568
860	568
1100	568
1182	568
1230	568
1323	568
1408	568
582	571
700	571
786	571
934	571
959	571
960	571
1009	571
1085	571
1119	571
1132	571
1179	571
1298	571
1299	571
1304	571
1492	571
589	573
655	573
656	573
1203	573
1253	573
1286	573
777	578
974	578
1026	578
1054	578
1258	578
1493	581
690	582
786	582
903	582
934	582
959	582
1085	582
1179	582
1492	582
890	587
903	587
934	587
1009	587
1085	587
1179	587
1246	587
1304	587
1492	587
828	588
876	588
972	588
1328	588
655	589
656	589
1203	589
1253	589
1286	589
633	608
710	608
822	608
860	608
1100	608
1182	608
1230	608
1323	608
1408	608
1167	614
945	616
691	618
824	618
929	618
1174	618
1190	618
1299	618
663	620
1448	620
739	623
1428	623
888	624
1041	624
1034	626
1068	626
1137	629
758	630
721	631
777	631
782	631
864	631
910	631
974	631
988	631
1026	631
1048	631
1054	631
1095	631
1125	631
1159	631
1258	631
1299	631
1304	631
1404	631
1429	631
1438	631
710	633
860	633
1100	633
1182	633
1230	633
1323	633
1333	633
1408	633
865	634
782	635
864	635
988	635
1054	635
1125	635
1258	635
1304	635
864	642
910	642
1132	642
1159	642
1299	642
1304	642
1429	642
1345	644
1200	653
656	655
1203	655
1253	655
1286	655
1203	656
1253	656
1286	656
691	658
824	658
929	658
1190	658
691	660
824	660
863	660
901	660
907	660
910	660
1029	660
1077	660
1132	660
1156	660
1174	660
1299	660
1351	660
1390	660
1429	660
1434	660
1448	663
1455	663
1367	664
981	666
828	669
1336	673
1339	673
1364	673
1505	673
1024	675
1143	675
908	680
938	680
1124	680
1358	680
1435	680
1480	680
1175	689
786	690
903	690
934	690
1085	690
1490	690
1492	690
824	691
901	691
907	691
929	691
1077	691
1132	691
1156	691
1174	691
1190	691
1299	691
1351	691
1434	691
1249	697
1336	697
1339	697
1505	697
846	700
1012	700
1051	700
1282	700
1298	700
1309	700
1182	704
860	710
1100	710
1164	710
1182	710
1230	710
1323	710
1408	710
1312	714
875	719
878	719
983	719
1067	719
1073	719
1084	719
1357	719
777	721
782	721
864	721
910	721
988	721
1026	721
1048	721
1054	721
1095	721
1125	721
1132	721
1159	721
1168	721
1179	721
1228	721
1259	721
1276	721
1299	721
1304	721
1333	721
1429	721
814	732
1441	732
856	738
882	738
1236	738
1308	738
1339	738
1486	738
1505	738
1428	739
861	750
897	750
1024	750
1143	750
1318	750
934	753
959	753
1009	753
1085	753
1088	758
1157	767
1212	771
1336	771
1364	771
1365	771
1486	771
1505	771
782	777
864	777
910	777
940	777
974	777
988	777
1026	777
1048	777
1054	777
1095	777
1125	777
1159	777
1168	777
1228	777
1258	777
1299	777
1304	777
1333	777
1341	777
1404	777
1429	777
1438	777
952	778
1058	778
1187	778
804	780
1396	780
888	781
1041	781
786	782
864	782
910	782
940	782
944	782
988	782
1026	782
1036	782
1048	782
1054	782
1088	782
1125	782
1159	782
1168	782
1299	782
1304	782
1333	782
1400	782
1418	782
1429	782
894	785
890	786
903	786
934	786
959	786
1009	786
1085	786
1162	786
1179	786
1250	786
1304	786
1317	786
1359	786
1451	786
1490	786
1492	786
1262	787
827	793
1281	793
953	796
1396	804
1441	814
1408	822
901	824
910	824
1077	824
1132	824
1156	824
1174	824
1190	824
1299	824
1351	824
1429	824
1434	824
1132	827
1156	827
1281	827
1390	827
876	828
972	828
1328	828
1035	846
1298	846
1061	849
882	856
1236	856
1308	856
1339	856
1486	856
1505	856
1100	860
1182	860
1230	860
1323	860
1333	860
1408	860
897	861
1024	861
1143	861
901	863
910	863
949	863
971	863
1077	863
1132	863
1156	863
1299	863
1351	863
1434	863
910	864
974	864
988	864
1026	864
1036	864
1048	864
1054	864
1095	864
1125	864
1159	864
1168	864
1179	864
1228	864
1258	864
1299	864
1304	864
1429	864
1438	864
1073	875
1084	875
1357	875
972	876
983	878
1067	878
1073	878
1084	878
1236	882
1308	882
1336	882
1339	882
1486	882
1505	882
975	883
1348	883
1443	883
985	884
1123	884
1041	888
903	890
934	890
1009	890
1085	890
1179	890
1304	890
1492	890
1024	897
1143	897
1318	897
907	901
910	901
929	901
971	901
1077	901
1119	901
1132	901
1156	901
1174	901
1299	901
1351	901
1390	901
1429	901
1434	901
934	903
959	903
1009	903
1085	903
1179	903
1490	903
1492	903
1029	907
1077	907
1125	907
1132	907
1156	907
1299	907
1351	907
1390	907
1434	907
938	908
1124	908
1435	908
1480	908
949	910
1019	910
1026	910
1048	910
1054	910
1095	910
1125	910
1132	910
1156	910
1159	910
1175	910
1179	910
1228	910
1259	910
1276	910
1299	910
1304	910
1351	910
1390	910
1404	910
1429	910
1434	910
1438	910
963	918
1270	918
984	924
945	929
1069	929
1190	929
959	934
1009	934
1085	934
1179	934
1317	934
1451	934
1487	934
1490	934
1492	934
978	938
1124	938
1358	938
1435	938
1048	940
1054	940
1125	940
1159	940
1175	940
1299	940
1304	940
1429	940
1119	944
1132	944
1137	944
1299	944
1069	945
1210	948
1369	948
1259	949
1058	952
1187	952
1009	959
1085	959
1162	959
1179	959
1490	959
1492	959
1494	961
1270	963
1312	963
1168	966
1216	967
1301	967
1077	971
1132	971
1156	971
1299	971
1390	971
1434	971
988	973
1026	974
1048	974
1054	974
1125	974
1159	974
1168	974
1257	974
1258	974
1299	974
1348	975
1443	975
1346	976
1406	976
1067	983
1073	983
1084	983
1299	984
1123	985
1026	988
1048	988
1054	988
1125	988
1159	988
1179	988
1228	988
1257	988
1404	988
1438	988
1298	1008
1085	1009
1179	1009
1490	1009
1492	1009
1282	1012
1298	1012
1309	1012
1497	1017
1213	1018
1054	1019
1132	1019
1429	1019
1143	1024
1222	1024
1318	1024
1048	1026
1054	1026
1125	1026
1159	1026
1168	1026
1228	1026
1258	1026
1299	1026
1304	1026
1404	1026
1429	1026
1438	1026
1055	1029
1077	1029
1125	1029
1132	1029
1156	1029
1299	1029
1418	1029
1429	1029
1434	1029
1068	1034
1048	1036
1304	1036
1333	1036
1054	1048
1095	1048
1125	1048
1132	1048
1159	1048
1168	1048
1179	1048
1228	1048
1258	1048
1276	1048
1299	1048
1304	1048
1333	1048
1404	1048
1429	1048
1438	1048
1218	1049
1282	1051
1298	1051
1309	1051
1151	1052
1095	1054
1125	1054
1132	1054
1156	1054
1159	1054
1168	1054
1175	1054
1228	1054
1258	1054
1259	1054
1276	1054
1299	1054
1304	1054
1333	1054
1341	1054
1404	1054
1429	1054
1438	1054
1187	1058
1130	1062
1073	1067
1084	1067
1084	1073
1239	1073
1382	1073
1119	1077
1132	1077
1156	1077
1174	1077
1299	1077
1351	1077
1390	1077
1434	1077
1128	1080
1235	1080
1248	1080
1455	1080
1270	1082
1162	1085
1179	1085
1304	1085
1317	1085
1451	1085
1490	1085
1492	1085
1304	1088
1125	1095
1159	1095
1228	1095
1299	1095
1304	1095
1333	1095
1404	1095
1429	1095
1182	1100
1230	1100
1323	1100
1408	1100
1132	1119
1156	1119
1179	1119
1259	1119
1351	1119
1358	1124
1360	1124
1435	1124
1132	1125
1159	1125
1168	1125
1228	1125
1258	1125
1259	1125
1299	1125
1304	1125
1333	1125
1341	1125
1404	1125
1429	1125
1438	1125
1235	1128
1248	1128
1156	1132
1159	1132
1174	1132
1179	1132
1259	1132
1276	1132
1299	1132
1304	1132
1351	1132
1390	1132
1429	1132
1434	1132
1438	1132
1384	1135
1222	1143
1318	1143
1333	1143
1174	1156
1259	1156
1299	1156
1351	1156
1390	1156
1429	1156
1434	1156
1438	1156
1168	1159
1228	1159
1257	1159
1258	1159
1276	1159
1299	1159
1304	1159
1333	1159
1404	1159
1429	1159
1438	1159
1490	1162
1492	1162
1228	1168
1258	1168
1299	1168
1304	1168
1404	1168
1418	1168
1472	1168
1190	1174
1299	1174
1351	1174
1434	1174
1299	1175
1299	1179
1304	1179
1359	1179
1400	1179
1404	1179
1429	1179
1490	1179
1492	1179
1455	1181
1230	1182
1323	1182
1408	1182
1299	1190
1317	1195
1451	1195
1253	1203
1286	1203
1369	1210
1336	1212
1339	1212
1364	1212
1365	1212
1486	1212
1505	1212
1301	1216
1273	1226
1338	1226
1276	1228
1299	1228
1304	1228
1333	1228
1404	1228
1323	1230
1333	1230
1408	1230
1248	1235
1455	1235
1308	1236
1336	1236
1339	1236
1486	1236
1505	1236
1327	1238
1389	1238
1382	1239
1455	1248
1336	1249
1339	1249
1505	1249
1286	1253
1299	1258
1304	1258
1404	1258
1299	1259
1351	1259
1390	1259
1429	1259
1312	1270
1338	1273
1299	1276
1429	1276
1298	1282
1309	1282
1309	1298
1304	1299
1351	1299
1390	1299
1404	1299
1429	1299
1434	1299
1438	1299
1359	1304
1400	1304
1404	1304
1429	1304
1438	1304
1492	1304
1336	1308
1339	1308
1357	1308
1486	1308
1505	1308
1451	1317
1408	1323
1389	1327
1369	1333
1400	1333
1404	1333
1408	1333
1339	1336
1364	1336
1365	1336
1486	1336
1505	1336
1364	1339
1365	1339
1486	1339
1505	1339
1406	1346
1443	1348
1390	1351
1429	1351
1434	1351
1435	1358
1490	1359
1365	1364
1486	1364
1505	1364
1486	1365
1505	1365
1429	1390
1434	1390
1429	1404
1434	1429
1438	1429
1480	1435
1492	1451
1505	1486
1492	1490
