0	3305
5	1216
5	1947
5	2808
9	167
9	340
9	439
9	1549
9	2137
11	16
11	167
11	397
11	470
11	746
11	755
11	788
11	1063
11	1252
11	1812
11	2066
11	2284
11	2292
11	2297
11	2366
11	2919
11	3221
12	132
12	298
12	372
12	928
12	1500
12	2968
16	387
18	2484
20	2755
22	226
22	1425
22	1614
22	2689
23	953
23	1032
24	755
24	1057
24	1228
24	1613
24	2450
25	480
25	1390
25	2934
28	29
28	107
28	470
28	548
28	967
28	1654
28	1794
28	2302
28	2755
28	3307
31	422
31	1041
32	387
32	557
32	772
32	1921
32	1927
32	2164
32	2758
32	2805
32	3175
33	1032
33	3305
34	2139
35	2791
36	37
36	1162
36	2007
36	2618
36	2760
37	825
42	953
42	1244
42	2237
43	628
43	923
43	3170
48	1041
52	2442
53	159
54	167
54	1065
54	3075
55	2294
59	601
59	2843
64	2755
66	2443
68	627
68	2195
68	2707
69	167
69	1093
69	2297
69	2512
72	923
73	74
73	532
73	863
73	923
73	1715
73	3272
74	384
74	694
74	755
74	2137
74	2148
74	2749
74	3305
75	363
75	753
75	1166
75	1484
75	2206
75	3345
76	1162
79	167
79	1466
79	1947
79	3070
79	3232
85	3170
87	1459
87	2103
87	2137
87	2305
87	3357
88	564
88	699
88	839
88	1243
90	2551
91	132
91	1101
91	1788
91	2619
91	3264
94	2913
95	110
95	561
95	698
95	3075
95	3126
95	3333
97	219
97	414
97	694
97	701
97	1023
97	1427
97	1798
97	2344
97	3064
97	3167
100	2297
101	2390
101	2805
101	3200
103	906
103	2367
103	2847
103	3144
107	470
107	938
107	1063
107	1947
107	2496
110	564
110	597
110	1185
110	1268
110	1689
110	2158
110	2161
110	2292
110	2468
110	2812
110	3175
112	1852
112	3015
112	3018
114	698
114	746
114	2075
114	2195
120	274
120	708
120	755
120	901
120	1081
120	1154
120	1268
120	1417
120	2087
120	2137
120	2767
120	2827
120	2869
121	132
132	158
132	269
132	305
132	376
132	451
132	551
132	798
132	878
132	1000
132	1052
132	1085
132	1425
132	1689
132	2026
132	2079
132	2137
132	2253
132	2399
132	2408
132	2420
132	2441
132	2512
132	2540
132	2542
132	2553
132	2579
132	2580
132	2595
132	2648
132	2664
132	2803
132	2838
132	2976
132	3134
132	3276
133	270
133	689
133	1521
133	1980
133	2046
133	2194
133	2256
133	2337
133	2443
133	2542
133	3108
133	3128
133	3130
133	3296
135	317
135	1912
136	839
141	930
149	2951
152	564
156	189
156	190
156	361
156	503
156	597
156	633
156	808
156	893
156	947
156	1052
156	1126
156	1984
156	2265
156	2317
156	2349
156	2397
156	2442
156	2551
156	2755
156	2803
156	2909
156	2994
156	3026
156	3058
156	3139
156	3198
156	3318
158	730
158	755
158	1302
158	1674
158	2137
158	2396
158	2420
158	3276
159	1947
159	2526
159	3198
165	1280
165	2526
167	270
167	348
167	384
167	387
167	580
167	646
167	794
167	930
167	1375
167	1726
167	1838
167	2161
167	2195
167	2322
167	2467
167	2484
167	2590
167	2602
167	2706
167	2913
167	2919
167	2936
167	3075
167	3108
167	3130
167	3195
167	3313
169	246
169	560
169	606
169	761
169	788
169	2080
169	2516
169	3118
169	3241
170	730
170	928
170	3023
172	840
172	1597
172	2871
172	3075
173	1162
178	850
178	1960
178	2591
178	2878
182	503
186	1519
186	1563
186	2461
187	503
187	679
187	715
187	1307
187	2228
187	3272
188	334
188	1257
188	3092
189	254
189	333
189	572
189	606
189	794
189	863
189	917
189	947
189	1689
189	1908
189	2046
189	2176
189	2220
189	2248
189	2292
189	2338
189	2419
189	2443
189	2535
189	2551
189	2574
189	2580
189	2809
189	2853
189	2858
189	2904
189	3056
189	3341
190	628
190	981
190	1036
190	1405
190	2297
190	2751
190	2878
196	742
196	825
196	2443
196	2941
196	3095
205	1459
205	2343
205	2526
205	2805
208	1394
208	2297
208	2339
211	628
211	2985
211	3075
212	273
212	1300
216	2322
218	613
218	1090
218	1243
218	1290
218	1521
218	1703
218	1778
218	1969
218	2633
218	2708
218	2764
218	2802
218	2812
218	2964
218	3063
218	3166
218	3254
218	3299
218	3353
219	304
219	1758
219	2484
219	2525
220	2660
226	1425
226	2689
226	2707
230	3022
234	3296
242	2036
242	3330
246	606
246	755
246	761
246	788
246	981
246	1366
246	2080
246	2361
246	2510
246	2516
246	3099
246	3118
246	3169
246	3241
247	863
254	627
254	2292
254	3056
255	2284
255	2604
255	3305
256	1114
256	2292
260	658
260	2137
260	2337
261	642
261	1210
261	1671
261	2018
261	2329
261	2629
261	3229
266	2297
269	470
269	1032
269	1093
269	1191
269	1442
269	2103
269	2238
269	2288
269	2408
269	2803
269	2810
269	3276
270	716
270	755
270	1595
270	1897
270	1915
270	2596
273	393
273	755
273	1300
273	1361
273	1375
273	1760
273	1780
273	1810
273	2484
273	2509
273	2573
273	3232
274	597
274	708
274	901
274	1081
274	1154
274	1268
274	1417
274	2137
274	2767
274	2827
278	3170
280	1317
280	2017
281	3026
283	1329
283	2320
283	2673
288	2343
289	701
289	748
289	755
289	1927
289	2509
289	2843
289	3276
297	1126
300	1322
300	2117
300	3021
304	443
304	509
304	577
304	674
304	697
304	856
304	1064
304	1427
304	1654
304	2484
304	3334
313	628
313	3075
314	2433
316	2220
317	1005
317	1711
317	2355
317	3126
323	443
323	697
323	3334
325	414
325	448
325	500
325	1858
325	2148
325	2749
327	822
329	1410
330	1243
332	3054
332	3075
333	334
333	597
333	1257
333	2148
333	2164
333	2221
333	2292
333	2512
333	3056
333	3092
333	3341
334	674
334	755
334	785
334	863
334	957
334	1036
334	1072
334	1185
334	1257
334	1654
334	1673
334	2137
334	2176
334	2180
334	2221
334	2237
334	2292
334	2512
334	2853
334	2916
334	2951
334	3014
334	3092
334	3302
334	3334
335	2551
337	470
337	780
337	1036
337	1157
337	1410
337	3026
338	412
338	500
338	515
338	1186
338	1341
338	1429
338	2148
338	2164
340	470
340	836
340	1367
340	1527
340	1887
340	2840
343	563
343	1788
343	2526
343	2843
345	1574
345	1973
345	2838
348	698
348	1099
348	1953
348	2650
348	2844
348	3285
356	1801
357	1099
357	2809
361	925
361	967
361	2193
361	2779
363	753
363	1166
363	1654
363	2484
363	2509
365	708
365	2087
365	3115
366	788
366	2897
367	1950
370	2367
372	595
372	780
372	1005
372	1552
372	2998
373	3252
376	642
376	1005
376	1153
376	1671
376	2079
376	3229
378	978
378	2480
380	1696
382	915
384	414
384	448
384	480
384	500
384	557
384	650
384	746
384	785
384	820
384	876
384	877
384	900
384	965
384	986
384	1094
384	1136
384	1162
384	1186
384	1267
384	1390
384	1416
384	1421
384	1429
384	1500
384	1606
384	1681
384	1750
384	1789
384	1853
384	1858
384	1867
384	1878
384	1968
384	2006
384	2148
384	2164
384	2180
384	2254
384	2272
384	2292
384	2371
384	2411
384	2422
384	2457
384	2512
384	2574
384	2708
384	2749
384	2805
384	2842
384	2874
384	2928
384	2996
384	3031
384	3087
384	3113
384	3130
384	3219
384	3272
384	3299
384	3334
384	3345
385	1750
387	557
387	597
387	638
387	755
387	1118
387	1148
387	2843
387	2976
387	3175
390	2484
391	1613
393	863
393	1780
393	2255
393	2512
394	401
394	701
394	1063
394	1268
394	1735
394	3026
397	415
397	470
398	807
398	1268
400	507
400	1969
400	2512
400	2633
400	2951
401	755
401	905
401	1167
401	1224
401	1484
401	1735
401	2057
401	2137
401	2206
401	2333
401	2542
401	3050
401	3233
401	3276
403	1658
403	1810
404	981
404	1055
406	3234
406	3345
407	1968
409	3049
412	981
412	2858
414	461
414	475
414	746
414	755
414	876
414	965
414	1280
414	1561
414	1917
414	2137
414	2164
414	2297
414	2433
414	2749
414	2847
414	2994
414	2996
414	3144
414	3175
414	3276
414	3334
417	2480
417	2551
422	923
422	986
422	1046
422	1099
422	1309
422	1394
422	1858
422	3076
422	3296
430	2206
430	2217
431	628
432	2579
434	602
437	1250
438	746
438	834
439	790
439	1153
439	1382
439	1827
442	1552
443	697
443	730
443	746
443	1064
443	1341
443	2164
443	3175
446	1041
447	1432
447	2775
447	2812
447	2927
448	820
448	1267
448	1689
448	2148
448	3219
451	1908
451	1960
459	2164
466	1005
466	2951
467	610
467	640
467	981
467	1137
467	1257
467	1588
467	2292
467	3092
470	503
470	574
470	780
470	900
470	978
470	1032
470	1036
470	1063
470	1093
470	1196
470	1338
470	1410
470	1438
470	1545
470	1549
470	1552
470	1564
470	1664
470	1670
470	1917
470	2037
470	2488
470	2998
470	3024
470	3026
470	3233
470	3249
475	856
475	1257
475	1263
475	2091
479	2457
480	2512
480	2996
481	863
482	2139
482	2263
483	1036
483	1136
483	2862
484	1563
484	1674
484	2433
488	856
488	873
488	2099
488	2484
488	2656
488	2868
488	3092
491	761
492	2343
493	901
493	2170
494	2302
494	2457
500	1267
500	2137
500	2148
500	2411
500	2749
500	2804
501	2968
503	601
503	627
503	679
503	1041
503	1050
503	1136
503	1268
503	1437
503	1590
503	1599
503	2194
503	2379
503	2382
503	2442
503	2484
503	2526
503	2540
503	2551
503	2580
503	2812
503	2916
503	2956
503	3056
503	3075
503	3305
507	1268
509	1456
509	2176
509	2686
509	3187
513	3296
515	541
515	1257
515	3092
520	1969
520	3353
523	1050
524	2968
525	1665
527	577
527	994
527	2292
527	2491
527	2553
527	2723
527	3056
532	3075
534	1947
534	2587
534	2633
534	2708
535	811
536	806
536	904
536	967
536	981
536	994
536	1421
536	2568
536	2688
536	2779
536	2822
536	2951
537	2292
538	1750
540	3296
541	811
541	1696
541	3169
547	2812
548	1794
548	2755
548	3307
550	1036
550	1944
551	900
557	674
557	916
557	1136
557	1166
557	1374
557	1429
557	1968
557	2284
557	2512
557	2619
557	2996
557	3070
560	650
560	1743
561	746
561	2583
561	3276
562	3039
563	1956
563	1979
563	1987
563	2528
564	699
564	1243
564	2367
572	2137
572	2161
572	3054
574	1036
577	657
577	700
577	735
577	742
577	755
577	816
577	856
577	882
577	904
577	918
577	938
577	967
577	994
577	1005
577	1025
577	1042
577	1085
577	1099
577	1314
577	1334
577	1482
577	1561
577	1608
577	1673
577	1876
577	2149
577	2197
577	2220
577	2242
577	2310
577	2394
577	2399
577	2404
577	2484
577	2509
577	2542
577	2545
577	2723
577	2770
577	2779
577	2838
577	3023
577	3028
577	3110
577	3133
577	3341
580	947
581	878
582	1268
584	780
585	755
590	917
590	2222
595	2484
595	2808
597	863
597	1036
597	1041
597	1046
597	1118
597	1613
597	2079
597	2223
597	2356
597	2512
597	2808
597	2853
597	3056
597	3100
599	1268
600	2073
600	2467
600	3296
601	755
601	1486
601	2343
601	2566
601	2987
602	2733
602	2939
602	3002
603	1500
603	2744
603	3113
603	3118
606	761
606	788
606	976
606	1105
606	1366
606	1445
606	2510
606	2516
606	2767
606	3099
606	3118
606	3241
609	1010
609	1470
609	1579
609	2807
610	1286
610	2822
610	2891
610	2956
610	3075
612	755
612	1186
612	1853
612	2272
612	3075
612	3175
613	930
613	1778
613	2622
613	2633
613	2708
613	3063
613	3254
614	1984
615	1050
618	1696
624	798
624	825
624	1068
624	1421
624	1456
624	2484
624	2705
624	3232
627	884
627	918
627	2220
627	2580
627	2753
627	2883
627	2930
627	3267
628	697
628	727
628	768
628	841
628	863
628	981
628	1068
628	1318
628	1346
628	1361
628	1366
628	1484
628	1654
628	1689
628	1764
628	1836
628	1986
628	2052
628	2139
628	2179
628	2318
628	2484
628	2488
628	2623
628	3024
628	3201
636	694
636	2456
638	2452
640	2292
642	1005
642	1153
642	1210
642	1257
642	1414
642	1671
642	1853
642	2079
642	2329
642	2484
642	2685
642	3166
642	3229
644	1268
646	2622
647	755
647	1101
647	1867
647	1977
647	2001
648	1760
649	2551
650	755
650	1367
650	1556
650	2148
650	3169
657	1654
658	1500
658	3100
658	3113
665	863
665	1036
665	1185
665	2551
667	3181
674	2206
674	2292
679	893
679	1271
679	1307
679	2228
679	2769
687	1464
689	923
689	2074
689	2322
689	2484
691	900
694	755
694	1302
694	2017
694	2137
694	2338
694	2523
694	2789
694	3023
694	3276
695	2812
696	2582
697	730
697	746
697	1341
697	3075
697	3092
697	3175
698	2964
699	909
699	965
699	1036
699	1390
699	1490
699	1597
699	2551
699	3070
699	3219
699	3334
700	1036
701	906
701	2186
701	2572
701	2580
701	2613
701	2958
708	901
708	1081
708	1154
708	1268
708	2087
708	2827
708	2869
710	989
710	2052
710	3260
710	3279
711	820
711	1429
711	1968
711	2919
711	3327
714	794
715	906
715	1148
715	1213
715	1307
715	2228
715	3272
723	1549
723	1760
723	2525
724	1235
725	1330
727	1267
730	746
730	780
730	785
730	877
730	896
730	986
730	1032
730	1136
730	1186
730	1267
730	1421
730	1429
730	1466
730	1692
730	1772
730	1853
730	1858
730	1968
730	1981
730	2026
730	2292
730	2411
730	2457
730	2512
730	2624
730	2630
730	2648
730	2669
730	2791
730	2838
730	2842
730	2996
730	3001
730	3031
730	3334
735	2951
742	755
742	923
742	1064
742	1654
742	2220
742	2438
742	2941
742	3095
742	3113
745	3195
746	752
746	755
746	965
746	1136
746	1236
746	1280
746	1588
746	1846
746	2148
746	2164
746	2367
746	2378
746	2411
746	2624
746	2749
746	2919
746	3100
746	3175
746	3310
746	3334
748	996
748	2509
749	1758
753	910
753	1166
753	3345
754	900
754	1927
754	1960
755	764
755	785
755	805
755	890
755	910
755	932
755	978
755	986
755	993
755	1005
755	1013
755	1036
755	1046
755	1094
755	1136
755	1161
755	1166
755	1186
755	1390
755	1416
755	1421
755	1429
755	1448
755	1466
755	1495
755	1500
755	1523
755	1601
755	1606
755	1613
755	1663
755	1696
755	1722
755	1763
755	1788
755	1789
755	1812
755	1838
755	1845
755	1853
755	1878
755	1968
755	1977
755	2006
755	2026
755	2029
755	2148
755	2236
755	2272
755	2284
755	2292
755	2297
755	2302
755	2313
755	2343
755	2371
755	2411
755	2457
755	2512
755	2590
755	2619
755	2670
755	2701
755	2711
755	2737
755	2749
755	2755
755	2789
755	2862
755	2909
755	2934
755	2984
755	2996
755	3001
755	3021
755	3092
755	3189
755	3204
755	3224
755	3256
755	3307
756	1307
756	2228
756	3272
757	2292
761	788
761	1109
761	2516
761	2669
761	3118
761	3241
764	877
764	2006
764	2433
764	2789
764	3163
766	1521
766	2802
766	3166
767	2320
767	2337
767	3192
768	2080
771	1280
775	806
775	904
775	1134
775	2371
776	3155
780	863
780	900
780	1032
780	1036
780	1063
780	1093
780	1268
780	1338
780	1410
780	1552
780	1832
780	1917
780	2488
780	2998
780	3024
780	3026
780	3092
780	3258
782	1046
782	2259
782	2444
782	2481
785	1166
785	1257
785	1840
785	2222
785	2292
785	2996
785	3092
785	3175
787	1637
787	2484
787	3232
788	1105
788	2516
788	3118
788	3241
791	1482
791	2006
794	798
794	948
794	1036
794	1064
794	1329
794	1427
794	1500
794	2161
794	2484
794	2551
794	3056
798	2822
803	2551
805	967
805	2104
805	3038
806	904
806	1134
806	1184
807	1308
807	1425
807	1665
807	2237
807	2310
807	2689
807	2784
807	2810
807	3158
807	3198
807	3310
808	2484
813	2154
816	1257
816	1945
816	3028
816	3092
816	3093
817	2026
820	1390
820	1429
820	1853
820	2137
820	2164
820	2195
820	2272
820	2512
821	2339
825	918
825	1380
825	2073
825	2284
825	2618
833	2512
834	2292
834	2297
834	2352
834	2390
834	3147
834	3305
839	1912
839	2763
846	1112
846	2617
847	1072
847	1166
847	1519
847	1563
847	1597
847	2919
849	2688
850	910
850	2137
850	2285
850	2636
850	2878
855	1410
856	981
856	1064
856	1374
856	1654
856	1735
856	1953
856	2484
856	3046
856	3076
856	3080
863	916
863	961
863	1032
863	1063
863	1071
863	1253
863	1410
863	1411
863	1552
863	1670
863	1780
863	1917
863	2055
863	2292
863	2596
863	2650
863	3024
863	3026
863	3056
863	3148
863	3341
873	2292
876	1136
876	3041
877	1883
877	2006
877	2433
877	3076
877	3146
877	3163
877	3200
878	1268
878	1417
878	1500
878	2026
878	2195
878	2322
878	2367
878	2382
878	2579
878	2580
878	3088
878	3118
878	3255
880	2951
881	2974
882	893
882	1286
882	1355
882	2822
884	2411
886	1606
886	2789
887	3018
890	1036
890	3068
891	1878
893	944
893	1071
893	1286
893	1355
893	1628
893	1700
893	1945
893	2032
893	2212
893	2355
893	2416
893	2822
893	2968
893	3076
893	3305
896	994
896	3175
897	1243
898	992
898	1590
898	2450
899	2484
900	1032
900	1036
900	1063
900	1083
900	1093
900	1121
900	1338
900	1388
900	1410
900	1442
900	1552
900	1670
900	1673
900	1891
900	1910
900	1917
900	2011
900	2154
900	2566
900	2590
900	2811
900	2998
900	3024
900	3026
901	1081
901	1154
901	1257
901	1268
901	1417
901	1654
901	1858
901	2087
901	2261
901	2367
901	2732
901	2767
901	2827
901	2869
901	3115
901	3212
902	2833
904	1134
905	1484
905	2206
905	2217
905	2621
905	3304
905	3345
906	1519
906	1563
906	1776
906	1938
906	2297
906	2484
906	2807
906	3075
906	3144
907	968
908	2131
909	1410
910	1136
910	1390
910	1421
910	2137
910	2294
910	2645
910	2708
910	2749
910	2843
916	1613
916	2292
917	1840
917	2292
917	2382
918	1136
918	1410
923	991
923	1117
923	1875
923	2688
923	2733
923	3014
923	3265
925	1317
925	1664
925	1921
925	1978
925	2255
925	2417
927	1335
930	968
930	1308
930	1545
930	1654
930	1758
930	2474
930	2650
930	2688
930	2927
931	1597
931	1608
932	1445
932	2367
938	1019
938	1064
938	1280
938	1654
938	2137
938	2195
938	2247
938	2484
938	3023
939	1878
939	2620
939	2707
939	2753
939	3092
944	1071
944	1286
944	2355
944	2822
944	2968
944	3305
947	2847
951	2553
952	1908
953	981
953	1429
953	2399
953	2512
953	2858
954	2155
957	2137
957	2420
957	2619
961	1673
961	2535
961	2951
961	2958
961	3334
965	1162
965	1750
965	2236
965	2297
965	2399
965	2708
965	3334
966	1286
966	2551
967	1031
967	1794
967	1938
967	2509
967	2556
967	2755
967	2779
967	3169
968	2197
968	2932
973	1750
973	2891
976	1693
976	2361
976	2484
976	2510
976	2650
976	3099
976	3166
978	1390
978	1730
978	2137
978	2158
978	2451
978	2480
978	2512
978	2755
978	2789
978	2843
978	2858
978	3163
978	3334
979	1241
981	1136
981	1302
981	1654
981	1927
981	2261
981	2484
981	3075
981	3100
986	2148
986	2164
986	2294
986	2420
986	2512
986	2566
986	2749
986	2919
987	1908
987	2862
991	3279
992	1016
992	1050
992	1381
992	1484
992	2137
992	2206
992	2512
992	2789
992	2974
992	3345
994	1042
994	1173
994	1608
994	2770
994	2808
994	3005
996	1243
996	1521
996	2509
998	3276
999	2434
999	3070
1001	1046
1005	1064
1005	1153
1005	1257
1005	1427
1005	1671
1005	2079
1005	2484
1005	2685
1005	3166
1005	3229
1013	1210
1013	1448
1013	1606
1013	1671
1013	1788
1013	2622
1013	2629
1013	2648
1016	3056
1019	1295
1019	1329
1019	2339
1019	2512
1021	2364
1025	1722
1025	3039
1028	2310
1029	1429
1029	1968
1029	2512
1029	3334
1031	1938
1032	1036
1032	1063
1032	1093
1032	1338
1032	1410
1032	1552
1032	1770
1032	1917
1032	2488
1032	2998
1032	3024
1032	3026
1032	3092
1036	1063
1036	1093
1036	1257
1036	1410
1036	1552
1036	1840
1036	1917
1036	2108
1036	2292
1036	2337
1036	2457
1036	2749
1036	2845
1036	2909
1036	2951
1036	2976
1036	3024
1036	3026
1036	3233
1041	1361
1041	1701
1041	1988
1041	2015
1041	2194
1041	2330
1041	2512
1041	2560
1041	2723
1041	3034
1042	3351
1044	1055
1044	1433
1044	2050
1046	1148
1046	1267
1046	1403
1046	1763
1046	2247
1046	2292
1046	2526
1046	2753
1048	2411
1050	1268
1050	1632
1050	2203
1050	3133
1051	1871
1052	1064
1052	1858
1052	2570
1055	1846
1055	2891
1057	1541
1057	1884
1057	2808
1057	2844
1062	1148
1063	1093
1063	1121
1063	1410
1063	1552
1063	1917
1063	2410
1063	3024
1063	3026
1064	1208
1064	2123
1064	2197
1064	2484
1064	2536
1064	3334
1067	1190
1068	1454
1069	1162
1069	1416
1069	1750
1070	1304
1070	3108
1071	1286
1071	1355
1071	1564
1071	1628
1071	1945
1071	1994
1071	2355
1071	2822
1071	2968
1071	3076
1071	3305
1072	2587
1079	1599
1081	1154
1081	1268
1081	2087
1081	2767
1081	2827
1083	1410
1090	1521
1090	2408
1090	2802
1092	2557
1092	3021
1093	1338
1093	1364
1093	1388
1093	1410
1093	1469
1093	1552
1093	1631
1093	1917
1093	2390
1093	2488
1093	3024
1093	3026
1093	3092
1093	3142
1094	1136
1094	1954
1094	2148
1094	2317
1094	3307
1096	1750
1099	1308
1099	2363
1099	2436
1099	2540
1101	1224
1101	1867
1101	1977
1101	2001
1101	2553
1101	2968
1105	1427
1105	1670
1105	2484
1105	2516
1105	3118
1105	3241
1113	1599
1118	1125
1118	1764
1118	1870
1118	2148
1118	2170
1118	2292
1118	3189
1126	1361
1126	1624
1126	2189
1126	2572
1126	2769
1126	2993
1126	3232
1131	2613
1131	3086
1136	1166
1136	1429
1136	1441
1136	1443
1136	1606
1136	2006
1136	2108
1136	2137
1136	2288
1136	2367
1136	2457
1136	2512
1136	2749
1136	2862
1136	2996
1136	3256
1136	3334
1137	1730
1137	2410
1146	2176
1148	2196
1148	2228
1148	2313
1148	2509
1148	2737
1148	3098
1148	3126
1148	3232
1148	3272
1149	1902
1153	1671
1153	2079
1153	2298
1153	3166
1153	3229
1154	1166
1154	1268
1154	2767
1154	2827
1154	2869
1157	1637
1157	1758
1158	3203
1159	1681
1162	2090
1162	2596
1162	2602
1162	2803
1163	2329
1163	2805
1166	1186
1166	1257
1166	1390
1166	1853
1166	1953
1166	2137
1166	2148
1166	2272
1166	2669
1166	2852
1166	3092
1166	3334
1169	1410
1175	2369
1175	2551
1175	2972
1176	1977
1176	2356
1176	2484
1176	2753
1179	1754
1179	2247
1179	2968
1182	1302
1186	1527
1186	1846
1186	1853
1186	2137
1186	2272
1186	2749
1194	2026
1195	2670
1195	3213
1198	2557
1208	2411
1208	2462
1208	2852
1210	1448
1210	1671
1210	1788
1210	2622
1210	2629
1210	2648
1210	3229
1213	3272
1223	2104
1235	1465
1239	1367
1239	1701
1239	1887
1240	3305
1241	1243
1241	1681
1241	2241
1241	2452
1241	2951
1243	1521
1243	1703
1243	2340
1243	2919
1243	2964
1243	3144
1243	3353
1244	1267
1244	1286
1246	2256
1248	1437
1250	2383
1252	1647
1252	2194
1252	2357
1252	2656
1257	1341
1257	1410
1257	1600
1257	1835
1257	2006
1257	2091
1257	2131
1257	2148
1257	2292
1257	2399
1257	2452
1257	2484
1257	2602
1257	2629
1257	2706
1257	2825
1257	2838
1257	2904
1257	2934
1257	2991
1257	3092
1257	3133
1257	3229
1257	3312
1257	3334
1263	1758
1263	1947
1267	1361
1267	1727
1267	2340
1267	2394
1267	2411
1267	2512
1267	2595
1267	2843
1267	2856
1267	2919
1267	2996
1267	3031
1267	3070
1267	3146
1267	3238
1268	1315
1268	1417
1268	1572
1268	2087
1268	2194
1268	2360
1268	2426
1268	2460
1268	2767
1268	2827
1268	2869
1268	3070
1268	3183
1270	2526
1275	1647
1279	1528
1280	1426
1280	1789
1280	1812
1280	2297
1280	2958
1280	3088
1280	3128
1280	3302
1280	3334
1286	1355
1286	1590
1286	1628
1286	1945
1286	1994
1286	2073
1286	2355
1286	2619
1286	2822
1286	2968
1286	3076
1286	3305
1287	1902
1287	2131
1287	2410
1290	1521
1290	1693
1291	2465
1295	2350
1295	2564
1295	2951
1295	2964
1295	3126
1295	3296
1300	1375
1300	1658
1300	1810
1302	1875
1302	3256
1302	3334
1307	2228
1307	2834
1307	3064
1307	3272
1308	2512
1308	2540
1308	3201
1309	2104
1309	2956
1314	1845
1316	2927
1317	2919
1322	2117
1324	1569
1324	1689
1324	2046
1324	2073
1331	2148
1333	2337
1338	1410
1338	1552
1338	1917
1338	3026
1341	2148
1341	2294
1341	2337
1355	1628
1355	1945
1355	2355
1355	2822
1355	2968
1355	3076
1355	3305
1356	2339
1356	2762
1359	1840
1359	2272
1359	2292
1359	3204
1361	2026
1361	2194
1364	3334
1366	2361
1366	2510
1366	2516
1366	2557
1366	3099
1366	3187
1367	1722
1367	1887
1367	3039
1367	3166
1368	2036
1368	2139
1368	3075
1373	1991
1375	1776
1375	2294
1375	3260
1375	3296
1378	2355
1380	3232
1381	1912
1384	1437
1384	2292
1386	1569
1386	1750
1386	2371
1386	2580
1386	2789
1386	3092
1386	3334
1390	1500
1390	2148
1390	2418
1390	2512
1390	2789
1390	2791
1390	2843
1390	3334
1394	1689
1394	2288
1410	1549
1410	1552
1410	1599
1410	1846
1410	1917
1410	2197
1410	2230
1410	2488
1410	2557
1410	2707
1410	3024
1410	3026
1410	3092
1410	3232
1411	1545
1411	1772
1411	2755
1411	3170
1414	2484
1414	3232
1416	2137
1416	2789
1417	2767
1417	2827
1417	2869
1421	1692
1421	2123
1421	2512
1421	2630
1421	2749
1421	2994
1421	3264
1421	3276
1422	2343
1425	2132
1425	2689
1425	2808
1427	2124
1427	2197
1427	2484
1427	2770
1427	2934
1427	3144
1427	3232
1429	1446
1429	1845
1429	1883
1429	1927
1429	1968
1429	2148
1429	2512
1429	2669
1429	2749
1429	2996
1429	3100
1429	3327
1432	1908
1432	2775
1432	2812
1432	2873
1432	2927
1433	1710
1437	2263
1437	2335
1441	1599
1441	1947
1442	3120
1444	2206
1444	2217
1445	2580
1445	2807
1448	1671
1448	1788
1448	2137
1448	2629
1448	2648
1448	3296
1450	3334
1465	1599
1465	3314
1470	1493
1471	2411
1475	3181
1476	1613
1481	2355
1482	2108
1484	2206
1484	2707
1486	2343
1486	2566
1487	2294
1490	2951
1492	3056
1500	1752
1500	2294
1500	2619
1500	2708
1500	2753
1500	2994
1500	3075
1500	3113
1500	3222
1513	3198
1516	3204
1519	1563
1519	2461
1520	1670
1521	1674
1521	1703
1521	2484
1521	2802
1521	2858
1521	2964
1521	3166
1521	3353
1527	2367
1527	2916
1527	3075
1534	2297
1541	2194
1543	1780
1543	2852
1543	3302
1549	2396
1549	2566
1549	3296
1552	1917
1552	2194
1552	2488
1552	3024
1552	3026
1552	3092
1556	1693
1556	2622
1556	2762
1557	3198
1561	3334
1563	2461
1563	3126
1574	1973
1574	2838
1575	1647
1575	1657
1575	2909
1579	1599
1586	2148
1586	2842
1589	2194
1590	1613
1590	2450
1590	2595
1590	3279
1597	1793
1599	1608
1599	1635
1599	1681
1599	2055
1599	2533
1599	2744
1599	2951
1599	3260
1600	2164
1600	2852
1601	2574
1603	2551
1606	2512
1606	3334
1608	1840
1611	2066
1611	2484
1611	2574
1611	3296
1613	2292
1613	2450
1614	1758
1614	2689
1615	2540
1619	1852
1622	3092
1628	1754
1628	2355
1628	2822
1628	2968
1628	3076
1628	3305
1632	2164
1637	2673
1637	3313
1647	1657
1647	2656
1648	2292
1649	2137
1649	2640
1654	1968
1654	1979
1654	2046
1654	2066
1654	2131
1654	2337
1654	2619
1654	2808
1654	2838
1654	3334
1655	1710
1655	2954
1656	2339
1658	1810
1658	3198
1659	2343
1659	2696
1663	2279
1663	3141
1664	1712
1664	2378
1670	1681
1670	2029
1670	2484
1670	2808
1671	1788
1671	2079
1671	2329
1671	2622
1671	2629
1671	2648
1671	3166
1671	3229
1671	3334
1673	1730
1673	1746
1673	2987
1673	3144
1674	2284
1681	2148
1681	2164
1681	2874
1681	3092
1687	3092
1688	1947
1689	1760
1689	1827
1689	2579
1689	2580
1689	2633
1689	2875
1689	2919
1692	2553
1693	2648
1693	2762
1693	2858
1693	3198
1700	2194
1701	2194
1701	2968
1703	2802
1703	3166
1707	3181
1708	2279
1710	1940
1710	2954
1711	2242
1712	1752
1712	3002
1712	3312
1714	2164
1722	2194
1722	2767
1722	2774
1722	3039
1722	3166
1730	1758
1730	2850
1730	2882
1730	2894
1730	3310
1731	3232
1735	2054
1735	2180
1735	2333
1735	2542
1741	3315
1744	1754
1744	1858
1744	2648
1744	3345
1750	2085
1750	2090
1750	2137
1750	2240
1750	2336
1750	2349
1750	2512
1750	2557
1750	2930
1750	2989
1752	3113
1754	2199
1758	3157
1760	2805
1760	3200
1762	2968
1763	1951
1763	2137
1763	3195
1764	3189
1770	2873
1772	2344
1775	2411
1775	3023
1778	2633
1778	2708
1778	3063
1778	3254
1778	3353
1780	2255
1780	2292
1780	2397
1788	2137
1788	2629
1788	2648
1788	3264
1789	2137
1789	3100
1794	2755
1794	3307
1797	2297
1797	3092
1807	2650
1807	2822
1808	2288
1812	2037
1812	2237
1812	2420
1812	2557
1812	2685
1812	3276
1821	2300
1821	2444
1821	3063
1826	2484
1827	2148
1827	2399
1840	2180
1840	2512
1840	3012
1840	3302
1846	2858
1851	3256
1853	2272
1853	2807
1853	3334
1858	3126
1867	1977
1867	2001
1870	2656
1871	2936
1871	2990
1876	1921
1876	3267
1878	2164
1878	2512
1878	2620
1878	2749
1878	2934
1883	3334
1887	2425
1887	3167
1891	2478
1901	2928
1902	2480
1902	3027
1906	2415
1906	2440
1908	2148
1908	2443
1911	2572
1913	2371
1915	2805
1916	1969
1916	2633
1917	3026
1917	3092
1921	2030
1927	2630
1927	3031
1927	3175
1927	3334
1929	1947
1938	2316
1938	2343
1944	2810
1945	2822
1947	2094
1947	2442
1947	2707
1947	2983
1947	3361
1950	2253
1951	2343
1951	3195
1953	2111
1956	2197
1968	2294
1968	2337
1968	2512
1968	2843
1968	2996
1969	2812
1973	2838
1977	2001
1978	2328
1981	2755
1982	3334
1988	2194
1991	3018
2001	2367
2001	2427
2006	2164
2006	2292
2006	2297
2006	2356
2006	2433
2006	2590
2006	2807
2015	2766
2017	2753
2017	3310
2024	2079
2026	2195
2026	2292
2026	2579
2026	2580
2026	3203
2027	3170
2033	3307
2033	3313
2036	2124
2036	3304
2036	3321
2037	3026
2046	2074
2046	2194
2046	2292
2047	2066
2052	3260
2052	3279
2065	2656
2066	2427
2066	2484
2066	2564
2073	2261
2073	2891
2075	2377
2079	2685
2079	3229
2080	2385
2080	2516
2087	2576
2087	2767
2087	2827
2087	3115
2089	2791
2090	2791
2090	3219
2090	3334
2091	2283
2091	2769
2103	2408
2104	2158
2104	3127
2107	2339
2108	2805
2111	2660
2112	2411
2112	2838
2117	3021
2123	2553
2124	2484
2124	3232
2124	3357
2131	2148
2131	2292
2131	2329
2131	2443
2135	2339
2135	3054
2135	3213
2137	2236
2137	2247
2137	2272
2137	2284
2137	2297
2137	2310
2137	2364
2137	2418
2137	2480
2137	2512
2137	2602
2137	2630
2137	2648
2137	2755
2137	2789
2137	2791
2137	2833
2137	2838
2137	2869
2137	2996
2137	3023
2137	3073
2137	3113
2137	3165
2137	3175
2137	3177
2137	3204
2137	3313
2137	3334
2139	2445
2139	2808
2139	3023
2139	3296
2142	2297
2143	2640
2143	3020
2143	3118
2143	3334
2148	2164
2148	2256
2148	2272
2148	2317
2148	2399
2148	2404
2148	2411
2148	2418
2148	2422
2148	2512
2148	2551
2148	2749
2148	2789
2148	2987
2148	3144
2148	3232
2148	3334
2151	2568
2158	2294
2158	2337
2159	2951
2161	2484
2161	3075
2161	3198
2162	2591
2164	2261
2164	2294
2164	2313
2164	2551
2164	2587
2164	2619
2164	2749
2164	2789
2164	2851
2164	2874
2164	2928
2164	3334
2164	3345
2176	2292
2176	2613
2177	3334
2179	2509
2193	2968
2194	2307
2194	2551
2194	2553
2194	2812
2194	2968
2194	3254
2195	2337
2195	3347
2197	2411
2197	2484
2197	2825
2201	2977
2206	2217
2206	3046
2206	3128
2206	3304
2206	3345
2214	3022
2218	2974
2220	2457
2220	3057
2221	2733
2228	3272
2230	2809
2230	3056
2230	3092
2236	2337
2242	2361
2247	3222
2256	2537
2259	2340
2261	2292
2261	2356
2261	3070
2265	2557
2265	3141
2272	2337
2272	2338
2272	2367
2272	2512
2272	2812
2279	2526
2279	2791
2284	2292
2284	2428
2284	2447
2284	2484
2284	2753
2284	2875
2284	2919
2284	2950
2284	2958
2284	3233
2284	3234
2292	2367
2292	2512
2292	2580
2292	2581
2292	2613
2292	2706
2292	2807
2292	2853
2292	2951
2292	3092
2292	3175
2292	3217
2292	3254
2292	3302
2292	3334
2292	3341
2294	2337
2294	2467
2294	2602
2294	3074
2294	3219
2296	3026
2297	2696
2297	3060
2297	3175
2297	3227
2298	2551
2302	3075
2304	2760
2305	2339
2305	2656
2313	2336
2313	2807
2320	3192
2325	2484
2325	3334
2329	2629
2329	3229
2330	2686
2333	2411
2333	2542
2333	3050
2337	2484
2337	2594
2337	2737
2337	2825
2337	2950
2337	3074
2337	3331
2338	3351
2339	2411
2339	2740
2339	2750
2339	2803
2339	3298
2343	2566
2343	2987
2343	3333
2355	2822
2355	2968
2355	3070
2355	3076
2355	3305
2357	2656
2361	2510
2361	2516
2361	3169
2363	3232
2364	3256
2367	2998
2367	3110
2367	3234
2369	2382
2382	2488
2382	2880
2392	2707
2397	2968
2399	2838
2399	3092
2408	2420
2410	2880
2411	2433
2411	2587
2411	2844
2411	2924
2411	3031
2411	3113
2412	2484
2419	3056
2420	3260
2420	3334
2422	2484
2422	2762
2425	3341
2433	3163
2437	2987
2441	2540
2443	3334
2451	2480
2452	2779
2452	2924
2452	3092
2457	2667
2457	2996
2461	2805
2467	2737
2467	3022
2467	3075
2467	3152
2467	3195
2475	2591
2475	3109
2480	2537
2480	2708
2480	2858
2480	3163
2484	2733
2484	2773
2484	2807
2484	2808
2484	2916
2484	3092
2484	3121
2484	3175
2484	3232
2484	3299
2484	3302
2488	3139
2491	2535
2493	2895
2504	3170
2510	2516
2510	3099
2512	2619
2512	2669
2512	2749
2512	2789
2512	2842
2512	2843
2512	2956
2512	2996
2512	3021
2512	3031
2512	3334
2516	3099
2516	3241
2523	2909
2526	2687
2535	2853
2535	3175
2545	2636
2551	2951
2552	3232
2553	2580
2566	3334
2568	2808
2568	2932
2570	2974
2572	2958
2573	2998
2574	3056
2579	2580
2580	2590
2580	2919
2580	3056
2581	2624
2587	2763
2587	3091
2590	3075
2602	2707
2602	3092
2604	2762
2619	2812
2619	3071
2619	3219
2619	3290
2619	3334
2620	2660
2622	2762
2623	2940
2624	3075
2629	2648
2630	2791
2630	2996
2630	3146
2630	3175
2633	2708
2633	2764
2633	3063
2633	3254
2633	3334
2633	3353
2634	3026
2635	3039
2636	2749
2636	2878
2636	2987
2641	2650
2644	3213
2648	2707
2648	3113
2648	3130
2650	3081
2650	3161
2660	2852
2673	3334
2675	2916
2685	3229
2686	2688
2688	3023
2690	2755
2690	3307
2695	3229
2706	3075
2708	2749
2708	2764
2708	3063
2708	3254
2708	3334
2708	3345
2708	3353
2716	2916
2726	2968
2737	3252
2737	3314
2749	3219
2749	3334
2753	3113
2753	3264
2755	2845
2755	3038
2755	3276
2755	3307
2762	2909
2764	3254
2764	3353
2766	3070
2767	2827
2767	3115
2770	3075
2770	3232
2774	3039
2775	2812
2779	3075
2784	2916
2789	3334
2791	3146
2791	3175
2802	2964
2802	3353
2803	3334
2805	3303
2805	3310
2807	3334
2808	3232
2810	2909
2810	3026
2810	3296
2812	2873
2812	2927
2812	3353
2818	3277
2822	2968
2822	3076
2822	3305
2825	3070
2827	2869
2838	2858
2838	3034
2838	3070
2841	3296
2842	3075
2843	3204
2843	3334
2853	3175
2853	3341
2855	3305
2858	3276
2859	2973
2862	3200
2873	2927
2874	3334
2875	2919
2875	2950
2875	2996
2894	3092
2904	3056
2904	3092
2909	3092
2914	2919
2916	3026
2916	3201
2927	3113
2928	3345
2932	3081
2934	3075
2934	3334
2949	2968
2950	3070
2951	2958
2956	3124
2964	3166
2964	3299
2964	3353
2968	2975
2968	3076
2968	3302
2968	3305
2994	3334
2996	3100
2998	3023
2998	3026
3006	3039
3023	3110
3023	3157
3024	3026
3024	3092
3026	3092
3032	3305
3039	3070
3060	3329
3063	3254
3063	3353
3070	3347
3075	3108
3075	3121
3075	3144
3075	3163
3075	3170
3076	3305
3092	3110
3092	3334
3113	3198
3115	3256
3118	3241
3121	3296
3128	3304
3144	3260
3157	3219
3163	3345
3166	3229
3166	3353
3175	3334
3204	3213
3212	3234
3219	3296
3254	3353
3260	3276
3260	3279
3272	3276
3276	3334
3296	3307
3296	3313
3334	3341
3305	0
1216	5
1947	5
2808	5
167	9
340	9
439	9
1549	9
2137	9
16	11
167	11
397	11
470	11
746	11
755	11
788	11
1063	11
1252	11
1812	11
2066	11
2284	11
2292	11
2297	11
2366	11
2919	11
3221	11
132	12
298	12
372	12
928	12
1500	12
2968	12
387	16
2484	18
2755	20
226	22
1425	22
1614	22
2689	22
953	23
1032	23
755	24
1057	24
1228	24
1613	24
2450	24
480	25
1390	25
2934	25
29	28
107	28
470	28
548	28
967	28
1654	28
1794	28
2302	28
2755	28
3307	28
422	31
1041	31
387	32
557	32
772	32
1921	32
1927	32
2164	32
2758	32
2805	32
3175	32
1032	33
3305	33
2139	34
2791	35
37	36
1162	36
2007	36
2618	36
2760	36
825	37
953	42
1244	42
2237	42
628	43
923	43
3170	43
1041	48
2442	52
159	53
167	54
1065	54
3075	54
2294	55
601	59
2843	59
2755	64
2443	66
627	68
2195	68
2707	68
167	69
1093	69
2297	69
2512	69
923	72
74	73
532	73
863	73
923	73
1715	73
3272	73
384	74
694	74
755	74
2137	74
2148	74
2749	74
3305	74
363	75
753	75
1166	75
1484	75
2206	75
3345	75
1162	76
167	79
1466	79
1947	79
3070	79
3232	79
3170	85
1459	87
2103	87
2137	87
2305	87
3357	87
564	88
699	88
839	88
1243	88
2551	90
132	91
1101	91
1788	91
2619	91
3264	91
2913	94
110	95
561	95
698	95
3075	95
3126	95
3333	95
219	97
414	97
694	97
701	97
1023	97
1427	97
1798	97
2344	97
3064	97
3167	97
2297	100
2390	101
2805	101
3200	101
906	103
2367	103
2847	103
3144	103
470	107
938	107
1063	107
1947	107
2496	107
564	110
597	110
1185	110
1268	110
1689	110
2158	110
2161	110
2292	110
2468	110
2812	110
3175	110
1852	112
3015	112
3018	112
698	114
746	114
2075	114
2195	114
274	120
708	120
755	120
901	120
1081	120
1154	120
1268	120
1417	120
2087	120
2137	120
2767	120
2827	120
2869	120
132	121
158	132
269	132
305	132
376	132
451	132
551	132
798	132
878	132
1000	132
1052	132
1085	132
1425	132
1689	132
2026	132
2079	132
2137	132
2253	132
2399	132
2408	132
2420	132
2441	132
2512	132
2540	132
2542	132
2553	132
2579	132
2580	132
2595	132
2648	132
2664	132
2803	132
2838	132
2976	132
3134	132
3276	132
270	133
689	133
1521	133
1980	133
2046	133
2194	133
2256	133
2337	133
2443	133
2542	133
3108	133
3128	133
3130	133
3296	133
317	135
1912	135
839	136
930	141
2951	149
564	152
189	156
190	156
361	156
503	156
597	156
633	156
808	156
893	156
947	156
1052	156
1126	156
1984	156
2265	156
2317	156
2349	156
2397	156
2442	156
2551	156
2755	156
2803	156
2909	156
2994	156
3026	156
3058	156
3139	156
3198	156
3318	156
730	158
755	158
1302	158
1674	158
2137	158
2396	158
2420	158
3276	158
1947	159
2526	159
3198	159
1280	165
2526	165
270	167
348	167
384	167
387	167
580	167
646	167
794	167
930	167
1375	167
1726	167
1838	167
2161	167
2195	167
2322	167
2467	167
2484	167
2590	167
2602	167
2706	167
2913	167
2919	167
2936	167
3075	167
3108	167
3130	167
3195	167
3313	167
246	169
560	169
606	169
761	169
788	169
2080	169
2516	169
3118	169
3241	169
730	170
928	170
3023	170
840	172
1597	172
2871	172
3075	172
1162	173
850	178
1960	178
2591	178
2878	178
503	182
1519	186
1563	186
2461	186
503	187
679	187
715	187
1307	187
2228	187
3272	187
334	188
1257	188
3092	188
254	189
333	189
572	189
606	189
794	189
863	189
917	189
947	189
1689	189
1908	189
2046	189
2176	189
2220	189
2248	189
2292	189
2338	189
2419	189
2443	189
2535	189
2551	189
2574	189
2580	189
2809	189
2853	189
2858	189
2904	189
3056	189
3341	189
628	190
981	190
1036	190
1405	190
2297	190
2751	190
2878	190
742	196
825	196
2443	196
2941	196
3095	196
1459	205
2343	205
2526	205
2805	205
1394	208
2297	208
2339	208
628	211
2985	211
3075	211
273	212
1300	212
2322	216
613	218
1090	218
1243	218
1290	218
1521	218
1703	218
1778	218
1969	218
2633	218
2708	218
2764	218
2802	218
2812	218
2964	218
3063	218
3166	218
3254	218
3299	218
3353	218
304	219
1758	219
2484	219
2525	219
2660	220
1425	226
2689	226
2707	226
3022	230
3296	234
2036	242
3330	242
606	246
755	246
761	246
788	246
981	246
1366	246
2080	246
2361	246
2510	246
2516	246
3099	246
3118	246
3169	246
3241	246
863	247
627	254
2292	254
3056	254
2284	255
2604	255
3305	255
1114	256
2292	256
658	260
2137	260
2337	260
642	261
1210	261
1671	261
2018	261
2329	261
2629	261
3229	261
2297	266
470	269
1032	269
1093	269
1191	269
1442	269
2103	269
2238	269
2288	269
2408	269
2803	269
2810	269
3276	269
716	270
755	270
1595	270
1897	270
1915	270
2596	270
393	273
755	273
1300	273
1361	273
1375	273
1760	273
1780	273
1810	273
2484	273
2509	273
2573	273
3232	273
597	274
708	274
901	274
1081	274
1154	274
1268	274
1417	274
2137	274
2767	274
2827	274
3170	278
1317	280
2017	280
3026	281
1329	283
2320	283
2673	283
2343	288
701	289
748	289
755	289
1927	289
2509	289
2843	289
3276	289
1126	297
1322	300
2117	300
3021	300
443	304
509	304
577	304
674	304
697	304
856	304
1064	304
1427	304
1654	304
2484	304
3334	304
628	313
3075	313
2433	314
2220	316
1005	317
1711	317
2355	317
3126	317
443	323
697	323
3334	323
414	325
448	325
500	325
1858	325
2148	325
2749	325
822	327
1410	329
1243	330
3054	332
3075	332
334	333
597	333
1257	333
2148	333
2164	333
2221	333
2292	333
2512	333
3056	333
3092	333
3341	333
674	334
755	334
785	334
863	334
957	334
1036	334
1072	334
1185	334
1257	334
1654	334
1673	334
2137	334
2176	334
2180	334
2221	334
2237	334
2292	334
2512	334
2853	334
2916	334
2951	334
3014	334
3092	334
3302	334
3334	334
2551	335
470	337
780	337
1036	337
1157	337
1410	337
3026	337
412	338
500	338
515	338
1186	338
1341	338
1429	338
2148	338
2164	338
470	340
836	340
1367	340
1527	340
1887	340
2840	340
563	343
1788	343
2526	343
2843	343
1574	345
1973	345
2838	345
698	348
1099	348
1953	348
2650	348
2844	348
3285	348
1801	356
1099	357
2809	357
925	361
967	361
2193	361
2779	361
753	363
1166	363
1654	363
2484	363
2509	363
708	365
2087	365
3115	365
788	366
2897	366
1950	367
2367	370
595	372
780	372
1005	372
1552	372
2998	372
3252	373
642	376
1005	376
1153	376
1671	376
2079	376
3229	376
978	378
2480	378
1696	380
915	382
414	384
448	384
480	384
500	384
557	384
650	384
746	384
785	384
820	384
876	384
877	384
900	384
965	384
986	384
1094	384
1136	384
1162	384
1186	384
1267	384
1390	384
1416	384
1421	384
1429	384
1500	384
1606	384
1681	384
1750	384
1789	384
1853	384
1858	384
1867	384
1878	384
1968	384
2006	384
2148	384
2164	384
2180	384
2254	384
2272	384
2292	384
2371	384
2411	384
2422	384
2457	384
2512	384
2574	384
2708	384
2749	384
2805	384
2842	384
2874	384
2928	384
2996	384
3031	384
3087	384
3113	384
3130	384
3219	384
3272	384
3299	384
3334	384
3345	384
1750	385
557	387
597	387
638	387
755	387
1118	387
1148	387
2843	387
2976	387
3175	387
2484	390
1613	391
863	393
1780	393
2255	393
2512	393
401	394
701	394
1063	394
1268	394
1735	394
3026	394
415	397
470	397
807	398
1268	398
507	400
1969	400
2512	400
2633	400
2951	400
755	401
905	401
1167	401
1224	401
1484	401
1735	401
2057	401
2137	401
2206	401
2333	401
2542	401
3050	401
3233	401
3276	401
1658	403
1810	403
981	404
1055	404
3234	406
3345	406
1968	407
3049	409
981	412
2858	412
461	414
475	414
746	414
755	414
876	414
965	414
1280	414
1561	414
1917	414
2137	414
2164	414
2297	414
2433	414
2749	414
2847	414
2994	414
2996	414
3144	414
3175	414
3276	414
3334	414
2480	417
2551	417
923	422
986	422
1046	422
1099	422
1309	422
1394	422
1858	422
3076	422
3296	422
2206	430
2217	430
628	431
2579	432
602	434
1250	437
746	438
834	438
790	439
1153	439
1382	439
1827	439
1552	442
697	443
730	443
746	443
1064	443
1341	443
2164	443
3175	443
1041	446
1432	447
2775	447
2812	447
2927	447
820	448
1267	448
1689	448
2148	448
3219	448
1908	451
1960	451
2164	459
1005	466
2951	466
610	467
640	467
981	467
1137	467
1257	467
1588	467
2292	467
3092	467
503	470
574	470
780	470
900	470
978	470
1032	470
1036	470
1063	470
1093	470
1196	470
1338	470
1410	470
1438	470
1545	470
1549	470
1552	470
1564	470
1664	470
1670	470
1917	470
2037	470
2488	470
2998	470
3024	470
3026	470
3233	470
3249	470
856	475
1257	475
1263	475
2091	475
2457	479
2512	480
2996	480
863	481
2139	482
2263	482
1036	483
1136	483
2862	483
1563	484
1674	484
2433	484
856	488
873	488
2099	488
2484	488
2656	488
2868	488
3092	488
761	491
2343	492
901	493
2170	493
2302	494
2457	494
1267	500
2137	500
2148	500
2411	500
2749	500
2804	500
2968	501
601	503
627	503
679	503
1041	503
1050	503
1136	503
1268	503
1437	503
1590	503
1599	503
2194	503
2379	503
2382	503
2442	503
2484	503
2526	503
2540	503
2551	503
2580	503
2812	503
2916	503
2956	503
3056	503
3075	503
3305	503
1268	507
1456	509
2176	509
2686	509
3187	509
3296	513
541	515
1257	515
3092	515
1969	520
3353	520
1050	523
2968	524
1665	525
577	527
994	527
2292	527
2491	527
2553	527
2723	527
3056	527
3075	532
1947	534
2587	534
2633	534
2708	534
811	535
806	536
904	536
967	536
981	536
994	536
1421	536
2568	536
2688	536
2779	536
2822	536
2951	536
2292	537
1750	538
3296	540
811	541
1696	541
3169	541
2812	547
1794	548
2755	548
3307	548
1036	550
1944	550
900	551
674	557
916	557
1136	557
1166	557
1374	557
1429	557
1968	557
2284	557
2512	557
2619	557
2996	557
3070	557
650	560
1743	560
746	561
2583	561
3276	561
3039	562
1956	563
1979	563
1987	563
2528	563
699	564
1243	564
2367	564
2137	572
2161	572
3054	572
1036	574
657	577
700	577
735	577
742	577
755	577
816	577
856	577
882	577
904	577
918	577
938	577
967	577
994	577
1005	577
1025	577
1042	577
1085	577
1099	577
1314	577
1334	577
1482	577
1561	577
1608	577
1673	577
1876	577
2149	577
2197	577
2220	577
2242	577
2310	577
2394	577
2399	577
2404	577
2484	577
2509	577
2542	577
2545	577
2723	577
2770	577
2779	577
2838	577
3023	577
3028	577
3110	577
3133	577
3341	577
947	580
878	581
1268	582
780	584
755	585
917	590
2222	590
2484	595
2808	595
863	597
1036	597
1041	597
1046	597
1118	597
1613	597
2079	597
2223	597
2356	597
2512	597
2808	597
2853	597
3056	597
3100	597
1268	599
2073	600
2467	600
3296	600
755	601
1486	601
2343	601
2566	601
2987	601
2733	602
2939	602
3002	602
1500	603
2744	603
3113	603
3118	603
761	606
788	606
976	606
1105	606
1366	606
1445	606
2510	606
2516	606
2767	606
3099	606
3118	606
3241	606
1010	609
1470	609
1579	609
2807	609
1286	610
2822	610
2891	610
2956	610
3075	610
755	612
1186	612
1853	612
2272	612
3075	612
3175	612
930	613
1778	613
2622	613
2633	613
2708	613
3063	613
3254	613
1984	614
1050	615
1696	618
798	624
825	624
1068	624
1421	624
1456	624
2484	624
2705	624
3232	624
884	627
918	627
2220	627
2580	627
2753	627
2883	627
2930	627
3267	627
697	628
727	628
768	628
841	628
863	628
981	628
1068	628
1318	628
1346	628
1361	628
1366	628
1484	628
1654	628
1689	628
1764	628
1836	628
1986	628
2052	628
2139	628
2179	628
2318	628
2484	628
2488	628
2623	628
3024	628
3201	628
694	636
2456	636
2452	638
2292	640
1005	642
1153	642
1210	642
1257	642
1414	642
1671	642
1853	642
2079	642
2329	642
2484	642
2685	642
3166	642
3229	642
1268	644
2622	646
755	647
1101	647
1867	647
1977	647
2001	647
1760	648
2551	649
755	650
1367	650
1556	650
2148	650
3169	650
1654	657
1500	658
3100	658
3113	658
863	665
1036	665
1185	665
2551	665
3181	667
2206	674
2292	674
893	679
1271	679
1307	679
2228	679
2769	679
1464	687
923	689
2074	689
2322	689
2484	689
900	691
755	694
1302	694
2017	694
2137	694
2338	694
2523	694
2789	694
3023	694
3276	694
2812	695
2582	696
730	697
746	697
1341	697
3075	697
3092	697
3175	697
2964	698
909	699
965	699
1036	699
1390	699
1490	699
1597	699
2551	699
3070	699
3219	699
3334	699
1036	700
906	701
2186	701
2572	701
2580	701
2613	701
2958	701
901	708
1081	708
1154	708
1268	708
2087	708
2827	708
2869	708
989	710
2052	710
3260	710
3279	710
820	711
1429	711
1968	711
2919	711
3327	711
794	714
906	715
1148	715
1213	715
1307	715
2228	715
3272	715
1549	723
1760	723
2525	723
1235	724
1330	725
1267	727
746	730
780	730
785	730
877	730
896	730
986	730
1032	730
1136	730
1186	730
1267	730
1421	730
1429	730
1466	730
1692	730
1772	730
1853	730
1858	730
1968	730
1981	730
2026	730
2292	730
2411	730
2457	730
2512	730
2624	730
2630	730
2648	730
2669	730
2791	730
2838	730
2842	730
2996	730
3001	730
3031	730
3334	730
2951	735
755	742
923	742
1064	742
1654	742
2220	742
2438	742
2941	742
3095	742
3113	742
3195	745
752	746
755	746
965	746
1136	746
1236	746
1280	746
1588	746
1846	746
2148	746
2164	746
2367	746
2378	746
2411	746
2624	746
2749	746
2919	746
3100	746
3175	746
3310	746
3334	746
996	748
2509	748
1758	749
910	753
1166	753
3345	753
900	754
1927	754
1960	754
764	755
785	755
805	755
890	755
910	755
932	755
978	755
986	755
993	755
1005	755
1013	755
1036	755
1046	755
1094	755
1136	755
1161	755
1166	755
1186	755
1390	755
1416	755
1421	755
1429	755
1448	755
1466	755
1495	755
1500	755
1523	755
1601	755
1606	755
1613	755
1663	755
1696	755
1722	755
1763	755
1788	755
1789	755
1812	755
1838	755
1845	755
1853	755
1878	755
1968	755
1977	755
2006	755
2026	755
2029	755
2148	755
2236	755
2272	755
2284	755
2292	755
2297	755
2302	755
2313	755
2343	755
2371	755
2411	755
2457	755
2512	755
2590	755
2619	755
2670	755
2701	755
2711	755
2737	755
2749	755
2755	755
2789	755
2862	755
2909	755
2934	755
2984	755
2996	755
3001	755
3021	755
3092	755
3189	755
3204	755
3224	755
3256	755
3307	755
1307	756
2228	756
3272	756
2292	757
788	761
1109	761
2516	761
2669	761
3118	761
3241	761
877	764
2006	764
2433	764
2789	764
3163	764
1521	766
2802	766
3166	766
2320	767
2337	767
3192	767
2080	768
1280	771
806	775
904	775
1134	775
2371	775
3155	776
863	780
900	780
1032	780
1036	780
1063	780
1093	780
1268	780
1338	780
1410	780
1552	780
1832	780
1917	780
2488	780
2998	780
3024	780
3026	780
3092	780
3258	780
1046	782
2259	782
2444	782
2481	782
1166	785
1257	785
1840	785
2222	785
2292	785
2996	785
3092	785
3175	785
1637	787
2484	787
3232	787
1105	788
2516	788
3118	788
3241	788
1482	791
2006	791
798	794
948	794
1036	794
1064	794
1329	794
1427	794
1500	794
2161	794
2484	794
2551	794
3056	794
2822	798
2551	803
967	805
2104	805
3038	805
904	806
1134	806
1184	806
1308	807
1425	807
1665	807
2237	807
2310	807
2689	807
2784	807
2810	807
3158	807
3198	807
3310	807
2484	808
2154	813
1257	816
1945	816
3028	816
3092	816
3093	816
2026	817
1390	820
1429	820
1853	820
2137	820
2164	820
2195	820
2272	820
2512	820
2339	821
918	825
1380	825
2073	825
2284	825
2618	825
2512	833
2292	834
2297	834
2352	834
2390	834
3147	834
3305	834
1912	839
2763	839
1112	846
2617	846
1072	847
1166	847
1519	847
1563	847
1597	847
2919	847
2688	849
910	850
2137	850
2285	850
2636	850
2878	850
1410	855
981	856
1064	856
1374	856
1654	856
1735	856
1953	856
2484	856
3046	856
3076	856
3080	856
916	863
961	863
1032	863
1063	863
1071	863
1253	863
1410	863
1411	863
1552	863
1670	863
1780	863
1917	863
2055	863
2292	863
2596	863
2650	863
3024	863
3026	863
3056	863
3148	863
3341	863
2292	873
1136	876
3041	876
1883	877
2006	877
2433	877
3076	877
3146	877
3163	877
3200	877
1268	878
1417	878
1500	878
2026	878
2195	878
2322	878
2367	878
2382	878
2579	878
2580	878
3088	878
3118	878
3255	878
2951	880
2974	881
893	882
1286	882
1355	882
2822	882
2411	884
1606	886
2789	886
3018	887
1036	890
3068	890
1878	891
944	893
1071	893
1286	893
1355	893
1628	893
1700	893
1945	893
2032	893
2212	893
2355	893
2416	893
2822	893
2968	893
3076	893
3305	893
994	896
3175	896
1243	897
992	898
1590	898
2450	898
2484	899
1032	900
1036	900
1063	900
1083	900
1093	900
1121	900
1338	900
1388	900
1410	900
1442	900
1552	900
1670	900
1673	900
1891	900
1910	900
1917	900
2011	900
2154	900
2566	900
2590	900
2811	900
2998	900
3024	900
3026	900
1081	901
1154	901
1257	901
1268	901
1417	901
1654	901
1858	901
2087	901
2261	901
2367	901
2732	901
2767	901
2827	901
2869	901
3115	901
3212	901
2833	902
1134	904
1484	905
2206	905
2217	905
2621	905
3304	905
3345	905
1519	906
1563	906
1776	906
1938	906
2297	906
2484	906
2807	906
3075	906
3144	906
968	907
2131	908
1410	909
1136	910
1390	910
1421	910
2137	910
2294	910
2645	910
2708	910
2749	910
2843	910
1613	916
2292	916
1840	917
2292	917
2382	917
1136	918
1410	918
991	923
1117	923
1875	923
2688	923
2733	923
3014	923
3265	923
1317	925
1664	925
1921	925
1978	925
2255	925
2417	925
1335	927
968	930
1308	930
1545	930
1654	930
1758	930
2474	930
2650	930
2688	930
2927	930
1597	931
1608	931
1445	932
2367	932
1019	938
1064	938
1280	938
1654	938
2137	938
2195	938
2247	938
2484	938
3023	938
1878	939
2620	939
2707	939
2753	939
3092	939
1071	944
1286	944
2355	944
2822	944
2968	944
3305	944
2847	947
2553	951
1908	952
981	953
1429	953
2399	953
2512	953
2858	953
2155	954
2137	957
2420	957
2619	957
1673	961
2535	961
2951	961
2958	961
3334	961
1162	965
1750	965
2236	965
2297	965
2399	965
2708	965
3334	965
1286	966
2551	966
1031	967
1794	967
1938	967
2509	967
2556	967
2755	967
2779	967
3169	967
2197	968
2932	968
1750	973
2891	973
1693	976
2361	976
2484	976
2510	976
2650	976
3099	976
3166	976
1390	978
1730	978
2137	978
2158	978
2451	978
2480	978
2512	978
2755	978
2789	978
2843	978
2858	978
3163	978
3334	978
1241	979
1136	981
1302	981
1654	981
1927	981
2261	981
2484	981
3075	981
3100	981
2148	986
2164	986
2294	986
2420	986
2512	986
2566	986
2749	986
2919	986
1908	987
2862	987
3279	991
1016	992
1050	992
1381	992
1484	992
2137	992
2206	992
2512	992
2789	992
2974	992
3345	992
1042	994
1173	994
1608	994
2770	994
2808	994
3005	994
1243	996
1521	996
2509	996
3276	998
2434	999
3070	999
1046	1001
1064	1005
1153	1005
1257	1005
1427	1005
1671	1005
2079	1005
2484	1005
2685	1005
3166	1005
3229	1005
1210	1013
1448	1013
1606	1013
1671	1013
1788	1013
2622	1013
2629	1013
2648	1013
3056	1016
1295	1019
1329	1019
2339	1019
2512	1019
2364	1021
1722	1025
3039	1025
2310	1028
1429	1029
1968	1029
2512	1029
3334	1029
1938	1031
1036	1032
1063	1032
1093	1032
1338	1032
1410	1032
1552	1032
1770	1032
1917	1032
2488	1032
2998	1032
3024	1032
3026	1032
3092	1032
1063	1036
1093	1036
1257	1036
1410	1036
1552	1036
1840	1036
1917	1036
2108	1036
2292	1036
2337	1036
2457	1036
2749	1036
2845	1036
2909	1036
2951	1036
2976	1036
3024	1036
3026	1036
3233	1036
1361	1041
1701	1041
1988	1041
2015	1041
2194	1041
2330	1041
2512	1041
2560	1041
2723	1041
3034	1041
3351	1042
1055	1044
1433	1044
2050	1044
1148	1046
1267	1046
1403	1046
1763	1046
2247	1046
2292	1046
2526	1046
2753	1046
2411	1048
1268	1050
1632	1050
2203	1050
3133	1050
1871	1051
1064	1052
1858	1052
2570	1052
1846	1055
2891	1055
1541	1057
1884	1057
2808	1057
2844	1057
1148	1062
1093	1063
1121	1063
1410	1063
1552	1063
1917	1063
2410	1063
3024	1063
3026	1063
1208	1064
2123	1064
2197	1064
2484	1064
2536	1064
3334	1064
1190	1067
1454	1068
1162	1069
1416	1069
1750	1069
1304	1070
3108	1070
1286	1071
1355	1071
1564	1071
1628	1071
1945	1071
1994	1071
2355	1071
2822	1071
2968	1071
3076	1071
3305	1071
2587	1072
1599	1079
1154	1081
1268	1081
2087	1081
2767	1081
2827	1081
1410	1083
1521	1090
2408	1090
2802	1090
2557	1092
3021	1092
1338	1093
1364	1093
1388	1093
1410	1093
1469	1093
1552	1093
1631	1093
1917	1093
2390	1093
2488	1093
3024	1093
3026	1093
3092	1093
3142	1093
1136	1094
1954	1094
2148	1094
2317	1094
3307	1094
1750	1096
1308	1099
2363	1099
2436	1099
2540	1099
1224	1101
1867	1101
1977	1101
2001	1101
2553	1101
2968	1101
1427	1105
1670	1105
2484	1105
2516	1105
3118	1105
3241	1105
1599	1113
1125	1118
1764	1118
1870	1118
2148	1118
2170	1118
2292	1118
3189	1118
1361	1126
1624	1126
2189	1126
2572	1126
2769	1126
2993	1126
3232	1126
2613	1131
3086	1131
1166	1136
1429	1136
1441	1136
1443	1136
1606	1136
2006	1136
2108	1136
2137	1136
2288	1136
2367	1136
2457	1136
2512	1136
2749	1136
2862	1136
2996	1136
3256	1136
3334	1136
1730	1137
2410	1137
2176	1146
2196	1148
2228	1148
2313	1148
2509	1148
2737	1148
3098	1148
3126	1148
3232	1148
3272	1148
1902	1149
1671	1153
2079	1153
2298	1153
3166	1153
3229	1153
1166	1154
1268	1154
2767	1154
2827	1154
2869	1154
1637	1157
1758	1157
3203	1158
1681	1159
2090	1162
2596	1162
2602	1162
2803	1162
2329	1163
2805	1163
1186	1166
1257	1166
1390	1166
1853	1166
1953	1166
2137	1166
2148	1166
2272	1166
2669	1166
2852	1166
3092	1166
3334	1166
1410	1169
2369	1175
2551	1175
2972	1175
1977	1176
2356	1176
2484	1176
2753	1176
1754	1179
2247	1179
2968	1179
1302	1182
1527	1186
1846	1186
1853	1186
2137	1186
2272	1186
2749	1186
2026	1194
2670	1195
3213	1195
2557	1198
2411	1208
2462	1208
2852	1208
1448	1210
1671	1210
1788	1210
2622	1210
2629	1210
2648	1210
3229	1210
3272	1213
2104	1223
1465	1235
1367	1239
1701	1239
1887	1239
3305	1240
1243	1241
1681	1241
2241	1241
2452	1241
2951	1241
1521	1243
1703	1243
2340	1243
2919	1243
2964	1243
3144	1243
3353	1243
1267	1244
1286	1244
2256	1246
1437	1248
2383	1250
1647	1252
2194	1252
2357	1252
2656	1252
1341	1257
1410	1257
1600	1257
1835	1257
2006	1257
2091	1257
2131	1257
2148	1257
2292	1257
2399	1257
2452	1257
2484	1257
2602	1257
2629	1257
2706	1257
2825	1257
2838	1257
2904	1257
2934	1257
2991	1257
3092	1257
3133	1257
3229	1257
3312	1257
3334	1257
1758	1263
1947	1263
1361	1267
1727	1267
2340	1267
2394	1267
2411	1267
2512	1267
2595	1267
2843	1267
2856	1267
2919	1267
2996	1267
3031	1267
3070	1267
3146	1267
3238	1267
1315	1268
1417	1268
1572	1268
2087	1268
2194	1268
2360	1268
2426	1268
2460	1268
2767	1268
2827	1268
2869	1268
3070	1268
3183	1268
2526	1270
1647	1275
1528	1279
1426	1280
1789	1280
1812	1280
2297	1280
2958	1280
3088	1280
3128	1280
3302	1280
3334	1280
1355	1286
1590	1286
1628	1286
1945	1286
1994	1286
2073	1286
2355	1286
2619	1286
2822	1286
2968	1286
3076	1286
3305	1286
1902	1287
2131	1287
2410	1287
1521	1290
1693	1290
2465	1291
2350	1295
2564	1295
2951	1295
2964	1295
3126	1295
3296	1295
1375	1300
1658	1300
1810	1300
1875	1302
3256	1302
3334	1302
2228	1307
2834	1307
3064	1307
3272	1307
2512	1308
2540	1308
3201	1308
2104	1309
2956	1309
1845	1314
2927	1316
2919	1317
2117	1322
1569	1324
1689	1324
2046	1324
2073	1324
2148	1331
2337	1333
1410	1338
1552	1338
1917	1338
3026	1338
2148	1341
2294	1341
2337	1341
1628	1355
1945	1355
2355	1355
2822	1355
2968	1355
3076	1355
3305	1355
2339	1356
2762	1356
1840	1359
2272	1359
2292	1359
3204	1359
2026	1361
2194	1361
3334	1364
2361	1366
2510	1366
2516	1366
2557	1366
3099	1366
3187	1366
1722	1367
1887	1367
3039	1367
3166	1367
2036	1368
2139	1368
3075	1368
1991	1373
1776	1375
2294	1375
3260	1375
3296	1375
2355	1378
3232	1380
1912	1381
1437	1384
2292	1384
1569	1386
1750	1386
2371	1386
2580	1386
2789	1386
3092	1386
3334	1386
1500	1390
2148	1390
2418	1390
2512	1390
2789	1390
2791	1390
2843	1390
3334	1390
1689	1394
2288	1394
1549	1410
1552	1410
1599	1410
1846	1410
1917	1410
2197	1410
2230	1410
2488	1410
2557	1410
2707	1410
3024	1410
3026	1410
3092	1410
3232	1410
1545	1411
1772	1411
2755	1411
3170	1411
2484	1414
3232	1414
2137	1416
2789	1416
2767	1417
2827	1417
2869	1417
1692	1421
2123	1421
2512	1421
2630	1421
2749	1421
2994	1421
3264	1421
3276	1421
2343	1422
2132	1425
2689	1425
2808	1425
2124	1427
2197	1427
2484	1427
2770	1427
2934	1427
3144	1427
3232	1427
1446	1429
1845	1429
1883	1429
1927	1429
1968	1429
2148	1429
2512	1429
2669	1429
2749	1429
2996	1429
3100	1429
3327	1429
1908	1432
2775	1432
2812	1432
2873	1432
2927	1432
1710	1433
2263	1437
2335	1437
1599	1441
1947	1441
3120	1442
2206	1444
2217	1444
2580	1445
2807	1445
1671	1448
1788	1448
2137	1448
2629	1448
2648	1448
3296	1448
3334	1450
1599	1465
3314	1465
1493	1470
2411	1471
3181	1475
1613	1476
2355	1481
2108	1482
2206	1484
2707	1484
2343	1486
2566	1486
2294	1487
2951	1490
3056	1492
1752	1500
2294	1500
2619	1500
2708	1500
2753	1500
2994	1500
3075	1500
3113	1500
3222	1500
3198	1513
3204	1516
1563	1519
2461	1519
1670	1520
1674	1521
1703	1521
2484	1521
2802	1521
2858	1521
2964	1521
3166	1521
3353	1521
2367	1527
2916	1527
3075	1527
2297	1534
2194	1541
1780	1543
2852	1543
3302	1543
2396	1549
2566	1549
3296	1549
1917	1552
2194	1552
2488	1552
3024	1552
3026	1552
3092	1552
1693	1556
2622	1556
2762	1556
3198	1557
3334	1561
2461	1563
3126	1563
1973	1574
2838	1574
1647	1575
1657	1575
2909	1575
1599	1579
2148	1586
2842	1586
2194	1589
1613	1590
2450	1590
2595	1590
3279	1590
1793	1597
1608	1599
1635	1599
1681	1599
2055	1599
2533	1599
2744	1599
2951	1599
3260	1599
2164	1600
2852	1600
2574	1601
2551	1603
2512	1606
3334	1606
1840	1608
2066	1611
2484	1611
2574	1611
3296	1611
2292	1613
2450	1613
1758	1614
2689	1614
2540	1615
1852	1619
3092	1622
1754	1628
2355	1628
2822	1628
2968	1628
3076	1628
3305	1628
2164	1632
2673	1637
3313	1637
1657	1647
2656	1647
2292	1648
2137	1649
2640	1649
1968	1654
1979	1654
2046	1654
2066	1654
2131	1654
2337	1654
2619	1654
2808	1654
2838	1654
3334	1654
1710	1655
2954	1655
2339	1656
1810	1658
3198	1658
2343	1659
2696	1659
2279	1663
3141	1663
1712	1664
2378	1664
1681	1670
2029	1670
2484	1670
2808	1670
1788	1671
2079	1671
2329	1671
2622	1671
2629	1671
2648	1671
3166	1671
3229	1671
3334	1671
1730	1673
1746	1673
2987	1673
3144	1673
2284	1674
2148	1681
2164	1681
2874	1681
3092	1681
3092	1687
1947	1688
1760	1689
1827	1689
2579	1689
2580	1689
2633	1689
2875	1689
2919	1689
2553	1692
2648	1693
2762	1693
2858	1693
3198	1693
2194	1700
2194	1701
2968	1701
2802	1703
3166	1703
3181	1707
2279	1708
1940	1710
2954	1710
2242	1711
1752	1712
3002	1712
3312	1712
2164	1714
2194	1722
2767	1722
2774	1722
3039	1722
3166	1722
1758	1730
2850	1730
2882	1730
2894	1730
3310	1730
3232	1731
2054	1735
2180	1735
2333	1735
2542	1735
3315	1741
1754	1744
1858	1744
2648	1744
3345	1744
2085	1750
2090	1750
2137	1750
2240	1750
2336	1750
2349	1750
2512	1750
2557	1750
2930	1750
2989	1750
3113	1752
2199	1754
3157	1758
2805	1760
3200	1760
2968	1762
1951	1763
2137	1763
3195	1763
3189	1764
2873	1770
2344	1772
2411	1775
3023	1775
2633	1778
2708	1778
3063	1778
3254	1778
3353	1778
2255	1780
2292	1780
2397	1780
2137	1788
2629	1788
2648	1788
3264	1788
2137	1789
3100	1789
2755	1794
3307	1794
2297	1797
3092	1797
2650	1807
2822	1807
2288	1808
2037	1812
2237	1812
2420	1812
2557	1812
2685	1812
3276	1812
2300	1821
2444	1821
3063	1821
2484	1826
2148	1827
2399	1827
2180	1840
2512	1840
3012	1840
3302	1840
2858	1846
3256	1851
2272	1853
2807	1853
3334	1853
3126	1858
1977	1867
2001	1867
2656	1870
2936	1871
2990	1871
1921	1876
3267	1876
2164	1878
2512	1878
2620	1878
2749	1878
2934	1878
3334	1883
2425	1887
3167	1887
2478	1891
2928	1901
2480	1902
3027	1902
2415	1906
2440	1906
2148	1908
2443	1908
2572	1911
2371	1913
2805	1915
1969	1916
2633	1916
3026	1917
3092	1917
2030	1921
2630	1927
3031	1927
3175	1927
3334	1927
1947	1929
2316	1938
2343	1938
2810	1944
2822	1945
2094	1947
2442	1947
2707	1947
2983	1947
3361	1947
2253	1950
2343	1951
3195	1951
2111	1953
2197	1956
2294	1968
2337	1968
2512	1968
2843	1968
2996	1968
2812	1969
2838	1973
2001	1977
2328	1978
2755	1981
3334	1982
2194	1988
3018	1991
2367	2001
2427	2001
2164	2006
2292	2006
2297	2006
2356	2006
2433	2006
2590	2006
2807	2006
2766	2015
2753	2017
3310	2017
2079	2024
2195	2026
2292	2026
2579	2026
2580	2026
3203	2026
3170	2027
3307	2033
3313	2033
2124	2036
3304	2036
3321	2036
3026	2037
2074	2046
2194	2046
2292	2046
2066	2047
3260	2052
3279	2052
2656	2065
2427	2066
2484	2066
2564	2066
2261	2073
2891	2073
2377	2075
2685	2079
3229	2079
2385	2080
2516	2080
2576	2087
2767	2087
2827	2087
3115	2087
2791	2089
2791	2090
3219	2090
3334	2090
2283	2091
2769	2091
2408	2103
2158	2104
3127	2104
2339	2107
2805	2108
2660	2111
2411	2112
2838	2112
3021	2117
2553	2123
2484	2124
3232	2124
3357	2124
2148	2131
2292	2131
2329	2131
2443	2131
2339	2135
3054	2135
3213	2135
2236	2137
2247	2137
2272	2137
2284	2137
2297	2137
2310	2137
2364	2137
2418	2137
2480	2137
2512	2137
2602	2137
2630	2137
2648	2137
2755	2137
2789	2137
2791	2137
2833	2137
2838	2137
2869	2137
2996	2137
3023	2137
3073	2137
3113	2137
3165	2137
3175	2137
3177	2137
3204	2137
3313	2137
3334	2137
2445	2139
2808	2139
3023	2139
3296	2139
2297	2142
2640	2143
3020	2143
3118	2143
3334	2143
2164	2148
2256	2148
2272	2148
2317	2148
2399	2148
2404	2148
2411	2148
2418	2148
2422	2148
2512	2148
2551	2148
2749	2148
2789	2148
2987	2148
3144	2148
3232	2148
3334	2148
2568	2151
2294	2158
2337	2158
2951	2159
2484	2161
3075	2161
3198	2161
2591	2162
2261	2164
2294	2164
2313	2164
2551	2164
2587	2164
2619	2164
2749	2164
2789	2164
2851	2164
2874	2164
2928	2164
3334	2164
3345	2164
2292	2176
2613	2176
3334	2177
2509	2179
2968	2193
2307	2194
2551	2194
2553	2194
2812	2194
2968	2194
3254	2194
2337	2195
3347	2195
2411	2197
2484	2197
2825	2197
2977	2201
2217	2206
3046	2206
3128	2206
3304	2206
3345	2206
3022	2214
2974	2218
2457	2220
3057	2220
2733	2221
3272	2228
2809	2230
3056	2230
3092	2230
2337	2236
2361	2242
3222	2247
2537	2256
2340	2259
2292	2261
2356	2261
3070	2261
2557	2265
3141	2265
2337	2272
2338	2272
2367	2272
2512	2272
2812	2272
2526	2279
2791	2279
2292	2284
2428	2284
2447	2284
2484	2284
2753	2284
2875	2284
2919	2284
2950	2284
2958	2284
3233	2284
3234	2284
2367	2292
2512	2292
2580	2292
2581	2292
2613	2292
2706	2292
2807	2292
2853	2292
2951	2292
3092	2292
3175	2292
3217	2292
3254	2292
3302	2292
3334	2292
3341	2292
2337	2294
2467	2294
2602	2294
3074	2294
3219	2294
3026	2296
2696	2297
3060	2297
3175	2297
3227	2297
2551	2298
3075	2302
2760	2304
2339	2305
2656	2305
2336	2313
2807	2313
3192	2320
2484	2325
3334	2325
2629	2329
3229	2329
2686	2330
2411	2333
2542	2333
3050	2333
2484	2337
2594	2337
2737	2337
2825	2337
2950	2337
3074	2337
3331	2337
3351	2338
2411	2339
2740	2339
2750	2339
2803	2339
3298	2339
2566	2343
2987	2343
3333	2343
2822	2355
2968	2355
3070	2355
3076	2355
3305	2355
2656	2357
2510	2361
2516	2361
3169	2361
3232	2363
3256	2364
2998	2367
3110	2367
3234	2367
2382	2369
2488	2382
2880	2382
2707	2392
2968	2397
2838	2399
3092	2399
2420	2408
2880	2410
2433	2411
2587	2411
2844	2411
2924	2411
3031	2411
3113	2411
2484	2412
3056	2419
3260	2420
3334	2420
2484	2422
2762	2422
3341	2425
3163	2433
2987	2437
2540	2441
3334	2443
2480	2451
2779	2452
2924	2452
3092	2452
2667	2457
2996	2457
2805	2461
2737	2467
3022	2467
3075	2467
3152	2467
3195	2467
2591	2475
3109	2475
2537	2480
2708	2480
2858	2480
3163	2480
2733	2484
2773	2484
2807	2484
2808	2484
2916	2484
3092	2484
3121	2484
3175	2484
3232	2484
3299	2484
3302	2484
3139	2488
2535	2491
2895	2493
3170	2504
2516	2510
3099	2510
2619	2512
2669	2512
2749	2512
2789	2512
2842	2512
2843	2512
2956	2512
2996	2512
3021	2512
3031	2512
3334	2512
3099	2516
3241	2516
2909	2523
2687	2526
2853	2535
3175	2535
2636	2545
2951	2551
3232	2552
2580	2553
3334	2566
2808	2568
2932	2568
2974	2570
2958	2572
2998	2573
3056	2574
2580	2579
2590	2580
2919	2580
3056	2580
2624	2581
2763	2587
3091	2587
3075	2590
2707	2602
3092	2602
2762	2604
2812	2619
3071	2619
3219	2619
3290	2619
3334	2619
2660	2620
2762	2622
2940	2623
3075	2624
2648	2629
2791	2630
2996	2630
3146	2630
3175	2630
2708	2633
2764	2633
3063	2633
3254	2633
3334	2633
3353	2633
3026	2634
3039	2635
2749	2636
2878	2636
2987	2636
2650	2641
3213	2644
2707	2648
3113	2648
3130	2648
3081	2650
3161	2650
2852	2660
3334	2673
2916	2675
3229	2685
2688	2686
3023	2688
2755	2690
3307	2690
3229	2695
3075	2706
2749	2708
2764	2708
3063	2708
3254	2708
3334	2708
3345	2708
3353	2708
2916	2716
2968	2726
3252	2737
3314	2737
3219	2749
3334	2749
3113	2753
3264	2753
2845	2755
3038	2755
3276	2755
3307	2755
2909	2762
3254	2764
3353	2764
3070	2766
2827	2767
3115	2767
3075	2770
3232	2770
3039	2774
2812	2775
3075	2779
2916	2784
3334	2789
3146	2791
3175	2791
2964	2802
3353	2802
3334	2803
3303	2805
3310	2805
3334	2807
3232	2808
2909	2810
3026	2810
3296	2810
2873	2812
2927	2812
3353	2812
3277	2818
2968	2822
3076	2822
3305	2822
3070	2825
2869	2827
2858	2838
3034	2838
3070	2838
3296	2841
3075	2842
3204	2843
3334	2843
3175	2853
3341	2853
3305	2855
3276	2858
2973	2859
3200	2862
2927	2873
3334	2874
2919	2875
2950	2875
2996	2875
3092	2894
3056	2904
3092	2904
3092	2909
2919	2914
3026	2916
3201	2916
3113	2927
3345	2928
3081	2932
3075	2934
3334	2934
2968	2949
3070	2950
2958	2951
3124	2956
3166	2964
3299	2964
3353	2964
2975	2968
3076	2968
3302	2968
3305	2968
3334	2994
3100	2996
3023	2998
3026	2998
3039	3006
3110	3023
3157	3023
3026	3024
3092	3024
3092	3026
3305	3032
3070	3039
3329	3060
3254	3063
3353	3063
3347	3070
3108	3075
3121	3075
3144	3075
3163	3075
3170	3075
3305	3076
3110	3092
3334	3092
3198	3113
3256	3115
3241	3118
3296	3121
3304	3128
3260	3144
3219	3157
3345	3163
3229	3166
3353	3166
3334	3175
3213	3204
3234	3212
3296	3219
3353	3254
3276	3260
3279	3260
3276	3272
3334	3276
3307	3296
3313	3296
3341	3334
