7	602
7	1285
22	551
22	1061
23	1021
24	125
24	1463
25	696
25	1069
25	1273
25	1314
30	119
30	913
30	1111
33	1335
35	672
35	1262
36	559
36	1417
41	166
41	380
41	1010
41	1102
41	1142
41	1255
41	1263
43	1558
49	73
49	106
49	120
49	142
49	146
49	181
49	196
49	205
49	260
49	341
49	378
49	428
49	513
49	522
49	528
49	539
49	589
49	604
49	648
49	652
49	796
49	805
49	839
49	842
49	888
49	928
49	936
49	942
49	963
49	976
49	1004
49	1018
49	1056
49	1078
49	1117
49	1122
49	1154
49	1160
49	1169
49	1206
49	1218
49	1230
49	1272
49	1320
49	1428
49	1452
49	1458
49	1461
49	1537
53	525
53	1169
53	1453
53	1479
54	121
54	190
54	345
54	534
54	728
54	833
54	837
54	883
54	1271
55	107
55	200
55	205
55	260
55	358
55	428
55	499
55	504
55	522
55	539
55	648
55	796
55	839
55	888
55	942
55	1004
55	1056
55	1078
55	1206
55	1269
55	1320
71	697
71	933
71	1467
71	1526
73	260
73	268
73	420
73	1174
73	1489
75	660
75	1018
96	1489
104	1006
104	1393
106	120
106	142
106	181
106	196
106	205
106	260
106	358
106	378
106	428
106	504
106	522
106	539
106	546
106	584
106	589
106	652
106	739
106	805
106	839
106	842
106	888
106	936
106	942
106	976
106	996
106	1018
106	1025
106	1078
106	1122
106	1160
106	1206
106	1218
106	1230
106	1236
106	1269
106	1320
106	1364
106	1428
106	1452
106	1461
107	200
107	205
107	428
107	499
107	522
107	539
107	648
107	796
107	839
107	888
107	1004
107	1056
107	1160
107	1206
107	1230
107	1320
114	1199
119	485
119	536
119	900
119	903
119	1111
119	1382
119	1406
120	181
120	196
120	260
120	378
120	604
120	693
120	805
120	842
120	877
120	976
120	1117
120	1218
120	1230
120	1236
120	1428
120	1483
120	1537
121	345
121	534
121	728
121	833
121	837
121	883
121	1271
122	171
122	419
122	502
122	671
122	951
122	1278
122	1374
122	1437
122	1519
125	1463
131	1102
131	1142
131	1255
132	640
139	913
140	589
142	181
142	205
142	528
142	546
142	609
142	842
142	1169
142	1322
142	1461
145	185
145	412
145	525
145	886
145	926
145	1169
145	1213
145	1453
145	1481
146	181
146	240
146	333
146	430
146	604
146	693
146	805
146	842
146	928
146	976
146	1154
146	1169
146	1218
146	1272
146	1483
146	1537
153	577
153	903
153	1105
153	1505
162	181
162	260
162	341
162	378
162	430
162	589
162	599
162	693
162	785
162	805
162	842
162	914
162	928
162	963
162	976
162	988
162	1037
162	1117
162	1201
162	1218
162	1364
162	1458
162	1483
162	1537
163	1488
164	697
164	933
164	1467
164	1526
166	366
166	380
166	1010
166	1102
166	1142
166	1255
167	412
167	445
167	636
167	707
167	846
167	952
167	1014
167	1286
167	1453
167	1499
169	229
169	356
169	452
169	546
169	590
169	697
169	967
169	1407
171	419
171	502
171	671
171	951
171	1278
171	1374
171	1437
171	1519
172	1045
173	1314
176	435
176	468
176	540
176	1194
176	1460
176	1488
180	1394
181	205
181	258
181	260
181	333
181	341
181	378
181	391
181	430
181	528
181	589
181	599
181	604
181	693
181	739
181	762
181	785
181	805
181	842
181	914
181	926
181	928
181	936
181	942
181	963
181	976
181	988
181	1037
181	1078
181	1117
181	1154
181	1169
181	1174
181	1218
181	1272
181	1381
181	1408
181	1428
181	1458
181	1461
181	1483
181	1537
182	1061
185	258
185	267
185	391
185	412
185	445
185	480
185	525
185	592
185	670
185	679
185	707
185	846
185	886
185	920
185	926
185	932
185	936
185	937
185	942
185	1109
185	1169
185	1213
185	1320
185	1381
185	1399
185	1438
185	1453
185	1461
185	1481
185	1499
188	422
188	697
188	803
188	967
188	1168
190	728
190	837
190	1271
195	975
196	260
196	428
196	584
196	842
196	877
196	1236
196	1428
199	1445
200	205
200	260
200	358
200	412
200	428
200	499
200	513
200	522
200	539
200	592
200	648
200	739
200	796
200	839
200	888
200	936
200	942
200	1004
200	1018
200	1025
200	1056
200	1078
200	1160
200	1206
200	1213
200	1269
200	1320
200	1428
200	1452
200	1461
200	1485
200	1493
203	358
205	260
205	358
205	428
205	448
205	504
205	513
205	522
205	528
205	539
205	648
205	652
205	739
205	796
205	839
205	842
205	888
205	936
205	942
205	1004
205	1018
205	1056
205	1078
205	1160
205	1206
205	1230
205	1269
205	1320
205	1461
205	1493
206	699
206	1077
206	1180
207	315
207	422
207	580
207	697
207	719
207	967
207	1472
209	1093
209	1524
211	431
214	327
214	591
214	621
214	674
214	675
214	1294
214	1323
214	1329
214	1556
221	505
221	618
221	713
221	1366
221	1383
221	1460
226	254
226	756
226	906
226	1215
226	1353
226	1382
226	1383
226	1532
226	1557
229	356
229	546
229	590
229	1407
236	288
242	684
244	1353
249	387
254	756
254	906
254	1215
254	1353
254	1382
254	1557
258	267
258	391
258	412
258	513
258	525
258	592
258	670
258	679
258	739
258	886
258	920
258	926
258	932
258	936
258	937
258	942
258	1109
258	1154
258	1169
258	1269
258	1300
258	1381
258	1399
258	1428
258	1438
258	1453
258	1461
258	1481
260	358
260	378
260	428
260	430
260	499
260	522
260	528
260	539
260	589
260	604
260	648
260	652
260	693
260	739
260	796
260	802
260	805
260	839
260	842
260	888
260	928
260	936
260	942
260	963
260	976
260	996
260	1004
260	1025
260	1047
260	1056
260	1067
260	1078
260	1117
260	1122
260	1160
260	1206
260	1218
260	1230
260	1236
260	1269
260	1272
260	1320
260	1364
260	1408
260	1428
260	1452
260	1458
260	1461
260	1483
260	1485
260	1493
260	1537
260	1556
265	1235
267	391
267	412
267	525
267	670
267	679
267	846
267	920
267	926
267	932
267	1109
267	1169
267	1381
267	1399
267	1481
267	1499
268	1174
270	1314
273	383
273	1150
273	1352
273	1394
277	634
277	974
286	792
286	820
286	1215
286	1253
286	1383
286	1413
286	1414
286	1498
286	1532
294	796
294	1160
302	334
302	605
302	901
302	1002
302	1056
302	1160
302	1243
302	1375
302	1530
312	506
312	711
312	1391
314	1469
315	422
315	580
315	719
315	967
315	1472
320	404
320	825
320	1444
326	1200
327	591
327	621
327	674
327	675
327	1294
327	1323
327	1329
327	1556
329	1338
333	446
333	604
333	693
333	762
333	805
333	842
333	914
333	976
333	1218
333	1272
333	1287
333	1458
333	1483
333	1537
334	605
334	901
334	1002
334	1243
334	1530
341	364
341	378
341	430
341	589
341	599
341	693
341	785
341	805
341	914
341	928
341	963
341	976
341	988
341	1037
341	1117
341	1201
341	1218
341	1364
341	1458
341	1483
341	1537
344	1031
344	1212
344	1488
345	534
345	728
345	833
345	837
345	883
345	1271
351	1351
351	1425
353	369
353	933
353	1467
353	1526
354	604
354	762
354	1287
356	422
356	452
356	546
356	590
356	697
356	967
356	1407
358	428
358	513
358	522
358	648
358	739
358	796
358	839
358	888
358	936
358	942
358	1004
358	1018
358	1056
358	1078
358	1160
358	1206
358	1269
358	1320
358	1461
358	1485
358	1493
364	599
364	785
364	1117
364	1458
366	1102
369	528
369	697
369	933
369	1168
369	1467
369	1526
371	421
378	430
378	589
378	599
378	604
378	693
378	785
378	805
378	842
378	914
378	928
378	963
378	976
378	988
378	1037
378	1117
378	1201
378	1218
378	1364
378	1458
378	1483
378	1537
380	1102
380	1255
380	1263
383	1150
383	1352
391	412
391	513
391	525
391	546
391	670
391	679
391	739
391	842
391	846
391	920
391	926
391	932
391	936
391	937
391	942
391	1109
391	1154
391	1160
391	1169
391	1213
391	1320
391	1381
391	1399
391	1428
391	1438
391	1453
391	1461
391	1481
391	1485
391	1499
393	974
396	1132
399	1328
401	627
404	825
404	1444
412	445
412	480
412	525
412	592
412	636
412	660
412	670
412	679
412	707
412	846
412	886
412	920
412	926
412	932
412	936
412	937
412	1014
412	1035
412	1109
412	1169
412	1213
412	1286
412	1320
412	1381
412	1399
412	1438
412	1453
412	1461
412	1481
412	1493
412	1499
414	558
414	721
419	502
419	671
419	951
419	1278
419	1374
419	1437
419	1519
420	585
420	907
420	986
420	1005
420	1174
420	1489
422	528
422	580
422	581
422	590
422	697
422	719
422	803
422	967
422	1168
422	1407
422	1467
422	1526
426	534
427	746
427	845
428	499
428	513
428	522
428	539
428	648
428	739
428	796
428	839
428	842
428	888
428	936
428	942
428	969
428	1004
428	1018
428	1056
428	1078
428	1160
428	1206
428	1230
428	1269
428	1320
428	1452
428	1493
430	589
430	599
430	604
430	693
430	785
430	805
430	914
430	928
430	963
430	976
430	988
430	1037
430	1117
430	1218
430	1458
430	1483
430	1537
432	564
432	994
432	1358
435	468
435	540
435	1460
435	1488
440	975
445	636
445	707
445	846
445	920
445	952
445	1014
445	1109
445	1169
445	1213
445	1286
445	1453
445	1499
446	604
448	969
448	1049
452	546
452	697
455	929
456	1284
461	738
468	540
468	1194
468	1460
468	1488
479	1105
479	1505
480	670
480	926
480	936
480	937
480	1169
480	1453
480	1499
484	496
484	657
484	708
484	725
484	1394
485	536
496	657
496	708
496	725
496	1394
499	522
499	648
499	796
499	1004
499	1056
499	1078
499	1160
499	1206
499	1269
499	1320
502	671
502	951
502	1278
502	1374
502	1437
502	1519
504	513
504	522
504	796
504	839
504	888
504	1078
504	1160
504	1320
504	1493
505	618
505	713
505	1366
506	1391
511	637
511	1151
511	1157
511	1494
513	522
513	525
513	539
513	592
513	648
513	679
513	739
513	796
513	839
513	842
513	888
513	920
513	936
513	937
513	942
513	1047
513	1056
513	1078
513	1160
513	1169
513	1218
513	1230
513	1269
513	1300
513	1318
513	1320
513	1381
513	1453
513	1485
513	1493
520	700
520	936
522	539
522	648
522	652
522	660
522	670
522	739
522	796
522	839
522	842
522	886
522	888
522	920
522	936
522	942
522	1004
522	1014
522	1018
522	1035
522	1056
522	1078
522	1160
522	1206
522	1213
522	1230
522	1269
522	1320
522	1428
522	1452
522	1453
522	1485
522	1493
523	564
525	592
525	670
525	679
525	707
525	846
525	886
525	926
525	932
525	937
525	1109
525	1169
525	1213
525	1320
525	1381
525	1399
525	1438
525	1453
525	1461
525	1481
525	1499
528	546
528	607
528	697
528	842
528	933
528	1218
528	1408
528	1461
528	1467
528	1526
534	728
534	833
534	837
534	883
534	1271
536	900
536	1406
539	648
539	652
539	739
539	796
539	839
539	846
539	888
539	936
539	942
539	1018
539	1035
539	1056
539	1078
539	1160
539	1169
539	1206
539	1230
539	1320
539	1453
539	1461
539	1493
539	1499
540	1194
540	1460
540	1488
545	596
546	609
546	842
546	1169
546	1322
551	1061
551	1331
553	1040
553	1081
553	1325
553	1336
553	1342
553	1355
558	721
559	1417
560	698
564	1498
577	903
577	1105
577	1505
580	590
580	697
580	719
580	803
580	967
580	1407
581	590
581	697
581	1407
583	1088
583	1227
584	1428
585	907
585	1005
585	1489
589	599
589	693
589	785
589	805
589	842
589	963
589	976
589	988
589	989
589	1037
589	1117
589	1154
589	1169
589	1218
589	1336
589	1342
589	1428
589	1458
589	1483
589	1537
590	697
590	803
590	967
590	1168
590	1407
591	621
591	674
591	675
591	1294
591	1323
591	1329
592	636
592	670
592	679
592	707
592	846
592	920
592	926
592	936
592	937
592	942
592	1109
592	1169
592	1213
592	1286
592	1320
592	1381
592	1399
592	1438
592	1453
592	1461
592	1481
592	1493
592	1499
599	693
599	785
599	805
599	928
599	963
599	976
599	988
599	1117
599	1218
599	1428
599	1458
599	1483
599	1537
602	810
602	1285
604	693
604	762
604	914
604	928
604	963
604	976
604	1037
604	1117
604	1218
604	1287
604	1458
604	1483
604	1537
605	901
605	1002
605	1056
605	1243
605	1375
605	1530
609	790
609	1322
618	713
618	1366
618	1383
618	1460
621	674
621	675
621	1294
621	1323
621	1329
623	1451
627	974
631	1222
631	1435
634	974
636	707
636	846
636	913
636	1213
636	1286
636	1453
636	1499
637	1151
637	1157
637	1494
647	673
647	779
647	1556
648	739
648	796
648	839
648	888
648	936
648	1004
648	1018
648	1056
648	1078
648	1160
648	1230
648	1320
648	1452
648	1485
648	1493
651	889
652	839
652	888
652	1018
652	1160
652	1230
656	1208
657	708
657	725
657	1394
660	670
660	842
660	888
660	936
660	1025
660	1169
660	1286
660	1320
660	1453
660	1493
660	1556
665	970
670	679
670	707
670	846
670	886
670	920
670	926
670	932
670	936
670	937
670	1109
670	1154
670	1160
670	1169
670	1213
670	1300
670	1320
670	1381
670	1399
670	1428
670	1438
670	1453
670	1461
670	1481
670	1499
671	951
671	1278
671	1374
671	1437
671	1519
672	1262
674	675
674	1294
674	1323
674	1329
675	1294
675	1323
675	1329
679	707
679	846
679	886
679	926
679	932
679	936
679	937
679	1109
679	1169
679	1213
679	1320
679	1381
679	1399
679	1438
679	1453
679	1461
679	1481
679	1499
691	1383
691	1413
691	1498
693	785
693	805
693	842
693	914
693	928
693	963
693	976
693	988
693	1037
693	1117
693	1201
693	1218
693	1364
693	1458
693	1483
693	1537
696	1273
697	719
697	803
697	905
697	933
697	967
697	1168
697	1407
697	1467
697	1526
699	1077
699	1180
705	1214
707	846
707	920
707	926
707	932
707	937
707	1109
707	1169
707	1213
707	1286
707	1320
707	1381
707	1399
707	1453
707	1481
707	1499
708	725
708	1394
711	1047
711	1391
713	1366
713	1383
713	1460
714	817
719	967
719	1472
725	974
725	1394
727	1112
727	1164
727	1207
727	1275
727	1289
727	1464
727	1473
728	833
728	837
728	883
728	1271
732	892
732	1358
739	796
739	839
739	842
739	888
739	936
739	942
739	1018
739	1056
739	1067
739	1078
739	1160
739	1169
739	1206
739	1218
739	1230
739	1269
739	1300
739	1318
739	1320
739	1381
739	1461
739	1465
739	1493
741	1415
742	1307
746	845
756	906
756	1215
756	1353
756	1382
756	1532
756	1557
762	1169
769	1344
779	839
779	1122
785	805
785	928
785	963
785	976
785	988
785	1037
785	1117
785	1218
785	1428
785	1458
785	1483
785	1537
790	1322
792	820
792	1215
792	1253
792	1383
792	1413
792	1414
792	1498
792	1532
796	839
796	888
796	936
796	942
796	969
796	1004
796	1018
796	1056
796	1078
796	1160
796	1206
796	1230
796	1269
796	1320
796	1452
796	1485
796	1493
802	839
802	888
802	1078
802	1230
803	967
803	1168
803	1407
803	1467
805	839
805	842
805	914
805	928
805	963
805	976
805	988
805	1037
805	1117
805	1201
805	1218
805	1347
805	1364
805	1408
805	1428
805	1458
805	1483
805	1537
814	1324
815	1471
820	1215
820	1253
820	1383
820	1413
820	1414
820	1498
820	1532
823	1267
823	1315
823	1385
825	1444
828	1212
828	1220
833	837
833	883
833	1271
837	883
837	1271
839	842
839	888
839	936
839	942
839	1004
839	1018
839	1056
839	1078
839	1117
839	1122
839	1160
839	1206
839	1218
839	1230
839	1269
839	1320
839	1452
839	1461
839	1485
839	1556
841	1335
842	936
842	942
842	969
842	976
842	1025
842	1078
842	1117
842	1122
842	1154
842	1160
842	1169
842	1218
842	1230
842	1272
842	1318
842	1320
842	1428
842	1452
842	1461
842	1483
842	1485
842	1537
845	1045
846	920
846	926
846	936
846	937
846	1035
846	1109
846	1169
846	1213
846	1286
846	1381
846	1399
846	1453
846	1461
846	1481
846	1493
846	1499
860	1378
865	1232
868	1064
868	1336
868	1342
874	1503
875	1095
877	1230
877	1236
883	1271
886	920
886	926
886	936
886	937
886	942
886	978
886	1109
886	1169
886	1320
886	1381
886	1399
886	1453
886	1461
886	1481
888	936
888	942
888	1004
888	1018
888	1035
888	1056
888	1065
888	1078
888	1160
888	1206
888	1218
888	1230
888	1269
888	1320
888	1465
888	1485
888	1493
892	1358
893	1064
896	980
899	1472
900	1105
900	1111
900	1406
901	1002
901	1243
901	1530
903	1105
903	1505
906	1215
906	1353
906	1382
906	1383
906	1532
906	1557
907	1005
907	1489
908	1158
913	1128
914	928
914	963
914	976
914	1037
914	1117
914	1218
914	1458
914	1537
920	926
920	936
920	937
920	942
920	1169
920	1213
920	1286
920	1320
920	1381
920	1403
920	1453
920	1461
920	1499
925	1079
925	1541
926	932
926	936
926	937
926	1109
926	1154
926	1169
926	1213
926	1320
926	1381
926	1399
926	1438
926	1453
926	1461
926	1481
926	1499
928	963
928	976
928	988
928	1037
928	1117
928	1218
928	1458
928	1483
928	1537
932	937
932	1109
932	1160
932	1169
932	1381
932	1399
932	1438
932	1453
932	1481
933	967
933	1168
933	1467
933	1526
936	937
936	942
936	978
936	1047
936	1056
936	1078
936	1160
936	1169
936	1214
936	1218
936	1230
936	1269
936	1300
936	1318
936	1320
936	1381
936	1399
936	1428
936	1438
936	1452
936	1453
936	1461
936	1481
936	1485
936	1493
936	1499
937	942
937	1109
937	1169
937	1213
937	1300
937	1320
937	1381
937	1399
937	1403
937	1453
937	1461
937	1481
937	1499
938	1514
942	978
942	1004
942	1018
942	1047
942	1056
942	1078
942	1154
942	1160
942	1169
942	1206
942	1218
942	1230
942	1269
942	1300
942	1318
942	1320
942	1381
942	1403
942	1452
942	1453
942	1461
942	1485
951	1278
951	1374
951	1437
951	1519
952	1014
952	1286
952	1320
952	1453
963	976
963	988
963	1037
963	1117
963	1218
963	1364
963	1428
963	1458
963	1483
963	1537
966	1518
967	1168
967	1407
967	1467
968	1032
969	1056
969	1078
969	1160
969	1214
969	1320
969	1493
974	1366
976	988
976	1037
976	1117
976	1218
976	1364
976	1408
976	1428
976	1458
976	1483
976	1537
978	1300
978	1461
987	1324
988	1037
988	1117
988	1201
988	1218
988	1458
988	1483
988	1537
990	1540
994	1192
996	1206
1002	1056
1002	1243
1002	1530
1003	1018
1004	1056
1004	1078
1004	1160
1004	1206
1004	1230
1004	1320
1005	1489
1006	1393
1010	1102
1010	1142
1010	1255
1014	1286
1014	1320
1014	1453
1014	1493
1018	1056
1018	1078
1018	1160
1018	1218
1018	1230
1018	1269
1018	1320
1018	1452
1018	1485
1018	1493
1021	1349
1021	1432
1021	1472
1025	1067
1025	1122
1025	1236
1025	1322
1025	1340
1025	1493
1031	1212
1033	1556
1035	1320
1036	1342
1037	1117
1037	1218
1037	1458
1037	1483
1037	1537
1040	1325
1040	1336
1040	1342
1040	1355
1047	1169
1047	1230
1047	1461
1053	1257
1053	1345
1056	1078
1056	1160
1056	1169
1056	1206
1056	1218
1056	1230
1056	1269
1056	1300
1056	1320
1056	1452
1056	1461
1056	1485
1056	1493
1065	1078
1069	1273
1072	1488
1077	1180
1078	1160
1078	1169
1078	1206
1078	1218
1078	1230
1078	1269
1078	1318
1078	1320
1078	1428
1078	1452
1078	1485
1078	1493
1079	1541
1081	1325
1081	1336
1081	1342
1081	1355
1088	1227
1093	1524
1102	1142
1102	1255
1102	1263
1105	1111
1105	1460
1105	1505
1109	1154
1109	1169
1109	1213
1109	1320
1109	1381
1109	1399
1109	1438
1109	1453
1109	1481
1109	1499
1112	1164
1112	1207
1112	1275
1112	1289
1112	1464
1117	1201
1117	1218
1117	1364
1117	1428
1117	1458
1117	1483
1117	1537
1122	1556
1142	1255
1150	1352
1151	1157
1151	1494
1154	1169
1154	1218
1154	1300
1154	1381
1154	1399
1154	1428
1154	1458
1157	1494
1160	1169
1160	1206
1160	1230
1160	1269
1160	1300
1160	1320
1160	1381
1160	1452
1160	1453
1160	1461
1160	1485
1160	1493
1164	1207
1164	1275
1164	1289
1164	1464
1164	1473
1168	1467
1168	1526
1169	1213
1169	1218
1169	1272
1169	1300
1169	1318
1169	1320
1169	1381
1169	1399
1169	1403
1169	1428
1169	1438
1169	1453
1169	1461
1169	1481
1169	1485
1169	1499
1189	1529
1190	1450
1194	1460
1194	1488
1201	1458
1201	1537
1206	1230
1206	1269
1206	1320
1206	1452
1206	1466
1207	1275
1207	1289
1207	1464
1207	1473
1212	1220
1212	1488
1213	1320
1213	1381
1213	1399
1213	1453
1213	1481
1213	1499
1214	1320
1215	1253
1215	1353
1215	1382
1215	1383
1215	1413
1215	1414
1215	1498
1215	1532
1215	1557
1218	1230
1218	1408
1218	1428
1218	1452
1218	1458
1218	1483
1218	1537
1230	1269
1230	1320
1230	1452
1230	1461
1236	1340
1236	1364
1243	1375
1243	1530
1253	1383
1253	1413
1253	1414
1253	1498
1253	1532
1255	1263
1257	1345
1267	1315
1267	1363
1267	1385
1269	1318
1269	1320
1269	1381
1269	1452
1269	1461
1269	1493
1272	1428
1275	1289
1275	1464
1275	1473
1278	1374
1278	1437
1278	1519
1286	1320
1286	1453
1286	1461
1286	1493
1286	1499
1289	1464
1289	1473
1294	1323
1294	1329
1300	1320
1300	1381
1300	1399
1300	1428
1300	1438
1300	1461
1315	1363
1315	1385
1318	1320
1318	1381
1318	1465
1320	1381
1320	1438
1320	1452
1320	1453
1320	1461
1320	1465
1320	1481
1320	1485
1320	1493
1320	1499
1323	1329
1325	1336
1325	1342
1325	1355
1336	1342
1342	1355
1351	1425
1353	1382
1353	1383
1353	1406
1353	1532
1353	1557
1358	1366
1359	1488
1364	1428
1364	1458
1366	1383
1366	1460
1366	1498
1368	1505
1374	1437
1374	1519
1381	1399
1381	1438
1381	1453
1381	1461
1381	1481
1381	1499
1382	1383
1382	1532
1382	1557
1383	1413
1383	1414
1383	1498
1383	1532
1383	1557
1399	1438
1399	1453
1399	1461
1399	1481
1403	1461
1408	1458
1413	1414
1413	1498
1413	1532
1414	1498
1414	1532
1428	1438
1428	1458
1428	1461
1428	1483
1428	1537
1435	1484
1437	1519
1438	1453
1438	1481
1453	1461
1453	1481
1453	1493
1453	1499
1458	1483
1458	1537
1460	1488
1461	1481
1461	1493
1461	1499
1464	1473
1465	1493
1467	1526
1481	1499
1483	1537
1493	1499
1498	1532
1532	1557
602	7
1285	7
551	22
1061	22
1021	23
125	24
1463	24
696	25
1069	25
1273	25
1314	25
119	30
913	30
1111	30
1335	33
672	35
1262	35
559	36
1417	36
166	41
380	41
1010	41
1102	41
1142	41
1255	41
1263	41
1558	43
73	49
106	49
120	49
142	49
146	49
181	49
196	49
205	49
260	49
341	49
378	49
428	49
513	49
522	49
528	49
539	49
589	49
604	49
648	49
652	49
796	49
805	49
839	49
842	49
888	49
928	49
936	49
942	49
963	49
976	49
1004	49
1018	49
1056	49
1078	49
1117	49
1122	49
1154	49
1160	49
1169	49
1206	49
1218	49
1230	49
1272	49
1320	49
1428	49
1452	49
1458	49
1461	49
1537	49
525	53
1169	53
1453	53
1479	53
121	54
190	54
345	54
534	54
728	54
833	54
837	54
883	54
1271	54
107	55
200	55
205	55
260	55
358	55
428	55
499	55
504	55
522	55
539	55
648	55
796	55
839	55
888	55
942	55
1004	55
1056	55
1078	55
1206	55
1269	55
1320	55
697	71
933	71
1467	71
1526	71
260	73
268	73
420	73
1174	73
1489	73
660	75
1018	75
1489	96
1006	104
1393	104
120	106
142	106
181	106
196	106
205	106
260	106
358	106
378	106
428	106
504	106
522	106
539	106
546	106
584	106
589	106
652	106
739	106
805	106
839	106
842	106
888	106
936	106
942	106
976	106
996	106
1018	106
1025	106
1078	106
1122	106
1160	106
1206	106
1218	106
1230	106
1236	106
1269	106
1320	106
1364	106
1428	106
1452	106
1461	106
200	107
205	107
428	107
499	107
522	107
539	107
648	107
796	107
839	107
888	107
1004	107
1056	107
1160	107
1206	107
1230	107
1320	107
1199	114
485	119
536	119
900	119
903	119
1111	119
1382	119
1406	119
181	120
196	120
260	120
378	120
604	120
693	120
805	120
842	120
877	120
976	120
1117	120
1218	120
1230	120
1236	120
1428	120
1483	120
1537	120
345	121
534	121
728	121
833	121
837	121
883	121
1271	121
171	122
419	122
502	122
671	122
951	122
1278	122
1374	122
1437	122
1519	122
1463	125
1102	131
1142	131
1255	131
640	132
913	139
589	140
181	142
205	142
528	142
546	142
609	142
842	142
1169	142
1322	142
1461	142
185	145
412	145
525	145
886	145
926	145
1169	145
1213	145
1453	145
1481	145
181	146
240	146
333	146
430	146
604	146
693	146
805	146
842	146
928	146
976	146
1154	146
1169	146
1218	146
1272	146
1483	146
1537	146
577	153
903	153
1105	153
1505	153
181	162
260	162
341	162
378	162
430	162
589	162
599	162
693	162
785	162
805	162
842	162
914	162
928	162
963	162
976	162
988	162
1037	162
1117	162
1201	162
1218	162
1364	162
1458	162
1483	162
1537	162
1488	163
697	164
933	164
1467	164
1526	164
366	166
380	166
1010	166
1102	166
1142	166
1255	166
412	167
445	167
636	167
707	167
846	167
952	167
1014	167
1286	167
1453	167
1499	167
229	169
356	169
452	169
546	169
590	169
697	169
967	169
1407	169
419	171
502	171
671	171
951	171
1278	171
1374	171
1437	171
1519	171
1045	172
1314	173
435	176
468	176
540	176
1194	176
1460	176
1488	176
1394	180
205	181
258	181
260	181
333	181
341	181
378	181
391	181
430	181
528	181
589	181
599	181
604	181
693	181
739	181
762	181
785	181
805	181
842	181
914	181
926	181
928	181
936	181
942	181
963	181
976	181
988	181
1037	181
1078	181
1117	181
1154	181
1169	181
1174	181
1218	181
1272	181
1381	181
1408	181
1428	181
1458	181
1461	181
1483	181
1537	181
1061	182
258	185
267	185
391	185
412	185
445	185
480	185
525	185
592	185
670	185
679	185
707	185
846	185
886	185
920	185
926	185
932	185
936	185
937	185
942	185
1109	185
1169	185
1213	185
1320	185
1381	185
1399	185
1438	185
1453	185
1461	185
1481	185
1499	185
422	188
697	188
803	188
967	188
1168	188
728	190
837	190
1271	190
975	195
260	196
428	196
584	196
842	196
877	196
1236	196
1428	196
1445	199
205	200
260	200
358	200
412	200
428	200
499	200
513	200
522	200
539	200
592	200
648	200
739	200
796	200
839	200
888	200
936	200
942	200
1004	200
1018	200
1025	200
1056	200
1078	200
1160	200
1206	200
1213	200
1269	200
1320	200
1428	200
1452	200
1461	200
1485	200
1493	200
358	203
260	205
358	205
428	205
448	205
504	205
513	205
522	205
528	205
539	205
648	205
652	205
739	205
796	205
839	205
842	205
888	205
936	205
942	205
1004	205
1018	205
1056	205
1078	205
1160	205
1206	205
1230	205
1269	205
1320	205
1461	205
1493	205
699	206
1077	206
1180	206
315	207
422	207
580	207
697	207
719	207
967	207
1472	207
1093	209
1524	209
431	211
327	214
591	214
621	214
674	214
675	214
1294	214
1323	214
1329	214
1556	214
505	221
618	221
713	221
1366	221
1383	221
1460	221
254	226
756	226
906	226
1215	226
1353	226
1382	226
1383	226
1532	226
1557	226
356	229
546	229
590	229
1407	229
288	236
684	242
1353	244
387	249
756	254
906	254
1215	254
1353	254
1382	254
1557	254
267	258
391	258
412	258
513	258
525	258
592	258
670	258
679	258
739	258
886	258
920	258
926	258
932	258
936	258
937	258
942	258
1109	258
1154	258
1169	258
1269	258
1300	258
1381	258
1399	258
1428	258
1438	258
1453	258
1461	258
1481	258
358	260
378	260
428	260
430	260
499	260
522	260
528	260
539	260
589	260
604	260
648	260
652	260
693	260
739	260
796	260
802	260
805	260
839	260
842	260
888	260
928	260
936	260
942	260
963	260
976	260
996	260
1004	260
1025	260
1047	260
1056	260
1067	260
1078	260
1117	260
1122	260
1160	260
1206	260
1218	260
1230	260
1236	260
1269	260
1272	260
1320	260
1364	260
1408	260
1428	260
1452	260
1458	260
1461	260
1483	260
1485	260
1493	260
1537	260
1556	260
1235	265
391	267
412	267
525	267
670	267
679	267
846	267
920	267
926	267
932	267
1109	267
1169	267
1381	267
1399	267
1481	267
1499	267
1174	268
1314	270
383	273
1150	273
1352	273
1394	273
634	277
974	277
792	286
820	286
1215	286
1253	286
1383	286
1413	286
1414	286
1498	286
1532	286
796	294
1160	294
334	302
605	302
901	302
1002	302
1056	302
1160	302
1243	302
1375	302
1530	302
506	312
711	312
1391	312
1469	314
422	315
580	315
719	315
967	315
1472	315
404	320
825	320
1444	320
1200	326
591	327
621	327
674	327
675	327
1294	327
1323	327
1329	327
1556	327
1338	329
446	333
604	333
693	333
762	333
805	333
842	333
914	333
976	333
1218	333
1272	333
1287	333
1458	333
1483	333
1537	333
605	334
901	334
1002	334
1243	334
1530	334
364	341
378	341
430	341
589	341
599	341
693	341
785	341
805	341
914	341
928	341
963	341
976	341
988	341
1037	341
1117	341
1201	341
1218	341
1364	341
1458	341
1483	341
1537	341
1031	344
1212	344
1488	344
534	345
728	345
833	345
837	345
883	345
1271	345
1351	351
1425	351
369	353
933	353
1467	353
1526	353
604	354
762	354
1287	354
422	356
452	356
546	356
590	356
697	356
967	356
1407	356
428	358
513	358
522	358
648	358
739	358
796	358
839	358
888	358
936	358
942	358
1004	358
1018	358
1056	358
1078	358
1160	358
1206	358
1269	358
1320	358
1461	358
1485	358
1493	358
599	364
785	364
1117	364
1458	364
1102	366
528	369
697	369
933	369
1168	369
1467	369
1526	369
421	371
430	378
589	378
599	378
604	378
693	378
785	378
805	378
842	378
914	378
928	378
963	378
976	378
988	378
1037	378
1117	378
1201	378
1218	378
1364	378
1458	378
1483	378
1537	378
1102	380
1255	380
1263	380
1150	383
1352	383
412	391
513	391
525	391
546	391
670	391
679	391
739	391
842	391
846	391
920	391
926	391
932	391
936	391
937	391
942	391
1109	391
1154	391
1160	391
1169	391
1213	391
1320	391
1381	391
1399	391
1428	391
1438	391
1453	391
1461	391
1481	391
1485	391
1499	391
974	393
1132	396
1328	399
627	401
825	404
1444	404
445	412
480	412
525	412
592	412
636	412
660	412
670	412
679	412
707	412
846	412
886	412
920	412
926	412
932	412
936	412
937	412
1014	412
1035	412
1109	412
1169	412
1213	412
1286	412
1320	412
1381	412
1399	412
1438	412
1453	412
1461	412
1481	412
1493	412
1499	412
558	414
721	414
502	419
671	419
951	419
1278	419
1374	419
1437	419
1519	419
585	420
907	420
986	420
1005	420
1174	420
1489	420
528	422
580	422
581	422
590	422
697	422
719	422
803	422
967	422
1168	422
1407	422
1467	422
1526	422
534	426
746	427
845	427
499	428
513	428
522	428
539	428
648	428
739	428
796	428
839	428
842	428
888	428
936	428
942	428
969	428
1004	428
1018	428
1056	428
1078	428
1160	428
1206	428
1230	428
1269	428
1320	428
1452	428
1493	428
589	430
599	430
604	430
693	430
785	430
805	430
914	430
928	430
963	430
976	430
988	430
1037	430
1117	430
1218	430
1458	430
1483	430
1537	430
564	432
994	432
1358	432
468	435
540	435
1460	435
1488	435
975	440
636	445
707	445
846	445
920	445
952	445
1014	445
1109	445
1169	445
1213	445
1286	445
1453	445
1499	445
604	446
969	448
1049	448
546	452
697	452
929	455
1284	456
738	461
540	468
1194	468
1460	468
1488	468
1105	479
1505	479
670	480
926	480
936	480
937	480
1169	480
1453	480
1499	480
496	484
657	484
708	484
725	484
1394	484
536	485
657	496
708	496
725	496
1394	496
522	499
648	499
796	499
1004	499
1056	499
1078	499
1160	499
1206	499
1269	499
1320	499
671	502
951	502
1278	502
1374	502
1437	502
1519	502
513	504
522	504
796	504
839	504
888	504
1078	504
1160	504
1320	504
1493	504
618	505
713	505
1366	505
1391	506
637	511
1151	511
1157	511
1494	511
522	513
525	513
539	513
592	513
648	513
679	513
739	513
796	513
839	513
842	513
888	513
920	513
936	513
937	513
942	513
1047	513
1056	513
1078	513
1160	513
1169	513
1218	513
1230	513
1269	513
1300	513
1318	513
1320	513
1381	513
1453	513
1485	513
1493	513
700	520
936	520
539	522
648	522
652	522
660	522
670	522
739	522
796	522
839	522
842	522
886	522
888	522
920	522
936	522
942	522
1004	522
1014	522
1018	522
1035	522
1056	522
1078	522
1160	522
1206	522
1213	522
1230	522
1269	522
1320	522
1428	522
1452	522
1453	522
1485	522
1493	522
564	523
592	525
670	525
679	525
707	525
846	525
886	525
926	525
932	525
937	525
1109	525
1169	525
1213	525
1320	525
1381	525
1399	525
1438	525
1453	525
1461	525
1481	525
1499	525
546	528
607	528
697	528
842	528
933	528
1218	528
1408	528
1461	528
1467	528
1526	528
728	534
833	534
837	534
883	534
1271	534
900	536
1406	536
648	539
652	539
739	539
796	539
839	539
846	539
888	539
936	539
942	539
1018	539
1035	539
1056	539
1078	539
1160	539
1169	539
1206	539
1230	539
1320	539
1453	539
1461	539
1493	539
1499	539
1194	540
1460	540
1488	540
596	545
609	546
842	546
1169	546
1322	546
1061	551
1331	551
1040	553
1081	553
1325	553
1336	553
1342	553
1355	553
721	558
1417	559
698	560
1498	564
903	577
1105	577
1505	577
590	580
697	580
719	580
803	580
967	580
1407	580
590	581
697	581
1407	581
1088	583
1227	583
1428	584
907	585
1005	585
1489	585
599	589
693	589
785	589
805	589
842	589
963	589
976	589
988	589
989	589
1037	589
1117	589
1154	589
1169	589
1218	589
1336	589
1342	589
1428	589
1458	589
1483	589
1537	589
697	590
803	590
967	590
1168	590
1407	590
621	591
674	591
675	591
1294	591
1323	591
1329	591
636	592
670	592
679	592
707	592
846	592
920	592
926	592
936	592
937	592
942	592
1109	592
1169	592
1213	592
1286	592
1320	592
1381	592
1399	592
1438	592
1453	592
1461	592
1481	592
1493	592
1499	592
693	599
785	599
805	599
928	599
963	599
976	599
988	599
1117	599
1218	599
1428	599
1458	599
1483	599
1537	599
810	602
1285	602
693	604
762	604
914	604
928	604
963	604
976	604
1037	604
1117	604
1218	604
1287	604
1458	604
1483	604
1537	604
901	605
1002	605
1056	605
1243	605
1375	605
1530	605
790	609
1322	609
713	618
1366	618
1383	618
1460	618
674	621
675	621
1294	621
1323	621
1329	621
1451	623
974	627
1222	631
1435	631
974	634
707	636
846	636
913	636
1213	636
1286	636
1453	636
1499	636
1151	637
1157	637
1494	637
673	647
779	647
1556	647
739	648
796	648
839	648
888	648
936	648
1004	648
1018	648
1056	648
1078	648
1160	648
1230	648
1320	648
1452	648
1485	648
1493	648
889	651
839	652
888	652
1018	652
1160	652
1230	652
1208	656
708	657
725	657
1394	657
670	660
842	660
888	660
936	660
1025	660
1169	660
1286	660
1320	660
1453	660
1493	660
1556	660
970	665
679	670
707	670
846	670
886	670
920	670
926	670
932	670
936	670
937	670
1109	670
1154	670
1160	670
1169	670
1213	670
1300	670
1320	670
1381	670
1399	670
1428	670
1438	670
1453	670
1461	670
1481	670
1499	670
951	671
1278	671
1374	671
1437	671
1519	671
1262	672
675	674
1294	674
1323	674
1329	674
1294	675
1323	675
1329	675
707	679
846	679
886	679
926	679
932	679
936	679
937	679
1109	679
1169	679
1213	679
1320	679
1381	679
1399	679
1438	679
1453	679
1461	679
1481	679
1499	679
1383	691
1413	691
1498	691
785	693
805	693
842	693
914	693
928	693
963	693
976	693
988	693
1037	693
1117	693
1201	693
1218	693
1364	693
1458	693
1483	693
1537	693
1273	696
719	697
803	697
905	697
933	697
967	697
1168	697
1407	697
1467	697
1526	697
1077	699
1180	699
1214	705
846	707
920	707
926	707
932	707
937	707
1109	707
1169	707
1213	707
1286	707
1320	707
1381	707
1399	707
1453	707
1481	707
1499	707
725	708
1394	708
1047	711
1391	711
1366	713
1383	713
1460	713
817	714
967	719
1472	719
974	725
1394	725
1112	727
1164	727
1207	727
1275	727
1289	727
1464	727
1473	727
833	728
837	728
883	728
1271	728
892	732
1358	732
796	739
839	739
842	739
888	739
936	739
942	739
1018	739
1056	739
1067	739
1078	739
1160	739
1169	739
1206	739
1218	739
1230	739
1269	739
1300	739
1318	739
1320	739
1381	739
1461	739
1465	739
1493	739
1415	741
1307	742
845	746
906	756
1215	756
1353	756
1382	756
1532	756
1557	756
1169	762
1344	769
839	779
1122	779
805	785
928	785
963	785
976	785
988	785
1037	785
1117	785
1218	785
1428	785
1458	785
1483	785
1537	785
1322	790
820	792
1215	792
1253	792
1383	792
1413	792
1414	792
1498	792
1532	792
839	796
888	796
936	796
942	796
969	796
1004	796
1018	796
1056	796
1078	796
1160	796
1206	796
1230	796
1269	796
1320	796
1452	796
1485	796
1493	796
839	802
888	802
1078	802
1230	802
967	803
1168	803
1407	803
1467	803
839	805
842	805
914	805
928	805
963	805
976	805
988	805
1037	805
1117	805
1201	805
1218	805
1347	805
1364	805
1408	805
1428	805
1458	805
1483	805
1537	805
1324	814
1471	815
1215	820
1253	820
1383	820
1413	820
1414	820
1498	820
1532	820
1267	823
1315	823
1385	823
1444	825
1212	828
1220	828
837	833
883	833
1271	833
883	837
1271	837
842	839
888	839
936	839
942	839
1004	839
1018	839
1056	839
1078	839
1117	839
1122	839
1160	839
1206	839
1218	839
1230	839
1269	839
1320	839
1452	839
1461	839
1485	839
1556	839
1335	841
936	842
942	842
969	842
976	842
1025	842
1078	842
1117	842
1122	842
1154	842
1160	842
1169	842
1218	842
1230	842
1272	842
1318	842
1320	842
1428	842
1452	842
1461	842
1483	842
1485	842
1537	842
1045	845
920	846
926	846
936	846
937	846
1035	846
1109	846
1169	846
1213	846
1286	846
1381	846
1399	846
1453	846
1461	846
1481	846
1493	846
1499	846
1378	860
1232	865
1064	868
1336	868
1342	868
1503	874
1095	875
1230	877
1236	877
1271	883
920	886
926	886
936	886
937	886
942	886
978	886
1109	886
1169	886
1320	886
1381	886
1399	886
1453	886
1461	886
1481	886
936	888
942	888
1004	888
1018	888
1035	888
1056	888
1065	888
1078	888
1160	888
1206	888
1218	888
1230	888
1269	888
1320	888
1465	888
1485	888
1493	888
1358	892
1064	893
980	896
1472	899
1105	900
1111	900
1406	900
1002	901
1243	901
1530	901
1105	903
1505	903
1215	906
1353	906
1382	906
1383	906
1532	906
1557	906
1005	907
1489	907
1158	908
1128	913
928	914
963	914
976	914
1037	914
1117	914
1218	914
1458	914
1537	914
926	920
936	920
937	920
942	920
1169	920
1213	920
1286	920
1320	920
1381	920
1403	920
1453	920
1461	920
1499	920
1079	925
1541	925
932	926
936	926
937	926
1109	926
1154	926
1169	926
1213	926
1320	926
1381	926
1399	926
1438	926
1453	926
1461	926
1481	926
1499	926
963	928
976	928
988	928
1037	928
1117	928
1218	928
1458	928
1483	928
1537	928
937	932
1109	932
1160	932
1169	932
1381	932
1399	932
1438	932
1453	932
1481	932
967	933
1168	933
1467	933
1526	933
937	936
942	936
978	936
1047	936
1056	936
1078	936
1160	936
1169	936
1214	936
1218	936
1230	936
1269	936
1300	936
1318	936
1320	936
1381	936
1399	936
1428	936
1438	936
1452	936
1453	936
1461	936
1481	936
1485	936
1493	936
1499	936
942	937
1109	937
1169	937
1213	937
1300	937
1320	937
1381	937
1399	937
1403	937
1453	937
1461	937
1481	937
1499	937
1514	938
978	942
1004	942
1018	942
1047	942
1056	942
1078	942
1154	942
1160	942
1169	942
1206	942
1218	942
1230	942
1269	942
1300	942
1318	942
1320	942
1381	942
1403	942
1452	942
1453	942
1461	942
1485	942
1278	951
1374	951
1437	951
1519	951
1014	952
1286	952
1320	952
1453	952
976	963
988	963
1037	963
1117	963
1218	963
1364	963
1428	963
1458	963
1483	963
1537	963
1518	966
1168	967
1407	967
1467	967
1032	968
1056	969
1078	969
1160	969
1214	969
1320	969
1493	969
1366	974
988	976
1037	976
1117	976
1218	976
1364	976
1408	976
1428	976
1458	976
1483	976
1537	976
1300	978
1461	978
1324	987
1037	988
1117	988
1201	988
1218	988
1458	988
1483	988
1537	988
1540	990
1192	994
1206	996
1056	1002
1243	1002
1530	1002
1018	1003
1056	1004
1078	1004
1160	1004
1206	1004
1230	1004
1320	1004
1489	1005
1393	1006
1102	1010
1142	1010
1255	1010
1286	1014
1320	1014
1453	1014
1493	1014
1056	1018
1078	1018
1160	1018
1218	1018
1230	1018
1269	1018
1320	1018
1452	1018
1485	1018
1493	1018
1349	1021
1432	1021
1472	1021
1067	1025
1122	1025
1236	1025
1322	1025
1340	1025
1493	1025
1212	1031
1556	1033
1320	1035
1342	1036
1117	1037
1218	1037
1458	1037
1483	1037
1537	1037
1325	1040
1336	1040
1342	1040
1355	1040
1169	1047
1230	1047
1461	1047
1257	1053
1345	1053
1078	1056
1160	1056
1169	1056
1206	1056
1218	1056
1230	1056
1269	1056
1300	1056
1320	1056
1452	1056
1461	1056
1485	1056
1493	1056
1078	1065
1273	1069
1488	1072
1180	1077
1160	1078
1169	1078
1206	1078
1218	1078
1230	1078
1269	1078
1318	1078
1320	1078
1428	1078
1452	1078
1485	1078
1493	1078
1541	1079
1325	1081
1336	1081
1342	1081
1355	1081
1227	1088
1524	1093
1142	1102
1255	1102
1263	1102
1111	1105
1460	1105
1505	1105
1154	1109
1169	1109
1213	1109
1320	1109
1381	1109
1399	1109
1438	1109
1453	1109
1481	1109
1499	1109
1164	1112
1207	1112
1275	1112
1289	1112
1464	1112
1201	1117
1218	1117
1364	1117
1428	1117
1458	1117
1483	1117
1537	1117
1556	1122
1255	1142
1352	1150
1157	1151
1494	1151
1169	1154
1218	1154
1300	1154
1381	1154
1399	1154
1428	1154
1458	1154
1494	1157
1169	1160
1206	1160
1230	1160
1269	1160
1300	1160
1320	1160
1381	1160
1452	1160
1453	1160
1461	1160
1485	1160
1493	1160
1207	1164
1275	1164
1289	1164
1464	1164
1473	1164
1467	1168
1526	1168
1213	1169
1218	1169
1272	1169
1300	1169
1318	1169
1320	1169
1381	1169
1399	1169
1403	1169
1428	1169
1438	1169
1453	1169
1461	1169
1481	1169
1485	1169
1499	1169
1529	1189
1450	1190
1460	1194
1488	1194
1458	1201
1537	1201
1230	1206
1269	1206
1320	1206
1452	1206
1466	1206
1275	1207
1289	1207
1464	1207
1473	1207
1220	1212
1488	1212
1320	1213
1381	1213
1399	1213
1453	1213
1481	1213
1499	1213
1320	1214
1253	1215
1353	1215
1382	1215
1383	1215
1413	1215
1414	1215
1498	1215
1532	1215
1557	1215
1230	1218
1408	1218
1428	1218
1452	1218
1458	1218
1483	1218
1537	1218
1269	1230
1320	1230
1452	1230
1461	1230
1340	1236
1364	1236
1375	1243
1530	1243
1383	1253
1413	1253
1414	1253
1498	1253
1532	1253
1263	1255
1345	1257
1315	1267
1363	1267
1385	1267
1318	1269
1320	1269
1381	1269
1452	1269
1461	1269
1493	1269
1428	1272
1289	1275
1464	1275
1473	1275
1374	1278
1437	1278
1519	1278
1320	1286
1453	1286
1461	1286
1493	1286
1499	1286
1464	1289
1473	1289
1323	1294
1329	1294
1320	1300
1381	1300
1399	1300
1428	1300
1438	1300
1461	1300
1363	1315
1385	1315
1320	1318
1381	1318
1465	1318
1381	1320
1438	1320
1452	1320
1453	1320
1461	1320
1465	1320
1481	1320
1485	1320
1493	1320
1499	1320
1329	1323
1336	1325
1342	1325
1355	1325
1342	1336
1355	1342
1425	1351
1382	1353
1383	1353
1406	1353
1532	1353
1557	1353
1366	1358
1488	1359
1428	1364
1458	1364
1383	1366
1460	1366
1498	1366
1505	1368
1437	1374
1519	1374
1399	1381
1438	1381
1453	1381
1461	1381
1481	1381
1499	1381
1383	1382
1532	1382
1557	1382
1413	1383
1414	1383
1498	1383
1532	1383
1557	1383
1438	1399
1453	1399
1461	1399
1481	1399
1461	1403
1458	1408
1414	1413
1498	1413
1532	1413
1498	1414
1532	1414
1438	1428
1458	1428
1461	1428
1483	1428
1537	1428
1484	1435
1519	1437
1453	1438
1481	1438
1461	1453
1481	1453
1493	1453
1499	1453
1483	1458
1537	1458
1488	1460
1481	1461
1493	1461
1499	1461
1473	1464
1493	1465
1526	1467
1499	1481
1537	1483
1499	1493
1532	1498
1557	1532
