0	1351
8	695
11	92
11	664
11	1411
13	672
13	1242
13	1262
15	750
15	1487
18	334
18	605
18	849
18	1110
18	1274
18	1375
18	1530
19	701
23	1016
29	30
29	561
29	1081
30	309
30	561
37	441
37	452
37	580
37	581
37	788
37	887
37	967
37	1165
37	1407
37	1549
39	748
39	856
39	1209
41	87
41	316
41	332
41	380
41	628
41	771
41	902
41	1066
41	1142
41	1255
49	65
49	106
49	120
49	136
49	142
49	156
49	196
49	225
49	370
49	378
49	489
49	522
49	528
49	589
49	796
49	805
49	839
49	842
49	888
49	928
49	936
49	942
49	953
49	976
49	1004
49	1056
49	1126
49	1154
49	1160
49	1169
49	1218
49	1230
49	1272
49	1320
49	1343
49	1452
49	1458
49	1476
49	1537
51	1133
55	65
55	200
55	489
55	499
55	503
55	504
55	522
55	796
55	839
55	888
55	942
55	1004
55	1056
55	1269
55	1299
55	1320
55	1343
56	336
56	419
56	669
56	671
56	1247
56	1278
63	827
65	95
65	106
65	156
65	200
65	245
65	370
65	391
65	489
65	503
65	504
65	522
65	796
65	839
65	842
65	888
65	920
65	936
65	942
65	953
65	1004
65	1056
65	1160
65	1169
65	1214
65	1218
65	1230
65	1269
65	1311
65	1320
65	1343
65	1452
65	1476
65	1485
69	925
69	1079
69	1541
70	1162
74	282
74	290
74	362
74	1063
74	1157
74	1427
76	823
76	1267
76	1315
76	1363
77	399
82	730
82	1127
86	318
86	580
86	678
86	847
86	967
87	316
87	332
87	366
87	380
87	628
87	771
87	902
87	1066
87	1142
87	1255
95	258
95	391
95	842
95	926
95	936
95	942
95	1109
95	1154
95	1169
95	1179
95	1195
95	1300
95	1343
95	1399
95	1476
95	1481
98	581
98	1407
98	1549
99	226
99	254
99	286
99	365
99	512
99	578
99	756
99	792
99	820
99	1253
99	1290
99	1353
99	1366
99	1382
99	1498
99	1557
100	227
104	1006
104	1393
104	1454
105	849
106	120
106	136
106	142
106	156
106	196
106	225
106	370
106	378
106	503
106	504
106	522
106	584
106	589
106	805
106	839
106	842
106	888
106	936
106	942
106	953
106	976
106	996
106	1075
106	1160
106	1218
106	1230
106	1269
106	1299
106	1320
106	1343
106	1364
106	1452
106	1497
113	841
114	470
114	620
120	196
120	225
120	378
120	693
120	805
120	842
120	976
120	1126
120	1218
120	1230
120	1478
120	1497
120	1537
121	295
121	346
121	610
121	728
121	837
121	844
121	1134
121	1139
121	1221
121	1456
125	849
129	500
129	563
129	717
129	1040
129	1081
129	1336
129	1342
131	316
131	332
131	1142
131	1255
132	1475
136	142
136	206
136	280
136	357
136	508
136	528
136	842
136	936
136	1322
139	394
142	508
142	528
142	842
142	973
142	1075
142	1155
142	1169
142	1322
144	154
145	412
145	525
145	926
145	1169
145	1179
145	1195
145	1213
145	1453
145	1481
147	684
147	826
147	830
147	1011
152	407
152	1512
156	200
156	225
156	370
156	489
156	503
156	504
156	522
156	796
156	802
156	839
156	888
156	936
156	942
156	953
156	969
156	1004
156	1056
156	1129
156	1160
156	1218
156	1230
156	1269
156	1320
156	1343
156	1388
156	1452
156	1465
161	335
161	491
161	577
161	903
161	943
161	1013
161	1022
161	1116
162	225
162	378
162	430
162	589
162	693
162	706
162	805
162	842
162	928
162	976
162	1126
162	1218
162	1364
162	1458
162	1497
162	1537
167	272
167	412
167	445
167	846
167	952
167	957
167	1014
167	1286
167	1453
167	1499
171	336
171	419
171	669
171	671
171	1247
171	1278
175	656
175	1208
176	435
176	468
176	1488
179	484
179	657
179	666
179	708
179	1531
182	685
182	1061
187	311
187	778
188	887
188	967
188	1159
188	1409
188	1549
191	492
192	871
192	1260
192	1524
195	975
196	584
196	842
196	1478
196	1497
197	763
200	245
200	272
200	370
200	412
200	489
200	499
200	503
200	522
200	592
200	796
200	839
200	888
200	936
200	942
200	953
200	1004
200	1056
200	1160
200	1179
200	1213
200	1269
200	1299
200	1320
200	1343
200	1388
200	1452
200	1476
200	1485
206	280
206	357
212	807
212	816
214	621
214	675
214	1245
214	1329
214	1556
216	516
216	521
217	255
222	300
222	855
223	317
223	495
223	537
223	1426
225	378
225	430
225	589
225	693
225	805
225	842
225	928
225	976
225	1126
225	1154
225	1218
225	1272
225	1291
225	1408
225	1458
225	1537
226	254
226	756
226	1353
226	1382
226	1557
228	1273
231	1046
231	1254
238	973
238	1175
239	369
239	528
239	645
239	887
239	933
239	1526
245	370
245	391
245	489
245	522
245	796
245	839
245	842
245	888
245	920
245	936
245	942
245	1056
245	1160
245	1169
245	1195
245	1230
245	1269
245	1300
245	1320
245	1343
245	1452
245	1476
245	1485
246	776
247	303
249	387
250	421
254	756
254	1353
254	1382
254	1557
258	267
258	391
258	412
258	525
258	592
258	920
258	926
258	932
258	936
258	937
258	942
258	1109
258	1154
258	1169
258	1179
258	1195
258	1269
258	1300
258	1311
258	1343
258	1381
258	1399
258	1453
258	1481
267	391
267	412
267	525
267	846
267	920
267	926
267	932
267	1109
267	1169
267	1179
267	1195
267	1311
267	1381
267	1399
267	1481
267	1499
268	977
272	412
272	445
272	503
272	520
272	522
272	592
272	846
272	920
272	936
272	957
272	1179
272	1213
272	1286
272	1343
272	1453
272	1481
272	1499
273	367
273	1086
275	1390
276	1260
276	1406
277	869
277	974
280	357
281	1268
282	290
282	362
282	454
282	1063
282	1157
282	1427
286	792
286	820
286	1253
286	1498
290	362
290	1063
290	1157
290	1427
294	796
294	1160
295	346
295	610
295	728
295	837
295	1134
295	1139
295	1202
295	1221
295	1456
300	855
300	869
303	594
306	420
306	585
306	1395
306	1498
309	335
309	561
309	1022
309	1353
309	1406
312	711
312	1110
316	332
316	366
316	380
316	628
316	771
316	902
316	1066
316	1142
316	1255
317	495
317	537
317	1426
318	580
318	678
318	847
318	967
326	1200
329	1338
331	1182
331	1550
332	366
332	380
332	628
332	771
332	902
332	1066
332	1142
332	1255
334	605
334	849
334	1110
334	1274
334	1530
335	491
335	577
335	900
335	903
335	943
335	1013
335	1022
335	1116
336	419
336	669
336	671
336	1247
336	1278
337	938
337	1514
346	610
346	728
346	837
346	1134
346	1139
346	1221
346	1456
362	1157
364	706
364	1458
365	512
365	578
365	1290
365	1366
366	902
366	1066
367	1086
369	528
369	645
369	818
369	887
369	933
369	1526
370	489
370	503
370	522
370	796
370	839
370	888
370	936
370	953
370	969
370	1056
370	1160
370	1230
370	1320
370	1343
370	1485
371	421
378	430
378	544
378	589
378	693
378	706
378	805
378	842
378	928
378	976
378	1126
378	1218
378	1364
378	1458
378	1497
378	1537
380	628
380	771
380	902
380	1066
380	1255
386	672
386	1242
391	412
391	503
391	525
391	842
391	846
391	920
391	926
391	932
391	936
391	937
391	942
391	973
391	1057
391	1109
391	1154
391	1160
391	1169
391	1179
391	1195
391	1213
391	1311
391	1320
391	1343
391	1381
391	1399
391	1453
391	1476
391	1481
391	1485
391	1499
392	519
392	538
392	1053
392	1257
393	974
395	733
397	797
397	981
397	1088
404	825
404	1019
404	1444
405	458
407	1512
412	445
412	503
412	525
412	592
412	846
412	920
412	926
412	932
412	936
412	937
412	957
412	1014
412	1057
412	1109
412	1169
412	1179
412	1195
412	1213
412	1286
412	1311
412	1320
412	1343
412	1381
412	1399
412	1453
412	1476
412	1481
412	1499
414	558
414	782
414	1513
419	669
419	671
419	1247
419	1278
420	585
420	986
420	1395
427	845
430	589
430	693
430	706
430	805
430	928
430	976
430	1126
430	1218
430	1458
430	1497
430	1537
435	468
435	1488
440	975
441	452
441	788
441	887
441	967
441	1407
441	1549
445	846
445	920
445	952
445	1014
445	1109
445	1169
445	1179
445	1213
445	1286
445	1343
445	1453
445	1499
450	995
452	788
452	887
452	1549
455	929
456	1284
457	1191
457	1529
459	500
459	717
459	1336
459	1342
460	508
460	528
460	1097
460	1322
468	1488
470	493
470	620
470	736
484	657
484	666
484	708
484	1531
487	1250
489	499
489	503
489	504
489	522
489	796
489	802
489	839
489	842
489	888
489	936
489	942
489	953
489	969
489	1004
489	1056
489	1129
489	1160
489	1230
489	1269
489	1299
489	1320
489	1343
489	1452
489	1465
489	1476
489	1485
491	577
491	900
491	903
491	943
491	1013
491	1022
491	1116
491	1406
495	537
495	1426
499	522
499	796
499	1004
499	1056
499	1160
499	1269
499	1299
499	1320
500	563
500	589
500	717
500	1040
500	1081
500	1336
500	1342
503	504
503	522
503	592
503	796
503	839
503	888
503	936
503	942
503	953
503	969
503	1004
503	1014
503	1056
503	1129
503	1160
503	1179
503	1213
503	1218
503	1311
503	1320
503	1343
503	1453
503	1485
503	1499
504	522
504	796
504	839
504	888
504	953
504	1019
504	1160
504	1320
504	1343
505	512
505	1290
505	1366
508	973
508	1097
508	1254
508	1322
512	578
512	1290
512	1366
516	521
519	538
519	1053
519	1257
520	700
520	936
520	1343
522	796
522	839
522	842
522	888
522	920
522	936
522	942
522	953
522	1004
522	1014
522	1019
522	1056
522	1129
522	1160
522	1213
522	1230
522	1269
522	1299
522	1320
522	1343
522	1452
522	1453
522	1476
522	1485
523	564
523	642
525	592
525	846
525	926
525	932
525	937
525	1109
525	1169
525	1179
525	1195
525	1213
525	1311
525	1320
525	1343
525	1381
525	1399
525	1453
525	1481
525	1499
528	842
528	887
528	933
528	1126
528	1218
528	1244
528	1343
528	1408
528	1526
537	564
537	1426
538	1053
538	1257
544	693
544	976
551	1061
551	1331
552	612
555	1033
555	1556
558	782
563	717
563	1040
563	1081
563	1336
563	1342
564	642
564	1498
567	1031
567	1212
567	1488
577	903
577	943
577	1013
577	1022
577	1116
578	1290
578	1366
580	678
580	847
580	887
580	967
580	1159
580	1407
580	1549
581	887
581	1407
581	1549
584	1173
585	1395
589	693
589	717
589	805
589	842
589	976
589	1126
589	1154
589	1169
589	1218
589	1336
589	1342
589	1343
589	1458
589	1537
592	846
592	920
592	926
592	936
592	937
592	942
592	957
592	1109
592	1169
592	1179
592	1195
592	1213
592	1286
592	1311
592	1320
592	1343
592	1381
592	1399
592	1453
592	1481
592	1499
602	1285
605	849
605	1056
605	1110
605	1274
605	1375
605	1530
610	728
610	837
610	1134
610	1139
610	1221
610	1456
621	675
621	1245
621	1329
623	1451
628	771
628	902
628	1066
628	1142
628	1255
633	695
641	912
645	887
645	933
656	1208
657	666
657	708
657	1531
661	793
664	1411
666	708
666	1531
669	671
669	1247
669	1278
671	1247
671	1278
672	1242
672	1262
675	1245
675	1329
677	846
677	957
677	1286
677	1453
678	847
678	967
684	826
684	1011
691	1498
693	706
693	805
693	842
693	928
693	976
693	1126
693	1218
693	1364
693	1458
693	1537
701	985
702	862
705	1214
706	805
706	928
706	976
706	1458
706	1537
708	1531
711	1075
711	1129
717	727
717	868
717	1040
717	1081
717	1336
717	1342
727	1112
727	1207
727	1473
728	837
728	1134
728	1139
728	1202
728	1221
728	1456
729	1359
730	1127
731	798
743	1235
748	856
748	1209
750	1487
756	1353
756	1382
756	1557
757	1475
763	1149
771	902
771	1066
771	1142
771	1255
773	1146
784	1015
784	1404
788	887
788	967
788	1407
788	1549
789	1196
792	820
792	1253
792	1498
796	839
796	888
796	936
796	942
796	953
796	969
796	1004
796	1056
796	1129
796	1160
796	1230
796	1269
796	1299
796	1320
796	1343
796	1388
796	1452
796	1476
796	1485
797	981
797	1088
800	912
802	839
802	888
802	1129
802	1230
802	1343
802	1527
805	839
805	842
805	928
805	976
805	1126
805	1218
805	1291
805	1364
805	1408
805	1458
805	1497
805	1537
807	816
814	1324
817	982
818	933
818	1526
820	1253
820	1498
823	1267
823	1315
825	1444
826	830
826	1011
827	1019
834	1106
837	1134
837	1139
837	1202
837	1221
837	1456
839	842
839	888
839	936
839	942
839	953
839	1004
839	1056
839	1129
839	1155
839	1160
839	1218
839	1230
839	1269
839	1299
839	1320
839	1343
839	1452
839	1485
839	1497
839	1556
842	936
842	942
842	969
842	973
842	976
842	1075
842	1126
842	1154
842	1160
842	1169
842	1218
842	1230
842	1272
842	1320
842	1343
842	1452
842	1476
842	1485
842	1537
844	1456
846	920
846	926
846	936
846	937
846	1109
846	1169
846	1179
846	1195
846	1213
846	1286
846	1311
846	1343
846	1381
846	1399
846	1453
846	1476
846	1481
846	1499
847	967
849	1056
849	1110
849	1274
849	1375
849	1530
855	869
855	957
855	1101
856	1209
860	1378
865	1232
868	1064
868	1336
868	1342
869	974
869	1366
869	1498
871	1524
887	933
887	967
887	1159
887	1407
887	1526
887	1549
888	936
888	942
888	953
888	1004
888	1056
888	1129
888	1160
888	1218
888	1230
888	1269
888	1299
888	1320
888	1343
888	1465
888	1476
888	1485
900	943
900	1022
900	1116
900	1406
902	1066
902	1142
902	1255
903	943
903	1013
903	1022
903	1116
908	1015
908	1158
920	926
920	936
920	937
920	942
920	1169
920	1179
920	1195
920	1213
920	1286
920	1311
920	1320
920	1343
920	1381
920	1453
920	1476
920	1499
925	1079
925	1541
926	932
926	936
926	937
926	957
926	1109
926	1154
926	1169
926	1179
926	1195
926	1213
926	1311
926	1320
926	1343
926	1381
926	1399
926	1453
926	1476
926	1481
926	1499
928	976
928	1218
928	1458
928	1537
932	937
932	1057
932	1109
932	1160
932	1169
932	1179
932	1195
932	1311
932	1343
932	1381
932	1399
932	1453
932	1481
933	967
933	1159
933	1526
936	937
936	942
936	953
936	978
936	1056
936	1129
936	1160
936	1169
936	1179
936	1195
936	1214
936	1218
936	1230
936	1269
936	1300
936	1311
936	1320
936	1343
936	1381
936	1399
936	1452
936	1453
936	1476
936	1481
936	1485
936	1499
937	942
937	1057
937	1109
937	1169
937	1179
937	1195
937	1213
937	1300
937	1311
937	1320
937	1343
937	1381
937	1399
937	1453
937	1476
937	1481
937	1499
938	1514
942	953
942	978
942	1004
942	1056
942	1154
942	1160
942	1169
942	1179
942	1218
942	1230
942	1269
942	1299
942	1300
942	1311
942	1320
942	1343
942	1381
942	1452
942	1453
942	1476
942	1485
943	1013
943	1022
943	1116
952	1014
952	1286
952	1320
952	1453
953	969
953	974
953	1004
953	1056
953	1129
953	1160
953	1214
953	1218
953	1230
953	1269
953	1320
953	1343
953	1388
953	1452
953	1476
953	1485
957	974
957	1101
957	1179
957	1286
957	1366
957	1453
964	1558
967	1159
967	1407
967	1549
969	1056
969	1160
969	1214
969	1320
969	1343
969	1476
973	1154
973	1169
973	1175
973	1272
973	1343
974	1101
974	1366
976	1126
976	1218
976	1364
976	1408
976	1458
976	1537
977	1251
978	1300
978	1311
981	1088
994	1192
994	1205
1004	1056
1004	1160
1004	1230
1004	1299
1004	1320
1004	1343
1006	1393
1006	1454
1013	1022
1013	1116
1014	1286
1014	1320
1014	1343
1014	1453
1015	1158
1022	1116
1031	1212
1033	1556
1036	1342
1040	1336
1040	1342
1046	1254
1053	1257
1056	1110
1056	1129
1056	1160
1056	1169
1056	1218
1056	1230
1056	1269
1056	1299
1056	1300
1056	1320
1056	1343
1056	1452
1056	1476
1056	1485
1057	1085
1057	1109
1057	1160
1057	1169
1057	1195
1057	1311
1057	1320
1057	1343
1057	1381
1057	1453
1057	1466
1057	1476
1057	1481
1057	1543
1063	1157
1063	1427
1066	1142
1066	1255
1069	1273
1075	1322
1075	1343
1075	1476
1079	1541
1081	1336
1081	1342
1087	1528
1097	1254
1101	1366
1109	1154
1109	1169
1109	1179
1109	1195
1109	1213
1109	1311
1109	1320
1109	1343
1109	1381
1109	1399
1109	1453
1109	1481
1109	1499
1110	1274
1112	1207
1126	1154
1126	1218
1126	1291
1126	1458
1126	1537
1129	1160
1129	1230
1129	1269
1129	1320
1129	1343
1129	1452
1129	1465
1129	1476
1134	1139
1134	1221
1134	1456
1139	1221
1139	1456
1142	1255
1154	1169
1154	1195
1154	1218
1154	1300
1154	1311
1154	1381
1154	1399
1154	1458
1155	1230
1157	1427
1159	1407
1159	1409
1159	1549
1160	1169
1160	1179
1160	1230
1160	1269
1160	1299
1160	1300
1160	1311
1160	1320
1160	1343
1160	1381
1160	1388
1160	1452
1160	1453
1160	1476
1160	1485
1165	1549
1169	1179
1169	1195
1169	1213
1169	1218
1169	1272
1169	1300
1169	1311
1169	1320
1169	1343
1169	1381
1169	1399
1169	1453
1169	1476
1169	1481
1169	1485
1169	1499
1179	1195
1179	1213
1179	1286
1179	1300
1179	1311
1179	1320
1179	1343
1179	1381
1179	1399
1179	1453
1179	1481
1179	1499
1182	1550
1190	1450
1191	1529
1192	1205
1195	1213
1195	1300
1195	1311
1195	1320
1195	1343
1195	1381
1195	1399
1195	1453
1195	1476
1195	1481
1195	1485
1195	1499
1207	1473
1211	1544
1212	1488
1213	1311
1213	1320
1213	1343
1213	1381
1213	1399
1213	1453
1213	1481
1213	1499
1214	1320
1214	1343
1218	1230
1218	1343
1218	1408
1218	1452
1218	1458
1218	1476
1218	1537
1221	1456
1230	1269
1230	1299
1230	1320
1230	1343
1230	1452
1230	1476
1242	1262
1245	1329
1247	1278
1248	1295
1253	1498
1267	1315
1267	1363
1269	1320
1269	1343
1269	1381
1269	1452
1274	1530
1286	1320
1286	1343
1286	1453
1286	1499
1288	1435
1290	1366
1299	1320
1299	1343
1299	1452
1300	1311
1300	1320
1300	1343
1300	1381
1300	1399
1300	1476
1310	1534
1311	1320
1311	1343
1311	1381
1311	1399
1311	1453
1311	1476
1311	1481
1315	1363
1320	1343
1320	1381
1320	1452
1320	1453
1320	1465
1320	1476
1320	1481
1320	1485
1320	1499
1336	1342
1343	1381
1343	1399
1343	1452
1343	1453
1343	1465
1343	1476
1343	1481
1343	1485
1343	1499
1343	1556
1353	1382
1353	1406
1353	1557
1359	1488
1364	1458
1364	1497
1366	1498
1381	1399
1381	1453
1381	1481
1381	1499
1382	1557
1393	1454
1399	1453
1399	1476
1399	1481
1407	1549
1408	1458
1452	1476
1453	1476
1453	1481
1453	1499
1453	1527
1458	1497
1458	1537
1476	1481
1476	1485
1478	1497
1481	1499
1485	1527
1497	1537
1351	0
695	8
92	11
664	11
1411	11
672	13
1242	13
1262	13
750	15
1487	15
334	18
605	18
849	18
1110	18
1274	18
1375	18
1530	18
701	19
1016	23
30	29
561	29
1081	29
309	30
561	30
441	37
452	37
580	37
581	37
788	37
887	37
967	37
1165	37
1407	37
1549	37
748	39
856	39
1209	39
87	41
316	41
332	41
380	41
628	41
771	41
902	41
1066	41
1142	41
1255	41
65	49
106	49
120	49
136	49
142	49
156	49
196	49
225	49
370	49
378	49
489	49
522	49
528	49
589	49
796	49
805	49
839	49
842	49
888	49
928	49
936	49
942	49
953	49
976	49
1004	49
1056	49
1126	49
1154	49
1160	49
1169	49
1218	49
1230	49
1272	49
1320	49
1343	49
1452	49
1458	49
1476	49
1537	49
1133	51
65	55
200	55
489	55
499	55
503	55
504	55
522	55
796	55
839	55
888	55
942	55
1004	55
1056	55
1269	55
1299	55
1320	55
1343	55
336	56
419	56
669	56
671	56
1247	56
1278	56
827	63
95	65
106	65
156	65
200	65
245	65
370	65
391	65
489	65
503	65
504	65
522	65
796	65
839	65
842	65
888	65
920	65
936	65
942	65
953	65
1004	65
1056	65
1160	65
1169	65
1214	65
1218	65
1230	65
1269	65
1311	65
1320	65
1343	65
1452	65
1476	65
1485	65
925	69
1079	69
1541	69
1162	70
282	74
290	74
362	74
1063	74
1157	74
1427	74
823	76
1267	76
1315	76
1363	76
399	77
730	82
1127	82
318	86
580	86
678	86
847	86
967	86
316	87
332	87
366	87
380	87
628	87
771	87
902	87
1066	87
1142	87
1255	87
258	95
391	95
842	95
926	95
936	95
942	95
1109	95
1154	95
1169	95
1179	95
1195	95
1300	95
1343	95
1399	95
1476	95
1481	95
581	98
1407	98
1549	98
226	99
254	99
286	99
365	99
512	99
578	99
756	99
792	99
820	99
1253	99
1290	99
1353	99
1366	99
1382	99
1498	99
1557	99
227	100
1006	104
1393	104
1454	104
849	105
120	106
136	106
142	106
156	106
196	106
225	106
370	106
378	106
503	106
504	106
522	106
584	106
589	106
805	106
839	106
842	106
888	106
936	106
942	106
953	106
976	106
996	106
1075	106
1160	106
1218	106
1230	106
1269	106
1299	106
1320	106
1343	106
1364	106
1452	106
1497	106
841	113
470	114
620	114
196	120
225	120
378	120
693	120
805	120
842	120
976	120
1126	120
1218	120
1230	120
1478	120
1497	120
1537	120
295	121
346	121
610	121
728	121
837	121
844	121
1134	121
1139	121
1221	121
1456	121
849	125
500	129
563	129
717	129
1040	129
1081	129
1336	129
1342	129
316	131
332	131
1142	131
1255	131
1475	132
142	136
206	136
280	136
357	136
508	136
528	136
842	136
936	136
1322	136
394	139
508	142
528	142
842	142
973	142
1075	142
1155	142
1169	142
1322	142
154	144
412	145
525	145
926	145
1169	145
1179	145
1195	145
1213	145
1453	145
1481	145
684	147
826	147
830	147
1011	147
407	152
1512	152
200	156
225	156
370	156
489	156
503	156
504	156
522	156
796	156
802	156
839	156
888	156
936	156
942	156
953	156
969	156
1004	156
1056	156
1129	156
1160	156
1218	156
1230	156
1269	156
1320	156
1343	156
1388	156
1452	156
1465	156
335	161
491	161
577	161
903	161
943	161
1013	161
1022	161
1116	161
225	162
378	162
430	162
589	162
693	162
706	162
805	162
842	162
928	162
976	162
1126	162
1218	162
1364	162
1458	162
1497	162
1537	162
272	167
412	167
445	167
846	167
952	167
957	167
1014	167
1286	167
1453	167
1499	167
336	171
419	171
669	171
671	171
1247	171
1278	171
656	175
1208	175
435	176
468	176
1488	176
484	179
657	179
666	179
708	179
1531	179
685	182
1061	182
311	187
778	187
887	188
967	188
1159	188
1409	188
1549	188
492	191
871	192
1260	192
1524	192
975	195
584	196
842	196
1478	196
1497	196
763	197
245	200
272	200
370	200
412	200
489	200
499	200
503	200
522	200
592	200
796	200
839	200
888	200
936	200
942	200
953	200
1004	200
1056	200
1160	200
1179	200
1213	200
1269	200
1299	200
1320	200
1343	200
1388	200
1452	200
1476	200
1485	200
280	206
357	206
807	212
816	212
621	214
675	214
1245	214
1329	214
1556	214
516	216
521	216
255	217
300	222
855	222
317	223
495	223
537	223
1426	223
378	225
430	225
589	225
693	225
805	225
842	225
928	225
976	225
1126	225
1154	225
1218	225
1272	225
1291	225
1408	225
1458	225
1537	225
254	226
756	226
1353	226
1382	226
1557	226
1273	228
1046	231
1254	231
973	238
1175	238
369	239
528	239
645	239
887	239
933	239
1526	239
370	245
391	245
489	245
522	245
796	245
839	245
842	245
888	245
920	245
936	245
942	245
1056	245
1160	245
1169	245
1195	245
1230	245
1269	245
1300	245
1320	245
1343	245
1452	245
1476	245
1485	245
776	246
303	247
387	249
421	250
756	254
1353	254
1382	254
1557	254
267	258
391	258
412	258
525	258
592	258
920	258
926	258
932	258
936	258
937	258
942	258
1109	258
1154	258
1169	258
1179	258
1195	258
1269	258
1300	258
1311	258
1343	258
1381	258
1399	258
1453	258
1481	258
391	267
412	267
525	267
846	267
920	267
926	267
932	267
1109	267
1169	267
1179	267
1195	267
1311	267
1381	267
1399	267
1481	267
1499	267
977	268
412	272
445	272
503	272
520	272
522	272
592	272
846	272
920	272
936	272
957	272
1179	272
1213	272
1286	272
1343	272
1453	272
1481	272
1499	272
367	273
1086	273
1390	275
1260	276
1406	276
869	277
974	277
357	280
1268	281
290	282
362	282
454	282
1063	282
1157	282
1427	282
792	286
820	286
1253	286
1498	286
362	290
1063	290
1157	290
1427	290
796	294
1160	294
346	295
610	295
728	295
837	295
1134	295
1139	295
1202	295
1221	295
1456	295
855	300
869	300
594	303
420	306
585	306
1395	306
1498	306
335	309
561	309
1022	309
1353	309
1406	309
711	312
1110	312
332	316
366	316
380	316
628	316
771	316
902	316
1066	316
1142	316
1255	316
495	317
537	317
1426	317
580	318
678	318
847	318
967	318
1200	326
1338	329
1182	331
1550	331
366	332
380	332
628	332
771	332
902	332
1066	332
1142	332
1255	332
605	334
849	334
1110	334
1274	334
1530	334
491	335
577	335
900	335
903	335
943	335
1013	335
1022	335
1116	335
419	336
669	336
671	336
1247	336
1278	336
938	337
1514	337
610	346
728	346
837	346
1134	346
1139	346
1221	346
1456	346
1157	362
706	364
1458	364
512	365
578	365
1290	365
1366	365
902	366
1066	366
1086	367
528	369
645	369
818	369
887	369
933	369
1526	369
489	370
503	370
522	370
796	370
839	370
888	370
936	370
953	370
969	370
1056	370
1160	370
1230	370
1320	370
1343	370
1485	370
421	371
430	378
544	378
589	378
693	378
706	378
805	378
842	378
928	378
976	378
1126	378
1218	378
1364	378
1458	378
1497	378
1537	378
628	380
771	380
902	380
1066	380
1255	380
672	386
1242	386
412	391
503	391
525	391
842	391
846	391
920	391
926	391
932	391
936	391
937	391
942	391
973	391
1057	391
1109	391
1154	391
1160	391
1169	391
1179	391
1195	391
1213	391
1311	391
1320	391
1343	391
1381	391
1399	391
1453	391
1476	391
1481	391
1485	391
1499	391
519	392
538	392
1053	392
1257	392
974	393
733	395
797	397
981	397
1088	397
825	404
1019	404
1444	404
458	405
1512	407
445	412
503	412
525	412
592	412
846	412
920	412
926	412
932	412
936	412
937	412
957	412
1014	412
1057	412
1109	412
1169	412
1179	412
1195	412
1213	412
1286	412
1311	412
1320	412
1343	412
1381	412
1399	412
1453	412
1476	412
1481	412
1499	412
558	414
782	414
1513	414
669	419
671	419
1247	419
1278	419
585	420
986	420
1395	420
845	427
589	430
693	430
706	430
805	430
928	430
976	430
1126	430
1218	430
1458	430
1497	430
1537	430
468	435
1488	435
975	440
452	441
788	441
887	441
967	441
1407	441
1549	441
846	445
920	445
952	445
1014	445
1109	445
1169	445
1179	445
1213	445
1286	445
1343	445
1453	445
1499	445
995	450
788	452
887	452
1549	452
929	455
1284	456
1191	457
1529	457
500	459
717	459
1336	459
1342	459
508	460
528	460
1097	460
1322	460
1488	468
493	470
620	470
736	470
657	484
666	484
708	484
1531	484
1250	487
499	489
503	489
504	489
522	489
796	489
802	489
839	489
842	489
888	489
936	489
942	489
953	489
969	489
1004	489
1056	489
1129	489
1160	489
1230	489
1269	489
1299	489
1320	489
1343	489
1452	489
1465	489
1476	489
1485	489
577	491
900	491
903	491
943	491
1013	491
1022	491
1116	491
1406	491
537	495
1426	495
522	499
796	499
1004	499
1056	499
1160	499
1269	499
1299	499
1320	499
563	500
589	500
717	500
1040	500
1081	500
1336	500
1342	500
504	503
522	503
592	503
796	503
839	503
888	503
936	503
942	503
953	503
969	503
1004	503
1014	503
1056	503
1129	503
1160	503
1179	503
1213	503
1218	503
1311	503
1320	503
1343	503
1453	503
1485	503
1499	503
522	504
796	504
839	504
888	504
953	504
1019	504
1160	504
1320	504
1343	504
512	505
1290	505
1366	505
973	508
1097	508
1254	508
1322	508
578	512
1290	512
1366	512
521	516
538	519
1053	519
1257	519
700	520
936	520
1343	520
796	522
839	522
842	522
888	522
920	522
936	522
942	522
953	522
1004	522
1014	522
1019	522
1056	522
1129	522
1160	522
1213	522
1230	522
1269	522
1299	522
1320	522
1343	522
1452	522
1453	522
1476	522
1485	522
564	523
642	523
592	525
846	525
926	525
932	525
937	525
1109	525
1169	525
1179	525
1195	525
1213	525
1311	525
1320	525
1343	525
1381	525
1399	525
1453	525
1481	525
1499	525
842	528
887	528
933	528
1126	528
1218	528
1244	528
1343	528
1408	528
1526	528
564	537
1426	537
1053	538
1257	538
693	544
976	544
1061	551
1331	551
612	552
1033	555
1556	555
782	558
717	563
1040	563
1081	563
1336	563
1342	563
642	564
1498	564
1031	567
1212	567
1488	567
903	577
943	577
1013	577
1022	577
1116	577
1290	578
1366	578
678	580
847	580
887	580
967	580
1159	580
1407	580
1549	580
887	581
1407	581
1549	581
1173	584
1395	585
693	589
717	589
805	589
842	589
976	589
1126	589
1154	589
1169	589
1218	589
1336	589
1342	589
1343	589
1458	589
1537	589
846	592
920	592
926	592
936	592
937	592
942	592
957	592
1109	592
1169	592
1179	592
1195	592
1213	592
1286	592
1311	592
1320	592
1343	592
1381	592
1399	592
1453	592
1481	592
1499	592
1285	602
849	605
1056	605
1110	605
1274	605
1375	605
1530	605
728	610
837	610
1134	610
1139	610
1221	610
1456	610
675	621
1245	621
1329	621
1451	623
771	628
902	628
1066	628
1142	628
1255	628
695	633
912	641
887	645
933	645
1208	656
666	657
708	657
1531	657
793	661
1411	664
708	666
1531	666
671	669
1247	669
1278	669
1247	671
1278	671
1242	672
1262	672
1245	675
1329	675
846	677
957	677
1286	677
1453	677
847	678
967	678
826	684
1011	684
1498	691
706	693
805	693
842	693
928	693
976	693
1126	693
1218	693
1364	693
1458	693
1537	693
985	701
862	702
1214	705
805	706
928	706
976	706
1458	706
1537	706
1531	708
1075	711
1129	711
727	717
868	717
1040	717
1081	717
1336	717
1342	717
1112	727
1207	727
1473	727
837	728
1134	728
1139	728
1202	728
1221	728
1456	728
1359	729
1127	730
798	731
1235	743
856	748
1209	748
1487	750
1353	756
1382	756
1557	756
1475	757
1149	763
902	771
1066	771
1142	771
1255	771
1146	773
1015	784
1404	784
887	788
967	788
1407	788
1549	788
1196	789
820	792
1253	792
1498	792
839	796
888	796
936	796
942	796
953	796
969	796
1004	796
1056	796
1129	796
1160	796
1230	796
1269	796
1299	796
1320	796
1343	796
1388	796
1452	796
1476	796
1485	796
981	797
1088	797
912	800
839	802
888	802
1129	802
1230	802
1343	802
1527	802
839	805
842	805
928	805
976	805
1126	805
1218	805
1291	805
1364	805
1408	805
1458	805
1497	805
1537	805
816	807
1324	814
982	817
933	818
1526	818
1253	820
1498	820
1267	823
1315	823
1444	825
830	826
1011	826
1019	827
1106	834
1134	837
1139	837
1202	837
1221	837
1456	837
842	839
888	839
936	839
942	839
953	839
1004	839
1056	839
1129	839
1155	839
1160	839
1218	839
1230	839
1269	839
1299	839
1320	839
1343	839
1452	839
1485	839
1497	839
1556	839
936	842
942	842
969	842
973	842
976	842
1075	842
1126	842
1154	842
1160	842
1169	842
1218	842
1230	842
1272	842
1320	842
1343	842
1452	842
1476	842
1485	842
1537	842
1456	844
920	846
926	846
936	846
937	846
1109	846
1169	846
1179	846
1195	846
1213	846
1286	846
1311	846
1343	846
1381	846
1399	846
1453	846
1476	846
1481	846
1499	846
967	847
1056	849
1110	849
1274	849
1375	849
1530	849
869	855
957	855
1101	855
1209	856
1378	860
1232	865
1064	868
1336	868
1342	868
974	869
1366	869
1498	869
1524	871
933	887
967	887
1159	887
1407	887
1526	887
1549	887
936	888
942	888
953	888
1004	888
1056	888
1129	888
1160	888
1218	888
1230	888
1269	888
1299	888
1320	888
1343	888
1465	888
1476	888
1485	888
943	900
1022	900
1116	900
1406	900
1066	902
1142	902
1255	902
943	903
1013	903
1022	903
1116	903
1015	908
1158	908
926	920
936	920
937	920
942	920
1169	920
1179	920
1195	920
1213	920
1286	920
1311	920
1320	920
1343	920
1381	920
1453	920
1476	920
1499	920
1079	925
1541	925
932	926
936	926
937	926
957	926
1109	926
1154	926
1169	926
1179	926
1195	926
1213	926
1311	926
1320	926
1343	926
1381	926
1399	926
1453	926
1476	926
1481	926
1499	926
976	928
1218	928
1458	928
1537	928
937	932
1057	932
1109	932
1160	932
1169	932
1179	932
1195	932
1311	932
1343	932
1381	932
1399	932
1453	932
1481	932
967	933
1159	933
1526	933
937	936
942	936
953	936
978	936
1056	936
1129	936
1160	936
1169	936
1179	936
1195	936
1214	936
1218	936
1230	936
1269	936
1300	936
1311	936
1320	936
1343	936
1381	936
1399	936
1452	936
1453	936
1476	936
1481	936
1485	936
1499	936
942	937
1057	937
1109	937
1169	937
1179	937
1195	937
1213	937
1300	937
1311	937
1320	937
1343	937
1381	937
1399	937
1453	937
1476	937
1481	937
1499	937
1514	938
953	942
978	942
1004	942
1056	942
1154	942
1160	942
1169	942
1179	942
1218	942
1230	942
1269	942
1299	942
1300	942
1311	942
1320	942
1343	942
1381	942
1452	942
1453	942
1476	942
1485	942
1013	943
1022	943
1116	943
1014	952
1286	952
1320	952
1453	952
969	953
974	953
1004	953
1056	953
1129	953
1160	953
1214	953
1218	953
1230	953
1269	953
1320	953
1343	953
1388	953
1452	953
1476	953
1485	953
974	957
1101	957
1179	957
1286	957
1366	957
1453	957
1558	964
1159	967
1407	967
1549	967
1056	969
1160	969
1214	969
1320	969
1343	969
1476	969
1154	973
1169	973
1175	973
1272	973
1343	973
1101	974
1366	974
1126	976
1218	976
1364	976
1408	976
1458	976
1537	976
1251	977
1300	978
1311	978
1088	981
1192	994
1205	994
1056	1004
1160	1004
1230	1004
1299	1004
1320	1004
1343	1004
1393	1006
1454	1006
1022	1013
1116	1013
1286	1014
1320	1014
1343	1014
1453	1014
1158	1015
1116	1022
1212	1031
1556	1033
1342	1036
1336	1040
1342	1040
1254	1046
1257	1053
1110	1056
1129	1056
1160	1056
1169	1056
1218	1056
1230	1056
1269	1056
1299	1056
1300	1056
1320	1056
1343	1056
1452	1056
1476	1056
1485	1056
1085	1057
1109	1057
1160	1057
1169	1057
1195	1057
1311	1057
1320	1057
1343	1057
1381	1057
1453	1057
1466	1057
1476	1057
1481	1057
1543	1057
1157	1063
1427	1063
1142	1066
1255	1066
1273	1069
1322	1075
1343	1075
1476	1075
1541	1079
1336	1081
1342	1081
1528	1087
1254	1097
1366	1101
1154	1109
1169	1109
1179	1109
1195	1109
1213	1109
1311	1109
1320	1109
1343	1109
1381	1109
1399	1109
1453	1109
1481	1109
1499	1109
1274	1110
1207	1112
1154	1126
1218	1126
1291	1126
1458	1126
1537	1126
1160	1129
1230	1129
1269	1129
1320	1129
1343	1129
1452	1129
1465	1129
1476	1129
1139	1134
1221	1134
1456	1134
1221	1139
1456	1139
1255	1142
1169	1154
1195	1154
1218	1154
1300	1154
1311	1154
1381	1154
1399	1154
1458	1154
1230	1155
1427	1157
1407	1159
1409	1159
1549	1159
1169	1160
1179	1160
1230	1160
1269	1160
1299	1160
1300	1160
1311	1160
1320	1160
1343	1160
1381	1160
1388	1160
1452	1160
1453	1160
1476	1160
1485	1160
1549	1165
1179	1169
1195	1169
1213	1169
1218	1169
1272	1169
1300	1169
1311	1169
1320	1169
1343	1169
1381	1169
1399	1169
1453	1169
1476	1169
1481	1169
1485	1169
1499	1169
1195	1179
1213	1179
1286	1179
1300	1179
1311	1179
1320	1179
1343	1179
1381	1179
1399	1179
1453	1179
1481	1179
1499	1179
1550	1182
1450	1190
1529	1191
1205	1192
1213	1195
1300	1195
1311	1195
1320	1195
1343	1195
1381	1195
1399	1195
1453	1195
1476	1195
1481	1195
1485	1195
1499	1195
1473	1207
1544	1211
1488	1212
1311	1213
1320	1213
1343	1213
1381	1213
1399	1213
1453	1213
1481	1213
1499	1213
1320	1214
1343	1214
1230	1218
1343	1218
1408	1218
1452	1218
1458	1218
1476	1218
1537	1218
1456	1221
1269	1230
1299	1230
1320	1230
1343	1230
1452	1230
1476	1230
1262	1242
1329	1245
1278	1247
1295	1248
1498	1253
1315	1267
1363	1267
1320	1269
1343	1269
1381	1269
1452	1269
1530	1274
1320	1286
1343	1286
1453	1286
1499	1286
1435	1288
1366	1290
1320	1299
1343	1299
1452	1299
1311	1300
1320	1300
1343	1300
1381	1300
1399	1300
1476	1300
1534	1310
1320	1311
1343	1311
1381	1311
1399	1311
1453	1311
1476	1311
1481	1311
1363	1315
1343	1320
1381	1320
1452	1320
1453	1320
1465	1320
1476	1320
1481	1320
1485	1320
1499	1320
1342	1336
1381	1343
1399	1343
1452	1343
1453	1343
1465	1343
1476	1343
1481	1343
1485	1343
1499	1343
1556	1343
1382	1353
1406	1353
1557	1353
1488	1359
1458	1364
1497	1364
1498	1366
1399	1381
1453	1381
1481	1381
1499	1381
1557	1382
1454	1393
1453	1399
1476	1399
1481	1399
1549	1407
1458	1408
1476	1452
1476	1453
1481	1453
1499	1453
1527	1453
1497	1458
1537	1458
1481	1476
1485	1476
1497	1478
1499	1481
1527	1485
1537	1497
