6	124
6	150
6	209
6	400
6	694
6	996
6	1902
6	2479
6	2652
7	49
7	150
7	381
7	1273
9	49
9	264
9	355
9	370
9	539
9	585
9	737
9	762
9	791
9	861
12	293
12	539
12	654
12	1152
12	1283
12	1289
12	2502
12	2582
12	2592
12	2648
12	2783
12	2784
15	2288
15	2470
22	112
22	607
22	827
22	1361
22	1752
22	2288
22	2756
27	340
27	1258
27	2290
27	2648
27	2783
28	880
30	2321
41	1781
42	887
44	1064
47	150
47	159
47	306
49	78
49	81
49	323
49	340
49	377
49	486
49	518
49	539
49	560
49	572
49	606
49	639
49	640
49	699
49	726
49	735
49	759
49	806
49	842
49	859
49	924
49	1009
49	1021
49	1124
49	1134
49	1136
49	1150
49	1152
49	1155
49	1351
49	1352
49	1374
49	1446
49	1481
49	1535
49	1626
49	1640
49	1669
49	1708
49	1713
49	1880
49	1947
49	2008
49	2080
49	2108
49	2228
49	2276
49	2579
49	2715
52	1975
56	2288
57	1669
63	1152
65	460
65	788
65	1825
69	1152
69	1719
73	205
73	1854
73	2458
77	1204
78	486
78	572
78	1916
78	2228
81	1481
81	2723
82	2692
87	395
87	598
87	654
87	874
87	1491
87	1868
87	1944
87	2782
93	985
100	138
100	503
100	1534
100	2519
100	2522
105	250
107	213
107	336
107	611
107	1064
107	1729
107	2246
107	2782
109	654
109	1079
109	1142
113	152
113	539
113	541
113	1361
113	1640
113	2080
115	859
115	1574
117	536
117	654
117	2335
117	2784
120	593
120	1351
120	1817
120	1865
120	1938
120	2592
120	2593
120	2611
120	2746
122	279
122	1581
124	510
125	1669
130	641
130	880
133	1446
133	1902
137	486
150	261
150	340
150	371
150	446
150	478
150	640
150	686
150	709
150	972
150	1443
150	1576
150	1694
150	1818
150	1924
150	2064
150	2429
150	2593
150	2611
150	2666
152	266
152	482
152	518
152	541
152	657
152	2080
162	654
164	824
166	1009
166	1250
166	2043
167	213
167	222
167	586
167	616
167	2731
175	483
175	1654
175	1669
175	2579
183	2378
187	226
187	450
187	777
187	2084
187	2783
190	328
190	575
190	1352
190	2744
192	1924
194	405
194	1095
194	1342
194	1406
194	1627
194	2188
194	2253
194	2330
194	2557
196	1484
202	768
205	805
205	856
205	1079
205	1089
205	1338
205	1643
205	1970
207	2746
208	1574
209	275
209	2579
210	1201
211	1567
213	611
213	806
213	1009
213	1064
213	1089
213	1729
213	2030
213	2246
213	2782
217	1893
220	760
222	586
222	616
222	652
226	536
226	2370
227	2162
228	2668
229	997
229	1838
231	568
231	654
231	1352
231	1938
232	625
232	699
232	1374
232	1671
232	1880
232	2696
233	345
233	508
233	1083
233	1475
233	1476
233	1529
233	1864
233	2105
233	2470
233	2502
234	568
234	806
234	2317
236	768
237	1902
248	1098
250	758
250	796
250	1337
250	1640
254	395
255	2678
258	654
258	1698
258	1947
258	2043
258	2393
258	2586
258	2650
262	2540
266	518
266	541
266	657
266	2080
266	2413
275	970
275	1150
275	2579
278	1009
279	859
279	1413
279	1805
279	2547
282	1839
284	2711
286	768
293	377
293	654
293	737
293	811
293	988
293	1021
293	1361
293	1376
293	1455
293	2084
293	2370
293	2464
293	2582
293	2592
293	2703
293	2738
294	395
294	2116
303	2354
308	987
313	568
320	827
320	1816
321	805
323	654
323	2330
328	537
331	748
336	611
336	1064
336	1729
336	2246
336	2782
337	349
337	641
337	658
337	768
337	880
337	905
337	930
337	1170
337	1275
337	1586
337	1892
337	2461
340	355
340	510
340	842
340	1435
340	1445
340	1654
340	2648
340	2734
341	377
342	2064
345	1351
345	1475
345	1864
345	2084
345	2592
346	641
346	905
346	1064
346	1844
354	1575
354	2062
354	2700
355	421
355	483
355	560
355	987
355	1009
355	1049
355	1412
355	2321
355	2650
355	2740
358	572
368	760
368	1374
368	1854
368	2582
369	1627
369	2188
370	1446
370	1858
370	2321
371	811
371	1660
371	1872
373	1826
377	407
377	510
377	539
377	593
377	654
377	1053
377	1132
377	1355
377	1393
377	1445
377	2158
377	2205
377	2582
377	2692
381	800
381	842
381	1631
384	1275
388	760
388	889
388	2442
391	1578
391	1621
394	654
395	623
395	824
395	874
395	1038
395	1064
395	1236
395	1614
395	1854
395	1868
395	1944
395	2334
395	2611
395	2782
397	426
399	2461
400	539
400	641
400	822
400	880
400	996
400	1608
400	1654
400	1818
400	2064
400	2582
400	2648
400	2699
403	537
405	1095
405	1406
405	1916
405	2330
407	522
407	963
407	1583
407	2582
415	735
415	1733
417	777
423	962
423	1854
423	2381
427	735
427	747
427	2064
427	2582
430	657
430	2228
442	1064
450	539
450	2348
450	2582
450	2586
456	2668
460	1893
462	698
462	1476
463	694
463	827
463	850
463	2131
463	2464
478	2502
482	560
482	2488
486	572
486	1916
486	2228
492	2046
494	567
494	604
494	639
494	702
494	709
494	735
494	811
494	827
494	850
494	859
494	875
494	888
494	924
494	1021
494	1061
494	1110
494	1224
494	1247
494	1283
494	1351
494	1376
494	1805
494	1820
494	1853
494	1854
494	1991
494	2064
494	2317
494	2579
494	2707
494	2731
494	2784
496	735
503	1534
503	1746
507	1220
507	2477
507	2731
508	2064
508	2334
509	613
509	1527
510	654
510	811
510	887
510	1764
510	1838
510	1854
510	2023
510	2084
510	2334
510	2588
510	2592
513	1717
513	2746
516	1495
516	1916
516	2280
516	2598
518	541
518	657
518	938
518	2080
522	1079
524	539
524	1351
524	1535
524	1640
524	1654
524	2348
524	2648
527	1256
527	2116
527	2592
536	806
536	1517
536	2023
536	2445
537	626
537	910
537	1099
537	1119
537	1361
537	1407
537	1460
537	1643
537	1749
537	1801
537	1854
537	1912
537	2064
537	2302
537	2332
537	2483
537	2740
538	572
538	2228
539	541
539	598
539	639
539	760
539	777
539	806
539	842
539	924
539	1124
539	1136
539	1258
539	1351
539	1567
539	1590
539	1704
539	1708
539	1843
539	1854
539	1902
539	1934
539	2046
539	2084
539	2285
539	2288
539	2449
541	561
541	657
541	938
541	2080
541	2288
541	2413
541	2715
549	1291
551	2579
559	2116
560	1136
560	1640
567	1361
567	1445
567	1854
568	654
568	2588
568	2598
572	1640
572	1872
572	1947
572	2228
575	2116
577	2654
585	1447
586	1067
586	2325
587	726
587	1009
587	2043
589	2582
593	788
593	1495
593	1924
593	2064
595	768
596	1773
598	1089
598	1916
598	1939
598	2150
606	737
606	1082
606	1351
607	887
607	1752
607	2288
607	2756
611	806
611	1064
611	1729
611	2246
611	2782
613	687
613	2719
613	2735
616	774
616	1026
618	1275
618	2729
622	1273
622	1456
622	2382
623	1038
625	699
625	851
625	1374
625	1652
625	1737
625	1938
625	2162
625	2264
625	2696
626	1975
629	985
631	1567
631	1854
631	2008
631	2046
631	2630
635	1553
637	1481
639	788
639	1258
639	1361
639	2598
640	737
640	981
640	1351
640	1361
641	658
641	768
641	836
641	880
641	905
641	930
641	1112
641	1153
641	1170
641	1275
641	1445
641	1586
641	1892
641	2150
641	2461
641	2729
645	852
650	768
650	1621
654	717
654	774
654	821
654	824
654	870
654	988
654	1002
654	1021
654	1124
654	1154
654	1203
654	1211
654	1232
654	1255
654	1315
654	1351
654	1376
654	1505
654	1534
654	1576
654	1578
654	1633
654	1704
654	1717
654	1820
654	1825
654	1829
654	1916
654	2018
654	2064
654	2084
654	2116
654	2149
654	2169
654	2181
654	2449
654	2464
654	2469
654	2490
654	2498
654	2592
654	2703
654	2784
656	1857
657	1928
657	2080
657	2579
658	768
658	880
658	930
658	1112
658	1170
658	1275
658	2461
664	1649
665	1074
669	1351
669	2630
672	1353
672	1734
685	1094
685	1924
686	737
686	809
686	2064
686	2116
687	2719
687	2735
694	824
694	842
694	960
694	1004
698	1349
699	1374
699	1737
699	2696
702	2582
707	1490
709	2084
717	1902
717	2626
717	2790
718	2370
722	2116
726	987
726	1250
726	1313
726	2046
726	2129
727	2216
730	2278
735	1142
735	1361
735	1445
735	2064
737	1021
737	1058
737	1224
737	1351
737	1446
737	1590
737	1660
737	1991
737	2084
737	2116
737	2254
737	2560
737	2586
737	2629
737	2692
745	1374
745	2470
745	2696
748	1372
748	1376
748	1854
748	2278
748	2438
750	962
750	1745
752	768
753	2464
753	2592
754	2481
758	1002
758	1574
758	1708
758	1865
758	2084
758	2321
759	2562
760	841
760	1011
760	1092
760	1101
760	1443
760	1854
760	2289
760	2464
760	2666
760	2789
767	2064
768	880
768	889
768	905
768	930
768	951
768	1112
768	1153
768	1170
768	1275
768	1376
768	1418
768	1435
768	1445
768	1565
768	1580
768	1586
768	2461
773	1058
773	1826
773	2791
774	1250
774	1398
774	1443
774	1472
774	1902
774	2064
777	962
777	1155
777	1351
777	1788
777	2253
777	2285
777	2348
778	2181
779	1170
782	2592
782	2707
784	2477
788	842
788	1351
788	1554
788	1805
801	2252
801	2579
801	2582
805	903
805	1079
806	1445
806	1654
806	1927
806	2024
806	2592
811	1273
811	2382
811	2582
814	1781
821	1211
821	1376
821	2464
821	2469
821	2548
822	2268
824	960
824	1089
824	1640
827	879
827	1712
827	2288
827	2513
836	1155
836	1587
836	2084
836	2288
841	962
842	985
842	1074
842	1342
842	1412
842	1446
842	1524
842	1654
842	1881
842	1902
842	2490
848	868
848	1058
848	1147
848	1216
848	1455
848	1826
848	2084
848	2481
848	2791
850	888
850	993
850	1061
850	2317
850	2334
850	2510
851	2162
858	2149
858	2464
858	2469
859	1352
859	1374
859	1640
859	1680
859	2064
859	2470
859	2696
861	889
861	1527
867	1455
870	1581
870	2205
873	1948
875	2540
877	1583
880	905
880	930
880	1112
880	1170
880	1275
880	1586
880	2461
880	2582
882	1627
887	1404
887	1432
887	1645
887	1668
887	1817
887	1854
887	1930
887	1969
887	2084
887	2332
889	2582
890	1183
890	1699
898	1534
903	1079
903	1338
905	930
905	951
905	1170
905	1275
905	1351
905	1586
905	1608
905	2461
905	2617
908	930
909	2154
910	1201
923	1948
930	974
930	1112
930	1133
930	1153
930	1160
930	1170
930	1275
930	1586
930	1843
930	1892
930	2461
930	2582
930	2649
933	2116
938	1680
938	2064
938	2080
941	1428
941	1858
941	2149
944	1315
961	1938
961	2582
962	987
962	1082
962	1167
962	1188
962	1351
962	1443
962	1660
962	1708
962	1792
962	2084
962	2285
962	2381
962	2502
969	1287
969	2582
981	2674
985	1732
985	2158
987	1155
987	1535
987	2582
987	2649
988	1283
989	1170
994	2579
996	2046
996	2116
996	2479
997	1838
997	2268
1002	1089
1002	1788
1002	1916
1009	1066
1009	1074
1009	1250
1009	2043
1009	2073
1009	2246
1009	2351
1011	1854
1011	2683
1017	1061
1017	1540
1017	1578
1021	1361
1021	1737
1021	2084
1021	2165
1021	2232
1021	2370
1021	2582
1029	2059
1033	1291
1033	1484
1035	1677
1036	1857
1048	1865
1049	1479
1049	1947
1049	2594
1049	2640
1051	1978
1053	2592
1058	1660
1058	2791
1061	1079
1061	2116
1064	1435
1064	1680
1064	1716
1064	1729
1064	1817
1064	1854
1064	1878
1064	2023
1064	2030
1064	2216
1064	2217
1064	2246
1064	2470
1064	2782
1074	1902
1074	2278
1074	2469
1079	1289
1079	1307
1079	1338
1079	1717
1079	2394
1084	1161
1084	2464
1084	2746
1089	1284
1089	1554
1089	1567
1092	1843
1092	1854
1092	2053
1092	2084
1092	2108
1094	1255
1094	2283
1095	2330
1098	2386
1101	1854
1112	1170
1112	1275
1112	1586
1112	2461
1120	1505
1122	2386
1124	1361
1124	1378
1134	1155
1134	1351
1136	1713
1136	2540
1142	2296
1147	1581
1149	1704
1149	2461
1152	1291
1152	1446
1152	2582
1154	2582
1155	1351
1155	1590
1155	1788
1155	2046
1155	2084
1155	2321
1155	2592
1162	1975
1170	1273
1170	1275
1170	1289
1170	1315
1170	1586
1170	1820
1170	1892
1170	2063
1170	2252
1170	2461
1170	2582
1171	1271
1171	1468
1171	2288
1171	2644
1179	2324
1183	1412
1188	1315
1188	1612
1188	1708
1200	1669
1203	1247
1203	2330
1204	2490
1218	2654
1223	2062
1229	2464
1250	2043
1255	1417
1255	1975
1255	2678
1256	1776
1258	2108
1258	2176
1258	2579
1258	2674
1260	1455
1260	1902
1273	2264
1273	2370
1273	2382
1273	2746
1275	1586
1275	1817
1275	1892
1275	2461
1275	2571
1275	2582
1283	1351
1283	1704
1283	1708
1289	1817
1306	1817
1307	2034
1307	2735
1315	1854
1315	2280
1315	2302
1315	2464
1315	2719
1330	2108
1332	1534
1338	1449
1339	1817
1339	2205
1342	1627
1342	1680
1342	2188
1351	1627
1351	1654
1351	1818
1351	1825
1351	1924
1351	1991
1351	2084
1351	2496
1351	2502
1351	2552
1351	2582
1352	1495
1352	1574
1352	1858
1357	1640
1357	1649
1357	2195
1361	1445
1361	1455
1361	1567
1361	1576
1361	1626
1361	1636
1361	1843
1361	1938
1361	2334
1362	1412
1371	2040
1371	2302
1374	1481
1374	1880
1374	2470
1374	2536
1374	2696
1375	1990
1376	2494
1385	2302
1390	1654
1390	2582
1398	1476
1400	1583
1403	1817
1404	1817
1406	1916
1406	2330
1412	2613
1413	1853
1417	1826
1417	2678
1440	2646
1443	2449
1445	1578
1445	2064
1445	2149
1445	2268
1445	2334
1445	2581
1446	1732
1446	1937
1446	2084
1446	2348
1446	2445
1446	2496
1446	2704
1447	2598
1449	1821
1455	1994
1455	2064
1455	2658
1455	2667
1460	2662
1468	1944
1472	2477
1475	1529
1475	1864
1475	2592
1476	2116
1481	2723
1492	1567
1494	1574
1495	1574
1495	1619
1504	1567
1504	2064
1513	1612
1525	1947
1525	2084
1527	1540
1527	2064
1527	2598
1529	1864
1535	1654
1535	1737
1540	1805
1540	1854
1540	2164
1540	2399
1556	1817
1556	2285
1556	2348
1565	2058
1567	1654
1567	1717
1574	2018
1575	1578
1575	2700
1583	2205
1583	2582
1583	2715
1586	2461
1586	2582
1587	2302
1587	2579
1590	1640
1590	1799
1590	2648
1594	1612
1601	1939
1608	1654
1612	2252
1612	2270
1612	2302
1612	2799
1614	1969
1626	1654
1626	1788
1626	1938
1626	2084
1626	2502
1638	2288
1640	1660
1640	1947
1640	1948
1640	2045
1640	2228
1640	2488
1640	2689
1645	1817
1649	2064
1654	1700
1654	1708
1654	1854
1654	1928
1654	2046
1654	2084
1654	2321
1654	2502
1654	2586
1654	2729
1654	2783
1660	1902
1660	2150
1669	2579
1673	2424
1680	1730
1680	1820
1680	2064
1680	2334
1680	2449
1680	2738
1685	2756
1691	1717
1691	1805
1691	2205
1693	1938
1700	2502
1704	1799
1704	2470
1704	2582
1704	2644
1708	2084
1708	2276
1708	2586
1708	2648
1713	1975
1713	2592
1717	2692
1729	2139
1729	2246
1730	2470
1731	2321
1732	2321
1732	2689
1734	1854
1737	1818
1748	1902
1749	1805
1749	2579
1752	2064
1752	2288
1752	2756
1771	1817
1779	2131
1788	2084
1788	2348
1788	2502
1805	1924
1805	2695
1817	1854
1817	2116
1817	2415
1818	1843
1818	1938
1818	2789
1820	2064
1820	2350
1825	2762
1826	2791
1834	2481
1843	2158
1851	2386
1851	2490
1854	1877
1854	1916
1854	1918
1854	2064
1854	2116
1854	2149
1854	2386
1854	2464
1854	2494
1854	2666
1854	2789
1857	2023
1857	2697
1862	2238
1880	1947
1880	2696
1893	2731
1902	2243
1902	2648
1902	2695
1902	2704
1902	2740
1911	2579
1916	2228
1916	2330
1918	2316
1924	2272
1927	2064
1938	2064
1938	2350
1938	2568
1938	2586
1938	2740
1938	2776
1947	2268
1947	2334
1947	2376
1947	2393
1947	2784
1948	2114
1948	2253
1975	2475
1975	2762
1991	2582
2002	2064
2008	2579
2008	2719
2022	2494
2023	2789
2030	2782
2046	2598
2057	2058
2059	2105
2062	2116
2062	2248
2062	2695
2064	2302
2064	2307
2064	2334
2064	2579
2064	2582
2064	2648
2064	2790
2072	2302
2080	2450
2084	2285
2084	2502
2086	2116
2092	2116
2105	2711
2116	2232
2116	2317
2116	2464
2122	2461
2131	2334
2133	2481
2135	2469
2149	2581
2150	2695
2162	2645
2188	2253
2188	2557
2188	2731
2190	2540
2191	2285
2191	2494
2196	2205
2199	2683
2205	2572
2205	2592
2205	2636
2216	2464
2216	2598
2246	2782
2253	2285
2253	2557
2253	2586
2254	2582
2268	2579
2268	2727
2282	2302
2283	2477
2285	2586
2285	2689
2285	2729
2288	2539
2288	2756
2302	2330
2302	2453
2316	2385
2321	2625
2321	2648
2321	2704
2328	2579
2334	2741
2348	2586
2368	2464
2370	2762
2378	2480
2391	2442
2393	2502
2412	2582
2438	2579
2442	2598
2449	2729
2461	2582
2464	2469
2470	2696
2502	2588
2502	2729
2579	2598
2579	2704
2582	2592
2592	2648
2592	2784
2594	2688
2616	2689
2629	2762
2633	2692
2645	2668
2689	2746
2719	2735
2746	2756
124	6
150	6
209	6
400	6
694	6
996	6
1902	6
2479	6
2652	6
49	7
150	7
381	7
1273	7
49	9
264	9
355	9
370	9
539	9
585	9
737	9
762	9
791	9
861	9
293	12
539	12
654	12
1152	12
1283	12
1289	12
2502	12
2582	12
2592	12
2648	12
2783	12
2784	12
2288	15
2470	15
112	22
607	22
827	22
1361	22
1752	22
2288	22
2756	22
340	27
1258	27
2290	27
2648	27
2783	27
880	28
2321	30
1781	41
887	42
1064	44
150	47
159	47
306	47
78	49
81	49
323	49
340	49
377	49
486	49
518	49
539	49
560	49
572	49
606	49
639	49
640	49
699	49
726	49
735	49
759	49
806	49
842	49
859	49
924	49
1009	49
1021	49
1124	49
1134	49
1136	49
1150	49
1152	49
1155	49
1351	49
1352	49
1374	49
1446	49
1481	49
1535	49
1626	49
1640	49
1669	49
1708	49
1713	49
1880	49
1947	49
2008	49
2080	49
2108	49
2228	49
2276	49
2579	49
2715	49
1975	52
2288	56
1669	57
1152	63
460	65
788	65
1825	65
1152	69
1719	69
205	73
1854	73
2458	73
1204	77
486	78
572	78
1916	78
2228	78
1481	81
2723	81
2692	82
395	87
598	87
654	87
874	87
1491	87
1868	87
1944	87
2782	87
985	93
138	100
503	100
1534	100
2519	100
2522	100
250	105
213	107
336	107
611	107
1064	107
1729	107
2246	107
2782	107
654	109
1079	109
1142	109
152	113
539	113
541	113
1361	113
1640	113
2080	113
859	115
1574	115
536	117
654	117
2335	117
2784	117
593	120
1351	120
1817	120
1865	120
1938	120
2592	120
2593	120
2611	120
2746	120
279	122
1581	122
510	124
1669	125
641	130
880	130
1446	133
1902	133
486	137
261	150
340	150
371	150
446	150
478	150
640	150
686	150
709	150
972	150
1443	150
1576	150
1694	150
1818	150
1924	150
2064	150
2429	150
2593	150
2611	150
2666	150
266	152
482	152
518	152
541	152
657	152
2080	152
654	162
824	164
1009	166
1250	166
2043	166
213	167
222	167
586	167
616	167
2731	167
483	175
1654	175
1669	175
2579	175
2378	183
226	187
450	187
777	187
2084	187
2783	187
328	190
575	190
1352	190
2744	190
1924	192
405	194
1095	194
1342	194
1406	194
1627	194
2188	194
2253	194
2330	194
2557	194
1484	196
768	202
805	205
856	205
1079	205
1089	205
1338	205
1643	205
1970	205
2746	207
1574	208
275	209
2579	209
1201	210
1567	211
611	213
806	213
1009	213
1064	213
1089	213
1729	213
2030	213
2246	213
2782	213
1893	217
760	220
586	222
616	222
652	222
536	226
2370	226
2162	227
2668	228
997	229
1838	229
568	231
654	231
1352	231
1938	231
625	232
699	232
1374	232
1671	232
1880	232
2696	232
345	233
508	233
1083	233
1475	233
1476	233
1529	233
1864	233
2105	233
2470	233
2502	233
568	234
806	234
2317	234
768	236
1902	237
1098	248
758	250
796	250
1337	250
1640	250
395	254
2678	255
654	258
1698	258
1947	258
2043	258
2393	258
2586	258
2650	258
2540	262
518	266
541	266
657	266
2080	266
2413	266
970	275
1150	275
2579	275
1009	278
859	279
1413	279
1805	279
2547	279
1839	282
2711	284
768	286
377	293
654	293
737	293
811	293
988	293
1021	293
1361	293
1376	293
1455	293
2084	293
2370	293
2464	293
2582	293
2592	293
2703	293
2738	293
395	294
2116	294
2354	303
987	308
568	313
827	320
1816	320
805	321
654	323
2330	323
537	328
748	331
611	336
1064	336
1729	336
2246	336
2782	336
349	337
641	337
658	337
768	337
880	337
905	337
930	337
1170	337
1275	337
1586	337
1892	337
2461	337
355	340
510	340
842	340
1435	340
1445	340
1654	340
2648	340
2734	340
377	341
2064	342
1351	345
1475	345
1864	345
2084	345
2592	345
641	346
905	346
1064	346
1844	346
1575	354
2062	354
2700	354
421	355
483	355
560	355
987	355
1009	355
1049	355
1412	355
2321	355
2650	355
2740	355
572	358
760	368
1374	368
1854	368
2582	368
1627	369
2188	369
1446	370
1858	370
2321	370
811	371
1660	371
1872	371
1826	373
407	377
510	377
539	377
593	377
654	377
1053	377
1132	377
1355	377
1393	377
1445	377
2158	377
2205	377
2582	377
2692	377
800	381
842	381
1631	381
1275	384
760	388
889	388
2442	388
1578	391
1621	391
654	394
623	395
824	395
874	395
1038	395
1064	395
1236	395
1614	395
1854	395
1868	395
1944	395
2334	395
2611	395
2782	395
426	397
2461	399
539	400
641	400
822	400
880	400
996	400
1608	400
1654	400
1818	400
2064	400
2582	400
2648	400
2699	400
537	403
1095	405
1406	405
1916	405
2330	405
522	407
963	407
1583	407
2582	407
735	415
1733	415
777	417
962	423
1854	423
2381	423
735	427
747	427
2064	427
2582	427
657	430
2228	430
1064	442
539	450
2348	450
2582	450
2586	450
2668	456
1893	460
698	462
1476	462
694	463
827	463
850	463
2131	463
2464	463
2502	478
560	482
2488	482
572	486
1916	486
2228	486
2046	492
567	494
604	494
639	494
702	494
709	494
735	494
811	494
827	494
850	494
859	494
875	494
888	494
924	494
1021	494
1061	494
1110	494
1224	494
1247	494
1283	494
1351	494
1376	494
1805	494
1820	494
1853	494
1854	494
1991	494
2064	494
2317	494
2579	494
2707	494
2731	494
2784	494
735	496
1534	503
1746	503
1220	507
2477	507
2731	507
2064	508
2334	508
613	509
1527	509
654	510
811	510
887	510
1764	510
1838	510
1854	510
2023	510
2084	510
2334	510
2588	510
2592	510
1717	513
2746	513
1495	516
1916	516
2280	516
2598	516
541	518
657	518
938	518
2080	518
1079	522
539	524
1351	524
1535	524
1640	524
1654	524
2348	524
2648	524
1256	527
2116	527
2592	527
806	536
1517	536
2023	536
2445	536
626	537
910	537
1099	537
1119	537
1361	537
1407	537
1460	537
1643	537
1749	537
1801	537
1854	537
1912	537
2064	537
2302	537
2332	537
2483	537
2740	537
572	538
2228	538
541	539
598	539
639	539
760	539
777	539
806	539
842	539
924	539
1124	539
1136	539
1258	539
1351	539
1567	539
1590	539
1704	539
1708	539
1843	539
1854	539
1902	539
1934	539
2046	539
2084	539
2285	539
2288	539
2449	539
561	541
657	541
938	541
2080	541
2288	541
2413	541
2715	541
1291	549
2579	551
2116	559
1136	560
1640	560
1361	567
1445	567
1854	567
654	568
2588	568
2598	568
1640	572
1872	572
1947	572
2228	572
2116	575
2654	577
1447	585
1067	586
2325	586
726	587
1009	587
2043	587
2582	589
788	593
1495	593
1924	593
2064	593
768	595
1773	596
1089	598
1916	598
1939	598
2150	598
737	606
1082	606
1351	606
887	607
1752	607
2288	607
2756	607
806	611
1064	611
1729	611
2246	611
2782	611
687	613
2719	613
2735	613
774	616
1026	616
1275	618
2729	618
1273	622
1456	622
2382	622
1038	623
699	625
851	625
1374	625
1652	625
1737	625
1938	625
2162	625
2264	625
2696	625
1975	626
985	629
1567	631
1854	631
2008	631
2046	631
2630	631
1553	635
1481	637
788	639
1258	639
1361	639
2598	639
737	640
981	640
1351	640
1361	640
658	641
768	641
836	641
880	641
905	641
930	641
1112	641
1153	641
1170	641
1275	641
1445	641
1586	641
1892	641
2150	641
2461	641
2729	641
852	645
768	650
1621	650
717	654
774	654
821	654
824	654
870	654
988	654
1002	654
1021	654
1124	654
1154	654
1203	654
1211	654
1232	654
1255	654
1315	654
1351	654
1376	654
1505	654
1534	654
1576	654
1578	654
1633	654
1704	654
1717	654
1820	654
1825	654
1829	654
1916	654
2018	654
2064	654
2084	654
2116	654
2149	654
2169	654
2181	654
2449	654
2464	654
2469	654
2490	654
2498	654
2592	654
2703	654
2784	654
1857	656
1928	657
2080	657
2579	657
768	658
880	658
930	658
1112	658
1170	658
1275	658
2461	658
1649	664
1074	665
1351	669
2630	669
1353	672
1734	672
1094	685
1924	685
737	686
809	686
2064	686
2116	686
2719	687
2735	687
824	694
842	694
960	694
1004	694
1349	698
1374	699
1737	699
2696	699
2582	702
1490	707
2084	709
1902	717
2626	717
2790	717
2370	718
2116	722
987	726
1250	726
1313	726
2046	726
2129	726
2216	727
2278	730
1142	735
1361	735
1445	735
2064	735
1021	737
1058	737
1224	737
1351	737
1446	737
1590	737
1660	737
1991	737
2084	737
2116	737
2254	737
2560	737
2586	737
2629	737
2692	737
1374	745
2470	745
2696	745
1372	748
1376	748
1854	748
2278	748
2438	748
962	750
1745	750
768	752
2464	753
2592	753
2481	754
1002	758
1574	758
1708	758
1865	758
2084	758
2321	758
2562	759
841	760
1011	760
1092	760
1101	760
1443	760
1854	760
2289	760
2464	760
2666	760
2789	760
2064	767
880	768
889	768
905	768
930	768
951	768
1112	768
1153	768
1170	768
1275	768
1376	768
1418	768
1435	768
1445	768
1565	768
1580	768
1586	768
2461	768
1058	773
1826	773
2791	773
1250	774
1398	774
1443	774
1472	774
1902	774
2064	774
962	777
1155	777
1351	777
1788	777
2253	777
2285	777
2348	777
2181	778
1170	779
2592	782
2707	782
2477	784
842	788
1351	788
1554	788
1805	788
2252	801
2579	801
2582	801
903	805
1079	805
1445	806
1654	806
1927	806
2024	806
2592	806
1273	811
2382	811
2582	811
1781	814
1211	821
1376	821
2464	821
2469	821
2548	821
2268	822
960	824
1089	824
1640	824
879	827
1712	827
2288	827
2513	827
1155	836
1587	836
2084	836
2288	836
962	841
985	842
1074	842
1342	842
1412	842
1446	842
1524	842
1654	842
1881	842
1902	842
2490	842
868	848
1058	848
1147	848
1216	848
1455	848
1826	848
2084	848
2481	848
2791	848
888	850
993	850
1061	850
2317	850
2334	850
2510	850
2162	851
2149	858
2464	858
2469	858
1352	859
1374	859
1640	859
1680	859
2064	859
2470	859
2696	859
889	861
1527	861
1455	867
1581	870
2205	870
1948	873
2540	875
1583	877
905	880
930	880
1112	880
1170	880
1275	880
1586	880
2461	880
2582	880
1627	882
1404	887
1432	887
1645	887
1668	887
1817	887
1854	887
1930	887
1969	887
2084	887
2332	887
2582	889
1183	890
1699	890
1534	898
1079	903
1338	903
930	905
951	905
1170	905
1275	905
1351	905
1586	905
1608	905
2461	905
2617	905
930	908
2154	909
1201	910
1948	923
974	930
1112	930
1133	930
1153	930
1160	930
1170	930
1275	930
1586	930
1843	930
1892	930
2461	930
2582	930
2649	930
2116	933
1680	938
2064	938
2080	938
1428	941
1858	941
2149	941
1315	944
1938	961
2582	961
987	962
1082	962
1167	962
1188	962
1351	962
1443	962
1660	962
1708	962
1792	962
2084	962
2285	962
2381	962
2502	962
1287	969
2582	969
2674	981
1732	985
2158	985
1155	987
1535	987
2582	987
2649	987
1283	988
1170	989
2579	994
2046	996
2116	996
2479	996
1838	997
2268	997
1089	1002
1788	1002
1916	1002
1066	1009
1074	1009
1250	1009
2043	1009
2073	1009
2246	1009
2351	1009
1854	1011
2683	1011
1061	1017
1540	1017
1578	1017
1361	1021
1737	1021
2084	1021
2165	1021
2232	1021
2370	1021
2582	1021
2059	1029
1291	1033
1484	1033
1677	1035
1857	1036
1865	1048
1479	1049
1947	1049
2594	1049
2640	1049
1978	1051
2592	1053
1660	1058
2791	1058
1079	1061
2116	1061
1435	1064
1680	1064
1716	1064
1729	1064
1817	1064
1854	1064
1878	1064
2023	1064
2030	1064
2216	1064
2217	1064
2246	1064
2470	1064
2782	1064
1902	1074
2278	1074
2469	1074
1289	1079
1307	1079
1338	1079
1717	1079
2394	1079
1161	1084
2464	1084
2746	1084
1284	1089
1554	1089
1567	1089
1843	1092
1854	1092
2053	1092
2084	1092
2108	1092
1255	1094
2283	1094
2330	1095
2386	1098
1854	1101
1170	1112
1275	1112
1586	1112
2461	1112
1505	1120
2386	1122
1361	1124
1378	1124
1155	1134
1351	1134
1713	1136
2540	1136
2296	1142
1581	1147
1704	1149
2461	1149
1291	1152
1446	1152
2582	1152
2582	1154
1351	1155
1590	1155
1788	1155
2046	1155
2084	1155
2321	1155
2592	1155
1975	1162
1273	1170
1275	1170
1289	1170
1315	1170
1586	1170
1820	1170
1892	1170
2063	1170
2252	1170
2461	1170
2582	1170
1271	1171
1468	1171
2288	1171
2644	1171
2324	1179
1412	1183
1315	1188
1612	1188
1708	1188
1669	1200
1247	1203
2330	1203
2490	1204
2654	1218
2062	1223
2464	1229
2043	1250
1417	1255
1975	1255
2678	1255
1776	1256
2108	1258
2176	1258
2579	1258
2674	1258
1455	1260
1902	1260
2264	1273
2370	1273
2382	1273
2746	1273
1586	1275
1817	1275
1892	1275
2461	1275
2571	1275
2582	1275
1351	1283
1704	1283
1708	1283
1817	1289
1817	1306
2034	1307
2735	1307
1854	1315
2280	1315
2302	1315
2464	1315
2719	1315
2108	1330
1534	1332
1449	1338
1817	1339
2205	1339
1627	1342
1680	1342
2188	1342
1627	1351
1654	1351
1818	1351
1825	1351
1924	1351
1991	1351
2084	1351
2496	1351
2502	1351
2552	1351
2582	1351
1495	1352
1574	1352
1858	1352
1640	1357
1649	1357
2195	1357
1445	1361
1455	1361
1567	1361
1576	1361
1626	1361
1636	1361
1843	1361
1938	1361
2334	1361
1412	1362
2040	1371
2302	1371
1481	1374
1880	1374
2470	1374
2536	1374
2696	1374
1990	1375
2494	1376
2302	1385
1654	1390
2582	1390
1476	1398
1583	1400
1817	1403
1817	1404
1916	1406
2330	1406
2613	1412
1853	1413
1826	1417
2678	1417
2646	1440
2449	1443
1578	1445
2064	1445
2149	1445
2268	1445
2334	1445
2581	1445
1732	1446
1937	1446
2084	1446
2348	1446
2445	1446
2496	1446
2704	1446
2598	1447
1821	1449
1994	1455
2064	1455
2658	1455
2667	1455
2662	1460
1944	1468
2477	1472
1529	1475
1864	1475
2592	1475
2116	1476
2723	1481
1567	1492
1574	1494
1574	1495
1619	1495
1567	1504
2064	1504
1612	1513
1947	1525
2084	1525
1540	1527
2064	1527
2598	1527
1864	1529
1654	1535
1737	1535
1805	1540
1854	1540
2164	1540
2399	1540
1817	1556
2285	1556
2348	1556
2058	1565
1654	1567
1717	1567
2018	1574
1578	1575
2700	1575
2205	1583
2582	1583
2715	1583
2461	1586
2582	1586
2302	1587
2579	1587
1640	1590
1799	1590
2648	1590
1612	1594
1939	1601
1654	1608
2252	1612
2270	1612
2302	1612
2799	1612
1969	1614
1654	1626
1788	1626
1938	1626
2084	1626
2502	1626
2288	1638
1660	1640
1947	1640
1948	1640
2045	1640
2228	1640
2488	1640
2689	1640
1817	1645
2064	1649
1700	1654
1708	1654
1854	1654
1928	1654
2046	1654
2084	1654
2321	1654
2502	1654
2586	1654
2729	1654
2783	1654
1902	1660
2150	1660
2579	1669
2424	1673
1730	1680
1820	1680
2064	1680
2334	1680
2449	1680
2738	1680
2756	1685
1717	1691
1805	1691
2205	1691
1938	1693
2502	1700
1799	1704
2470	1704
2582	1704
2644	1704
2084	1708
2276	1708
2586	1708
2648	1708
1975	1713
2592	1713
2692	1717
2139	1729
2246	1729
2470	1730
2321	1731
2321	1732
2689	1732
1854	1734
1818	1737
1902	1748
1805	1749
2579	1749
2064	1752
2288	1752
2756	1752
1817	1771
2131	1779
2084	1788
2348	1788
2502	1788
1924	1805
2695	1805
1854	1817
2116	1817
2415	1817
1843	1818
1938	1818
2789	1818
2064	1820
2350	1820
2762	1825
2791	1826
2481	1834
2158	1843
2386	1851
2490	1851
1877	1854
1916	1854
1918	1854
2064	1854
2116	1854
2149	1854
2386	1854
2464	1854
2494	1854
2666	1854
2789	1854
2023	1857
2697	1857
2238	1862
1947	1880
2696	1880
2731	1893
2243	1902
2648	1902
2695	1902
2704	1902
2740	1902
2579	1911
2228	1916
2330	1916
2316	1918
2272	1924
2064	1927
2064	1938
2350	1938
2568	1938
2586	1938
2740	1938
2776	1938
2268	1947
2334	1947
2376	1947
2393	1947
2784	1947
2114	1948
2253	1948
2475	1975
2762	1975
2582	1991
2064	2002
2579	2008
2719	2008
2494	2022
2789	2023
2782	2030
2598	2046
2058	2057
2105	2059
2116	2062
2248	2062
2695	2062
2302	2064
2307	2064
2334	2064
2579	2064
2582	2064
2648	2064
2790	2064
2302	2072
2450	2080
2285	2084
2502	2084
2116	2086
2116	2092
2711	2105
2232	2116
2317	2116
2464	2116
2461	2122
2334	2131
2481	2133
2469	2135
2581	2149
2695	2150
2645	2162
2253	2188
2557	2188
2731	2188
2540	2190
2285	2191
2494	2191
2205	2196
2683	2199
2572	2205
2592	2205
2636	2205
2464	2216
2598	2216
2782	2246
2285	2253
2557	2253
2586	2253
2582	2254
2579	2268
2727	2268
2302	2282
2477	2283
2586	2285
2689	2285
2729	2285
2539	2288
2756	2288
2330	2302
2453	2302
2385	2316
2625	2321
2648	2321
2704	2321
2579	2328
2741	2334
2586	2348
2464	2368
2762	2370
2480	2378
2442	2391
2502	2393
2582	2412
2579	2438
2598	2442
2729	2449
2582	2461
2469	2464
2696	2470
2588	2502
2729	2502
2598	2579
2704	2579
2592	2582
2648	2592
2784	2592
2688	2594
2689	2616
2762	2629
2692	2633
2668	2645
2746	2689
2735	2719
2756	2746
