3294	3796
3294	2316
3294	1307
3744	698
3744	4263
348	628
348	3163
2467	621
1202	1807
1202	3482
3762	2432
3762	1314
3762	554
2894	3614
91	2436
46	2828
2911	2454
2911	4530
1357	2786
1357	2224
1357	655
1357	1599
1357	1344
1357	3249
1357	417
1357	687
1357	429
1357	4392
1357	2028
1357	2939
1357	991
1357	4191
1357	3682
1357	1850
1357	3554
3343	4082
3475	11
3475	3426
1594	332
1594	102
1594	4520
1594	196
1594	2436
1594	3876
1594	4142
1610	1277
1610	2583
1610	2905
864	2454
864	4237
864	550
864	830
864	110
696	4405
696	3188
696	3665
696	4248
696	899
696	39
696	62
696	4263
696	4195
696	543
696	3646
696	4020
696	2534
696	422
696	26
696	2847
696	4160
2968	3993
3299	3898
3299	724
760	144
760	1971
760	4392
855	332
855	801
855	668
855	14
855	1309
855	564
855	3876
855	1906
855	1092
855	4082
3940	3585
3940	543
3940	2361
3940	505
2874	1489
2874	668
2874	3729
2874	980
654	4074
654	2316
654	102
654	1740
654	502
654	3893
203	4439
203	422
203	3167
203	1284
203	3356
245	394
245	1881
245	1569
245	3409
245	4268
245	1117
245	4416
245	2392
245	2768
245	533
245	285
245	927
245	2553
245	1992
245	1998
245	2978
4379	394
4379	2367
4379	1569
4379	2129
4379	3409
4379	469
4379	1117
4379	4416
4379	295
4379	4555
4379	2392
4379	1992
4379	1998
3973	3595
3904	3019
3904	1442
3904	1441
3904	3560
1366	3147
3183	2936
3183	3155
284	1739
284	780
4541	1278
4541	2221
4541	1084
4541	998
436	2454
436	2402
3626	4106
3626	2522
3626	2018
3626	1402
3626	1599
4106	2868
4106	2522
4106	2018
4106	1402
4106	1599
2868	2522
2868	2018
2868	3629
2620	3481
2620	2282
2780	332
2780	2454
332	4323
332	791
332	4449
332	3754
332	3135
332	2957
332	3494
332	1602
332	170
332	1434
332	3287
332	1800
332	2047
332	1150
332	69
332	1945
332	2046
332	1378
332	1182
332	2612
332	221
332	3196
332	3990
332	2816
332	3650
4323	11
2603	4435
2603	4408
2603	1858
2603	2920
2603	224
2603	3482
2603	4422
2603	101
4435	4408
4435	1858
4435	2920
4435	637
4408	2920
4408	3597
4408	4524
4408	2939
4408	3818
4408	3054
4408	4426
4408	4063
4408	2510
1858	2920
1858	174
392	4225
3853	2426
3853	1362
95	1111
3567	2236
3567	2786
3567	814
3567	2447
3567	265
3567	817
3567	2028
3567	4520
3567	870
3567	457
3567	3682
3567	162
3567	3515
3567	2361
3567	43
2086	2765
2426	2454
3173	1035
2788	3324
2105	2513
2105	2433
2513	2433
2513	3335
3765	527
3765	285
663	2056
663	4537
663	2850
663	3324
663	24
663	668
663	1709
2278	263
3284	826
3284	3285
3284	851
826	535
826	3285
1880	1992
989	4203
791	2226
791	3385
791	4026
791	1952
791	2402
791	1800
791	1024
791	1458
791	4386
791	1795
1989	3469
1989	2454
1989	3997
1989	1249
1989	2390
2433	3335
2433	3793
4556	3497
4557	1569
4557	728
4557	285
4557	1080
597	1758
597	3228
597	1988
597	3191
597	3900
597	2550
597	3539
597	1234
597	2181
597	1086
597	888
597	1016
597	2029
597	2742
772	2848
772	4427
772	2555
772	841
772	2726
772	1805
2312	2491
2312	1750
2312	3396
2312	4083
4516	1977
2913	4528
1435	2301
4449	866
4546	1701
4546	1988
4546	3560
1392	3681
1392	1563
1392	2861
1392	2491
1392	724
1392	1299
1392	159
1392	1406
1392	554
1392	2963
1392	3200
3681	2402
3754	4046
3754	3287
635	4444
993	3799
993	316
993	3259
3732	648
4430	4554
189	1596
189	1307
189	564
189	2436
189	554
189	1092
189	3872
4270	1249
920	2516
3241	724
3241	163
3694	897
2505	1843
2505	1881
2505	2367
2505	193
427	3259
3303	2653
3303	1606
3573	2367
3573	4268
3573	3191
3573	1846
3573	1264
3573	554
3573	2066
3573	2618
3573	533
3573	285
3573	2553
3573	1998
3573	4434
2162	2319
4025	841
211	146
211	2385
2236	814
2236	4545
2236	2993
2236	3278
2236	3907
2236	3335
2236	620
2236	3986
4405	376
4405	3100
1303	1638
2082	2398
2082	1277
2082	162
2082	2343
2082	3566
3107	571
3107	947
571	1277
3525	1806
3525	3893
3525	1606
1293	112
1293	3646
1293	564
1293	554
1293	3872
4299	4334
4299	3721
4299	804
4299	1638
4299	102
4299	1824
4299	3453
4299	3235
4334	2443
4334	1971
4334	2171
4334	2777
4334	929
4334	4530
4334	3563
4334	1728
4334	1515
4334	2828
2056	2850
2056	4220
2056	4373
2056	839
2056	66
2056	771
2717	3064
2717	3411
2717	878
2423	2850
2423	3293
2423	3254
2423	3494
2423	1512
2423	3678
2423	3098
4071	2690
4071	3147
1834	2687
1834	549
1834	554
1176	1414
3796	1046
2452	535
2452	947
2452	1016
1327	3235
1312	770
1312	2179
1312	4436
1312	611
1312	2993
1312	720
1312	706
1312	1850
1312	108
770	3001
770	4436
770	116
770	929
770	3720
770	16
770	197
770	3147
770	1850
770	2926
3673	1277
2179	417
2179	3278
2179	3335
2179	2936
2179	2565
2179	2758
144	3278
144	3553
144	1850
144	350
144	2425
144	3235
3001	947
2850	3287
2850	3440
2850	3472
2850	4220
2850	1531
2850	4373
2850	839
2850	3196
2850	2181
2757	2402
3791	1291
3791	888
153	3087
1308	2402
1308	3793
1308	2017
1308	2436
1308	2906
1308	4149
1308	4290
394	4313
394	2367
394	1430
394	3409
394	4268
394	3191
394	469
394	2808
394	2066
394	533
394	285
394	4276
394	2553
394	1992
394	2796
394	4434
883	1712
883	2424
3293	1283
3293	929
3293	4243
3293	1729
1552	2806
2848	2786
2848	814
2848	3524
2848	827
2848	863
2848	862
2848	102
2848	4223
2848	3793
2848	3628
2848	1689
2848	2028
2848	2939
2848	2801
2848	3498
2848	2726
2848	2125
2848	1805
2848	4426
2848	83
2848	117
2848	498
2848	1326
2848	1475
484	3062
1819	3135
1819	2957
1819	1891
1819	3509
1819	2924
1819	3197
1819	2454
1819	2439
1819	1794
1819	3539
1819	2612
1819	221
1819	113
1819	519
1819	3184
1819	3418
409	2454
409	112
4143	3952
4143	4452
4143	1797
4143	1850
4143	3685
4143	2473
4143	2719
4143	2873
4143	3806
3072	3287
3072	1850
3072	180
1639	935
2967	267
2967	4526
3229	313
3229	4428
3229	596
1021	3287
1712	3717
1712	19
1712	513
1712	4465
1712	3792
3717	19
3717	648
3717	513
3717	4465
3717	3792
3717	1037
1349	4526
1349	4452
3135	2398
3135	1621
3135	4229
3135	4530
3135	1864
3135	4324
3188	3281
3188	1561
3188	2454
3188	568
3188	876
3188	2804
4019	118
4019	1564
4019	1046
4019	875
3460	2292
4345	724
4345	252
4345	4352
4345	1309
4345	3192
4345	3008
4345	1172
2428	3324
2428	937
2428	3575
2925	359
2925	2972
2925	34
2925	3465
2925	2246
2925	106
2925	3589
2925	677
2925	3287
2925	2897
2925	4222
2925	2940
3618	173
3618	1150
3618	3930
3618	916
3618	2199
4371	443
4371	2415
4371	550
4371	77
253	2447
253	2687
19	648
19	513
19	1731
19	4465
19	1676
19	3792
19	418
19	1037
19	4244
19	3515
19	1753
3281	1234
2164	1563
2164	2305
2164	1638
2164	805
2164	752
2164	2939
2164	721
2164	554
2164	2754
2164	4082
2164	853
2164	4096
629	2687
2432	1563
2432	805
2432	2939
2432	2754
2432	4082
2875	3147
264	3157
2443	1971
2443	3562
2443	3235
1971	3721
1971	929
1971	1602
1971	3197
1971	1241
1971	1470
1971	370
1971	1362
1971	263
1971	2906
1971	3341
1971	2166
2522	2018
2522	1402
2522	1599
2522	980
2018	1402
2018	1599
2018	3145
2018	1298
2018	376
1402	1599
1402	2454
4111	969
737	1329
737	622
737	3907
737	1477
737	3676
737	947
737	2169
648	513
648	4465
648	1037
648	4244
648	3515
513	3907
513	4465
513	3792
513	4386
513	1037
513	4244
513	3515
513	1505
976	3407
976	30
319	2171
1329	622
1329	3907
1329	947
622	535
622	2867
622	3907
622	2864
622	2897
622	1677
622	3539
622	1150
622	527
622	802
622	947
622	384
622	900
622	926
622	2331
622	3071
622	1605
4429	2171
1563	4176
1563	2489
1563	3335
1563	1800
1563	853
1563	15
1563	3087
1563	3612
1563	990
1563	3453
1563	3235
3254	736
3254	2235
3254	3628
3254	1328
3254	2361
3116	3915
3116	313
3116	628
3116	1575
3116	3163
535	736
535	644
535	2897
535	1677
535	723
535	2533
535	3583
535	4373
535	2169
535	466
535	486
535	1125
535	1420
535	3789
535	3929
2981	3019
2981	4263
3407	1517
3407	3464
3407	2775
3407	3758
3407	30
3407	2017
3407	3192
3407	3008
3407	4483
2879	1277
2879	2246
2879	2673
2879	866
2879	40
2879	1732
2879	843
2879	628
2879	3662
2879	591
2879	1873
4218	3920
885	2139
188	4228
188	412
177	1197
2302	4392
2302	2454
4176	1355
454	2252
3954	4146
3954	3915
3954	2154
3954	1259
3954	1689
3954	4186
3954	3743
3954	4386
3954	1575
3954	1026
3954	1824
267	639
267	2951
267	4499
267	397
267	755
267	2736
267	66
3721	929
3721	2555
3721	4020
3721	3682
3721	3235
639	724
639	1264
2951	1773
4499	3423
4499	2454
4499	788
4499	2555
4499	2257
4499	3972
1580	3287
1580	4237
4107	866
3824	3930
3824	3196
3129	2644
3129	3516
3129	3147
3129	457
3129	2049
3129	2906
3129	660
3129	4160
2644	3405
2644	4524
2644	1477
3665	4195
3665	2534
2786	2224
2786	4439
2786	1794
2786	3147
2786	1388
1586	1701
1586	3527
1586	724
1701	3527
1701	3272
1701	3560
1701	3769
3536	2447
3527	1550
3527	2364
3527	2166
3527	782
1424	3147
165	2402
3783	2963
3783	3087
118	3585
118	3287
118	3138
118	4452
118	956
3810	2385
1614	610
2501	2383
2501	285
1843	3595
1843	3191
1843	724
1843	1264
1843	619
1843	285
700	1324
1881	3595
1881	3445
1881	2367
1881	4268
1881	3191
1881	1846
1881	1518
1881	1264
1881	2565
1881	2066
1881	2618
1881	4280
1881	533
1881	65
1881	70
1881	285
1881	2553
1881	1998
1881	2294
1881	4434
1656	664
1561	570
1561	265
2139	66
2139	1856
1925	570
570	937
814	3859
814	668
814	4386
814	239
814	1084
814	2746
814	3614
2957	2398
2957	3385
2957	2216
2957	2545
2957	3776
2957	1943
2957	3743
2957	2591
2957	1906
2957	1092
2957	968
2957	4040
2957	4088
2407	3743
3772	2447
3772	2072
3772	3637
2349	405
2349	2169
3595	1569
3595	1974
3595	1197
3595	285
3998	313
3998	1800
1758	724
3516	1266
3516	2050
3516	2049
3516	3764
3272	3792
3272	680
4358	3950
4436	1677
4436	3955
3324	724
3324	947
3312	4536
3312	2436
3312	3876
4509	3574
4509	3114
4348	246
4348	1811
4348	3743
4348	576
2606	2225
2606	3238
2606	408
2606	3500
2606	3597
2606	3109
2606	554
2606	293
2225	3238
3238	3585
3380	3612
1973	2227
488	3278
3915	2489
3915	2454
3915	4162
3915	628
3915	2612
3915	1575
3915	3163
3445	4268
3445	2808
3445	2392
3445	3956
3445	2768
3445	66
3445	1501
3445	1875
1063	2454
1063	15
1517	30
1517	2017
1444	3749
1444	2071
246	3623
246	506
2224	272
2224	274
2224	112
2224	1794
2224	3570
11	2454
11	3329
1731	1596
1731	1638
1731	2109
1731	3138
1731	1298
1731	2417
1731	1484
3731	2434
2821	2454
401	3287
544	1689
544	2726
544	4426
4301	102
3582	106
3582	3314
3957	180
3957	530
2685	2972
2685	1952
2685	3628
2685	677
2685	856
2001	2293
2001	4263
3919	3585
3919	644
3919	2316
3919	102
3919	1259
3919	2402
3919	3287
3585	2748
3585	4525
3585	3921
3585	3145
3585	2316
3585	102
3585	1259
3585	2402
3585	739
3585	3314
3585	610
3585	502
3585	1432
3585	3218
3585	108
3585	4018
3585	2601
4052	2007
4355	1309
4355	3876
4355	4236
1283	2169
1283	3808
4074	841
12	3743
318	1477
2093	3087
644	2316
644	102
644	502
644	3792
644	823
644	3087
644	1281
539	1118
1891	752
1891	2106
4471	2906
4471	4543
4248	1062
4248	92
4248	1638
4248	93
1062	92
1062	1638
1062	1914
1062	4228
1006	2707
2189	2017
2272	3773
1314	4544
1314	2317
1314	1336
1314	3539
1314	470
1314	4066
1314	4386
1314	2660
1314	3508
1314	4134
3405	1711
3405	1084
2171	1570
1302	1569
2748	3997
2662	1845
2662	4422
2662	4172
2662	4011
746	58
804	502
1034	102
1238	576
2293	610
2293	2028
2293	2583
4536	382
4536	787
4536	1234
382	787
382	3465
382	2454
2922	2454
2922	3841
4544	687
4544	4134
24	45
24	4321
4427	2402
4427	1689
682	1477
682	554
324	3907
324	2301
4432	1344
4432	3743
4432	1966
2447	3500
2447	1322
2447	4535
2447	3903
2447	743
2447	2385
2447	2958
2630	3670
2630	3289
2630	3628
2630	2726
3013	4263
80	1084
1868	3907
1868	3597
1868	1307
1868	2046
1868	1378
1868	4114
1868	2612
1868	1382
300	3019
300	4263
300	1477
1585	2454
1193	937
120	841
120	3682
120	964
120	3872
183	3668
3406	2324
3740	2169
3670	4247
3670	3289
3670	3197
3670	2454
3670	3597
3670	1375
3670	1689
3670	1676
3670	2939
3670	2726
3670	4222
3670	990
4032	2436
4032	3876
2367	1974
2367	3409
2367	4268
2367	2092
2367	2066
2367	2392
2367	2618
2367	533
2367	285
2367	927
2367	2553
2367	1998
2367	3529
2367	4434
4287	2034
4287	3094
1089	429
1089	2454
1569	56
1569	1974
1569	3165
1569	3409
1569	3191
1569	4554
1569	690
1569	1117
1569	4373
1569	2949
1569	3091
1569	2066
1569	2618
1569	1715
1569	533
1569	285
1569	777
1569	2553
1569	1998
1364	9
1364	2618
1364	285
1364	2553
2855	3191
2855	992
2855	2376
2855	1117
2855	158
2855	45
2855	285
2855	3977
359	3551
359	3597
359	3818
359	4222
359	2928
359	1672
359	2754
359	565
359	83
1722	3597
1722	677
645	2880
2777	4392
1344	2301
1344	1966
3289	3143
3289	1277
3289	2031
3289	1602
3289	3465
3289	2454
3289	2521
3289	739
3289	274
3289	1241
3289	3328
3289	2794
3289	1162
3289	677
3289	1689
3289	1504
3289	1440
3289	4186
3289	3498
3289	2726
3289	1200
3289	1266
3289	1362
3289	1322
3289	3083
3289	4370
3289	4426
3289	2810
3289	1014
2982	3889
4235	4530
4235	4233
4235	1788
3249	2454
3249	2928
1748	3728
1201	724
2835	1988
2835	3020
2835	2114
2835	2768
2835	285
2835	3879
1430	3409
56	3165
56	2454
1974	3191
1974	1846
1974	69
1974	285
1974	2553
500	1046
3165	2949
3206	39
3206	3191
3206	2066
3206	2392
3206	2618
3206	67
3206	285
3206	2796
974	549
974	901
3825	549
1684	1739
2398	3509
2398	2070
2398	628
2398	3163
2398	1047
2972	3043
2972	3597
2972	1570
2972	2235
2972	2939
2972	2726
2972	4222
2972	762
2972	2520
2972	2798
2972	2514
2972	26
3043	2060
238	2017
238	2110
4155	2687
4155	2454
4155	554
4155	3087
4155	207
1391	3908
1391	554
3592	3290
3592	1607
3592	3385
3592	1520
3592	293
3592	15
3592	735
2337	102
2337	4229
2337	4082
2337	1116
3290	3019
3290	2454
3290	3147
3290	623
3290	2942
3276	1181
3276	2975
191	637
3090	3245
2336	1259
1210	1266
4208	113
3494	1811
3494	1638
3494	1227
3494	2343
3494	2963
3494	110
3494	2975
1913	3287
2108	2454
2108	3020
2108	3046
2154	1674
2154	3019
2154	2687
2154	862
2154	762
2154	3704
2154	4388
2154	3356
3064	323
3064	4530
3064	1266
3064	823
3064	45
1256	1477
2156	1099
1821	1596
1821	2213
1821	1906
1821	3872
3143	1277
3143	252
3143	2094
3143	2238
3143	2939
3143	3147
3143	2726
3143	1199
2668	1082
2668	465
3799	2978
983	4026
983	1673
3414	2066
323	1124
323	1257
323	1182
323	1728
1285	1046
1285	2221
1285	927
1285	2100
4409	4530
4409	3466
34	1282
34	224
34	4186
34	2186
34	4444
34	1688
34	2978
32	1257
29	417
1988	2007
176	1917
417	3551
417	4392
417	3287
417	16
417	1663
417	1264
417	136
417	2580
417	2684
417	3541
3423	457
92	1227
92	1541
92	643
92	1466
92	2020
2129	428
4510	724
302	805
3437	2316
174	3920
2853	2687
708	3193
708	3907
173	2583
173	1906
173	4452
1187	2292
2698	285
3481	3287
3481	3138
3409	4268
3409	3191
3409	2066
3409	1130
3409	2618
3409	2768
3409	533
3409	285
3409	2553
3409	1568
3409	1992
3409	1998
3409	3529
3409	2294
3409	4434
3831	2424
3831	66
3831	2387
408	801
408	677
408	3690
408	990
3543	4186
1674	852
1674	3019
1674	2687
1674	506
852	3019
852	2687
852	4388
3019	2687
3019	4263
3019	1184
3019	1831
3019	4388
3019	1143
3019	1629
3019	2369
1381	1307
1381	823
2687	3017
2687	1870
2687	2316
2687	3357
2687	2439
2687	2702
2687	4065
2687	4388
2687	2399
2687	2660
2687	1143
2687	376
2687	1319
1111	4242
1111	928
1111	4244
1111	1505
1111	2002
1811	407
1811	1505
1811	1966
1811	4092
687	637
687	1264
687	2332
687	3903
687	1568
687	1745
687	2597
1138	1118
1138	4553
4545	1209
4545	102
4197	2316
679	4448
1278	3287
1278	3993
1278	1577
1278	3157
2413	66
929	783
929	4020
929	422
929	1775
929	3453
929	3235
428	3351
428	3287
428	1590
3611	1678
3611	851
1209	1277
1209	4525
1209	2993
1209	3169
2861	3287
2861	3147
1277	3485
1277	4525
1277	2993
1277	2246
1277	2011
1277	4178
1277	2252
1277	1689
1277	1504
1277	2673
1277	2897
1277	40
1277	2997
1277	843
1277	720
1277	197
1277	2647
1277	4388
1277	4058
1277	13
1277	1014
1277	4153
3485	4237
3485	3169
2324	2993
652	554
652	3341
1337	1477
1337	1026
1337	747
2031	3509
2031	668
2031	4307
2031	248
2031	1906
2031	1298
1814	4307
1082	3087
1082	285
1082	3459
4157	2316
1181	48
1181	1512
1181	1602
1181	3589
48	1512
538	4229
1512	668
1512	502
4525	550
4525	16
4525	1019
1782	1046
1782	521
4268	3191
4268	3678
4268	2269
4268	637
4268	295
4268	2066
4268	2392
4268	2618
4268	1501
4268	70
4268	285
4268	2553
4268	1875
4268	1998
4268	2294
4268	2796
4268	3722
4268	4434
2526	1367
3921	2939
1634	4530
3191	1964
3191	2383
3191	1117
3191	2808
3191	4416
3191	4555
3191	554
3191	2392
3191	3360
3191	2768
3191	533
3191	1501
3191	2229
3191	2384
3191	285
3191	927
3191	1875
3191	1992
3191	1998
3191	3722
3021	4062
3021	1207
3021	2454
3021	1257
3021	2441
3021	4046
3021	1170
3021	57
3021	1401
3021	3482
3021	3426
3021	1298
3021	664
3021	2106
4062	1434
4062	2441
4062	1170
4062	3426
4062	664
2993	3006
2993	2089
3245	1739
3245	3583
1739	4386
1739	1575
1118	3827
3017	3907
3017	2864
3017	4229
3017	4340
1486	2454
1486	2229
1486	1875
1486	3541
4351	465
4351	1346
4351	285
1602	1638
1602	268
1602	1859
1602	3876
1602	3935
3389	1799
3389	4520
3389	457
2254	3411
1347	1230
2437	841
1596	4184
1596	170
1596	1375
1596	1162
1596	1145
1596	3482
1596	2097
1596	1200
1596	2688
1596	4462
1596	4426
1596	1723
1596	4338
1596	4474
1596	990
1596	2663
2584	4184
4184	1797
3465	2246
3465	1638
3465	739
3465	274
3465	677
3465	1689
3465	2726
3465	4426
2246	2673
2246	40
2246	1732
2246	843
2246	2940
3509	668
3509	2436
106	224
106	2908
106	4388
732	754
732	1505
3402	102
1756	2454
4308	1282
2763	378
3953	863
3953	2353
2491	3729
2424	4354
3144	2948
3144	4520
827	1845
827	677
827	345
827	2737
827	25
184	2402
184	1740
184	3553
184	4506
184	1751
2946	2454
616	2454
616	1227
3278	3997
3278	370
3278	1264
3278	1284
3278	3610
3278	4160
2877	4078
2877	1227
2877	1541
2877	3623
2877	1652
3795	3360
1207	1195
1207	564
1207	3354
1207	3444
2113	2997
1215	1307
1215	564
4553	4263
4553	422
330	3147
801	1150
801	628
801	299
2295	1362
2295	755
2295	1084
1004	621
3500	376
2948	4229
2948	1130
3898	1339
3898	3314
3898	2555
3898	3287
3898	422
3898	565
3907	2304
3907	4162
3907	1800
3907	2774
3907	4172
3907	4114
3907	2256
3907	947
3907	2169
3907	2370
2864	947
2864	2169
3385	3874
3385	3776
3385	2591
1845	3679
1845	3335
1845	3510
1845	1264
1845	3982
1845	405
1845	2169
1845	888
1845	3752
1479	2049
3464	502
3464	30
3464	3192
3464	4543
3464	279
2576	265
2576	3597
265	1850
265	2361
378	1182
378	4114
378	1024
378	1458
378	1423
465	3147
465	637
824	3657
3859	4129
3859	2689
3859	239
3941	3109
863	862
863	1689
863	875
863	4077
863	1844
863	4011
863	3138
863	1575
863	2963
862	668
862	677
862	3729
862	2109
862	3138
862	4444
862	565
4439	1378
4439	4065
3820	2235
3820	248
1526	2521
1197	1477
1197	1264
3734	3171
1964	592
1964	554
2383	67
2383	285
2216	3287
4026	1307
4026	1541
4026	823
4026	2232
3656	2454
4064	2454
2964	252
2964	4105
2964	422
2034	3094
2034	3287
3094	1050
3094	2070
3094	280
3094	628
3334	564
3334	3593
79	677
79	3893
3197	1282
3197	3893
2457	2305
2457	3354
2457	851
2305	2454
2305	853
1564	440
1564	201
483	555
2489	1259
2489	112
3361	1947
2175	502
657	937
657	1678
657	10
3578	4548
3578	3539
3578	418
3578	2688
3578	4535
3578	1795
4005	2316
3856	2392
2862	1385
4365	282
170	2430
170	2583
170	1906
170	3122
170	4260
4392	3125
272	3570
272	3354
2767	677
1315	1477
3883	1745
3207	750
2665	2183
3469	4472
3469	3287
3469	1550
3469	4503
2454	4414
2454	4320
2454	4548
2454	2206
2454	255
2454	4447
2454	895
2454	4079
2454	1313
2454	2936
2454	3655
2454	69
2454	2801
2454	2611
2454	1075
2454	4011
2454	2477
2454	3935
2454	2256
2454	997
2454	1949
2454	3444
2454	1591
2454	2591
2454	3020
2454	3166
2454	1084
2454	2365
2454	2392
2454	2696
2454	2024
2454	279
2454	4280
2454	1721
2454	210
2454	1673
2454	3117
2454	3047
2454	3393
2454	1801
2454	125
2454	128
2454	146
2454	433
2454	479
2454	709
2454	896
2454	898
2454	1032
2454	1095
2454	1110
2454	1157
2454	1476
2454	1540
2454	1568
2454	1572
2454	1582
2454	1626
2454	1752
2454	1823
2454	1865
2454	490
2454	2103
2454	2128
2454	1745
2454	2369
2454	2412
2454	2451
2454	2475
2454	2586
2454	2621
2454	2732
2454	2746
2454	2770
2454	2870
2454	2882
2454	3012
2454	3092
2454	3100
2454	3113
2454	3302
2454	3386
2454	3438
2454	3577
2454	3580
2454	3605
2454	3629
2454	3715
2454	3789
2454	3808
2454	3881
2454	4009
2454	4152
2454	4200
2454	3331
2454	4495
2454	4503
2454	2106
2454	3680
4306	2555
4306	3287
4306	1550
4306	1298
1434	3287
1434	3997
1257	2555
1257	3287
1257	841
1257	1550
1257	57
1257	823
4513	2470
4513	1678
4513	1328
4513	4403
4513	4161
440	201
440	3644
2011	2863
2011	22
2011	3147
2011	10
2011	2361
2011	15
2011	3381
3678	2768
788	3521
2863	4524
2863	3792
2863	1264
2863	1906
62	162
555	339
1029	3147
4288	724
2076	289
1099	2648
1196	724
1196	3174
3597	677
3597	2754
4524	1407
726	2316
1952	3646
1952	15
1638	3834
1638	2439
1638	1470
1638	4422
1638	2046
1638	643
1638	2169
1638	2912
322	823
322	1970
3518	4444
1846	3287
1846	2392
1846	3360
1846	3473
3679	839
3679	2963
2712	3109
2269	1264
1074	268
1074	418
3738	853
2559	668
2559	1906
2559	3872
1489	980
1375	4426
4256	3087
4256	1647
697	4530
4030	1307
2316	102
2316	1259
2316	2402
2316	4035
2316	3314
2316	2092
2316	502
2316	469
2316	1150
2316	329
2316	1020
2316	1575
2316	4225
2316	2087
2316	2795
102	1259
102	2402
102	464
102	2092
102	502
102	3699
102	1669
102	3449
102	2017
102	2823
102	4066
102	2109
102	3008
102	2906
102	3301
102	4438
102	4244
102	58
102	3955
102	1560
102	3428
102	3924
1259	2402
1259	502
1259	550
1259	913
1259	3008
1259	2906
1259	4087
1259	2658
1259	2772
2402	464
2402	3793
2402	502
2402	866
2402	3742
2402	3449
2402	1057
2402	2017
2402	4114
2402	3832
2402	3982
2402	2906
2402	4149
2402	193
2402	4426
2402	1125
2402	1911
22	15
4466	4271
724	699
724	201
724	2555
724	2936
724	568
724	2089
724	59
724	1200
724	4318
724	3932
724	888
724	276
724	515
724	795
724	1217
724	1411
724	2360
724	2839
724	3386
724	2207
2213	3539
2213	3073
249	1537
1487	1328
1487	1178
2230	1591
2230	3676
1282	3874
1282	4077
1144	464
2521	1689
2521	4426
739	274
739	4367
739	1689
739	3498
739	2726
739	991
739	4222
739	83
274	1504
274	3498
274	823
274	3106
274	2514
3763	2417
3763	1751
3763	2071
3763	4257
2669	3287
2669	1264
4446	3449
3285	2854
937	566
937	947
937	1060
937	2007
937	540
937	559
937	593
937	646
937	1045
937	1104
937	1157
937	1235
937	1335
937	1626
937	1723
937	1875
937	2036
937	2776
1570	1024
1570	1298
3900	2436
1336	2417
1336	1878
4414	1501
9	4386
9	3399
1686	3147
1567	3482
1567	554
1567	338
268	59
268	4422
4463	3908
4463	150
4463	4448
3908	311
3908	150
3908	3676
3908	1690
3908	928
3908	1037
3908	1505
3908	2117
311	3287
311	150
311	1690
4178	3999
4178	3496
4512	210
3651	2609
3651	3563
2503	3728
4242	3575
3575	3704
3575	2169
3575	2990
3606	3076
1808	3854
1808	2545
1808	1799
1808	299
1808	288
1808	376
668	2754
668	1753
918	3635
2444	248
2444	823
2444	1249
4097	2065
4097	1906
4097	3038
4320	2439
4320	1150
4320	370
4320	418
4320	1906
4320	3038
1503	4162
1503	263
4337	3388
4337	3593
2206	3482
4249	4520
4126	1171
4271	196
4271	2672
2500	295
445	543
1008	3635
2609	1676
2609	3372
2609	782
2609	3434
2674	1878
112	2730
112	1051
112	942
112	3136
112	2270
112	818
112	2353
112	83
3635	783
3635	942
3635	3136
2299	522
4223	3287
2706	3706
2690	162
3874	3556
3874	4159
3874	4229
3874	1307
3874	59
313	1886
313	4229
313	4428
313	2689
313	4149
2880	3190
2880	2512
2880	2017
2880	296
2880	4225
2880	2434
2880	4290
3790	818
895	3147
895	4149
2725	2906
4046	3287
4046	3997
4046	841
2258	4352
2258	3893
252	3169
252	3190
252	2512
252	870
252	3025
4263	1621
4263	1184
4263	3046
4263	113
4263	3529
4263	2369
4263	2382
201	2166
201	2963
4162	2470
4162	3997
4162	805
4162	3354
4162	2928
4162	3950
4162	1763
4162	3723
3335	150
3335	1264
3335	4105
4352	825
3589	721
3314	3079
3314	3982
3314	825
4307	550
4307	2939
1793	2046
1793	2612
1793	1458
1793	1423
3151	523
817	527
1917	55
1917	4280
1917	193
1917	1998
3357	554
2092	2978
4378	805
411	162
2901	1853
1046	2203
1046	2079
1046	4280
1046	2704
1046	1875
1046	2184
4367	2726
4367	3666
3553	3287
3553	3354
3553	3861
992	3040
992	4213
3040	3147
2470	811
2470	1328
2470	1492
2470	2166
2470	2942
1678	811
1678	1328
1678	1853
2794	948
2794	2726
2794	4426
3793	502
3793	550
3793	2017
3793	543
3793	2726
3793	1805
3793	4149
3793	4426
3793	3150
3628	1689
3628	2029
1162	4426
677	1689
677	1145
677	2939
677	2726
677	4222
677	2647
677	4426
677	1966
677	565
677	2514
677	83
677	1475
677	1766
677	990
1689	2726
1689	762
1689	1805
1689	4444
1689	4426
1689	2207
2439	1309
2439	554
2439	2908
3634	1801
1504	2726
2430	4166
308	2775
308	1477
1170	3997
1170	2106
14	1150
14	564
14	2436
14	3358
3842	422
4195	3482
811	1266
2555	3287
2555	2545
2555	141
2555	3230
2555	610
2555	2415
2555	3482
2555	3682
2555	2765
2555	331
3287	57
3287	610
3287	2415
3287	1787
3287	568
3287	4002
3287	3482
3287	3916
3287	2939
3287	1591
3287	4083
3287	2114
3287	2486
3287	263
3287	1084
3287	2565
3287	2765
3287	2399
3287	851
3287	982
3287	1852
3287	331
3287	180
3287	276
3287	379
3287	898
3287	1265
3287	1716
3287	1727
3287	2294
3287	2445
3287	2488
3287	2549
3287	2849
3287	3036
3287	3108
3287	3401
3287	3970
3287	3722
3287	3800
3287	3809
3287	3966
3287	3968
3287	4152
3287	4534
2545	841
2545	1550
2545	610
2545	2949
2545	1499
141	3997
3230	3347
3997	3482
3997	2520
3997	3452
3997	4095
3997	796
3997	2385
3997	2549
3997	2713
3997	3861
3997	4534
841	610
841	2415
841	3426
841	3534
1550	610
1550	2415
1550	3482
1550	2765
1550	2927
1550	3560
610	2415
610	2949
610	1499
610	3822
2415	2949
2415	1499
2860	3393
44	4188
2543	1265
3571	3815
3571	515
3571	3540
4315	3342
3201	3818
1859	1266
2440	2256
4554	1506
4554	285
262	564
4527	3696
3696	136
73	2936
73	1266
536	1266
1942	2007
690	1439
690	3360
690	2768
690	533
690	1745
2028	564
2028	1906
2028	4324
1274	2166
1274	3117
2673	866
2673	40
2673	1732
2673	843
2673	3662
2673	998
502	568
502	680
502	997
502	627
502	239
502	1262
502	3562
502	376
502	3235
64	1045
345	990
866	4237
866	40
866	628
306	3087
2112	4186
2112	680
3718	4237
618	4237
618	3147
1940	4237
1213	4237
1213	685
1213	1294
1213	2935
1213	4211
2094	1794
2094	4237
2094	685
2094	2935
1313	3482
1313	2595
2897	2995
1677	4229
1677	1906
1677	110
3807	285
84	457
1761	248
93	3393
4328	248
4328	3147
2260	3147
2260	4024
2260	2335
2260	3975
2260	982
481	1998
2702	1092
3440	3424
142	522
142	3331
3499	3020
3499	1673
3499	1875
892	2936
892	3843
892	568
892	1711
2936	3843
2936	3655
2936	2013
2936	1799
2936	948
2936	876
2936	805
2936	2811
2936	3596
2936	2828
3843	3655
3843	948
3843	1816
3843	2174
3843	3982
3655	568
3655	876
3655	805
2013	805
2013	2180
568	2376
568	948
568	876
568	870
568	2839
568	3366
2651	3742
1799	805
1799	2180
1799	239
1799	2973
1799	888
1799	4209
2376	621
948	3399
876	805
876	1669
876	1573
3742	3178
3742	1875
805	2180
805	2110
805	1753
1800	3530
2032	2058
1442	150
2598	564
78	3147
3569	3743
3569	3827
1401	2612
1401	4112
1401	1458
1401	4304
1794	4237
4237	1057
4237	3646
4237	1352
4237	3515
4237	1795
3760	3147
3760	285
1676	4229
1676	564
1676	1266
1676	1906
1676	4324
1676	4266
4520	3969
4520	2169
4130	4082
469	285
469	2978
1117	3020
1117	2618
1117	3826
1117	285
1117	1875
1117	1165
4158	637
4284	321
4033	565
3208	3574
3208	1575
3574	3792
3574	2192
3574	1575
461	3870
1145	2939
1145	1249
2808	2066
2808	2768
2808	66
2808	2553
2808	1875
2808	1998
2808	4434
3661	291
3661	3131
3792	2192
3792	1432
3792	197
3792	1037
3792	888
1632	291
291	1477
3539	3563
3539	457
3539	2301
3539	2963
3539	3872
3539	3566
2180	299
752	3646
752	853
752	119
1030	1358
4346	2647
4346	2110
2804	2558
2804	2475
3169	4149
3169	4266
1150	564
1150	947
1150	1092
1150	384
1150	3331
3472	3091
442	295
2221	4452
1414	2046
1414	4114
1414	2256
1414	3690
1414	376
1414	1661
3488	3482
3488	2046
3488	4114
3488	1382
2192	3147
69	2768
922	4511
922	825
550	3476
550	543
550	3341
550	279
550	2963
550	795
550	1260
550	2756
3476	1832
2775	30
2775	2017
2775	4543
2775	4483
875	4386
1667	2906
1667	279
3190	2017
3190	4543
3190	3025
1057	2017
1057	2906
1057	279
2512	3676
2512	4543
2512	3025
870	4543
870	3025
30	3192
30	3066
349	750
2017	543
2017	3192
2017	2906
2017	4149
2017	854
543	4066
543	3192
543	4543
543	279
543	718
543	4321
1248	3852
1248	3354
1854	3994
1854	3354
3852	3354
3852	1300
3852	2106
4186	2823
4186	3358
4186	1026
4186	4444
4186	4426
3482	4314
3482	4222
3482	1672
3482	2007
3482	3893
3482	4228
3482	4095
3482	3200
3482	990
3482	2663
16	1505
723	422
723	980
723	453
3646	988
3646	4483
3646	3163
3646	119
40	1732
40	843
40	3662
40	4058
527	3227
1239	748
258	748
3994	4426
1945	2583
1732	843
1732	4058
1732	3442
4078	2097
4078	1906
1227	1906
2939	1328
2939	853
4322	4416
4322	2784
1832	2737
1400	3676
1097	3020
2146	285
2146	1260
248	3388
248	2906
248	1044
248	4166
248	2672
248	3878
248	3418
4229	2110
4229	3046
4229	1850
4229	939
4229	2169
4229	944
4229	25
4229	146
4229	1220
4229	1460
4229	1976
1309	2436
1309	1949
1309	853
1309	3113
721	853
1307	2097
1307	2046
1307	4114
1307	1458
1307	2797
1307	1049
1299	1864
1299	2169
564	2097
564	2070
564	621
564	1362
564	1143
1603	554
587	2519
3657	3147
3657	637
3657	3138
3999	3570
3570	159
3570	565
848	947
848	260
848	4166
848	1143
1541	4114
625	4530
625	3629
196	3075
196	3815
196	2672
3054	1861
2997	823
2997	1084
2997	2840
843	4058
720	2647
4077	733
4077	3583
4077	2611
4077	4011
2161	2906
59	3729
59	3425
59	1230
2436	3876
3876	418
3876	1484
4129	3360
4020	4530
4020	10
4020	1875
4020	2360
370	2145
800	2823
4530	997
4530	1246
4530	2049
4530	4096
4530	125
4530	1409
4530	2058
4530	3235
3563	3993
2145	479
2145	1121
2145	1957
2145	2878
107	3577
107	4534
3147	3549
3147	158
3147	1020
3147	549
3147	4254
3147	2353
3147	3815
3147	4096
3147	152
3147	413
3147	1856
3147	2232
3147	2806
3147	3508
3147	3756
3147	3804
3147	3808
3147	4088
3147	4152
3147	4286
3147	3677
3354	3227
3354	851
3365	2811
3365	1505
3365	3087
3365	1220
1352	2343
4066	1084
4066	4426
2774	4422
2774	4172
2774	2726
2774	1458
4428	4083
3498	2726
3498	1805
3498	4426
523	3313
523	851
523	623
3425	1681
2782	1045
418	2109
418	3109
418	4082
418	1123
1224	2109
2109	1024
3396	2058
150	4028
150	3676
150	1690
150	928
150	1037
150	4244
4422	4172
4422	3583
4422	4426
4422	2554
4172	4171
4172	280
4172	4091
4172	3583
3814	2070
3814	628
2070	280
2070	4091
2070	1477
2070	3583
2070	1618
280	1477
280	2611
280	628
280	4011
4091	2611
4091	628
4091	4011
1477	628
1477	4011
1477	2608
1477	1262
1477	1618
1477	559
1477	658
1477	744
1477	782
1477	910
1477	957
1477	2357
1477	2531
733	4011
2228	4011
3583	4011
2611	4011
3743	576
3743	3444
3743	2120
3743	3815
3743	2672
2726	762
2726	1805
2726	1322
2726	1298
2726	4426
2726	1199
2726	1280
1018	621
1018	991
3433	3081
149	718
3142	2005
2046	1378
2046	1182
2046	4114
2046	1024
2046	2612
2046	4112
2046	1458
2046	101
2046	1266
2046	1382
2046	113
2046	1423
1378	1182
1378	4114
1378	1024
1378	2612
1378	1458
1378	1382
1378	113
1378	1205
1378	1423
1182	2612
1182	1382
1182	1423
537	2058
4114	1024
4114	2612
4114	1092
4114	1382
4114	113
4114	894
4114	1423
1024	2612
1024	1382
1024	1423
1024	1661
628	3676
628	2711
621	991
621	2394
2495	637
2612	4112
2612	1458
2612	1382
2612	1753
2612	1423
4112	1458
4112	554
4112	1382
4112	1423
4112	1723
4112	3728
1458	1382
1458	1753
1458	113
101	3451
101	2451
3189	2604
3451	422
4222	565
3912	1763
4511	83
4511	1530
487	2120
487	3647
3250	1559
3192	2647
3192	4543
3192	279
1518	66
3858	159
869	4134
3935	1499
3935	15
2256	802
802	947
4386	391
4386	1423
457	243
576	3444
576	2120
576	851
816	1264
1200	3138
1200	1298
1200	926
1200	2622
1200	3614
2928	823
2928	113
4416	2066
4416	2618
4416	285
4416	1992
1406	554
1406	2963
2301	554
2301	1966
2301	4063
2301	990
2688	554
3444	2941
1591	2377
1591	3381
1591	3968
637	1020
637	4233
637	2798
637	896
637	927
637	1560
637	1568
637	1606
637	1839
637	2352
637	4109
637	4152
124	1575
124	3970
1287	2020
3408	288
1266	72
1805	4426
1805	498
2608	193
2647	1709
2203	2392
2203	4528
2203	285
2949	1499
2949	519
818	4383
1362	4082
3091	295
3091	2618
3091	2181
3091	4403
3091	285
295	3020
295	1875
3020	1264
3020	2658
3020	4448
3020	45
3020	285
3020	995
3020	2744
823	1249
823	1409
55	1264
2114	3728
1982	369
1982	4318
1982	58
1982	299
2347	2007
2689	239
2689	2044
2689	3453
3046	3066
4028	3676
4028	1037
4028	3515
3109	299
158	1662
4555	2066
4555	2618
4555	70
4555	285
4555	2553
407	1505
2186	1298
3388	299
3388	3562
3388	2973
3950	1294
369	4318
369	58
369	299
1264	2784
1264	1260
1264	1998
755	2173
239	3110
239	3366
239	3453
239	3235
2940	3562
2940	3893
3832	3112
3676	3515
3676	1699
2292	4244
3355	3087
549	3767
549	3235
3138	3418
3138	3235
554	3392
554	3637
3106	3982
1763	3982
3623	506
947	260
947	4166
947	1143
947	384
947	795
947	926
947	2331
947	3071
947	3441
947	3728
2583	3073
1825	1205
1906	2906
1906	4452
1906	1258
1906	2930
1906	2933
1906	3067
1906	4088
1672	565
4148	2978
1328	3341
1328	2534
1328	2166
1328	3893
1328	1709
3008	2906
3008	4543
3008	3025
2906	4543
2906	4149
2906	1839
1924	3360
1924	2734
4452	1330
4452	2770
1084	3562
1084	998
4543	4483
4543	422
4543	3885
2811	4535
2811	1703
2066	2392
2066	2768
2066	66
2066	1501
2066	1875
2066	1992
2066	1998
1520	3113
4149	279
2754	853
969	2534
969	2024
969	3591
2392	2618
2392	285
2392	1080
2392	2553
2392	1875
2392	2796
3341	1178
3341	422
3341	2166
3341	1709
3341	2935
2024	3591
2024	2827
4462	2905
3038	643
3038	506
2007	894
2007	2806
2007	4519
3265	4383
4318	58
4318	299
1262	3235
1092	1143
1092	982
4344	1501
4344	856
1575	3815
3918	2834
1298	3098
3163	4444
3163	119
2834	1505
2834	1966
1690	4244
1690	3515
928	422
2854	166
162	2014
162	1745
915	2618
2618	3360
2618	533
2618	927
2618	1998
2737	718
2737	3966
2765	2446
2765	3966
2417	2071
2798	499
2798	692
1037	4244
4244	3515
3515	2995
3515	3047
3515	3076
4383	2014
1346	1718
4082	2091
4082	853
422	1143
422	2681
422	505
422	534
422	2549
422	3560
422	4468
405	2169
405	4259
108	1355
108	949
4388	825
4388	4444
825	3975
4236	299
962	2849
58	299
58	2169
1258	2930
3360	2768
3360	66
3360	53
3360	285
3360	2553
3360	1992
3360	3459
1505	3419
1505	1681
1505	4088
3209	45
853	2343
853	4096
853	2815
853	4160
3690	4324
2166	3150
3358	1026
3358	4444
3358	3872
3358	4290
1026	4444
1026	2277
1026	2935
1026	3872
1026	4290
210	3677
4467	251
3826	3393
2676	3815
2676	4534
1673	3596
1673	3399
3596	3399
3596	1992
3399	2412
3956	218
3815	3424
3562	2912
3562	990
3562	4266
2434	4347
288	152
288	3658
15	3453
15	3235
2343	3566
2768	70
2768	285
2768	2553
2768	1998
2768	3677
4125	66
751	3443
751	3227
751	76
3893	4321
968	3087
1777	4228
533	285
533	4276
533	927
533	1080
533	2553
533	1992
533	1998
533	4434
3131	3233
4063	1104
3122	3961
1249	83
1249	45
2169	4259
2169	3728
2169	3872
1753	1484
66	67
66	285
66	1137
66	2746
66	3459
4228	771
113	1484
619	1165
3962	1521
3087	936
3087	2539
3087	4292
4441	1143
260	1699
4166	1143
4024	2335
4024	3975
3993	1788
3993	3698
3993	3566
2335	3975
2681	719
1718	3446
1501	67
1501	285
1501	2553
1501	4434
982	3071
2384	285
2384	2553
3955	740
4096	4095
4095	4132
1330	3885
25	990
53	2677
888	376
67	285
76	2904
89	2683
128	519
156	2277
200	1379
218	1769
271	384
285	927
285	1875
285	1992
285	1998
285	1745
285	2796
285	2978
285	3459
312	4519
453	2989
519	1773
521	1875
530	1125
591	664
596	2539
703	3157
795	2106
796	2382
898	1083
927	2553
927	1998
927	2294
951	3307
964	3470
1015	1727
1078	2277
1116	3920
1125	3331
1125	3235
1137	4153
1217	3614
2553	1875
2553	1998
1358	1875
1358	3069
1361	3062
1407	3769
1540	3802
1568	3698
1568	1745
1568	3723
1568	1577
1568	3566
1568	3157
1624	3331
1636	4013
1647	2289
1706	2839
1752	4260
1875	4434
1875	1612
1877	2694
1970	3698
1992	1998
1992	4434
1998	2072
1998	3529
1998	3459
1998	4434
2005	3453
2005	3235
3698	1745
3698	3529
3698	4434
3698	3723
3698	1577
3698	3566
3698	3157
490	2340
2072	3331
2184	4434
1745	3529
3529	1165
2277	1612
2488	2529
2531	2621
2531	2597
2549	3560
2714	2978
2978	3434
3150	4534
3155	4464
3517	3530
3613	4189
3650	4134
3836	4153
4040	3331
4109	4519
990	2663
3453	3235
3796	3294
2316	3294
1307	3294
698	3744
4263	3744
628	348
3163	348
621	2467
1807	1202
3482	1202
2432	3762
1314	3762
554	3762
3614	2894
2436	91
2828	46
2454	2911
4530	2911
2786	1357
2224	1357
655	1357
1599	1357
1344	1357
3249	1357
417	1357
687	1357
429	1357
4392	1357
2028	1357
2939	1357
991	1357
4191	1357
3682	1357
1850	1357
3554	1357
4082	3343
11	3475
3426	3475
332	1594
102	1594
4520	1594
196	1594
2436	1594
3876	1594
4142	1594
1277	1610
2583	1610
2905	1610
2454	864
4237	864
550	864
830	864
110	864
4405	696
3188	696
3665	696
4248	696
899	696
39	696
62	696
4263	696
4195	696
543	696
3646	696
4020	696
2534	696
422	696
26	696
2847	696
4160	696
3993	2968
3898	3299
724	3299
144	760
1971	760
4392	760
332	855
801	855
668	855
14	855
1309	855
564	855
3876	855
1906	855
1092	855
4082	855
3585	3940
543	3940
2361	3940
505	3940
1489	2874
668	2874
3729	2874
980	2874
4074	654
2316	654
102	654
1740	654
502	654
3893	654
4439	203
422	203
3167	203
1284	203
3356	203
394	245
1881	245
1569	245
3409	245
4268	245
1117	245
4416	245
2392	245
2768	245
533	245
285	245
927	245
2553	245
1992	245
1998	245
2978	245
394	4379
2367	4379
1569	4379
2129	4379
3409	4379
469	4379
1117	4379
4416	4379
295	4379
4555	4379
2392	4379
1992	4379
1998	4379
3595	3973
3019	3904
1442	3904
1441	3904
3560	3904
3147	1366
2936	3183
3155	3183
1739	284
780	284
1278	4541
2221	4541
1084	4541
998	4541
2454	436
2402	436
4106	3626
2522	3626
2018	3626
1402	3626
1599	3626
2868	4106
2522	4106
2018	4106
1402	4106
1599	4106
2522	2868
2018	2868
3629	2868
3481	2620
2282	2620
332	2780
2454	2780
4323	332
791	332
4449	332
3754	332
3135	332
2957	332
3494	332
1602	332
170	332
1434	332
3287	332
1800	332
2047	332
1150	332
69	332
1945	332
2046	332
1378	332
1182	332
2612	332
221	332
3196	332
3990	332
2816	332
3650	332
11	4323
4435	2603
4408	2603
1858	2603
2920	2603
224	2603
3482	2603
4422	2603
101	2603
4408	4435
1858	4435
2920	4435
637	4435
2920	4408
3597	4408
4524	4408
2939	4408
3818	4408
3054	4408
4426	4408
4063	4408
2510	4408
2920	1858
174	1858
4225	392
2426	3853
1362	3853
1111	95
2236	3567
2786	3567
814	3567
2447	3567
265	3567
817	3567
2028	3567
4520	3567
870	3567
457	3567
3682	3567
162	3567
3515	3567
2361	3567
43	3567
2765	2086
2454	2426
1035	3173
3324	2788
2513	2105
2433	2105
2433	2513
3335	2513
527	3765
285	3765
2056	663
4537	663
2850	663
3324	663
24	663
668	663
1709	663
263	2278
826	3284
3285	3284
851	3284
535	826
3285	826
1992	1880
4203	989
2226	791
3385	791
4026	791
1952	791
2402	791
1800	791
1024	791
1458	791
4386	791
1795	791
3469	1989
2454	1989
3997	1989
1249	1989
2390	1989
3335	2433
3793	2433
3497	4556
1569	4557
728	4557
285	4557
1080	4557
1758	597
3228	597
1988	597
3191	597
3900	597
2550	597
3539	597
1234	597
2181	597
1086	597
888	597
1016	597
2029	597
2742	597
2848	772
4427	772
2555	772
841	772
2726	772
1805	772
2491	2312
1750	2312
3396	2312
4083	2312
1977	4516
4528	2913
2301	1435
866	4449
1701	4546
1988	4546
3560	4546
3681	1392
1563	1392
2861	1392
2491	1392
724	1392
1299	1392
159	1392
1406	1392
554	1392
2963	1392
3200	1392
2402	3681
4046	3754
3287	3754
4444	635
3799	993
316	993
3259	993
648	3732
4554	4430
1596	189
1307	189
564	189
2436	189
554	189
1092	189
3872	189
1249	4270
2516	920
724	3241
163	3241
897	3694
1843	2505
1881	2505
2367	2505
193	2505
3259	427
2653	3303
1606	3303
2367	3573
4268	3573
3191	3573
1846	3573
1264	3573
554	3573
2066	3573
2618	3573
533	3573
285	3573
2553	3573
1998	3573
4434	3573
2319	2162
841	4025
146	211
2385	211
814	2236
4545	2236
2993	2236
3278	2236
3907	2236
3335	2236
620	2236
3986	2236
376	4405
3100	4405
1638	1303
2398	2082
1277	2082
162	2082
2343	2082
3566	2082
571	3107
947	3107
1277	571
1806	3525
3893	3525
1606	3525
112	1293
3646	1293
564	1293
554	1293
3872	1293
4334	4299
3721	4299
804	4299
1638	4299
102	4299
1824	4299
3453	4299
3235	4299
2443	4334
1971	4334
2171	4334
2777	4334
929	4334
4530	4334
3563	4334
1728	4334
1515	4334
2828	4334
2850	2056
4220	2056
4373	2056
839	2056
66	2056
771	2056
3064	2717
3411	2717
878	2717
2850	2423
3293	2423
3254	2423
3494	2423
1512	2423
3678	2423
3098	2423
2690	4071
3147	4071
2687	1834
549	1834
554	1834
1414	1176
1046	3796
535	2452
947	2452
1016	2452
3235	1327
770	1312
2179	1312
4436	1312
611	1312
2993	1312
720	1312
706	1312
1850	1312
108	1312
3001	770
4436	770
116	770
929	770
3720	770
16	770
197	770
3147	770
1850	770
2926	770
1277	3673
417	2179
3278	2179
3335	2179
2936	2179
2565	2179
2758	2179
3278	144
3553	144
1850	144
350	144
2425	144
3235	144
947	3001
3287	2850
3440	2850
3472	2850
4220	2850
1531	2850
4373	2850
839	2850
3196	2850
2181	2850
2402	2757
1291	3791
888	3791
3087	153
2402	1308
3793	1308
2017	1308
2436	1308
2906	1308
4149	1308
4290	1308
4313	394
2367	394
1430	394
3409	394
4268	394
3191	394
469	394
2808	394
2066	394
533	394
285	394
4276	394
2553	394
1992	394
2796	394
4434	394
1712	883
2424	883
1283	3293
929	3293
4243	3293
1729	3293
2806	1552
2786	2848
814	2848
3524	2848
827	2848
863	2848
862	2848
102	2848
4223	2848
3793	2848
3628	2848
1689	2848
2028	2848
2939	2848
2801	2848
3498	2848
2726	2848
2125	2848
1805	2848
4426	2848
83	2848
117	2848
498	2848
1326	2848
1475	2848
3062	484
3135	1819
2957	1819
1891	1819
3509	1819
2924	1819
3197	1819
2454	1819
2439	1819
1794	1819
3539	1819
2612	1819
221	1819
113	1819
519	1819
3184	1819
3418	1819
2454	409
112	409
3952	4143
4452	4143
1797	4143
1850	4143
3685	4143
2473	4143
2719	4143
2873	4143
3806	4143
3287	3072
1850	3072
180	3072
935	1639
267	2967
4526	2967
313	3229
4428	3229
596	3229
3287	1021
3717	1712
19	1712
513	1712
4465	1712
3792	1712
19	3717
648	3717
513	3717
4465	3717
3792	3717
1037	3717
4526	1349
4452	1349
2398	3135
1621	3135
4229	3135
4530	3135
1864	3135
4324	3135
3281	3188
1561	3188
2454	3188
568	3188
876	3188
2804	3188
118	4019
1564	4019
1046	4019
875	4019
2292	3460
724	4345
252	4345
4352	4345
1309	4345
3192	4345
3008	4345
1172	4345
3324	2428
937	2428
3575	2428
359	2925
2972	2925
34	2925
3465	2925
2246	2925
106	2925
3589	2925
677	2925
3287	2925
2897	2925
4222	2925
2940	2925
173	3618
1150	3618
3930	3618
916	3618
2199	3618
443	4371
2415	4371
550	4371
77	4371
2447	253
2687	253
648	19
513	19
1731	19
4465	19
1676	19
3792	19
418	19
1037	19
4244	19
3515	19
1753	19
1234	3281
1563	2164
2305	2164
1638	2164
805	2164
752	2164
2939	2164
721	2164
554	2164
2754	2164
4082	2164
853	2164
4096	2164
2687	629
1563	2432
805	2432
2939	2432
2754	2432
4082	2432
3147	2875
3157	264
1971	2443
3562	2443
3235	2443
3721	1971
929	1971
1602	1971
3197	1971
1241	1971
1470	1971
370	1971
1362	1971
263	1971
2906	1971
3341	1971
2166	1971
2018	2522
1402	2522
1599	2522
980	2522
1402	2018
1599	2018
3145	2018
1298	2018
376	2018
1599	1402
2454	1402
969	4111
1329	737
622	737
3907	737
1477	737
3676	737
947	737
2169	737
513	648
4465	648
1037	648
4244	648
3515	648
3907	513
4465	513
3792	513
4386	513
1037	513
4244	513
3515	513
1505	513
3407	976
30	976
2171	319
622	1329
3907	1329
947	1329
535	622
2867	622
3907	622
2864	622
2897	622
1677	622
3539	622
1150	622
527	622
802	622
947	622
384	622
900	622
926	622
2331	622
3071	622
1605	622
2171	4429
4176	1563
2489	1563
3335	1563
1800	1563
853	1563
15	1563
3087	1563
3612	1563
990	1563
3453	1563
3235	1563
736	3254
2235	3254
3628	3254
1328	3254
2361	3254
3915	3116
313	3116
628	3116
1575	3116
3163	3116
736	535
644	535
2897	535
1677	535
723	535
2533	535
3583	535
4373	535
2169	535
466	535
486	535
1125	535
1420	535
3789	535
3929	535
3019	2981
4263	2981
1517	3407
3464	3407
2775	3407
3758	3407
30	3407
2017	3407
3192	3407
3008	3407
4483	3407
1277	2879
2246	2879
2673	2879
866	2879
40	2879
1732	2879
843	2879
628	2879
3662	2879
591	2879
1873	2879
3920	4218
2139	885
4228	188
412	188
1197	177
4392	2302
2454	2302
1355	4176
2252	454
4146	3954
3915	3954
2154	3954
1259	3954
1689	3954
4186	3954
3743	3954
4386	3954
1575	3954
1026	3954
1824	3954
639	267
2951	267
4499	267
397	267
755	267
2736	267
66	267
929	3721
2555	3721
4020	3721
3682	3721
3235	3721
724	639
1264	639
1773	2951
3423	4499
2454	4499
788	4499
2555	4499
2257	4499
3972	4499
3287	1580
4237	1580
866	4107
3930	3824
3196	3824
2644	3129
3516	3129
3147	3129
457	3129
2049	3129
2906	3129
660	3129
4160	3129
3405	2644
4524	2644
1477	2644
4195	3665
2534	3665
2224	2786
4439	2786
1794	2786
3147	2786
1388	2786
1701	1586
3527	1586
724	1586
3527	1701
3272	1701
3560	1701
3769	1701
2447	3536
1550	3527
2364	3527
2166	3527
782	3527
3147	1424
2402	165
2963	3783
3087	3783
3585	118
3287	118
3138	118
4452	118
956	118
2385	3810
610	1614
2383	2501
285	2501
3595	1843
3191	1843
724	1843
1264	1843
619	1843
285	1843
1324	700
3595	1881
3445	1881
2367	1881
4268	1881
3191	1881
1846	1881
1518	1881
1264	1881
2565	1881
2066	1881
2618	1881
4280	1881
533	1881
65	1881
70	1881
285	1881
2553	1881
1998	1881
2294	1881
4434	1881
664	1656
570	1561
265	1561
66	2139
1856	2139
570	1925
937	570
3859	814
668	814
4386	814
239	814
1084	814
2746	814
3614	814
2398	2957
3385	2957
2216	2957
2545	2957
3776	2957
1943	2957
3743	2957
2591	2957
1906	2957
1092	2957
968	2957
4040	2957
4088	2957
3743	2407
2447	3772
2072	3772
3637	3772
405	2349
2169	2349
1569	3595
1974	3595
1197	3595
285	3595
313	3998
1800	3998
724	1758
1266	3516
2050	3516
2049	3516
3764	3516
3792	3272
680	3272
3950	4358
1677	4436
3955	4436
724	3324
947	3324
4536	3312
2436	3312
3876	3312
3574	4509
3114	4509
246	4348
1811	4348
3743	4348
576	4348
2225	2606
3238	2606
408	2606
3500	2606
3597	2606
3109	2606
554	2606
293	2606
3238	2225
3585	3238
3612	3380
2227	1973
3278	488
2489	3915
2454	3915
4162	3915
628	3915
2612	3915
1575	3915
3163	3915
4268	3445
2808	3445
2392	3445
3956	3445
2768	3445
66	3445
1501	3445
1875	3445
2454	1063
15	1063
30	1517
2017	1517
3749	1444
2071	1444
3623	246
506	246
272	2224
274	2224
112	2224
1794	2224
3570	2224
2454	11
3329	11
1596	1731
1638	1731
2109	1731
3138	1731
1298	1731
2417	1731
1484	1731
2434	3731
2454	2821
3287	401
1689	544
2726	544
4426	544
102	4301
106	3582
3314	3582
180	3957
530	3957
2972	2685
1952	2685
3628	2685
677	2685
856	2685
2293	2001
4263	2001
3585	3919
644	3919
2316	3919
102	3919
1259	3919
2402	3919
3287	3919
2748	3585
4525	3585
3921	3585
3145	3585
2316	3585
102	3585
1259	3585
2402	3585
739	3585
3314	3585
610	3585
502	3585
1432	3585
3218	3585
108	3585
4018	3585
2601	3585
2007	4052
1309	4355
3876	4355
4236	4355
2169	1283
3808	1283
841	4074
3743	12
1477	318
3087	2093
2316	644
102	644
502	644
3792	644
823	644
3087	644
1281	644
1118	539
752	1891
2106	1891
2906	4471
4543	4471
1062	4248
92	4248
1638	4248
93	4248
92	1062
1638	1062
1914	1062
4228	1062
2707	1006
2017	2189
3773	2272
4544	1314
2317	1314
1336	1314
3539	1314
470	1314
4066	1314
4386	1314
2660	1314
3508	1314
4134	1314
1711	3405
1084	3405
1570	2171
1569	1302
3997	2748
1845	2662
4422	2662
4172	2662
4011	2662
58	746
502	804
102	1034
576	1238
610	2293
2028	2293
2583	2293
382	4536
787	4536
1234	4536
787	382
3465	382
2454	382
2454	2922
3841	2922
687	4544
4134	4544
45	24
4321	24
2402	4427
1689	4427
1477	682
554	682
3907	324
2301	324
1344	4432
3743	4432
1966	4432
3500	2447
1322	2447
4535	2447
3903	2447
743	2447
2385	2447
2958	2447
3670	2630
3289	2630
3628	2630
2726	2630
4263	3013
1084	80
3907	1868
3597	1868
1307	1868
2046	1868
1378	1868
4114	1868
2612	1868
1382	1868
3019	300
4263	300
1477	300
2454	1585
937	1193
841	120
3682	120
964	120
3872	120
3668	183
2324	3406
2169	3740
4247	3670
3289	3670
3197	3670
2454	3670
3597	3670
1375	3670
1689	3670
1676	3670
2939	3670
2726	3670
4222	3670
990	3670
2436	4032
3876	4032
1974	2367
3409	2367
4268	2367
2092	2367
2066	2367
2392	2367
2618	2367
533	2367
285	2367
927	2367
2553	2367
1998	2367
3529	2367
4434	2367
2034	4287
3094	4287
429	1089
2454	1089
56	1569
1974	1569
3165	1569
3409	1569
3191	1569
4554	1569
690	1569
1117	1569
4373	1569
2949	1569
3091	1569
2066	1569
2618	1569
1715	1569
533	1569
285	1569
777	1569
2553	1569
1998	1569
9	1364
2618	1364
285	1364
2553	1364
3191	2855
992	2855
2376	2855
1117	2855
158	2855
45	2855
285	2855
3977	2855
3551	359
3597	359
3818	359
4222	359
2928	359
1672	359
2754	359
565	359
83	359
3597	1722
677	1722
2880	645
4392	2777
2301	1344
1966	1344
3143	3289
1277	3289
2031	3289
1602	3289
3465	3289
2454	3289
2521	3289
739	3289
274	3289
1241	3289
3328	3289
2794	3289
1162	3289
677	3289
1689	3289
1504	3289
1440	3289
4186	3289
3498	3289
2726	3289
1200	3289
1266	3289
1362	3289
1322	3289
3083	3289
4370	3289
4426	3289
2810	3289
1014	3289
3889	2982
4530	4235
4233	4235
1788	4235
2454	3249
2928	3249
3728	1748
724	1201
1988	2835
3020	2835
2114	2835
2768	2835
285	2835
3879	2835
3409	1430
3165	56
2454	56
3191	1974
1846	1974
69	1974
285	1974
2553	1974
1046	500
2949	3165
39	3206
3191	3206
2066	3206
2392	3206
2618	3206
67	3206
285	3206
2796	3206
549	974
901	974
549	3825
1739	1684
3509	2398
2070	2398
628	2398
3163	2398
1047	2398
3043	2972
3597	2972
1570	2972
2235	2972
2939	2972
2726	2972
4222	2972
762	2972
2520	2972
2798	2972
2514	2972
26	2972
2060	3043
2017	238
2110	238
2687	4155
2454	4155
554	4155
3087	4155
207	4155
3908	1391
554	1391
3290	3592
1607	3592
3385	3592
1520	3592
293	3592
15	3592
735	3592
102	2337
4229	2337
4082	2337
1116	2337
3019	3290
2454	3290
3147	3290
623	3290
2942	3290
1181	3276
2975	3276
637	191
3245	3090
1259	2336
1266	1210
113	4208
1811	3494
1638	3494
1227	3494
2343	3494
2963	3494
110	3494
2975	3494
3287	1913
2454	2108
3020	2108
3046	2108
1674	2154
3019	2154
2687	2154
862	2154
762	2154
3704	2154
4388	2154
3356	2154
323	3064
4530	3064
1266	3064
823	3064
45	3064
1477	1256
1099	2156
1596	1821
2213	1821
1906	1821
3872	1821
1277	3143
252	3143
2094	3143
2238	3143
2939	3143
3147	3143
2726	3143
1199	3143
1082	2668
465	2668
2978	3799
4026	983
1673	983
2066	3414
1124	323
1257	323
1182	323
1728	323
1046	1285
2221	1285
927	1285
2100	1285
4530	4409
3466	4409
1282	34
224	34
4186	34
2186	34
4444	34
1688	34
2978	34
1257	32
417	29
2007	1988
1917	176
3551	417
4392	417
3287	417
16	417
1663	417
1264	417
136	417
2580	417
2684	417
3541	417
457	3423
1227	92
1541	92
643	92
1466	92
2020	92
428	2129
724	4510
805	302
2316	3437
3920	174
2687	2853
3193	708
3907	708
2583	173
1906	173
4452	173
2292	1187
285	2698
3287	3481
3138	3481
4268	3409
3191	3409
2066	3409
1130	3409
2618	3409
2768	3409
533	3409
285	3409
2553	3409
1568	3409
1992	3409
1998	3409
3529	3409
2294	3409
4434	3409
2424	3831
66	3831
2387	3831
801	408
677	408
3690	408
990	408
4186	3543
852	1674
3019	1674
2687	1674
506	1674
3019	852
2687	852
4388	852
2687	3019
4263	3019
1184	3019
1831	3019
4388	3019
1143	3019
1629	3019
2369	3019
1307	1381
823	1381
3017	2687
1870	2687
2316	2687
3357	2687
2439	2687
2702	2687
4065	2687
4388	2687
2399	2687
2660	2687
1143	2687
376	2687
1319	2687
4242	1111
928	1111
4244	1111
1505	1111
2002	1111
407	1811
1505	1811
1966	1811
4092	1811
637	687
1264	687
2332	687
3903	687
1568	687
1745	687
2597	687
1118	1138
4553	1138
1209	4545
102	4545
2316	4197
4448	679
3287	1278
3993	1278
1577	1278
3157	1278
66	2413
783	929
4020	929
422	929
1775	929
3453	929
3235	929
3351	428
3287	428
1590	428
1678	3611
851	3611
1277	1209
4525	1209
2993	1209
3169	1209
3287	2861
3147	2861
3485	1277
4525	1277
2993	1277
2246	1277
2011	1277
4178	1277
2252	1277
1689	1277
1504	1277
2673	1277
2897	1277
40	1277
2997	1277
843	1277
720	1277
197	1277
2647	1277
4388	1277
4058	1277
13	1277
1014	1277
4153	1277
4237	3485
3169	3485
2993	2324
554	652
3341	652
1477	1337
1026	1337
747	1337
3509	2031
668	2031
4307	2031
248	2031
1906	2031
1298	2031
4307	1814
3087	1082
285	1082
3459	1082
2316	4157
48	1181
1512	1181
1602	1181
3589	1181
1512	48
4229	538
668	1512
502	1512
550	4525
16	4525
1019	4525
1046	1782
521	1782
3191	4268
3678	4268
2269	4268
637	4268
295	4268
2066	4268
2392	4268
2618	4268
1501	4268
70	4268
285	4268
2553	4268
1875	4268
1998	4268
2294	4268
2796	4268
3722	4268
4434	4268
1367	2526
2939	3921
4530	1634
1964	3191
2383	3191
1117	3191
2808	3191
4416	3191
4555	3191
554	3191
2392	3191
3360	3191
2768	3191
533	3191
1501	3191
2229	3191
2384	3191
285	3191
927	3191
1875	3191
1992	3191
1998	3191
3722	3191
4062	3021
1207	3021
2454	3021
1257	3021
2441	3021
4046	3021
1170	3021
57	3021
1401	3021
3482	3021
3426	3021
1298	3021
664	3021
2106	3021
1434	4062
2441	4062
1170	4062
3426	4062
664	4062
3006	2993
2089	2993
1739	3245
3583	3245
4386	1739
1575	1739
3827	1118
3907	3017
2864	3017
4229	3017
4340	3017
2454	1486
2229	1486
1875	1486
3541	1486
465	4351
1346	4351
285	4351
1638	1602
268	1602
1859	1602
3876	1602
3935	1602
1799	3389
4520	3389
457	3389
3411	2254
1230	1347
841	2437
4184	1596
170	1596
1375	1596
1162	1596
1145	1596
3482	1596
2097	1596
1200	1596
2688	1596
4462	1596
4426	1596
1723	1596
4338	1596
4474	1596
990	1596
2663	1596
4184	2584
1797	4184
2246	3465
1638	3465
739	3465
274	3465
677	3465
1689	3465
2726	3465
4426	3465
2673	2246
40	2246
1732	2246
843	2246
2940	2246
668	3509
2436	3509
224	106
2908	106
4388	106
754	732
1505	732
102	3402
2454	1756
1282	4308
378	2763
863	3953
2353	3953
3729	2491
4354	2424
2948	3144
4520	3144
1845	827
677	827
345	827
2737	827
25	827
2402	184
1740	184
3553	184
4506	184
1751	184
2454	2946
2454	616
1227	616
3997	3278
370	3278
1264	3278
1284	3278
3610	3278
4160	3278
4078	2877
1227	2877
1541	2877
3623	2877
1652	2877
3360	3795
1195	1207
564	1207
3354	1207
3444	1207
2997	2113
1307	1215
564	1215
4263	4553
422	4553
3147	330
1150	801
628	801
299	801
1362	2295
755	2295
1084	2295
621	1004
376	3500
4229	2948
1130	2948
1339	3898
3314	3898
2555	3898
3287	3898
422	3898
565	3898
2304	3907
4162	3907
1800	3907
2774	3907
4172	3907
4114	3907
2256	3907
947	3907
2169	3907
2370	3907
947	2864
2169	2864
3874	3385
3776	3385
2591	3385
3679	1845
3335	1845
3510	1845
1264	1845
3982	1845
405	1845
2169	1845
888	1845
3752	1845
2049	1479
502	3464
30	3464
3192	3464
4543	3464
279	3464
265	2576
3597	2576
1850	265
2361	265
1182	378
4114	378
1024	378
1458	378
1423	378
3147	465
637	465
3657	824
4129	3859
2689	3859
239	3859
3109	3941
862	863
1689	863
875	863
4077	863
1844	863
4011	863
3138	863
1575	863
2963	863
668	862
677	862
3729	862
2109	862
3138	862
4444	862
565	862
1378	4439
4065	4439
2235	3820
248	3820
2521	1526
1477	1197
1264	1197
3171	3734
592	1964
554	1964
67	2383
285	2383
3287	2216
1307	4026
1541	4026
823	4026
2232	4026
2454	3656
2454	4064
252	2964
4105	2964
422	2964
3094	2034
3287	2034
1050	3094
2070	3094
280	3094
628	3094
564	3334
3593	3334
677	79
3893	79
1282	3197
3893	3197
2305	2457
3354	2457
851	2457
2454	2305
853	2305
440	1564
201	1564
555	483
1259	2489
112	2489
1947	3361
502	2175
937	657
1678	657
10	657
4548	3578
3539	3578
418	3578
2688	3578
4535	3578
1795	3578
2316	4005
2392	3856
1385	2862
282	4365
2430	170
2583	170
1906	170
3122	170
4260	170
3125	4392
3570	272
3354	272
677	2767
1477	1315
1745	3883
750	3207
2183	2665
4472	3469
3287	3469
1550	3469
4503	3469
4414	2454
4320	2454
4548	2454
2206	2454
255	2454
4447	2454
895	2454
4079	2454
1313	2454
2936	2454
3655	2454
69	2454
2801	2454
2611	2454
1075	2454
4011	2454
2477	2454
3935	2454
2256	2454
997	2454
1949	2454
3444	2454
1591	2454
2591	2454
3020	2454
3166	2454
1084	2454
2365	2454
2392	2454
2696	2454
2024	2454
279	2454
4280	2454
1721	2454
210	2454
1673	2454
3117	2454
3047	2454
3393	2454
1801	2454
125	2454
128	2454
146	2454
433	2454
479	2454
709	2454
896	2454
898	2454
1032	2454
1095	2454
1110	2454
1157	2454
1476	2454
1540	2454
1568	2454
1572	2454
1582	2454
1626	2454
1752	2454
1823	2454
1865	2454
490	2454
2103	2454
2128	2454
1745	2454
2369	2454
2412	2454
2451	2454
2475	2454
2586	2454
2621	2454
2732	2454
2746	2454
2770	2454
2870	2454
2882	2454
3012	2454
3092	2454
3100	2454
3113	2454
3302	2454
3386	2454
3438	2454
3577	2454
3580	2454
3605	2454
3629	2454
3715	2454
3789	2454
3808	2454
3881	2454
4009	2454
4152	2454
4200	2454
3331	2454
4495	2454
4503	2454
2106	2454
3680	2454
2555	4306
3287	4306
1550	4306
1298	4306
3287	1434
3997	1434
2555	1257
3287	1257
841	1257
1550	1257
57	1257
823	1257
2470	4513
1678	4513
1328	4513
4403	4513
4161	4513
201	440
3644	440
2863	2011
22	2011
3147	2011
10	2011
2361	2011
15	2011
3381	2011
2768	3678
3521	788
4524	2863
3792	2863
1264	2863
1906	2863
162	62
339	555
3147	1029
724	4288
289	2076
2648	1099
724	1196
3174	1196
677	3597
2754	3597
1407	4524
2316	726
3646	1952
15	1952
3834	1638
2439	1638
1470	1638
4422	1638
2046	1638
643	1638
2169	1638
2912	1638
823	322
1970	322
4444	3518
3287	1846
2392	1846
3360	1846
3473	1846
839	3679
2963	3679
3109	2712
1264	2269
268	1074
418	1074
853	3738
668	2559
1906	2559
3872	2559
980	1489
4426	1375
3087	4256
1647	4256
4530	697
1307	4030
102	2316
1259	2316
2402	2316
4035	2316
3314	2316
2092	2316
502	2316
469	2316
1150	2316
329	2316
1020	2316
1575	2316
4225	2316
2087	2316
2795	2316
1259	102
2402	102
464	102
2092	102
502	102
3699	102
1669	102
3449	102
2017	102
2823	102
4066	102
2109	102
3008	102
2906	102
3301	102
4438	102
4244	102
58	102
3955	102
1560	102
3428	102
3924	102
2402	1259
502	1259
550	1259
913	1259
3008	1259
2906	1259
4087	1259
2658	1259
2772	1259
464	2402
3793	2402
502	2402
866	2402
3742	2402
3449	2402
1057	2402
2017	2402
4114	2402
3832	2402
3982	2402
2906	2402
4149	2402
193	2402
4426	2402
1125	2402
1911	2402
15	22
4271	4466
699	724
201	724
2555	724
2936	724
568	724
2089	724
59	724
1200	724
4318	724
3932	724
888	724
276	724
515	724
795	724
1217	724
1411	724
2360	724
2839	724
3386	724
2207	724
3539	2213
3073	2213
1537	249
1328	1487
1178	1487
1591	2230
3676	2230
3874	1282
4077	1282
464	1144
1689	2521
4426	2521
274	739
4367	739
1689	739
3498	739
2726	739
991	739
4222	739
83	739
1504	274
3498	274
823	274
3106	274
2514	274
2417	3763
1751	3763
2071	3763
4257	3763
3287	2669
1264	2669
3449	4446
2854	3285
566	937
947	937
1060	937
2007	937
540	937
559	937
593	937
646	937
1045	937
1104	937
1157	937
1235	937
1335	937
1626	937
1723	937
1875	937
2036	937
2776	937
1024	1570
1298	1570
2436	3900
2417	1336
1878	1336
1501	4414
4386	9
3399	9
3147	1686
3482	1567
554	1567
338	1567
59	268
4422	268
3908	4463
150	4463
4448	4463
311	3908
150	3908
3676	3908
1690	3908
928	3908
1037	3908
1505	3908
2117	3908
3287	311
150	311
1690	311
3999	4178
3496	4178
210	4512
2609	3651
3563	3651
3728	2503
3575	4242
3704	3575
2169	3575
2990	3575
3076	3606
3854	1808
2545	1808
1799	1808
299	1808
288	1808
376	1808
2754	668
1753	668
3635	918
248	2444
823	2444
1249	2444
2065	4097
1906	4097
3038	4097
2439	4320
1150	4320
370	4320
418	4320
1906	4320
3038	4320
4162	1503
263	1503
3388	4337
3593	4337
3482	2206
4520	4249
1171	4126
196	4271
2672	4271
295	2500
543	445
3635	1008
1676	2609
3372	2609
782	2609
3434	2609
1878	2674
2730	112
1051	112
942	112
3136	112
2270	112
818	112
2353	112
83	112
783	3635
942	3635
3136	3635
522	2299
3287	4223
3706	2706
162	2690
3556	3874
4159	3874
4229	3874
1307	3874
59	3874
1886	313
4229	313
4428	313
2689	313
4149	313
3190	2880
2512	2880
2017	2880
296	2880
4225	2880
2434	2880
4290	2880
818	3790
3147	895
4149	895
2906	2725
3287	4046
3997	4046
841	4046
4352	2258
3893	2258
3169	252
3190	252
2512	252
870	252
3025	252
1621	4263
1184	4263
3046	4263
113	4263
3529	4263
2369	4263
2382	4263
2166	201
2963	201
2470	4162
3997	4162
805	4162
3354	4162
2928	4162
3950	4162
1763	4162
3723	4162
150	3335
1264	3335
4105	3335
825	4352
721	3589
3079	3314
3982	3314
825	3314
550	4307
2939	4307
2046	1793
2612	1793
1458	1793
1423	1793
523	3151
527	817
55	1917
4280	1917
193	1917
1998	1917
554	3357
2978	2092
805	4378
162	411
1853	2901
2203	1046
2079	1046
4280	1046
2704	1046
1875	1046
2184	1046
2726	4367
3666	4367
3287	3553
3354	3553
3861	3553
3040	992
4213	992
3147	3040
811	2470
1328	2470
1492	2470
2166	2470
2942	2470
811	1678
1328	1678
1853	1678
948	2794
2726	2794
4426	2794
502	3793
550	3793
2017	3793
543	3793
2726	3793
1805	3793
4149	3793
4426	3793
3150	3793
1689	3628
2029	3628
4426	1162
1689	677
1145	677
2939	677
2726	677
4222	677
2647	677
4426	677
1966	677
565	677
2514	677
83	677
1475	677
1766	677
990	677
2726	1689
762	1689
1805	1689
4444	1689
4426	1689
2207	1689
1309	2439
554	2439
2908	2439
1801	3634
2726	1504
4166	2430
2775	308
1477	308
3997	1170
2106	1170
1150	14
564	14
2436	14
3358	14
422	3842
3482	4195
1266	811
3287	2555
2545	2555
141	2555
3230	2555
610	2555
2415	2555
3482	2555
3682	2555
2765	2555
331	2555
57	3287
610	3287
2415	3287
1787	3287
568	3287
4002	3287
3482	3287
3916	3287
2939	3287
1591	3287
4083	3287
2114	3287
2486	3287
263	3287
1084	3287
2565	3287
2765	3287
2399	3287
851	3287
982	3287
1852	3287
331	3287
180	3287
276	3287
379	3287
898	3287
1265	3287
1716	3287
1727	3287
2294	3287
2445	3287
2488	3287
2549	3287
2849	3287
3036	3287
3108	3287
3401	3287
3970	3287
3722	3287
3800	3287
3809	3287
3966	3287
3968	3287
4152	3287
4534	3287
841	2545
1550	2545
610	2545
2949	2545
1499	2545
3997	141
3347	3230
3482	3997
2520	3997
3452	3997
4095	3997
796	3997
2385	3997
2549	3997
2713	3997
3861	3997
4534	3997
610	841
2415	841
3426	841
3534	841
610	1550
2415	1550
3482	1550
2765	1550
2927	1550
3560	1550
2415	610
2949	610
1499	610
3822	610
2949	2415
1499	2415
3393	2860
4188	44
1265	2543
3815	3571
515	3571
3540	3571
3342	4315
3818	3201
1266	1859
2256	2440
1506	4554
285	4554
564	262
3696	4527
136	3696
2936	73
1266	73
1266	536
2007	1942
1439	690
3360	690
2768	690
533	690
1745	690
564	2028
1906	2028
4324	2028
2166	1274
3117	1274
866	2673
40	2673
1732	2673
843	2673
3662	2673
998	2673
568	502
680	502
997	502
627	502
239	502
1262	502
3562	502
376	502
3235	502
1045	64
990	345
4237	866
40	866
628	866
3087	306
4186	2112
680	2112
4237	3718
4237	618
3147	618
4237	1940
4237	1213
685	1213
1294	1213
2935	1213
4211	1213
1794	2094
4237	2094
685	2094
2935	2094
3482	1313
2595	1313
2995	2897
4229	1677
1906	1677
110	1677
285	3807
457	84
248	1761
3393	93
248	4328
3147	4328
3147	2260
4024	2260
2335	2260
3975	2260
982	2260
1998	481
1092	2702
3424	3440
522	142
3331	142
3020	3499
1673	3499
1875	3499
2936	892
3843	892
568	892
1711	892
3843	2936
3655	2936
2013	2936
1799	2936
948	2936
876	2936
805	2936
2811	2936
3596	2936
2828	2936
3655	3843
948	3843
1816	3843
2174	3843
3982	3843
568	3655
876	3655
805	3655
805	2013
2180	2013
2376	568
948	568
876	568
870	568
2839	568
3366	568
3742	2651
805	1799
2180	1799
239	1799
2973	1799
888	1799
4209	1799
621	2376
3399	948
805	876
1669	876
1573	876
3178	3742
1875	3742
2180	805
2110	805
1753	805
3530	1800
2058	2032
150	1442
564	2598
3147	78
3743	3569
3827	3569
2612	1401
4112	1401
1458	1401
4304	1401
4237	1794
1057	4237
3646	4237
1352	4237
3515	4237
1795	4237
3147	3760
285	3760
4229	1676
564	1676
1266	1676
1906	1676
4324	1676
4266	1676
3969	4520
2169	4520
4082	4130
285	469
2978	469
3020	1117
2618	1117
3826	1117
285	1117
1875	1117
1165	1117
637	4158
321	4284
565	4033
3574	3208
1575	3208
3792	3574
2192	3574
1575	3574
3870	461
2939	1145
1249	1145
2066	2808
2768	2808
66	2808
2553	2808
1875	2808
1998	2808
4434	2808
291	3661
3131	3661
2192	3792
1432	3792
197	3792
1037	3792
888	3792
291	1632
1477	291
3563	3539
457	3539
2301	3539
2963	3539
3872	3539
3566	3539
299	2180
3646	752
853	752
119	752
1358	1030
2647	4346
2110	4346
2558	2804
2475	2804
4149	3169
4266	3169
564	1150
947	1150
1092	1150
384	1150
3331	1150
3091	3472
295	442
4452	2221
2046	1414
4114	1414
2256	1414
3690	1414
376	1414
1661	1414
3482	3488
2046	3488
4114	3488
1382	3488
3147	2192
2768	69
4511	922
825	922
3476	550
543	550
3341	550
279	550
2963	550
795	550
1260	550
2756	550
1832	3476
30	2775
2017	2775
4543	2775
4483	2775
4386	875
2906	1667
279	1667
2017	3190
4543	3190
3025	3190
2017	1057
2906	1057
279	1057
3676	2512
4543	2512
3025	2512
4543	870
3025	870
3192	30
3066	30
750	349
543	2017
3192	2017
2906	2017
4149	2017
854	2017
4066	543
3192	543
4543	543
279	543
718	543
4321	543
3852	1248
3354	1248
3994	1854
3354	1854
3354	3852
1300	3852
2106	3852
2823	4186
3358	4186
1026	4186
4444	4186
4426	4186
4314	3482
4222	3482
1672	3482
2007	3482
3893	3482
4228	3482
4095	3482
3200	3482
990	3482
2663	3482
1505	16
422	723
980	723
453	723
988	3646
4483	3646
3163	3646
119	3646
1732	40
843	40
3662	40
4058	40
3227	527
748	1239
748	258
4426	3994
2583	1945
843	1732
4058	1732
3442	1732
2097	4078
1906	4078
1906	1227
1328	2939
853	2939
4416	4322
2784	4322
2737	1832
3676	1400
3020	1097
285	2146
1260	2146
3388	248
2906	248
1044	248
4166	248
2672	248
3878	248
3418	248
2110	4229
3046	4229
1850	4229
939	4229
2169	4229
944	4229
25	4229
146	4229
1220	4229
1460	4229
1976	4229
2436	1309
1949	1309
853	1309
3113	1309
853	721
2097	1307
2046	1307
4114	1307
1458	1307
2797	1307
1049	1307
1864	1299
2169	1299
2097	564
2070	564
621	564
1362	564
1143	564
554	1603
2519	587
3147	3657
637	3657
3138	3657
3570	3999
159	3570
565	3570
947	848
260	848
4166	848
1143	848
4114	1541
4530	625
3629	625
3075	196
3815	196
2672	196
1861	3054
823	2997
1084	2997
2840	2997
4058	843
2647	720
733	4077
3583	4077
2611	4077
4011	4077
2906	2161
3729	59
3425	59
1230	59
3876	2436
418	3876
1484	3876
3360	4129
4530	4020
10	4020
1875	4020
2360	4020
2145	370
2823	800
997	4530
1246	4530
2049	4530
4096	4530
125	4530
1409	4530
2058	4530
3235	4530
3993	3563
479	2145
1121	2145
1957	2145
2878	2145
3577	107
4534	107
3549	3147
158	3147
1020	3147
549	3147
4254	3147
2353	3147
3815	3147
4096	3147
152	3147
413	3147
1856	3147
2232	3147
2806	3147
3508	3147
3756	3147
3804	3147
3808	3147
4088	3147
4152	3147
4286	3147
3677	3147
3227	3354
851	3354
2811	3365
1505	3365
3087	3365
1220	3365
2343	1352
1084	4066
4426	4066
4422	2774
4172	2774
2726	2774
1458	2774
4083	4428
2726	3498
1805	3498
4426	3498
3313	523
851	523
623	523
1681	3425
1045	2782
2109	418
3109	418
4082	418
1123	418
2109	1224
1024	2109
2058	3396
4028	150
3676	150
1690	150
928	150
1037	150
4244	150
4172	4422
3583	4422
4426	4422
2554	4422
4171	4172
280	4172
4091	4172
3583	4172
2070	3814
628	3814
280	2070
4091	2070
1477	2070
3583	2070
1618	2070
1477	280
2611	280
628	280
4011	280
2611	4091
628	4091
4011	4091
628	1477
4011	1477
2608	1477
1262	1477
1618	1477
559	1477
658	1477
744	1477
782	1477
910	1477
957	1477
2357	1477
2531	1477
4011	733
4011	2228
4011	3583
4011	2611
576	3743
3444	3743
2120	3743
3815	3743
2672	3743
762	2726
1805	2726
1322	2726
1298	2726
4426	2726
1199	2726
1280	2726
621	1018
991	1018
3081	3433
718	149
2005	3142
1378	2046
1182	2046
4114	2046
1024	2046
2612	2046
4112	2046
1458	2046
101	2046
1266	2046
1382	2046
113	2046
1423	2046
1182	1378
4114	1378
1024	1378
2612	1378
1458	1378
1382	1378
113	1378
1205	1378
1423	1378
2612	1182
1382	1182
1423	1182
2058	537
1024	4114
2612	4114
1092	4114
1382	4114
113	4114
894	4114
1423	4114
2612	1024
1382	1024
1423	1024
1661	1024
3676	628
2711	628
991	621
2394	621
637	2495
4112	2612
1458	2612
1382	2612
1753	2612
1423	2612
1458	4112
554	4112
1382	4112
1423	4112
1723	4112
3728	4112
1382	1458
1753	1458
113	1458
3451	101
2451	101
2604	3189
422	3451
565	4222
1763	3912
83	4511
1530	4511
2120	487
3647	487
1559	3250
2647	3192
4543	3192
279	3192
66	1518
159	3858
4134	869
1499	3935
15	3935
802	2256
947	802
391	4386
1423	4386
243	457
3444	576
2120	576
851	576
1264	816
3138	1200
1298	1200
926	1200
2622	1200
3614	1200
823	2928
113	2928
2066	4416
2618	4416
285	4416
1992	4416
554	1406
2963	1406
554	2301
1966	2301
4063	2301
990	2301
554	2688
2941	3444
2377	1591
3381	1591
3968	1591
1020	637
4233	637
2798	637
896	637
927	637
1560	637
1568	637
1606	637
1839	637
2352	637
4109	637
4152	637
1575	124
3970	124
2020	1287
288	3408
72	1266
4426	1805
498	1805
193	2608
1709	2647
2392	2203
4528	2203
285	2203
1499	2949
519	2949
4383	818
4082	1362
295	3091
2618	3091
2181	3091
4403	3091
285	3091
3020	295
1875	295
1264	3020
2658	3020
4448	3020
45	3020
285	3020
995	3020
2744	3020
1249	823
1409	823
1264	55
3728	2114
369	1982
4318	1982
58	1982
299	1982
2007	2347
239	2689
2044	2689
3453	2689
3066	3046
3676	4028
1037	4028
3515	4028
299	3109
1662	158
2066	4555
2618	4555
70	4555
285	4555
2553	4555
1505	407
1298	2186
299	3388
3562	3388
2973	3388
1294	3950
4318	369
58	369
299	369
2784	1264
1260	1264
1998	1264
2173	755
3110	239
3366	239
3453	239
3235	239
3562	2940
3893	2940
3112	3832
3515	3676
1699	3676
4244	2292
3087	3355
3767	549
3235	549
3418	3138
3235	3138
3392	554
3637	554
3982	3106
3982	1763
506	3623
260	947
4166	947
1143	947
384	947
795	947
926	947
2331	947
3071	947
3441	947
3728	947
3073	2583
1205	1825
2906	1906
4452	1906
1258	1906
2930	1906
2933	1906
3067	1906
4088	1906
565	1672
2978	4148
3341	1328
2534	1328
2166	1328
3893	1328
1709	1328
2906	3008
4543	3008
3025	3008
4543	2906
4149	2906
1839	2906
3360	1924
2734	1924
1330	4452
2770	4452
3562	1084
998	1084
4483	4543
422	4543
3885	4543
4535	2811
1703	2811
2392	2066
2768	2066
66	2066
1501	2066
1875	2066
1992	2066
1998	2066
3113	1520
279	4149
853	2754
2534	969
2024	969
3591	969
2618	2392
285	2392
1080	2392
2553	2392
1875	2392
2796	2392
1178	3341
422	3341
2166	3341
1709	3341
2935	3341
3591	2024
2827	2024
2905	4462
643	3038
506	3038
894	2007
2806	2007
4519	2007
4383	3265
58	4318
299	4318
3235	1262
1143	1092
982	1092
1501	4344
856	4344
3815	1575
2834	3918
3098	1298
4444	3163
119	3163
1505	2834
1966	2834
4244	1690
3515	1690
422	928
166	2854
2014	162
1745	162
2618	915
3360	2618
533	2618
927	2618
1998	2618
718	2737
3966	2737
2446	2765
3966	2765
2071	2417
499	2798
692	2798
4244	1037
3515	4244
2995	3515
3047	3515
3076	3515
2014	4383
1718	1346
2091	4082
853	4082
1143	422
2681	422
505	422
534	422
2549	422
3560	422
4468	422
2169	405
4259	405
1355	108
949	108
825	4388
4444	4388
3975	825
299	4236
2849	962
299	58
2169	58
2930	1258
2768	3360
66	3360
53	3360
285	3360
2553	3360
1992	3360
3459	3360
3419	1505
1681	1505
4088	1505
45	3209
2343	853
4096	853
2815	853
4160	853
4324	3690
3150	2166
1026	3358
4444	3358
3872	3358
4290	3358
4444	1026
2277	1026
2935	1026
3872	1026
4290	1026
3677	210
251	4467
3393	3826
3815	2676
4534	2676
3596	1673
3399	1673
3399	3596
1992	3596
2412	3399
218	3956
3424	3815
2912	3562
990	3562
4266	3562
4347	2434
152	288
3658	288
3453	15
3235	15
3566	2343
70	2768
285	2768
2553	2768
1998	2768
3677	2768
66	4125
3443	751
3227	751
76	751
4321	3893
3087	968
4228	1777
285	533
4276	533
927	533
1080	533
2553	533
1992	533
1998	533
4434	533
3233	3131
1104	4063
3961	3122
83	1249
45	1249
4259	2169
3728	2169
3872	2169
1484	1753
67	66
285	66
1137	66
2746	66
3459	66
771	4228
1484	113
1165	619
1521	3962
936	3087
2539	3087
4292	3087
1143	4441
1699	260
1143	4166
2335	4024
3975	4024
1788	3993
3698	3993
3566	3993
3975	2335
719	2681
3446	1718
67	1501
285	1501
2553	1501
4434	1501
3071	982
285	2384
2553	2384
740	3955
4095	4096
4132	4095
3885	1330
990	25
2677	53
376	888
285	67
2904	76
2683	89
519	128
2277	156
1379	200
1769	218
384	271
927	285
1875	285
1992	285
1998	285
1745	285
2796	285
2978	285
3459	285
4519	312
2989	453
1773	519
1875	521
1125	530
664	591
2539	596
3157	703
2106	795
2382	796
1083	898
2553	927
1998	927
2294	927
3307	951
3470	964
1727	1015
2277	1078
3920	1116
3331	1125
3235	1125
4153	1137
3614	1217
1875	2553
1998	2553
1875	1358
3069	1358
3062	1361
3769	1407
3802	1540
3698	1568
1745	1568
3723	1568
1577	1568
3566	1568
3157	1568
3331	1624
4013	1636
2289	1647
2839	1706
4260	1752
4434	1875
1612	1875
2694	1877
3698	1970
1998	1992
4434	1992
2072	1998
3529	1998
3459	1998
4434	1998
3453	2005
3235	2005
1745	3698
3529	3698
4434	3698
3723	3698
1577	3698
3566	3698
3157	3698
2340	490
3331	2072
4434	2184
3529	1745
1165	3529
1612	2277
2529	2488
2621	2531
2597	2531
3560	2549
2978	2714
3434	2978
4534	3150
4464	3155
3530	3517
4189	3613
4134	3650
4153	3836
3331	4040
4519	4109
2663	990
3235	3453
