3294	3796
3294	2316
3294	2755
225	332
225	1819
225	1596
225	1884
225	564
225	2350
3744	698
3744	4263
1372	3646
1372	3826
137	673
137	2017
2813	3039
1510	2454
348	4038
348	628
348	3163
2587	3954
2587	248
2467	1978
2894	4475
2894	3614
91	2410
46	2828
1041	857
1041	3940
1041	2018
1041	648
1041	4348
1041	1811
1041	1351
1041	4404
1041	866
1041	3918
1041	999
1041	928
1041	820
1041	3427
2814	3087
1594	332
1594	4520
1594	196
1594	2626
1594	4142
1655	199
1655	3095
1011	492
1011	2504
1011	1516
3477	654
3477	2848
3477	2957
3477	2864
3477	2643
3477	1074
3477	2583
277	1074
277	3287
864	2454
864	4237
864	550
864	830
1306	2504
857	1312
857	631
857	1811
857	3907
857	1264
857	4475
857	820
696	3188
696	2865
696	3665
696	4248
696	899
696	39
696	214
696	4133
696	810
696	62
696	4263
696	3646
696	1822
696	2523
696	2847
2968	3993
3105	2848
3105	4427
3105	2454
3105	3287
3105	73
415	4379
415	3936
415	417
415	3409
415	4268
415	3191
415	2508
415	1846
415	69
415	2458
415	2066
415	2474
415	4385
415	17
415	285
415	2553
415	1992
415	3186
3940	2361
3940	505
3322	2868
3322	3602
2119	3197
2119	3410
654	2316
654	1740
654	4281
654	502
203	4439
203	1579
203	1284
203	3356
3949	1284
3949	1970
4168	3600
4168	199
245	394
245	1153
245	1569
245	3409
245	4268
245	1117
245	4416
245	2768
245	1691
245	285
245	927
245	2553
245	1992
245	2978
4379	394
4379	1153
4379	2367
4379	1569
4379	1986
4379	2129
4379	3409
4379	469
4379	1117
4379	4416
4379	295
4379	1992
3973	3595
3904	1442
3904	1441
3904	3560
1366	3147
3183	2936
284	780
4504	67
436	2454
436	2402
1098	3023
529	2890
529	784
529	2868
529	2522
529	2018
529	1402
2890	784
2890	2868
2890	2522
2890	2018
2890	1402
2890	3907
784	2868
784	2018
784	1402
2868	2522
2868	2018
2620	1978
2620	3481
2620	199
2620	2282
2780	332
2780	2454
332	4323
332	2023
332	1502
332	2957
332	3494
332	1185
332	1602
332	2149
332	3287
332	2047
332	69
332	1945
332	1378
332	2612
332	1000
332	3196
332	3990
332	1909
332	2816
332	3650
4323	11
2023	2602
2023	4066
2388	3853
2388	2426
2388	2880
2388	967
4435	1858
4435	637
4435	1408
1858	1410
392	2239
392	4225
3853	2426
3853	1362
3567	1978
3567	814
3567	2447
3567	1764
3567	265
3567	1714
3567	817
3567	2028
3567	4520
3567	870
3567	457
3567	3682
3567	2361
3567	43
2086	2765
2426	2454
3173	1035
1035	759
4552	1373
4552	1843
4552	4351
4552	2553
2105	3084
2105	2513
2105	3778
2105	2433
3084	2513
3084	3778
3084	2433
3084	2454
3084	4186
2513	3778
2513	2433
2513	3335
1502	451
1502	1602
1502	2655
3778	2433
3778	1978
3765	527
3765	2474
3765	285
2278	263
2291	535
3284	3226
3284	826
3226	429
3226	2612
826	535
3911	2402
3512	1801
3512	888
1880	1992
989	4203
1532	3886
2433	3335
2433	3793
2433	4475
4556	3497
4557	1569
4557	728
4557	3936
4557	285
4557	1080
597	1978
597	925
597	3228
597	4442
597	3191
597	3900
597	1437
597	2550
597	3539
597	2181
597	1086
597	888
597	613
597	1028
597	2029
2312	2491
2312	3396
2312	834
2312	4083
2541	711
585	3180
4516	1977
940	4263
940	1494
1435	2301
4546	1701
4546	1812
4546	3560
1392	3681
1392	3797
1392	2861
1392	2491
1392	1299
1392	159
1392	1406
1392	554
1392	446
1392	3200
607	2936
607	1406
607	2249
3681	2402
993	316
993	3259
2356	3023
2356	1978
3023	2476
3023	2148
3023	2265
3023	3353
3023	2139
3023	3429
3023	2504
3023	2855
3023	2057
3023	552
3023	2548
3023	2861
3023	3245
3023	1756
3023	311
3023	2095
3023	3377
3023	634
3023	2598
3023	4033
3023	2221
3023	2282
3023	580
3023	1458
3023	2902
3023	1620
3023	4061
3023	1263
3023	1672
3023	1084
3023	4543
3023	3182
3023	4475
3023	3282
3023	2391
3023	2566
3023	75
3023	612
3023	1039
3023	1408
3023	1428
3023	1703
3023	1729
3023	1987
3023	1997
3023	3698
3023	2138
3023	2215
3023	2411
3023	2492
3023	2572
3023	3149
3023	3213
3023	3320
3023	3356
3023	3381
3023	3816
525	2476
986	3214
986	2476
986	4270
986	2516
986	0
3214	2476
3214	2516
3214	0
2476	4270
2476	920
2476	2516
2476	0
2476	3147
2476	941
2476	377
4270	0
920	2516
920	0
2516	0
3694	897
2505	1373
2505	1843
2505	2367
2505	193
3865	1519
3865	3502
3865	4511
3865	2653
3303	3502
3303	2653
3303	2134
2162	1153
211	146
211	2385
2051	199
1303	3887
1303	1792
2082	2398
2082	1277
2082	3269
2082	4475
2082	2343
2082	4360
2082	2626
2082	3566
3107	571
3107	947
3107	4170
571	1277
3525	1806
1293	61
1293	1519
1293	112
1293	3542
1293	3646
1293	564
1293	554
1293	3872
4334	1971
4334	2171
4334	2777
4334	929
4334	4042
4334	4530
4334	3563
4334	2709
4334	1728
4334	1515
4334	567
4334	2182
4334	2828
2717	3212
2717	3064
2717	3411
2717	366
2717	1056
3212	366
3212	1056
4071	3147
921	535
921	1722
921	1272
921	489
1834	2687
1834	549
1834	554
419	2827
3797	512
3797	2410
3797	1154
3796	1046
2452	1717
2452	535
2452	947
2265	3502
2265	3646
2265	2653
2265	3087
1327	865
1312	4436
1312	611
1312	701
1312	720
1312	706
1312	1850
1312	108
1312	2077
2404	3234
2971	535
3673	1277
3673	129
3622	451
3622	1971
3622	3039
3622	799
3622	979
3001	947
2850	1978
2850	631
2850	3287
2850	3472
2850	1415
2850	4220
2850	1531
2850	4373
2850	3002
2850	872
2850	839
2850	3196
2850	2181
2850	1356
2757	2402
2757	2764
574	3611
574	1328
574	4475
574	1139
574	2005
1806	3750
1806	256
153	3087
1308	3134
1308	2402
1308	3793
1308	199
1308	2017
1308	2906
1308	4149
394	2367
394	3936
394	3409
394	4268
394	3191
394	2508
394	438
394	469
394	2066
394	2474
394	17
394	285
394	4276
394	2553
394	1992
394	4434
4533	1978
4533	1845
4533	1264
61	1209
61	1277
61	2089
3771	502
2848	814
2848	863
2848	1955
2848	3633
2848	557
2848	2494
2848	4223
2848	2022
2848	4281
2848	3793
2848	3628
2848	3581
2848	2028
2848	1071
2848	2939
2848	3498
2848	2726
2848	828
2848	2125
2848	2567
2848	4426
2848	498
3983	489
3264	4117
484	3062
492	3407
492	2017
1819	2957
1819	2924
1819	3197
1819	2454
1819	2697
1819	2439
1819	1794
1819	3539
1819	2612
1819	1000
1819	113
1819	519
1819	1909
1819	3184
1819	3418
1819	3979
409	2455
409	4498
409	2454
409	112
409	4475
478	35
478	1099
478	568
478	1982
4143	3952
4143	3960
4143	4452
4143	1797
4143	1850
4143	1494
4143	3187
4143	3685
4143	1842
4143	2719
4143	2873
4143	3806
1639	399
1639	935
1978	2272
1978	746
1978	1396
1978	1585
1978	3711
1978	1192
1978	3245
1978	1118
1978	3033
1978	810
1978	1339
1978	2202
1978	3335
1978	677
1978	2089
1978	4130
1978	4091
1978	1447
1978	476
1978	1518
1978	2256
1978	1020
1978	2332
1978	2899
1978	3826
1978	2229
1978	53
1978	547
1978	632
1978	738
1978	1633
1978	1694
1978	1992
1978	2289
1978	2333
1978	2692
1978	2789
1978	2840
1978	2876
1978	3438
1978	3812
3229	313
3229	4428
3229	596
1021	3287
3709	2957
1348	19
1348	1037
3717	19
3717	648
3717	513
3717	4465
3717	3564
3717	3792
3717	1037
3717	4475
2695	19
2695	2164
2695	838
2695	513
2695	2947
2695	1037
2695	103
1349	4452
1153	3445
1153	2367
1153	114
1153	3936
1153	3467
1153	4268
1153	3191
1153	2222
1153	438
1153	469
1153	2066
1153	2618
1153	2474
1153	4385
1153	285
1153	2553
1153	1992
2083	648
2083	252
2083	13
2083	233
2083	441
3188	1561
3188	2454
3188	568
3188	876
4019	118
4019	1564
4019	1046
2428	1717
2428	3575
1717	4226
2925	2972
2925	34
2925	2246
2925	106
2925	3589
2925	673
2925	532
2925	677
2925	3287
2925	2897
2925	1071
2925	489
2925	4222
2925	2940
253	2447
253	2687
2657	4475
19	838
19	648
19	513
19	1731
19	4465
19	1676
19	3792
19	418
19	840
19	1037
19	1753
2164	2305
2164	2438
2164	805
2164	752
2164	2939
2164	721
2164	554
2164	2754
2164	4082
2164	3292
2164	4096
629	2687
629	558
838	805
838	2939
838	721
838	554
838	2754
838	4082
838	4096
838	4095
451	1971
451	3039
451	1339
451	199
1971	3039
1971	3394
1971	4391
1971	3721
1971	1919
1971	929
1971	1602
1971	3197
1971	1241
1971	1470
1971	1362
1971	263
1971	2906
1971	3341
1971	1930
2522	2018
2522	1402
3980	4281
3980	4475
2018	1402
2018	4498
2018	3145
2018	376
1402	2787
1402	2454
3910	3757
3910	977
3910	1596
3910	106
3910	557
3910	677
3910	2410
3910	3085
3910	2301
3910	3331
3910	3566
648	513
648	2504
648	4465
648	1516
648	1037
821	2407
821	4390
513	631
513	3907
513	4465
513	3792
513	1037
513	820
513	3168
513	3257
513	2328
3039	815
3039	1264
3039	2990
1538	2519
319	2171
319	1131
617	2662
617	726
617	294
617	1670
617	1603
617	720
617	159
1329	2366
1329	3907
1329	947
4429	2171
3254	736
3254	2235
3254	3628
3254	1328
3254	2361
2366	99
2366	204
2366	3696
2366	2612
3116	313
3116	4038
3116	628
3116	1575
3116	3163
3116	4475
535	736
535	644
535	3055
535	99
535	2897
535	2533
535	4373
535	3095
535	466
535	486
535	1125
535	3789
3152	3897
2981	4263
3407	674
3407	3464
3407	2775
3407	1174
3407	30
3407	2017
3407	3192
3407	3008
3407	4483
3407	1708
1519	34
1519	1984
1519	532
1519	220
1519	628
1519	1575
1519	138
1519	3562
1519	2672
2865	4311
1574	2687
1574	1972
1574	4291
1574	293
1574	939
885	2139
188	1986
188	4488
188	4228
177	1986
177	1197
177	129
177	2474
3394	4513
3394	2470
4176	1168
3353	388
3944	1537
3944	3087
3954	4146
3954	3375
3954	4281
3954	4186
3954	220
3954	1575
3954	2276
3954	2572
3954	4145
3954	1824
2896	2402
2896	3354
267	1693
267	4498
267	639
267	4406
267	3985
267	755
267	2736
267	4224
3721	929
3721	3682
4498	4117
4498	3600
4498	2703
4498	2361
4498	1258
4498	1911
639	1264
1580	3287
1580	4237
4406	4248
4406	1062
4406	2337
4406	947
4406	1850
4406	1258
4406	2930
4107	866
4107	1456
4107	138
4107	820
1386	2592
3824	3930
3824	1516
3824	3196
3129	2644
3129	2193
3129	3147
3129	457
3129	2049
3129	2906
3129	660
2644	4524
1701	4487
1701	3527
1701	3272
1701	1469
1701	4044
1701	3560
1701	3769
1701	1356
4487	1529
4487	1930
4487	3381
3536	2447
3527	1550
3527	2364
3527	3095
3527	782
1424	3147
631	2337
631	3714
631	550
631	126
631	1415
631	4220
631	3002
631	872
631	2583
631	2361
631	2660
631	1484
631	3872
631	4376
165	2402
118	3287
118	4452
118	2858
118	956
1373	3191
1373	1264
1373	2066
1373	285
1373	927
1373	2266
1373	3977
2501	2383
2501	285
1843	3595
1843	3191
1843	1264
1843	619
1843	285
700	1324
3251	67
1561	570
1561	265
1561	1579
2139	1856
3103	1380
2636	4229
814	4156
814	3859
814	668
814	239
814	1084
814	474
814	2746
814	3614
2957	2398
2957	3385
2957	4390
2957	2545
2957	3776
2957	1000
2957	2591
2957	1906
2957	2626
2957	968
2957	1003
2957	4040
2957	4088
2407	4390
3772	2447
3772	1516
3772	2255
3595	1569
3595	1986
3595	3936
3595	1974
3595	1197
3595	285
3998	313
3757	3539
3757	150
3757	1516
2538	4226
3272	3792
2449	4543
4436	3955
3102	638
3102	1245
3102	909
3102	1605
887	3488
3312	2038
3312	4536
3312	3719
3312	227
3312	2778
4226	428
4509	3985
4509	3114
2038	410
2038	3719
2038	227
4348	1811
4348	999
2225	3238
3238	840
3238	2659
3380	3612
1973	2227
3445	4268
3445	399
3445	1485
3445	3956
3445	2768
2573	4309
1926	2523
674	30
674	2017
674	4543
3952	3002
3952	4475
3952	441
1136	2041
11	2454
11	199
11	3329
1731	1596
1731	2022
1731	228
1731	2350
1731	2109
1731	2417
1731	1484
3971	2041
3971	3863
711	2504
711	1469
711	1456
711	2696
2498	2229
3731	2434
2821	2454
401	3287
736	4057
736	99
544	3985
544	3581
544	3542
544	2726
544	4426
3582	106
2685	2972
2685	1952
2685	3628
2685	677
410	1862
2001	2293
2001	4263
4052	2007
4052	2328
4355	1309
4355	4236
1898	3985
1898	1503
1898	199
12	1469
3429	929
644	2316
644	502
644	3792
644	823
644	3087
3491	839
3985	3597
3985	2634
3985	99
3985	1131
3985	4367
3985	2022
3985	4222
3985	947
3985	1906
3985	4426
3985	2514
3985	2328
3985	160
539	1118
2504	1201
2504	4133
2504	1197
2504	1242
2504	2454
2504	1141
2504	618
2504	3341
2504	1172
2504	1611
2504	354
2504	646
2504	1147
2504	1157
2504	1235
2504	2873
2504	1612
4248	1062
4248	93
1062	4228
1006	2707
655	1469
2272	3773
2016	1074
2171	99
2171	1131
2171	1570
2662	1845
2662	4172
2662	4011
746	58
1919	894
804	502
2293	2022
2293	610
2293	2028
2293	2583
2752	3628
2752	3581
2752	3542
2752	677
2752	2726
2752	4426
4117	3389
4117	1333
4117	311
4117	2193
4117	3842
4117	1936
4117	782
4117	1393
4117	1583
4117	1652
4117	3057
4117	3805
3456	2115
3456	1024
4427	2402
4427	4281
4427	1356
1455	2484
1455	628
682	554
1469	1272
1469	2355
1469	2612
1469	282
1469	2696
1469	1143
1469	1450
324	3907
324	2301
4432	1344
4432	4103
1119	1344
2447	1341
2447	4181
2447	638
2447	4535
2447	3903
2447	743
2447	2385
2447	2958
2447	4480
3013	4263
3346	489
3346	2120
3346	1763
2969	820
1868	3907
1868	3597
1868	126
1868	1378
1868	4114
1868	2612
1868	558
1868	275
1868	1382
300	4263
300	1516
219	3907
217	2454
1396	3310
1585	2454
183	3668
3406	2324
3670	3128
3670	3197
3670	2454
3670	3597
3670	1375
3670	4281
3670	532
3670	1676
3670	1071
3670	2939
3670	2726
3670	4222
3670	2899
3670	2328
2367	1974
2367	3409
2367	4268
2367	2066
2367	2618
2367	2474
2367	285
2367	927
2367	2553
2367	4434
1768	4275
1768	4287
1768	3486
1768	2034
1768	3094
1768	2585
4275	4287
4275	3486
4275	2034
4275	3094
4275	2585
4287	3486
4287	2034
4287	3094
3486	2034
3486	3094
1089	429
1089	2454
1089	1744
1089	3519
1569	1986
1569	3936
1569	1974
1569	3165
1569	3409
1569	3191
1569	4554
1569	1117
1569	4373
1569	2949
1569	3091
1569	2066
1569	2618
1569	2474
1569	1715
1569	285
1569	777
1569	2553
1364	2618
1364	1578
1364	285
1364	2553
2855	3936
2855	3191
2855	3377
2855	2376
2855	1117
2855	285
2855	3977
2855	4335
1722	3597
1722	677
1722	489
645	2880
645	4007
2777	4392
1344	4103
1344	2301
2057	4475
2057	285
2057	2183
1986	1118
1986	285
1986	2553
114	3409
114	3827
2982	3889
3249	2454
3249	3586
3249	661
1748	1838
1748	3728
3711	637
3398	2454
3398	1516
2835	2114
2835	2768
2835	285
2835	3879
2037	3147
2037	3981
3936	1974
3936	3409
3936	4268
3936	4416
3936	3360
3936	2768
3936	927
3936	1992
3936	198
1974	3191
1974	1846
1974	69
1974	285
1974	2553
3165	2949
3165	3292
4103	2301
4103	898
3412	865
974	549
974	901
3825	549
977	3128
977	557
977	489
977	2726
977	509
977	2374
977	3794
2398	1812
2398	2070
2398	628
2398	3163
2398	4475
2398	1047
2398	1909
2972	4156
2972	3597
2972	1570
2972	2235
2972	4072
2972	1071
2972	2939
2972	2726
2972	4222
2972	762
2972	2798
2972	2514
2972	3186
3948	2454
3948	3874
238	2017
238	2917
238	1169
238	2110
238	3787
4155	2687
4155	2454
4155	554
4155	3087
4155	351
1391	554
552	1516
2337	4229
2337	1000
2337	3775
2337	4082
3290	2359
3290	2454
3290	3147
3290	623
3290	1380
3290	2942
3276	1181
191	637
2548	4011
3090	3245
4208	113
471	3803
3494	1811
3494	3542
3494	2343
1913	3287
1913	4475
1192	417
1192	2007
1192	888
1192	2469
2108	2454
2108	3046
1101	1516
3064	323
3064	4530
3064	1266
3064	823
3064	366
2156	1099
3267	3981
1821	1596
1821	2213
1821	1906
1821	2659
1821	4214
1821	3872
3600	1278
3600	1207
3600	4156
3600	726
3600	2170
3600	793
3600	2653
3600	1443
3600	958
3143	1277
3143	252
3143	3542
3143	2238
3143	2939
3143	3147
3143	2726
3143	1199
2668	1082
2787	551
3922	4475
983	4026
3414	2066
323	1257
323	1728
1285	1046
1285	2221
1285	927
1285	2100
35	568
34	1194
34	1282
34	224
34	532
34	4186
34	1071
34	2186
34	2978
32	1257
417	4392
417	1838
417	3287
417	161
417	16
417	1264
417	3538
417	2198
417	2580
417	2684
417	3541
3423	457
2129	428
2098	3095
1764	1812
1764	2942
4057	194
4057	1277
4057	1479
4057	2089
4057	706
3437	2316
173	2583
173	1906
173	4452
1187	2292
2698	285
2698	198
3481	3287
3409	4268
3409	3191
3409	2508
3409	2506
3409	2066
3409	1130
3409	2618
3409	2474
3409	4385
3409	2768
3409	285
3409	2553
3409	1568
3409	1992
3409	2764
3409	4434
3831	2424
3831	2764
1341	2434
2197	2304
408	3128
408	3203
408	677
408	3690
408	2019
3543	4186
3543	4475
1185	2687
1185	1286
1185	564
1185	3912
1185	3341
1185	4082
1674	2687
1674	506
2687	959
2687	3128
2687	2316
2687	1286
2687	3268
2687	340
2687	3357
2687	2439
2687	104
2687	558
2687	2399
2687	2660
2687	1443
2687	1143
2687	3
2687	376
1811	4404
1811	407
1811	820
1811	4092
1138	1118
1138	4553
1138	2333
4197	2316
1278	2193
1278	3287
1278	2410
1278	3993
1278	1356
1278	1577
1278	2678
2413	1578
929	1775
929	3453
428	959
428	3287
428	659
3611	1670
3611	2953
3221	1670
3221	2953
3221	2942
2153	2880
194	1209
194	1277
194	161
1209	1277
2861	3287
2861	3147
1112	4475
1277	2246
1277	2011
1277	4178
1277	2252
1277	2673
1277	2897
1277	40
1277	2997
1277	720
1277	197
1277	4164
1277	2647
1277	4058
1277	13
1277	236
1277	4153
1277	4489
1255	3287
1255	922
652	99
652	554
652	3341
652	4475
2031	668
2031	4307
2031	248
2031	1906
1814	4307
1082	3087
1082	285
1082	3459
4157	2316
4157	1286
3467	2764
1181	1602
1181	3523
1181	3589
1181	4240
3851	4229
3851	202
1782	1046
1782	521
4268	3191
4268	3678
4268	2508
4268	2269
4268	2222
4268	637
4268	295
4268	2066
4268	2618
4268	2474
4268	285
4268	2553
4268	1370
4268	3722
4268	3813
4268	4434
3921	2939
254	199
1634	4530
3191	1964
3191	2383
3191	399
3191	1117
3191	4416
3191	554
3191	3360
3191	2768
3191	2229
3191	2384
3191	285
3191	927
3191	1992
3191	2764
3191	3722
3021	4062
3021	1207
3021	2454
3021	1257
3021	2655
3021	2441
3021	2251
3021	3482
3021	3426
3021	2106
4062	2441
4062	3426
1118	3827
1118	1497
1486	2454
1486	2229
1486	3541
4351	1346
4351	285
1602	268
1602	1859
1602	1245
1602	2567
3389	4520
3389	457
1347	2649
1347	1230
2437	1516
2992	4390
2992	426
1596	4184
1596	1375
1596	2703
1596	2484
1596	1162
1596	1145
1596	3482
1596	1200
1596	2688
1596	4462
1596	3775
1596	4426
1596	1723
1596	4338
1596	4474
2584	4184
4184	1797
2246	532
2246	4150
2246	2673
2246	40
2246	3511
2246	489
2246	2940
2246	426
2937	4186
2937	220
2517	3887
106	224
106	3242
106	2908
732	754
4404	3918
4404	809
1756	2454
4308	1282
2763	378
2424	4354
3144	2948
3144	4520
3144	3269
3877	4414
516	610
516	506
2946	2454
3278	1264
3278	1284
3278	3610
2877	3375
2877	4078
2877	1541
2877	1652
3795	2593
3795	3360
815	199
815	473
1207	564
1207	3354
1207	3444
1207	2198
2113	2997
1215	564
1215	2350
4553	4263
2295	2193
2295	1362
2295	755
2295	1084
2948	2593
2948	4229
2948	1130
2948	3568
4120	554
3907	3523
3907	2304
3907	4529
3907	4240
3907	2774
3907	4172
3907	4114
3907	2256
3907	947
3907	2778
3907	2328
3274	4156
2864	3523
2864	947
3385	4390
3385	3874
3385	27
3385	3776
3385	1245
3385	2591
4151	555
4151	3002
4151	1264
1845	3335
1845	3510
1845	1264
1845	888
1845	1822
1845	3752
1845	4496
1479	2049
3464	502
3464	30
3464	3192
3464	4543
3464	279
4156	2402
4156	3192
4156	239
265	638
265	199
265	1850
265	2361
265	1237
378	4114
378	1024
378	1000
378	1458
3939	3287
3939	3482
3939	126
1100	2454
824	3657
4390	2591
4390	947
4390	2765
4390	2417
4390	2219
3859	2689
3859	239
3859	474
3941	3109
863	1600
863	2703
863	4077
863	4011
863	1516
863	1575
4439	1378
3820	2235
3820	2703
3820	248
4133	4263
4133	3180
4133	967
4133	3682
1197	1264
1331	3256
1331	2384
3734	3171
1964	592
1964	554
959	3738
959	3880
959	2350
959	3063
959	3956
2383	67
2383	285
2643	1336
2643	568
3620	3564
3523	4026
3523	1906
4026	1541
4026	1000
4026	823
4026	2232
2924	3803
1333	3147
1333	4475
3656	2454
4064	2454
2964	252
2964	4105
2034	3094
2034	2585
2034	3287
3094	1050
3094	4038
3094	2070
3094	280
3094	628
3334	564
3334	3593
2397	4530
3128	1282
3128	3628
3128	677
3128	199
3128	820
3197	1282
3197	228
2457	2305
2457	3354
2305	2454
1564	440
1564	201
483	555
483	3714
2489	3134
2489	1286
2489	112
2489	3511
3361	1947
3887	4367
3887	3482
3887	3858
3887	159
3887	3119
3887	3492
3578	3539
3578	418
3578	2688
3578	4535
3578	1795
2862	1385
3633	3581
3633	4426
3633	498
749	777
3867	1488
3867	3354
2767	677
1180	4459
4316	411
3207	750
609	2070
2665	2183
4532	3999
3667	2402
3667	252
3667	2626
3667	3566
3469	3287
3469	1550
3469	1842
3469	4503
2454	1194
2454	4414
2454	2819
2454	2605
2454	255
2454	4447
2454	3463
2454	895
2454	673
2454	4079
2454	2936
2454	3655
2454	4016
2454	69
2454	1363
2454	2611
2454	575
2454	4011
2454	828
2454	2256
2454	1949
2454	3444
2454	2591
2454	1179
2454	60
2454	3519
2454	558
2454	3931
2454	1084
2454	2696
2454	2024
2454	279
2454	4280
2454	820
2454	3168
2454	1721
2454	1216
2454	3862
2454	3095
2454	1930
2454	3047
2454	3187
2454	3393
2454	54
2454	1801
2454	125
2454	128
2454	146
2454	298
2454	377
2454	433
2454	446
2454	479
2454	553
2454	709
2454	896
2454	898
2454	1058
2454	1095
2454	1110
2454	1157
2454	1476
2454	1540
2454	1568
2454	1572
2454	1626
2454	1752
2454	1823
2454	1842
2454	1990
2454	490
2454	2369
2454	2412
2454	2451
2454	2621
2454	2699
2454	2732
2454	2746
2454	2770
2454	3012
2454	3092
2454	3113
2454	3302
2454	3386
2454	3438
2454	3458
2454	3577
2454	3715
2454	3789
2454	3808
2454	4009
2454	4145
2454	4152
2454	3331
2454	4251
2454	4480
2454	4503
2454	2106
2454	198
1600	2703
4306	3287
4306	1550
4306	1076
1257	810
1257	27
1257	3287
1257	1550
1257	1245
1257	823
1257	558
1257	275
1257	2567
4513	2470
4513	1328
4513	4403
4513	4161
440	201
440	1450
3300	2880
3300	1264
3300	1653
2011	1798
2011	4121
2011	3147
2011	3146
2011	2361
2011	15
2011	3381
1551	3134
1551	2402
1551	502
1551	1264
3678	2768
2149	810
2149	1339
2149	3426
810	1339
810	4263
810	3287
810	3482
810	1084
788	3521
62	4281
2628	2803
555	339
548	2187
1099	2648
1194	4441
1194	1774
3597	677
3597	489
3597	1608
3597	2754
3597	2276
3597	1649
4524	1407
726	2316
726	199
726	4454
1952	3646
1952	15
2585	1592
2508	1846
2508	2066
2508	4448
2508	285
2508	2553
2508	2632
2508	3473
1846	3287
1846	3360
1846	3473
2712	3109
2269	1264
1074	268
1074	418
1272	3818
1272	2276
3738	2484
557	3511
557	1001
557	4426
2559	668
2559	1000
2559	1906
2559	3872
2438	1003
4069	99
1375	3542
1375	4426
2655	2251
2655	2611
4256	3087
697	3134
697	4530
1714	243
1714	1652
1714	2136
1498	224
1498	2022
1498	4426
1984	2755
2316	3134
2316	1286
2316	2402
2316	4035
2316	502
2316	469
2316	329
2316	1020
2316	3519
2316	1575
2316	4225
2316	3217
2316	1188
2316	2795
2316	3707
3134	1286
3134	2402
3134	502
3134	2843
3134	3449
3134	2017
3134	494
3134	243
3134	3011
1286	2402
1286	502
1286	4072
1286	3449
1286	199
1286	2836
1286	3008
1286	2906
1286	2658
1286	468
2402	464
2402	3793
2402	502
2402	866
2402	3742
2402	3449
2402	199
2402	2017
2402	4114
2402	3832
2402	2906
2402	4149
2402	193
2402	4426
2402	1125
2402	1509
2402	1911
2402	2237
2402	3535
3502	2434
3502	2653
3502	1405
3502	4347
2213	3539
2213	3073
2213	1154
249	1537
3268	1721
2243	1253
2243	3676
2230	3676
1282	2187
1282	3874
1282	4077
739	274
739	4367
739	3581
739	532
739	3542
739	3498
739	2726
739	4222
739	3247
739	1833
274	4281
274	3542
274	1071
274	3498
274	823
274	2514
1838	2066
1838	2618
1838	3813
1838	4434
399	2618
399	285
399	2553
399	3459
148	3719
2915	1902
2915	2109
2915	1938
2915	2856
1902	2109
3763	2417
3763	1751
3763	2330
3763	198
562	2049
562	2930
2669	849
2669	3287
2669	1264
4446	3449
4446	1380
99	1131
1570	4281
1570	1024
1570	3410
1570	659
3900	2136
578	199
1336	2417
1336	1878
1567	3482
1567	554
1567	338
268	2193
268	275
4463	150
4463	4448
311	3287
311	1173
311	150
311	1516
311	1690
311	4475
4303	809
4178	2022
4178	3999
4178	3496
3651	3563
3708	252
3708	2527
4242	3575
3575	2990
3606	3076
2494	677
2494	3352
668	2754
668	1753
668	1909
918	3714
918	3635
2649	554
1895	825
224	275
807	3147
4097	161
4097	1906
4097	2762
4097	3038
1503	27
1503	263
2819	1740
2819	228
2819	4114
2819	3401
4337	3388
4337	3593
2170	3593
2751	2632
1488	4088
4377	2902
4177	1855
4177	3452
4249	4520
4249	3240
4249	3318
2135	541
4126	1171
4271	196
4271	2672
4056	2484
4056	3410
4135	4474
2187	2178
2500	295
2273	4475
3714	112
3714	3689
3714	3390
3714	1051
3714	255
3714	3136
3714	4072
3714	1415
3714	872
2674	1878
3037	2251
112	2730
112	1051
112	3136
112	2270
112	818
112	3175
3635	3136
3635	3175
3390	2251
3390	4475
2299	522
2270	2251
4223	3287
4223	1754
3720	2762
849	3781
4289	4206
3874	512
3874	3556
3874	4159
3874	4229
512	228
1323	638
638	1442
638	1309
638	1549
313	1886
313	4229
313	4428
313	2689
313	4149
2193	3522
2193	3564
2193	2843
2193	248
2193	4543
2193	279
2193	4225
2193	3621
2880	1174
2880	3190
2880	2017
2880	4225
2880	2434
2945	4227
3463	2583
895	3147
895	4149
4285	4475
2725	2906
3420	4175
3420	3076
551	610
551	1284
551	3095
1628	2592
1628	3677
2641	4318
252	3190
252	870
252	3025
4263	1184
4263	1000
4263	1076
4263	3046
4263	113
4263	2369
4263	2382
201	1450
3785	489
3256	3146
3256	218
27	3354
27	263
3335	150
3335	1264
3335	4105
3242	3511
3242	825
3589	673
3589	721
4307	550
4307	2939
4307	489
4307	2276
4307	573
2703	3151
2703	817
2703	3354
2703	2417
2703	888
2703	3861
2703	4324
3151	3146
3151	4475
817	527
3522	3852
3522	4145
1917	55
1917	4280
1917	193
3357	554
4378	805
4378	2567
4042	1084
673	532
673	4149
673	426
673	2514
673	3110
1046	2079
1046	4280
1046	2704
1046	2184
4367	3542
4367	2726
4367	3666
2022	3542
2022	3063
2022	796
2470	811
2470	4121
2470	3687
2470	1328
2470	2856
2470	2942
2794	2726
2794	4426
2794	1671
4281	3581
4281	3542
4281	2726
4281	4426
3793	502
3793	550
3793	2017
3793	2726
3793	4149
3793	4426
3628	1071
3628	2029
634	489
3581	2774
3581	3498
3581	2726
3581	4222
3581	4426
1162	4426
532	3542
532	4150
532	1735
532	489
532	3818
532	2940
532	2754
532	4426
532	2276
3542	677
3542	1071
3542	4066
3542	2726
3542	762
3542	2940
3542	4426
3542	2514
3542	4219
4150	677
4150	489
4150	4511
677	1145
677	1071
677	2939
677	489
677	2726
677	4222
677	2647
677	4426
677	2514
677	1726
2439	1309
2439	554
2439	2908
2439	2980
294	888
3321	196
3634	1801
2251	3287
2251	1550
2251	2268
2251	3482
2251	816
2251	1001
2251	3175
1735	2647
811	1266
3287	2727
3287	2268
3287	610
3287	2415
3287	1787
3287	568
3287	1069
3287	4187
3287	3482
3287	2939
3287	580
3287	4083
3287	4164
3287	1620
3287	2114
3287	2486
3287	263
3287	1084
3287	1549
3287	3648
3287	2765
3287	1001
3287	2399
3287	982
3287	2858
3287	1852
3287	180
3287	276
3287	898
3287	1716
3287	2099
3287	2445
3287	2488
3287	2492
3287	2549
3287	2572
3287	3022
3287	3036
3287	3108
3287	3130
3287	3401
3287	3970
3287	3722
3287	3800
3287	3809
3287	3966
3287	3968
3287	4000
3287	4015
3287	4108
3287	4152
3287	4534
2545	1491
2545	1550
2545	610
2545	2949
2727	1550
2727	610
2727	2949
1491	1253
1491	1550
1491	610
1491	3482
1491	2949
1491	1912
1253	2268
1253	1414
141	2268
3230	3347
1550	610
1550	2415
1550	3482
1550	2765
1550	2927
1550	3560
2268	2927
2268	1380
2268	2549
610	2415
610	2949
610	1909
610	3822
2415	2949
2041	2593
2860	4003
2860	1578
2860	3393
2860	2650
3571	3631
3571	3519
3571	3427
3571	3540
1452	1465
2602	4475
4315	3342
3201	3818
1465	590
1465	2066
1465	285
1859	1266
4554	285
262	564
204	3696
73	2936
73	1266
536	1266
2222	3171
2222	161
2222	2949
2222	1439
2222	3360
2222	3358
3171	4475
2028	564
2028	1906
2028	4324
1670	2953
1670	2942
4121	2598
4121	2990
1168	2314
1493	2525
2673	866
2673	40
2673	3662
2673	998
2673	4489
502	568
502	627
502	239
502	3562
502	376
1340	3186
64	336
3510	4475
438	3002
438	1833
866	4237
866	40
866	1456
866	628
306	1516
306	3087
2112	4186
2112	220
2112	3895
3718	4237
618	4237
618	3147
618	809
1940	4237
1687	1860
2897	1849
2897	2995
3807	285
1761	248
93	3393
2907	3422
2907	527
2907	823
2907	4003
2907	3104
2907	3
2907	3393
3422	3104
3422	3
2260	3147
2260	4024
2260	2335
2260	982
142	522
142	3331
4044	2930
104	3002
104	1992
892	2936
892	3843
892	568
892	47
892	1711
2936	3843
2936	3655
2936	2013
2936	876
2936	805
2936	2811
2936	3596
2936	2828
3843	3655
3843	47
3843	2635
3655	568
3655	876
3655	805
2013	805
2013	2180
568	47
568	2376
568	876
568	870
568	1219
568	1802
568	3366
47	1711
4296	4520
876	805
876	1669
876	1573
805	2180
805	2110
805	1753
2032	2058
4016	3602
1442	150
2598	564
2535	1084
78	3147
1794	4237
4237	3646
4237	1352
4237	1795
3760	3147
3760	285
1676	1069
1676	3880
1676	4229
1676	564
1676	1266
1676	1906
1676	4324
4520	161
4520	3969
4520	2136
123	60
123	1516
161	4530
161	1264
161	1439
161	3360
1069	2626
1069	2220
1069	3156
4130	4082
4130	2333
4240	2647
4240	2632
4240	4317
1163	199
469	285
469	2764
469	2978
1117	2618
1117	2474
1117	3826
1117	285
1117	2764
1117	1165
4158	637
590	193
4033	2276
228	2416
228	4086
228	3719
228	227
228	4011
228	1199
461	3631
461	3870
1145	2939
3661	291
3661	3131
3792	2192
3792	1432
3792	197
3792	1037
3792	659
3792	2328
3792	888
31	291
31	2472
1632	291
3539	3563
3539	1000
3539	457
3539	2301
3539	3872
3539	3566
1944	661
661	4187
661	1173
661	1414
661	3488
661	1812
661	840
661	2391
661	15
661	4214
661	3453
752	3646
752	119
752	1909
1030	1358
2047	4454
3472	3091
442	295
4187	1173
4187	3488
4187	3482
4187	1812
4187	3365
1173	2221
1173	1414
1173	3488
1173	1812
1173	1378
1173	2115
1173	4114
1173	1024
1173	2612
1173	1000
1173	1458
1173	1909
1173	2941
2221	4452
2221	3095
1414	4114
1414	2256
1414	3690
1414	2328
1414	376
1414	1661
3488	3482
3488	4114
3488	1382
2192	3147
69	473
69	2768
922	4511
922	825
550	2836
550	3341
550	279
550	3775
550	659
550	795
2775	30
2775	2017
2775	4543
2775	4483
2775	1708
1174	820
3190	2017
3190	4543
3190	3025
870	4543
870	3025
30	3192
199	2017
199	793
199	2284
199	2906
199	4543
199	279
199	968
199	2659
199	567
2017	3192
2017	2906
2017	4149
2017	854
2017	1627
678	3164
2638	1248
2638	1854
1248	3852
1248	3354
1854	3994
1854	3354
3852	3354
3852	1300
3852	2106
4186	2823
4186	220
4186	4475
4186	3358
4186	4426
2283	4475
3482	4314
3482	1000
3482	4222
3482	1672
3482	2762
3482	2007
3482	4228
3482	4095
3482	51
3482	3200
16	840
3352	1945
3646	988
3646	4483
3646	3163
3646	119
3646	4496
3646	909
3089	1849
3089	755
40	3662
40	4058
40	4489
527	820
527	3227
126	3687
126	753
126	564
126	3990
126	748
126	1773
258	748
3994	4426
3994	2276
1945	2410
1945	2583
4078	1906
3511	2186
3511	2906
3511	4225
2755	3247
2755	1795
2755	1911
1071	2726
1071	4426
4175	3022
2939	1328
2939	4363
489	1142
489	4511
489	2940
489	2754
489	2276
489	3110
489	1707
489	3794
4322	4416
4322	2784
1832	2737
1832	3330
1832	4294
1400	3676
2146	285
2146	2764
600	912
3269	2798
3269	3775
248	472
248	3388
248	2906
248	4166
248	2672
248	3418
494	2817
4229	2110
4229	3046
4229	1850
4229	939
4229	953
4229	25
4229	146
4229	1220
4229	1460
4229	1909
4229	3584
1309	3719
1309	227
1309	1000
1309	1949
1309	3113
2410	1362
2410	2567
2410	659
2410	945
2410	3418
1299	1864
3687	1000
3687	1328
3687	3341
3687	499
3687	659
3687	1143
3687	2328
1245	3181
1245	753
1245	4038
1245	1000
1245	3424
1245	567
1245	1795
1245	4389
3181	564
3181	2350
753	1909
564	2070
564	1000
564	1362
564	2567
564	2659
564	1143
1603	554
3657	3147
3657	637
3657	865
3657	820
3999	3570
3570	159
3570	3648
1541	3938
1541	4114
3309	467
215	3147
215	1579
625	4530
625	2709
4314	351
196	3075
196	2672
3054	1861
2997	823
2997	1084
2997	2840
720	2647
4077	2611
4077	3750
4077	4011
1415	4220
1415	3002
1415	872
4220	3002
2161	2906
2350	3425
2350	446
2350	2492
4086	227
3719	227
3719	418
3719	1378
3719	1000
3719	2836
3719	3418
227	3562
227	3381
1363	376
800	2823
4004	1860
4530	3085
4530	1169
4530	1246
4530	2049
4530	4096
4530	125
4530	1409
4530	2058
3563	3993
2709	2058
3631	968
3631	2773
107	3577
107	4534
3147	3549
3147	1020
3147	549
3147	4096
3147	152
3147	413
3147	1665
3147	1856
3147	2232
3147	2806
3147	3027
3147	3186
3147	3508
3147	3756
3147	3804
3147	3808
3147	4088
3147	4152
3147	4286
3147	3677
3354	3227
3365	2811
3365	3087
3365	1220
1352	820
1352	2343
472	3425
4066	865
4066	1084
4066	4426
2774	4172
2774	2726
2774	1458
4428	834
4428	4083
4278	1906
4278	820
3498	2726
3498	4426
1456	3451
1456	759
1456	1617
1456	3508
1456	3614
3426	2883
3425	1681
418	2109
418	3109
418	4082
2109	1024
2109	4475
3085	3931
3085	275
3396	2058
4459	3087
150	4028
150	3676
150	1690
150	928
150	1037
4172	4171
4172	3686
4172	280
4172	4091
4038	2070
4038	280
4038	628
4038	820
4038	113
2070	280
2070	4091
280	2611
280	3750
280	628
280	4011
4091	2611
4091	3750
4091	628
4091	4011
2228	3750
2228	4011
2611	3750
2611	636
2611	4011
3750	636
3750	4011
636	4011
2726	762
2726	4426
2726	1199
2726	1280
220	3682
220	4475
220	275
220	3358
220	4426
220	3872
1018	580
1018	759
149	1003
149	718
4312	4426
1378	4114
1378	1024
1378	2612
1378	1000
1378	1458
1378	1382
1378	113
2115	1753
537	2058
4114	1024
4114	2612
4114	1000
4114	1382
4114	113
4114	894
1024	2612
1024	1000
1024	1382
1024	3095
1024	1661
628	3676
628	820
628	2711
4011	809
3063	580
3063	4426
3063	1957
580	4475
580	1777
580	4095
580	4216
2612	1000
2612	1458
2612	1382
2612	1753
1000	1458
1000	3410
1000	1906
1000	1382
1000	113
1458	1382
1458	1753
1458	113
3912	1763
476	1938
476	1763
476	1516
1938	1763
4511	1530
3960	4475
3192	2647
3192	4543
3192	279
1779	1993
3858	159
1827	4475
1827	3240
840	2647
840	4095
840	3728
840	198
457	1001
457	243
457	2472
816	1264
793	968
1949	4475
1200	926
1200	2622
1200	3614
4416	2066
4416	2618
4416	2474
4416	285
4416	1992
1406	554
2301	554
2301	3257
2301	4063
2688	554
3444	4475
3444	2941
4373	3002
637	1020
637	2798
637	896
637	927
637	1568
637	2352
637	4152
834	4083
4083	4364
967	3547
1179	751
1287	2020
3408	288
2284	1661
1266	72
3479	4475
3479	613
2608	193
2141	1906
2141	3602
2647	1709
2917	2110
2917	1578
2949	4274
2949	519
2949	4489
4274	3534
818	1620
818	4383
818	2678
1073	3002
1073	3981
3002	872
3002	1620
3002	1906
3002	839
3002	3981
3002	1356
3002	3677
872	288
1362	865
1362	4082
1362	1003
3091	295
3091	2618
3091	2181
3091	4403
3091	285
823	558
823	1409
1620	4438
1620	4383
55	1264
4061	2659
2114	2832
2114	3728
1982	4318
1982	58
2689	239
2689	474
2689	2044
2689	3453
3046	1516
4028	3676
4028	1037
3109	1625
3059	1003
407	2523
2186	3602
3388	3562
3388	2973
263	275
1264	3146
1264	2784
1849	755
755	2173
239	865
239	474
239	659
239	3110
239	1154
239	2492
239	3366
239	3453
2940	3427
2940	3562
2940	2276
2940	4145
3832	3112
549	865
549	3767
554	3392
3519	3540
3519	3566
4549	1579
1579	1861
1720	366
947	659
947	3217
947	4166
947	1143
947	795
947	926
947	3071
947	3441
947	3728
129	2058
3410	1957
558	3602
558	3240
2583	3073
1906	2906
1906	4452
1906	2762
1906	1258
1906	2930
1906	3067
1906	4088
839	3981
839	2650
4148	2978
1328	3341
1328	1709
2856	2806
3008	2906
3008	4543
3008	3025
2906	4543
2906	4149
2906	2762
2906	2463
2906	3318
1924	3360
1924	2734
1792	1754
4452	1330
4452	2770
1084	1516
1084	3562
1084	998
1084	567
4543	4483
4543	3885
2332	1578
614	608
2811	4535
2811	1103
2811	1703
2066	2768
2066	1992
2066	2764
474	3453
1520	3113
4149	279
1023	2249
1023	1568
1023	2469
1023	2678
1516	928
1516	3292
1516	473
1516	3826
1516	2080
1516	888
1516	759
1516	767
1516	1061
1516	1318
1516	1540
1516	1716
1516	1990
1516	2074
1516	2245
1516	2873
1516	4048
2762	643
969	2024
969	2953
3341	1178
3341	1709
2024	2827
2024	4475
2024	2953
3038	643
3038	506
1290	446
2007	3602
2007	894
2007	2806
2007	4519
3265	4383
4318	58
3647	3330
3918	999
3918	2834
3918	4475
3918	820
3163	119
2854	166
2736	3727
4438	4475
915	2618
2618	3360
2618	927
2618	2764
2737	718
2737	2523
2737	3966
3602	926
3602	3872
2765	2446
2765	3966
2417	2330
4291	3177
4291	1795
2798	499
2798	3775
2798	692
3146	3826
3146	660
3146	1320
3146	1626
3146	3186
3662	4489
3266	809
2474	927
2474	2184
1346	1718
4082	2091
4082	1909
2482	1149
1439	198
108	949
2827	4475
3292	659
3292	4441
3292	4166
3292	2566
3292	1143
4475	3358
4475	1529
4475	3956
4475	4460
4475	76
4475	797
4475	898
4475	1648
4475	1773
4475	1775
4475	1840
4475	1842
4475	1878
4475	2943
4475	3022
4475	3149
4475	3234
4475	3970
4475	3861
4475	3987
4475	4009
4475	4040
4475	4523
4475	1356
825	275
275	563
275	3095
4167	1216
1258	2930
809	509
3360	2768
3360	53
3360	285
3360	2553
3360	1992
3360	3459
1001	796
1001	3861
473	2480
820	3168
820	3427
820	888
820	4496
3168	480
3168	3427
480	2567
3427	376
2391	3194
145	4294
3690	4324
2527	2711
2527	1167
659	2276
659	1143
659	4122
659	3331
4385	2768
1721	3584
3358	3872
4426	1450
2330	3596
2330	2271
1529	3981
1529	3087
1172	759
4467	251
3826	1494
3826	3393
3596	1992
3956	218
3562	2912
2434	4347
288	152
288	3658
15	1833
15	3453
2343	4360
2343	2626
2343	2778
2343	3566
4360	2626
4360	2926
2626	1909
2626	3566
3554	573
2768	17
2768	285
2768	2553
2768	3677
751	3443
751	3227
751	76
968	3087
3411	366
366	1056
1777	4228
3177	4364
3131	3233
2953	2942
4063	1104
4460	4214
202	1822
1753	2328
1753	1484
167	2523
2701	2012
4228	455
4228	771
113	2463
113	1484
113	2650
2463	797
3220	2276
2276	3110
3538	160
4003	1578
4003	3104
4003	3393
4003	2650
1578	3903
1578	3393
1578	3698
1578	2650
1578	1165
619	1165
3962	1521
3087	446
3087	936
3087	1109
3087	4292
4403	3784
4441	1143
4441	4122
1930	4122
1930	2592
1930	4227
4166	1143
4166	4122
2566	1143
2566	4122
1143	4122
4122	2592
2778	1970
4024	2335
2672	2328
3993	1788
3993	3698
3993	2678
3993	3566
3104	3
3104	3466
1494	3393
1494	2650
4535	2929
4535	1273
1718	3446
982	3071
2384	285
2384	2553
3393	2650
4096	4095
1330	3885
2328	2978
2328	4396
17	2184
53	2677
888	376
67	285
76	2904
89	2683
128	519
146	3987
156	2277
160	935
285	927
285	1992
285	2747
285	2764
285	2978
285	3459
285	198
351	3356
358	1091
376	2134
388	695
434	4364
441	3572
446	2253
446	4216
453	2989
455	777
519	1773
530	1125
546	1237
759	1568
795	2106
796	2382
881	2277
927	2553
945	1167
945	2134
978	1649
1125	3331
1137	4153
1167	2395
1294	1356
2553	2764
1358	3069
1383	2237
1407	3769
1466	2323
1568	3698
1568	3723
1568	1356
1568	1577
1568	2678
1568	3566
1617	4434
1625	2847
1665	3243
1752	4260
1900	2077
1900	3752
1970	3698
1992	4434
2005	3453
3698	4434
3698	3723
3698	1356
3698	1577
3698	2678
3698	3566
490	2340
2068	3441
2184	3158
2184	4434
2271	3773
2277	1612
2531	2621
2531	2597
2549	3560
2549	3588
2714	2820
2714	2978
2764	4434
2772	3243
2824	3130
3186	3804
3259	4376
3350	4145
3517	3530
3584	3728
3584	4294
3613	4189
3650	4134
3787	3899
3805	3806
4040	3331
2678	3566
3796	3294
2316	3294
2755	3294
332	225
1819	225
1596	225
1884	225
564	225
2350	225
698	3744
4263	3744
3646	1372
3826	1372
673	137
2017	137
3039	2813
2454	1510
4038	348
628	348
3163	348
3954	2587
248	2587
1978	2467
4475	2894
3614	2894
2410	91
2828	46
857	1041
3940	1041
2018	1041
648	1041
4348	1041
1811	1041
1351	1041
4404	1041
866	1041
3918	1041
999	1041
928	1041
820	1041
3427	1041
3087	2814
332	1594
4520	1594
196	1594
2626	1594
4142	1594
199	1655
3095	1655
492	1011
2504	1011
1516	1011
654	3477
2848	3477
2957	3477
2864	3477
2643	3477
1074	3477
2583	3477
1074	277
3287	277
2454	864
4237	864
550	864
830	864
2504	1306
1312	857
631	857
1811	857
3907	857
1264	857
4475	857
820	857
3188	696
2865	696
3665	696
4248	696
899	696
39	696
214	696
4133	696
810	696
62	696
4263	696
3646	696
1822	696
2523	696
2847	696
3993	2968
2848	3105
4427	3105
2454	3105
3287	3105
73	3105
4379	415
3936	415
417	415
3409	415
4268	415
3191	415
2508	415
1846	415
69	415
2458	415
2066	415
2474	415
4385	415
17	415
285	415
2553	415
1992	415
3186	415
2361	3940
505	3940
2868	3322
3602	3322
3197	2119
3410	2119
2316	654
1740	654
4281	654
502	654
4439	203
1579	203
1284	203
3356	203
1284	3949
1970	3949
3600	4168
199	4168
394	245
1153	245
1569	245
3409	245
4268	245
1117	245
4416	245
2768	245
1691	245
285	245
927	245
2553	245
1992	245
2978	245
394	4379
1153	4379
2367	4379
1569	4379
1986	4379
2129	4379
3409	4379
469	4379
1117	4379
4416	4379
295	4379
1992	4379
3595	3973
1442	3904
1441	3904
3560	3904
3147	1366
2936	3183
780	284
67	4504
2454	436
2402	436
3023	1098
2890	529
784	529
2868	529
2522	529
2018	529
1402	529
784	2890
2868	2890
2522	2890
2018	2890
1402	2890
3907	2890
2868	784
2018	784
1402	784
2522	2868
2018	2868
1978	2620
3481	2620
199	2620
2282	2620
332	2780
2454	2780
4323	332
2023	332
1502	332
2957	332
3494	332
1185	332
1602	332
2149	332
3287	332
2047	332
69	332
1945	332
1378	332
2612	332
1000	332
3196	332
3990	332
1909	332
2816	332
3650	332
11	4323
2602	2023
4066	2023
3853	2388
2426	2388
2880	2388
967	2388
1858	4435
637	4435
1408	4435
1410	1858
2239	392
4225	392
2426	3853
1362	3853
1978	3567
814	3567
2447	3567
1764	3567
265	3567
1714	3567
817	3567
2028	3567
4520	3567
870	3567
457	3567
3682	3567
2361	3567
43	3567
2765	2086
2454	2426
1035	3173
759	1035
1373	4552
1843	4552
4351	4552
2553	4552
3084	2105
2513	2105
3778	2105
2433	2105
2513	3084
3778	3084
2433	3084
2454	3084
4186	3084
3778	2513
2433	2513
3335	2513
451	1502
1602	1502
2655	1502
2433	3778
1978	3778
527	3765
2474	3765
285	3765
263	2278
535	2291
3226	3284
826	3284
429	3226
2612	3226
535	826
2402	3911
1801	3512
888	3512
1992	1880
4203	989
3886	1532
3335	2433
3793	2433
4475	2433
3497	4556
1569	4557
728	4557
3936	4557
285	4557
1080	4557
1978	597
925	597
3228	597
4442	597
3191	597
3900	597
1437	597
2550	597
3539	597
2181	597
1086	597
888	597
613	597
1028	597
2029	597
2491	2312
3396	2312
834	2312
4083	2312
711	2541
3180	585
1977	4516
4263	940
1494	940
2301	1435
1701	4546
1812	4546
3560	4546
3681	1392
3797	1392
2861	1392
2491	1392
1299	1392
159	1392
1406	1392
554	1392
446	1392
3200	1392
2936	607
1406	607
2249	607
2402	3681
316	993
3259	993
3023	2356
1978	2356
2476	3023
2148	3023
2265	3023
3353	3023
2139	3023
3429	3023
2504	3023
2855	3023
2057	3023
552	3023
2548	3023
2861	3023
3245	3023
1756	3023
311	3023
2095	3023
3377	3023
634	3023
2598	3023
4033	3023
2221	3023
2282	3023
580	3023
1458	3023
2902	3023
1620	3023
4061	3023
1263	3023
1672	3023
1084	3023
4543	3023
3182	3023
4475	3023
3282	3023
2391	3023
2566	3023
75	3023
612	3023
1039	3023
1408	3023
1428	3023
1703	3023
1729	3023
1987	3023
1997	3023
3698	3023
2138	3023
2215	3023
2411	3023
2492	3023
2572	3023
3149	3023
3213	3023
3320	3023
3356	3023
3381	3023
3816	3023
2476	525
3214	986
2476	986
4270	986
2516	986
0	986
2476	3214
2516	3214
0	3214
4270	2476
920	2476
2516	2476
0	2476
3147	2476
941	2476
377	2476
0	4270
2516	920
0	920
0	2516
897	3694
1373	2505
1843	2505
2367	2505
193	2505
1519	3865
3502	3865
4511	3865
2653	3865
3502	3303
2653	3303
2134	3303
1153	2162
146	211
2385	211
199	2051
3887	1303
1792	1303
2398	2082
1277	2082
3269	2082
4475	2082
2343	2082
4360	2082
2626	2082
3566	2082
571	3107
947	3107
4170	3107
1277	571
1806	3525
61	1293
1519	1293
112	1293
3542	1293
3646	1293
564	1293
554	1293
3872	1293
1971	4334
2171	4334
2777	4334
929	4334
4042	4334
4530	4334
3563	4334
2709	4334
1728	4334
1515	4334
567	4334
2182	4334
2828	4334
3212	2717
3064	2717
3411	2717
366	2717
1056	2717
366	3212
1056	3212
3147	4071
535	921
1722	921
1272	921
489	921
2687	1834
549	1834
554	1834
2827	419
512	3797
2410	3797
1154	3797
1046	3796
1717	2452
535	2452
947	2452
3502	2265
3646	2265
2653	2265
3087	2265
865	1327
4436	1312
611	1312
701	1312
720	1312
706	1312
1850	1312
108	1312
2077	1312
3234	2404
535	2971
1277	3673
129	3673
451	3622
1971	3622
3039	3622
799	3622
979	3622
947	3001
1978	2850
631	2850
3287	2850
3472	2850
1415	2850
4220	2850
1531	2850
4373	2850
3002	2850
872	2850
839	2850
3196	2850
2181	2850
1356	2850
2402	2757
2764	2757
3611	574
1328	574
4475	574
1139	574
2005	574
3750	1806
256	1806
3087	153
3134	1308
2402	1308
3793	1308
199	1308
2017	1308
2906	1308
4149	1308
2367	394
3936	394
3409	394
4268	394
3191	394
2508	394
438	394
469	394
2066	394
2474	394
17	394
285	394
4276	394
2553	394
1992	394
4434	394
1978	4533
1845	4533
1264	4533
1209	61
1277	61
2089	61
502	3771
814	2848
863	2848
1955	2848
3633	2848
557	2848
2494	2848
4223	2848
2022	2848
4281	2848
3793	2848
3628	2848
3581	2848
2028	2848
1071	2848
2939	2848
3498	2848
2726	2848
828	2848
2125	2848
2567	2848
4426	2848
498	2848
489	3983
4117	3264
3062	484
3407	492
2017	492
2957	1819
2924	1819
3197	1819
2454	1819
2697	1819
2439	1819
1794	1819
3539	1819
2612	1819
1000	1819
113	1819
519	1819
1909	1819
3184	1819
3418	1819
3979	1819
2455	409
4498	409
2454	409
112	409
4475	409
35	478
1099	478
568	478
1982	478
3952	4143
3960	4143
4452	4143
1797	4143
1850	4143
1494	4143
3187	4143
3685	4143
1842	4143
2719	4143
2873	4143
3806	4143
399	1639
935	1639
2272	1978
746	1978
1396	1978
1585	1978
3711	1978
1192	1978
3245	1978
1118	1978
3033	1978
810	1978
1339	1978
2202	1978
3335	1978
677	1978
2089	1978
4130	1978
4091	1978
1447	1978
476	1978
1518	1978
2256	1978
1020	1978
2332	1978
2899	1978
3826	1978
2229	1978
53	1978
547	1978
632	1978
738	1978
1633	1978
1694	1978
1992	1978
2289	1978
2333	1978
2692	1978
2789	1978
2840	1978
2876	1978
3438	1978
3812	1978
313	3229
4428	3229
596	3229
3287	1021
2957	3709
19	1348
1037	1348
19	3717
648	3717
513	3717
4465	3717
3564	3717
3792	3717
1037	3717
4475	3717
19	2695
2164	2695
838	2695
513	2695
2947	2695
1037	2695
103	2695
4452	1349
3445	1153
2367	1153
114	1153
3936	1153
3467	1153
4268	1153
3191	1153
2222	1153
438	1153
469	1153
2066	1153
2618	1153
2474	1153
4385	1153
285	1153
2553	1153
1992	1153
648	2083
252	2083
13	2083
233	2083
441	2083
1561	3188
2454	3188
568	3188
876	3188
118	4019
1564	4019
1046	4019
1717	2428
3575	2428
4226	1717
2972	2925
34	2925
2246	2925
106	2925
3589	2925
673	2925
532	2925
677	2925
3287	2925
2897	2925
1071	2925
489	2925
4222	2925
2940	2925
2447	253
2687	253
4475	2657
838	19
648	19
513	19
1731	19
4465	19
1676	19
3792	19
418	19
840	19
1037	19
1753	19
2305	2164
2438	2164
805	2164
752	2164
2939	2164
721	2164
554	2164
2754	2164
4082	2164
3292	2164
4096	2164
2687	629
558	629
805	838
2939	838
721	838
554	838
2754	838
4082	838
4096	838
4095	838
1971	451
3039	451
1339	451
199	451
3039	1971
3394	1971
4391	1971
3721	1971
1919	1971
929	1971
1602	1971
3197	1971
1241	1971
1470	1971
1362	1971
263	1971
2906	1971
3341	1971
1930	1971
2018	2522
1402	2522
4281	3980
4475	3980
1402	2018
4498	2018
3145	2018
376	2018
2787	1402
2454	1402
3757	3910
977	3910
1596	3910
106	3910
557	3910
677	3910
2410	3910
3085	3910
2301	3910
3331	3910
3566	3910
513	648
2504	648
4465	648
1516	648
1037	648
2407	821
4390	821
631	513
3907	513
4465	513
3792	513
1037	513
820	513
3168	513
3257	513
2328	513
815	3039
1264	3039
2990	3039
2519	1538
2171	319
1131	319
2662	617
726	617
294	617
1670	617
1603	617
720	617
159	617
2366	1329
3907	1329
947	1329
2171	4429
736	3254
2235	3254
3628	3254
1328	3254
2361	3254
99	2366
204	2366
3696	2366
2612	2366
313	3116
4038	3116
628	3116
1575	3116
3163	3116
4475	3116
736	535
644	535
3055	535
99	535
2897	535
2533	535
4373	535
3095	535
466	535
486	535
1125	535
3789	535
3897	3152
4263	2981
674	3407
3464	3407
2775	3407
1174	3407
30	3407
2017	3407
3192	3407
3008	3407
4483	3407
1708	3407
34	1519
1984	1519
532	1519
220	1519
628	1519
1575	1519
138	1519
3562	1519
2672	1519
4311	2865
2687	1574
1972	1574
4291	1574
293	1574
939	1574
2139	885
1986	188
4488	188
4228	188
1986	177
1197	177
129	177
2474	177
4513	3394
2470	3394
1168	4176
388	3353
1537	3944
3087	3944
4146	3954
3375	3954
4281	3954
4186	3954
220	3954
1575	3954
2276	3954
2572	3954
4145	3954
1824	3954
2402	2896
3354	2896
1693	267
4498	267
639	267
4406	267
3985	267
755	267
2736	267
4224	267
929	3721
3682	3721
4117	4498
3600	4498
2703	4498
2361	4498
1258	4498
1911	4498
1264	639
3287	1580
4237	1580
4248	4406
1062	4406
2337	4406
947	4406
1850	4406
1258	4406
2930	4406
866	4107
1456	4107
138	4107
820	4107
2592	1386
3930	3824
1516	3824
3196	3824
2644	3129
2193	3129
3147	3129
457	3129
2049	3129
2906	3129
660	3129
4524	2644
4487	1701
3527	1701
3272	1701
1469	1701
4044	1701
3560	1701
3769	1701
1356	1701
1529	4487
1930	4487
3381	4487
2447	3536
1550	3527
2364	3527
3095	3527
782	3527
3147	1424
2337	631
3714	631
550	631
126	631
1415	631
4220	631
3002	631
872	631
2583	631
2361	631
2660	631
1484	631
3872	631
4376	631
2402	165
3287	118
4452	118
2858	118
956	118
3191	1373
1264	1373
2066	1373
285	1373
927	1373
2266	1373
3977	1373
2383	2501
285	2501
3595	1843
3191	1843
1264	1843
619	1843
285	1843
1324	700
67	3251
570	1561
265	1561
1579	1561
1856	2139
1380	3103
4229	2636
4156	814
3859	814
668	814
239	814
1084	814
474	814
2746	814
3614	814
2398	2957
3385	2957
4390	2957
2545	2957
3776	2957
1000	2957
2591	2957
1906	2957
2626	2957
968	2957
1003	2957
4040	2957
4088	2957
4390	2407
2447	3772
1516	3772
2255	3772
1569	3595
1986	3595
3936	3595
1974	3595
1197	3595
285	3595
313	3998
3539	3757
150	3757
1516	3757
4226	2538
3792	3272
4543	2449
3955	4436
638	3102
1245	3102
909	3102
1605	3102
3488	887
2038	3312
4536	3312
3719	3312
227	3312
2778	3312
428	4226
3985	4509
3114	4509
410	2038
3719	2038
227	2038
1811	4348
999	4348
3238	2225
840	3238
2659	3238
3612	3380
2227	1973
4268	3445
399	3445
1485	3445
3956	3445
2768	3445
4309	2573
2523	1926
30	674
2017	674
4543	674
3002	3952
4475	3952
441	3952
2041	1136
2454	11
199	11
3329	11
1596	1731
2022	1731
228	1731
2350	1731
2109	1731
2417	1731
1484	1731
2041	3971
3863	3971
2504	711
1469	711
1456	711
2696	711
2229	2498
2434	3731
2454	2821
3287	401
4057	736
99	736
3985	544
3581	544
3542	544
2726	544
4426	544
106	3582
2972	2685
1952	2685
3628	2685
677	2685
1862	410
2293	2001
4263	2001
2007	4052
2328	4052
1309	4355
4236	4355
3985	1898
1503	1898
199	1898
1469	12
929	3429
2316	644
502	644
3792	644
823	644
3087	644
839	3491
3597	3985
2634	3985
99	3985
1131	3985
4367	3985
2022	3985
4222	3985
947	3985
1906	3985
4426	3985
2514	3985
2328	3985
160	3985
1118	539
1201	2504
4133	2504
1197	2504
1242	2504
2454	2504
1141	2504
618	2504
3341	2504
1172	2504
1611	2504
354	2504
646	2504
1147	2504
1157	2504
1235	2504
2873	2504
1612	2504
1062	4248
93	4248
4228	1062
2707	1006
1469	655
3773	2272
1074	2016
99	2171
1131	2171
1570	2171
1845	2662
4172	2662
4011	2662
58	746
894	1919
502	804
2022	2293
610	2293
2028	2293
2583	2293
3628	2752
3581	2752
3542	2752
677	2752
2726	2752
4426	2752
3389	4117
1333	4117
311	4117
2193	4117
3842	4117
1936	4117
782	4117
1393	4117
1583	4117
1652	4117
3057	4117
3805	4117
2115	3456
1024	3456
2402	4427
4281	4427
1356	4427
2484	1455
628	1455
554	682
1272	1469
2355	1469
2612	1469
282	1469
2696	1469
1143	1469
1450	1469
3907	324
2301	324
1344	4432
4103	4432
1344	1119
1341	2447
4181	2447
638	2447
4535	2447
3903	2447
743	2447
2385	2447
2958	2447
4480	2447
4263	3013
489	3346
2120	3346
1763	3346
820	2969
3907	1868
3597	1868
126	1868
1378	1868
4114	1868
2612	1868
558	1868
275	1868
1382	1868
4263	300
1516	300
3907	219
2454	217
3310	1396
2454	1585
3668	183
2324	3406
3128	3670
3197	3670
2454	3670
3597	3670
1375	3670
4281	3670
532	3670
1676	3670
1071	3670
2939	3670
2726	3670
4222	3670
2899	3670
2328	3670
1974	2367
3409	2367
4268	2367
2066	2367
2618	2367
2474	2367
285	2367
927	2367
2553	2367
4434	2367
4275	1768
4287	1768
3486	1768
2034	1768
3094	1768
2585	1768
4287	4275
3486	4275
2034	4275
3094	4275
2585	4275
3486	4287
2034	4287
3094	4287
2034	3486
3094	3486
429	1089
2454	1089
1744	1089
3519	1089
1986	1569
3936	1569
1974	1569
3165	1569
3409	1569
3191	1569
4554	1569
1117	1569
4373	1569
2949	1569
3091	1569
2066	1569
2618	1569
2474	1569
1715	1569
285	1569
777	1569
2553	1569
2618	1364
1578	1364
285	1364
2553	1364
3936	2855
3191	2855
3377	2855
2376	2855
1117	2855
285	2855
3977	2855
4335	2855
3597	1722
677	1722
489	1722
2880	645
4007	645
4392	2777
4103	1344
2301	1344
4475	2057
285	2057
2183	2057
1118	1986
285	1986
2553	1986
3409	114
3827	114
3889	2982
2454	3249
3586	3249
661	3249
1838	1748
3728	1748
637	3711
2454	3398
1516	3398
2114	2835
2768	2835
285	2835
3879	2835
3147	2037
3981	2037
1974	3936
3409	3936
4268	3936
4416	3936
3360	3936
2768	3936
927	3936
1992	3936
198	3936
3191	1974
1846	1974
69	1974
285	1974
2553	1974
2949	3165
3292	3165
2301	4103
898	4103
865	3412
549	974
901	974
549	3825
3128	977
557	977
489	977
2726	977
509	977
2374	977
3794	977
1812	2398
2070	2398
628	2398
3163	2398
4475	2398
1047	2398
1909	2398
4156	2972
3597	2972
1570	2972
2235	2972
4072	2972
1071	2972
2939	2972
2726	2972
4222	2972
762	2972
2798	2972
2514	2972
3186	2972
2454	3948
3874	3948
2017	238
2917	238
1169	238
2110	238
3787	238
2687	4155
2454	4155
554	4155
3087	4155
351	4155
554	1391
1516	552
4229	2337
1000	2337
3775	2337
4082	2337
2359	3290
2454	3290
3147	3290
623	3290
1380	3290
2942	3290
1181	3276
637	191
4011	2548
3245	3090
113	4208
3803	471
1811	3494
3542	3494
2343	3494
3287	1913
4475	1913
417	1192
2007	1192
888	1192
2469	1192
2454	2108
3046	2108
1516	1101
323	3064
4530	3064
1266	3064
823	3064
366	3064
1099	2156
3981	3267
1596	1821
2213	1821
1906	1821
2659	1821
4214	1821
3872	1821
1278	3600
1207	3600
4156	3600
726	3600
2170	3600
793	3600
2653	3600
1443	3600
958	3600
1277	3143
252	3143
3542	3143
2238	3143
2939	3143
3147	3143
2726	3143
1199	3143
1082	2668
551	2787
4475	3922
4026	983
2066	3414
1257	323
1728	323
1046	1285
2221	1285
927	1285
2100	1285
568	35
1194	34
1282	34
224	34
532	34
4186	34
1071	34
2186	34
2978	34
1257	32
4392	417
1838	417
3287	417
161	417
16	417
1264	417
3538	417
2198	417
2580	417
2684	417
3541	417
457	3423
428	2129
3095	2098
1812	1764
2942	1764
194	4057
1277	4057
1479	4057
2089	4057
706	4057
2316	3437
2583	173
1906	173
4452	173
2292	1187
285	2698
198	2698
3287	3481
4268	3409
3191	3409
2508	3409
2506	3409
2066	3409
1130	3409
2618	3409
2474	3409
4385	3409
2768	3409
285	3409
2553	3409
1568	3409
1992	3409
2764	3409
4434	3409
2424	3831
2764	3831
2434	1341
2304	2197
3128	408
3203	408
677	408
3690	408
2019	408
4186	3543
4475	3543
2687	1185
1286	1185
564	1185
3912	1185
3341	1185
4082	1185
2687	1674
506	1674
959	2687
3128	2687
2316	2687
1286	2687
3268	2687
340	2687
3357	2687
2439	2687
104	2687
558	2687
2399	2687
2660	2687
1443	2687
1143	2687
3	2687
376	2687
4404	1811
407	1811
820	1811
4092	1811
1118	1138
4553	1138
2333	1138
2316	4197
2193	1278
3287	1278
2410	1278
3993	1278
1356	1278
1577	1278
2678	1278
1578	2413
1775	929
3453	929
959	428
3287	428
659	428
1670	3611
2953	3611
1670	3221
2953	3221
2942	3221
2880	2153
1209	194
1277	194
161	194
1277	1209
3287	2861
3147	2861
4475	1112
2246	1277
2011	1277
4178	1277
2252	1277
2673	1277
2897	1277
40	1277
2997	1277
720	1277
197	1277
4164	1277
2647	1277
4058	1277
13	1277
236	1277
4153	1277
4489	1277
3287	1255
922	1255
99	652
554	652
3341	652
4475	652
668	2031
4307	2031
248	2031
1906	2031
4307	1814
3087	1082
285	1082
3459	1082
2316	4157
1286	4157
2764	3467
1602	1181
3523	1181
3589	1181
4240	1181
4229	3851
202	3851
1046	1782
521	1782
3191	4268
3678	4268
2508	4268
2269	4268
2222	4268
637	4268
295	4268
2066	4268
2618	4268
2474	4268
285	4268
2553	4268
1370	4268
3722	4268
3813	4268
4434	4268
2939	3921
199	254
4530	1634
1964	3191
2383	3191
399	3191
1117	3191
4416	3191
554	3191
3360	3191
2768	3191
2229	3191
2384	3191
285	3191
927	3191
1992	3191
2764	3191
3722	3191
4062	3021
1207	3021
2454	3021
1257	3021
2655	3021
2441	3021
2251	3021
3482	3021
3426	3021
2106	3021
2441	4062
3426	4062
3827	1118
1497	1118
2454	1486
2229	1486
3541	1486
1346	4351
285	4351
268	1602
1859	1602
1245	1602
2567	1602
4520	3389
457	3389
2649	1347
1230	1347
1516	2437
4390	2992
426	2992
4184	1596
1375	1596
2703	1596
2484	1596
1162	1596
1145	1596
3482	1596
1200	1596
2688	1596
4462	1596
3775	1596
4426	1596
1723	1596
4338	1596
4474	1596
4184	2584
1797	4184
532	2246
4150	2246
2673	2246
40	2246
3511	2246
489	2246
2940	2246
426	2246
4186	2937
220	2937
3887	2517
224	106
3242	106
2908	106
754	732
3918	4404
809	4404
2454	1756
1282	4308
378	2763
4354	2424
2948	3144
4520	3144
3269	3144
4414	3877
610	516
506	516
2454	2946
1264	3278
1284	3278
3610	3278
3375	2877
4078	2877
1541	2877
1652	2877
2593	3795
3360	3795
199	815
473	815
564	1207
3354	1207
3444	1207
2198	1207
2997	2113
564	1215
2350	1215
4263	4553
2193	2295
1362	2295
755	2295
1084	2295
2593	2948
4229	2948
1130	2948
3568	2948
554	4120
3523	3907
2304	3907
4529	3907
4240	3907
2774	3907
4172	3907
4114	3907
2256	3907
947	3907
2778	3907
2328	3907
4156	3274
3523	2864
947	2864
4390	3385
3874	3385
27	3385
3776	3385
1245	3385
2591	3385
555	4151
3002	4151
1264	4151
3335	1845
3510	1845
1264	1845
888	1845
1822	1845
3752	1845
4496	1845
2049	1479
502	3464
30	3464
3192	3464
4543	3464
279	3464
2402	4156
3192	4156
239	4156
638	265
199	265
1850	265
2361	265
1237	265
4114	378
1024	378
1000	378
1458	378
3287	3939
3482	3939
126	3939
2454	1100
3657	824
2591	4390
947	4390
2765	4390
2417	4390
2219	4390
2689	3859
239	3859
474	3859
3109	3941
1600	863
2703	863
4077	863
4011	863
1516	863
1575	863
1378	4439
2235	3820
2703	3820
248	3820
4263	4133
3180	4133
967	4133
3682	4133
1264	1197
3256	1331
2384	1331
3171	3734
592	1964
554	1964
3738	959
3880	959
2350	959
3063	959
3956	959
67	2383
285	2383
1336	2643
568	2643
3564	3620
4026	3523
1906	3523
1541	4026
1000	4026
823	4026
2232	4026
3803	2924
3147	1333
4475	1333
2454	3656
2454	4064
252	2964
4105	2964
3094	2034
2585	2034
3287	2034
1050	3094
4038	3094
2070	3094
280	3094
628	3094
564	3334
3593	3334
4530	2397
1282	3128
3628	3128
677	3128
199	3128
820	3128
1282	3197
228	3197
2305	2457
3354	2457
2454	2305
440	1564
201	1564
555	483
3714	483
3134	2489
1286	2489
112	2489
3511	2489
1947	3361
4367	3887
3482	3887
3858	3887
159	3887
3119	3887
3492	3887
3539	3578
418	3578
2688	3578
4535	3578
1795	3578
1385	2862
3581	3633
4426	3633
498	3633
777	749
1488	3867
3354	3867
677	2767
4459	1180
411	4316
750	3207
2070	609
2183	2665
3999	4532
2402	3667
252	3667
2626	3667
3566	3667
3287	3469
1550	3469
1842	3469
4503	3469
1194	2454
4414	2454
2819	2454
2605	2454
255	2454
4447	2454
3463	2454
895	2454
673	2454
4079	2454
2936	2454
3655	2454
4016	2454
69	2454
1363	2454
2611	2454
575	2454
4011	2454
828	2454
2256	2454
1949	2454
3444	2454
2591	2454
1179	2454
60	2454
3519	2454
558	2454
3931	2454
1084	2454
2696	2454
2024	2454
279	2454
4280	2454
820	2454
3168	2454
1721	2454
1216	2454
3862	2454
3095	2454
1930	2454
3047	2454
3187	2454
3393	2454
54	2454
1801	2454
125	2454
128	2454
146	2454
298	2454
377	2454
433	2454
446	2454
479	2454
553	2454
709	2454
896	2454
898	2454
1058	2454
1095	2454
1110	2454
1157	2454
1476	2454
1540	2454
1568	2454
1572	2454
1626	2454
1752	2454
1823	2454
1842	2454
1990	2454
490	2454
2369	2454
2412	2454
2451	2454
2621	2454
2699	2454
2732	2454
2746	2454
2770	2454
3012	2454
3092	2454
3113	2454
3302	2454
3386	2454
3438	2454
3458	2454
3577	2454
3715	2454
3789	2454
3808	2454
4009	2454
4145	2454
4152	2454
3331	2454
4251	2454
4480	2454
4503	2454
2106	2454
198	2454
2703	1600
3287	4306
1550	4306
1076	4306
810	1257
27	1257
3287	1257
1550	1257
1245	1257
823	1257
558	1257
275	1257
2567	1257
2470	4513
1328	4513
4403	4513
4161	4513
201	440
1450	440
2880	3300
1264	3300
1653	3300
1798	2011
4121	2011
3147	2011
3146	2011
2361	2011
15	2011
3381	2011
3134	1551
2402	1551
502	1551
1264	1551
2768	3678
810	2149
1339	2149
3426	2149
1339	810
4263	810
3287	810
3482	810
1084	810
3521	788
4281	62
2803	2628
339	555
2187	548
2648	1099
4441	1194
1774	1194
677	3597
489	3597
1608	3597
2754	3597
2276	3597
1649	3597
1407	4524
2316	726
199	726
4454	726
3646	1952
15	1952
1592	2585
1846	2508
2066	2508
4448	2508
285	2508
2553	2508
2632	2508
3473	2508
3287	1846
3360	1846
3473	1846
3109	2712
1264	2269
268	1074
418	1074
3818	1272
2276	1272
2484	3738
3511	557
1001	557
4426	557
668	2559
1000	2559
1906	2559
3872	2559
1003	2438
99	4069
3542	1375
4426	1375
2251	2655
2611	2655
3087	4256
3134	697
4530	697
243	1714
1652	1714
2136	1714
224	1498
2022	1498
4426	1498
2755	1984
3134	2316
1286	2316
2402	2316
4035	2316
502	2316
469	2316
329	2316
1020	2316
3519	2316
1575	2316
4225	2316
3217	2316
1188	2316
2795	2316
3707	2316
1286	3134
2402	3134
502	3134
2843	3134
3449	3134
2017	3134
494	3134
243	3134
3011	3134
2402	1286
502	1286
4072	1286
3449	1286
199	1286
2836	1286
3008	1286
2906	1286
2658	1286
468	1286
464	2402
3793	2402
502	2402
866	2402
3742	2402
3449	2402
199	2402
2017	2402
4114	2402
3832	2402
2906	2402
4149	2402
193	2402
4426	2402
1125	2402
1509	2402
1911	2402
2237	2402
3535	2402
2434	3502
2653	3502
1405	3502
4347	3502
3539	2213
3073	2213
1154	2213
1537	249
1721	3268
1253	2243
3676	2243
3676	2230
2187	1282
3874	1282
4077	1282
274	739
4367	739
3581	739
532	739
3542	739
3498	739
2726	739
4222	739
3247	739
1833	739
4281	274
3542	274
1071	274
3498	274
823	274
2514	274
2066	1838
2618	1838
3813	1838
4434	1838
2618	399
285	399
2553	399
3459	399
3719	148
1902	2915
2109	2915
1938	2915
2856	2915
2109	1902
2417	3763
1751	3763
2330	3763
198	3763
2049	562
2930	562
849	2669
3287	2669
1264	2669
3449	4446
1380	4446
1131	99
4281	1570
1024	1570
3410	1570
659	1570
2136	3900
199	578
2417	1336
1878	1336
3482	1567
554	1567
338	1567
2193	268
275	268
150	4463
4448	4463
3287	311
1173	311
150	311
1516	311
1690	311
4475	311
809	4303
2022	4178
3999	4178
3496	4178
3563	3651
252	3708
2527	3708
3575	4242
2990	3575
3076	3606
677	2494
3352	2494
2754	668
1753	668
1909	668
3714	918
3635	918
554	2649
825	1895
275	224
3147	807
161	4097
1906	4097
2762	4097
3038	4097
27	1503
263	1503
1740	2819
228	2819
4114	2819
3401	2819
3388	4337
3593	4337
3593	2170
2632	2751
4088	1488
2902	4377
1855	4177
3452	4177
4520	4249
3240	4249
3318	4249
541	2135
1171	4126
196	4271
2672	4271
2484	4056
3410	4056
4474	4135
2178	2187
295	2500
4475	2273
112	3714
3689	3714
3390	3714
1051	3714
255	3714
3136	3714
4072	3714
1415	3714
872	3714
1878	2674
2251	3037
2730	112
1051	112
3136	112
2270	112
818	112
3175	112
3136	3635
3175	3635
2251	3390
4475	3390
522	2299
2251	2270
3287	4223
1754	4223
2762	3720
3781	849
4206	4289
512	3874
3556	3874
4159	3874
4229	3874
228	512
638	1323
1442	638
1309	638
1549	638
1886	313
4229	313
4428	313
2689	313
4149	313
3522	2193
3564	2193
2843	2193
248	2193
4543	2193
279	2193
4225	2193
3621	2193
1174	2880
3190	2880
2017	2880
4225	2880
2434	2880
4227	2945
2583	3463
3147	895
4149	895
4475	4285
2906	2725
4175	3420
3076	3420
610	551
1284	551
3095	551
2592	1628
3677	1628
4318	2641
3190	252
870	252
3025	252
1184	4263
1000	4263
1076	4263
3046	4263
113	4263
2369	4263
2382	4263
1450	201
489	3785
3146	3256
218	3256
3354	27
263	27
150	3335
1264	3335
4105	3335
3511	3242
825	3242
673	3589
721	3589
550	4307
2939	4307
489	4307
2276	4307
573	4307
3151	2703
817	2703
3354	2703
2417	2703
888	2703
3861	2703
4324	2703
3146	3151
4475	3151
527	817
3852	3522
4145	3522
55	1917
4280	1917
193	1917
554	3357
805	4378
2567	4378
1084	4042
532	673
4149	673
426	673
2514	673
3110	673
2079	1046
4280	1046
2704	1046
2184	1046
3542	4367
2726	4367
3666	4367
3542	2022
3063	2022
796	2022
811	2470
4121	2470
3687	2470
1328	2470
2856	2470
2942	2470
2726	2794
4426	2794
1671	2794
3581	4281
3542	4281
2726	4281
4426	4281
502	3793
550	3793
2017	3793
2726	3793
4149	3793
4426	3793
1071	3628
2029	3628
489	634
2774	3581
3498	3581
2726	3581
4222	3581
4426	3581
4426	1162
3542	532
4150	532
1735	532
489	532
3818	532
2940	532
2754	532
4426	532
2276	532
677	3542
1071	3542
4066	3542
2726	3542
762	3542
2940	3542
4426	3542
2514	3542
4219	3542
677	4150
489	4150
4511	4150
1145	677
1071	677
2939	677
489	677
2726	677
4222	677
2647	677
4426	677
2514	677
1726	677
1309	2439
554	2439
2908	2439
2980	2439
888	294
196	3321
1801	3634
3287	2251
1550	2251
2268	2251
3482	2251
816	2251
1001	2251
3175	2251
2647	1735
1266	811
2727	3287
2268	3287
610	3287
2415	3287
1787	3287
568	3287
1069	3287
4187	3287
3482	3287
2939	3287
580	3287
4083	3287
4164	3287
1620	3287
2114	3287
2486	3287
263	3287
1084	3287
1549	3287
3648	3287
2765	3287
1001	3287
2399	3287
982	3287
2858	3287
1852	3287
180	3287
276	3287
898	3287
1716	3287
2099	3287
2445	3287
2488	3287
2492	3287
2549	3287
2572	3287
3022	3287
3036	3287
3108	3287
3130	3287
3401	3287
3970	3287
3722	3287
3800	3287
3809	3287
3966	3287
3968	3287
4000	3287
4015	3287
4108	3287
4152	3287
4534	3287
1491	2545
1550	2545
610	2545
2949	2545
1550	2727
610	2727
2949	2727
1253	1491
1550	1491
610	1491
3482	1491
2949	1491
1912	1491
2268	1253
1414	1253
2268	141
3347	3230
610	1550
2415	1550
3482	1550
2765	1550
2927	1550
3560	1550
2927	2268
1380	2268
2549	2268
2415	610
2949	610
1909	610
3822	610
2949	2415
2593	2041
4003	2860
1578	2860
3393	2860
2650	2860
3631	3571
3519	3571
3427	3571
3540	3571
1465	1452
4475	2602
3342	4315
3818	3201
590	1465
2066	1465
285	1465
1266	1859
285	4554
564	262
3696	204
2936	73
1266	73
1266	536
3171	2222
161	2222
2949	2222
1439	2222
3360	2222
3358	2222
4475	3171
564	2028
1906	2028
4324	2028
2953	1670
2942	1670
2598	4121
2990	4121
2314	1168
2525	1493
866	2673
40	2673
3662	2673
998	2673
4489	2673
568	502
627	502
239	502
3562	502
376	502
3186	1340
336	64
4475	3510
3002	438
1833	438
4237	866
40	866
1456	866
628	866
1516	306
3087	306
4186	2112
220	2112
3895	2112
4237	3718
4237	618
3147	618
809	618
4237	1940
1860	1687
1849	2897
2995	2897
285	3807
248	1761
3393	93
3422	2907
527	2907
823	2907
4003	2907
3104	2907
3	2907
3393	2907
3104	3422
3	3422
3147	2260
4024	2260
2335	2260
982	2260
522	142
3331	142
2930	4044
3002	104
1992	104
2936	892
3843	892
568	892
47	892
1711	892
3843	2936
3655	2936
2013	2936
876	2936
805	2936
2811	2936
3596	2936
2828	2936
3655	3843
47	3843
2635	3843
568	3655
876	3655
805	3655
805	2013
2180	2013
47	568
2376	568
876	568
870	568
1219	568
1802	568
3366	568
1711	47
4520	4296
805	876
1669	876
1573	876
2180	805
2110	805
1753	805
2058	2032
3602	4016
150	1442
564	2598
1084	2535
3147	78
4237	1794
3646	4237
1352	4237
1795	4237
3147	3760
285	3760
1069	1676
3880	1676
4229	1676
564	1676
1266	1676
1906	1676
4324	1676
161	4520
3969	4520
2136	4520
60	123
1516	123
4530	161
1264	161
1439	161
3360	161
2626	1069
2220	1069
3156	1069
4082	4130
2333	4130
2647	4240
2632	4240
4317	4240
199	1163
285	469
2764	469
2978	469
2618	1117
2474	1117
3826	1117
285	1117
2764	1117
1165	1117
637	4158
193	590
2276	4033
2416	228
4086	228
3719	228
227	228
4011	228
1199	228
3631	461
3870	461
2939	1145
291	3661
3131	3661
2192	3792
1432	3792
197	3792
1037	3792
659	3792
2328	3792
888	3792
291	31
2472	31
291	1632
3563	3539
1000	3539
457	3539
2301	3539
3872	3539
3566	3539
661	1944
4187	661
1173	661
1414	661
3488	661
1812	661
840	661
2391	661
15	661
4214	661
3453	661
3646	752
119	752
1909	752
1358	1030
4454	2047
3091	3472
295	442
1173	4187
3488	4187
3482	4187
1812	4187
3365	4187
2221	1173
1414	1173
3488	1173
1812	1173
1378	1173
2115	1173
4114	1173
1024	1173
2612	1173
1000	1173
1458	1173
1909	1173
2941	1173
4452	2221
3095	2221
4114	1414
2256	1414
3690	1414
2328	1414
376	1414
1661	1414
3482	3488
4114	3488
1382	3488
3147	2192
473	69
2768	69
4511	922
825	922
2836	550
3341	550
279	550
3775	550
659	550
795	550
30	2775
2017	2775
4543	2775
4483	2775
1708	2775
820	1174
2017	3190
4543	3190
3025	3190
4543	870
3025	870
3192	30
2017	199
793	199
2284	199
2906	199
4543	199
279	199
968	199
2659	199
567	199
3192	2017
2906	2017
4149	2017
854	2017
1627	2017
3164	678
1248	2638
1854	2638
3852	1248
3354	1248
3994	1854
3354	1854
3354	3852
1300	3852
2106	3852
2823	4186
220	4186
4475	4186
3358	4186
4426	4186
4475	2283
4314	3482
1000	3482
4222	3482
1672	3482
2762	3482
2007	3482
4228	3482
4095	3482
51	3482
3200	3482
840	16
1945	3352
988	3646
4483	3646
3163	3646
119	3646
4496	3646
909	3646
1849	3089
755	3089
3662	40
4058	40
4489	40
820	527
3227	527
3687	126
753	126
564	126
3990	126
748	126
1773	126
748	258
4426	3994
2276	3994
2410	1945
2583	1945
1906	4078
2186	3511
2906	3511
4225	3511
3247	2755
1795	2755
1911	2755
2726	1071
4426	1071
3022	4175
1328	2939
4363	2939
1142	489
4511	489
2940	489
2754	489
2276	489
3110	489
1707	489
3794	489
4416	4322
2784	4322
2737	1832
3330	1832
4294	1832
3676	1400
285	2146
2764	2146
912	600
2798	3269
3775	3269
472	248
3388	248
2906	248
4166	248
2672	248
3418	248
2817	494
2110	4229
3046	4229
1850	4229
939	4229
953	4229
25	4229
146	4229
1220	4229
1460	4229
1909	4229
3584	4229
3719	1309
227	1309
1000	1309
1949	1309
3113	1309
1362	2410
2567	2410
659	2410
945	2410
3418	2410
1864	1299
1000	3687
1328	3687
3341	3687
499	3687
659	3687
1143	3687
2328	3687
3181	1245
753	1245
4038	1245
1000	1245
3424	1245
567	1245
1795	1245
4389	1245
564	3181
2350	3181
1909	753
2070	564
1000	564
1362	564
2567	564
2659	564
1143	564
554	1603
3147	3657
637	3657
865	3657
820	3657
3570	3999
159	3570
3648	3570
3938	1541
4114	1541
467	3309
3147	215
1579	215
4530	625
2709	625
351	4314
3075	196
2672	196
1861	3054
823	2997
1084	2997
2840	2997
2647	720
2611	4077
3750	4077
4011	4077
4220	1415
3002	1415
872	1415
3002	4220
2906	2161
3425	2350
446	2350
2492	2350
227	4086
227	3719
418	3719
1378	3719
1000	3719
2836	3719
3418	3719
3562	227
3381	227
376	1363
2823	800
1860	4004
3085	4530
1169	4530
1246	4530
2049	4530
4096	4530
125	4530
1409	4530
2058	4530
3993	3563
2058	2709
968	3631
2773	3631
3577	107
4534	107
3549	3147
1020	3147
549	3147
4096	3147
152	3147
413	3147
1665	3147
1856	3147
2232	3147
2806	3147
3027	3147
3186	3147
3508	3147
3756	3147
3804	3147
3808	3147
4088	3147
4152	3147
4286	3147
3677	3147
3227	3354
2811	3365
3087	3365
1220	3365
820	1352
2343	1352
3425	472
865	4066
1084	4066
4426	4066
4172	2774
2726	2774
1458	2774
834	4428
4083	4428
1906	4278
820	4278
2726	3498
4426	3498
3451	1456
759	1456
1617	1456
3508	1456
3614	1456
2883	3426
1681	3425
2109	418
3109	418
4082	418
1024	2109
4475	2109
3931	3085
275	3085
2058	3396
3087	4459
4028	150
3676	150
1690	150
928	150
1037	150
4171	4172
3686	4172
280	4172
4091	4172
2070	4038
280	4038
628	4038
820	4038
113	4038
280	2070
4091	2070
2611	280
3750	280
628	280
4011	280
2611	4091
3750	4091
628	4091
4011	4091
3750	2228
4011	2228
3750	2611
636	2611
4011	2611
636	3750
4011	3750
4011	636
762	2726
4426	2726
1199	2726
1280	2726
3682	220
4475	220
275	220
3358	220
4426	220
3872	220
580	1018
759	1018
1003	149
718	149
4426	4312
4114	1378
1024	1378
2612	1378
1000	1378
1458	1378
1382	1378
113	1378
1753	2115
2058	537
1024	4114
2612	4114
1000	4114
1382	4114
113	4114
894	4114
2612	1024
1000	1024
1382	1024
3095	1024
1661	1024
3676	628
820	628
2711	628
809	4011
580	3063
4426	3063
1957	3063
4475	580
1777	580
4095	580
4216	580
1000	2612
1458	2612
1382	2612
1753	2612
1458	1000
3410	1000
1906	1000
1382	1000
113	1000
1382	1458
1753	1458
113	1458
1763	3912
1938	476
1763	476
1516	476
1763	1938
1530	4511
4475	3960
2647	3192
4543	3192
279	3192
1993	1779
159	3858
4475	1827
3240	1827
2647	840
4095	840
3728	840
198	840
1001	457
243	457
2472	457
1264	816
968	793
4475	1949
926	1200
2622	1200
3614	1200
2066	4416
2618	4416
2474	4416
285	4416
1992	4416
554	1406
554	2301
3257	2301
4063	2301
554	2688
4475	3444
2941	3444
3002	4373
1020	637
2798	637
896	637
927	637
1568	637
2352	637
4152	637
4083	834
4364	4083
3547	967
751	1179
2020	1287
288	3408
1661	2284
72	1266
4475	3479
613	3479
193	2608
1906	2141
3602	2141
1709	2647
2110	2917
1578	2917
4274	2949
519	2949
4489	2949
3534	4274
1620	818
4383	818
2678	818
3002	1073
3981	1073
872	3002
1620	3002
1906	3002
839	3002
3981	3002
1356	3002
3677	3002
288	872
865	1362
4082	1362
1003	1362
295	3091
2618	3091
2181	3091
4403	3091
285	3091
558	823
1409	823
4438	1620
4383	1620
1264	55
2659	4061
2832	2114
3728	2114
4318	1982
58	1982
239	2689
474	2689
2044	2689
3453	2689
1516	3046
3676	4028
1037	4028
1625	3109
1003	3059
2523	407
3602	2186
3562	3388
2973	3388
275	263
3146	1264
2784	1264
755	1849
2173	755
865	239
474	239
659	239
3110	239
1154	239
2492	239
3366	239
3453	239
3427	2940
3562	2940
2276	2940
4145	2940
3112	3832
865	549
3767	549
3392	554
3540	3519
3566	3519
1579	4549
1861	1579
366	1720
659	947
3217	947
4166	947
1143	947
795	947
926	947
3071	947
3441	947
3728	947
2058	129
1957	3410
3602	558
3240	558
3073	2583
2906	1906
4452	1906
2762	1906
1258	1906
2930	1906
3067	1906
4088	1906
3981	839
2650	839
2978	4148
3341	1328
1709	1328
2806	2856
2906	3008
4543	3008
3025	3008
4543	2906
4149	2906
2762	2906
2463	2906
3318	2906
3360	1924
2734	1924
1754	1792
1330	4452
2770	4452
1516	1084
3562	1084
998	1084
567	1084
4483	4543
3885	4543
1578	2332
608	614
4535	2811
1103	2811
1703	2811
2768	2066
1992	2066
2764	2066
3453	474
3113	1520
279	4149
2249	1023
1568	1023
2469	1023
2678	1023
928	1516
3292	1516
473	1516
3826	1516
2080	1516
888	1516
759	1516
767	1516
1061	1516
1318	1516
1540	1516
1716	1516
1990	1516
2074	1516
2245	1516
2873	1516
4048	1516
643	2762
2024	969
2953	969
1178	3341
1709	3341
2827	2024
4475	2024
2953	2024
643	3038
506	3038
446	1290
3602	2007
894	2007
2806	2007
4519	2007
4383	3265
58	4318
3330	3647
999	3918
2834	3918
4475	3918
820	3918
119	3163
166	2854
3727	2736
4475	4438
2618	915
3360	2618
927	2618
2764	2618
718	2737
2523	2737
3966	2737
926	3602
3872	3602
2446	2765
3966	2765
2330	2417
3177	4291
1795	4291
499	2798
3775	2798
692	2798
3826	3146
660	3146
1320	3146
1626	3146
3186	3146
4489	3662
809	3266
927	2474
2184	2474
1718	1346
2091	4082
1909	4082
1149	2482
198	1439
949	108
4475	2827
659	3292
4441	3292
4166	3292
2566	3292
1143	3292
3358	4475
1529	4475
3956	4475
4460	4475
76	4475
797	4475
898	4475
1648	4475
1773	4475
1775	4475
1840	4475
1842	4475
1878	4475
2943	4475
3022	4475
3149	4475
3234	4475
3970	4475
3861	4475
3987	4475
4009	4475
4040	4475
4523	4475
1356	4475
275	825
563	275
3095	275
1216	4167
2930	1258
509	809
2768	3360
53	3360
285	3360
2553	3360
1992	3360
3459	3360
796	1001
3861	1001
2480	473
3168	820
3427	820
888	820
4496	820
480	3168
3427	3168
2567	480
376	3427
3194	2391
4294	145
4324	3690
2711	2527
1167	2527
2276	659
1143	659
4122	659
3331	659
2768	4385
3584	1721
3872	3358
1450	4426
3596	2330
2271	2330
3981	1529
3087	1529
759	1172
251	4467
1494	3826
3393	3826
1992	3596
218	3956
2912	3562
4347	2434
152	288
3658	288
1833	15
3453	15
4360	2343
2626	2343
2778	2343
3566	2343
2626	4360
2926	4360
1909	2626
3566	2626
573	3554
17	2768
285	2768
2553	2768
3677	2768
3443	751
3227	751
76	751
3087	968
366	3411
1056	366
4228	1777
4364	3177
3233	3131
2942	2953
1104	4063
4214	4460
1822	202
2328	1753
1484	1753
2523	167
2012	2701
455	4228
771	4228
2463	113
1484	113
2650	113
797	2463
2276	3220
3110	2276
160	3538
1578	4003
3104	4003
3393	4003
2650	4003
3903	1578
3393	1578
3698	1578
2650	1578
1165	1578
1165	619
1521	3962
446	3087
936	3087
1109	3087
4292	3087
3784	4403
1143	4441
4122	4441
4122	1930
2592	1930
4227	1930
1143	4166
4122	4166
1143	2566
4122	2566
4122	1143
2592	4122
1970	2778
2335	4024
2328	2672
1788	3993
3698	3993
2678	3993
3566	3993
3	3104
3466	3104
3393	1494
2650	1494
2929	4535
1273	4535
3446	1718
3071	982
285	2384
2553	2384
2650	3393
4095	4096
3885	1330
2978	2328
4396	2328
2184	17
2677	53
376	888
285	67
2904	76
2683	89
519	128
3987	146
2277	156
935	160
927	285
1992	285
2747	285
2764	285
2978	285
3459	285
198	285
3356	351
1091	358
2134	376
695	388
4364	434
3572	441
2253	446
4216	446
2989	453
777	455
1773	519
1125	530
1237	546
1568	759
2106	795
2382	796
2277	881
2553	927
1167	945
2134	945
1649	978
3331	1125
4153	1137
2395	1167
1356	1294
2764	2553
3069	1358
2237	1383
3769	1407
2323	1466
3698	1568
3723	1568
1356	1568
1577	1568
2678	1568
3566	1568
4434	1617
2847	1625
3243	1665
4260	1752
2077	1900
3752	1900
3698	1970
4434	1992
3453	2005
4434	3698
3723	3698
1356	3698
1577	3698
2678	3698
3566	3698
2340	490
3441	2068
3158	2184
4434	2184
3773	2271
1612	2277
2621	2531
2597	2531
3560	2549
3588	2549
2820	2714
2978	2714
4434	2764
3243	2772
3130	2824
3804	3186
4376	3259
4145	3350
3530	3517
3728	3584
4294	3584
4189	3613
4134	3650
3899	3787
3806	3805
3331	4040
3566	2678
