0	86
0	333
0	1290
0	1360
2	622
2	648
2	833
2	1376
4	287
4	911
4	1154
4	1421
13	1183
15	724
15	1420
16	64
16	174
16	256
16	350
16	353
16	772
16	806
16	931
16	1077
16	1115
16	1282
19	676
22	528
23	969
23	974
25	1214
25	1254
26	426
27	564
27	806
27	1024
27	1026
28	1024
29	538
29	1234
33	109
33	1275
34	137
34	146
38	64
38	65
38	103
38	149
38	192
38	248
38	340
38	361
38	406
38	476
38	498
38	506
38	564
38	806
38	851
38	923
38	956
38	973
38	1006
38	1026
38	1088
38	1139
38	1210
38	1260
38	1282
38	1384
39	722
39	824
39	1151
40	1245
42	580
44	253
49	64
49	65
49	139
49	149
49	174
49	248
49	350
49	361
49	406
49	498
49	504
49	553
49	564
49	581
49	627
49	634
49	772
49	806
49	851
49	888
49	933
49	956
49	971
49	1006
49	1026
49	1068
49	1072
49	1077
49	1088
49	1160
49	1213
49	1260
49	1282
49	1363
49	1384
49	1393
53	332
53	501
53	1385
54	116
54	328
54	329
54	510
54	563
54	587
54	703
54	800
54	804
54	1084
54	1212
54	1309
54	1364
56	117
56	171
56	479
56	517
56	644
56	646
56	1188
56	1372
57	465
59	1247
60	388
62	416
62	505
62	794
63	526
63	833
64	65
64	103
64	149
64	192
64	340
64	350
64	361
64	406
64	498
64	564
64	772
64	806
64	851
64	880
64	956
64	1006
64	1026
64	1088
64	1139
64	1156
64	1160
64	1210
64	1252
64	1258
64	1260
64	1282
64	1363
64	1384
64	1417
65	139
65	149
65	174
65	248
65	316
65	336
65	350
65	361
65	398
65	406
65	564
65	772
65	806
65	851
65	956
65	971
65	978
65	1006
65	1026
65	1088
65	1139
65	1160
65	1213
65	1229
65	1260
65	1282
65	1316
65	1363
65	1380
65	1384
65	1393
65	1415
66	162
66	338
66	439
66	547
66	557
66	558
66	758
66	892
66	952
66	996
66	1310
66	1414
66	1455
67	885
67	1027
73	361
73	971
73	1282
77	1389
83	1453
85	159
85	261
85	315
85	323
85	347
85	359
85	603
85	667
85	742
85	1016
85	1196
85	1304
86	333
86	1290
86	1360
89	1389
93	279
97	219
97	1428
100	958
100	1328
100	1386
103	149
103	192
103	350
103	361
103	406
103	476
103	498
103	506
103	564
103	806
103	851
103	956
103	1006
103	1088
103	1139
103	1260
103	1282
106	903
109	808
109	1275
110	446
113	176
113	695
113	815
114	154
114	287
114	461
114	468
114	712
114	860
114	900
114	975
114	1062
114	1126
114	1235
114	1340
116	328
116	329
116	510
116	563
116	587
116	703
116	800
116	804
116	1084
116	1212
116	1309
116	1364
117	164
117	171
117	479
117	517
117	644
117	646
117	1188
117	1372
120	360
125	261
125	315
125	323
125	1196
136	685
137	146
138	390
138	501
138	849
138	886
138	1120
138	1155
138	1385
138	1413
139	174
139	316
139	581
139	668
139	888
139	933
139	1072
139	1160
139	1213
139	1415
140	658
140	793
140	963
144	385
145	154
145	468
145	554
145	619
145	712
145	900
145	975
145	1046
145	1062
149	174
149	192
149	248
149	340
149	350
149	361
149	406
149	498
149	506
149	564
149	627
149	772
149	773
149	806
149	851
149	923
149	956
149	971
149	1006
149	1026
149	1075
149	1088
149	1139
149	1160
149	1210
149	1211
149	1260
149	1282
149	1316
149	1384
150	709
154	468
154	554
154	619
154	712
154	900
154	975
154	1046
154	1062
155	174
155	248
155	577
155	668
155	682
155	745
155	755
155	888
155	933
155	1072
155	1142
155	1160
155	1415
155	1430
155	1468
156	1421
159	261
159	315
159	323
159	347
159	359
159	603
159	742
159	962
159	1016
159	1196
159	1304
160	390
160	683
160	908
160	966
160	1385
160	1432
162	338
162	439
162	522
162	758
162	952
162	1455
163	1344
164	479
164	517
164	644
164	646
164	1188
164	1372
169	287
169	444
169	1181
169	1421
170	443
170	748
171	479
171	517
171	644
171	646
171	1188
174	246
174	248
174	316
174	504
174	564
174	577
174	581
174	668
174	755
174	772
174	886
174	888
174	933
174	1026
174	1072
174	1115
174	1139
174	1160
174	1213
174	1252
174	1282
174	1363
174	1393
174	1415
174	1468
175	659
176	695
176	815
180	749
182	919
184	469
184	753
185	586
185	1040
185	1201
185	1456
192	248
192	340
192	350
192	361
192	390
192	406
192	476
192	498
192	564
192	772
192	806
192	851
192	956
192	971
192	978
192	1006
192	1026
192	1088
192	1120
192	1139
192	1155
192	1210
192	1260
192	1282
192	1363
192	1384
192	1393
192	1417
192	1449
198	299
198	547
198	557
198	694
198	952
198	1405
201	473
201	605
201	632
201	641
201	684
203	409
206	597
206	649
206	650
206	1186
208	492
208	497
208	784
210	224
213	489
213	545
213	689
213	1232
213	1322
213	1485
215	301
215	420
215	472
215	1206
215	1361
218	866
218	1168
218	1322
218	1464
218	1485
228	274
230	654
237	1266
240	426
246	255
246	390
246	441
246	501
246	849
246	880
246	886
246	891
246	895
246	953
246	1055
246	1120
246	1210
246	1252
246	1282
246	1334
246	1363
246	1385
246	1393
246	1413
248	340
248	350
248	361
248	406
248	476
248	498
248	504
248	553
248	564
248	581
248	627
248	634
248	668
248	772
248	773
248	806
248	851
248	888
248	933
248	949
248	956
248	978
248	1006
248	1017
248	1026
248	1068
248	1072
248	1075
248	1088
248	1139
248	1160
248	1178
248	1210
248	1213
248	1260
248	1282
248	1363
248	1380
248	1384
248	1393
248	1415
248	1417
248	1430
249	631
255	390
255	441
255	501
255	564
255	880
255	886
255	891
255	1055
255	1120
255	1252
255	1334
255	1413
255	1432
256	931
256	1077
256	1115
261	315
261	323
261	347
261	359
261	603
261	667
261	742
261	962
261	1016
261	1196
261	1304
262	1325
264	609
264	835
264	928
270	446
270	711
276	488
276	613
276	618
276	1267
276	1427
277	972
286	459
286	715
286	823
286	835
286	1336
287	444
287	911
287	1154
287	1181
287	1340
287	1421
289	826
289	881
295	975
297	1056
297	1326
299	547
299	557
299	694
299	952
299	1405
301	420
301	472
301	1206
301	1361
303	382
303	578
303	770
303	792
303	972
309	1141
311	1238
314	1123
315	323
315	347
315	359
315	603
315	667
315	742
315	962
315	1016
315	1171
315	1196
315	1304
316	423
316	581
316	668
316	1160
316	1213
316	1229
316	1415
323	347
323	359
323	603
323	667
323	742
323	962
323	1016
323	1196
323	1204
323	1304
325	465
328	329
328	510
328	563
328	587
328	703
328	800
328	804
328	1084
328	1212
328	1309
328	1364
329	510
329	563
329	587
329	703
329	800
329	804
329	1084
329	1212
329	1309
329	1364
330	998
333	1290
333	1360
335	349
335	439
335	620
335	892
336	581
336	1229
338	439
338	522
338	758
338	782
338	952
338	1455
340	350
340	361
340	406
340	498
340	564
340	772
340	806
340	851
340	956
340	971
340	1006
340	1026
340	1088
340	1139
340	1210
340	1240
340	1260
340	1282
340	1393
340	1417
347	559
347	1016
348	362
348	876
348	1033
348	1094
348	1291
349	439
349	504
349	620
349	892
349	996
349	1414
350	361
350	498
350	506
350	564
350	772
350	806
350	851
350	923
350	971
350	1006
350	1026
350	1088
350	1139
350	1260
350	1282
350	1393
350	1417
353	931
353	1077
353	1115
353	1316
354	485
354	1405
358	896
358	1435
359	603
359	742
359	1016
359	1196
359	1204
359	1304
361	390
361	406
361	476
361	498
361	564
361	627
361	772
361	806
361	851
361	880
361	923
361	956
361	973
361	989
361	1006
361	1026
361	1075
361	1088
361	1139
361	1155
361	1156
361	1210
361	1252
361	1260
361	1282
361	1384
361	1385
361	1413
361	1417
362	876
362	1033
362	1094
362	1291
365	1183
368	1266
374	708
374	1483
375	478
382	578
382	770
382	792
382	972
384	832
384	1346
388	1126
388	1356
390	441
390	456
390	501
390	564
390	683
390	849
390	880
390	886
390	891
390	895
390	953
390	966
390	989
390	1055
390	1120
390	1155
390	1252
390	1260
390	1282
390	1334
390	1385
390	1393
390	1413
390	1432
391	781
394	1061
398	939
398	1077
398	1115
406	476
406	498
406	564
406	573
406	772
406	806
406	851
406	923
406	956
406	971
406	1006
406	1026
406	1075
406	1088
406	1139
406	1210
406	1260
406	1282
406	1384
415	1053
416	526
416	806
416	969
416	974
420	1206
423	581
425	923
425	1000
425	1088
426	582
426	798
426	829
426	855
426	861
426	898
426	914
426	1117
426	1184
426	1462
431	618
432	889
439	504
439	547
439	557
439	558
439	620
439	758
439	892
439	952
439	996
439	1310
439	1414
439	1455
441	456
441	501
441	683
441	849
441	886
441	891
441	895
441	1055
441	1120
441	1155
441	1252
441	1260
441	1282
441	1334
441	1385
441	1393
441	1413
441	1432
443	748
444	1181
444	1421
446	711
454	526
455	630
455	1221
455	1337
456	886
456	895
456	1120
456	1282
456	1385
456	1432
457	521
459	526
459	823
459	835
459	928
468	554
468	619
468	712
468	860
468	900
468	975
468	1046
468	1062
468	1126
468	1340
472	1206
472	1361
473	605
473	632
473	641
473	684
476	498
476	956
476	1006
476	1026
476	1088
476	1210
476	1211
476	1260
479	517
479	644
479	646
479	1188
479	1372
485	522
485	586
485	634
485	719
485	772
485	1044
488	613
488	618
488	656
488	1267
488	1427
489	545
489	689
489	1232
489	1322
489	1485
492	497
492	784
495	514
495	1003
495	1198
496	675
496	1088
496	1282
497	784
498	506
498	564
498	573
498	627
498	772
498	806
498	849
498	851
498	880
498	956
498	966
498	971
498	972
498	989
498	1006
498	1026
498	1075
498	1088
498	1139
498	1155
498	1210
498	1211
498	1260
498	1282
498	1363
498	1384
498	1385
498	1417
499	541
500	838
500	1345
501	683
501	849
501	886
501	891
501	895
501	953
501	1055
501	1120
501	1155
501	1252
501	1260
501	1282
501	1334
501	1385
501	1393
501	1413
501	1432
504	522
504	772
504	892
504	933
504	996
504	1072
504	1160
504	1282
504	1393
506	564
506	806
506	851
506	1282
507	1369
510	563
510	587
510	703
510	800
510	804
510	1084
510	1212
510	1309
510	1316
510	1364
514	1003
514	1198
517	644
517	646
517	1188
517	1372
520	581
520	668
522	553
522	586
522	634
522	758
522	1024
522	1469
526	704
526	823
526	835
526	928
526	1298
538	1234
541	1431
545	689
545	1232
545	1322
545	1485
547	557
547	694
547	952
547	1405
547	1447
549	806
549	851
549	956
549	1260
553	1178
553	1282
554	619
554	712
554	900
554	975
554	1046
554	1062
557	694
557	782
557	952
557	1310
557	1414
557	1447
557	1455
560	768
561	1114
561	1363
563	587
563	703
563	800
563	804
563	1084
563	1212
563	1309
563	1364
564	627
564	772
564	806
564	851
564	880
564	923
564	971
564	978
564	1006
564	1026
564	1075
564	1088
564	1139
564	1156
564	1160
564	1210
564	1260
564	1282
564	1315
564	1316
564	1384
564	1385
564	1393
564	1417
573	956
573	1088
573	1260
575	1461
576	1471
577	668
577	682
577	755
577	888
577	933
577	1072
577	1160
577	1363
577	1415
578	770
581	668
581	888
581	1088
581	1160
581	1229
581	1415
582	798
582	829
582	861
582	914
582	1006
582	1056
582	1184
582	1312
582	1462
586	634
586	760
586	772
586	1316
587	697
587	703
587	800
587	804
587	1084
587	1212
587	1309
587	1364
597	649
597	650
597	1186
599	679
599	1118
599	1383
599	1387
603	742
603	962
603	1016
603	1196
605	632
605	641
605	684
606	1370
609	928
609	1091
613	644
613	656
613	1188
613	1267
613	1427
619	712
619	900
619	975
619	1046
619	1062
619	1337
620	892
622	648
622	750
627	772
627	806
627	851
627	971
627	1315
630	1221
630	1337
631	1150
632	641
632	684
634	772
634	806
634	1393
638	794
638	835
638	928
640	924
641	684
644	646
644	1188
644	1372
646	1188
646	1372
648	1179
649	650
649	1186
649	1222
650	1186
654	1213
655	1154
655	1434
656	1154
656	1267
656	1427
656	1434
658	793
658	963
667	1196
668	682
668	745
668	755
668	888
668	933
668	1072
668	1142
668	1160
668	1415
668	1468
679	1383
679	1387
681	1156
682	755
682	888
682	933
682	1415
682	1468
683	880
683	886
683	891
683	895
683	1055
683	1120
683	1155
683	1252
683	1260
683	1282
683	1334
683	1385
683	1413
683	1432
689	1232
689	1322
689	1485
690	786
694	952
694	1405
694	1447
695	815
703	800
703	804
703	1084
703	1212
703	1309
703	1364
704	1298
707	1297
708	1483
712	860
712	900
712	975
712	1046
712	1062
712	1340
715	1336
722	824
722	1151
723	1414
724	1420
742	962
742	1016
742	1196
742	1304
745	755
750	806
750	1068
754	1339
755	888
755	933
755	1072
755	1160
755	1363
755	1415
755	1468
758	952
758	1455
770	792
772	773
772	806
772	851
772	923
772	933
772	971
772	1006
772	1026
772	1068
772	1088
772	1139
772	1260
772	1282
772	1316
772	1380
772	1393
773	806
773	851
773	1026
773	1075
773	1282
773	1459
775	879
777	1245
778	785
782	952
783	816
793	963
794	972
798	829
798	861
798	914
798	1056
798	1184
798	1462
800	804
800	1084
800	1212
800	1309
800	1316
800	1364
801	1052
804	1084
804	1212
804	1309
804	1364
806	851
806	933
806	956
806	971
806	1006
806	1026
806	1068
806	1075
806	1088
806	1139
806	1160
806	1210
806	1211
806	1260
806	1282
806	1316
806	1384
806	1393
806	1417
806	1430
808	1275
822	875
823	835
823	1048
824	1151
826	881
828	1314
829	861
829	914
829	1184
829	1462
831	1174
832	1346
833	1376
833	1454
835	928
835	1431
849	880
849	886
849	895
849	932
849	953
849	1055
849	1120
849	1252
849	1260
849	1282
849	1334
849	1385
849	1393
849	1413
851	956
851	971
851	989
851	1006
851	1026
851	1075
851	1088
851	1139
851	1160
851	1210
851	1211
851	1260
851	1282
851	1417
860	900
860	975
860	1062
860	1340
861	914
861	1056
861	1184
861	1462
864	1354
866	1168
866	1322
866	1464
866	1485
868	1102
876	1033
876	1094
876	1291
880	886
880	895
880	953
880	1120
880	1155
880	1252
880	1260
880	1282
880	1338
880	1385
880	1393
880	1432
884	1193
885	1027
886	891
886	895
886	953
886	1055
886	1120
886	1155
886	1252
886	1260
886	1282
886	1334
886	1385
886	1393
886	1413
886	1432
888	933
888	1160
888	1415
888	1468
891	895
891	1055
891	1120
891	1252
891	1282
891	1334
891	1385
891	1413
892	996
892	1414
895	1055
895	1120
895	1155
895	1252
895	1260
895	1282
895	1334
895	1338
895	1385
895	1393
895	1413
895	1432
898	1070
900	975
900	1046
900	1062
908	966
908	1260
908	1385
911	1154
911	1421
914	1056
914	1184
914	1462
918	1489
922	1374
923	1006
923	1026
923	1139
923	1156
923	1260
923	1282
928	1048
931	1077
931	1115
932	1252
932	1393
933	1006
933	1072
933	1142
933	1160
933	1363
933	1415
933	1468
952	1310
952	1405
952	1414
952	1447
952	1455
953	1055
953	1120
953	1252
953	1260
953	1282
953	1363
953	1385
953	1413
956	1006
956	1026
956	1088
956	1139
956	1211
956	1240
956	1260
956	1282
958	1328
958	1386
962	1016
962	1196
966	1260
966	1282
966	1385
969	974
971	1006
971	1026
971	1088
971	1139
971	1160
971	1210
971	1240
971	1260
971	1384
971	1417
973	1088
974	1114
974	1367
974	1405
975	1046
975	1062
978	1017
978	1068
978	1088
978	1178
989	1260
989	1282
996	1414
996	1455
1003	1198
1006	1026
1006	1056
1006	1075
1006	1088
1006	1139
1006	1160
1006	1210
1006	1260
1006	1282
1006	1384
1006	1393
1006	1417
1009	1196
1016	1171
1016	1196
1024	1282
1026	1075
1026	1088
1026	1139
1026	1160
1026	1210
1026	1258
1026	1260
1026	1282
1026	1316
1026	1363
1026	1384
1026	1417
1033	1094
1033	1291
1040	1456
1045	1048
1046	1062
1055	1120
1055	1155
1055	1252
1055	1260
1055	1282
1055	1334
1055	1385
1055	1413
1055	1432
1056	1326
1059	1255
1072	1142
1072	1160
1072	1363
1072	1415
1072	1468
1075	1088
1075	1139
1075	1210
1075	1260
1075	1282
1075	1316
1075	1384
1077	1115
1077	1316
1077	1380
1084	1212
1084	1309
1088	1139
1088	1160
1088	1210
1088	1211
1088	1260
1088	1282
1088	1417
1094	1291
1107	1149
1107	1217
1107	1231
1107	1396
1114	1367
1115	1316
1118	1383
1118	1387
1120	1155
1120	1252
1120	1260
1120	1282
1120	1334
1120	1385
1120	1393
1120	1413
1120	1432
1126	1356
1129	1298
1131	1483
1134	1150
1139	1210
1139	1240
1139	1258
1139	1260
1139	1282
1139	1316
1139	1384
1139	1417
1139	1459
1142	1468
1149	1217
1149	1231
1149	1396
1149	1434
1154	1421
1154	1434
1155	1252
1155	1260
1155	1282
1155	1334
1155	1385
1155	1413
1155	1432
1156	1260
1156	1282
1160	1282
1160	1363
1160	1380
1160	1384
1160	1415
1160	1468
1168	1322
1168	1464
1168	1485
1178	1430
1181	1421
1184	1312
1184	1462
1186	1222
1188	1372
1189	1237
1194	1322
1194	1347
1194	1348
1194	1431
1194	1464
1194	1485
1196	1204
1196	1304
1201	1478
1206	1361
1210	1258
1210	1260
1210	1282
1210	1316
1210	1384
1210	1393
1212	1309
1212	1316
1212	1364
1213	1363
1217	1231
1217	1396
1217	1434
1221	1337
1231	1396
1231	1434
1232	1322
1232	1485
1240	1260
1252	1260
1252	1282
1252	1334
1252	1363
1252	1385
1252	1393
1252	1413
1255	1302
1255	1321
1258	1260
1258	1282
1260	1282
1260	1384
1260	1385
1260	1393
1260	1413
1260	1417
1260	1432
1260	1449
1267	1427
1282	1334
1282	1363
1282	1384
1282	1385
1282	1393
1282	1413
1282	1417
1282	1432
1283	1296
1290	1360
1298	1421
1309	1364
1310	1414
1316	1380
1316	1384
1322	1347
1322	1348
1322	1431
1322	1464
1322	1485
1328	1386
1334	1385
1334	1393
1334	1413
1338	1393
1347	1348
1347	1431
1347	1464
1347	1485
1348	1431
1348	1464
1348	1485
1363	1393
1363	1415
1363	1430
1376	1454
1383	1387
1385	1393
1385	1413
1385	1432
1385	1459
1393	1413
1393	1432
1393	1459
1396	1434
1413	1432
1414	1455
1415	1468
1417	1459
1431	1464
1431	1485
1464	1485
86	0
333	0
1290	0
1360	0
622	2
648	2
833	2
1376	2
287	4
911	4
1154	4
1421	4
1183	13
724	15
1420	15
64	16
174	16
256	16
350	16
353	16
772	16
806	16
931	16
1077	16
1115	16
1282	16
676	19
528	22
969	23
974	23
1214	25
1254	25
426	26
564	27
806	27
1024	27
1026	27
1024	28
538	29
1234	29
109	33
1275	33
137	34
146	34
64	38
65	38
103	38
149	38
192	38
248	38
340	38
361	38
406	38
476	38
498	38
506	38
564	38
806	38
851	38
923	38
956	38
973	38
1006	38
1026	38
1088	38
1139	38
1210	38
1260	38
1282	38
1384	38
722	39
824	39
1151	39
1245	40
580	42
253	44
64	49
65	49
139	49
149	49
174	49
248	49
350	49
361	49
406	49
498	49
504	49
553	49
564	49
581	49
627	49
634	49
772	49
806	49
851	49
888	49
933	49
956	49
971	49
1006	49
1026	49
1068	49
1072	49
1077	49
1088	49
1160	49
1213	49
1260	49
1282	49
1363	49
1384	49
1393	49
332	53
501	53
1385	53
116	54
328	54
329	54
510	54
563	54
587	54
703	54
800	54
804	54
1084	54
1212	54
1309	54
1364	54
117	56
171	56
479	56
517	56
644	56
646	56
1188	56
1372	56
465	57
1247	59
388	60
416	62
505	62
794	62
526	63
833	63
65	64
103	64
149	64
192	64
340	64
350	64
361	64
406	64
498	64
564	64
772	64
806	64
851	64
880	64
956	64
1006	64
1026	64
1088	64
1139	64
1156	64
1160	64
1210	64
1252	64
1258	64
1260	64
1282	64
1363	64
1384	64
1417	64
139	65
149	65
174	65
248	65
316	65
336	65
350	65
361	65
398	65
406	65
564	65
772	65
806	65
851	65
956	65
971	65
978	65
1006	65
1026	65
1088	65
1139	65
1160	65
1213	65
1229	65
1260	65
1282	65
1316	65
1363	65
1380	65
1384	65
1393	65
1415	65
162	66
338	66
439	66
547	66
557	66
558	66
758	66
892	66
952	66
996	66
1310	66
1414	66
1455	66
885	67
1027	67
361	73
971	73
1282	73
1389	77
1453	83
159	85
261	85
315	85
323	85
347	85
359	85
603	85
667	85
742	85
1016	85
1196	85
1304	85
333	86
1290	86
1360	86
1389	89
279	93
219	97
1428	97
958	100
1328	100
1386	100
149	103
192	103
350	103
361	103
406	103
476	103
498	103
506	103
564	103
806	103
851	103
956	103
1006	103
1088	103
1139	103
1260	103
1282	103
903	106
808	109
1275	109
446	110
176	113
695	113
815	113
154	114
287	114
461	114
468	114
712	114
860	114
900	114
975	114
1062	114
1126	114
1235	114
1340	114
328	116
329	116
510	116
563	116
587	116
703	116
800	116
804	116
1084	116
1212	116
1309	116
1364	116
164	117
171	117
479	117
517	117
644	117
646	117
1188	117
1372	117
360	120
261	125
315	125
323	125
1196	125
685	136
146	137
390	138
501	138
849	138
886	138
1120	138
1155	138
1385	138
1413	138
174	139
316	139
581	139
668	139
888	139
933	139
1072	139
1160	139
1213	139
1415	139
658	140
793	140
963	140
385	144
154	145
468	145
554	145
619	145
712	145
900	145
975	145
1046	145
1062	145
174	149
192	149
248	149
340	149
350	149
361	149
406	149
498	149
506	149
564	149
627	149
772	149
773	149
806	149
851	149
923	149
956	149
971	149
1006	149
1026	149
1075	149
1088	149
1139	149
1160	149
1210	149
1211	149
1260	149
1282	149
1316	149
1384	149
709	150
468	154
554	154
619	154
712	154
900	154
975	154
1046	154
1062	154
174	155
248	155
577	155
668	155
682	155
745	155
755	155
888	155
933	155
1072	155
1142	155
1160	155
1415	155
1430	155
1468	155
1421	156
261	159
315	159
323	159
347	159
359	159
603	159
742	159
962	159
1016	159
1196	159
1304	159
390	160
683	160
908	160
966	160
1385	160
1432	160
338	162
439	162
522	162
758	162
952	162
1455	162
1344	163
479	164
517	164
644	164
646	164
1188	164
1372	164
287	169
444	169
1181	169
1421	169
443	170
748	170
479	171
517	171
644	171
646	171
1188	171
246	174
248	174
316	174
504	174
564	174
577	174
581	174
668	174
755	174
772	174
886	174
888	174
933	174
1026	174
1072	174
1115	174
1139	174
1160	174
1213	174
1252	174
1282	174
1363	174
1393	174
1415	174
1468	174
659	175
695	176
815	176
749	180
919	182
469	184
753	184
586	185
1040	185
1201	185
1456	185
248	192
340	192
350	192
361	192
390	192
406	192
476	192
498	192
564	192
772	192
806	192
851	192
956	192
971	192
978	192
1006	192
1026	192
1088	192
1120	192
1139	192
1155	192
1210	192
1260	192
1282	192
1363	192
1384	192
1393	192
1417	192
1449	192
299	198
547	198
557	198
694	198
952	198
1405	198
473	201
605	201
632	201
641	201
684	201
409	203
597	206
649	206
650	206
1186	206
492	208
497	208
784	208
224	210
489	213
545	213
689	213
1232	213
1322	213
1485	213
301	215
420	215
472	215
1206	215
1361	215
866	218
1168	218
1322	218
1464	218
1485	218
274	228
654	230
1266	237
426	240
255	246
390	246
441	246
501	246
849	246
880	246
886	246
891	246
895	246
953	246
1055	246
1120	246
1210	246
1252	246
1282	246
1334	246
1363	246
1385	246
1393	246
1413	246
340	248
350	248
361	248
406	248
476	248
498	248
504	248
553	248
564	248
581	248
627	248
634	248
668	248
772	248
773	248
806	248
851	248
888	248
933	248
949	248
956	248
978	248
1006	248
1017	248
1026	248
1068	248
1072	248
1075	248
1088	248
1139	248
1160	248
1178	248
1210	248
1213	248
1260	248
1282	248
1363	248
1380	248
1384	248
1393	248
1415	248
1417	248
1430	248
631	249
390	255
441	255
501	255
564	255
880	255
886	255
891	255
1055	255
1120	255
1252	255
1334	255
1413	255
1432	255
931	256
1077	256
1115	256
315	261
323	261
347	261
359	261
603	261
667	261
742	261
962	261
1016	261
1196	261
1304	261
1325	262
609	264
835	264
928	264
446	270
711	270
488	276
613	276
618	276
1267	276
1427	276
972	277
459	286
715	286
823	286
835	286
1336	286
444	287
911	287
1154	287
1181	287
1340	287
1421	287
826	289
881	289
975	295
1056	297
1326	297
547	299
557	299
694	299
952	299
1405	299
420	301
472	301
1206	301
1361	301
382	303
578	303
770	303
792	303
972	303
1141	309
1238	311
1123	314
323	315
347	315
359	315
603	315
667	315
742	315
962	315
1016	315
1171	315
1196	315
1304	315
423	316
581	316
668	316
1160	316
1213	316
1229	316
1415	316
347	323
359	323
603	323
667	323
742	323
962	323
1016	323
1196	323
1204	323
1304	323
465	325
329	328
510	328
563	328
587	328
703	328
800	328
804	328
1084	328
1212	328
1309	328
1364	328
510	329
563	329
587	329
703	329
800	329
804	329
1084	329
1212	329
1309	329
1364	329
998	330
1290	333
1360	333
349	335
439	335
620	335
892	335
581	336
1229	336
439	338
522	338
758	338
782	338
952	338
1455	338
350	340
361	340
406	340
498	340
564	340
772	340
806	340
851	340
956	340
971	340
1006	340
1026	340
1088	340
1139	340
1210	340
1240	340
1260	340
1282	340
1393	340
1417	340
559	347
1016	347
362	348
876	348
1033	348
1094	348
1291	348
439	349
504	349
620	349
892	349
996	349
1414	349
361	350
498	350
506	350
564	350
772	350
806	350
851	350
923	350
971	350
1006	350
1026	350
1088	350
1139	350
1260	350
1282	350
1393	350
1417	350
931	353
1077	353
1115	353
1316	353
485	354
1405	354
896	358
1435	358
603	359
742	359
1016	359
1196	359
1204	359
1304	359
390	361
406	361
476	361
498	361
564	361
627	361
772	361
806	361
851	361
880	361
923	361
956	361
973	361
989	361
1006	361
1026	361
1075	361
1088	361
1139	361
1155	361
1156	361
1210	361
1252	361
1260	361
1282	361
1384	361
1385	361
1413	361
1417	361
876	362
1033	362
1094	362
1291	362
1183	365
1266	368
708	374
1483	374
478	375
578	382
770	382
792	382
972	382
832	384
1346	384
1126	388
1356	388
441	390
456	390
501	390
564	390
683	390
849	390
880	390
886	390
891	390
895	390
953	390
966	390
989	390
1055	390
1120	390
1155	390
1252	390
1260	390
1282	390
1334	390
1385	390
1393	390
1413	390
1432	390
781	391
1061	394
939	398
1077	398
1115	398
476	406
498	406
564	406
573	406
772	406
806	406
851	406
923	406
956	406
971	406
1006	406
1026	406
1075	406
1088	406
1139	406
1210	406
1260	406
1282	406
1384	406
1053	415
526	416
806	416
969	416
974	416
1206	420
581	423
923	425
1000	425
1088	425
582	426
798	426
829	426
855	426
861	426
898	426
914	426
1117	426
1184	426
1462	426
618	431
889	432
504	439
547	439
557	439
558	439
620	439
758	439
892	439
952	439
996	439
1310	439
1414	439
1455	439
456	441
501	441
683	441
849	441
886	441
891	441
895	441
1055	441
1120	441
1155	441
1252	441
1260	441
1282	441
1334	441
1385	441
1393	441
1413	441
1432	441
748	443
1181	444
1421	444
711	446
526	454
630	455
1221	455
1337	455
886	456
895	456
1120	456
1282	456
1385	456
1432	456
521	457
526	459
823	459
835	459
928	459
554	468
619	468
712	468
860	468
900	468
975	468
1046	468
1062	468
1126	468
1340	468
1206	472
1361	472
605	473
632	473
641	473
684	473
498	476
956	476
1006	476
1026	476
1088	476
1210	476
1211	476
1260	476
517	479
644	479
646	479
1188	479
1372	479
522	485
586	485
634	485
719	485
772	485
1044	485
613	488
618	488
656	488
1267	488
1427	488
545	489
689	489
1232	489
1322	489
1485	489
497	492
784	492
514	495
1003	495
1198	495
675	496
1088	496
1282	496
784	497
506	498
564	498
573	498
627	498
772	498
806	498
849	498
851	498
880	498
956	498
966	498
971	498
972	498
989	498
1006	498
1026	498
1075	498
1088	498
1139	498
1155	498
1210	498
1211	498
1260	498
1282	498
1363	498
1384	498
1385	498
1417	498
541	499
838	500
1345	500
683	501
849	501
886	501
891	501
895	501
953	501
1055	501
1120	501
1155	501
1252	501
1260	501
1282	501
1334	501
1385	501
1393	501
1413	501
1432	501
522	504
772	504
892	504
933	504
996	504
1072	504
1160	504
1282	504
1393	504
564	506
806	506
851	506
1282	506
1369	507
563	510
587	510
703	510
800	510
804	510
1084	510
1212	510
1309	510
1316	510
1364	510
1003	514
1198	514
644	517
646	517
1188	517
1372	517
581	520
668	520
553	522
586	522
634	522
758	522
1024	522
1469	522
704	526
823	526
835	526
928	526
1298	526
1234	538
1431	541
689	545
1232	545
1322	545
1485	545
557	547
694	547
952	547
1405	547
1447	547
806	549
851	549
956	549
1260	549
1178	553
1282	553
619	554
712	554
900	554
975	554
1046	554
1062	554
694	557
782	557
952	557
1310	557
1414	557
1447	557
1455	557
768	560
1114	561
1363	561
587	563
703	563
800	563
804	563
1084	563
1212	563
1309	563
1364	563
627	564
772	564
806	564
851	564
880	564
923	564
971	564
978	564
1006	564
1026	564
1075	564
1088	564
1139	564
1156	564
1160	564
1210	564
1260	564
1282	564
1315	564
1316	564
1384	564
1385	564
1393	564
1417	564
956	573
1088	573
1260	573
1461	575
1471	576
668	577
682	577
755	577
888	577
933	577
1072	577
1160	577
1363	577
1415	577
770	578
668	581
888	581
1088	581
1160	581
1229	581
1415	581
798	582
829	582
861	582
914	582
1006	582
1056	582
1184	582
1312	582
1462	582
634	586
760	586
772	586
1316	586
697	587
703	587
800	587
804	587
1084	587
1212	587
1309	587
1364	587
649	597
650	597
1186	597
679	599
1118	599
1383	599
1387	599
742	603
962	603
1016	603
1196	603
632	605
641	605
684	605
1370	606
928	609
1091	609
644	613
656	613
1188	613
1267	613
1427	613
712	619
900	619
975	619
1046	619
1062	619
1337	619
892	620
648	622
750	622
772	627
806	627
851	627
971	627
1315	627
1221	630
1337	630
1150	631
641	632
684	632
772	634
806	634
1393	634
794	638
835	638
928	638
924	640
684	641
646	644
1188	644
1372	644
1188	646
1372	646
1179	648
650	649
1186	649
1222	649
1186	650
1213	654
1154	655
1434	655
1154	656
1267	656
1427	656
1434	656
793	658
963	658
1196	667
682	668
745	668
755	668
888	668
933	668
1072	668
1142	668
1160	668
1415	668
1468	668
1383	679
1387	679
1156	681
755	682
888	682
933	682
1415	682
1468	682
880	683
886	683
891	683
895	683
1055	683
1120	683
1155	683
1252	683
1260	683
1282	683
1334	683
1385	683
1413	683
1432	683
1232	689
1322	689
1485	689
786	690
952	694
1405	694
1447	694
815	695
800	703
804	703
1084	703
1212	703
1309	703
1364	703
1298	704
1297	707
1483	708
860	712
900	712
975	712
1046	712
1062	712
1340	712
1336	715
824	722
1151	722
1414	723
1420	724
962	742
1016	742
1196	742
1304	742
755	745
806	750
1068	750
1339	754
888	755
933	755
1072	755
1160	755
1363	755
1415	755
1468	755
952	758
1455	758
792	770
773	772
806	772
851	772
923	772
933	772
971	772
1006	772
1026	772
1068	772
1088	772
1139	772
1260	772
1282	772
1316	772
1380	772
1393	772
806	773
851	773
1026	773
1075	773
1282	773
1459	773
879	775
1245	777
785	778
952	782
816	783
963	793
972	794
829	798
861	798
914	798
1056	798
1184	798
1462	798
804	800
1084	800
1212	800
1309	800
1316	800
1364	800
1052	801
1084	804
1212	804
1309	804
1364	804
851	806
933	806
956	806
971	806
1006	806
1026	806
1068	806
1075	806
1088	806
1139	806
1160	806
1210	806
1211	806
1260	806
1282	806
1316	806
1384	806
1393	806
1417	806
1430	806
1275	808
875	822
835	823
1048	823
1151	824
881	826
1314	828
861	829
914	829
1184	829
1462	829
1174	831
1346	832
1376	833
1454	833
928	835
1431	835
880	849
886	849
895	849
932	849
953	849
1055	849
1120	849
1252	849
1260	849
1282	849
1334	849
1385	849
1393	849
1413	849
956	851
971	851
989	851
1006	851
1026	851
1075	851
1088	851
1139	851
1160	851
1210	851
1211	851
1260	851
1282	851
1417	851
900	860
975	860
1062	860
1340	860
914	861
1056	861
1184	861
1462	861
1354	864
1168	866
1322	866
1464	866
1485	866
1102	868
1033	876
1094	876
1291	876
886	880
895	880
953	880
1120	880
1155	880
1252	880
1260	880
1282	880
1338	880
1385	880
1393	880
1432	880
1193	884
1027	885
891	886
895	886
953	886
1055	886
1120	886
1155	886
1252	886
1260	886
1282	886
1334	886
1385	886
1393	886
1413	886
1432	886
933	888
1160	888
1415	888
1468	888
895	891
1055	891
1120	891
1252	891
1282	891
1334	891
1385	891
1413	891
996	892
1414	892
1055	895
1120	895
1155	895
1252	895
1260	895
1282	895
1334	895
1338	895
1385	895
1393	895
1413	895
1432	895
1070	898
975	900
1046	900
1062	900
966	908
1260	908
1385	908
1154	911
1421	911
1056	914
1184	914
1462	914
1489	918
1374	922
1006	923
1026	923
1139	923
1156	923
1260	923
1282	923
1048	928
1077	931
1115	931
1252	932
1393	932
1006	933
1072	933
1142	933
1160	933
1363	933
1415	933
1468	933
1310	952
1405	952
1414	952
1447	952
1455	952
1055	953
1120	953
1252	953
1260	953
1282	953
1363	953
1385	953
1413	953
1006	956
1026	956
1088	956
1139	956
1211	956
1240	956
1260	956
1282	956
1328	958
1386	958
1016	962
1196	962
1260	966
1282	966
1385	966
974	969
1006	971
1026	971
1088	971
1139	971
1160	971
1210	971
1240	971
1260	971
1384	971
1417	971
1088	973
1114	974
1367	974
1405	974
1046	975
1062	975
1017	978
1068	978
1088	978
1178	978
1260	989
1282	989
1414	996
1455	996
1198	1003
1026	1006
1056	1006
1075	1006
1088	1006
1139	1006
1160	1006
1210	1006
1260	1006
1282	1006
1384	1006
1393	1006
1417	1006
1196	1009
1171	1016
1196	1016
1282	1024
1075	1026
1088	1026
1139	1026
1160	1026
1210	1026
1258	1026
1260	1026
1282	1026
1316	1026
1363	1026
1384	1026
1417	1026
1094	1033
1291	1033
1456	1040
1048	1045
1062	1046
1120	1055
1155	1055
1252	1055
1260	1055
1282	1055
1334	1055
1385	1055
1413	1055
1432	1055
1326	1056
1255	1059
1142	1072
1160	1072
1363	1072
1415	1072
1468	1072
1088	1075
1139	1075
1210	1075
1260	1075
1282	1075
1316	1075
1384	1075
1115	1077
1316	1077
1380	1077
1212	1084
1309	1084
1139	1088
1160	1088
1210	1088
1211	1088
1260	1088
1282	1088
1417	1088
1291	1094
1149	1107
1217	1107
1231	1107
1396	1107
1367	1114
1316	1115
1383	1118
1387	1118
1155	1120
1252	1120
1260	1120
1282	1120
1334	1120
1385	1120
1393	1120
1413	1120
1432	1120
1356	1126
1298	1129
1483	1131
1150	1134
1210	1139
1240	1139
1258	1139
1260	1139
1282	1139
1316	1139
1384	1139
1417	1139
1459	1139
1468	1142
1217	1149
1231	1149
1396	1149
1434	1149
1421	1154
1434	1154
1252	1155
1260	1155
1282	1155
1334	1155
1385	1155
1413	1155
1432	1155
1260	1156
1282	1156
1282	1160
1363	1160
1380	1160
1384	1160
1415	1160
1468	1160
1322	1168
1464	1168
1485	1168
1430	1178
1421	1181
1312	1184
1462	1184
1222	1186
1372	1188
1237	1189
1322	1194
1347	1194
1348	1194
1431	1194
1464	1194
1485	1194
1204	1196
1304	1196
1478	1201
1361	1206
1258	1210
1260	1210
1282	1210
1316	1210
1384	1210
1393	1210
1309	1212
1316	1212
1364	1212
1363	1213
1231	1217
1396	1217
1434	1217
1337	1221
1396	1231
1434	1231
1322	1232
1485	1232
1260	1240
1260	1252
1282	1252
1334	1252
1363	1252
1385	1252
1393	1252
1413	1252
1302	1255
1321	1255
1260	1258
1282	1258
1282	1260
1384	1260
1385	1260
1393	1260
1413	1260
1417	1260
1432	1260
1449	1260
1427	1267
1334	1282
1363	1282
1384	1282
1385	1282
1393	1282
1413	1282
1417	1282
1432	1282
1296	1283
1360	1290
1421	1298
1364	1309
1414	1310
1380	1316
1384	1316
1347	1322
1348	1322
1431	1322
1464	1322
1485	1322
1386	1328
1385	1334
1393	1334
1413	1334
1393	1338
1348	1347
1431	1347
1464	1347
1485	1347
1431	1348
1464	1348
1485	1348
1393	1363
1415	1363
1430	1363
1454	1376
1387	1383
1393	1385
1413	1385
1432	1385
1459	1385
1413	1393
1432	1393
1459	1393
1434	1396
1432	1413
1455	1414
1468	1415
1459	1417
1464	1431
1485	1431
1485	1464
