0	2754
4	477
6	209
6	400
6	694
6	996
6	1087
6	1902
6	1966
6	2409
6	2479
7	49
7	2089
7	2724
9	49
9	264
9	330
9	355
9	370
9	489
9	585
9	762
9	1778
11	340
11	477
11	1527
15	2288
15	2470
20	1315
20	1588
22	112
22	172
22	554
22	1361
22	1861
22	1905
22	2288
25	1229
26	887
27	340
27	666
27	1589
27	2290
27	2648
28	2754
32	1704
33	47
33	1255
33	1561
33	2319
33	2657
34	1194
42	887
47	159
47	306
49	143
49	340
49	477
49	486
49	560
49	726
49	735
49	806
49	834
49	842
49	859
49	865
49	1021
49	1124
49	1134
49	1150
49	1152
49	1194
49	1276
49	1352
49	1358
49	1405
49	1446
49	1535
49	1640
49	1722
49	1863
49	1873
49	1905
49	1917
49	1966
49	2008
49	2108
49	2356
49	2484
49	2521
49	2579
49	2715
49	2733
53	1817
53	1902
53	2490
53	2579
58	2027
64	390
65	460
65	741
65	1416
65	1825
65	2730
73	1854
74	477
74	761
74	2754
79	302
79	887
79	1411
87	395
87	874
87	1241
87	1405
87	1491
87	1868
87	1944
87	2642
92	2369
95	340
95	509
95	741
95	1358
95	1640
95	1652
95	1722
95	2077
95	2278
95	2749
100	503
100	1358
102	489
104	477
104	1358
107	213
107	336
107	611
107	769
107	978
107	1064
107	1729
109	1142
110	2207
113	541
113	1361
113	1640
113	2360
114	739
114	1183
114	1306
114	2077
115	859
115	1574
117	169
117	2335
118	1055
120	1358
120	1817
120	1865
120	2027
120	2091
121	212
121	1896
126	2391
126	2580
126	2691
131	751
131	1124
131	2225
134	2464
137	486
139	815
139	848
139	1051
139	1058
139	2299
139	2787
139	2791
140	1688
140	1854
141	148
141	169
141	170
141	233
141	320
141	761
141	1282
141	1683
141	1778
141	1872
141	2116
141	2288
141	2528
141	2553
141	2728
143	355
143	1089
143	2008
143	2579
143	2733
147	2757
148	741
148	1358
148	1461
148	1527
148	2013
148	2091
148	2735
159	1194
160	728
160	1621
160	2153
160	2396
163	653
166	1250
166	2043
168	293
168	1055
168	2582
169	741
169	860
169	1578
169	1797
169	1859
169	1928
169	2027
169	2116
169	2124
169	2335
169	2356
169	2419
170	1704
170	1902
170	2396
172	373
172	506
172	583
172	1822
172	1826
172	2606
172	2791
175	2579
176	279
176	485
176	1700
176	1961
176	2098
180	806
180	2722
182	2097
182	2490
182	2505
182	2527
183	2378
184	489
184	2531
185	1902
185	2225
187	420
187	450
187	777
187	2084
187	2160
190	575
190	1352
190	1908
190	2525
190	2744
192	1924
193	1051
194	390
194	1045
194	1095
194	1406
194	1411
194	2188
194	2473
194	2505
194	2557
194	2749
204	395
204	1574
209	275
209	2579
212	400
212	1446
212	1483
212	1773
212	2598
213	611
213	769
213	806
213	978
213	1064
213	1089
213	1729
213	2495
222	616
222	1512
222	2590
222	2730
223	494
223	1336
223	2598
227	449
227	2754
231	740
231	1352
232	625
232	1023
232	1671
232	1873
233	508
233	741
233	1083
233	1174
233	1269
233	1475
233	1864
233	2105
233	2209
233	2470
238	1064
243	507
243	1475
243	1490
243	1588
243	2081
243	2136
243	2249
243	2698
249	2528
250	1337
250	1640
254	395
255	2678
257	275
257	645
257	1567
257	2081
257	2365
257	2733
258	728
258	1899
258	2043
258	2505
258	2650
259	477
262	2083
263	477
265	1103
265	2524
268	444
268	489
268	494
268	601
268	735
268	1361
268	1640
268	1916
272	689
272	829
275	980
275	1150
275	1863
275	2579
279	859
279	1805
279	2608
282	1839
293	489
293	741
293	811
293	1005
293	1021
293	1055
293	1361
293	1837
293	2015
293	2084
293	2370
293	2464
293	2582
293	2752
295	603
302	485
302	2097
302	2365
308	987
311	2151
311	2334
311	2504
311	2579
312	887
312	1885
321	2754
330	508
330	859
330	2373
330	2504
331	2714
332	1344
336	611
336	769
336	978
336	1064
336	1729
340	355
340	546
340	842
340	1130
340	1445
340	1507
340	1883
340	2365
340	2484
340	2648
340	2734
341	1624
349	1239
351	530
351	1032
351	1289
351	1564
351	1705
351	1753
351	1826
351	1934
351	2089
351	2091
351	2699
351	2733
354	2787
355	560
355	987
355	998
355	1049
355	2650
355	2693
355	2730
355	2733
359	1126
364	726
369	2188
370	1446
372	1865
372	2442
373	1826
387	887
390	601
390	1095
390	1406
390	1916
390	2198
390	2473
390	2505
392	987
395	824
395	874
395	1064
395	1236
395	1241
395	1854
395	1863
395	1868
395	1944
395	2334
399	477
400	775
400	996
400	1608
400	1966
400	2582
400	2648
400	2699
407	489
407	522
407	1055
407	1583
407	2582
413	832
413	962
413	1540
413	2787
415	735
415	1055
415	1733
417	728
417	777
417	1405
417	2207
417	2657
418	575
420	1700
420	2084
420	2111
420	2160
422	2225
423	962
423	1854
430	657
431	769
431	1793
432	1905
444	1640
444	1854
450	468
450	489
450	1055
450	2348
450	2582
459	1266
460	1893
462	698
468	563
468	608
468	698
468	935
477	494
477	515
477	541
477	569
477	570
477	684
477	785
477	868
477	911
477	987
477	1021
477	1263
477	1358
477	1369
477	1445
477	1485
477	1497
477	1507
477	1561
477	1621
477	1856
477	1918
477	2046
477	2140
477	2387
477	2404
477	2469
477	2505
477	2546
477	2771
482	560
482	742
485	1644
485	1689
485	1854
485	1961
485	2098
485	2470
486	603
486	1045
486	1405
486	1916
489	524
489	811
489	834
489	842
489	1047
489	1154
489	1250
489	1461
489	1590
489	1863
489	1865
489	2028
489	2308
489	2365
489	2663
492	2046
493	2313
494	604
494	702
494	709
494	735
494	772
494	785
494	811
494	850
494	859
494	888
494	1021
494	1061
494	1224
494	1283
494	1323
494	1663
494	1805
494	1854
494	2081
494	2265
494	2317
494	2525
494	2531
494	2579
494	2707
498	751
500	1239
500	2528
503	1746
508	1028
508	1613
508	2334
509	613
509	1527
512	1064
515	2453
522	1405
522	2409
524	1006
524	1535
524	1640
524	2348
524	2648
529	1144
531	560
541	561
541	657
541	681
541	1126
541	2288
541	2395
541	2715
549	1291
554	1358
554	2288
555	2521
559	2116
560	1640
563	2084
575	741
575	1005
575	2116
580	1405
588	982
589	2582
601	732
601	2563
601	2582
601	2648
603	1229
603	1629
603	1854
603	2116
603	2689
608	1491
608	1561
608	2524
608	2724
611	679
611	769
611	806
611	978
611	1064
611	1729
613	2083
613	2719
613	2735
616	1026
616	1512
616	2590
616	2730
618	741
618	2729
618	2757
625	1023
625	1055
625	1652
625	1737
625	1873
626	979
631	1567
631	1854
631	2008
631	2046
631	2630
631	2733
634	790
635	725
637	865
637	1023
644	865
645	852
645	2081
645	2170
657	681
657	1928
657	2395
657	2579
663	1723
672	1734
674	1061
674	1276
674	1405
679	769
679	1729
681	1126
681	2395
684	1021
684	1224
685	1094
685	1924
694	772
694	824
694	842
694	1004
698	1349
698	2757
702	1055
702	2531
702	2582
702	2583
709	2084
722	2116
725	2172
726	987
726	1250
726	2046
728	777
728	815
728	1567
728	1891
728	2207
728	2396
730	2278
735	1142
735	1361
735	1445
739	839
739	1612
739	1817
739	2154
739	2323
740	848
740	859
740	1464
740	1805
740	2278
740	2319
740	2356
740	2528
740	2579
741	806
741	842
741	1239
741	1475
741	1895
741	2528
745	1722
745	2470
751	841
751	1064
751	1924
751	2579
751	2716
754	2225
761	1403
761	1411
761	2754
769	806
769	978
769	1055
769	1064
769	1240
769	1361
769	1540
769	1729
769	1854
769	2681
772	824
772	842
775	1766
777	962
777	2111
777	2200
777	2348
777	2365
785	962
785	2225
790	1822
798	1074
806	953
806	1445
806	1873
806	1927
806	1966
806	2024
806	2506
811	2382
811	2582
813	1578
815	987
815	1058
815	2207
815	2299
815	2787
824	1089
824	1640
831	2402
832	1184
832	1587
834	2084
839	1446
841	962
842	1074
842	1446
842	1524
842	1881
842	1902
842	2111
842	2365
842	2490
842	2505
844	1578
844	2657
848	868
848	1058
848	1216
848	1826
848	2084
848	2160
848	2207
848	2299
848	2319
848	2787
848	2791
850	888
850	1061
850	1323
850	2015
850	2317
850	2334
852	1045
852	2081
852	2505
859	1055
859	1352
859	1405
859	1640
859	1680
859	1722
859	2470
865	1023
865	2521
870	1581
873	1948
877	1583
887	998
887	1404
887	1432
887	1668
887	1817
887	1854
887	1930
887	1969
887	2084
887	2125
887	2265
887	2332
888	2792
889	1055
889	2582
891	1446
896	1551
904	1276
908	1045
910	1201
911	1276
911	1446
923	1948
932	1446
933	2116
941	1891
941	2149
942	962
942	1194
944	1315
953	2111
961	2582
962	967
962	987
962	1167
962	1181
962	1188
962	1194
962	1443
962	2015
962	2084
962	2389
962	2506
969	1287
969	2582
974	2225
978	987
978	1064
980	1345
980	1993
981	2674
983	2492
987	1006
987	1055
987	1535
987	1599
987	2207
987	2225
987	2582
996	1966
996	2046
996	2089
996	2116
996	2479
997	1266
997	1838
998	1917
1006	1255
1006	1531
1006	1535
1021	1055
1021	1361
1021	1737
1021	2084
1021	2165
1021	2370
1021	2582
1023	1873
1023	2521
1026	2730
1029	2059
1033	1291
1033	1484
1045	1406
1045	1916
1045	1941
1045	2023
1045	2473
1047	1282
1048	1865
1051	1978
1055	1583
1055	1733
1055	1766
1055	1957
1055	2015
1055	2254
1055	2419
1055	2582
1055	2760
1058	2207
1058	2299
1058	2787
1058	2791
1061	1624
1061	2116
1064	1096
1064	1680
1064	1729
1064	1817
1064	1854
1064	1878
1064	2012
1064	2023
1064	2170
1064	2198
1064	2470
1068	1547
1069	1624
1074	1483
1074	1902
1074	2278
1074	2469
1074	2752
1080	1574
1080	1766
1087	2754
1089	1554
1089	1567
1094	1255
1094	1683
1094	2314
1095	2505
1098	2386
1100	1872
1101	1854
1112	2528
1124	1361
1124	1910
1124	1935
1124	2681
1126	2395
1134	1405
1141	1648
1142	2296
1144	1368
1149	1704
1151	2724
1152	1291
1152	1446
1152	2319
1152	2582
1154	1837
1154	2582
1165	2470
1174	2698
1181	1194
1181	2084
1181	2111
1181	2194
1184	2796
1185	1797
1188	1315
1188	1612
1194	1717
1194	2131
1194	2405
1194	2787
1196	1276
1217	2505
1217	2557
1218	2113
1229	1795
1229	2464
1239	2066
1239	2528
1239	2582
1239	2757
1239	2777
1248	2675
1250	2043
1255	1417
1255	2678
1260	1902
1266	1583
1266	1640
1269	1475
1269	2752
1274	2055
1276	2008
1276	2274
1276	2457
1276	2733
1282	1619
1282	2737
1283	1704
1289	1817
1291	2460
1292	2257
1296	1655
1303	2754
1306	1817
1307	2735
1315	1323
1315	1344
1315	1854
1315	2102
1315	2247
1315	2280
1315	2464
1315	2719
1319	2116
1323	1797
1325	1680
1330	2108
1331	1446
1331	1917
1336	2579
1344	1444
1344	1537
1344	2490
1345	2693
1352	1574
1358	1445
1358	1574
1358	2008
1358	2733
1361	1445
1361	1567
1361	1576
1361	1766
1361	2334
1362	2467
1366	2243
1369	2336
1371	2040
1391	1612
1403	1817
1404	1817
1404	2724
1405	1865
1405	1925
1405	2013
1405	2069
1405	2334
1405	2557
1406	1916
1406	2505
1410	1885
1411	2084
1411	2188
1411	2348
1411	2505
1411	2557
1417	1826
1417	2678
1418	2521
1443	2527
1443	2749
1445	1578
1445	1766
1445	2097
1445	2149
1445	2334
1445	2484
1445	2581
1446	1732
1446	2084
1446	2348
1446	2445
1446	2496
1468	1944
1471	2525
1475	1864
1483	2729
1493	2580
1494	1574
1504	1567
1504	2698
1511	1904
1511	2028
1511	2557
1512	2013
1512	2353
1512	2590
1512	2730
1513	1612
1527	1540
1527	1837
1527	2209
1527	2598
1531	1673
1535	1737
1535	2111
1539	2149
1540	1778
1540	1805
1540	1854
1540	2164
1540	2399
1540	2608
1561	2642
1561	2724
1567	1717
1567	2074
1567	2242
1574	2529
1578	2027
1581	2706
1583	2319
1583	2466
1583	2582
1583	2715
1587	2579
1590	1640
1590	1799
1590	2648
1594	1612
1605	2225
1612	1655
1612	1736
1612	2270
1613	2113
1628	2089
1628	2225
1640	1948
1640	2028
1640	2045
1640	2363
1640	2419
1640	2514
1640	2689
1644	1652
1644	2240
1668	2297
1673	1707
1673	2424
1677	1722
1680	1797
1680	2334
1683	2464
1683	2469
1683	2698
1688	2528
1700	2160
1700	2365
1704	1799
1704	2210
1704	2470
1704	2582
1707	2424
1715	2724
1717	2089
1717	2409
1718	1805
1722	2470
1723	2395
1732	2689
1733	1889
1734	1854
1737	1873
1748	1902
1753	2074
1766	1916
1766	2027
1771	1817
1779	2113
1779	2131
1784	2464
1797	2698
1801	2081
1805	1924
1805	2013
1805	2695
1817	1854
1817	2116
1822	2485
1823	2225
1826	2091
1826	2207
1826	2273
1826	2299
1826	2521
1826	2787
1826	2791
1851	2386
1851	2490
1854	1877
1854	1916
1854	1918
1854	2111
1854	2116
1854	2149
1854	2365
1854	2386
1854	2402
1854	2464
1854	2494
1854	2591
1854	2754
1854	2789
1877	2420
1885	2097
1885	2561
1889	2580
1891	2225
1901	2528
1902	2243
1902	2466
1902	2648
1902	2695
1903	2116
1908	2209
1911	2579
1916	2473
1916	2505
1918	2316
1922	2395
1924	2272
1934	2091
1961	2098
1961	2288
1961	2324
1962	2698
2008	2579
2008	2719
2012	2579
2015	2386
2015	2582
2022	2494
2023	2789
2024	2448
2027	2470
2029	2767
2046	2187
2046	2598
2052	2724
2055	2153
2059	2105
2066	2757
2074	2091
2084	2111
2084	2160
2084	2319
2084	2365
2084	2524
2086	2116
2089	2149
2089	2420
2089	2557
2091	2273
2097	2235
2111	2598
2111	2689
2113	2749
2116	2317
2116	2457
2116	2464
2131	2334
2131	2447
2136	2504
2149	2581
2159	2179
2160	2319
2160	2365
2160	2749
2187	2598
2188	2460
2188	2505
2188	2557
2207	2579
2207	2787
2225	2365
2225	2698
2254	2582
2274	2714
2288	2539
2288	2541
2288	2733
2299	2787
2299	2791
2316	2385
2334	2657
2334	2698
2336	2528
2353	2467
2365	2675
2365	2729
2378	2664
2391	2402
2391	2442
2402	2442
2402	2557
2419	2582
2438	2579
2442	2598
2447	2572
2460	2505
2464	2469
2473	2505
2473	2749
2475	2724
2504	2525
2504	2528
2505	2557
2521	2662
2528	2582
2528	2757
2538	2787
2579	2598
2590	2730
2638	2787
2719	2733
2719	2735
2724	2747
2729	2733
2730	2733
2787	2791
2754	0
477	4
209	6
400	6
694	6
996	6
1087	6
1902	6
1966	6
2409	6
2479	6
49	7
2089	7
2724	7
49	9
264	9
330	9
355	9
370	9
489	9
585	9
762	9
1778	9
340	11
477	11
1527	11
2288	15
2470	15
1315	20
1588	20
112	22
172	22
554	22
1361	22
1861	22
1905	22
2288	22
1229	25
887	26
340	27
666	27
1589	27
2290	27
2648	27
2754	28
1704	32
47	33
1255	33
1561	33
2319	33
2657	33
1194	34
887	42
159	47
306	47
143	49
340	49
477	49
486	49
560	49
726	49
735	49
806	49
834	49
842	49
859	49
865	49
1021	49
1124	49
1134	49
1150	49
1152	49
1194	49
1276	49
1352	49
1358	49
1405	49
1446	49
1535	49
1640	49
1722	49
1863	49
1873	49
1905	49
1917	49
1966	49
2008	49
2108	49
2356	49
2484	49
2521	49
2579	49
2715	49
2733	49
1817	53
1902	53
2490	53
2579	53
2027	58
390	64
460	65
741	65
1416	65
1825	65
2730	65
1854	73
477	74
761	74
2754	74
302	79
887	79
1411	79
395	87
874	87
1241	87
1405	87
1491	87
1868	87
1944	87
2642	87
2369	92
340	95
509	95
741	95
1358	95
1640	95
1652	95
1722	95
2077	95
2278	95
2749	95
503	100
1358	100
489	102
477	104
1358	104
213	107
336	107
611	107
769	107
978	107
1064	107
1729	107
1142	109
2207	110
541	113
1361	113
1640	113
2360	113
739	114
1183	114
1306	114
2077	114
859	115
1574	115
169	117
2335	117
1055	118
1358	120
1817	120
1865	120
2027	120
2091	120
212	121
1896	121
2391	126
2580	126
2691	126
751	131
1124	131
2225	131
2464	134
486	137
815	139
848	139
1051	139
1058	139
2299	139
2787	139
2791	139
1688	140
1854	140
148	141
169	141
170	141
233	141
320	141
761	141
1282	141
1683	141
1778	141
1872	141
2116	141
2288	141
2528	141
2553	141
2728	141
355	143
1089	143
2008	143
2579	143
2733	143
2757	147
741	148
1358	148
1461	148
1527	148
2013	148
2091	148
2735	148
1194	159
728	160
1621	160
2153	160
2396	160
653	163
1250	166
2043	166
293	168
1055	168
2582	168
741	169
860	169
1578	169
1797	169
1859	169
1928	169
2027	169
2116	169
2124	169
2335	169
2356	169
2419	169
1704	170
1902	170
2396	170
373	172
506	172
583	172
1822	172
1826	172
2606	172
2791	172
2579	175
279	176
485	176
1700	176
1961	176
2098	176
806	180
2722	180
2097	182
2490	182
2505	182
2527	182
2378	183
489	184
2531	184
1902	185
2225	185
420	187
450	187
777	187
2084	187
2160	187
575	190
1352	190
1908	190
2525	190
2744	190
1924	192
1051	193
390	194
1045	194
1095	194
1406	194
1411	194
2188	194
2473	194
2505	194
2557	194
2749	194
395	204
1574	204
275	209
2579	209
400	212
1446	212
1483	212
1773	212
2598	212
611	213
769	213
806	213
978	213
1064	213
1089	213
1729	213
2495	213
616	222
1512	222
2590	222
2730	222
494	223
1336	223
2598	223
449	227
2754	227
740	231
1352	231
625	232
1023	232
1671	232
1873	232
508	233
741	233
1083	233
1174	233
1269	233
1475	233
1864	233
2105	233
2209	233
2470	233
1064	238
507	243
1475	243
1490	243
1588	243
2081	243
2136	243
2249	243
2698	243
2528	249
1337	250
1640	250
395	254
2678	255
275	257
645	257
1567	257
2081	257
2365	257
2733	257
728	258
1899	258
2043	258
2505	258
2650	258
477	259
2083	262
477	263
1103	265
2524	265
444	268
489	268
494	268
601	268
735	268
1361	268
1640	268
1916	268
689	272
829	272
980	275
1150	275
1863	275
2579	275
859	279
1805	279
2608	279
1839	282
489	293
741	293
811	293
1005	293
1021	293
1055	293
1361	293
1837	293
2015	293
2084	293
2370	293
2464	293
2582	293
2752	293
603	295
485	302
2097	302
2365	302
987	308
2151	311
2334	311
2504	311
2579	311
887	312
1885	312
2754	321
508	330
859	330
2373	330
2504	330
2714	331
1344	332
611	336
769	336
978	336
1064	336
1729	336
355	340
546	340
842	340
1130	340
1445	340
1507	340
1883	340
2365	340
2484	340
2648	340
2734	340
1624	341
1239	349
530	351
1032	351
1289	351
1564	351
1705	351
1753	351
1826	351
1934	351
2089	351
2091	351
2699	351
2733	351
2787	354
560	355
987	355
998	355
1049	355
2650	355
2693	355
2730	355
2733	355
1126	359
726	364
2188	369
1446	370
1865	372
2442	372
1826	373
887	387
601	390
1095	390
1406	390
1916	390
2198	390
2473	390
2505	390
987	392
824	395
874	395
1064	395
1236	395
1241	395
1854	395
1863	395
1868	395
1944	395
2334	395
477	399
775	400
996	400
1608	400
1966	400
2582	400
2648	400
2699	400
489	407
522	407
1055	407
1583	407
2582	407
832	413
962	413
1540	413
2787	413
735	415
1055	415
1733	415
728	417
777	417
1405	417
2207	417
2657	417
575	418
1700	420
2084	420
2111	420
2160	420
2225	422
962	423
1854	423
657	430
769	431
1793	431
1905	432
1640	444
1854	444
468	450
489	450
1055	450
2348	450
2582	450
1266	459
1893	460
698	462
563	468
608	468
698	468
935	468
494	477
515	477
541	477
569	477
570	477
684	477
785	477
868	477
911	477
987	477
1021	477
1263	477
1358	477
1369	477
1445	477
1485	477
1497	477
1507	477
1561	477
1621	477
1856	477
1918	477
2046	477
2140	477
2387	477
2404	477
2469	477
2505	477
2546	477
2771	477
560	482
742	482
1644	485
1689	485
1854	485
1961	485
2098	485
2470	485
603	486
1045	486
1405	486
1916	486
524	489
811	489
834	489
842	489
1047	489
1154	489
1250	489
1461	489
1590	489
1863	489
1865	489
2028	489
2308	489
2365	489
2663	489
2046	492
2313	493
604	494
702	494
709	494
735	494
772	494
785	494
811	494
850	494
859	494
888	494
1021	494
1061	494
1224	494
1283	494
1323	494
1663	494
1805	494
1854	494
2081	494
2265	494
2317	494
2525	494
2531	494
2579	494
2707	494
751	498
1239	500
2528	500
1746	503
1028	508
1613	508
2334	508
613	509
1527	509
1064	512
2453	515
1405	522
2409	522
1006	524
1535	524
1640	524
2348	524
2648	524
1144	529
560	531
561	541
657	541
681	541
1126	541
2288	541
2395	541
2715	541
1291	549
1358	554
2288	554
2521	555
2116	559
1640	560
2084	563
741	575
1005	575
2116	575
1405	580
982	588
2582	589
732	601
2563	601
2582	601
2648	601
1229	603
1629	603
1854	603
2116	603
2689	603
1491	608
1561	608
2524	608
2724	608
679	611
769	611
806	611
978	611
1064	611
1729	611
2083	613
2719	613
2735	613
1026	616
1512	616
2590	616
2730	616
741	618
2729	618
2757	618
1023	625
1055	625
1652	625
1737	625
1873	625
979	626
1567	631
1854	631
2008	631
2046	631
2630	631
2733	631
790	634
725	635
865	637
1023	637
865	644
852	645
2081	645
2170	645
681	657
1928	657
2395	657
2579	657
1723	663
1734	672
1061	674
1276	674
1405	674
769	679
1729	679
1126	681
2395	681
1021	684
1224	684
1094	685
1924	685
772	694
824	694
842	694
1004	694
1349	698
2757	698
1055	702
2531	702
2582	702
2583	702
2084	709
2116	722
2172	725
987	726
1250	726
2046	726
777	728
815	728
1567	728
1891	728
2207	728
2396	728
2278	730
1142	735
1361	735
1445	735
839	739
1612	739
1817	739
2154	739
2323	739
848	740
859	740
1464	740
1805	740
2278	740
2319	740
2356	740
2528	740
2579	740
806	741
842	741
1239	741
1475	741
1895	741
2528	741
1722	745
2470	745
841	751
1064	751
1924	751
2579	751
2716	751
2225	754
1403	761
1411	761
2754	761
806	769
978	769
1055	769
1064	769
1240	769
1361	769
1540	769
1729	769
1854	769
2681	769
824	772
842	772
1766	775
962	777
2111	777
2200	777
2348	777
2365	777
962	785
2225	785
1822	790
1074	798
953	806
1445	806
1873	806
1927	806
1966	806
2024	806
2506	806
2382	811
2582	811
1578	813
987	815
1058	815
2207	815
2299	815
2787	815
1089	824
1640	824
2402	831
1184	832
1587	832
2084	834
1446	839
962	841
1074	842
1446	842
1524	842
1881	842
1902	842
2111	842
2365	842
2490	842
2505	842
1578	844
2657	844
868	848
1058	848
1216	848
1826	848
2084	848
2160	848
2207	848
2299	848
2319	848
2787	848
2791	848
888	850
1061	850
1323	850
2015	850
2317	850
2334	850
1045	852
2081	852
2505	852
1055	859
1352	859
1405	859
1640	859
1680	859
1722	859
2470	859
1023	865
2521	865
1581	870
1948	873
1583	877
998	887
1404	887
1432	887
1668	887
1817	887
1854	887
1930	887
1969	887
2084	887
2125	887
2265	887
2332	887
2792	888
1055	889
2582	889
1446	891
1551	896
1276	904
1045	908
1201	910
1276	911
1446	911
1948	923
1446	932
2116	933
1891	941
2149	941
962	942
1194	942
1315	944
2111	953
2582	961
967	962
987	962
1167	962
1181	962
1188	962
1194	962
1443	962
2015	962
2084	962
2389	962
2506	962
1287	969
2582	969
2225	974
987	978
1064	978
1345	980
1993	980
2674	981
2492	983
1006	987
1055	987
1535	987
1599	987
2207	987
2225	987
2582	987
1966	996
2046	996
2089	996
2116	996
2479	996
1266	997
1838	997
1917	998
1255	1006
1531	1006
1535	1006
1055	1021
1361	1021
1737	1021
2084	1021
2165	1021
2370	1021
2582	1021
1873	1023
2521	1023
2730	1026
2059	1029
1291	1033
1484	1033
1406	1045
1916	1045
1941	1045
2023	1045
2473	1045
1282	1047
1865	1048
1978	1051
1583	1055
1733	1055
1766	1055
1957	1055
2015	1055
2254	1055
2419	1055
2582	1055
2760	1055
2207	1058
2299	1058
2787	1058
2791	1058
1624	1061
2116	1061
1096	1064
1680	1064
1729	1064
1817	1064
1854	1064
1878	1064
2012	1064
2023	1064
2170	1064
2198	1064
2470	1064
1547	1068
1624	1069
1483	1074
1902	1074
2278	1074
2469	1074
2752	1074
1574	1080
1766	1080
2754	1087
1554	1089
1567	1089
1255	1094
1683	1094
2314	1094
2505	1095
2386	1098
1872	1100
1854	1101
2528	1112
1361	1124
1910	1124
1935	1124
2681	1124
2395	1126
1405	1134
1648	1141
2296	1142
1368	1144
1704	1149
2724	1151
1291	1152
1446	1152
2319	1152
2582	1152
1837	1154
2582	1154
2470	1165
2698	1174
1194	1181
2084	1181
2111	1181
2194	1181
2796	1184
1797	1185
1315	1188
1612	1188
1717	1194
2131	1194
2405	1194
2787	1194
1276	1196
2505	1217
2557	1217
2113	1218
1795	1229
2464	1229
2066	1239
2528	1239
2582	1239
2757	1239
2777	1239
2675	1248
2043	1250
1417	1255
2678	1255
1902	1260
1583	1266
1640	1266
1475	1269
2752	1269
2055	1274
2008	1276
2274	1276
2457	1276
2733	1276
1619	1282
2737	1282
1704	1283
1817	1289
2460	1291
2257	1292
1655	1296
2754	1303
1817	1306
2735	1307
1323	1315
1344	1315
1854	1315
2102	1315
2247	1315
2280	1315
2464	1315
2719	1315
2116	1319
1797	1323
1680	1325
2108	1330
1446	1331
1917	1331
2579	1336
1444	1344
1537	1344
2490	1344
2693	1345
1574	1352
1445	1358
1574	1358
2008	1358
2733	1358
1445	1361
1567	1361
1576	1361
1766	1361
2334	1361
2467	1362
2243	1366
2336	1369
2040	1371
1612	1391
1817	1403
1817	1404
2724	1404
1865	1405
1925	1405
2013	1405
2069	1405
2334	1405
2557	1405
1916	1406
2505	1406
1885	1410
2084	1411
2188	1411
2348	1411
2505	1411
2557	1411
1826	1417
2678	1417
2521	1418
2527	1443
2749	1443
1578	1445
1766	1445
2097	1445
2149	1445
2334	1445
2484	1445
2581	1445
1732	1446
2084	1446
2348	1446
2445	1446
2496	1446
1944	1468
2525	1471
1864	1475
2729	1483
2580	1493
1574	1494
1567	1504
2698	1504
1904	1511
2028	1511
2557	1511
2013	1512
2353	1512
2590	1512
2730	1512
1612	1513
1540	1527
1837	1527
2209	1527
2598	1527
1673	1531
1737	1535
2111	1535
2149	1539
1778	1540
1805	1540
1854	1540
2164	1540
2399	1540
2608	1540
2642	1561
2724	1561
1717	1567
2074	1567
2242	1567
2529	1574
2027	1578
2706	1581
2319	1583
2466	1583
2582	1583
2715	1583
2579	1587
1640	1590
1799	1590
2648	1590
1612	1594
2225	1605
1655	1612
1736	1612
2270	1612
2113	1613
2089	1628
2225	1628
1948	1640
2028	1640
2045	1640
2363	1640
2419	1640
2514	1640
2689	1640
1652	1644
2240	1644
2297	1668
1707	1673
2424	1673
1722	1677
1797	1680
2334	1680
2464	1683
2469	1683
2698	1683
2528	1688
2160	1700
2365	1700
1799	1704
2210	1704
2470	1704
2582	1704
2424	1707
2724	1715
2089	1717
2409	1717
1805	1718
2470	1722
2395	1723
2689	1732
1889	1733
1854	1734
1873	1737
1902	1748
2074	1753
1916	1766
2027	1766
1817	1771
2113	1779
2131	1779
2464	1784
2698	1797
2081	1801
1924	1805
2013	1805
2695	1805
1854	1817
2116	1817
2485	1822
2225	1823
2091	1826
2207	1826
2273	1826
2299	1826
2521	1826
2787	1826
2791	1826
2386	1851
2490	1851
1877	1854
1916	1854
1918	1854
2111	1854
2116	1854
2149	1854
2365	1854
2386	1854
2402	1854
2464	1854
2494	1854
2591	1854
2754	1854
2789	1854
2420	1877
2097	1885
2561	1885
2580	1889
2225	1891
2528	1901
2243	1902
2466	1902
2648	1902
2695	1902
2116	1903
2209	1908
2579	1911
2473	1916
2505	1916
2316	1918
2395	1922
2272	1924
2091	1934
2098	1961
2288	1961
2324	1961
2698	1962
2579	2008
2719	2008
2579	2012
2386	2015
2582	2015
2494	2022
2789	2023
2448	2024
2470	2027
2767	2029
2187	2046
2598	2046
2724	2052
2153	2055
2105	2059
2757	2066
2091	2074
2111	2084
2160	2084
2319	2084
2365	2084
2524	2084
2116	2086
2149	2089
2420	2089
2557	2089
2273	2091
2235	2097
2598	2111
2689	2111
2749	2113
2317	2116
2457	2116
2464	2116
2334	2131
2447	2131
2504	2136
2581	2149
2179	2159
2319	2160
2365	2160
2749	2160
2598	2187
2460	2188
2505	2188
2557	2188
2579	2207
2787	2207
2365	2225
2698	2225
2582	2254
2714	2274
2539	2288
2541	2288
2733	2288
2787	2299
2791	2299
2385	2316
2657	2334
2698	2334
2528	2336
2467	2353
2675	2365
2729	2365
2664	2378
2402	2391
2442	2391
2442	2402
2557	2402
2582	2419
2579	2438
2598	2442
2572	2447
2505	2460
2469	2464
2505	2473
2749	2473
2724	2475
2525	2504
2528	2504
2557	2505
2662	2521
2582	2528
2757	2528
2787	2538
2598	2579
2730	2590
2787	2638
2733	2719
2735	2719
2747	2724
2733	2729
2733	2730
2791	2787
