0	334
0	449
0	510
1	9
1	553
3	43
4	348
4	650
4	662
6	31
6	89
6	102
6	183
6	248
6	263
6	435
6	482
6	613
6	710
6	777
9	553
11	413
11	692
12	301
12	373
12	435
12	544
12	560
12	562
12	606
12	711
12	777
13	560
14	285
14	565
20	106
20	176
20	227
20	303
20	364
20	409
20	546
20	743
21	31
21	76
21	102
21	103
21	130
21	177
21	190
21	215
21	248
21	256
21	257
21	273
21	301
21	335
21	340
21	414
21	435
21	482
21	494
21	530
21	549
21	550
21	562
21	598
21	606
21	666
21	710
21	711
22	392
22	444
23	41
23	137
23	164
23	169
23	455
23	547
23	578
23	597
23	719
24	822
25	131
25	647
31	76
31	102
31	103
31	177
31	183
31	190
31	215
31	248
31	256
31	257
31	301
31	335
31	340
31	414
31	435
31	482
31	549
31	550
31	562
31	598
31	606
31	666
31	710
31	711
31	777
37	332
37	600
39	693
41	137
41	164
41	169
41	180
41	455
41	547
41	578
41	597
41	719
47	115
47	127
47	141
47	262
47	289
47	412
47	452
47	464
47	656
47	679
47	713
47	732
47	747
47	748
47	806
47	819
48	788
50	441
53	571
53	793
55	705
56	79
56	147
56	167
56	246
56	250
56	276
56	532
56	588
56	682
56	742
57	89
57	114
57	130
57	589
57	711
57	790
60	315
60	569
62	135
63	137
63	164
63	169
63	547
63	578
63	597
66	197
68	89
68	103
68	272
68	560
68	602
68	697
68	711
70	89
70	114
70	121
70	165
70	217
70	501
70	601
71	429
71	523
73	79
73	167
73	250
73	532
73	579
73	588
76	89
76	102
76	103
76	114
76	130
76	177
76	183
76	190
76	215
76	248
76	256
76	257
76	263
76	273
76	301
76	335
76	340
76	414
76	435
76	482
76	494
76	528
76	549
76	550
76	562
76	592
76	598
76	606
76	666
76	710
76	711
76	727
76	773
79	167
79	250
79	532
79	579
79	588
86	692
89	102
89	103
89	114
89	128
89	130
89	165
89	217
89	256
89	272
89	301
89	302
89	308
89	407
89	468
89	482
89	501
89	507
89	562
89	589
89	601
89	613
89	626
89	710
89	711
89	728
89	769
89	777
89	809
90	777
95	660
95	801
102	103
102	130
102	177
102	183
102	190
102	215
102	248
102	256
102	257
102	263
102	301
102	335
102	340
102	341
102	373
102	414
102	435
102	456
102	482
102	528
102	549
102	550
102	562
102	592
102	598
102	606
102	635
102	666
102	710
102	711
102	766
102	777
103	130
103	177
103	183
103	190
103	202
103	215
103	226
103	248
103	256
103	257
103	263
103	272
103	273
103	292
103	301
103	335
103	340
103	414
103	435
103	482
103	528
103	549
103	550
103	562
103	592
103	598
103	602
103	606
103	666
103	710
103	711
103	727
103	762
106	176
106	303
106	364
106	605
106	743
106	780
108	311
108	319
108	652
108	703
109	264
109	268
110	118
112	282
112	443
112	741
114	130
114	165
114	217
114	302
114	308
114	407
114	468
114	501
114	589
114	601
114	711
114	769
115	127
115	452
115	464
115	713
115	732
115	806
115	819
117	413
119	142
120	354
124	402
124	701
126	172
126	173
126	214
126	300
126	322
126	454
126	595
126	596
126	673
126	727
126	768
127	452
127	464
127	713
127	732
128	132
128	235
128	263
128	456
128	480
128	482
128	601
128	616
128	626
128	666
128	710
128	728
128	759
128	766
128	779
130	177
130	183
130	190
130	215
130	217
130	248
130	256
130	272
130	293
130	301
130	302
130	335
130	414
130	435
130	482
130	501
130	533
130	544
130	549
130	550
130	557
130	562
130	589
130	592
130	598
130	602
130	606
130	666
130	710
130	711
130	718
130	762
130	769
130	777
130	790
131	647
132	235
132	301
132	439
132	480
132	616
132	626
132	728
132	779
132	792
135	256
135	327
135	372
135	439
135	482
135	490
135	616
135	635
135	645
135	710
135	766
135	779
135	792
137	164
137	169
137	180
137	455
137	547
137	578
137	597
137	719
138	276
138	660
138	742
139	366
141	412
141	656
141	747
141	748
141	806
141	819
144	529
145	414
145	606
147	288
147	742
147	784
148	261
149	211
149	299
149	465
149	519
149	785
151	259
151	373
151	735
152	155
152	290
154	223
154	253
154	751
155	290
155	364
164	169
164	180
164	455
164	547
164	578
164	597
164	643
164	719
165	468
165	676
165	711
165	769
167	250
167	532
167	579
167	588
169	180
169	455
169	547
169	578
169	597
169	719
171	247
172	173
172	300
172	322
172	454
172	595
172	596
172	673
172	768
173	300
173	322
173	454
173	595
173	596
173	673
173	768
174	778
176	227
176	303
176	364
176	409
176	743
177	183
177	190
177	215
177	248
177	256
177	263
177	301
177	335
177	414
177	435
177	482
177	528
177	549
177	550
177	562
177	598
177	606
177	666
177	685
177	710
177	711
179	308
179	371
179	407
179	589
179	769
180	296
180	455
180	547
180	578
182	272
182	364
182	780
183	190
183	248
183	256
183	263
183	273
183	301
183	335
183	340
183	341
183	414
183	435
183	482
183	494
183	528
183	549
183	550
183	562
183	598
183	606
183	710
183	711
189	358
189	441
190	215
190	248
190	256
190	257
190	263
190	301
190	335
190	340
190	414
190	435
190	482
190	494
190	530
190	539
190	549
190	550
190	562
190	592
190	598
190	606
190	626
190	635
190	666
190	710
190	711
190	766
190	777
190	779
193	348
193	650
194	701
200	288
200	638
201	221
201	430
203	428
203	529
211	299
211	465
211	505
211	519
211	613
211	785
214	768
215	248
215	256
215	263
215	301
215	335
215	340
215	414
215	435
215	482
215	494
215	528
215	549
215	550
215	562
215	592
215	598
215	606
215	666
215	710
215	711
215	777
217	302
217	308
217	371
217	407
217	468
217	501
217	507
217	589
217	711
217	769
217	790
217	809
218	443
221	282
221	435
221	527
221	549
221	815
226	494
226	598
227	364
227	409
228	332
231	623
232	254
235	372
235	439
235	456
235	480
235	551
235	616
235	626
235	635
235	710
235	728
235	766
235	779
235	792
240	502
245	282
245	443
246	276
248	256
248	257
248	263
248	273
248	301
248	335
248	340
248	341
248	414
248	435
248	482
248	494
248	528
248	530
248	533
248	549
248	550
248	562
248	592
248	598
248	606
248	666
248	710
248	711
248	727
248	773
248	777
250	276
250	532
250	579
250	588
250	742
253	751
254	302
254	542
254	565
254	700
256	257
256	263
256	292
256	301
256	335
256	340
256	341
256	414
256	435
256	482
256	494
256	525
256	533
256	549
256	550
256	562
256	592
256	598
256	606
256	616
256	635
256	710
256	711
256	727
256	766
256	792
257	263
257	301
257	321
257	340
257	414
257	435
257	529
257	549
257	562
257	598
257	606
257	710
259	735
262	289
262	679
262	732
262	819
263	301
263	335
263	340
263	414
263	435
263	482
263	544
263	549
263	550
263	560
263	562
263	592
263	598
263	606
263	666
263	710
263	711
263	728
263	766
263	777
264	268
266	513
272	364
272	501
272	710
272	711
273	301
273	335
273	414
273	435
273	549
273	606
273	710
276	742
282	443
287	482
288	638
288	784
289	679
289	732
289	819
290	364
292	414
292	435
293	710
299	465
299	519
299	785
300	322
300	454
300	595
300	596
300	673
300	768
301	335
301	340
301	414
301	435
301	482
301	494
301	528
301	533
301	544
301	549
301	550
301	562
301	592
301	598
301	606
301	626
301	666
301	710
301	711
301	726
301	727
301	766
301	773
301	777
302	308
302	407
302	501
302	507
302	508
302	589
302	601
302	710
302	711
302	769
303	364
303	409
303	605
303	743
303	780
307	811
308	371
308	407
308	501
308	507
308	589
308	769
311	319
311	652
311	703
315	569
319	652
319	703
322	454
322	595
322	596
322	673
322	768
327	372
327	439
327	490
327	616
327	635
327	645
327	710
327	766
327	792
332	576
334	405
335	340
335	414
335	435
335	482
335	528
335	549
335	550
335	562
335	592
335	598
335	606
335	710
335	711
335	777
339	579
340	414
340	435
340	461
340	482
340	549
340	550
340	562
340	592
340	598
340	606
340	710
340	711
340	777
341	482
341	533
341	598
341	710
341	711
341	766
341	777
347	723
347	758
348	650
348	662
352	372
352	439
352	490
352	645
352	766
358	441
364	409
364	605
364	722
364	743
364	780
371	407
371	501
371	589
371	769
371	809
372	439
372	480
372	490
372	616
372	626
372	635
372	645
372	710
372	728
372	766
372	779
372	792
373	544
373	560
373	592
373	735
392	444
402	701
405	435
407	501
407	507
407	589
407	769
407	809
409	546
409	743
411	697
412	656
412	747
412	748
412	806
412	819
414	435
414	482
414	494
414	528
414	549
414	550
414	562
414	592
414	598
414	606
414	666
414	710
414	711
414	727
414	777
418	467
418	559
429	523
430	529
435	482
435	501
435	528
435	549
435	550
435	562
435	589
435	592
435	598
435	602
435	606
435	666
435	710
435	711
435	727
435	790
439	482
439	539
439	616
439	626
439	635
439	645
439	710
439	728
439	766
439	777
439	779
439	792
441	461
441	516
441	550
441	805
443	490
449	510
452	464
452	713
452	732
452	806
452	819
454	595
454	596
454	673
454	727
454	768
455	547
455	578
455	597
456	482
456	500
456	616
456	626
456	710
456	728
456	766
456	779
461	516
461	805
464	713
464	732
464	806
464	819
465	519
465	785
467	559
468	501
468	589
468	711
468	769
475	563
480	551
480	606
480	616
480	626
480	710
480	728
480	759
480	766
480	779
482	500
482	544
482	549
482	550
482	562
482	592
482	598
482	606
482	616
482	626
482	666
482	710
482	711
482	728
482	759
482	766
482	777
482	779
482	792
490	616
490	645
490	766
494	550
494	562
494	606
494	710
494	711
494	777
501	507
501	550
501	589
501	601
501	630
501	711
501	769
501	809
502	570
507	589
507	630
507	769
507	809
510	691
516	550
516	805
517	528
519	785
525	710
525	766
526	604
528	549
528	550
528	562
528	598
528	606
528	666
528	685
530	598
532	579
532	588
533	557
533	598
533	697
533	711
539	549
539	710
542	700
544	560
544	777
547	578
547	597
547	719
549	550
549	562
549	598
549	606
549	666
549	710
549	711
549	777
550	562
550	592
550	598
550	606
550	666
550	710
550	711
550	777
551	606
551	626
551	710
551	728
551	766
551	774
551	777
551	779
557	711
560	697
560	710
560	777
562	592
562	598
562	606
562	666
562	710
562	711
562	727
562	777
565	700
571	793
578	597
578	719
579	588
581	661
589	630
589	711
589	718
589	769
589	790
589	809
592	598
592	606
592	666
592	710
592	711
592	727
592	773
592	777
595	596
595	768
596	673
596	768
598	606
598	666
598	710
598	711
598	777
601	626
601	728
601	769
605	743
605	780
606	616
606	666
606	710
606	711
606	727
606	728
606	766
606	777
612	755
613	727
615	764
616	626
616	635
616	645
616	710
616	728
616	759
616	766
616	779
616	792
626	635
626	710
626	728
626	759
626	766
626	777
626	779
626	792
630	769
630	809
635	645
635	710
635	728
635	766
635	779
635	792
645	710
645	766
645	792
650	662
652	703
656	732
656	747
656	748
656	806
656	819
666	710
666	711
666	727
666	728
673	768
679	732
679	819
697	740
710	711
710	728
710	759
710	766
710	773
710	777
710	779
710	792
711	762
711	769
711	777
713	732
713	742
713	806
713	819
718	769
718	790
722	780
723	758
727	762
727	768
728	759
728	766
728	779
728	792
732	747
732	748
732	806
732	819
737	767
743	780
747	748
747	806
747	819
748	806
748	819
759	766
759	777
759	779
766	777
766	779
766	792
766	803
769	790
769	809
777	779
779	792
806	819
334	0
449	0
510	0
9	1
553	1
43	3
348	4
650	4
662	4
31	6
89	6
102	6
183	6
248	6
263	6
435	6
482	6
613	6
710	6
777	6
553	9
413	11
692	11
301	12
373	12
435	12
544	12
560	12
562	12
606	12
711	12
777	12
560	13
285	14
565	14
106	20
176	20
227	20
303	20
364	20
409	20
546	20
743	20
31	21
76	21
102	21
103	21
130	21
177	21
190	21
215	21
248	21
256	21
257	21
273	21
301	21
335	21
340	21
414	21
435	21
482	21
494	21
530	21
549	21
550	21
562	21
598	21
606	21
666	21
710	21
711	21
392	22
444	22
41	23
137	23
164	23
169	23
455	23
547	23
578	23
597	23
719	23
822	24
131	25
647	25
76	31
102	31
103	31
177	31
183	31
190	31
215	31
248	31
256	31
257	31
301	31
335	31
340	31
414	31
435	31
482	31
549	31
550	31
562	31
598	31
606	31
666	31
710	31
711	31
777	31
332	37
600	37
693	39
137	41
164	41
169	41
180	41
455	41
547	41
578	41
597	41
719	41
115	47
127	47
141	47
262	47
289	47
412	47
452	47
464	47
656	47
679	47
713	47
732	47
747	47
748	47
806	47
819	47
788	48
441	50
571	53
793	53
705	55
79	56
147	56
167	56
246	56
250	56
276	56
532	56
588	56
682	56
742	56
89	57
114	57
130	57
589	57
711	57
790	57
315	60
569	60
135	62
137	63
164	63
169	63
547	63
578	63
597	63
197	66
89	68
103	68
272	68
560	68
602	68
697	68
711	68
89	70
114	70
121	70
165	70
217	70
501	70
601	70
429	71
523	71
79	73
167	73
250	73
532	73
579	73
588	73
89	76
102	76
103	76
114	76
130	76
177	76
183	76
190	76
215	76
248	76
256	76
257	76
263	76
273	76
301	76
335	76
340	76
414	76
435	76
482	76
494	76
528	76
549	76
550	76
562	76
592	76
598	76
606	76
666	76
710	76
711	76
727	76
773	76
167	79
250	79
532	79
579	79
588	79
692	86
102	89
103	89
114	89
128	89
130	89
165	89
217	89
256	89
272	89
301	89
302	89
308	89
407	89
468	89
482	89
501	89
507	89
562	89
589	89
601	89
613	89
626	89
710	89
711	89
728	89
769	89
777	89
809	89
777	90
660	95
801	95
103	102
130	102
177	102
183	102
190	102
215	102
248	102
256	102
257	102
263	102
301	102
335	102
340	102
341	102
373	102
414	102
435	102
456	102
482	102
528	102
549	102
550	102
562	102
592	102
598	102
606	102
635	102
666	102
710	102
711	102
766	102
777	102
130	103
177	103
183	103
190	103
202	103
215	103
226	103
248	103
256	103
257	103
263	103
272	103
273	103
292	103
301	103
335	103
340	103
414	103
435	103
482	103
528	103
549	103
550	103
562	103
592	103
598	103
602	103
606	103
666	103
710	103
711	103
727	103
762	103
176	106
303	106
364	106
605	106
743	106
780	106
311	108
319	108
652	108
703	108
264	109
268	109
118	110
282	112
443	112
741	112
130	114
165	114
217	114
302	114
308	114
407	114
468	114
501	114
589	114
601	114
711	114
769	114
127	115
452	115
464	115
713	115
732	115
806	115
819	115
413	117
142	119
354	120
402	124
701	124
172	126
173	126
214	126
300	126
322	126
454	126
595	126
596	126
673	126
727	126
768	126
452	127
464	127
713	127
732	127
132	128
235	128
263	128
456	128
480	128
482	128
601	128
616	128
626	128
666	128
710	128
728	128
759	128
766	128
779	128
177	130
183	130
190	130
215	130
217	130
248	130
256	130
272	130
293	130
301	130
302	130
335	130
414	130
435	130
482	130
501	130
533	130
544	130
549	130
550	130
557	130
562	130
589	130
592	130
598	130
602	130
606	130
666	130
710	130
711	130
718	130
762	130
769	130
777	130
790	130
647	131
235	132
301	132
439	132
480	132
616	132
626	132
728	132
779	132
792	132
256	135
327	135
372	135
439	135
482	135
490	135
616	135
635	135
645	135
710	135
766	135
779	135
792	135
164	137
169	137
180	137
455	137
547	137
578	137
597	137
719	137
276	138
660	138
742	138
366	139
412	141
656	141
747	141
748	141
806	141
819	141
529	144
414	145
606	145
288	147
742	147
784	147
261	148
211	149
299	149
465	149
519	149
785	149
259	151
373	151
735	151
155	152
290	152
223	154
253	154
751	154
290	155
364	155
169	164
180	164
455	164
547	164
578	164
597	164
643	164
719	164
468	165
676	165
711	165
769	165
250	167
532	167
579	167
588	167
180	169
455	169
547	169
578	169
597	169
719	169
247	171
173	172
300	172
322	172
454	172
595	172
596	172
673	172
768	172
300	173
322	173
454	173
595	173
596	173
673	173
768	173
778	174
227	176
303	176
364	176
409	176
743	176
183	177
190	177
215	177
248	177
256	177
263	177
301	177
335	177
414	177
435	177
482	177
528	177
549	177
550	177
562	177
598	177
606	177
666	177
685	177
710	177
711	177
308	179
371	179
407	179
589	179
769	179
296	180
455	180
547	180
578	180
272	182
364	182
780	182
190	183
248	183
256	183
263	183
273	183
301	183
335	183
340	183
341	183
414	183
435	183
482	183
494	183
528	183
549	183
550	183
562	183
598	183
606	183
710	183
711	183
358	189
441	189
215	190
248	190
256	190
257	190
263	190
301	190
335	190
340	190
414	190
435	190
482	190
494	190
530	190
539	190
549	190
550	190
562	190
592	190
598	190
606	190
626	190
635	190
666	190
710	190
711	190
766	190
777	190
779	190
348	193
650	193
701	194
288	200
638	200
221	201
430	201
428	203
529	203
299	211
465	211
505	211
519	211
613	211
785	211
768	214
248	215
256	215
263	215
301	215
335	215
340	215
414	215
435	215
482	215
494	215
528	215
549	215
550	215
562	215
592	215
598	215
606	215
666	215
710	215
711	215
777	215
302	217
308	217
371	217
407	217
468	217
501	217
507	217
589	217
711	217
769	217
790	217
809	217
443	218
282	221
435	221
527	221
549	221
815	221
494	226
598	226
364	227
409	227
332	228
623	231
254	232
372	235
439	235
456	235
480	235
551	235
616	235
626	235
635	235
710	235
728	235
766	235
779	235
792	235
502	240
282	245
443	245
276	246
256	248
257	248
263	248
273	248
301	248
335	248
340	248
341	248
414	248
435	248
482	248
494	248
528	248
530	248
533	248
549	248
550	248
562	248
592	248
598	248
606	248
666	248
710	248
711	248
727	248
773	248
777	248
276	250
532	250
579	250
588	250
742	250
751	253
302	254
542	254
565	254
700	254
257	256
263	256
292	256
301	256
335	256
340	256
341	256
414	256
435	256
482	256
494	256
525	256
533	256
549	256
550	256
562	256
592	256
598	256
606	256
616	256
635	256
710	256
711	256
727	256
766	256
792	256
263	257
301	257
321	257
340	257
414	257
435	257
529	257
549	257
562	257
598	257
606	257
710	257
735	259
289	262
679	262
732	262
819	262
301	263
335	263
340	263
414	263
435	263
482	263
544	263
549	263
550	263
560	263
562	263
592	263
598	263
606	263
666	263
710	263
711	263
728	263
766	263
777	263
268	264
513	266
364	272
501	272
710	272
711	272
301	273
335	273
414	273
435	273
549	273
606	273
710	273
742	276
443	282
482	287
638	288
784	288
679	289
732	289
819	289
364	290
414	292
435	292
710	293
465	299
519	299
785	299
322	300
454	300
595	300
596	300
673	300
768	300
335	301
340	301
414	301
435	301
482	301
494	301
528	301
533	301
544	301
549	301
550	301
562	301
592	301
598	301
606	301
626	301
666	301
710	301
711	301
726	301
727	301
766	301
773	301
777	301
308	302
407	302
501	302
507	302
508	302
589	302
601	302
710	302
711	302
769	302
364	303
409	303
605	303
743	303
780	303
811	307
371	308
407	308
501	308
507	308
589	308
769	308
319	311
652	311
703	311
569	315
652	319
703	319
454	322
595	322
596	322
673	322
768	322
372	327
439	327
490	327
616	327
635	327
645	327
710	327
766	327
792	327
576	332
405	334
340	335
414	335
435	335
482	335
528	335
549	335
550	335
562	335
592	335
598	335
606	335
710	335
711	335
777	335
579	339
414	340
435	340
461	340
482	340
549	340
550	340
562	340
592	340
598	340
606	340
710	340
711	340
777	340
482	341
533	341
598	341
710	341
711	341
766	341
777	341
723	347
758	347
650	348
662	348
372	352
439	352
490	352
645	352
766	352
441	358
409	364
605	364
722	364
743	364
780	364
407	371
501	371
589	371
769	371
809	371
439	372
480	372
490	372
616	372
626	372
635	372
645	372
710	372
728	372
766	372
779	372
792	372
544	373
560	373
592	373
735	373
444	392
701	402
435	405
501	407
507	407
589	407
769	407
809	407
546	409
743	409
697	411
656	412
747	412
748	412
806	412
819	412
435	414
482	414
494	414
528	414
549	414
550	414
562	414
592	414
598	414
606	414
666	414
710	414
711	414
727	414
777	414
467	418
559	418
523	429
529	430
482	435
501	435
528	435
549	435
550	435
562	435
589	435
592	435
598	435
602	435
606	435
666	435
710	435
711	435
727	435
790	435
482	439
539	439
616	439
626	439
635	439
645	439
710	439
728	439
766	439
777	439
779	439
792	439
461	441
516	441
550	441
805	441
490	443
510	449
464	452
713	452
732	452
806	452
819	452
595	454
596	454
673	454
727	454
768	454
547	455
578	455
597	455
482	456
500	456
616	456
626	456
710	456
728	456
766	456
779	456
516	461
805	461
713	464
732	464
806	464
819	464
519	465
785	465
559	467
501	468
589	468
711	468
769	468
563	475
551	480
606	480
616	480
626	480
710	480
728	480
759	480
766	480
779	480
500	482
544	482
549	482
550	482
562	482
592	482
598	482
606	482
616	482
626	482
666	482
710	482
711	482
728	482
759	482
766	482
777	482
779	482
792	482
616	490
645	490
766	490
550	494
562	494
606	494
710	494
711	494
777	494
507	501
550	501
589	501
601	501
630	501
711	501
769	501
809	501
570	502
589	507
630	507
769	507
809	507
691	510
550	516
805	516
528	517
785	519
710	525
766	525
604	526
549	528
550	528
562	528
598	528
606	528
666	528
685	528
598	530
579	532
588	532
557	533
598	533
697	533
711	533
549	539
710	539
700	542
560	544
777	544
578	547
597	547
719	547
550	549
562	549
598	549
606	549
666	549
710	549
711	549
777	549
562	550
592	550
598	550
606	550
666	550
710	550
711	550
777	550
606	551
626	551
710	551
728	551
766	551
774	551
777	551
779	551
711	557
697	560
710	560
777	560
592	562
598	562
606	562
666	562
710	562
711	562
727	562
777	562
700	565
793	571
597	578
719	578
588	579
661	581
630	589
711	589
718	589
769	589
790	589
809	589
598	592
606	592
666	592
710	592
711	592
727	592
773	592
777	592
596	595
768	595
673	596
768	596
606	598
666	598
710	598
711	598
777	598
626	601
728	601
769	601
743	605
780	605
616	606
666	606
710	606
711	606
727	606
728	606
766	606
777	606
755	612
727	613
764	615
626	616
635	616
645	616
710	616
728	616
759	616
766	616
779	616
792	616
635	626
710	626
728	626
759	626
766	626
777	626
779	626
792	626
769	630
809	630
645	635
710	635
728	635
766	635
779	635
792	635
710	645
766	645
792	645
662	650
703	652
732	656
747	656
748	656
806	656
819	656
710	666
711	666
727	666
728	666
768	673
732	679
819	679
740	697
711	710
728	710
759	710
766	710
773	710
777	710
779	710
792	710
762	711
769	711
777	711
732	713
742	713
806	713
819	713
769	718
790	718
780	722
758	723
762	727
768	727
759	728
766	728
779	728
792	728
747	732
748	732
806	732
819	732
767	737
780	743
748	747
806	747
819	747
806	748
819	748
766	759
777	759
779	759
777	766
779	766
792	766
803	766
790	769
809	769
779	777
792	779
819	806
