1	1391
2	845
2	963
2	1394
3	533
13	35
13	1221
16	65
16	200
16	362
16	497
16	782
16	817
16	820
16	910
16	948
16	1097
16	1136
16	1369
16	1462
19	684
19	1178
23	986
24	125
24	828
27	695
27	817
27	1045
27	1048
27	1125
28	1045
31	49
31	66
31	106
31	120
31	144
31	254
31	332
31	366
31	571
31	582
31	587
31	763
31	903
31	934
31	947
31	950
31	1092
31	1119
31	1179
31	1250
31	1390
31	1436
31	1451
35	1221
37	68
37	206
37	347
37	372
37	409
37	563
37	572
37	766
37	938
37	1358
38	55
38	65
38	66
38	107
38	154
38	196
38	200
38	240
38	254
38	348
38	370
38	415
38	475
38	488
38	505
38	817
38	910
38	990
38	1028
38	1048
38	1109
38	1125
38	1168
38	1258
38	1277
38	1404
38	1447
41	86
41	158
41	163
41	268
41	307
41	323
41	368
41	861
41	897
41	980
41	1037
41	1070
41	1143
41	1214
41	1318
44	259
49	65
49	66
49	106
49	120
49	144
49	154
49	200
49	254
49	332
49	366
49	370
49	415
49	497
49	505
49	511
49	571
49	587
49	635
49	782
49	817
49	820
49	903
49	910
49	934
49	947
49	950
49	1028
49	1048
49	1092
49	1097
49	1109
49	1119
49	1125
49	1132
49	1168
49	1179
49	1231
49	1277
49	1369
49	1404
49	1413
53	508
53	1132
53	1405
53	1432
55	65
55	107
55	196
55	200
55	254
55	348
55	370
55	415
55	475
55	488
55	505
55	817
55	1028
55	1048
55	1109
55	1168
55	1258
55	1277
57	473
57	969
60	622
65	66
65	95
65	106
65	107
65	154
65	196
65	200
65	240
65	348
65	370
65	415
65	488
65	505
65	782
65	817
65	820
65	895
65	910
65	1028
65	1048
65	1109
65	1125
65	1132
65	1168
65	1179
65	1269
65	1276
65	1277
65	1404
65	1447
66	106
66	120
66	144
66	154
66	240
66	254
66	345
66	370
66	407
66	415
66	488
66	497
66	571
66	782
66	817
66	820
66	910
66	1028
66	1048
66	1109
66	1119
66	1125
66	1132
66	1168
66	1179
66	1231
66	1246
66	1277
66	1400
66	1404
66	1413
66	1436
67	246
68	206
68	347
68	372
68	409
68	551
68	563
68	572
68	766
68	938
68	1124
68	1324
68	1358
68	1435
69	900
69	1049
71	1480
74	620
74	626
74	663
74	1034
74	1122
74	1448
75	370
75	642
82	200
86	158
86	163
86	268
86	307
86	323
86	356
86	368
86	861
86	897
86	1037
86	1070
86	1143
86	1214
86	1318
90	553
95	252
95	497
95	651
95	820
95	910
95	1077
95	1119
95	1132
95	1141
95	1259
95	1351
95	1390
95	1413
95	1447
97	121
97	248
97	289
97	336
97	517
97	568
97	593
97	608
97	710
97	811
97	822
97	1100
97	1105
97	1164
97	1182
97	1230
97	1242
97	1323
97	1381
97	1408
99	222
99	249
99	280
99	496
99	550
99	738
99	769
99	771
99	799
99	882
99	1186
99	1212
99	1308
99	1335
99	1336
99	1364
99	1365
99	1412
104	1406
106	120
106	154
106	254
106	348
106	366
106	370
106	415
106	488
106	505
106	571
106	607
106	635
106	782
106	817
106	820
106	910
106	947
106	950
106	966
106	1045
106	1048
106	1109
106	1125
106	1168
106	1179
106	1195
106	1258
106	1277
106	1400
106	1404
106	1413
106	1451
107	154
107	196
107	200
107	370
107	415
107	475
107	488
107	505
107	817
107	1028
107	1109
107	1125
107	1168
107	1277
109	1454
112	599
112	1000
119	159
119	326
119	470
119	875
119	878
119	1084
119	1147
119	1335
119	1357
120	254
120	366
120	587
120	820
120	855
120	947
120	1092
120	1179
120	1195
120	1431
120	1436
120	1451
121	248
121	289
121	336
121	517
121	568
121	593
121	608
121	710
121	811
121	822
121	1100
121	1105
121	1182
121	1230
121	1242
121	1323
121	1381
121	1408
122	169
122	176
122	652
122	1205
122	1327
122	1389
123	594
123	1307
125	828
129	158
129	268
129	307
129	323
129	1070
129	1143
129	1214
130	1428
131	464
131	1459
138	571
143	399
143	508
143	863
143	1132
143	1141
143	1174
143	1405
144	587
144	820
144	903
144	944
144	947
144	950
144	1092
144	1119
144	1132
144	1179
144	1231
144	1436
145	237
145	666
145	805
145	981
150	159
150	326
150	878
150	1067
150	1084
150	1459
154	196
154	200
154	254
154	348
154	370
154	415
154	488
154	497
154	505
154	635
154	782
154	817
154	910
154	1028
154	1048
154	1095
154	1109
154	1125
154	1168
154	1179
154	1229
154	1277
154	1341
154	1404
154	1417
154	1447
158	163
158	268
158	307
158	323
158	368
158	861
158	897
158	980
158	1037
158	1070
158	1143
158	1214
158	1318
159	326
159	878
159	1067
159	1084
159	1459
163	268
163	307
163	323
163	356
163	368
163	861
163	897
163	980
163	1037
163	1070
163	1143
163	1214
163	1318
164	266
164	399
164	430
164	618
164	691
164	824
164	929
164	984
164	1190
164	1245
164	1405
164	1453
169	652
169	1205
169	1327
169	1389
174	421
174	453
174	523
174	1412
174	1442
176	652
176	1205
176	1327
183	644
187	289
187	710
187	1230
195	1397
196	200
196	240
196	254
196	266
196	348
196	370
196	399
196	415
196	475
196	488
196	497
196	505
196	574
196	782
196	817
196	910
196	1028
196	1048
196	1109
196	1125
196	1141
196	1168
196	1174
196	1258
196	1277
196	1341
196	1404
196	1413
196	1447
196	1472
199	348
200	240
200	254
200	348
200	370
200	415
200	475
200	488
200	497
200	505
200	574
200	642
200	695
200	782
200	817
200	820
200	863
200	910
200	1028
200	1048
200	1095
200	1109
200	1125
200	1132
200	1168
200	1174
200	1259
200	1269
200	1276
200	1277
200	1341
200	1351
200	1404
200	1405
200	1447
206	347
206	372
206	409
206	563
206	572
206	938
206	1124
206	1358
206	1435
211	866
214	228
219	308
219	428
219	1224
219	1378
222	249
222	738
222	882
222	1186
222	1308
222	1335
222	1336
224	1232
232	282
233	661
233	944
233	1137
236	1071
237	666
237	805
237	981
240	348
240	370
240	415
240	505
240	817
240	820
240	895
240	910
240	1028
240	1048
240	1109
240	1125
240	1132
240	1259
240	1276
240	1277
240	1404
244	375
248	289
248	336
248	517
248	568
248	593
248	608
248	710
248	811
248	1100
248	1105
248	1182
248	1230
248	1242
248	1323
248	1381
248	1408
249	738
249	882
249	1186
249	1308
249	1335
252	261
252	399
252	450
252	497
252	508
252	574
252	651
252	863
252	895
252	907
252	910
252	911
252	971
252	1077
252	1119
252	1132
252	1141
252	1259
252	1269
252	1351
252	1390
252	1405
252	1413
253	1133
254	348
254	366
254	370
254	415
254	488
254	505
254	511
254	571
254	587
254	635
254	782
254	817
254	820
254	903
254	910
254	934
254	947
254	950
254	966
254	1028
254	1038
254	1048
254	1092
254	1095
254	1109
254	1125
254	1168
254	1179
254	1195
254	1231
254	1258
254	1277
254	1359
254	1400
254	1404
254	1413
254	1436
254	1447
254	1451
254	1507
261	399
261	450
261	508
261	651
261	824
261	895
261	907
261	1077
261	1132
261	1141
261	1269
261	1351
261	1453
266	399
266	430
266	488
266	503
266	505
266	574
266	618
266	651
266	691
266	824
266	895
266	910
266	929
266	1141
266	1174
266	1190
266	1245
266	1405
266	1447
266	1453
268	307
268	323
268	356
268	368
268	861
268	897
268	980
268	1037
268	1070
268	1143
268	1214
268	1318
270	1357
271	616
271	945
280	771
280	799
280	1212
280	1336
280	1364
280	1365
285	989
288	1125
289	336
289	517
289	568
289	593
289	608
289	710
289	811
289	1100
289	1105
289	1164
289	1182
289	1230
289	1242
289	1323
289	1381
289	1408
298	407
298	567
298	883
298	1443
306	309
306	409
306	551
306	938
306	1425
307	323
307	356
307	368
307	861
307	897
307	980
307	1037
307	1070
307	1143
307	1214
307	1318
308	428
308	1224
308	1378
309	409
309	551
309	938
309	1425
311	989
323	356
323	368
323	861
323	897
323	980
323	1037
323	1070
323	1143
323	1214
323	1318
326	875
326	878
326	1067
326	1084
326	1459
332	354
332	366
332	571
332	582
332	763
332	903
332	934
332	947
332	950
332	1092
332	1162
332	1179
332	1436
332	1451
333	473
336	517
336	568
336	593
336	608
336	710
336	811
336	1100
336	1105
336	1182
336	1230
336	1242
336	1323
336	1381
336	1408
342	556
345	587
345	1246
347	372
347	409
347	572
347	766
347	938
347	1358
348	370
348	415
348	475
348	488
348	497
348	505
348	782
348	817
348	910
348	1028
348	1048
348	1109
348	1125
348	1168
348	1277
348	1341
348	1413
348	1447
354	582
354	763
356	564
356	861
356	1037
356	1070
356	1143
362	948
362	1097
362	1136
362	1369
362	1462
363	493
363	1425
366	571
366	582
366	587
366	763
366	820
366	903
366	934
366	947
366	950
366	1092
366	1162
366	1179
366	1436
366	1451
368	861
368	897
368	1037
368	1070
368	1143
368	1214
368	1318
370	399
370	415
370	475
370	488
370	497
370	505
370	635
370	782
370	817
370	820
370	895
370	910
370	990
370	1028
370	1048
370	1095
370	1109
370	1125
370	1132
370	1168
370	1174
370	1258
370	1269
370	1277
370	1404
370	1405
370	1447
372	409
372	563
372	572
372	766
372	938
372	1124
372	1324
372	1358
381	945
385	565
385	778
385	952
388	425
388	645
388	1069
399	430
399	450
399	488
399	508
399	574
399	618
399	642
399	651
399	691
399	824
399	863
399	895
399	907
399	910
399	911
399	929
399	971
399	984
399	1029
399	1077
399	1132
399	1141
399	1174
399	1190
399	1245
399	1269
399	1277
399	1351
399	1390
399	1405
399	1413
399	1447
399	1453
400	791
407	567
407	883
407	1097
407	1136
407	1443
407	1462
409	511
409	551
409	563
409	572
409	938
409	1124
409	1324
409	1358
409	1435
409	1480
411	459
414	728
415	475
415	488
415	497
415	505
415	782
415	817
415	820
415	910
415	1028
415	1048
415	1095
415	1109
415	1125
415	1168
415	1258
415	1277
415	1341
415	1404
415	1447
418	546
418	834
418	964
418	1312
421	453
421	523
421	1412
421	1442
424	1075
425	531
425	817
425	986
425	1498
428	1224
430	618
430	691
430	824
430	895
430	984
430	1077
430	1132
430	1141
430	1174
430	1245
430	1405
430	1453
431	587
433	1021
433	1109
439	626
441	1243
444	700
444	1298
445	493
445	511
445	592
445	1279
450	508
450	574
450	651
450	691
450	824
450	863
450	907
450	911
450	1029
450	1077
450	1132
450	1141
450	1174
450	1269
450	1277
450	1351
450	1405
450	1413
450	1453
453	523
453	1412
453	1442
454	938
457	952
463	531
464	1459
468	531
468	834
468	945
473	969
475	505
475	529
475	836
475	1028
475	1109
475	1125
475	1168
475	1258
475	1277
488	497
488	505
488	554
488	574
488	642
488	651
488	782
488	817
488	910
488	984
488	1028
488	1048
488	1095
488	1109
488	1125
488	1141
488	1174
488	1179
488	1269
488	1277
488	1405
488	1447
488	1453
491	1078
491	1344
493	592
493	727
493	782
493	944
493	1279
494	576
494	887
496	550
496	769
496	1336
496	1412
497	505
497	508
497	574
497	782
497	817
497	820
497	895
497	910
497	911
497	1028
497	1045
497	1048
497	1095
497	1109
497	1125
497	1132
497	1179
497	1259
497	1276
497	1277
497	1405
497	1447
502	1216
503	683
503	910
503	1109
504	794
505	635
505	642
505	651
505	782
505	817
505	820
505	863
505	895
505	910
505	984
505	989
505	1028
505	1048
505	1095
505	1109
505	1125
505	1168
505	1174
505	1229
505	1258
505	1277
505	1404
505	1405
505	1447
508	574
508	651
508	691
508	824
508	863
508	907
508	911
508	971
508	1077
508	1132
508	1141
508	1174
508	1269
508	1277
508	1351
508	1390
508	1405
508	1413
508	1453
511	782
511	820
511	950
511	1092
511	1179
511	1359
511	1413
511	1480
514	1386
517	568
517	593
517	608
517	710
517	811
517	822
517	1100
517	1105
517	1182
517	1230
517	1242
517	1323
517	1381
517	1408
523	1412
523	1442
525	829
531	711
531	834
531	945
531	1313
533	1289
547	910
549	662
549	1442
549	1455
550	769
550	1336
550	1412
551	938
551	1425
551	1470
553	1350
554	817
554	1277
563	572
563	1358
565	778
565	952
567	883
567	1443
568	593
568	608
568	710
568	811
568	822
568	1100
568	1105
568	1182
568	1230
568	1242
568	1323
568	1381
568	1408
571	582
571	700
571	763
571	820
571	934
571	947
571	950
571	960
571	1092
571	1119
571	1132
571	1179
571	1298
571	1436
572	766
572	938
572	1124
572	1358
572	1435
573	589
573	604
573	655
573	656
573	1203
573	1253
573	1286
574	618
574	651
574	691
574	824
574	895
574	910
574	911
574	929
574	1077
574	1132
574	1141
574	1174
574	1190
574	1245
574	1269
574	1277
574	1351
574	1390
574	1405
574	1413
574	1447
574	1453
582	763
582	903
582	934
582	947
582	950
582	1092
582	1179
582	1436
587	903
587	934
587	947
587	1109
587	1179
587	1246
587	1436
588	828
588	840
588	930
588	972
588	1028
588	1078
588	1328
588	1484
589	604
589	655
589	656
589	1203
589	1253
589	1286
589	1507
592	782
592	1279
593	704
593	710
593	811
593	1100
593	1105
593	1182
593	1230
593	1323
593	1381
593	1408
594	1307
599	1000
604	655
604	656
604	1203
604	1253
604	1286
606	1139
606	1403
607	919
608	710
608	811
608	822
608	1100
608	1105
608	1182
608	1230
608	1242
608	1323
608	1408
616	945
618	691
618	824
618	929
618	1141
618	1174
618	1190
618	1245
618	1405
618	1453
620	663
620	1122
620	1205
620	1448
624	888
624	1041
626	1034
626	1068
626	1122
629	1137
635	782
635	817
635	1125
635	1258
635	1332
642	651
642	820
642	910
642	1109
642	1132
642	1245
642	1277
642	1405
642	1447
642	1507
644	1345
645	945
651	691
651	824
651	863
651	895
651	907
651	910
651	911
651	929
651	971
651	1029
651	1077
651	1119
651	1125
651	1132
651	1141
651	1174
651	1190
651	1259
651	1269
651	1277
651	1351
651	1390
651	1405
651	1413
651	1453
652	1205
652	1327
652	1389
655	656
655	1203
655	1253
655	1286
656	1203
656	1253
656	1286
661	944
661	1231
662	1455
663	1122
663	1448
663	1455
666	805
666	981
673	1336
673	1364
681	1343
684	956
684	1178
691	824
691	895
691	907
691	911
691	929
691	1077
691	1132
691	1141
691	1174
691	1190
691	1245
691	1269
691	1277
691	1351
691	1405
691	1453
695	1045
695	1095
695	1344
700	709
700	846
700	1012
700	1051
700	1282
700	1298
700	1309
704	1182
709	1080
709	1128
709	1235
709	1248
709	1416
709	1455
710	811
710	1100
710	1105
710	1164
710	1182
710	1230
710	1242
710	1323
710	1381
710	1408
711	1313
714	1312
723	1366
730	835
732	1441
738	882
738	1186
738	1308
738	1335
739	1428
746	1274
755	1283
758	817
763	903
763	934
763	947
763	950
763	1092
763	1179
763	1436
765	1420
766	938
766	1358
767	1157
769	1336
769	1412
771	799
771	1212
771	1336
771	1364
771	1365
778	952
781	888
781	1041
782	817
782	820
782	910
782	944
782	950
782	1028
782	1048
782	1109
782	1125
782	1168
782	1277
782	1279
782	1400
782	1413
782	1418
785	894
787	1262
788	795
793	1281
799	1212
799	1336
799	1364
799	1365
805	981
811	1100
811	1105
811	1164
811	1182
811	1230
811	1242
811	1323
811	1381
811	1408
817	820
817	910
817	950
817	1028
817	1048
817	1095
817	1109
817	1125
817	1168
817	1179
817	1229
817	1258
817	1277
817	1404
817	1413
817	1451
817	1507
819	1292
820	910
820	944
820	947
820	950
820	1045
820	1048
820	1092
820	1119
820	1125
820	1132
820	1179
820	1231
820	1276
820	1277
820	1400
820	1404
820	1413
820	1436
822	1381
822	1408
824	895
824	910
824	911
824	1077
824	1132
824	1141
824	1174
824	1190
824	1245
824	1269
824	1351
824	1405
824	1413
824	1447
824	1453
828	840
828	930
828	972
828	1028
828	1078
828	1328
828	1484
834	929
834	1069
840	930
840	972
840	1484
841	918
841	1270
841	1312
843	1191
845	963
845	1394
846	1035
846	1298
855	1195
855	1451
861	897
861	980
861	1037
861	1070
861	1143
861	1214
863	895
863	910
863	911
863	949
863	971
863	1077
863	1132
863	1141
863	1269
863	1277
863	1351
863	1405
863	1413
866	918
874	1425
875	1084
875	1357
878	1067
878	1084
878	1459
882	1186
882	1308
882	1335
882	1336
883	1443
888	1041
895	910
895	911
895	971
895	1132
895	1141
895	1174
895	1245
895	1269
895	1277
895	1355
895	1405
895	1413
895	1453
897	980
897	1037
897	1070
897	1143
897	1214
897	1318
900	1049
903	934
903	947
903	950
903	1179
903	1436
907	911
907	1029
907	1077
907	1125
907	1132
907	1141
907	1269
907	1351
907	1390
907	1405
910	911
910	949
910	1028
910	1048
910	1095
910	1109
910	1125
910	1132
910	1141
910	1179
910	1259
910	1269
910	1276
910	1277
910	1351
910	1390
910	1404
910	1405
910	1413
910	1447
910	1453
911	1029
911	1077
911	1132
911	1141
911	1174
911	1259
911	1269
911	1277
911	1351
911	1355
911	1405
911	1413
911	1453
918	963
918	1270
929	945
929	1069
929	1141
929	1190
929	1245
929	1405
930	972
930	1078
930	1484
934	947
934	950
934	1092
934	1179
934	1436
934	1451
934	1487
938	1124
938	1324
938	1358
938	1435
944	950
944	1119
944	1132
944	1137
944	1231
945	1069
947	950
947	1092
947	1179
947	1359
947	1436
948	1097
948	1136
948	1369
948	1462
949	1259
949	1269
949	1413
950	1028
950	1092
950	1119
950	1132
950	1162
950	1179
950	1359
950	1436
956	1178
961	1494
963	1270
963	1312
963	1394
963	1413
966	1168
971	1077
971	1132
971	1141
971	1269
971	1277
971	1390
971	1405
972	1028
972	1078
972	1484
980	1037
980	1070
980	1143
980	1214
984	1245
984	1277
984	1405
984	1447
990	1109
1008	1298
1012	1282
1012	1298
1012	1309
1014	1422
1028	1048
1028	1078
1028	1095
1028	1109
1028	1125
1028	1132
1028	1168
1028	1179
1028	1258
1028	1259
1028	1277
1028	1404
1028	1413
1028	1447
1029	1077
1029	1125
1029	1132
1029	1269
1029	1277
1029	1405
1029	1413
1029	1418
1029	1496
1031	1214
1034	1068
1034	1122
1037	1070
1037	1143
1037	1214
1045	1279
1048	1095
1048	1109
1048	1125
1048	1132
1048	1168
1048	1179
1048	1258
1048	1276
1048	1277
1048	1404
1048	1447
1051	1147
1051	1282
1051	1298
1051	1309
1062	1130
1066	1069
1067	1084
1067	1459
1068	1122
1070	1143
1070	1214
1070	1318
1077	1119
1077	1132
1077	1141
1077	1174
1077	1269
1077	1277
1077	1351
1077	1390
1077	1405
1077	1453
1078	1344
1080	1128
1080	1235
1080	1248
1080	1416
1080	1455
1084	1459
1092	1119
1092	1162
1092	1179
1092	1250
1092	1436
1095	1109
1095	1125
1095	1277
1095	1404
1095	1417
1095	1447
1097	1136
1097	1369
1097	1400
1097	1462
1100	1105
1100	1182
1100	1230
1100	1323
1100	1381
1100	1408
1101	1165
1105	1182
1105	1230
1105	1242
1105	1323
1105	1408
1109	1125
1109	1168
1109	1179
1109	1229
1109	1258
1109	1277
1119	1132
1119	1179
1119	1259
1119	1269
1119	1351
1122	1448
1124	1358
1124	1435
1125	1132
1125	1141
1125	1168
1125	1229
1125	1258
1125	1259
1125	1269
1125	1277
1125	1341
1125	1404
1125	1405
1125	1413
1125	1447
1128	1235
1128	1248
1128	1416
1132	1141
1132	1174
1132	1179
1132	1231
1132	1259
1132	1269
1132	1276
1132	1277
1132	1351
1132	1355
1132	1390
1132	1405
1132	1413
1132	1453
1135	1384
1136	1369
1136	1462
1139	1403
1141	1174
1141	1190
1141	1245
1141	1259
1141	1269
1141	1277
1141	1351
1141	1390
1141	1405
1141	1413
1141	1447
1141	1453
1143	1214
1143	1318
1144	1502
1168	1258
1168	1277
1168	1404
1168	1418
1168	1472
1174	1190
1174	1269
1174	1277
1174	1351
1174	1405
1174	1453
1179	1359
1179	1400
1179	1404
1179	1436
1182	1230
1182	1323
1182	1381
1182	1408
1186	1308
1186	1335
1186	1336
1190	1245
1190	1405
1190	1453
1195	1296
1195	1431
1195	1451
1203	1253
1203	1286
1205	1327
1205	1389
1206	1254
1212	1336
1212	1364
1212	1365
1214	1318
1224	1378
1226	1273
1226	1316
1226	1338
1230	1242
1230	1323
1230	1381
1230	1408
1235	1248
1235	1416
1235	1455
1242	1323
1242	1408
1245	1277
1245	1405
1245	1413
1245	1447
1245	1453
1248	1416
1248	1455
1250	1436
1253	1286
1258	1277
1258	1404
1259	1269
1259	1277
1259	1351
1259	1390
1259	1413
1268	1488
1269	1277
1269	1351
1269	1390
1269	1405
1269	1413
1270	1312
1273	1316
1273	1338
1276	1277
1276	1417
1277	1390
1277	1404
1277	1405
1277	1413
1277	1417
1277	1447
1277	1453
1277	1472
1279	1352
1282	1298
1282	1309
1298	1309
1308	1335
1308	1336
1308	1357
1313	1442
1323	1381
1323	1408
1324	1435
1327	1389
1335	1336
1336	1364
1336	1365
1351	1390
1351	1405
1351	1413
1355	1413
1358	1435
1364	1365
1369	1462
1381	1408
1390	1405
1405	1413
1405	1447
1405	1453
1405	1481
1412	1442
1413	1447
1413	1453
1413	1481
1416	1455
1417	1447
1431	1451
1435	1480
1436	1487
1447	1453
1391	1
845	2
963	2
1394	2
533	3
35	13
1221	13
65	16
200	16
362	16
497	16
782	16
817	16
820	16
910	16
948	16
1097	16
1136	16
1369	16
1462	16
684	19
1178	19
986	23
125	24
828	24
695	27
817	27
1045	27
1048	27
1125	27
1045	28
49	31
66	31
106	31
120	31
144	31
254	31
332	31
366	31
571	31
582	31
587	31
763	31
903	31
934	31
947	31
950	31
1092	31
1119	31
1179	31
1250	31
1390	31
1436	31
1451	31
1221	35
68	37
206	37
347	37
372	37
409	37
563	37
572	37
766	37
938	37
1358	37
55	38
65	38
66	38
107	38
154	38
196	38
200	38
240	38
254	38
348	38
370	38
415	38
475	38
488	38
505	38
817	38
910	38
990	38
1028	38
1048	38
1109	38
1125	38
1168	38
1258	38
1277	38
1404	38
1447	38
86	41
158	41
163	41
268	41
307	41
323	41
368	41
861	41
897	41
980	41
1037	41
1070	41
1143	41
1214	41
1318	41
259	44
65	49
66	49
106	49
120	49
144	49
154	49
200	49
254	49
332	49
366	49
370	49
415	49
497	49
505	49
511	49
571	49
587	49
635	49
782	49
817	49
820	49
903	49
910	49
934	49
947	49
950	49
1028	49
1048	49
1092	49
1097	49
1109	49
1119	49
1125	49
1132	49
1168	49
1179	49
1231	49
1277	49
1369	49
1404	49
1413	49
508	53
1132	53
1405	53
1432	53
65	55
107	55
196	55
200	55
254	55
348	55
370	55
415	55
475	55
488	55
505	55
817	55
1028	55
1048	55
1109	55
1168	55
1258	55
1277	55
473	57
969	57
622	60
66	65
95	65
106	65
107	65
154	65
196	65
200	65
240	65
348	65
370	65
415	65
488	65
505	65
782	65
817	65
820	65
895	65
910	65
1028	65
1048	65
1109	65
1125	65
1132	65
1168	65
1179	65
1269	65
1276	65
1277	65
1404	65
1447	65
106	66
120	66
144	66
154	66
240	66
254	66
345	66
370	66
407	66
415	66
488	66
497	66
571	66
782	66
817	66
820	66
910	66
1028	66
1048	66
1109	66
1119	66
1125	66
1132	66
1168	66
1179	66
1231	66
1246	66
1277	66
1400	66
1404	66
1413	66
1436	66
246	67
206	68
347	68
372	68
409	68
551	68
563	68
572	68
766	68
938	68
1124	68
1324	68
1358	68
1435	68
900	69
1049	69
1480	71
620	74
626	74
663	74
1034	74
1122	74
1448	74
370	75
642	75
200	82
158	86
163	86
268	86
307	86
323	86
356	86
368	86
861	86
897	86
1037	86
1070	86
1143	86
1214	86
1318	86
553	90
252	95
497	95
651	95
820	95
910	95
1077	95
1119	95
1132	95
1141	95
1259	95
1351	95
1390	95
1413	95
1447	95
121	97
248	97
289	97
336	97
517	97
568	97
593	97
608	97
710	97
811	97
822	97
1100	97
1105	97
1164	97
1182	97
1230	97
1242	97
1323	97
1381	97
1408	97
222	99
249	99
280	99
496	99
550	99
738	99
769	99
771	99
799	99
882	99
1186	99
1212	99
1308	99
1335	99
1336	99
1364	99
1365	99
1412	99
1406	104
120	106
154	106
254	106
348	106
366	106
370	106
415	106
488	106
505	106
571	106
607	106
635	106
782	106
817	106
820	106
910	106
947	106
950	106
966	106
1045	106
1048	106
1109	106
1125	106
1168	106
1179	106
1195	106
1258	106
1277	106
1400	106
1404	106
1413	106
1451	106
154	107
196	107
200	107
370	107
415	107
475	107
488	107
505	107
817	107
1028	107
1109	107
1125	107
1168	107
1277	107
1454	109
599	112
1000	112
159	119
326	119
470	119
875	119
878	119
1084	119
1147	119
1335	119
1357	119
254	120
366	120
587	120
820	120
855	120
947	120
1092	120
1179	120
1195	120
1431	120
1436	120
1451	120
248	121
289	121
336	121
517	121
568	121
593	121
608	121
710	121
811	121
822	121
1100	121
1105	121
1182	121
1230	121
1242	121
1323	121
1381	121
1408	121
169	122
176	122
652	122
1205	122
1327	122
1389	122
594	123
1307	123
828	125
158	129
268	129
307	129
323	129
1070	129
1143	129
1214	129
1428	130
464	131
1459	131
571	138
399	143
508	143
863	143
1132	143
1141	143
1174	143
1405	143
587	144
820	144
903	144
944	144
947	144
950	144
1092	144
1119	144
1132	144
1179	144
1231	144
1436	144
237	145
666	145
805	145
981	145
159	150
326	150
878	150
1067	150
1084	150
1459	150
196	154
200	154
254	154
348	154
370	154
415	154
488	154
497	154
505	154
635	154
782	154
817	154
910	154
1028	154
1048	154
1095	154
1109	154
1125	154
1168	154
1179	154
1229	154
1277	154
1341	154
1404	154
1417	154
1447	154
163	158
268	158
307	158
323	158
368	158
861	158
897	158
980	158
1037	158
1070	158
1143	158
1214	158
1318	158
326	159
878	159
1067	159
1084	159
1459	159
268	163
307	163
323	163
356	163
368	163
861	163
897	163
980	163
1037	163
1070	163
1143	163
1214	163
1318	163
266	164
399	164
430	164
618	164
691	164
824	164
929	164
984	164
1190	164
1245	164
1405	164
1453	164
652	169
1205	169
1327	169
1389	169
421	174
453	174
523	174
1412	174
1442	174
652	176
1205	176
1327	176
644	183
289	187
710	187
1230	187
1397	195
200	196
240	196
254	196
266	196
348	196
370	196
399	196
415	196
475	196
488	196
497	196
505	196
574	196
782	196
817	196
910	196
1028	196
1048	196
1109	196
1125	196
1141	196
1168	196
1174	196
1258	196
1277	196
1341	196
1404	196
1413	196
1447	196
1472	196
348	199
240	200
254	200
348	200
370	200
415	200
475	200
488	200
497	200
505	200
574	200
642	200
695	200
782	200
817	200
820	200
863	200
910	200
1028	200
1048	200
1095	200
1109	200
1125	200
1132	200
1168	200
1174	200
1259	200
1269	200
1276	200
1277	200
1341	200
1351	200
1404	200
1405	200
1447	200
347	206
372	206
409	206
563	206
572	206
938	206
1124	206
1358	206
1435	206
866	211
228	214
308	219
428	219
1224	219
1378	219
249	222
738	222
882	222
1186	222
1308	222
1335	222
1336	222
1232	224
282	232
661	233
944	233
1137	233
1071	236
666	237
805	237
981	237
348	240
370	240
415	240
505	240
817	240
820	240
895	240
910	240
1028	240
1048	240
1109	240
1125	240
1132	240
1259	240
1276	240
1277	240
1404	240
375	244
289	248
336	248
517	248
568	248
593	248
608	248
710	248
811	248
1100	248
1105	248
1182	248
1230	248
1242	248
1323	248
1381	248
1408	248
738	249
882	249
1186	249
1308	249
1335	249
261	252
399	252
450	252
497	252
508	252
574	252
651	252
863	252
895	252
907	252
910	252
911	252
971	252
1077	252
1119	252
1132	252
1141	252
1259	252
1269	252
1351	252
1390	252
1405	252
1413	252
1133	253
348	254
366	254
370	254
415	254
488	254
505	254
511	254
571	254
587	254
635	254
782	254
817	254
820	254
903	254
910	254
934	254
947	254
950	254
966	254
1028	254
1038	254
1048	254
1092	254
1095	254
1109	254
1125	254
1168	254
1179	254
1195	254
1231	254
1258	254
1277	254
1359	254
1400	254
1404	254
1413	254
1436	254
1447	254
1451	254
1507	254
399	261
450	261
508	261
651	261
824	261
895	261
907	261
1077	261
1132	261
1141	261
1269	261
1351	261
1453	261
399	266
430	266
488	266
503	266
505	266
574	266
618	266
651	266
691	266
824	266
895	266
910	266
929	266
1141	266
1174	266
1190	266
1245	266
1405	266
1447	266
1453	266
307	268
323	268
356	268
368	268
861	268
897	268
980	268
1037	268
1070	268
1143	268
1214	268
1318	268
1357	270
616	271
945	271
771	280
799	280
1212	280
1336	280
1364	280
1365	280
989	285
1125	288
336	289
517	289
568	289
593	289
608	289
710	289
811	289
1100	289
1105	289
1164	289
1182	289
1230	289
1242	289
1323	289
1381	289
1408	289
407	298
567	298
883	298
1443	298
309	306
409	306
551	306
938	306
1425	306
323	307
356	307
368	307
861	307
897	307
980	307
1037	307
1070	307
1143	307
1214	307
1318	307
428	308
1224	308
1378	308
409	309
551	309
938	309
1425	309
989	311
356	323
368	323
861	323
897	323
980	323
1037	323
1070	323
1143	323
1214	323
1318	323
875	326
878	326
1067	326
1084	326
1459	326
354	332
366	332
571	332
582	332
763	332
903	332
934	332
947	332
950	332
1092	332
1162	332
1179	332
1436	332
1451	332
473	333
517	336
568	336
593	336
608	336
710	336
811	336
1100	336
1105	336
1182	336
1230	336
1242	336
1323	336
1381	336
1408	336
556	342
587	345
1246	345
372	347
409	347
572	347
766	347
938	347
1358	347
370	348
415	348
475	348
488	348
497	348
505	348
782	348
817	348
910	348
1028	348
1048	348
1109	348
1125	348
1168	348
1277	348
1341	348
1413	348
1447	348
582	354
763	354
564	356
861	356
1037	356
1070	356
1143	356
948	362
1097	362
1136	362
1369	362
1462	362
493	363
1425	363
571	366
582	366
587	366
763	366
820	366
903	366
934	366
947	366
950	366
1092	366
1162	366
1179	366
1436	366
1451	366
861	368
897	368
1037	368
1070	368
1143	368
1214	368
1318	368
399	370
415	370
475	370
488	370
497	370
505	370
635	370
782	370
817	370
820	370
895	370
910	370
990	370
1028	370
1048	370
1095	370
1109	370
1125	370
1132	370
1168	370
1174	370
1258	370
1269	370
1277	370
1404	370
1405	370
1447	370
409	372
563	372
572	372
766	372
938	372
1124	372
1324	372
1358	372
945	381
565	385
778	385
952	385
425	388
645	388
1069	388
430	399
450	399
488	399
508	399
574	399
618	399
642	399
651	399
691	399
824	399
863	399
895	399
907	399
910	399
911	399
929	399
971	399
984	399
1029	399
1077	399
1132	399
1141	399
1174	399
1190	399
1245	399
1269	399
1277	399
1351	399
1390	399
1405	399
1413	399
1447	399
1453	399
791	400
567	407
883	407
1097	407
1136	407
1443	407
1462	407
511	409
551	409
563	409
572	409
938	409
1124	409
1324	409
1358	409
1435	409
1480	409
459	411
728	414
475	415
488	415
497	415
505	415
782	415
817	415
820	415
910	415
1028	415
1048	415
1095	415
1109	415
1125	415
1168	415
1258	415
1277	415
1341	415
1404	415
1447	415
546	418
834	418
964	418
1312	418
453	421
523	421
1412	421
1442	421
1075	424
531	425
817	425
986	425
1498	425
1224	428
618	430
691	430
824	430
895	430
984	430
1077	430
1132	430
1141	430
1174	430
1245	430
1405	430
1453	430
587	431
1021	433
1109	433
626	439
1243	441
700	444
1298	444
493	445
511	445
592	445
1279	445
508	450
574	450
651	450
691	450
824	450
863	450
907	450
911	450
1029	450
1077	450
1132	450
1141	450
1174	450
1269	450
1277	450
1351	450
1405	450
1413	450
1453	450
523	453
1412	453
1442	453
938	454
952	457
531	463
1459	464
531	468
834	468
945	468
969	473
505	475
529	475
836	475
1028	475
1109	475
1125	475
1168	475
1258	475
1277	475
497	488
505	488
554	488
574	488
642	488
651	488
782	488
817	488
910	488
984	488
1028	488
1048	488
1095	488
1109	488
1125	488
1141	488
1174	488
1179	488
1269	488
1277	488
1405	488
1447	488
1453	488
1078	491
1344	491
592	493
727	493
782	493
944	493
1279	493
576	494
887	494
550	496
769	496
1336	496
1412	496
505	497
508	497
574	497
782	497
817	497
820	497
895	497
910	497
911	497
1028	497
1045	497
1048	497
1095	497
1109	497
1125	497
1132	497
1179	497
1259	497
1276	497
1277	497
1405	497
1447	497
1216	502
683	503
910	503
1109	503
794	504
635	505
642	505
651	505
782	505
817	505
820	505
863	505
895	505
910	505
984	505
989	505
1028	505
1048	505
1095	505
1109	505
1125	505
1168	505
1174	505
1229	505
1258	505
1277	505
1404	505
1405	505
1447	505
574	508
651	508
691	508
824	508
863	508
907	508
911	508
971	508
1077	508
1132	508
1141	508
1174	508
1269	508
1277	508
1351	508
1390	508
1405	508
1413	508
1453	508
782	511
820	511
950	511
1092	511
1179	511
1359	511
1413	511
1480	511
1386	514
568	517
593	517
608	517
710	517
811	517
822	517
1100	517
1105	517
1182	517
1230	517
1242	517
1323	517
1381	517
1408	517
1412	523
1442	523
829	525
711	531
834	531
945	531
1313	531
1289	533
910	547
662	549
1442	549
1455	549
769	550
1336	550
1412	550
938	551
1425	551
1470	551
1350	553
817	554
1277	554
572	563
1358	563
778	565
952	565
883	567
1443	567
593	568
608	568
710	568
811	568
822	568
1100	568
1105	568
1182	568
1230	568
1242	568
1323	568
1381	568
1408	568
582	571
700	571
763	571
820	571
934	571
947	571
950	571
960	571
1092	571
1119	571
1132	571
1179	571
1298	571
1436	571
766	572
938	572
1124	572
1358	572
1435	572
589	573
604	573
655	573
656	573
1203	573
1253	573
1286	573
618	574
651	574
691	574
824	574
895	574
910	574
911	574
929	574
1077	574
1132	574
1141	574
1174	574
1190	574
1245	574
1269	574
1277	574
1351	574
1390	574
1405	574
1413	574
1447	574
1453	574
763	582
903	582
934	582
947	582
950	582
1092	582
1179	582
1436	582
903	587
934	587
947	587
1109	587
1179	587
1246	587
1436	587
828	588
840	588
930	588
972	588
1028	588
1078	588
1328	588
1484	588
604	589
655	589
656	589
1203	589
1253	589
1286	589
1507	589
782	592
1279	592
704	593
710	593
811	593
1100	593
1105	593
1182	593
1230	593
1323	593
1381	593
1408	593
1307	594
1000	599
655	604
656	604
1203	604
1253	604
1286	604
1139	606
1403	606
919	607
710	608
811	608
822	608
1100	608
1105	608
1182	608
1230	608
1242	608
1323	608
1408	608
945	616
691	618
824	618
929	618
1141	618
1174	618
1190	618
1245	618
1405	618
1453	618
663	620
1122	620
1205	620
1448	620
888	624
1041	624
1034	626
1068	626
1122	626
1137	629
782	635
817	635
1125	635
1258	635
1332	635
651	642
820	642
910	642
1109	642
1132	642
1245	642
1277	642
1405	642
1447	642
1507	642
1345	644
945	645
691	651
824	651
863	651
895	651
907	651
910	651
911	651
929	651
971	651
1029	651
1077	651
1119	651
1125	651
1132	651
1141	651
1174	651
1190	651
1259	651
1269	651
1277	651
1351	651
1390	651
1405	651
1413	651
1453	651
1205	652
1327	652
1389	652
656	655
1203	655
1253	655
1286	655
1203	656
1253	656
1286	656
944	661
1231	661
1455	662
1122	663
1448	663
1455	663
805	666
981	666
1336	673
1364	673
1343	681
956	684
1178	684
824	691
895	691
907	691
911	691
929	691
1077	691
1132	691
1141	691
1174	691
1190	691
1245	691
1269	691
1277	691
1351	691
1405	691
1453	691
1045	695
1095	695
1344	695
709	700
846	700
1012	700
1051	700
1282	700
1298	700
1309	700
1182	704
1080	709
1128	709
1235	709
1248	709
1416	709
1455	709
811	710
1100	710
1105	710
1164	710
1182	710
1230	710
1242	710
1323	710
1381	710
1408	710
1313	711
1312	714
1366	723
835	730
1441	732
882	738
1186	738
1308	738
1335	738
1428	739
1274	746
1283	755
817	758
903	763
934	763
947	763
950	763
1092	763
1179	763
1436	763
1420	765
938	766
1358	766
1157	767
1336	769
1412	769
799	771
1212	771
1336	771
1364	771
1365	771
952	778
888	781
1041	781
817	782
820	782
910	782
944	782
950	782
1028	782
1048	782
1109	782
1125	782
1168	782
1277	782
1279	782
1400	782
1413	782
1418	782
894	785
1262	787
795	788
1281	793
1212	799
1336	799
1364	799
1365	799
981	805
1100	811
1105	811
1164	811
1182	811
1230	811
1242	811
1323	811
1381	811
1408	811
820	817
910	817
950	817
1028	817
1048	817
1095	817
1109	817
1125	817
1168	817
1179	817
1229	817
1258	817
1277	817
1404	817
1413	817
1451	817
1507	817
1292	819
910	820
944	820
947	820
950	820
1045	820
1048	820
1092	820
1119	820
1125	820
1132	820
1179	820
1231	820
1276	820
1277	820
1400	820
1404	820
1413	820
1436	820
1381	822
1408	822
895	824
910	824
911	824
1077	824
1132	824
1141	824
1174	824
1190	824
1245	824
1269	824
1351	824
1405	824
1413	824
1447	824
1453	824
840	828
930	828
972	828
1028	828
1078	828
1328	828
1484	828
929	834
1069	834
930	840
972	840
1484	840
918	841
1270	841
1312	841
1191	843
963	845
1394	845
1035	846
1298	846
1195	855
1451	855
897	861
980	861
1037	861
1070	861
1143	861
1214	861
895	863
910	863
911	863
949	863
971	863
1077	863
1132	863
1141	863
1269	863
1277	863
1351	863
1405	863
1413	863
918	866
1425	874
1084	875
1357	875
1067	878
1084	878
1459	878
1186	882
1308	882
1335	882
1336	882
1443	883
1041	888
910	895
911	895
971	895
1132	895
1141	895
1174	895
1245	895
1269	895
1277	895
1355	895
1405	895
1413	895
1453	895
980	897
1037	897
1070	897
1143	897
1214	897
1318	897
1049	900
934	903
947	903
950	903
1179	903
1436	903
911	907
1029	907
1077	907
1125	907
1132	907
1141	907
1269	907
1351	907
1390	907
1405	907
911	910
949	910
1028	910
1048	910
1095	910
1109	910
1125	910
1132	910
1141	910
1179	910
1259	910
1269	910
1276	910
1277	910
1351	910
1390	910
1404	910
1405	910
1413	910
1447	910
1453	910
1029	911
1077	911
1132	911
1141	911
1174	911
1259	911
1269	911
1277	911
1351	911
1355	911
1405	911
1413	911
1453	911
963	918
1270	918
945	929
1069	929
1141	929
1190	929
1245	929
1405	929
972	930
1078	930
1484	930
947	934
950	934
1092	934
1179	934
1436	934
1451	934
1487	934
1124	938
1324	938
1358	938
1435	938
950	944
1119	944
1132	944
1137	944
1231	944
1069	945
950	947
1092	947
1179	947
1359	947
1436	947
1097	948
1136	948
1369	948
1462	948
1259	949
1269	949
1413	949
1028	950
1092	950
1119	950
1132	950
1162	950
1179	950
1359	950
1436	950
1178	956
1494	961
1270	963
1312	963
1394	963
1413	963
1168	966
1077	971
1132	971
1141	971
1269	971
1277	971
1390	971
1405	971
1028	972
1078	972
1484	972
1037	980
1070	980
1143	980
1214	980
1245	984
1277	984
1405	984
1447	984
1109	990
1298	1008
1282	1012
1298	1012
1309	1012
1422	1014
1048	1028
1078	1028
1095	1028
1109	1028
1125	1028
1132	1028
1168	1028
1179	1028
1258	1028
1259	1028
1277	1028
1404	1028
1413	1028
1447	1028
1077	1029
1125	1029
1132	1029
1269	1029
1277	1029
1405	1029
1413	1029
1418	1029
1496	1029
1214	1031
1068	1034
1122	1034
1070	1037
1143	1037
1214	1037
1279	1045
1095	1048
1109	1048
1125	1048
1132	1048
1168	1048
1179	1048
1258	1048
1276	1048
1277	1048
1404	1048
1447	1048
1147	1051
1282	1051
1298	1051
1309	1051
1130	1062
1069	1066
1084	1067
1459	1067
1122	1068
1143	1070
1214	1070
1318	1070
1119	1077
1132	1077
1141	1077
1174	1077
1269	1077
1277	1077
1351	1077
1390	1077
1405	1077
1453	1077
1344	1078
1128	1080
1235	1080
1248	1080
1416	1080
1455	1080
1459	1084
1119	1092
1162	1092
1179	1092
1250	1092
1436	1092
1109	1095
1125	1095
1277	1095
1404	1095
1417	1095
1447	1095
1136	1097
1369	1097
1400	1097
1462	1097
1105	1100
1182	1100
1230	1100
1323	1100
1381	1100
1408	1100
1165	1101
1182	1105
1230	1105
1242	1105
1323	1105
1408	1105
1125	1109
1168	1109
1179	1109
1229	1109
1258	1109
1277	1109
1132	1119
1179	1119
1259	1119
1269	1119
1351	1119
1448	1122
1358	1124
1435	1124
1132	1125
1141	1125
1168	1125
1229	1125
1258	1125
1259	1125
1269	1125
1277	1125
1341	1125
1404	1125
1405	1125
1413	1125
1447	1125
1235	1128
1248	1128
1416	1128
1141	1132
1174	1132
1179	1132
1231	1132
1259	1132
1269	1132
1276	1132
1277	1132
1351	1132
1355	1132
1390	1132
1405	1132
1413	1132
1453	1132
1384	1135
1369	1136
1462	1136
1403	1139
1174	1141
1190	1141
1245	1141
1259	1141
1269	1141
1277	1141
1351	1141
1390	1141
1405	1141
1413	1141
1447	1141
1453	1141
1214	1143
1318	1143
1502	1144
1258	1168
1277	1168
1404	1168
1418	1168
1472	1168
1190	1174
1269	1174
1277	1174
1351	1174
1405	1174
1453	1174
1359	1179
1400	1179
1404	1179
1436	1179
1230	1182
1323	1182
1381	1182
1408	1182
1308	1186
1335	1186
1336	1186
1245	1190
1405	1190
1453	1190
1296	1195
1431	1195
1451	1195
1253	1203
1286	1203
1327	1205
1389	1205
1254	1206
1336	1212
1364	1212
1365	1212
1318	1214
1378	1224
1273	1226
1316	1226
1338	1226
1242	1230
1323	1230
1381	1230
1408	1230
1248	1235
1416	1235
1455	1235
1323	1242
1408	1242
1277	1245
1405	1245
1413	1245
1447	1245
1453	1245
1416	1248
1455	1248
1436	1250
1286	1253
1277	1258
1404	1258
1269	1259
1277	1259
1351	1259
1390	1259
1413	1259
1488	1268
1277	1269
1351	1269
1390	1269
1405	1269
1413	1269
1312	1270
1316	1273
1338	1273
1277	1276
1417	1276
1390	1277
1404	1277
1405	1277
1413	1277
1417	1277
1447	1277
1453	1277
1472	1277
1352	1279
1298	1282
1309	1282
1309	1298
1335	1308
1336	1308
1357	1308
1442	1313
1381	1323
1408	1323
1435	1324
1389	1327
1336	1335
1364	1336
1365	1336
1390	1351
1405	1351
1413	1351
1413	1355
1435	1358
1365	1364
1462	1369
1408	1381
1405	1390
1413	1405
1447	1405
1453	1405
1481	1405
1442	1412
1447	1413
1453	1413
1481	1413
1455	1416
1447	1417
1451	1431
1480	1435
1487	1436
1453	1447
