1	87
1	174
1	378
1	410
1	1063
1	1275
1	2585
5	161
5	2645
5	2668
6	400
6	428
6	694
6	1902
6	2409
6	2652
7	49
7	1273
7	1770
9	49
9	119
9	585
9	1548
9	1778
11	340
11	477
11	1527
12	410
12	654
12	955
12	1055
12	1152
12	1283
12	1289
12	2365
12	2551
12	2582
12	2648
13	2064
15	2288
15	2470
16	485
21	378
21	410
22	112
22	410
22	1861
22	1905
22	2288
22	2756
26	887
27	340
27	1589
27	2290
27	2648
28	880
32	2758
43	340
43	892
43	1659
43	1755
43	2292
43	2384
43	2551
49	119
49	323
49	333
49	340
49	477
49	518
49	560
49	699
49	726
49	806
49	834
49	924
49	959
49	1134
49	1150
49	1152
49	1155
49	1207
49	1276
49	1351
49	1352
49	1374
49	1446
49	1571
49	1702
49	1708
49	1770
49	1873
49	1880
49	1905
49	1917
49	1921
49	2108
49	2142
49	2143
49	2433
49	2484
49	2579
49	2639
49	2715
49	2733
52	1042
52	1975
56	2288
58	2027
63	1152
65	460
65	788
65	2730
69	121
69	1152
73	205
73	1073
73	1854
73	2071
73	2458
73	2660
74	477
74	761
74	903
74	1338
77	1204
77	1743
77	1770
77	1908
77	2537
79	887
84	2429
87	195
87	605
87	654
87	874
87	1491
87	1868
87	1944
87	2558
87	2770
87	2782
89	197
92	774
92	2369
102	615
102	1708
103	1446
103	1574
107	213
107	336
107	1064
107	1770
107	2246
107	2298
107	2782
108	119
114	739
114	1183
115	1574
117	177
117	452
117	536
117	654
117	955
117	2335
117	2551
118	1055
119	333
119	699
119	834
119	924
119	1134
119	1276
119	1527
119	1702
119	1770
119	1991
119	2108
119	2142
119	2143
119	2157
119	2292
119	2343
119	2484
119	2579
119	2733
120	1351
120	1938
120	2027
120	2593
121	1526
121	1896
121	2574
122	279
122	1775
126	2580
127	477
130	880
130	1841
131	2064
131	2225
132	887
133	1446
133	1902
140	368
140	1854
144	1612
144	2097
145	2013
147	2757
155	760
155	1313
155	2038
160	1621
160	2146
161	368
161	2645
161	2668
162	654
165	1854
168	654
168	1055
168	2582
174	1443
174	2027
174	2134
174	2585
176	279
176	410
176	485
176	1961
177	558
177	622
177	1059
177	1084
177	1527
177	1971
177	2247
177	2726
177	2761
179	477
179	955
182	1073
182	1204
182	2097
182	2490
184	323
184	788
184	2531
187	226
187	450
187	777
187	1063
190	575
190	1352
190	1908
191	410
191	1747
195	390
195	2064
196	1484
196	2225
197	1053
197	1289
197	1475
197	1654
197	1691
197	1701
197	1840
197	2582
197	2648
201	246
201	2252
204	1038
204	1574
205	761
205	805
205	856
205	1089
205	1338
205	1610
205	1789
208	1574
210	1201
213	806
213	1064
213	1070
213	1089
213	1770
213	2246
213	2298
213	2495
213	2782
216	1446
216	2064
220	760
222	616
222	652
222	1841
222	2590
222	2730
223	609
223	2598
224	353
226	536
226	955
226	2370
226	2551
228	2668
231	654
231	740
231	1352
231	1770
231	1938
232	625
232	699
232	1374
232	1873
232	1880
233	333
233	508
233	1174
233	1475
233	1476
233	1529
233	2105
233	2470
234	806
234	2317
237	1902
246	1329
258	654
258	1140
258	1698
258	2618
258	2650
259	477
262	2540
265	1755
266	518
266	681
266	959
266	2395
266	2413
275	970
275	1073
275	1150
275	2579
279	1221
279	1413
279	2547
279	2608
283	601
283	1590
284	1702
284	2284
286	2338
287	707
295	603
296	378
296	410
303	410
303	2354
305	388
305	760
305	962
305	1060
305	1578
305	2338
307	620
312	887
312	1370
312	1430
312	2773
316	1570
319	1702
321	805
322	740
322	806
322	933
322	1452
322	2064
323	654
327	654
327	1074
333	1374
333	1874
333	2470
336	1064
336	2246
336	2782
338	378
338	410
338	1052
338	1275
338	2729
338	2757
340	973
340	1007
340	1130
340	1435
340	1548
340	1654
340	1874
340	1883
340	2365
340	2484
340	2648
340	2734
354	2700
354	2787
356	2544
364	726
368	760
368	1374
368	1854
368	2582
368	2718
372	1563
372	1660
375	2142
378	410
378	439
378	500
378	543
378	615
378	658
378	880
378	930
378	1112
378	1208
378	1275
378	1286
378	1473
378	1492
378	1503
378	1567
378	1586
378	1854
378	2461
378	2571
378	2582
378	2676
378	2757
382	1076
382	1991
387	887
388	760
388	889
388	1060
388	2338
389	1063
389	2689
390	601
390	1095
390	1916
390	2473
390	2512
390	2758
399	477
399	2461
400	880
400	1020
400	1608
400	1654
400	1747
400	2064
400	2564
400	2577
400	2582
400	2648
400	2699
407	522
407	548
407	1055
407	1548
407	1583
407	2582
408	1627
410	439
410	500
410	618
410	658
410	880
410	930
410	1112
410	1273
410	1275
410	1286
410	1371
410	1373
410	1586
410	1695
410	2382
410	2461
410	2699
410	2712
410	2757
414	1479
415	1055
415	1733
422	2225
423	962
423	1854
432	1905
439	477
439	536
439	835
439	887
439	962
439	1064
439	1854
439	1974
439	2064
439	2097
439	2108
439	2116
439	2143
439	2338
439	2386
439	2551
450	468
450	955
450	1055
450	2348
450	2582
452	828
452	2064
452	2685
454	1627
456	2668
459	1266
462	1476
463	694
463	2131
464	2225
468	935
474	973
477	569
477	570
477	610
477	622
477	684
477	785
477	868
477	903
477	1001
477	1214
477	1263
477	1373
477	1548
477	1561
477	1621
477	1691
477	1701
477	1856
477	1918
477	2046
477	2387
477	2404
477	2469
477	2710
477	2726
482	560
482	742
482	2488
484	2540
485	1689
485	1854
485	1961
485	2470
492	2046
499	1064
502	834
505	1366
505	2579
508	1028
508	1874
508	2064
512	1064
513	1717
513	2148
513	2284
518	681
518	959
518	1076
518	2298
518	2395
518	2587
522	2409
524	1351
524	1654
524	2348
524	2648
526	1641
531	560
531	788
531	906
531	1542
533	910
533	1151
533	1542
533	2064
534	2064
536	785
536	806
536	955
536	1517
536	2143
536	2445
536	2601
536	2725
536	2773
543	834
548	1351
559	2116
567	1854
575	1005
575	2116
576	1455
581	654
581	1826
587	726
587	1285
587	1789
599	2338
601	654
601	732
601	1840
601	2563
601	2582
601	2648
603	776
603	1155
603	1313
603	1708
603	1854
603	2116
603	2689
605	774
605	1809
605	2143
605	2169
605	2469
609	1042
609	1232
609	2492
615	654
615	914
615	962
615	1171
615	1289
615	1525
615	2740
616	774
616	973
616	1841
616	2590
616	2730
618	1052
618	1275
618	2143
618	2729
618	2757
620	661
620	962
620	2685
620	2773
622	1273
622	2382
623	1038
624	1388
625	699
625	851
625	1055
625	1374
625	1873
625	1938
625	2264
626	979
626	1063
626	1975
631	1567
631	1854
631	2046
631	2630
631	2733
637	2718
642	2038
645	852
645	2170
652	1841
652	2730
654	774
654	802
654	821
654	870
654	892
654	955
654	988
654	1002
654	1055
654	1154
654	1203
654	1207
654	1211
654	1232
654	1255
654	1351
654	1376
654	1461
654	1534
654	1576
654	1577
654	1578
654	1633
654	1674
654	1717
654	1760
654	1784
654	1820
654	1829
654	1842
654	1916
654	1995
654	2015
654	2064
654	2116
654	2149
654	2169
654	2239
654	2251
654	2333
654	2365
654	2377
654	2469
654	2484
654	2490
654	2703
658	880
658	930
658	1112
658	1275
658	2461
658	2757
661	1660
661	2319
664	892
681	959
681	2395
684	1660
699	1055
699	1374
699	1873
700	1780
702	1055
702	1610
702	2531
702	2582
702	2583
707	1490
718	914
718	2370
722	2116
726	1250
726	1285
726	1313
726	2046
730	2278
739	1073
739	1612
739	2146
739	2323
740	1464
740	1545
740	1938
740	2146
740	2278
740	2319
740	2545
740	2579
745	1374
745	2470
750	962
754	2225
755	761
760	1060
760	1063
760	1092
760	1107
760	1443
760	1593
760	1854
760	2038
760	2289
760	2338
760	2718
761	805
761	903
761	1338
761	1403
761	1610
761	1830
767	2064
774	1070
774	1250
774	1285
774	1398
774	1443
774	1472
774	1604
774	1902
774	2064
774	2225
774	2333
777	962
777	1155
777	1351
777	1770
777	1788
777	2200
777	2348
777	2365
785	962
785	2225
788	802
788	847
788	1262
788	1351
788	1554
788	2701
788	2743
798	1074
801	2252
801	2579
801	2582
805	903
806	953
806	955
806	1654
806	1873
806	2298
806	2506
811	1273
811	2382
811	2582
821	1211
821	1376
821	2469
821	2548
821	2757
828	1820
831	1060
834	1207
834	1651
835	1140
844	1578
847	2735
856	892
860	1770
866	1035
867	1455
868	2551
870	1775
871	1084
871	1107
871	1415
877	1583
879	1604
880	930
880	1112
880	1275
880	1586
880	2461
880	2582
880	2757
887	1432
887	1645
887	1668
887	1854
887	1930
887	1969
887	2125
887	2332
889	1055
889	1548
889	2582
892	973
892	1063
892	1166
892	1567
892	2097
892	2302
892	2395
893	2001
896	1551
898	1015
898	1534
898	2219
903	1338
906	1820
906	2064
906	2105
906	2743
910	1201
914	1446
914	1561
914	1708
914	1753
914	1902
914	2187
914	2288
914	2382
914	2644
914	2719
915	1783
925	2142
930	974
930	1112
930	1133
930	1153
930	1160
930	1212
930	1275
930	1341
930	1586
930	2461
930	2582
930	2649
930	2757
932	1446
933	2116
946	2324
953	1155
953	1407
953	1770
955	1055
955	1076
955	1351
955	1576
955	1590
955	1829
955	1842
955	1859
955	1928
955	2007
955	2060
955	2116
955	2137
955	2143
955	2195
955	2354
955	2419
955	2469
955	2551
955	2582
959	1770
959	1960
959	2395
959	2587
962	1167
962	1322
962	1351
962	1443
962	1593
962	1660
962	1708
962	1747
962	1770
962	2015
962	2239
962	2389
962	2506
969	1287
969	1842
969	2582
970	1366
973	1276
973	1819
973	1841
973	1917
973	2274
973	2608
973	2730
974	2225
988	1283
991	1064
997	1266
997	1838
1002	1089
1002	1788
1002	1916
1013	2566
1015	1332
1015	1534
1015	2219
1017	1061
1017	1540
1017	1578
1017	2027
1029	2059
1033	1484
1035	1677
1035	2397
1036	2237
1040	2108
1042	1561
1042	2284
1046	1063
1052	1276
1055	1583
1055	1660
1055	1733
1055	1991
1055	2015
1055	2064
1055	2146
1055	2251
1055	2254
1055	2419
1055	2582
1055	2760
1056	1789
1060	1215
1060	1252
1060	2338
1061	2116
1063	1654
1063	1854
1063	2001
1063	2146
1063	2157
1063	2365
1064	1096
1064	1435
1064	1854
1064	1878
1064	2170
1064	2246
1064	2298
1064	2408
1064	2470
1064	2782
1070	1789
1073	1788
1073	2229
1073	2461
1074	1902
1074	2278
1074	2469
1074	2577
1076	1991
1080	1574
1084	2473
1084	2608
1089	1284
1089	1554
1089	1567
1092	1854
1092	2108
1098	2386
1109	1938
1112	1275
1112	1586
1112	2461
1120	2471
1134	1155
1134	1351
1140	1204
1140	1373
1140	1590
1140	1820
1142	2296
1151	2540
1152	1446
1152	2143
1152	2319
1152	2582
1154	2582
1155	1351
1155	1590
1155	1788
1155	2006
1155	2046
1155	2319
1155	2365
1158	1651
1171	1276
1171	2288
1171	2644
1174	2064
1183	1412
1187	1566
1187	1918
1187	2338
1189	2605
1196	1276
1204	2490
1207	1325
1207	1654
1207	1754
1207	1788
1207	2579
1207	2582
1207	2639
1207	2733
1208	2579
1208	2644
1214	2001
1221	2518
1230	2551
1250	1285
1255	1417
1255	1975
1256	1776
1259	1455
1266	1583
1266	2619
1273	2264
1273	2370
1273	2382
1275	1586
1275	1593
1275	2461
1275	2571
1275	2582
1275	2670
1275	2757
1276	1770
1276	2064
1276	2274
1276	2433
1276	2639
1276	2733
1283	1351
1283	1708
1285	2608
1287	2685
1313	1461
1313	1487
1317	2137
1319	2116
1323	1525
1325	2064
1325	2071
1325	2137
1332	1534
1338	1449
1341	1351
1341	1415
1345	2693
1345	2761
1351	1627
1351	1654
1351	1770
1351	1840
1351	1905
1351	1991
1351	2200
1351	2496
1351	2582
1352	1574
1367	1972
1371	2040
1371	2302
1373	1975
1373	2064
1374	1873
1374	1880
1374	2470
1374	2536
1374	2718
1376	1430
1376	2494
1388	1486
1388	2530
1398	1476
1400	1583
1400	2220
1412	2467
1412	2613
1417	1826
1430	2400
1430	2412
1430	2759
1443	1760
1443	1789
1443	1831
1443	2749
1446	1526
1446	1770
1446	2348
1446	2445
1446	2496
1449	1821
1451	2473
1451	2512
1452	1826
1452	2787
1455	1840
1455	2064
1455	2113
1461	1548
1463	2225
1471	2001
1475	1529
1476	2116
1479	2573
1486	2120
1492	1567
1493	2580
1494	1574
1494	2001
1513	1612
1525	2359
1525	2517
1527	1540
1527	2064
1527	2598
1532	2433
1533	1880
1539	2149
1540	1778
1540	1854
1540	2164
1540	2399
1540	2608
1540	2773
1548	1574
1548	1905
1548	2424
1548	2557
1548	2579
1551	2451
1556	2225
1556	2348
1561	1975
1562	2188
1567	1654
1567	1717
1567	2377
1570	1747
1570	2027
1570	2143
1570	2550
1571	1654
1571	1839
1574	2060
1576	2551
1578	2027
1583	2146
1583	2319
1583	2377
1583	2582
1583	2715
1586	2461
1586	2582
1586	2757
1590	2648
1590	2685
1593	1826
1593	2757
1593	2787
1605	2225
1608	1654
1610	1789
1612	1655
1612	2126
1612	2252
1612	2270
1612	2302
1612	2799
1627	2338
1627	2758
1633	2551
1638	2288
1651	2386
1654	1708
1654	1854
1654	1928
1654	2046
1654	2185
1654	2220
1654	2225
1654	2729
1660	1902
1660	2152
1660	2333
1668	2297
1670	2057
1670	2759
1691	1717
1691	2743
1701	2719
1701	2735
1708	1770
1708	2365
1708	2551
1708	2648
1709	2064
1717	2409
1730	2143
1730	2470
1733	1889
1741	2761
1747	2040
1749	2579
1751	2001
1760	2064
1770	1902
1770	1961
1770	2006
1770	2060
1770	2185
1770	2225
1770	2288
1770	2319
1770	2433
1770	2579
1770	2598
1770	2648
1770	2650
1770	2675
1770	2761
1779	2095
1779	2113
1779	2131
1783	1938
1784	1975
1788	2348
1788	2365
1789	2064
1789	2582
1801	2770
1820	2001
1820	2064
1823	2225
1826	2138
1826	2787
1828	1925
1829	2551
1832	2060
1840	1859
1840	2027
1841	2590
1841	2730
1842	2335
1842	2551
1842	2582
1851	2386
1851	2490
1854	1874
1854	1916
1854	1918
1854	2001
1854	2038
1854	2064
1854	2116
1854	2149
1854	2338
1854	2365
1854	2386
1854	2494
1854	2718
1855	2143
1861	2237
1862	2238
1873	1880
1874	2290
1880	2718
1883	2685
1884	2172
1889	2580
1891	2225
1902	2344
1902	2648
1902	2695
1902	2740
1903	2116
1911	2579
1916	2473
1917	2333
1918	2545
1922	2395
1925	2060
1925	2279
1925	2333
1926	2282
1926	2665
1934	2001
1934	2545
1938	2064
1938	2156
1938	2274
1938	2568
1938	2740
1938	2776
1939	2797
1961	2288
1961	2324
1969	2152
1991	2015
1991	2582
2001	2093
2001	2126
2001	2149
2001	2598
2001	2715
2002	2064
2007	2551
2015	2386
2015	2582
2022	2494
2027	2470
2046	2187
2046	2598
2059	2105
2060	2377
2064	2146
2064	2225
2064	2302
2064	2333
2064	2579
2064	2582
2064	2648
2064	2749
2064	2790
2072	2302
2092	2116
2105	2266
2112	2191
2113	2749
2116	2317
2122	2461
2134	2582
2137	2551
2138	2451
2142	2143
2142	2579
2143	2152
2143	2551
2143	2579
2146	2451
2149	2294
2149	2581
2152	2619
2152	2707
2152	2790
2159	2179
2178	2454
2185	2648
2187	2598
2188	2295
2188	2557
2188	2758
2190	2540
2191	2494
2200	2685
2225	2284
2225	2365
2225	2758
2233	2470
2237	2288
2237	2756
2246	2298
2246	2782
2254	2582
2254	2671
2274	2714
2282	2302
2284	2540
2288	2539
2288	2541
2288	2639
2288	2733
2288	2756
2292	2671
2295	2758
2298	2782
2302	2453
2333	2579
2338	2512
2338	2758
2365	2675
2365	2729
2377	2733
2387	2726
2412	2582
2419	2551
2419	2582
2433	2579
2433	2648
2438	2579
2443	2787
2451	2773
2461	2582
2461	2757
2473	2512
2473	2749
2511	2540
2512	2557
2540	2685
2557	2758
2579	2598
2588	2685
2590	2730
2616	2689
2632	2689
2645	2668
2645	2718
2719	2733
2719	2735
2729	2733
2730	2733
87	1
174	1
378	1
410	1
1063	1
1275	1
2585	1
161	5
2645	5
2668	5
400	6
428	6
694	6
1902	6
2409	6
2652	6
49	7
1273	7
1770	7
49	9
119	9
585	9
1548	9
1778	9
340	11
477	11
1527	11
410	12
654	12
955	12
1055	12
1152	12
1283	12
1289	12
2365	12
2551	12
2582	12
2648	12
2064	13
2288	15
2470	15
485	16
378	21
410	21
112	22
410	22
1861	22
1905	22
2288	22
2756	22
887	26
340	27
1589	27
2290	27
2648	27
880	28
2758	32
340	43
892	43
1659	43
1755	43
2292	43
2384	43
2551	43
119	49
323	49
333	49
340	49
477	49
518	49
560	49
699	49
726	49
806	49
834	49
924	49
959	49
1134	49
1150	49
1152	49
1155	49
1207	49
1276	49
1351	49
1352	49
1374	49
1446	49
1571	49
1702	49
1708	49
1770	49
1873	49
1880	49
1905	49
1917	49
1921	49
2108	49
2142	49
2143	49
2433	49
2484	49
2579	49
2639	49
2715	49
2733	49
1042	52
1975	52
2288	56
2027	58
1152	63
460	65
788	65
2730	65
121	69
1152	69
205	73
1073	73
1854	73
2071	73
2458	73
2660	73
477	74
761	74
903	74
1338	74
1204	77
1743	77
1770	77
1908	77
2537	77
887	79
2429	84
195	87
605	87
654	87
874	87
1491	87
1868	87
1944	87
2558	87
2770	87
2782	87
197	89
774	92
2369	92
615	102
1708	102
1446	103
1574	103
213	107
336	107
1064	107
1770	107
2246	107
2298	107
2782	107
119	108
739	114
1183	114
1574	115
177	117
452	117
536	117
654	117
955	117
2335	117
2551	117
1055	118
333	119
699	119
834	119
924	119
1134	119
1276	119
1527	119
1702	119
1770	119
1991	119
2108	119
2142	119
2143	119
2157	119
2292	119
2343	119
2484	119
2579	119
2733	119
1351	120
1938	120
2027	120
2593	120
1526	121
1896	121
2574	121
279	122
1775	122
2580	126
477	127
880	130
1841	130
2064	131
2225	131
887	132
1446	133
1902	133
368	140
1854	140
1612	144
2097	144
2013	145
2757	147
760	155
1313	155
2038	155
1621	160
2146	160
368	161
2645	161
2668	161
654	162
1854	165
654	168
1055	168
2582	168
1443	174
2027	174
2134	174
2585	174
279	176
410	176
485	176
1961	176
558	177
622	177
1059	177
1084	177
1527	177
1971	177
2247	177
2726	177
2761	177
477	179
955	179
1073	182
1204	182
2097	182
2490	182
323	184
788	184
2531	184
226	187
450	187
777	187
1063	187
575	190
1352	190
1908	190
410	191
1747	191
390	195
2064	195
1484	196
2225	196
1053	197
1289	197
1475	197
1654	197
1691	197
1701	197
1840	197
2582	197
2648	197
246	201
2252	201
1038	204
1574	204
761	205
805	205
856	205
1089	205
1338	205
1610	205
1789	205
1574	208
1201	210
806	213
1064	213
1070	213
1089	213
1770	213
2246	213
2298	213
2495	213
2782	213
1446	216
2064	216
760	220
616	222
652	222
1841	222
2590	222
2730	222
609	223
2598	223
353	224
536	226
955	226
2370	226
2551	226
2668	228
654	231
740	231
1352	231
1770	231
1938	231
625	232
699	232
1374	232
1873	232
1880	232
333	233
508	233
1174	233
1475	233
1476	233
1529	233
2105	233
2470	233
806	234
2317	234
1902	237
1329	246
654	258
1140	258
1698	258
2618	258
2650	258
477	259
2540	262
1755	265
518	266
681	266
959	266
2395	266
2413	266
970	275
1073	275
1150	275
2579	275
1221	279
1413	279
2547	279
2608	279
601	283
1590	283
1702	284
2284	284
2338	286
707	287
603	295
378	296
410	296
410	303
2354	303
388	305
760	305
962	305
1060	305
1578	305
2338	305
620	307
887	312
1370	312
1430	312
2773	312
1570	316
1702	319
805	321
740	322
806	322
933	322
1452	322
2064	322
654	323
654	327
1074	327
1374	333
1874	333
2470	333
1064	336
2246	336
2782	336
378	338
410	338
1052	338
1275	338
2729	338
2757	338
973	340
1007	340
1130	340
1435	340
1548	340
1654	340
1874	340
1883	340
2365	340
2484	340
2648	340
2734	340
2700	354
2787	354
2544	356
726	364
760	368
1374	368
1854	368
2582	368
2718	368
1563	372
1660	372
2142	375
410	378
439	378
500	378
543	378
615	378
658	378
880	378
930	378
1112	378
1208	378
1275	378
1286	378
1473	378
1492	378
1503	378
1567	378
1586	378
1854	378
2461	378
2571	378
2582	378
2676	378
2757	378
1076	382
1991	382
887	387
760	388
889	388
1060	388
2338	388
1063	389
2689	389
601	390
1095	390
1916	390
2473	390
2512	390
2758	390
477	399
2461	399
880	400
1020	400
1608	400
1654	400
1747	400
2064	400
2564	400
2577	400
2582	400
2648	400
2699	400
522	407
548	407
1055	407
1548	407
1583	407
2582	407
1627	408
439	410
500	410
618	410
658	410
880	410
930	410
1112	410
1273	410
1275	410
1286	410
1371	410
1373	410
1586	410
1695	410
2382	410
2461	410
2699	410
2712	410
2757	410
1479	414
1055	415
1733	415
2225	422
962	423
1854	423
1905	432
477	439
536	439
835	439
887	439
962	439
1064	439
1854	439
1974	439
2064	439
2097	439
2108	439
2116	439
2143	439
2338	439
2386	439
2551	439
468	450
955	450
1055	450
2348	450
2582	450
828	452
2064	452
2685	452
1627	454
2668	456
1266	459
1476	462
694	463
2131	463
2225	464
935	468
973	474
569	477
570	477
610	477
622	477
684	477
785	477
868	477
903	477
1001	477
1214	477
1263	477
1373	477
1548	477
1561	477
1621	477
1691	477
1701	477
1856	477
1918	477
2046	477
2387	477
2404	477
2469	477
2710	477
2726	477
560	482
742	482
2488	482
2540	484
1689	485
1854	485
1961	485
2470	485
2046	492
1064	499
834	502
1366	505
2579	505
1028	508
1874	508
2064	508
1064	512
1717	513
2148	513
2284	513
681	518
959	518
1076	518
2298	518
2395	518
2587	518
2409	522
1351	524
1654	524
2348	524
2648	524
1641	526
560	531
788	531
906	531
1542	531
910	533
1151	533
1542	533
2064	533
2064	534
785	536
806	536
955	536
1517	536
2143	536
2445	536
2601	536
2725	536
2773	536
834	543
1351	548
2116	559
1854	567
1005	575
2116	575
1455	576
654	581
1826	581
726	587
1285	587
1789	587
2338	599
654	601
732	601
1840	601
2563	601
2582	601
2648	601
776	603
1155	603
1313	603
1708	603
1854	603
2116	603
2689	603
774	605
1809	605
2143	605
2169	605
2469	605
1042	609
1232	609
2492	609
654	615
914	615
962	615
1171	615
1289	615
1525	615
2740	615
774	616
973	616
1841	616
2590	616
2730	616
1052	618
1275	618
2143	618
2729	618
2757	618
661	620
962	620
2685	620
2773	620
1273	622
2382	622
1038	623
1388	624
699	625
851	625
1055	625
1374	625
1873	625
1938	625
2264	625
979	626
1063	626
1975	626
1567	631
1854	631
2046	631
2630	631
2733	631
2718	637
2038	642
852	645
2170	645
1841	652
2730	652
774	654
802	654
821	654
870	654
892	654
955	654
988	654
1002	654
1055	654
1154	654
1203	654
1207	654
1211	654
1232	654
1255	654
1351	654
1376	654
1461	654
1534	654
1576	654
1577	654
1578	654
1633	654
1674	654
1717	654
1760	654
1784	654
1820	654
1829	654
1842	654
1916	654
1995	654
2015	654
2064	654
2116	654
2149	654
2169	654
2239	654
2251	654
2333	654
2365	654
2377	654
2469	654
2484	654
2490	654
2703	654
880	658
930	658
1112	658
1275	658
2461	658
2757	658
1660	661
2319	661
892	664
959	681
2395	681
1660	684
1055	699
1374	699
1873	699
1780	700
1055	702
1610	702
2531	702
2582	702
2583	702
1490	707
914	718
2370	718
2116	722
1250	726
1285	726
1313	726
2046	726
2278	730
1073	739
1612	739
2146	739
2323	739
1464	740
1545	740
1938	740
2146	740
2278	740
2319	740
2545	740
2579	740
1374	745
2470	745
962	750
2225	754
761	755
1060	760
1063	760
1092	760
1107	760
1443	760
1593	760
1854	760
2038	760
2289	760
2338	760
2718	760
805	761
903	761
1338	761
1403	761
1610	761
1830	761
2064	767
1070	774
1250	774
1285	774
1398	774
1443	774
1472	774
1604	774
1902	774
2064	774
2225	774
2333	774
962	777
1155	777
1351	777
1770	777
1788	777
2200	777
2348	777
2365	777
962	785
2225	785
802	788
847	788
1262	788
1351	788
1554	788
2701	788
2743	788
1074	798
2252	801
2579	801
2582	801
903	805
953	806
955	806
1654	806
1873	806
2298	806
2506	806
1273	811
2382	811
2582	811
1211	821
1376	821
2469	821
2548	821
2757	821
1820	828
1060	831
1207	834
1651	834
1140	835
1578	844
2735	847
892	856
1770	860
1035	866
1455	867
2551	868
1775	870
1084	871
1107	871
1415	871
1583	877
1604	879
930	880
1112	880
1275	880
1586	880
2461	880
2582	880
2757	880
1432	887
1645	887
1668	887
1854	887
1930	887
1969	887
2125	887
2332	887
1055	889
1548	889
2582	889
973	892
1063	892
1166	892
1567	892
2097	892
2302	892
2395	892
2001	893
1551	896
1015	898
1534	898
2219	898
1338	903
1820	906
2064	906
2105	906
2743	906
1201	910
1446	914
1561	914
1708	914
1753	914
1902	914
2187	914
2288	914
2382	914
2644	914
2719	914
1783	915
2142	925
974	930
1112	930
1133	930
1153	930
1160	930
1212	930
1275	930
1341	930
1586	930
2461	930
2582	930
2649	930
2757	930
1446	932
2116	933
2324	946
1155	953
1407	953
1770	953
1055	955
1076	955
1351	955
1576	955
1590	955
1829	955
1842	955
1859	955
1928	955
2007	955
2060	955
2116	955
2137	955
2143	955
2195	955
2354	955
2419	955
2469	955
2551	955
2582	955
1770	959
1960	959
2395	959
2587	959
1167	962
1322	962
1351	962
1443	962
1593	962
1660	962
1708	962
1747	962
1770	962
2015	962
2239	962
2389	962
2506	962
1287	969
1842	969
2582	969
1366	970
1276	973
1819	973
1841	973
1917	973
2274	973
2608	973
2730	973
2225	974
1283	988
1064	991
1266	997
1838	997
1089	1002
1788	1002
1916	1002
2566	1013
1332	1015
1534	1015
2219	1015
1061	1017
1540	1017
1578	1017
2027	1017
2059	1029
1484	1033
1677	1035
2397	1035
2237	1036
2108	1040
1561	1042
2284	1042
1063	1046
1276	1052
1583	1055
1660	1055
1733	1055
1991	1055
2015	1055
2064	1055
2146	1055
2251	1055
2254	1055
2419	1055
2582	1055
2760	1055
1789	1056
1215	1060
1252	1060
2338	1060
2116	1061
1654	1063
1854	1063
2001	1063
2146	1063
2157	1063
2365	1063
1096	1064
1435	1064
1854	1064
1878	1064
2170	1064
2246	1064
2298	1064
2408	1064
2470	1064
2782	1064
1789	1070
1788	1073
2229	1073
2461	1073
1902	1074
2278	1074
2469	1074
2577	1074
1991	1076
1574	1080
2473	1084
2608	1084
1284	1089
1554	1089
1567	1089
1854	1092
2108	1092
2386	1098
1938	1109
1275	1112
1586	1112
2461	1112
2471	1120
1155	1134
1351	1134
1204	1140
1373	1140
1590	1140
1820	1140
2296	1142
2540	1151
1446	1152
2143	1152
2319	1152
2582	1152
2582	1154
1351	1155
1590	1155
1788	1155
2006	1155
2046	1155
2319	1155
2365	1155
1651	1158
1276	1171
2288	1171
2644	1171
2064	1174
1412	1183
1566	1187
1918	1187
2338	1187
2605	1189
1276	1196
2490	1204
1325	1207
1654	1207
1754	1207
1788	1207
2579	1207
2582	1207
2639	1207
2733	1207
2579	1208
2644	1208
2001	1214
2518	1221
2551	1230
1285	1250
1417	1255
1975	1255
1776	1256
1455	1259
1583	1266
2619	1266
2264	1273
2370	1273
2382	1273
1586	1275
1593	1275
2461	1275
2571	1275
2582	1275
2670	1275
2757	1275
1770	1276
2064	1276
2274	1276
2433	1276
2639	1276
2733	1276
1351	1283
1708	1283
2608	1285
2685	1287
1461	1313
1487	1313
2137	1317
2116	1319
1525	1323
2064	1325
2071	1325
2137	1325
1534	1332
1449	1338
1351	1341
1415	1341
2693	1345
2761	1345
1627	1351
1654	1351
1770	1351
1840	1351
1905	1351
1991	1351
2200	1351
2496	1351
2582	1351
1574	1352
1972	1367
2040	1371
2302	1371
1975	1373
2064	1373
1873	1374
1880	1374
2470	1374
2536	1374
2718	1374
1430	1376
2494	1376
1486	1388
2530	1388
1476	1398
1583	1400
2220	1400
2467	1412
2613	1412
1826	1417
2400	1430
2412	1430
2759	1430
1760	1443
1789	1443
1831	1443
2749	1443
1526	1446
1770	1446
2348	1446
2445	1446
2496	1446
1821	1449
2473	1451
2512	1451
1826	1452
2787	1452
1840	1455
2064	1455
2113	1455
1548	1461
2225	1463
2001	1471
1529	1475
2116	1476
2573	1479
2120	1486
1567	1492
2580	1493
1574	1494
2001	1494
1612	1513
2359	1525
2517	1525
1540	1527
2064	1527
2598	1527
2433	1532
1880	1533
2149	1539
1778	1540
1854	1540
2164	1540
2399	1540
2608	1540
2773	1540
1574	1548
1905	1548
2424	1548
2557	1548
2579	1548
2451	1551
2225	1556
2348	1556
1975	1561
2188	1562
1654	1567
1717	1567
2377	1567
1747	1570
2027	1570
2143	1570
2550	1570
1654	1571
1839	1571
2060	1574
2551	1576
2027	1578
2146	1583
2319	1583
2377	1583
2582	1583
2715	1583
2461	1586
2582	1586
2757	1586
2648	1590
2685	1590
1826	1593
2757	1593
2787	1593
2225	1605
1654	1608
1789	1610
1655	1612
2126	1612
2252	1612
2270	1612
2302	1612
2799	1612
2338	1627
2758	1627
2551	1633
2288	1638
2386	1651
1708	1654
1854	1654
1928	1654
2046	1654
2185	1654
2220	1654
2225	1654
2729	1654
1902	1660
2152	1660
2333	1660
2297	1668
2057	1670
2759	1670
1717	1691
2743	1691
2719	1701
2735	1701
1770	1708
2365	1708
2551	1708
2648	1708
2064	1709
2409	1717
2143	1730
2470	1730
1889	1733
2761	1741
2040	1747
2579	1749
2001	1751
2064	1760
1902	1770
1961	1770
2006	1770
2060	1770
2185	1770
2225	1770
2288	1770
2319	1770
2433	1770
2579	1770
2598	1770
2648	1770
2650	1770
2675	1770
2761	1770
2095	1779
2113	1779
2131	1779
1938	1783
1975	1784
2348	1788
2365	1788
2064	1789
2582	1789
2770	1801
2001	1820
2064	1820
2225	1823
2138	1826
2787	1826
1925	1828
2551	1829
2060	1832
1859	1840
2027	1840
2590	1841
2730	1841
2335	1842
2551	1842
2582	1842
2386	1851
2490	1851
1874	1854
1916	1854
1918	1854
2001	1854
2038	1854
2064	1854
2116	1854
2149	1854
2338	1854
2365	1854
2386	1854
2494	1854
2718	1854
2143	1855
2237	1861
2238	1862
1880	1873
2290	1874
2718	1880
2685	1883
2172	1884
2580	1889
2225	1891
2344	1902
2648	1902
2695	1902
2740	1902
2116	1903
2579	1911
2473	1916
2333	1917
2545	1918
2395	1922
2060	1925
2279	1925
2333	1925
2282	1926
2665	1926
2001	1934
2545	1934
2064	1938
2156	1938
2274	1938
2568	1938
2740	1938
2776	1938
2797	1939
2288	1961
2324	1961
2152	1969
2015	1991
2582	1991
2093	2001
2126	2001
2149	2001
2598	2001
2715	2001
2064	2002
2551	2007
2386	2015
2582	2015
2494	2022
2470	2027
2187	2046
2598	2046
2105	2059
2377	2060
2146	2064
2225	2064
2302	2064
2333	2064
2579	2064
2582	2064
2648	2064
2749	2064
2790	2064
2302	2072
2116	2092
2266	2105
2191	2112
2749	2113
2317	2116
2461	2122
2582	2134
2551	2137
2451	2138
2143	2142
2579	2142
2152	2143
2551	2143
2579	2143
2451	2146
2294	2149
2581	2149
2619	2152
2707	2152
2790	2152
2179	2159
2454	2178
2648	2185
2598	2187
2295	2188
2557	2188
2758	2188
2540	2190
2494	2191
2685	2200
2284	2225
2365	2225
2758	2225
2470	2233
2288	2237
2756	2237
2298	2246
2782	2246
2582	2254
2671	2254
2714	2274
2302	2282
2540	2284
2539	2288
2541	2288
2639	2288
2733	2288
2756	2288
2671	2292
2758	2295
2782	2298
2453	2302
2579	2333
2512	2338
2758	2338
2675	2365
2729	2365
2733	2377
2726	2387
2582	2412
2551	2419
2582	2419
2579	2433
2648	2433
2579	2438
2787	2443
2773	2451
2582	2461
2757	2461
2512	2473
2749	2473
2540	2511
2557	2512
2685	2540
2758	2557
2598	2579
2685	2588
2730	2590
2689	2616
2689	2632
2668	2645
2718	2645
2733	2719
2735	2719
2733	2729
2733	2730
