4	477
6	400
6	996
6	2103
6	2409
6	2479
6	2652
12	169
12	651
12	654
12	783
12	955
12	1055
12	1115
12	1289
12	2183
12	2648
15	2288
16	485
16	2651
22	112
22	554
22	1085
22	1361
22	1752
22	2288
31	477
31	985
31	1661
33	47
33	1003
33	1255
33	1561
33	2575
39	49
39	405
39	446
39	641
39	714
39	723
39	955
39	1027
39	1055
39	1916
39	2143
41	1781
44	1064
47	159
47	306
47	2575
49	78
49	136
49	323
49	326
49	333
49	340
49	377
49	477
49	560
49	571
49	735
49	834
49	842
49	859
49	924
49	1003
49	1136
49	1155
49	1207
49	1358
49	1374
49	1446
49	1702
49	1921
49	1947
49	2008
49	2108
49	2142
49	2143
49	2180
49	2433
49	2484
49	2579
49	2639
49	2733
59	1931
62	930
65	460
65	788
68	985
69	1010
77	2796
78	1916
79	302
80	2116
82	2692
85	602
85	1808
85	2608
87	598
87	654
87	1241
87	1491
87	1944
87	2770
87	2782
92	774
92	2369
102	602
102	615
104	477
104	1358
106	148
106	651
106	654
107	213
107	336
107	651
107	921
107	966
107	1064
107	2246
107	2782
109	621
109	654
111	1504
115	859
120	593
120	1358
120	1865
120	1938
120	2593
120	2746
122	279
122	1581
122	1775
128	2604
130	641
130	880
130	1841
133	1446
134	2464
135	579
136	956
136	2069
148	840
148	1358
148	1527
148	2013
148	2269
148	2692
149	1074
156	985
160	728
160	2396
161	368
161	2645
161	2668
162	654
162	1836
163	653
165	304
165	1445
165	2417
166	1250
166	2043
168	654
168	1055
169	197
169	783
169	886
169	955
169	1017
169	1495
169	1578
169	1798
169	1836
169	2116
169	2143
169	2335
170	2396
173	619
174	708
174	2134
174	2455
182	2490
182	2505
182	2692
183	2406
184	323
184	788
184	2531
190	927
190	2525
190	2744
192	1924
192	2197
193	966
194	390
194	405
194	1406
194	1627
194	2253
194	2505
194	2557
194	2641
194	2749
197	651
197	1289
197	1396
197	1475
197	1691
197	2310
197	2648
203	955
203	1091
203	1118
203	1590
203	2225
203	2543
205	805
205	856
205	1089
205	1610
205	1643
205	1789
205	1955
205	1970
205	2123
205	2476
207	2746
213	921
213	966
213	1064
213	1089
213	2030
213	2246
213	2495
213	2782
221	571
223	494
223	609
223	1336
223	2202
227	2162
228	945
228	2668
231	654
231	1938
232	625
232	1023
232	1374
232	1671
234	708
234	2317
238	1064
252	384
259	477
263	477
265	1103
265	1755
275	2579
278	1836
279	859
279	1955
279	2608
291	619
294	2116
302	485
302	654
305	962
305	1113
305	1578
305	2391
305	2442
319	1702
323	654
326	1614
333	859
333	1374
336	921
336	966
336	1064
336	2246
336	2782
337	349
337	641
337	880
337	905
337	930
337	1239
337	1275
337	1420
337	2066
337	2461
340	355
340	651
340	842
340	1445
340	1507
340	2484
340	2648
340	2734
345	1475
345	1864
349	1239
355	560
355	1207
355	1572
355	2577
355	2680
355	2733
355	2740
359	1126
368	1023
368	1374
369	609
369	1627
372	1563
372	1660
372	1865
372	2442
376	515
377	593
377	654
377	723
377	818
377	906
377	1132
377	1168
377	1393
377	1445
377	2013
377	2017
377	2205
377	2692
384	1275
390	405
390	601
390	1406
390	1916
390	2198
390	2505
399	440
399	477
399	2461
400	641
400	880
400	996
400	1608
400	2103
400	2577
400	2648
400	2699
402	1266
403	708
405	602
405	1406
405	1916
405	2505
405	2641
405	2752
406	859
406	2464
408	1627
415	735
415	1055
415	1733
415	2245
419	477
422	2225
423	962
426	955
427	735
427	747
427	2726
429	774
429	2105
429	2225
431	1793
436	1003
438	2476
439	477
439	586
439	962
439	1064
439	1186
439	1734
439	1977
439	2108
439	2116
439	2143
439	2542
440	622
440	1273
440	2382
450	468
450	955
450	1055
450	2586
460	1893
460	2659
462	698
464	2225
468	698
468	935
477	494
477	515
477	622
477	855
477	903
477	1001
477	1136
477	1358
477	1445
477	1485
477	1497
477	1507
477	1561
477	1691
477	1856
477	1954
477	1955
477	2046
477	2123
477	2140
477	2404
477	2505
477	2554
477	2726
477	2771
484	2540
485	1636
485	1644
485	1961
494	567
494	584
494	604
494	609
494	651
494	709
494	735
494	850
494	859
494	876
494	888
494	924
494	1376
494	1663
494	1762
494	1836
494	1853
494	1991
494	2081
494	2112
494	2309
494	2317
494	2525
494	2531
494	2579
494	2707
494	2731
503	1746
509	1527
512	1064
513	2148
513	2284
513	2746
520	1003
522	2409
527	2116
527	2525
533	708
533	910
533	1542
533	2250
534	2746
535	651
535	1886
544	598
554	651
554	1085
554	1358
554	1752
554	2237
554	2288
560	651
560	1003
560	1136
567	1361
567	1445
571	1003
571	1136
571	1947
571	2103
571	2108
571	2494
571	2792
574	947
574	1275
574	2225
578	1528
578	1833
579	1940
579	2396
579	2570
584	1361
585	1078
586	1067
586	1387
586	1512
586	1841
586	2325
587	1789
587	2043
593	788
593	1495
593	1924
598	651
598	1089
598	1916
598	2150
598	2525
598	2733
600	2145
601	654
601	1115
601	2563
601	2648
609	1197
609	2492
615	654
615	962
615	1289
615	1525
615	2150
615	2740
619	1155
622	1273
622	1456
622	2096
622	2382
625	851
625	1023
625	1055
625	1374
625	1938
625	2162
626	979
631	651
631	2008
631	2046
631	2733
634	790
641	880
641	905
641	930
641	950
641	1112
641	1153
641	1239
641	1275
641	1445
641	1593
641	2066
641	2150
641	2180
641	2234
641	2461
641	2525
645	2081
645	2170
650	2284
651	777
651	859
651	962
651	984
651	1155
651	1207
651	1322
651	1340
651	1422
651	1572
651	1588
651	1660
651	1775
651	1847
651	1886
651	1916
651	2278
651	2288
651	2492
651	2579
651	2680
654	774
654	783
654	870
654	947
654	955
654	1002
654	1003
654	1055
654	1071
654	1154
654	1207
654	1211
654	1255
654	1376
654	1528
654	1576
654	1577
654	1578
654	1760
654	1784
654	1798
654	1916
654	1920
654	1940
654	2018
654	2116
654	2149
654	2464
654	2484
654	2490
654	2499
654	2680
654	2703
654	2752
655	2323
655	2579
659	1940
665	1074
670	735
670	842
670	1884
672	1353
672	1734
676	1920
685	1924
691	1977
698	1349
700	1780
703	2311
706	1940
708	842
708	1003
708	1815
708	1897
727	2216
728	777
728	1891
728	2191
728	2396
730	2278
733	2009
735	906
735	1361
735	1445
745	1374
748	1376
748	2278
748	2438
750	962
750	1745
754	2183
754	2225
754	2481
757	2522
764	850
764	2648
766	848
766	2034
774	1250
774	1472
774	2225
777	962
777	1155
777	2253
783	1445
783	1525
783	1977
786	2225
788	842
788	1554
788	2017
790	1822
801	2579
805	903
805	1955
805	2476
813	1578
814	1781
831	2306
832	1587
834	1207
837	2269
840	1858
841	962
842	985
842	1074
842	1446
842	1524
842	2490
842	2505
845	1760
848	1147
848	1452
848	1593
848	1826
848	2481
848	2787
850	888
850	1815
850	2317
850	2510
851	2162
859	906
859	1055
859	1374
859	2604
859	2641
863	902
870	1581
870	1775
870	2205
873	1948
876	1578
877	1583
880	905
880	930
880	1112
880	1239
880	1275
880	1466
880	2066
880	2461
886	2335
888	2792
890	1169
890	1183
890	1699
890	2249
898	2219
903	1955
903	2123
903	2476
905	930
905	1239
905	1275
905	1608
905	2461
906	1759
906	1762
906	2105
915	1783
921	966
921	1064
921	2030
921	2246
921	2782
926	2225
930	974
930	1112
930	1133
930	1153
930	1212
930	1239
930	1275
930	1341
930	2066
930	2461
930	2649
932	1003
932	1446
933	2116
937	1691
946	1350
947	1588
947	2046
947	2128
955	1055
955	1168
955	1361
955	1576
955	1590
955	1836
955	2062
955	2116
955	2143
955	2203
955	2522
956	1003
962	967
962	1003
962	1188
962	1322
962	1593
962	1660
962	1894
966	1064
966	1830
966	2246
966	2782
967	1894
969	1287
974	2225
985	1308
991	1064
996	2046
996	2103
996	2116
996	2479
997	1266
997	1838
1002	1089
1002	1916
1003	1120
1003	1175
1003	1385
1003	1947
1003	1997
1003	2046
1003	2142
1003	2143
1003	2370
1003	2393
1003	2404
1003	2429
1003	2466
1003	2692
1003	2760
1017	1540
1017	1578
1023	1374
1023	2203
1033	1291
1034	1798
1040	2108
1054	1158
1055	1115
1055	1521
1055	1583
1055	1660
1055	1733
1055	1991
1055	2320
1055	2760
1064	1096
1064	1716
1064	1878
1064	2012
1064	2023
1064	2030
1064	2170
1064	2198
1064	2216
1064	2217
1064	2246
1064	2782
1074	2278
1074	2577
1074	2752
1085	1752
1085	2237
1085	2288
1089	1554
1103	1755
1104	1291
1104	1358
1109	1938
1112	1275
1112	2461
1115	1938
1116	1222
1120	2471
1136	1422
1136	1561
1136	1570
1136	2017
1136	2540
1136	2589
1136	2641
1136	2724
1143	1472
1143	1588
1143	2311
1143	2746
1147	1581
1147	1775
1155	1590
1155	2006
1155	2046
1156	1495
1157	1857
1159	1894
1168	2792
1169	2249
1173	2476
1186	1936
1191	1528
1191	1826
1191	1833
1207	1325
1207	2008
1207	2579
1207	2639
1207	2733
1218	2113
1222	2655
1223	1955
1223	2062
1229	2197
1229	2464
1239	1275
1239	1304
1239	2066
1239	2461
1250	2043
1255	2604
1255	2678
1266	1583
1269	1475
1269	2752
1273	2370
1273	2382
1273	2746
1274	2055
1275	1593
1275	2066
1275	2461
1275	2571
1292	2048
1319	2116
1325	2746
1336	2579
1339	2205
1345	1954
1358	1445
1358	2008
1358	2733
1359	1955
1361	1445
1361	1576
1361	1636
1361	1762
1361	1938
1361	1954
1366	2243
1366	2543
1374	2203
1374	2641
1376	2494
1388	2530
1396	2203
1400	1583
1400	2499
1406	1916
1406	2505
1406	2641
1420	2018
1422	2141
1422	2540
1422	2589
1422	2641
1422	2724
1426	2579
1429	1886
1438	2466
1445	1578
1445	2149
1445	2180
1445	2484
1445	2581
1446	1727
1446	2303
1446	2445
1452	1826
1452	2787
1466	2391
1475	1864
1495	1539
1495	1619
1495	1664
1501	1588
1501	2051
1501	2311
1512	1841
1512	2013
1512	2590
1516	1991
1516	2466
1521	1893
1525	1947
1525	2359
1525	2752
1527	1540
1527	1836
1528	1826
1528	1833
1531	1673
1532	2433
1539	2149
1540	2399
1540	2608
1541	1940
1553	1884
1560	1605
1560	2694
1560	2750
1561	2017
1561	2724
1565	2058
1570	1734
1570	2143
1570	2550
1572	2639
1572	2733
1577	2004
1581	1775
1583	2103
1583	2205
1583	2466
1587	2579
1589	1682
1590	1799
1590	2648
1593	1826
1593	2787
1605	2225
1610	1789
1610	2123
1614	1969
1616	2197
1623	2096
1627	2505
1644	2240
1660	2150
1666	2269
1673	1707
1673	2424
1691	2205
1702	2307
1707	2424
1715	2724
1730	2143
1733	1889
1746	1940
1749	1762
1749	2579
1752	2055
1752	2237
1752	2288
1759	2202
1760	2796
1768	1940
1768	2683
1779	2095
1779	2113
1779	2131
1783	1938
1784	2464
1789	1955
1826	1833
1826	2787
1834	2481
1836	2183
1841	2590
1847	1981
1847	2149
1847	2303
1853	2509
1855	2143
1857	2023
1857	2697
1884	2172
1886	1947
1891	2225
1893	2659
1893	2731
1897	2666
1903	2116
1911	2579
1915	2083
1916	2505
1930	2234
1938	2466
1938	2568
1938	2586
1938	2740
1940	2219
1940	2631
1947	2142
1947	2143
1947	2393
1948	2253
1951	2792
1955	2023
1955	2123
1955	2476
1961	2288
1977	2066
1977	2398
1977	2579
2006	2141
2008	2579
2012	2579
2017	2724
2022	2494
2030	2782
2052	2724
2062	2116
2062	2248
2082	2587
2086	2116
2096	2225
2105	2266
2112	2191
2113	2468
2113	2749
2116	2232
2116	2317
2116	2464
2122	2461
2123	2216
2123	2476
2123	2505
2142	2143
2142	2579
2143	2579
2149	2294
2149	2575
2149	2581
2162	2645
2171	2225
2171	2724
2190	2540
2191	2396
2191	2494
2196	2205
2216	2464
2225	2253
2225	2284
2234	2505
2234	2604
2237	2288
2246	2782
2253	2505
2253	2557
2253	2586
2253	2787
2267	2476
2284	2540
2288	2541
2288	2639
2288	2733
2320	2648
2370	2762
2391	2442
2394	2770
2433	2579
2433	2648
2438	2579
2476	2752
2505	2557
2511	2540
2525	2632
2540	2589
2540	2724
2589	2724
2604	2746
2629	2762
2632	2689
2645	2668
2658	2798
2659	2731
2681	2700
2689	2746
477	4
400	6
996	6
2103	6
2409	6
2479	6
2652	6
169	12
651	12
654	12
783	12
955	12
1055	12
1115	12
1289	12
2183	12
2648	12
2288	15
485	16
2651	16
112	22
554	22
1085	22
1361	22
1752	22
2288	22
477	31
985	31
1661	31
47	33
1003	33
1255	33
1561	33
2575	33
49	39
405	39
446	39
641	39
714	39
723	39
955	39
1027	39
1055	39
1916	39
2143	39
1781	41
1064	44
159	47
306	47
2575	47
78	49
136	49
323	49
326	49
333	49
340	49
377	49
477	49
560	49
571	49
735	49
834	49
842	49
859	49
924	49
1003	49
1136	49
1155	49
1207	49
1358	49
1374	49
1446	49
1702	49
1921	49
1947	49
2008	49
2108	49
2142	49
2143	49
2180	49
2433	49
2484	49
2579	49
2639	49
2733	49
1931	59
930	62
460	65
788	65
985	68
1010	69
2796	77
1916	78
302	79
2116	80
2692	82
602	85
1808	85
2608	85
598	87
654	87
1241	87
1491	87
1944	87
2770	87
2782	87
774	92
2369	92
602	102
615	102
477	104
1358	104
148	106
651	106
654	106
213	107
336	107
651	107
921	107
966	107
1064	107
2246	107
2782	107
621	109
654	109
1504	111
859	115
593	120
1358	120
1865	120
1938	120
2593	120
2746	120
279	122
1581	122
1775	122
2604	128
641	130
880	130
1841	130
1446	133
2464	134
579	135
956	136
2069	136
840	148
1358	148
1527	148
2013	148
2269	148
2692	148
1074	149
985	156
728	160
2396	160
368	161
2645	161
2668	161
654	162
1836	162
653	163
304	165
1445	165
2417	165
1250	166
2043	166
654	168
1055	168
197	169
783	169
886	169
955	169
1017	169
1495	169
1578	169
1798	169
1836	169
2116	169
2143	169
2335	169
2396	170
619	173
708	174
2134	174
2455	174
2490	182
2505	182
2692	182
2406	183
323	184
788	184
2531	184
927	190
2525	190
2744	190
1924	192
2197	192
966	193
390	194
405	194
1406	194
1627	194
2253	194
2505	194
2557	194
2641	194
2749	194
651	197
1289	197
1396	197
1475	197
1691	197
2310	197
2648	197
955	203
1091	203
1118	203
1590	203
2225	203
2543	203
805	205
856	205
1089	205
1610	205
1643	205
1789	205
1955	205
1970	205
2123	205
2476	205
2746	207
921	213
966	213
1064	213
1089	213
2030	213
2246	213
2495	213
2782	213
571	221
494	223
609	223
1336	223
2202	223
2162	227
945	228
2668	228
654	231
1938	231
625	232
1023	232
1374	232
1671	232
708	234
2317	234
1064	238
384	252
477	259
477	263
1103	265
1755	265
2579	275
1836	278
859	279
1955	279
2608	279
619	291
2116	294
485	302
654	302
962	305
1113	305
1578	305
2391	305
2442	305
1702	319
654	323
1614	326
859	333
1374	333
921	336
966	336
1064	336
2246	336
2782	336
349	337
641	337
880	337
905	337
930	337
1239	337
1275	337
1420	337
2066	337
2461	337
355	340
651	340
842	340
1445	340
1507	340
2484	340
2648	340
2734	340
1475	345
1864	345
1239	349
560	355
1207	355
1572	355
2577	355
2680	355
2733	355
2740	355
1126	359
1023	368
1374	368
609	369
1627	369
1563	372
1660	372
1865	372
2442	372
515	376
593	377
654	377
723	377
818	377
906	377
1132	377
1168	377
1393	377
1445	377
2013	377
2017	377
2205	377
2692	377
1275	384
405	390
601	390
1406	390
1916	390
2198	390
2505	390
440	399
477	399
2461	399
641	400
880	400
996	400
1608	400
2103	400
2577	400
2648	400
2699	400
1266	402
708	403
602	405
1406	405
1916	405
2505	405
2641	405
2752	405
859	406
2464	406
1627	408
735	415
1055	415
1733	415
2245	415
477	419
2225	422
962	423
955	426
735	427
747	427
2726	427
774	429
2105	429
2225	429
1793	431
1003	436
2476	438
477	439
586	439
962	439
1064	439
1186	439
1734	439
1977	439
2108	439
2116	439
2143	439
2542	439
622	440
1273	440
2382	440
468	450
955	450
1055	450
2586	450
1893	460
2659	460
698	462
2225	464
698	468
935	468
494	477
515	477
622	477
855	477
903	477
1001	477
1136	477
1358	477
1445	477
1485	477
1497	477
1507	477
1561	477
1691	477
1856	477
1954	477
1955	477
2046	477
2123	477
2140	477
2404	477
2505	477
2554	477
2726	477
2771	477
2540	484
1636	485
1644	485
1961	485
567	494
584	494
604	494
609	494
651	494
709	494
735	494
850	494
859	494
876	494
888	494
924	494
1376	494
1663	494
1762	494
1836	494
1853	494
1991	494
2081	494
2112	494
2309	494
2317	494
2525	494
2531	494
2579	494
2707	494
2731	494
1746	503
1527	509
1064	512
2148	513
2284	513
2746	513
1003	520
2409	522
2116	527
2525	527
708	533
910	533
1542	533
2250	533
2746	534
651	535
1886	535
598	544
651	554
1085	554
1358	554
1752	554
2237	554
2288	554
651	560
1003	560
1136	560
1361	567
1445	567
1003	571
1136	571
1947	571
2103	571
2108	571
2494	571
2792	571
947	574
1275	574
2225	574
1528	578
1833	578
1940	579
2396	579
2570	579
1361	584
1078	585
1067	586
1387	586
1512	586
1841	586
2325	586
1789	587
2043	587
788	593
1495	593
1924	593
651	598
1089	598
1916	598
2150	598
2525	598
2733	598
2145	600
654	601
1115	601
2563	601
2648	601
1197	609
2492	609
654	615
962	615
1289	615
1525	615
2150	615
2740	615
1155	619
1273	622
1456	622
2096	622
2382	622
851	625
1023	625
1055	625
1374	625
1938	625
2162	625
979	626
651	631
2008	631
2046	631
2733	631
790	634
880	641
905	641
930	641
950	641
1112	641
1153	641
1239	641
1275	641
1445	641
1593	641
2066	641
2150	641
2180	641
2234	641
2461	641
2525	641
2081	645
2170	645
2284	650
777	651
859	651
962	651
984	651
1155	651
1207	651
1322	651
1340	651
1422	651
1572	651
1588	651
1660	651
1775	651
1847	651
1886	651
1916	651
2278	651
2288	651
2492	651
2579	651
2680	651
774	654
783	654
870	654
947	654
955	654
1002	654
1003	654
1055	654
1071	654
1154	654
1207	654
1211	654
1255	654
1376	654
1528	654
1576	654
1577	654
1578	654
1760	654
1784	654
1798	654
1916	654
1920	654
1940	654
2018	654
2116	654
2149	654
2464	654
2484	654
2490	654
2499	654
2680	654
2703	654
2752	654
2323	655
2579	655
1940	659
1074	665
735	670
842	670
1884	670
1353	672
1734	672
1920	676
1924	685
1977	691
1349	698
1780	700
2311	703
1940	706
842	708
1003	708
1815	708
1897	708
2216	727
777	728
1891	728
2191	728
2396	728
2278	730
2009	733
906	735
1361	735
1445	735
1374	745
1376	748
2278	748
2438	748
962	750
1745	750
2183	754
2225	754
2481	754
2522	757
850	764
2648	764
848	766
2034	766
1250	774
1472	774
2225	774
962	777
1155	777
2253	777
1445	783
1525	783
1977	783
2225	786
842	788
1554	788
2017	788
1822	790
2579	801
903	805
1955	805
2476	805
1578	813
1781	814
2306	831
1587	832
1207	834
2269	837
1858	840
962	841
985	842
1074	842
1446	842
1524	842
2490	842
2505	842
1760	845
1147	848
1452	848
1593	848
1826	848
2481	848
2787	848
888	850
1815	850
2317	850
2510	850
2162	851
906	859
1055	859
1374	859
2604	859
2641	859
902	863
1581	870
1775	870
2205	870
1948	873
1578	876
1583	877
905	880
930	880
1112	880
1239	880
1275	880
1466	880
2066	880
2461	880
2335	886
2792	888
1169	890
1183	890
1699	890
2249	890
2219	898
1955	903
2123	903
2476	903
930	905
1239	905
1275	905
1608	905
2461	905
1759	906
1762	906
2105	906
1783	915
966	921
1064	921
2030	921
2246	921
2782	921
2225	926
974	930
1112	930
1133	930
1153	930
1212	930
1239	930
1275	930
1341	930
2066	930
2461	930
2649	930
1003	932
1446	932
2116	933
1691	937
1350	946
1588	947
2046	947
2128	947
1055	955
1168	955
1361	955
1576	955
1590	955
1836	955
2062	955
2116	955
2143	955
2203	955
2522	955
1003	956
967	962
1003	962
1188	962
1322	962
1593	962
1660	962
1894	962
1064	966
1830	966
2246	966
2782	966
1894	967
1287	969
2225	974
1308	985
1064	991
2046	996
2103	996
2116	996
2479	996
1266	997
1838	997
1089	1002
1916	1002
1120	1003
1175	1003
1385	1003
1947	1003
1997	1003
2046	1003
2142	1003
2143	1003
2370	1003
2393	1003
2404	1003
2429	1003
2466	1003
2692	1003
2760	1003
1540	1017
1578	1017
1374	1023
2203	1023
1291	1033
1798	1034
2108	1040
1158	1054
1115	1055
1521	1055
1583	1055
1660	1055
1733	1055
1991	1055
2320	1055
2760	1055
1096	1064
1716	1064
1878	1064
2012	1064
2023	1064
2030	1064
2170	1064
2198	1064
2216	1064
2217	1064
2246	1064
2782	1064
2278	1074
2577	1074
2752	1074
1752	1085
2237	1085
2288	1085
1554	1089
1755	1103
1291	1104
1358	1104
1938	1109
1275	1112
2461	1112
1938	1115
1222	1116
2471	1120
1422	1136
1561	1136
1570	1136
2017	1136
2540	1136
2589	1136
2641	1136
2724	1136
1472	1143
1588	1143
2311	1143
2746	1143
1581	1147
1775	1147
1590	1155
2006	1155
2046	1155
1495	1156
1857	1157
1894	1159
2792	1168
2249	1169
2476	1173
1936	1186
1528	1191
1826	1191
1833	1191
1325	1207
2008	1207
2579	1207
2639	1207
2733	1207
2113	1218
2655	1222
1955	1223
2062	1223
2197	1229
2464	1229
1275	1239
1304	1239
2066	1239
2461	1239
2043	1250
2604	1255
2678	1255
1583	1266
1475	1269
2752	1269
2370	1273
2382	1273
2746	1273
2055	1274
1593	1275
2066	1275
2461	1275
2571	1275
2048	1292
2116	1319
2746	1325
2579	1336
2205	1339
1954	1345
1445	1358
2008	1358
2733	1358
1955	1359
1445	1361
1576	1361
1636	1361
1762	1361
1938	1361
1954	1361
2243	1366
2543	1366
2203	1374
2641	1374
2494	1376
2530	1388
2203	1396
1583	1400
2499	1400
1916	1406
2505	1406
2641	1406
2018	1420
2141	1422
2540	1422
2589	1422
2641	1422
2724	1422
2579	1426
1886	1429
2466	1438
1578	1445
2149	1445
2180	1445
2484	1445
2581	1445
1727	1446
2303	1446
2445	1446
1826	1452
2787	1452
2391	1466
1864	1475
1539	1495
1619	1495
1664	1495
1588	1501
2051	1501
2311	1501
1841	1512
2013	1512
2590	1512
1991	1516
2466	1516
1893	1521
1947	1525
2359	1525
2752	1525
1540	1527
1836	1527
1826	1528
1833	1528
1673	1531
2433	1532
2149	1539
2399	1540
2608	1540
1940	1541
1884	1553
1605	1560
2694	1560
2750	1560
2017	1561
2724	1561
2058	1565
1734	1570
2143	1570
2550	1570
2639	1572
2733	1572
2004	1577
1775	1581
2103	1583
2205	1583
2466	1583
2579	1587
1682	1589
1799	1590
2648	1590
1826	1593
2787	1593
2225	1605
1789	1610
2123	1610
1969	1614
2197	1616
2096	1623
2505	1627
2240	1644
2150	1660
2269	1666
1707	1673
2424	1673
2205	1691
2307	1702
2424	1707
2724	1715
2143	1730
1889	1733
1940	1746
1762	1749
2579	1749
2055	1752
2237	1752
2288	1752
2202	1759
2796	1760
1940	1768
2683	1768
2095	1779
2113	1779
2131	1779
1938	1783
2464	1784
1955	1789
1833	1826
2787	1826
2481	1834
2183	1836
2590	1841
1981	1847
2149	1847
2303	1847
2509	1853
2143	1855
2023	1857
2697	1857
2172	1884
1947	1886
2225	1891
2659	1893
2731	1893
2666	1897
2116	1903
2579	1911
2083	1915
2505	1916
2234	1930
2466	1938
2568	1938
2586	1938
2740	1938
2219	1940
2631	1940
2142	1947
2143	1947
2393	1947
2253	1948
2792	1951
2023	1955
2123	1955
2476	1955
2288	1961
2066	1977
2398	1977
2579	1977
2141	2006
2579	2008
2579	2012
2724	2017
2494	2022
2782	2030
2724	2052
2116	2062
2248	2062
2587	2082
2116	2086
2225	2096
2266	2105
2191	2112
2468	2113
2749	2113
2232	2116
2317	2116
2464	2116
2461	2122
2216	2123
2476	2123
2505	2123
2143	2142
2579	2142
2579	2143
2294	2149
2575	2149
2581	2149
2645	2162
2225	2171
2724	2171
2540	2190
2396	2191
2494	2191
2205	2196
2464	2216
2253	2225
2284	2225
2505	2234
2604	2234
2288	2237
2782	2246
2505	2253
2557	2253
2586	2253
2787	2253
2476	2267
2540	2284
2541	2288
2639	2288
2733	2288
2648	2320
2762	2370
2442	2391
2770	2394
2579	2433
2648	2433
2579	2438
2752	2476
2557	2505
2540	2511
2632	2525
2589	2540
2724	2540
2724	2589
2746	2604
2762	2629
2689	2632
2668	2645
2798	2658
2731	2659
2700	2681
2746	2689
