2	384
2	641
2	1373
5	71
5	693
5	1112
5	1153
5	1394
7	164
7	1211
7	1230
13	33
13	114
13	640
13	1188
16	170
16	192
16	351
16	467
16	767
16	806
16	895
16	935
16	1081
16	1121
16	1282
16	1350
16	1436
17	1034
19	1163
22	527
22	1016
23	1179
24	97
24	362
24	655
24	813
24	1393
26	429
29	56
29	109
29	874
29	1062
30	110
30	135
30	170
30	215
30	229
30	248
30	316
30	323
30	359
30	411
30	573
30	661
30	749
30	875
30	888
30	921
30	934
30	936
30	943
30	1103
30	1164
30	1236
30	1287
30	1300
30	1360
30	1370
30	1389
30	1425
30	1462
33	114
33	640
33	1188
35	62
35	160
35	199
35	337
35	365
35	421
35	564
35	665
35	778
35	925
35	1340
35	1450
36	52
36	188
36	192
36	233
36	248
36	409
36	467
36	468
36	477
36	499
36	507
36	515
36	617
36	627
36	705
36	762
36	849
36	895
36	1032
36	1038
36	1109
36	1143
36	1261
36	1282
36	1287
36	1383
36	1421
39	150
39	261
39	322
39	361
39	599
39	846
39	862
39	882
39	1127
39	1208
39	1301
41	1485
42	1181
43	145
50	331
50	502
50	1117
50	1409
51	89
51	111
51	179
51	597
51	619
51	845
51	1084
51	1089
51	1216
51	1228
51	1361
51	1387
52	188
52	192
52	248
52	409
52	467
52	468
52	477
52	499
52	515
52	617
52	762
52	849
52	1032
52	1038
52	1143
52	1261
52	1282
52	1287
54	954
56	391
57	1000
57	1378
58	792
59	802
62	90
62	160
62	199
62	337
62	365
62	421
62	564
62	665
62	892
62	925
62	999
62	1027
62	1028
62	1108
62	1116
62	1340
62	1412
62	1450
62	1480
65	228
65	665
65	892
65	1397
65	1452
67	269
67	277
67	343
67	358
67	488
67	608
67	650
67	1100
67	1102
67	1106
67	1359
67	1422
69	1257
69	1320
71	693
71	1063
71	1112
71	1153
71	1394
74	147
74	272
74	700
74	871
74	1249
80	250
80	286
87	170
87	638
87	806
87	895
87	1038
87	1060
87	1103
87	1117
87	1141
87	1243
87	1282
87	1333
87	1370
87	1411
87	1421
89	111
89	597
89	619
89	807
89	845
89	1084
89	1089
89	1148
89	1216
89	1228
89	1315
89	1361
89	1387
90	199
90	365
90	564
90	1340
91	206
91	216
91	273
91	346
91	489
91	552
91	679
91	722
91	840
91	1161
91	1172
91	1222
91	1302
91	1317
91	1321
91	1346
91	1391
96	961
96	1327
96	1385
97	813
97	1393
100	1428
105	526
106	294
109	151
109	288
109	318
109	455
109	469
109	512
109	860
109	1062
109	1317
109	1339
110	170
110	215
110	248
110	359
110	661
110	806
110	839
110	934
110	1164
110	1182
110	1287
110	1360
110	1408
110	1425
111	597
111	619
111	807
111	845
111	1084
111	1089
111	1216
111	1228
111	1361
111	1387
112	161
112	167
112	319
112	358
112	400
112	480
112	637
112	909
112	1262
112	1369
112	1469
113	260
113	306
113	584
113	876
113	1040
113	1099
113	1291
114	640
114	1188
116	593
120	150
120	261
120	322
120	1127
121	1406
132	676
133	143
135	170
135	215
135	229
135	316
135	411
135	661
135	806
135	888
135	931
135	934
135	936
135	1103
135	1117
135	1164
135	1217
136	230
136	791
140	260
140	474
140	841
140	997
141	388
147	272
147	700
147	871
148	204
148	311
148	565
148	579
148	592
148	642
148	643
148	1179
148	1264
149	1050
149	1391
150	261
150	322
150	361
150	599
150	846
150	862
150	882
150	1127
150	1301
151	318
151	469
151	1058
160	337
160	365
160	421
160	564
160	665
160	925
160	1340
160	1450
161	319
161	400
161	480
161	637
161	909
161	1130
161	1262
161	1369
161	1469
163	1256
164	1211
164	1230
167	319
167	400
167	480
167	637
167	909
167	1262
167	1469
169	841
169	997
170	192
170	215
170	248
170	316
170	323
170	359
170	411
170	505
170	573
170	661
170	705
170	749
170	767
170	806
170	875
170	888
170	895
170	921
170	931
170	934
170	936
170	943
170	1032
170	1103
170	1117
170	1121
170	1141
170	1143
170	1164
170	1217
170	1282
170	1287
170	1316
170	1341
170	1360
170	1389
170	1462
171	653
171	1016
174	255
174	259
174	393
174	458
174	502
174	566
174	638
174	647
174	847
174	880
174	895
174	896
174	956
174	1060
174	1117
174	1141
174	1159
174	1177
174	1261
174	1282
174	1316
174	1333
174	1370
174	1411
174	1427
179	1216
180	470
180	581
180	747
180	870
184	933
188	192
188	233
188	248
188	259
188	351
188	393
188	409
188	467
188	468
188	477
188	499
188	515
188	566
188	617
188	705
188	762
188	767
188	849
188	895
188	972
188	1032
188	1038
188	1109
188	1143
188	1159
188	1261
188	1282
188	1287
188	1322
188	1360
188	1383
188	1421
192	233
192	248
192	351
192	389
192	409
192	467
192	468
192	477
192	499
192	515
192	566
192	617
192	627
192	705
192	762
192	767
192	806
192	847
192	849
192	895
192	972
192	1032
192	1038
192	1109
192	1117
192	1143
192	1159
192	1243
192	1260
192	1261
192	1282
192	1287
192	1322
192	1333
192	1383
192	1421
194	267
194	666
195	665
195	925
195	1027
195	1028
195	1403
195	1480
197	833
199	337
199	365
199	564
199	665
199	925
199	1028
199	1108
199	1116
199	1340
199	1412
199	1450
204	311
204	565
204	579
204	592
204	642
204	643
204	1179
204	1264
204	1483
206	346
206	489
206	679
206	1302
206	1321
207	498
207	822
210	524
210	1048
210	1114
213	473
213	692
213	1210
213	1358
215	248
215	316
215	323
215	359
215	411
215	573
215	661
215	749
215	806
215	875
215	888
215	921
215	934
215	936
215	1103
215	1164
215	1217
215	1236
215	1287
215	1341
215	1360
215	1389
216	722
216	840
216	1161
216	1172
216	1222
216	1317
216	1321
217	912
220	1447
221	1258
221	1405
225	275
227	931
228	334
228	505
228	614
228	665
228	892
228	999
228	1028
228	1097
228	1116
228	1397
228	1412
228	1452
230	791
233	351
233	409
233	467
233	499
233	515
233	627
233	705
233	762
233	806
233	849
233	880
233	895
233	972
233	1032
233	1038
233	1109
233	1117
233	1141
233	1143
233	1243
233	1260
233	1261
233	1282
233	1287
233	1383
235	290
235	872
236	1400
238	429
238	441
245	541
247	1118
248	351
248	359
248	409
248	411
248	467
248	477
248	499
248	505
248	515
248	550
248	617
248	661
248	705
248	762
248	767
248	806
248	849
248	888
248	895
248	921
248	934
248	936
248	951
248	1003
248	1021
248	1032
248	1038
248	1104
248	1109
248	1143
248	1164
248	1182
248	1217
248	1261
248	1282
248	1287
248	1300
248	1341
248	1360
248	1383
248	1389
248	1421
248	1425
248	1483
252	1111
255	393
255	502
255	638
255	647
255	880
255	1060
255	1117
255	1141
255	1316
255	1333
255	1411
255	1427
257	492
259	393
259	499
259	566
259	606
259	638
259	880
259	895
259	915
259	1159
259	1177
259	1282
259	1411
259	1421
259	1427
260	306
260	876
260	1040
260	1099
260	1291
261	322
261	361
261	599
261	846
261	862
261	882
261	1127
261	1301
262	920
262	1324
263	512
263	1206
263	1339
267	666
269	277
269	343
269	358
269	488
269	608
269	650
269	1102
269	1106
269	1359
269	1422
272	700
273	1161
273	1346
277	343
277	358
277	488
277	608
277	1100
277	1102
277	1106
277	1359
277	1422
281	762
281	1109
284	1057
284	1259
285	432
288	325
288	415
288	446
288	455
288	516
288	542
288	636
288	913
288	1026
288	1062
288	1140
288	1339
288	1391
288	1417
289	317
289	429
289	578
289	813
289	824
289	1109
289	1189
289	1311
290	872
290	881
292	401
292	960
292	1329
292	1418
305	385
305	600
305	790
305	973
306	584
306	876
306	1040
306	1099
306	1291
307	589
307	804
307	966
307	984
311	565
311	579
311	592
311	642
311	643
311	1179
311	1264
311	1483
314	1128
314	1477
316	661
316	806
316	875
316	934
316	1164
316	1217
316	1232
316	1287
316	1389
317	429
317	578
317	813
317	824
317	1061
317	1189
318	469
318	860
318	1058
319	400
319	480
319	637
319	909
319	1262
319	1369
319	1469
320	1442
322	361
322	599
322	846
322	862
322	882
322	1127
322	1208
322	1301
323	345
323	359
323	411
323	573
323	661
323	739
323	749
323	875
323	888
323	921
323	934
323	936
323	943
323	1164
323	1300
323	1389
323	1425
323	1462
325	455
325	542
325	913
325	1417
330	381
330	451
330	542
330	649
330	650
330	1323
331	1409
332	549
334	614
334	892
334	1397
334	1452
337	365
337	421
337	564
337	665
337	778
337	925
337	1340
337	1450
343	358
343	488
343	608
343	650
343	1100
343	1106
343	1422
345	573
345	749
345	1389
346	489
346	552
346	679
346	1302
346	1321
346	1391
351	467
351	499
351	507
351	515
351	617
351	627
351	705
351	762
351	767
351	849
351	895
351	972
351	1032
351	1038
351	1109
351	1143
351	1261
351	1282
351	1287
351	1421
356	485
356	1403
358	488
358	608
358	637
358	650
358	1100
358	1106
358	1262
358	1359
358	1422
359	411
359	573
359	661
359	739
359	749
359	806
359	875
359	888
359	921
359	934
359	936
359	943
359	1164
359	1287
359	1300
359	1389
359	1425
359	1462
361	599
361	846
361	862
361	882
361	1127
361	1208
361	1301
362	655
362	813
362	1393
365	421
365	564
365	665
365	925
365	1028
365	1108
365	1116
365	1340
365	1450
370	1266
375	874
378	763
378	938
378	1042
378	1173
381	451
381	455
381	542
381	649
381	650
381	1323
385	600
385	790
385	973
386	437
387	546
387	829
387	1344
387	1435
389	806
389	1032
389	1282
389	1421
389	1453
391	1245
393	458
393	502
393	566
393	606
393	638
393	647
393	847
393	880
393	895
393	896
393	915
393	956
393	1060
393	1117
393	1141
393	1159
393	1177
393	1261
393	1282
393	1316
393	1333
393	1370
393	1411
393	1421
393	1427
394	777
395	533
396	399
396	472
396	474
396	476
396	1240
396	1305
396	1454
397	1066
398	708
399	462
399	474
399	601
399	841
399	997
399	1240
400	480
400	637
400	909
400	1262
400	1369
400	1469
401	941
401	960
401	1081
401	1121
401	1329
401	1418
401	1436
404	430
405	452
409	467
409	468
409	477
409	499
409	515
409	617
409	627
409	705
409	762
409	767
409	806
409	849
409	895
409	972
409	1032
409	1038
409	1109
409	1143
409	1261
409	1282
409	1287
409	1322
409	1383
409	1421
411	573
411	661
411	749
411	875
411	888
411	921
411	934
411	936
411	943
411	1164
411	1287
411	1389
411	1425
411	1462
413	539
413	818
413	1295
415	446
415	516
415	1391
415	1417
421	564
421	665
421	925
421	1340
421	1450
429	441
429	578
429	813
429	824
429	899
429	1189
429	1192
430	950
435	1229
436	531
436	1135
436	1137
436	1455
438	683
438	1275
438	1281
439	485
439	505
439	582
439	1051
439	1263
439	1405
441	541
441	899
446	455
446	516
446	1140
446	1391
446	1417
448	702
451	455
451	542
451	649
451	650
451	1323
455	516
455	542
455	649
455	1026
455	1062
455	1140
455	1168
455	1323
455	1391
455	1417
457	624
457	1058
457	1225
458	638
458	895
458	896
458	1117
458	1141
458	1282
458	1427
459	571
459	730
462	474
462	601
462	841
462	997
467	477
467	499
467	507
467	515
467	617
467	627
467	705
467	762
467	767
467	806
467	849
467	895
467	972
467	1032
467	1038
467	1109
467	1143
467	1260
467	1261
467	1282
467	1287
467	1315
467	1383
467	1421
468	477
468	499
468	523
468	762
468	820
468	1109
468	1261
469	512
469	860
469	1058
469	1062
469	1222
469	1339
472	476
472	1240
472	1305
472	1454
473	692
473	1210
473	1358
474	601
474	841
474	997
476	1240
476	1305
476	1454
477	499
477	617
477	762
477	1032
477	1038
477	1109
477	1261
480	637
480	909
480	1262
480	1369
480	1469
483	1061
485	582
485	711
485	767
485	931
485	1051
485	1263
485	1405
488	608
488	650
488	1100
488	1106
488	1359
488	1422
489	552
489	679
489	1302
489	1321
489	1391
495	962
496	514
496	1203
496	1284
498	822
499	507
499	515
499	617
499	627
499	638
499	705
499	762
499	767
499	806
499	847
499	849
499	880
499	895
499	972
499	973
499	1032
499	1037
499	1038
499	1109
499	1143
499	1159
499	1261
499	1282
499	1287
499	1360
499	1383
499	1421
500	539
500	611
502	566
502	638
502	647
502	847
502	896
502	956
502	1060
502	1117
502	1141
502	1159
502	1261
502	1282
502	1316
502	1333
502	1370
502	1411
502	1427
505	665
505	767
505	806
505	892
505	936
505	999
505	1164
505	1282
505	1287
505	1341
505	1397
505	1452
507	617
507	762
507	849
507	1038
507	1109
507	1282
508	1366
512	860
512	1339
514	1203
514	1284
515	617
515	627
515	705
515	762
515	767
515	849
515	895
515	972
515	1032
515	1038
515	1109
515	1117
515	1143
515	1261
515	1282
515	1287
515	1421
515	1427
516	1140
516	1391
516	1417
524	1048
524	1114
526	747
527	1016
531	1135
531	1137
531	1455
535	920
537	1071
538	683
538	1275
538	1281
538	1293
539	611
540	895
542	649
542	913
542	1323
542	1417
546	1344
546	1435
550	1117
550	1182
550	1282
552	679
552	1302
564	665
564	925
564	999
564	1027
564	1028
564	1108
564	1116
564	1340
564	1412
564	1450
565	579
565	592
565	642
565	643
565	1179
565	1264
566	606
566	638
566	647
566	880
566	895
566	896
566	915
566	1060
566	1117
566	1141
566	1159
566	1177
566	1261
566	1282
566	1316
566	1333
566	1370
566	1411
566	1421
566	1427
571	730
572	1465
573	661
573	749
573	888
573	921
573	934
573	936
573	943
573	1164
573	1360
573	1389
578	627
578	813
578	824
578	1061
578	1189
578	1311
579	592
579	642
579	643
579	1179
579	1264
579	1483
581	747
582	754
582	767
582	1263
582	1315
584	876
584	1040
584	1099
584	1291
587	631
589	804
589	966
589	984
592	642
592	643
592	1179
592	1264
594	985
594	1123
594	1382
597	619
597	807
597	845
597	1084
597	1089
597	1216
597	1228
597	1387
598	631
598	792
598	841
598	932
599	846
599	862
599	882
599	1127
600	973
601	841
601	997
604	932
604	1096
606	874
606	915
606	1159
606	1177
606	1282
606	1427
607	711
608	637
608	650
608	1100
608	1102
608	1106
608	1422
614	665
614	892
614	1028
614	1097
614	1116
614	1397
617	627
617	705
617	762
617	767
617	849
617	895
617	972
617	1032
617	1038
617	1109
617	1143
617	1261
617	1282
617	1287
617	1383
617	1421
619	845
619	1084
619	1089
619	1216
619	1228
619	1315
619	1361
619	1387
624	1058
624	1225
627	705
627	762
627	767
627	806
627	849
627	895
627	1032
627	1038
627	1109
627	1143
627	1261
627	1282
627	1287
627	1383
631	792
631	932
636	1417
637	909
637	1262
637	1369
637	1469
638	647
638	847
638	880
638	895
638	896
638	915
638	956
638	1060
638	1103
638	1109
638	1117
638	1141
638	1159
638	1177
638	1243
638	1261
638	1282
638	1316
638	1333
638	1360
638	1370
638	1411
638	1427
640	1188
641	1183
642	643
642	1179
642	1264
643	1264
645	915
645	1177
647	847
647	895
647	896
647	1060
647	1117
647	1141
647	1159
647	1261
647	1282
647	1316
647	1333
647	1370
647	1411
647	1427
649	1323
650	1106
650	1323
650	1422
651	1348
654	885
654	1033
654	1468
655	813
655	1393
658	1281
661	739
661	749
661	806
661	875
661	888
661	921
661	934
661	936
661	943
661	1164
661	1287
661	1300
661	1389
661	1462
665	892
665	925
665	999
665	1027
665	1028
665	1097
665	1108
665	1116
665	1340
665	1397
665	1412
665	1450
665	1452
665	1480
679	1302
679	1321
679	1391
681	759
682	712
683	693
683	1086
683	1275
683	1281
683	1293
692	1210
692	1358
693	1063
693	1112
693	1153
693	1394
695	1296
700	871
705	762
705	767
705	806
705	849
705	895
705	936
705	972
705	1021
705	1032
705	1038
705	1109
705	1117
705	1143
705	1164
705	1243
705	1260
705	1261
705	1282
705	1287
705	1315
705	1316
705	1421
706	1335
709	1181
710	1129
714	819
715	1028
715	1108
715	1116
715	1412
716	800
722	840
722	1161
722	1172
722	1222
722	1317
722	1321
726	1475
730	735
739	749
739	921
739	943
747	1331
748	1337
749	888
749	921
749	934
749	936
749	943
749	1164
749	1360
749	1389
749	1462
751	1398
754	1263
762	767
762	849
762	895
762	972
762	1032
762	1038
762	1109
762	1143
762	1261
762	1282
762	1287
762	1315
762	1322
762	1383
762	1421
763	938
763	1042
763	1173
766	1025
767	806
767	849
767	895
767	931
767	936
767	972
767	1019
767	1032
767	1038
767	1104
767	1109
767	1143
767	1261
767	1263
767	1282
767	1287
767	1315
778	1340
780	812
780	1265
786	1227
787	1204
792	973
804	966
804	984
804	1437
806	895
806	931
806	934
806	936
806	1032
806	1038
806	1103
806	1109
806	1117
806	1143
806	1164
806	1217
806	1260
806	1261
806	1282
806	1287
806	1315
806	1360
806	1383
807	1361
807	1387
812	1117
812	1141
812	1265
812	1370
813	824
813	1061
813	1189
813	1311
813	1393
818	915
818	1055
824	1189
829	1344
839	1182
839	1425
840	1161
840	1172
840	1222
840	1317
840	1321
841	997
845	1084
845	1089
845	1216
845	1228
845	1315
845	1361
845	1387
846	862
846	882
846	1127
847	880
847	895
847	896
847	956
847	1060
847	1117
847	1141
847	1261
847	1282
847	1316
847	1333
847	1411
849	895
849	972
849	1019
849	1032
849	1038
849	1109
849	1143
849	1164
849	1261
849	1282
849	1287
849	1421
856	937
859	1403
860	1058
860	1062
860	1339
862	882
862	1127
874	1237
874	1251
875	888
875	921
875	934
875	936
875	1164
875	1287
875	1389
876	1040
876	1099
876	1291
880	895
880	896
880	956
880	1117
880	1141
880	1159
880	1261
880	1282
880	1287
880	1316
880	1427
882	1127
882	1301
885	1033
885	1468
887	1276
888	921
888	934
888	936
888	943
888	1164
888	1389
888	1462
892	925
892	999
892	1028
892	1097
892	1108
892	1116
892	1397
892	1412
892	1452
895	896
895	1003
895	1032
895	1038
895	1109
895	1117
895	1141
895	1143
895	1160
895	1164
895	1243
895	1260
895	1261
895	1282
895	1287
895	1316
895	1333
895	1360
895	1370
895	1383
895	1411
895	1421
895	1427
896	1060
896	1117
896	1141
896	1159
896	1243
896	1261
896	1282
896	1316
896	1333
896	1411
896	1427
902	1085
909	1262
909	1369
909	1469
910	1261
913	1026
913	1417
915	932
915	1055
915	1177
915	1302
920	1324
921	934
921	936
921	943
921	1164
921	1300
921	1360
921	1389
921	1425
921	1462
924	1445
925	1027
925	1028
925	1097
925	1108
925	1116
925	1340
925	1397
925	1412
925	1450
925	1480
930	1424
930	1431
931	936
931	1103
931	1117
931	1217
931	1282
931	1360
932	1055
932	1302
934	936
934	943
934	1164
934	1287
934	1300
934	1341
934	1360
934	1389
934	1462
935	1081
935	1121
935	1350
935	1436
936	943
936	1103
936	1117
936	1164
936	1287
936	1341
936	1360
936	1389
936	1462
938	1042
938	1173
942	1265
943	1164
943	1389
943	1462
945	1467
953	1309
956	1060
956	1117
956	1141
956	1261
956	1282
956	1316
956	1360
956	1370
956	1411
958	972
960	1329
960	1418
961	1327
961	1385
972	1032
972	1038
972	1109
972	1143
972	1164
972	1241
972	1261
972	1383
972	1421
985	1123
985	1382
989	1483
992	1281
999	1028
999	1397
999	1412
999	1450
999	1452
1000	1378
1003	1038
1003	1117
1019	1032
1019	1287
1019	1315
1021	1287
1026	1417
1027	1028
1027	1108
1027	1116
1027	1412
1027	1450
1027	1480
1028	1097
1028	1108
1028	1116
1028	1340
1028	1342
1028	1397
1028	1412
1028	1450
1028	1452
1032	1038
1032	1109
1032	1117
1032	1143
1032	1164
1032	1260
1032	1261
1032	1282
1032	1287
1032	1315
1032	1360
1032	1383
1032	1421
1033	1468
1038	1109
1038	1117
1038	1141
1038	1143
1038	1160
1038	1243
1038	1260
1038	1261
1038	1282
1038	1287
1038	1315
1038	1322
1038	1383
1038	1421
1040	1099
1040	1291
1042	1173
1048	1114
1050	1391
1051	1405
1052	1055
1055	1302
1057	1259
1058	1062
1058	1225
1058	1391
1060	1103
1060	1117
1060	1141
1060	1159
1060	1261
1060	1282
1060	1316
1060	1333
1060	1370
1060	1411
1060	1427
1062	1280
1062	1440
1063	1112
1063	1153
1063	1394
1081	1121
1081	1315
1081	1350
1081	1436
1084	1089
1084	1216
1084	1361
1084	1387
1086	1275
1086	1281
1089	1216
1089	1228
1089	1387
1097	1116
1097	1397
1097	1452
1099	1291
1100	1106
1100	1422
1102	1106
1102	1359
1102	1422
1103	1117
1103	1141
1103	1164
1103	1243
1103	1316
1103	1333
1103	1360
1103	1389
1106	1359
1106	1422
1108	1116
1108	1340
1108	1342
1108	1397
1108	1412
1108	1450
1109	1117
1109	1143
1109	1243
1109	1261
1109	1282
1109	1287
1109	1315
1109	1316
1109	1322
1109	1383
1109	1421
1112	1153
1112	1394
1116	1209
1116	1342
1116	1397
1116	1412
1116	1450
1116	1452
1117	1141
1117	1143
1117	1159
1117	1164
1117	1217
1117	1243
1117	1260
1117	1261
1117	1282
1117	1287
1117	1316
1117	1333
1117	1360
1117	1370
1117	1411
1117	1427
1120	1179
1121	1315
1121	1350
1121	1436
1123	1382
1127	1208
1127	1301
1127	1315
1128	1477
1129	1165
1133	1154
1134	1296
1135	1137
1135	1455
1137	1455
1139	1154
1140	1391
1140	1417
1141	1159
1141	1243
1141	1261
1141	1282
1141	1316
1141	1333
1141	1370
1141	1411
1141	1427
1143	1241
1143	1260
1143	1261
1143	1282
1143	1287
1143	1315
1143	1383
1143	1421
1143	1453
1153	1394
1159	1177
1159	1261
1159	1282
1159	1316
1159	1333
1159	1411
1159	1427
1160	1261
1160	1282
1161	1172
1161	1222
1161	1317
1161	1321
1161	1346
1164	1282
1164	1287
1164	1341
1164	1360
1164	1383
1164	1389
1164	1462
1172	1222
1172	1317
1172	1321
1177	1282
1177	1427
1179	1264
1179	1288
1179	1403
1182	1300
1182	1408
1182	1425
1189	1311
1194	1239
1203	1284
1210	1358
1211	1230
1216	1228
1216	1315
1216	1361
1216	1387
1217	1360
1222	1317
1222	1321
1225	1391
1228	1387
1240	1305
1240	1454
1241	1261
1243	1261
1243	1282
1243	1316
1243	1333
1243	1360
1243	1370
1257	1320
1258	1405
1260	1261
1260	1282
1260	1316
1261	1282
1261	1287
1261	1316
1261	1370
1261	1383
1261	1411
1261	1421
1261	1427
1262	1369
1262	1469
1263	1334
1275	1281
1281	1293
1282	1287
1282	1316
1282	1333
1282	1360
1282	1370
1282	1383
1282	1411
1282	1421
1282	1427
1282	1483
1287	1341
1287	1360
1287	1383
1287	1389
1287	1421
1295	1302
1296	1417
1300	1360
1300	1389
1300	1425
1302	1321
1302	1391
1305	1454
1315	1350
1315	1383
1315	1387
1315	1421
1315	1436
1316	1333
1316	1370
1316	1411
1316	1427
1317	1321
1321	1346
1321	1391
1327	1385
1329	1418
1333	1370
1333	1411
1340	1412
1340	1450
1341	1389
1341	1462
1344	1435
1350	1436
1359	1422
1360	1370
1360	1389
1360	1425
1361	1387
1369	1469
1370	1411
1389	1425
1389	1462
1391	1417
1397	1412
1397	1452
1403	1405
1408	1425
1411	1427
1412	1450
1412	1452
1421	1427
1424	1431
1450	1452
384	2
641	2
1373	2
71	5
693	5
1112	5
1153	5
1394	5
164	7
1211	7
1230	7
33	13
114	13
640	13
1188	13
170	16
192	16
351	16
467	16
767	16
806	16
895	16
935	16
1081	16
1121	16
1282	16
1350	16
1436	16
1034	17
1163	19
527	22
1016	22
1179	23
97	24
362	24
655	24
813	24
1393	24
429	26
56	29
109	29
874	29
1062	29
110	30
135	30
170	30
215	30
229	30
248	30
316	30
323	30
359	30
411	30
573	30
661	30
749	30
875	30
888	30
921	30
934	30
936	30
943	30
1103	30
1164	30
1236	30
1287	30
1300	30
1360	30
1370	30
1389	30
1425	30
1462	30
114	33
640	33
1188	33
62	35
160	35
199	35
337	35
365	35
421	35
564	35
665	35
778	35
925	35
1340	35
1450	35
52	36
188	36
192	36
233	36
248	36
409	36
467	36
468	36
477	36
499	36
507	36
515	36
617	36
627	36
705	36
762	36
849	36
895	36
1032	36
1038	36
1109	36
1143	36
1261	36
1282	36
1287	36
1383	36
1421	36
150	39
261	39
322	39
361	39
599	39
846	39
862	39
882	39
1127	39
1208	39
1301	39
1485	41
1181	42
145	43
331	50
502	50
1117	50
1409	50
89	51
111	51
179	51
597	51
619	51
845	51
1084	51
1089	51
1216	51
1228	51
1361	51
1387	51
188	52
192	52
248	52
409	52
467	52
468	52
477	52
499	52
515	52
617	52
762	52
849	52
1032	52
1038	52
1143	52
1261	52
1282	52
1287	52
954	54
391	56
1000	57
1378	57
792	58
802	59
90	62
160	62
199	62
337	62
365	62
421	62
564	62
665	62
892	62
925	62
999	62
1027	62
1028	62
1108	62
1116	62
1340	62
1412	62
1450	62
1480	62
228	65
665	65
892	65
1397	65
1452	65
269	67
277	67
343	67
358	67
488	67
608	67
650	67
1100	67
1102	67
1106	67
1359	67
1422	67
1257	69
1320	69
693	71
1063	71
1112	71
1153	71
1394	71
147	74
272	74
700	74
871	74
1249	74
250	80
286	80
170	87
638	87
806	87
895	87
1038	87
1060	87
1103	87
1117	87
1141	87
1243	87
1282	87
1333	87
1370	87
1411	87
1421	87
111	89
597	89
619	89
807	89
845	89
1084	89
1089	89
1148	89
1216	89
1228	89
1315	89
1361	89
1387	89
199	90
365	90
564	90
1340	90
206	91
216	91
273	91
346	91
489	91
552	91
679	91
722	91
840	91
1161	91
1172	91
1222	91
1302	91
1317	91
1321	91
1346	91
1391	91
961	96
1327	96
1385	96
813	97
1393	97
1428	100
526	105
294	106
151	109
288	109
318	109
455	109
469	109
512	109
860	109
1062	109
1317	109
1339	109
170	110
215	110
248	110
359	110
661	110
806	110
839	110
934	110
1164	110
1182	110
1287	110
1360	110
1408	110
1425	110
597	111
619	111
807	111
845	111
1084	111
1089	111
1216	111
1228	111
1361	111
1387	111
161	112
167	112
319	112
358	112
400	112
480	112
637	112
909	112
1262	112
1369	112
1469	112
260	113
306	113
584	113
876	113
1040	113
1099	113
1291	113
640	114
1188	114
593	116
150	120
261	120
322	120
1127	120
1406	121
676	132
143	133
170	135
215	135
229	135
316	135
411	135
661	135
806	135
888	135
931	135
934	135
936	135
1103	135
1117	135
1164	135
1217	135
230	136
791	136
260	140
474	140
841	140
997	140
388	141
272	147
700	147
871	147
204	148
311	148
565	148
579	148
592	148
642	148
643	148
1179	148
1264	148
1050	149
1391	149
261	150
322	150
361	150
599	150
846	150
862	150
882	150
1127	150
1301	150
318	151
469	151
1058	151
337	160
365	160
421	160
564	160
665	160
925	160
1340	160
1450	160
319	161
400	161
480	161
637	161
909	161
1130	161
1262	161
1369	161
1469	161
1256	163
1211	164
1230	164
319	167
400	167
480	167
637	167
909	167
1262	167
1469	167
841	169
997	169
192	170
215	170
248	170
316	170
323	170
359	170
411	170
505	170
573	170
661	170
705	170
749	170
767	170
806	170
875	170
888	170
895	170
921	170
931	170
934	170
936	170
943	170
1032	170
1103	170
1117	170
1121	170
1141	170
1143	170
1164	170
1217	170
1282	170
1287	170
1316	170
1341	170
1360	170
1389	170
1462	170
653	171
1016	171
255	174
259	174
393	174
458	174
502	174
566	174
638	174
647	174
847	174
880	174
895	174
896	174
956	174
1060	174
1117	174
1141	174
1159	174
1177	174
1261	174
1282	174
1316	174
1333	174
1370	174
1411	174
1427	174
1216	179
470	180
581	180
747	180
870	180
933	184
192	188
233	188
248	188
259	188
351	188
393	188
409	188
467	188
468	188
477	188
499	188
515	188
566	188
617	188
705	188
762	188
767	188
849	188
895	188
972	188
1032	188
1038	188
1109	188
1143	188
1159	188
1261	188
1282	188
1287	188
1322	188
1360	188
1383	188
1421	188
233	192
248	192
351	192
389	192
409	192
467	192
468	192
477	192
499	192
515	192
566	192
617	192
627	192
705	192
762	192
767	192
806	192
847	192
849	192
895	192
972	192
1032	192
1038	192
1109	192
1117	192
1143	192
1159	192
1243	192
1260	192
1261	192
1282	192
1287	192
1322	192
1333	192
1383	192
1421	192
267	194
666	194
665	195
925	195
1027	195
1028	195
1403	195
1480	195
833	197
337	199
365	199
564	199
665	199
925	199
1028	199
1108	199
1116	199
1340	199
1412	199
1450	199
311	204
565	204
579	204
592	204
642	204
643	204
1179	204
1264	204
1483	204
346	206
489	206
679	206
1302	206
1321	206
498	207
822	207
524	210
1048	210
1114	210
473	213
692	213
1210	213
1358	213
248	215
316	215
323	215
359	215
411	215
573	215
661	215
749	215
806	215
875	215
888	215
921	215
934	215
936	215
1103	215
1164	215
1217	215
1236	215
1287	215
1341	215
1360	215
1389	215
722	216
840	216
1161	216
1172	216
1222	216
1317	216
1321	216
912	217
1447	220
1258	221
1405	221
275	225
931	227
334	228
505	228
614	228
665	228
892	228
999	228
1028	228
1097	228
1116	228
1397	228
1412	228
1452	228
791	230
351	233
409	233
467	233
499	233
515	233
627	233
705	233
762	233
806	233
849	233
880	233
895	233
972	233
1032	233
1038	233
1109	233
1117	233
1141	233
1143	233
1243	233
1260	233
1261	233
1282	233
1287	233
1383	233
290	235
872	235
1400	236
429	238
441	238
541	245
1118	247
351	248
359	248
409	248
411	248
467	248
477	248
499	248
505	248
515	248
550	248
617	248
661	248
705	248
762	248
767	248
806	248
849	248
888	248
895	248
921	248
934	248
936	248
951	248
1003	248
1021	248
1032	248
1038	248
1104	248
1109	248
1143	248
1164	248
1182	248
1217	248
1261	248
1282	248
1287	248
1300	248
1341	248
1360	248
1383	248
1389	248
1421	248
1425	248
1483	248
1111	252
393	255
502	255
638	255
647	255
880	255
1060	255
1117	255
1141	255
1316	255
1333	255
1411	255
1427	255
492	257
393	259
499	259
566	259
606	259
638	259
880	259
895	259
915	259
1159	259
1177	259
1282	259
1411	259
1421	259
1427	259
306	260
876	260
1040	260
1099	260
1291	260
322	261
361	261
599	261
846	261
862	261
882	261
1127	261
1301	261
920	262
1324	262
512	263
1206	263
1339	263
666	267
277	269
343	269
358	269
488	269
608	269
650	269
1102	269
1106	269
1359	269
1422	269
700	272
1161	273
1346	273
343	277
358	277
488	277
608	277
1100	277
1102	277
1106	277
1359	277
1422	277
762	281
1109	281
1057	284
1259	284
432	285
325	288
415	288
446	288
455	288
516	288
542	288
636	288
913	288
1026	288
1062	288
1140	288
1339	288
1391	288
1417	288
317	289
429	289
578	289
813	289
824	289
1109	289
1189	289
1311	289
872	290
881	290
401	292
960	292
1329	292
1418	292
385	305
600	305
790	305
973	305
584	306
876	306
1040	306
1099	306
1291	306
589	307
804	307
966	307
984	307
565	311
579	311
592	311
642	311
643	311
1179	311
1264	311
1483	311
1128	314
1477	314
661	316
806	316
875	316
934	316
1164	316
1217	316
1232	316
1287	316
1389	316
429	317
578	317
813	317
824	317
1061	317
1189	317
469	318
860	318
1058	318
400	319
480	319
637	319
909	319
1262	319
1369	319
1469	319
1442	320
361	322
599	322
846	322
862	322
882	322
1127	322
1208	322
1301	322
345	323
359	323
411	323
573	323
661	323
739	323
749	323
875	323
888	323
921	323
934	323
936	323
943	323
1164	323
1300	323
1389	323
1425	323
1462	323
455	325
542	325
913	325
1417	325
381	330
451	330
542	330
649	330
650	330
1323	330
1409	331
549	332
614	334
892	334
1397	334
1452	334
365	337
421	337
564	337
665	337
778	337
925	337
1340	337
1450	337
358	343
488	343
608	343
650	343
1100	343
1106	343
1422	343
573	345
749	345
1389	345
489	346
552	346
679	346
1302	346
1321	346
1391	346
467	351
499	351
507	351
515	351
617	351
627	351
705	351
762	351
767	351
849	351
895	351
972	351
1032	351
1038	351
1109	351
1143	351
1261	351
1282	351
1287	351
1421	351
485	356
1403	356
488	358
608	358
637	358
650	358
1100	358
1106	358
1262	358
1359	358
1422	358
411	359
573	359
661	359
739	359
749	359
806	359
875	359
888	359
921	359
934	359
936	359
943	359
1164	359
1287	359
1300	359
1389	359
1425	359
1462	359
599	361
846	361
862	361
882	361
1127	361
1208	361
1301	361
655	362
813	362
1393	362
421	365
564	365
665	365
925	365
1028	365
1108	365
1116	365
1340	365
1450	365
1266	370
874	375
763	378
938	378
1042	378
1173	378
451	381
455	381
542	381
649	381
650	381
1323	381
600	385
790	385
973	385
437	386
546	387
829	387
1344	387
1435	387
806	389
1032	389
1282	389
1421	389
1453	389
1245	391
458	393
502	393
566	393
606	393
638	393
647	393
847	393
880	393
895	393
896	393
915	393
956	393
1060	393
1117	393
1141	393
1159	393
1177	393
1261	393
1282	393
1316	393
1333	393
1370	393
1411	393
1421	393
1427	393
777	394
533	395
399	396
472	396
474	396
476	396
1240	396
1305	396
1454	396
1066	397
708	398
462	399
474	399
601	399
841	399
997	399
1240	399
480	400
637	400
909	400
1262	400
1369	400
1469	400
941	401
960	401
1081	401
1121	401
1329	401
1418	401
1436	401
430	404
452	405
467	409
468	409
477	409
499	409
515	409
617	409
627	409
705	409
762	409
767	409
806	409
849	409
895	409
972	409
1032	409
1038	409
1109	409
1143	409
1261	409
1282	409
1287	409
1322	409
1383	409
1421	409
573	411
661	411
749	411
875	411
888	411
921	411
934	411
936	411
943	411
1164	411
1287	411
1389	411
1425	411
1462	411
539	413
818	413
1295	413
446	415
516	415
1391	415
1417	415
564	421
665	421
925	421
1340	421
1450	421
441	429
578	429
813	429
824	429
899	429
1189	429
1192	429
950	430
1229	435
531	436
1135	436
1137	436
1455	436
683	438
1275	438
1281	438
485	439
505	439
582	439
1051	439
1263	439
1405	439
541	441
899	441
455	446
516	446
1140	446
1391	446
1417	446
702	448
455	451
542	451
649	451
650	451
1323	451
516	455
542	455
649	455
1026	455
1062	455
1140	455
1168	455
1323	455
1391	455
1417	455
624	457
1058	457
1225	457
638	458
895	458
896	458
1117	458
1141	458
1282	458
1427	458
571	459
730	459
474	462
601	462
841	462
997	462
477	467
499	467
507	467
515	467
617	467
627	467
705	467
762	467
767	467
806	467
849	467
895	467
972	467
1032	467
1038	467
1109	467
1143	467
1260	467
1261	467
1282	467
1287	467
1315	467
1383	467
1421	467
477	468
499	468
523	468
762	468
820	468
1109	468
1261	468
512	469
860	469
1058	469
1062	469
1222	469
1339	469
476	472
1240	472
1305	472
1454	472
692	473
1210	473
1358	473
601	474
841	474
997	474
1240	476
1305	476
1454	476
499	477
617	477
762	477
1032	477
1038	477
1109	477
1261	477
637	480
909	480
1262	480
1369	480
1469	480
1061	483
582	485
711	485
767	485
931	485
1051	485
1263	485
1405	485
608	488
650	488
1100	488
1106	488
1359	488
1422	488
552	489
679	489
1302	489
1321	489
1391	489
962	495
514	496
1203	496
1284	496
822	498
507	499
515	499
617	499
627	499
638	499
705	499
762	499
767	499
806	499
847	499
849	499
880	499
895	499
972	499
973	499
1032	499
1037	499
1038	499
1109	499
1143	499
1159	499
1261	499
1282	499
1287	499
1360	499
1383	499
1421	499
539	500
611	500
566	502
638	502
647	502
847	502
896	502
956	502
1060	502
1117	502
1141	502
1159	502
1261	502
1282	502
1316	502
1333	502
1370	502
1411	502
1427	502
665	505
767	505
806	505
892	505
936	505
999	505
1164	505
1282	505
1287	505
1341	505
1397	505
1452	505
617	507
762	507
849	507
1038	507
1109	507
1282	507
1366	508
860	512
1339	512
1203	514
1284	514
617	515
627	515
705	515
762	515
767	515
849	515
895	515
972	515
1032	515
1038	515
1109	515
1117	515
1143	515
1261	515
1282	515
1287	515
1421	515
1427	515
1140	516
1391	516
1417	516
1048	524
1114	524
747	526
1016	527
1135	531
1137	531
1455	531
920	535
1071	537
683	538
1275	538
1281	538
1293	538
611	539
895	540
649	542
913	542
1323	542
1417	542
1344	546
1435	546
1117	550
1182	550
1282	550
679	552
1302	552
665	564
925	564
999	564
1027	564
1028	564
1108	564
1116	564
1340	564
1412	564
1450	564
579	565
592	565
642	565
643	565
1179	565
1264	565
606	566
638	566
647	566
880	566
895	566
896	566
915	566
1060	566
1117	566
1141	566
1159	566
1177	566
1261	566
1282	566
1316	566
1333	566
1370	566
1411	566
1421	566
1427	566
730	571
1465	572
661	573
749	573
888	573
921	573
934	573
936	573
943	573
1164	573
1360	573
1389	573
627	578
813	578
824	578
1061	578
1189	578
1311	578
592	579
642	579
643	579
1179	579
1264	579
1483	579
747	581
754	582
767	582
1263	582
1315	582
876	584
1040	584
1099	584
1291	584
631	587
804	589
966	589
984	589
642	592
643	592
1179	592
1264	592
985	594
1123	594
1382	594
619	597
807	597
845	597
1084	597
1089	597
1216	597
1228	597
1387	597
631	598
792	598
841	598
932	598
846	599
862	599
882	599
1127	599
973	600
841	601
997	601
932	604
1096	604
874	606
915	606
1159	606
1177	606
1282	606
1427	606
711	607
637	608
650	608
1100	608
1102	608
1106	608
1422	608
665	614
892	614
1028	614
1097	614
1116	614
1397	614
627	617
705	617
762	617
767	617
849	617
895	617
972	617
1032	617
1038	617
1109	617
1143	617
1261	617
1282	617
1287	617
1383	617
1421	617
845	619
1084	619
1089	619
1216	619
1228	619
1315	619
1361	619
1387	619
1058	624
1225	624
705	627
762	627
767	627
806	627
849	627
895	627
1032	627
1038	627
1109	627
1143	627
1261	627
1282	627
1287	627
1383	627
792	631
932	631
1417	636
909	637
1262	637
1369	637
1469	637
647	638
847	638
880	638
895	638
896	638
915	638
956	638
1060	638
1103	638
1109	638
1117	638
1141	638
1159	638
1177	638
1243	638
1261	638
1282	638
1316	638
1333	638
1360	638
1370	638
1411	638
1427	638
1188	640
1183	641
643	642
1179	642
1264	642
1264	643
915	645
1177	645
847	647
895	647
896	647
1060	647
1117	647
1141	647
1159	647
1261	647
1282	647
1316	647
1333	647
1370	647
1411	647
1427	647
1323	649
1106	650
1323	650
1422	650
1348	651
885	654
1033	654
1468	654
813	655
1393	655
1281	658
739	661
749	661
806	661
875	661
888	661
921	661
934	661
936	661
943	661
1164	661
1287	661
1300	661
1389	661
1462	661
892	665
925	665
999	665
1027	665
1028	665
1097	665
1108	665
1116	665
1340	665
1397	665
1412	665
1450	665
1452	665
1480	665
1302	679
1321	679
1391	679
759	681
712	682
693	683
1086	683
1275	683
1281	683
1293	683
1210	692
1358	692
1063	693
1112	693
1153	693
1394	693
1296	695
871	700
762	705
767	705
806	705
849	705
895	705
936	705
972	705
1021	705
1032	705
1038	705
1109	705
1117	705
1143	705
1164	705
1243	705
1260	705
1261	705
1282	705
1287	705
1315	705
1316	705
1421	705
1335	706
1181	709
1129	710
819	714
1028	715
1108	715
1116	715
1412	715
800	716
840	722
1161	722
1172	722
1222	722
1317	722
1321	722
1475	726
735	730
749	739
921	739
943	739
1331	747
1337	748
888	749
921	749
934	749
936	749
943	749
1164	749
1360	749
1389	749
1462	749
1398	751
1263	754
767	762
849	762
895	762
972	762
1032	762
1038	762
1109	762
1143	762
1261	762
1282	762
1287	762
1315	762
1322	762
1383	762
1421	762
938	763
1042	763
1173	763
1025	766
806	767
849	767
895	767
931	767
936	767
972	767
1019	767
1032	767
1038	767
1104	767
1109	767
1143	767
1261	767
1263	767
1282	767
1287	767
1315	767
1340	778
812	780
1265	780
1227	786
1204	787
973	792
966	804
984	804
1437	804
895	806
931	806
934	806
936	806
1032	806
1038	806
1103	806
1109	806
1117	806
1143	806
1164	806
1217	806
1260	806
1261	806
1282	806
1287	806
1315	806
1360	806
1383	806
1361	807
1387	807
1117	812
1141	812
1265	812
1370	812
824	813
1061	813
1189	813
1311	813
1393	813
915	818
1055	818
1189	824
1344	829
1182	839
1425	839
1161	840
1172	840
1222	840
1317	840
1321	840
997	841
1084	845
1089	845
1216	845
1228	845
1315	845
1361	845
1387	845
862	846
882	846
1127	846
880	847
895	847
896	847
956	847
1060	847
1117	847
1141	847
1261	847
1282	847
1316	847
1333	847
1411	847
895	849
972	849
1019	849
1032	849
1038	849
1109	849
1143	849
1164	849
1261	849
1282	849
1287	849
1421	849
937	856
1403	859
1058	860
1062	860
1339	860
882	862
1127	862
1237	874
1251	874
888	875
921	875
934	875
936	875
1164	875
1287	875
1389	875
1040	876
1099	876
1291	876
895	880
896	880
956	880
1117	880
1141	880
1159	880
1261	880
1282	880
1287	880
1316	880
1427	880
1127	882
1301	882
1033	885
1468	885
1276	887
921	888
934	888
936	888
943	888
1164	888
1389	888
1462	888
925	892
999	892
1028	892
1097	892
1108	892
1116	892
1397	892
1412	892
1452	892
896	895
1003	895
1032	895
1038	895
1109	895
1117	895
1141	895
1143	895
1160	895
1164	895
1243	895
1260	895
1261	895
1282	895
1287	895
1316	895
1333	895
1360	895
1370	895
1383	895
1411	895
1421	895
1427	895
1060	896
1117	896
1141	896
1159	896
1243	896
1261	896
1282	896
1316	896
1333	896
1411	896
1427	896
1085	902
1262	909
1369	909
1469	909
1261	910
1026	913
1417	913
932	915
1055	915
1177	915
1302	915
1324	920
934	921
936	921
943	921
1164	921
1300	921
1360	921
1389	921
1425	921
1462	921
1445	924
1027	925
1028	925
1097	925
1108	925
1116	925
1340	925
1397	925
1412	925
1450	925
1480	925
1424	930
1431	930
936	931
1103	931
1117	931
1217	931
1282	931
1360	931
1055	932
1302	932
936	934
943	934
1164	934
1287	934
1300	934
1341	934
1360	934
1389	934
1462	934
1081	935
1121	935
1350	935
1436	935
943	936
1103	936
1117	936
1164	936
1287	936
1341	936
1360	936
1389	936
1462	936
1042	938
1173	938
1265	942
1164	943
1389	943
1462	943
1467	945
1309	953
1060	956
1117	956
1141	956
1261	956
1282	956
1316	956
1360	956
1370	956
1411	956
972	958
1329	960
1418	960
1327	961
1385	961
1032	972
1038	972
1109	972
1143	972
1164	972
1241	972
1261	972
1383	972
1421	972
1123	985
1382	985
1483	989
1281	992
1028	999
1397	999
1412	999
1450	999
1452	999
1378	1000
1038	1003
1117	1003
1032	1019
1287	1019
1315	1019
1287	1021
1417	1026
1028	1027
1108	1027
1116	1027
1412	1027
1450	1027
1480	1027
1097	1028
1108	1028
1116	1028
1340	1028
1342	1028
1397	1028
1412	1028
1450	1028
1452	1028
1038	1032
1109	1032
1117	1032
1143	1032
1164	1032
1260	1032
1261	1032
1282	1032
1287	1032
1315	1032
1360	1032
1383	1032
1421	1032
1468	1033
1109	1038
1117	1038
1141	1038
1143	1038
1160	1038
1243	1038
1260	1038
1261	1038
1282	1038
1287	1038
1315	1038
1322	1038
1383	1038
1421	1038
1099	1040
1291	1040
1173	1042
1114	1048
1391	1050
1405	1051
1055	1052
1302	1055
1259	1057
1062	1058
1225	1058
1391	1058
1103	1060
1117	1060
1141	1060
1159	1060
1261	1060
1282	1060
1316	1060
1333	1060
1370	1060
1411	1060
1427	1060
1280	1062
1440	1062
1112	1063
1153	1063
1394	1063
1121	1081
1315	1081
1350	1081
1436	1081
1089	1084
1216	1084
1361	1084
1387	1084
1275	1086
1281	1086
1216	1089
1228	1089
1387	1089
1116	1097
1397	1097
1452	1097
1291	1099
1106	1100
1422	1100
1106	1102
1359	1102
1422	1102
1117	1103
1141	1103
1164	1103
1243	1103
1316	1103
1333	1103
1360	1103
1389	1103
1359	1106
1422	1106
1116	1108
1340	1108
1342	1108
1397	1108
1412	1108
1450	1108
1117	1109
1143	1109
1243	1109
1261	1109
1282	1109
1287	1109
1315	1109
1316	1109
1322	1109
1383	1109
1421	1109
1153	1112
1394	1112
1209	1116
1342	1116
1397	1116
1412	1116
1450	1116
1452	1116
1141	1117
1143	1117
1159	1117
1164	1117
1217	1117
1243	1117
1260	1117
1261	1117
1282	1117
1287	1117
1316	1117
1333	1117
1360	1117
1370	1117
1411	1117
1427	1117
1179	1120
1315	1121
1350	1121
1436	1121
1382	1123
1208	1127
1301	1127
1315	1127
1477	1128
1165	1129
1154	1133
1296	1134
1137	1135
1455	1135
1455	1137
1154	1139
1391	1140
1417	1140
1159	1141
1243	1141
1261	1141
1282	1141
1316	1141
1333	1141
1370	1141
1411	1141
1427	1141
1241	1143
1260	1143
1261	1143
1282	1143
1287	1143
1315	1143
1383	1143
1421	1143
1453	1143
1394	1153
1177	1159
1261	1159
1282	1159
1316	1159
1333	1159
1411	1159
1427	1159
1261	1160
1282	1160
1172	1161
1222	1161
1317	1161
1321	1161
1346	1161
1282	1164
1287	1164
1341	1164
1360	1164
1383	1164
1389	1164
1462	1164
1222	1172
1317	1172
1321	1172
1282	1177
1427	1177
1264	1179
1288	1179
1403	1179
1300	1182
1408	1182
1425	1182
1311	1189
1239	1194
1284	1203
1358	1210
1230	1211
1228	1216
1315	1216
1361	1216
1387	1216
1360	1217
1317	1222
1321	1222
1391	1225
1387	1228
1305	1240
1454	1240
1261	1241
1261	1243
1282	1243
1316	1243
1333	1243
1360	1243
1370	1243
1320	1257
1405	1258
1261	1260
1282	1260
1316	1260
1282	1261
1287	1261
1316	1261
1370	1261
1383	1261
1411	1261
1421	1261
1427	1261
1369	1262
1469	1262
1334	1263
1281	1275
1293	1281
1287	1282
1316	1282
1333	1282
1360	1282
1370	1282
1383	1282
1411	1282
1421	1282
1427	1282
1483	1282
1341	1287
1360	1287
1383	1287
1389	1287
1421	1287
1302	1295
1417	1296
1360	1300
1389	1300
1425	1300
1321	1302
1391	1302
1454	1305
1350	1315
1383	1315
1387	1315
1421	1315
1436	1315
1333	1316
1370	1316
1411	1316
1427	1316
1321	1317
1346	1321
1391	1321
1385	1327
1418	1329
1370	1333
1411	1333
1412	1340
1450	1340
1389	1341
1462	1341
1435	1344
1436	1350
1422	1359
1370	1360
1389	1360
1425	1360
1387	1361
1469	1369
1411	1370
1425	1389
1462	1389
1417	1391
1412	1397
1452	1397
1405	1403
1425	1408
1427	1411
1450	1412
1452	1412
1427	1421
1431	1424
1452	1450
