0	582
1	984
1	1052
1	1175
2	408
2	682
2	882
3	558
4	120
4	349
4	1232
4	1515
6	554
6	617
6	1113
6	1185
6	1353
10	1458
15	850
15	1514
16	66
16	275
16	376
16	380
16	520
16	952
16	994
16	1150
16	1194
16	1250
19	1237
20	1390
26	454
27	595
27	723
29	929
29	1100
32	1400
38	56
38	66
38	110
38	252
38	388
38	510
38	595
38	667
38	751
38	810
38	903
38	952
38	1038
38	1074
38	1103
38	1217
38	1226
38	1250
38	1342
39	760
40	1325
41	88
41	170
41	321
41	337
41	386
41	899
41	938
41	1027
41	1086
41	1121
41	1284
41	1388
42	420
42	423
42	764
42	1106
42	1393
42	1556
45	159
46	1531
50	66
50	149
50	232
50	346
50	376
50	384
50	388
50	520
50	534
50	584
50	595
50	597
50	667
50	668
50	810
50	903
50	952
50	993
50	996
50	1036
50	1074
50	1103
50	1141
50	1145
50	1150
50	1173
50	1226
50	1250
50	1342
50	1453
50	1483
50	1486
51	708
51	1017
51	1431
56	66
56	110
56	388
56	510
56	595
56	604
56	810
56	846
56	903
56	1074
56	1103
56	1217
56	1226
56	1342
57	111
57	125
57	183
57	341
57	538
57	547
57	678
57	1343
57	1547
57	1571
62	415
62	946
65	240
65	556
65	852
65	882
66	98
66	110
66	252
66	376
66	388
66	510
66	595
66	667
66	751
66	810
66	903
66	952
66	1074
66	1103
66	1217
66	1226
66	1250
66	1342
66	1453
66	1511
71	1181
73	1216
75	114
75	288
75	296
75	302
75	652
75	1170
75	1172
75	1349
75	1521
77	1288
77	1386
79	739
79	1131
79	1227
79	1297
79	1311
79	1489
79	1499
80	1042
82	161
82	746
82	1040
83	1146
87	320
87	687
87	983
87	1017
87	1092
87	1543
87	1582
88	170
88	321
88	337
88	386
88	899
88	938
88	1086
88	1121
88	1388
98	520
98	595
98	679
98	952
98	1103
98	1173
98	1214
98	1322
98	1486
98	1507
99	1516
100	124
100	259
100	260
100	301
100	351
100	431
100	540
100	634
100	659
100	847
100	851
100	858
100	1158
100	1222
100	1241
100	1394
100	1454
107	1417
108	864
110	376
110	388
110	510
110	595
110	667
110	810
110	903
110	1074
110	1103
110	1217
110	1226
110	1250
110	1342
111	125
111	176
111	183
111	341
111	538
111	547
111	678
111	1343
111	1547
111	1571
112	1111
114	288
114	296
114	302
114	652
114	1119
114	1170
114	1172
114	1349
114	1521
118	557
119	314
120	349
120	483
120	574
120	1050
120	1054
120	1232
120	1515
121	732
121	835
124	260
124	301
124	351
124	540
124	634
124	659
124	847
124	851
124	858
124	1158
124	1241
124	1394
124	1454
125	176
125	183
125	341
125	538
125	547
125	678
125	1343
125	1547
125	1571
127	681
127	1262
128	864
130	278
130	526
132	507
132	560
132	570
132	729
132	1100
132	1347
132	1359
132	1378
141	430
143	597
146	721
149	232
149	247
149	338
149	704
149	989
149	993
149	996
149	1145
149	1173
150	249
150	1028
155	1539
161	746
162	220
162	332
162	615
162	1265
162	1351
167	1515
168	189
168	708
168	949
168	1093
168	1167
168	1492
168	1554
170	321
170	337
170	386
170	899
170	938
170	1027
170	1086
170	1121
170	1388
171	278
171	450
171	644
171	719
171	860
171	1251
171	1308
171	1478
171	1526
174	236
174	446
174	552
174	598
174	708
174	799
174	983
174	1017
174	1244
174	1431
174	1551
176	341
176	538
176	547
176	678
176	1343
176	1547
176	1571
178	1336
181	483
181	964
181	1213
181	1260
181	1384
181	1485
181	1515
183	341
183	538
183	547
183	678
183	1343
183	1547
183	1571
185	488
185	894
185	1061
189	192
189	215
189	375
189	598
189	708
189	949
189	983
189	1017
189	1092
189	1093
189	1187
189	1431
189	1433
189	1492
189	1508
189	1551
189	1554
192	708
192	983
192	1017
192	1093
192	1187
192	1433
192	1508
194	301
194	851
195	617
195	794
196	1112
196	1281
196	1552
197	698
206	984
206	1052
206	1175
210	710
210	1096
214	358
214	423
214	488
214	490
214	666
214	720
214	737
214	894
214	1061
214	1420
215	598
215	708
215	983
215	1017
215	1093
215	1187
215	1244
215	1431
215	1508
215	1551
217	436
219	385
220	332
220	615
220	1265
220	1351
220	1585
221	905
229	306
229	556
229	752
229	1425
230	322
230	543
230	738
232	338
232	346
232	384
232	597
232	608
232	704
232	796
232	993
232	996
232	1145
232	1173
232	1313
232	1453
232	1483
233	261
233	768
233	922
233	1246
233	1298
233	1376
233	1406
233	1410
233	1560
233	1583
233	1586
236	446
236	552
236	598
236	799
236	1244
236	1431
236	1551
240	827
240	852
240	881
240	1534
242	1000
245	689
245	989
245	1195
249	1028
250	277
251	1376
252	376
252	388
252	595
252	667
252	751
252	810
252	903
252	952
252	1036
252	1074
252	1103
252	1214
252	1217
252	1250
252	1322
252	1342
252	1511
257	426
257	454
259	260
259	301
259	351
259	540
259	659
259	847
259	851
259	1158
259	1241
260	301
260	351
260	431
260	540
260	634
260	659
260	847
260	851
260	1158
260	1241
260	1394
260	1454
261	768
261	922
261	1246
261	1298
261	1376
261	1406
261	1410
261	1586
270	809
275	994
275	1150
275	1194
278	450
278	510
278	526
278	600
278	644
278	679
278	719
278	860
278	952
278	1233
278	1251
278	1308
278	1478
278	1507
278	1526
279	389
279	1105
279	1169
282	542
282	784
282	1281
284	483
285	961
288	296
288	302
288	460
288	652
288	1109
288	1119
288	1172
288	1349
288	1521
290	622
296	302
296	652
296	1109
296	1119
296	1170
296	1172
296	1349
296	1521
300	810
301	351
301	540
301	634
301	659
301	847
301	851
301	1158
301	1222
301	1241
301	1394
301	1454
302	652
302	1170
302	1172
302	1349
302	1521
306	752
306	884
306	1425
309	602
309	927
309	937
312	593
312	1022
312	1516
315	542
315	1041
315	1376
316	1041
317	513
317	723
317	1415
320	687
320	983
320	1017
320	1092
320	1093
320	1582
321	337
321	386
321	899
321	938
321	1027
321	1086
321	1121
321	1284
321	1388
322	543
322	738
329	1408
332	615
332	1265
332	1351
332	1585
335	897
336	1202
337	386
337	899
337	938
337	1027
337	1086
337	1121
337	1249
337	1388
338	704
338	774
338	993
338	1483
339	454
339	614
339	845
339	864
339	876
339	916
339	1263
339	1558
341	538
341	547
341	678
341	1343
341	1547
341	1571
346	384
346	414
346	597
346	608
346	704
346	718
346	796
346	993
346	996
346	1005
346	1145
346	1220
346	1483
349	483
349	574
349	1050
349	1054
349	1232
349	1515
351	540
351	634
351	659
351	847
351	851
351	1158
351	1241
351	1394
351	1454
355	405
355	574
355	1232
355	1240
355	1413
356	1505
358	423
358	488
358	490
358	720
358	737
358	894
358	1061
358	1420
360	774
361	1171
365	1456
367	1580
375	534
375	654
375	708
375	949
375	1093
375	1167
375	1187
375	1492
375	1508
375	1554
376	388
376	510
376	520
376	595
376	667
376	669
376	751
376	810
376	903
376	952
376	1036
376	1074
376	1103
376	1217
376	1250
376	1342
376	1486
376	1511
377	426
380	994
380	1150
380	1194
380	1272
384	597
384	608
384	704
384	718
384	796
384	993
384	996
384	1005
384	1145
384	1220
384	1483
385	954
385	1529
385	1542
386	899
386	938
386	1086
386	1121
386	1284
386	1388
388	510
388	520
388	595
388	667
388	751
388	810
388	903
388	952
388	1038
388	1074
388	1103
388	1148
388	1214
388	1217
388	1226
388	1233
388	1250
388	1342
388	1478
388	1507
388	1511
389	620
389	1105
389	1169
393	771
397	1073
397	1278
397	1368
398	991
399	929
400	1581
401	1151
405	483
405	574
405	1232
405	1240
405	1413
413	510
413	669
414	608
414	718
414	1483
415	946
415	1205
415	1206
420	423
420	764
420	1106
420	1393
420	1556
423	488
423	490
423	666
423	720
423	737
423	894
423	1061
423	1420
431	540
431	1394
432	758
434	736
437	571
437	1381
446	552
446	598
446	708
446	799
446	983
446	1017
446	1244
446	1431
446	1551
447	663
450	644
450	719
450	860
450	1233
450	1308
450	1478
450	1526
454	614
454	845
454	864
454	876
454	916
454	1196
454	1263
454	1558
457	1391
460	652
466	534
466	668
466	1344
470	1218
476	629
476	748
483	574
483	964
483	1091
483	1213
483	1232
483	1242
483	1384
483	1413
483	1485
483	1515
483	1573
484	556
486	679
486	952
486	1214
486	1478
486	1526
488	490
488	666
488	720
488	737
488	894
488	1061
488	1420
490	666
490	720
490	737
490	894
490	1061
490	1420
491	542
494	1271
504	563
504	606
504	1101
504	1210
507	560
507	570
507	597
507	729
507	1100
507	1347
507	1359
507	1378
510	520
510	595
510	600
510	667
510	669
510	679
510	751
510	810
510	903
510	952
510	1044
510	1074
510	1103
510	1148
510	1217
510	1233
510	1342
510	1478
510	1511
510	1526
512	519
512	627
512	1389
513	1415
519	586
519	627
519	802
519	1389
519	1410
519	1485
519	1583
520	595
520	600
520	667
520	751
520	810
520	903
520	952
520	1074
520	1103
520	1148
520	1217
520	1250
520	1322
520	1342
520	1405
520	1478
520	1511
524	1024
526	952
534	552
534	708
534	949
534	996
534	1145
534	1264
534	1486
534	1492
534	1554
538	547
538	678
538	1343
538	1547
538	1571
540	634
540	659
540	847
540	851
540	858
540	1158
540	1241
540	1394
540	1454
542	784
542	915
543	571
543	738
547	678
547	1343
547	1547
547	1571
552	584
552	596
552	668
552	799
552	867
552	989
552	1244
552	1344
552	1565
554	1113
554	1185
556	884
556	991
556	1382
557	794
558	1354
559	621
560	570
560	729
560	1100
560	1347
560	1359
560	1378
562	1585
563	606
563	1101
563	1210
569	1139
570	729
570	1100
570	1347
570	1359
570	1378
572	952
574	1050
574	1054
574	1232
574	1240
574	1413
574	1515
576	1032
584	1256
585	1030
585	1041
585	1118
586	627
586	802
586	1389
586	1583
592	1453
593	1022
593	1516
595	667
595	751
595	810
595	903
595	952
595	1036
595	1044
595	1074
595	1103
595	1148
595	1214
595	1217
595	1226
595	1250
595	1342
595	1478
595	1486
595	1511
596	891
597	608
597	704
597	729
597	796
597	993
597	996
597	1005
597	1006
597	1145
597	1173
597	1359
597	1453
597	1483
598	708
598	799
598	983
598	1017
598	1092
598	1093
598	1187
598	1244
598	1431
598	1508
598	1551
600	644
600	679
600	719
600	860
600	952
600	1214
600	1233
600	1251
600	1308
600	1342
600	1405
600	1478
600	1486
600	1507
600	1526
604	810
604	1074
604	1103
604	1342
606	1101
606	1210
607	1567
608	704
608	718
608	796
608	993
608	996
608	1005
608	1145
608	1453
608	1483
609	1123
614	667
614	845
614	864
614	876
614	916
614	1263
614	1558
615	1265
615	1351
615	1585
617	794
620	1105
620	1169
624	698
627	802
627	1389
627	1410
627	1485
627	1583
633	963
634	659
634	847
634	851
634	858
634	1158
634	1241
634	1394
635	672
635	841
635	894
635	991
642	991
642	1166
644	719
644	860
644	929
644	1233
644	1251
644	1308
644	1478
644	1526
652	1109
652	1119
652	1172
654	708
654	949
654	1093
654	1167
654	1187
654	1492
659	847
659	851
659	1158
659	1241
659	1394
659	1454
660	904
666	720
666	737
666	894
666	1061
666	1420
667	751
667	810
667	903
667	916
667	952
667	1074
667	1103
667	1148
667	1217
667	1250
667	1342
667	1511
668	952
668	1344
668	1486
669	679
669	903
669	952
669	1044
669	1217
669	1308
669	1342
669	1478
669	1585
672	841
672	884
672	991
674	986
678	1343
678	1547
678	1571
679	719
679	860
679	952
679	1018
679	1173
679	1214
679	1233
679	1251
679	1322
679	1342
679	1405
679	1453
679	1478
679	1486
679	1507
679	1526
681	1262
682	1257
686	719
686	860
686	1251
686	1308
686	1478
687	983
687	1017
687	1092
689	989
701	1410
701	1437
701	1583
704	718
704	796
704	993
704	996
704	1005
704	1145
704	1220
704	1483
708	799
708	921
708	949
708	983
708	1017
708	1092
708	1093
708	1167
708	1187
708	1244
708	1431
708	1492
708	1508
708	1551
708	1554
708	1582
709	972
709	978
710	1096
718	796
718	993
718	996
718	1483
719	860
719	1214
719	1233
719	1251
719	1308
719	1342
719	1405
719	1478
719	1507
719	1526
720	737
720	894
720	1061
720	1420
723	1148
723	1415
726	831
728	758
729	739
729	1100
729	1347
729	1359
729	1378
732	835
733	987
737	894
737	991
737	1061
737	1420
739	1131
739	1227
739	1297
739	1311
739	1489
739	1499
751	810
751	903
751	952
751	996
751	1036
751	1074
751	1087
751	1103
751	1148
751	1217
751	1226
751	1250
751	1322
751	1342
751	1405
751	1486
752	1425
754	1329
764	1106
764	1393
764	1556
766	1242
768	922
768	1246
768	1298
768	1376
768	1406
768	1410
768	1560
768	1583
768	1586
777	1126
785	1165
795	1428
796	993
796	996
796	1005
796	1145
796	1453
796	1483
799	983
799	1017
799	1244
799	1431
799	1551
800	1215
801	1157
801	1344
802	1389
802	1410
802	1485
802	1583
804	834
804	1437
804	1438
804	1560
804	1583
808	1040
808	1088
809	1455
809	1485
810	903
810	952
810	1036
810	1074
810	1103
810	1148
810	1217
810	1226
810	1250
810	1291
810	1342
810	1511
820	1325
834	1410
834	1437
834	1438
834	1560
834	1583
841	905
845	864
845	876
845	916
845	1263
845	1558
847	851
847	1158
847	1222
847	1241
847	1394
847	1454
850	1514
851	1158
851	1222
851	1241
851	1394
851	1454
858	1454
860	952
860	1214
860	1233
860	1251
860	1308
860	1405
860	1478
860	1486
860	1507
860	1526
863	1214
863	1346
864	876
864	916
864	1263
864	1558
867	1585
874	1000
876	916
876	1263
876	1558
882	1550
884	991
884	1389
890	1114
892	1250
892	1256
894	1061
894	1420
899	938
899	1027
899	1086
899	1121
903	952
903	1036
903	1074
903	1085
903	1103
903	1148
903	1217
903	1226
903	1250
903	1291
903	1342
903	1511
905	1513
906	1095
907	1381
909	1073
909	1163
909	1278
910	1344
915	1041
916	1263
916	1558
922	1246
922	1298
922	1376
922	1406
922	1410
922	1560
922	1583
922	1586
928	1090
935	1137
938	1027
938	1086
938	1121
938	1388
940	1273
946	1205
946	1206
949	983
949	1093
949	1167
949	1187
949	1492
949	1508
949	1554
952	1074
952	1103
952	1148
952	1214
952	1217
952	1250
952	1322
952	1342
952	1405
952	1453
952	1478
952	1486
952	1507
952	1511
952	1526
954	1542
964	1213
964	1260
964	1384
964	1485
964	1515
983	1017
983	1092
983	1093
983	1167
983	1187
983	1244
983	1431
983	1492
983	1508
983	1551
983	1582
984	1052
984	1175
988	1523
988	1530
989	996
989	1173
989	1195
989	1453
991	1389
993	996
993	1005
993	1145
993	1453
993	1483
994	1150
994	1194
994	1272
996	1005
996	1145
996	1173
996	1220
996	1370
996	1453
996	1483
998	1247
1000	1581
1002	1237
1004	1346
1005	1145
1005	1220
1005	1483
1015	1397
1017	1092
1017	1093
1017	1187
1017	1244
1017	1431
1017	1508
1017	1543
1017	1551
1017	1582
1018	1214
1018	1342
1018	1405
1018	1453
1018	1478
1018	1507
1020	1036
1022	1516
1027	1086
1027	1121
1030	1041
1030	1118
1036	1074
1036	1103
1036	1217
1036	1250
1036	1320
1036	1342
1036	1511
1040	1372
1040	1457
1041	1118
1044	1087
1044	1141
1044	1256
1044	1344
1044	1363
1048	1456
1050	1054
1050	1232
1052	1175
1054	1232
1054	1515
1059	1447
1061	1420
1073	1278
1073	1368
1074	1103
1074	1217
1074	1226
1074	1250
1074	1342
1074	1511
1086	1121
1086	1249
1091	1515
1092	1093
1092	1187
1092	1508
1092	1551
1092	1582
1093	1167
1093	1187
1093	1431
1093	1433
1093	1492
1093	1508
1093	1551
1093	1554
1100	1205
1100	1347
1100	1359
1100	1378
1101	1210
1103	1148
1103	1214
1103	1217
1103	1226
1103	1250
1103	1322
1103	1342
1103	1478
1103	1511
1105	1169
1106	1393
1106	1556
1109	1119
1112	1552
1113	1185
1115	1485
1119	1172
1121	1284
1121	1388
1131	1227
1131	1297
1131	1311
1131	1489
1141	1585
1145	1173
1145	1220
1145	1313
1145	1453
1145	1483
1148	1217
1148	1250
1148	1342
1150	1194
1150	1272
1158	1241
1158	1394
1167	1187
1167	1492
1167	1554
1170	1349
1170	1521
1172	1521
1173	1214
1173	1322
1173	1405
1173	1453
1173	1483
1187	1433
1187	1492
1187	1508
1187	1551
1187	1554
1194	1272
1203	1239
1207	1228
1209	1581
1213	1260
1213	1384
1213	1485
1213	1515
1214	1233
1214	1322
1214	1342
1214	1405
1214	1478
1214	1486
1214	1507
1214	1511
1214	1526
1217	1226
1217	1250
1217	1320
1217	1342
1217	1511
1220	1483
1226	1250
1226	1342
1226	1491
1226	1545
1227	1297
1227	1311
1227	1489
1227	1499
1232	1240
1232	1413
1232	1515
1233	1251
1233	1342
1233	1405
1233	1478
1233	1507
1233	1526
1240	1413
1241	1394
1241	1454
1244	1431
1244	1551
1246	1298
1246	1376
1246	1406
1246	1410
1246	1560
1246	1583
1246	1586
1250	1342
1250	1486
1251	1308
1251	1478
1251	1526
1256	1363
1260	1384
1260	1515
1263	1558
1265	1351
1278	1368
1288	1386
1297	1311
1297	1489
1297	1499
1298	1376
1298	1406
1298	1410
1298	1560
1298	1583
1298	1586
1308	1342
1308	1478
1308	1486
1308	1526
1311	1489
1311	1499
1320	1342
1322	1342
1322	1405
1322	1453
1322	1486
1342	1405
1342	1478
1342	1486
1342	1507
1342	1511
1342	1526
1342	1545
1343	1547
1343	1571
1344	1424
1347	1359
1347	1378
1349	1521
1376	1406
1376	1410
1376	1560
1376	1583
1376	1586
1381	1389
1382	1515
1384	1485
1384	1515
1389	1410
1389	1485
1389	1583
1393	1556
1394	1454
1405	1478
1405	1486
1405	1507
1405	1526
1406	1410
1406	1560
1406	1583
1406	1586
1410	1437
1410	1438
1410	1485
1410	1560
1410	1583
1410	1586
1431	1508
1431	1551
1437	1438
1437	1560
1437	1583
1438	1560
1438	1583
1453	1483
1453	1486
1478	1486
1478	1507
1478	1526
1485	1515
1485	1583
1486	1507
1486	1526
1489	1499
1492	1508
1492	1554
1507	1526
1508	1551
1508	1554
1523	1530
1547	1571
1551	1554
1560	1583
1560	1586
1583	1586
582	0
984	1
1052	1
1175	1
408	2
682	2
882	2
558	3
120	4
349	4
1232	4
1515	4
554	6
617	6
1113	6
1185	6
1353	6
1458	10
850	15
1514	15
66	16
275	16
376	16
380	16
520	16
952	16
994	16
1150	16
1194	16
1250	16
1237	19
1390	20
454	26
595	27
723	27
929	29
1100	29
1400	32
56	38
66	38
110	38
252	38
388	38
510	38
595	38
667	38
751	38
810	38
903	38
952	38
1038	38
1074	38
1103	38
1217	38
1226	38
1250	38
1342	38
760	39
1325	40
88	41
170	41
321	41
337	41
386	41
899	41
938	41
1027	41
1086	41
1121	41
1284	41
1388	41
420	42
423	42
764	42
1106	42
1393	42
1556	42
159	45
1531	46
66	50
149	50
232	50
346	50
376	50
384	50
388	50
520	50
534	50
584	50
595	50
597	50
667	50
668	50
810	50
903	50
952	50
993	50
996	50
1036	50
1074	50
1103	50
1141	50
1145	50
1150	50
1173	50
1226	50
1250	50
1342	50
1453	50
1483	50
1486	50
708	51
1017	51
1431	51
66	56
110	56
388	56
510	56
595	56
604	56
810	56
846	56
903	56
1074	56
1103	56
1217	56
1226	56
1342	56
111	57
125	57
183	57
341	57
538	57
547	57
678	57
1343	57
1547	57
1571	57
415	62
946	62
240	65
556	65
852	65
882	65
98	66
110	66
252	66
376	66
388	66
510	66
595	66
667	66
751	66
810	66
903	66
952	66
1074	66
1103	66
1217	66
1226	66
1250	66
1342	66
1453	66
1511	66
1181	71
1216	73
114	75
288	75
296	75
302	75
652	75
1170	75
1172	75
1349	75
1521	75
1288	77
1386	77
739	79
1131	79
1227	79
1297	79
1311	79
1489	79
1499	79
1042	80
161	82
746	82
1040	82
1146	83
320	87
687	87
983	87
1017	87
1092	87
1543	87
1582	87
170	88
321	88
337	88
386	88
899	88
938	88
1086	88
1121	88
1388	88
520	98
595	98
679	98
952	98
1103	98
1173	98
1214	98
1322	98
1486	98
1507	98
1516	99
124	100
259	100
260	100
301	100
351	100
431	100
540	100
634	100
659	100
847	100
851	100
858	100
1158	100
1222	100
1241	100
1394	100
1454	100
1417	107
864	108
376	110
388	110
510	110
595	110
667	110
810	110
903	110
1074	110
1103	110
1217	110
1226	110
1250	110
1342	110
125	111
176	111
183	111
341	111
538	111
547	111
678	111
1343	111
1547	111
1571	111
1111	112
288	114
296	114
302	114
652	114
1119	114
1170	114
1172	114
1349	114
1521	114
557	118
314	119
349	120
483	120
574	120
1050	120
1054	120
1232	120
1515	120
732	121
835	121
260	124
301	124
351	124
540	124
634	124
659	124
847	124
851	124
858	124
1158	124
1241	124
1394	124
1454	124
176	125
183	125
341	125
538	125
547	125
678	125
1343	125
1547	125
1571	125
681	127
1262	127
864	128
278	130
526	130
507	132
560	132
570	132
729	132
1100	132
1347	132
1359	132
1378	132
430	141
597	143
721	146
232	149
247	149
338	149
704	149
989	149
993	149
996	149
1145	149
1173	149
249	150
1028	150
1539	155
746	161
220	162
332	162
615	162
1265	162
1351	162
1515	167
189	168
708	168
949	168
1093	168
1167	168
1492	168
1554	168
321	170
337	170
386	170
899	170
938	170
1027	170
1086	170
1121	170
1388	170
278	171
450	171
644	171
719	171
860	171
1251	171
1308	171
1478	171
1526	171
236	174
446	174
552	174
598	174
708	174
799	174
983	174
1017	174
1244	174
1431	174
1551	174
341	176
538	176
547	176
678	176
1343	176
1547	176
1571	176
1336	178
483	181
964	181
1213	181
1260	181
1384	181
1485	181
1515	181
341	183
538	183
547	183
678	183
1343	183
1547	183
1571	183
488	185
894	185
1061	185
192	189
215	189
375	189
598	189
708	189
949	189
983	189
1017	189
1092	189
1093	189
1187	189
1431	189
1433	189
1492	189
1508	189
1551	189
1554	189
708	192
983	192
1017	192
1093	192
1187	192
1433	192
1508	192
301	194
851	194
617	195
794	195
1112	196
1281	196
1552	196
698	197
984	206
1052	206
1175	206
710	210
1096	210
358	214
423	214
488	214
490	214
666	214
720	214
737	214
894	214
1061	214
1420	214
598	215
708	215
983	215
1017	215
1093	215
1187	215
1244	215
1431	215
1508	215
1551	215
436	217
385	219
332	220
615	220
1265	220
1351	220
1585	220
905	221
306	229
556	229
752	229
1425	229
322	230
543	230
738	230
338	232
346	232
384	232
597	232
608	232
704	232
796	232
993	232
996	232
1145	232
1173	232
1313	232
1453	232
1483	232
261	233
768	233
922	233
1246	233
1298	233
1376	233
1406	233
1410	233
1560	233
1583	233
1586	233
446	236
552	236
598	236
799	236
1244	236
1431	236
1551	236
827	240
852	240
881	240
1534	240
1000	242
689	245
989	245
1195	245
1028	249
277	250
1376	251
376	252
388	252
595	252
667	252
751	252
810	252
903	252
952	252
1036	252
1074	252
1103	252
1214	252
1217	252
1250	252
1322	252
1342	252
1511	252
426	257
454	257
260	259
301	259
351	259
540	259
659	259
847	259
851	259
1158	259
1241	259
301	260
351	260
431	260
540	260
634	260
659	260
847	260
851	260
1158	260
1241	260
1394	260
1454	260
768	261
922	261
1246	261
1298	261
1376	261
1406	261
1410	261
1586	261
809	270
994	275
1150	275
1194	275
450	278
510	278
526	278
600	278
644	278
679	278
719	278
860	278
952	278
1233	278
1251	278
1308	278
1478	278
1507	278
1526	278
389	279
1105	279
1169	279
542	282
784	282
1281	282
483	284
961	285
296	288
302	288
460	288
652	288
1109	288
1119	288
1172	288
1349	288
1521	288
622	290
302	296
652	296
1109	296
1119	296
1170	296
1172	296
1349	296
1521	296
810	300
351	301
540	301
634	301
659	301
847	301
851	301
1158	301
1222	301
1241	301
1394	301
1454	301
652	302
1170	302
1172	302
1349	302
1521	302
752	306
884	306
1425	306
602	309
927	309
937	309
593	312
1022	312
1516	312
542	315
1041	315
1376	315
1041	316
513	317
723	317
1415	317
687	320
983	320
1017	320
1092	320
1093	320
1582	320
337	321
386	321
899	321
938	321
1027	321
1086	321
1121	321
1284	321
1388	321
543	322
738	322
1408	329
615	332
1265	332
1351	332
1585	332
897	335
1202	336
386	337
899	337
938	337
1027	337
1086	337
1121	337
1249	337
1388	337
704	338
774	338
993	338
1483	338
454	339
614	339
845	339
864	339
876	339
916	339
1263	339
1558	339
538	341
547	341
678	341
1343	341
1547	341
1571	341
384	346
414	346
597	346
608	346
704	346
718	346
796	346
993	346
996	346
1005	346
1145	346
1220	346
1483	346
483	349
574	349
1050	349
1054	349
1232	349
1515	349
540	351
634	351
659	351
847	351
851	351
1158	351
1241	351
1394	351
1454	351
405	355
574	355
1232	355
1240	355
1413	355
1505	356
423	358
488	358
490	358
720	358
737	358
894	358
1061	358
1420	358
774	360
1171	361
1456	365
1580	367
534	375
654	375
708	375
949	375
1093	375
1167	375
1187	375
1492	375
1508	375
1554	375
388	376
510	376
520	376
595	376
667	376
669	376
751	376
810	376
903	376
952	376
1036	376
1074	376
1103	376
1217	376
1250	376
1342	376
1486	376
1511	376
426	377
994	380
1150	380
1194	380
1272	380
597	384
608	384
704	384
718	384
796	384
993	384
996	384
1005	384
1145	384
1220	384
1483	384
954	385
1529	385
1542	385
899	386
938	386
1086	386
1121	386
1284	386
1388	386
510	388
520	388
595	388
667	388
751	388
810	388
903	388
952	388
1038	388
1074	388
1103	388
1148	388
1214	388
1217	388
1226	388
1233	388
1250	388
1342	388
1478	388
1507	388
1511	388
620	389
1105	389
1169	389
771	393
1073	397
1278	397
1368	397
991	398
929	399
1581	400
1151	401
483	405
574	405
1232	405
1240	405
1413	405
510	413
669	413
608	414
718	414
1483	414
946	415
1205	415
1206	415
423	420
764	420
1106	420
1393	420
1556	420
488	423
490	423
666	423
720	423
737	423
894	423
1061	423
1420	423
540	431
1394	431
758	432
736	434
571	437
1381	437
552	446
598	446
708	446
799	446
983	446
1017	446
1244	446
1431	446
1551	446
663	447
644	450
719	450
860	450
1233	450
1308	450
1478	450
1526	450
614	454
845	454
864	454
876	454
916	454
1196	454
1263	454
1558	454
1391	457
652	460
534	466
668	466
1344	466
1218	470
629	476
748	476
574	483
964	483
1091	483
1213	483
1232	483
1242	483
1384	483
1413	483
1485	483
1515	483
1573	483
556	484
679	486
952	486
1214	486
1478	486
1526	486
490	488
666	488
720	488
737	488
894	488
1061	488
1420	488
666	490
720	490
737	490
894	490
1061	490
1420	490
542	491
1271	494
563	504
606	504
1101	504
1210	504
560	507
570	507
597	507
729	507
1100	507
1347	507
1359	507
1378	507
520	510
595	510
600	510
667	510
669	510
679	510
751	510
810	510
903	510
952	510
1044	510
1074	510
1103	510
1148	510
1217	510
1233	510
1342	510
1478	510
1511	510
1526	510
519	512
627	512
1389	512
1415	513
586	519
627	519
802	519
1389	519
1410	519
1485	519
1583	519
595	520
600	520
667	520
751	520
810	520
903	520
952	520
1074	520
1103	520
1148	520
1217	520
1250	520
1322	520
1342	520
1405	520
1478	520
1511	520
1024	524
952	526
552	534
708	534
949	534
996	534
1145	534
1264	534
1486	534
1492	534
1554	534
547	538
678	538
1343	538
1547	538
1571	538
634	540
659	540
847	540
851	540
858	540
1158	540
1241	540
1394	540
1454	540
784	542
915	542
571	543
738	543
678	547
1343	547
1547	547
1571	547
584	552
596	552
668	552
799	552
867	552
989	552
1244	552
1344	552
1565	552
1113	554
1185	554
884	556
991	556
1382	556
794	557
1354	558
621	559
570	560
729	560
1100	560
1347	560
1359	560
1378	560
1585	562
606	563
1101	563
1210	563
1139	569
729	570
1100	570
1347	570
1359	570
1378	570
952	572
1050	574
1054	574
1232	574
1240	574
1413	574
1515	574
1032	576
1256	584
1030	585
1041	585
1118	585
627	586
802	586
1389	586
1583	586
1453	592
1022	593
1516	593
667	595
751	595
810	595
903	595
952	595
1036	595
1044	595
1074	595
1103	595
1148	595
1214	595
1217	595
1226	595
1250	595
1342	595
1478	595
1486	595
1511	595
891	596
608	597
704	597
729	597
796	597
993	597
996	597
1005	597
1006	597
1145	597
1173	597
1359	597
1453	597
1483	597
708	598
799	598
983	598
1017	598
1092	598
1093	598
1187	598
1244	598
1431	598
1508	598
1551	598
644	600
679	600
719	600
860	600
952	600
1214	600
1233	600
1251	600
1308	600
1342	600
1405	600
1478	600
1486	600
1507	600
1526	600
810	604
1074	604
1103	604
1342	604
1101	606
1210	606
1567	607
704	608
718	608
796	608
993	608
996	608
1005	608
1145	608
1453	608
1483	608
1123	609
667	614
845	614
864	614
876	614
916	614
1263	614
1558	614
1265	615
1351	615
1585	615
794	617
1105	620
1169	620
698	624
802	627
1389	627
1410	627
1485	627
1583	627
963	633
659	634
847	634
851	634
858	634
1158	634
1241	634
1394	634
672	635
841	635
894	635
991	635
991	642
1166	642
719	644
860	644
929	644
1233	644
1251	644
1308	644
1478	644
1526	644
1109	652
1119	652
1172	652
708	654
949	654
1093	654
1167	654
1187	654
1492	654
847	659
851	659
1158	659
1241	659
1394	659
1454	659
904	660
720	666
737	666
894	666
1061	666
1420	666
751	667
810	667
903	667
916	667
952	667
1074	667
1103	667
1148	667
1217	667
1250	667
1342	667
1511	667
952	668
1344	668
1486	668
679	669
903	669
952	669
1044	669
1217	669
1308	669
1342	669
1478	669
1585	669
841	672
884	672
991	672
986	674
1343	678
1547	678
1571	678
719	679
860	679
952	679
1018	679
1173	679
1214	679
1233	679
1251	679
1322	679
1342	679
1405	679
1453	679
1478	679
1486	679
1507	679
1526	679
1262	681
1257	682
719	686
860	686
1251	686
1308	686
1478	686
983	687
1017	687
1092	687
989	689
1410	701
1437	701
1583	701
718	704
796	704
993	704
996	704
1005	704
1145	704
1220	704
1483	704
799	708
921	708
949	708
983	708
1017	708
1092	708
1093	708
1167	708
1187	708
1244	708
1431	708
1492	708
1508	708
1551	708
1554	708
1582	708
972	709
978	709
1096	710
796	718
993	718
996	718
1483	718
860	719
1214	719
1233	719
1251	719
1308	719
1342	719
1405	719
1478	719
1507	719
1526	719
737	720
894	720
1061	720
1420	720
1148	723
1415	723
831	726
758	728
739	729
1100	729
1347	729
1359	729
1378	729
835	732
987	733
894	737
991	737
1061	737
1420	737
1131	739
1227	739
1297	739
1311	739
1489	739
1499	739
810	751
903	751
952	751
996	751
1036	751
1074	751
1087	751
1103	751
1148	751
1217	751
1226	751
1250	751
1322	751
1342	751
1405	751
1486	751
1425	752
1329	754
1106	764
1393	764
1556	764
1242	766
922	768
1246	768
1298	768
1376	768
1406	768
1410	768
1560	768
1583	768
1586	768
1126	777
1165	785
1428	795
993	796
996	796
1005	796
1145	796
1453	796
1483	796
983	799
1017	799
1244	799
1431	799
1551	799
1215	800
1157	801
1344	801
1389	802
1410	802
1485	802
1583	802
834	804
1437	804
1438	804
1560	804
1583	804
1040	808
1088	808
1455	809
1485	809
903	810
952	810
1036	810
1074	810
1103	810
1148	810
1217	810
1226	810
1250	810
1291	810
1342	810
1511	810
1325	820
1410	834
1437	834
1438	834
1560	834
1583	834
905	841
864	845
876	845
916	845
1263	845
1558	845
851	847
1158	847
1222	847
1241	847
1394	847
1454	847
1514	850
1158	851
1222	851
1241	851
1394	851
1454	851
1454	858
952	860
1214	860
1233	860
1251	860
1308	860
1405	860
1478	860
1486	860
1507	860
1526	860
1214	863
1346	863
876	864
916	864
1263	864
1558	864
1585	867
1000	874
916	876
1263	876
1558	876
1550	882
991	884
1389	884
1114	890
1250	892
1256	892
1061	894
1420	894
938	899
1027	899
1086	899
1121	899
952	903
1036	903
1074	903
1085	903
1103	903
1148	903
1217	903
1226	903
1250	903
1291	903
1342	903
1511	903
1513	905
1095	906
1381	907
1073	909
1163	909
1278	909
1344	910
1041	915
1263	916
1558	916
1246	922
1298	922
1376	922
1406	922
1410	922
1560	922
1583	922
1586	922
1090	928
1137	935
1027	938
1086	938
1121	938
1388	938
1273	940
1205	946
1206	946
983	949
1093	949
1167	949
1187	949
1492	949
1508	949
1554	949
1074	952
1103	952
1148	952
1214	952
1217	952
1250	952
1322	952
1342	952
1405	952
1453	952
1478	952
1486	952
1507	952
1511	952
1526	952
1542	954
1213	964
1260	964
1384	964
1485	964
1515	964
1017	983
1092	983
1093	983
1167	983
1187	983
1244	983
1431	983
1492	983
1508	983
1551	983
1582	983
1052	984
1175	984
1523	988
1530	988
996	989
1173	989
1195	989
1453	989
1389	991
996	993
1005	993
1145	993
1453	993
1483	993
1150	994
1194	994
1272	994
1005	996
1145	996
1173	996
1220	996
1370	996
1453	996
1483	996
1247	998
1581	1000
1237	1002
1346	1004
1145	1005
1220	1005
1483	1005
1397	1015
1092	1017
1093	1017
1187	1017
1244	1017
1431	1017
1508	1017
1543	1017
1551	1017
1582	1017
1214	1018
1342	1018
1405	1018
1453	1018
1478	1018
1507	1018
1036	1020
1516	1022
1086	1027
1121	1027
1041	1030
1118	1030
1074	1036
1103	1036
1217	1036
1250	1036
1320	1036
1342	1036
1511	1036
1372	1040
1457	1040
1118	1041
1087	1044
1141	1044
1256	1044
1344	1044
1363	1044
1456	1048
1054	1050
1232	1050
1175	1052
1232	1054
1515	1054
1447	1059
1420	1061
1278	1073
1368	1073
1103	1074
1217	1074
1226	1074
1250	1074
1342	1074
1511	1074
1121	1086
1249	1086
1515	1091
1093	1092
1187	1092
1508	1092
1551	1092
1582	1092
1167	1093
1187	1093
1431	1093
1433	1093
1492	1093
1508	1093
1551	1093
1554	1093
1205	1100
1347	1100
1359	1100
1378	1100
1210	1101
1148	1103
1214	1103
1217	1103
1226	1103
1250	1103
1322	1103
1342	1103
1478	1103
1511	1103
1169	1105
1393	1106
1556	1106
1119	1109
1552	1112
1185	1113
1485	1115
1172	1119
1284	1121
1388	1121
1227	1131
1297	1131
1311	1131
1489	1131
1585	1141
1173	1145
1220	1145
1313	1145
1453	1145
1483	1145
1217	1148
1250	1148
1342	1148
1194	1150
1272	1150
1241	1158
1394	1158
1187	1167
1492	1167
1554	1167
1349	1170
1521	1170
1521	1172
1214	1173
1322	1173
1405	1173
1453	1173
1483	1173
1433	1187
1492	1187
1508	1187
1551	1187
1554	1187
1272	1194
1239	1203
1228	1207
1581	1209
1260	1213
1384	1213
1485	1213
1515	1213
1233	1214
1322	1214
1342	1214
1405	1214
1478	1214
1486	1214
1507	1214
1511	1214
1526	1214
1226	1217
1250	1217
1320	1217
1342	1217
1511	1217
1483	1220
1250	1226
1342	1226
1491	1226
1545	1226
1297	1227
1311	1227
1489	1227
1499	1227
1240	1232
1413	1232
1515	1232
1251	1233
1342	1233
1405	1233
1478	1233
1507	1233
1526	1233
1413	1240
1394	1241
1454	1241
1431	1244
1551	1244
1298	1246
1376	1246
1406	1246
1410	1246
1560	1246
1583	1246
1586	1246
1342	1250
1486	1250
1308	1251
1478	1251
1526	1251
1363	1256
1384	1260
1515	1260
1558	1263
1351	1265
1368	1278
1386	1288
1311	1297
1489	1297
1499	1297
1376	1298
1406	1298
1410	1298
1560	1298
1583	1298
1586	1298
1342	1308
1478	1308
1486	1308
1526	1308
1489	1311
1499	1311
1342	1320
1342	1322
1405	1322
1453	1322
1486	1322
1405	1342
1478	1342
1486	1342
1507	1342
1511	1342
1526	1342
1545	1342
1547	1343
1571	1343
1424	1344
1359	1347
1378	1347
1521	1349
1406	1376
1410	1376
1560	1376
1583	1376
1586	1376
1389	1381
1515	1382
1485	1384
1515	1384
1410	1389
1485	1389
1583	1389
1556	1393
1454	1394
1478	1405
1486	1405
1507	1405
1526	1405
1410	1406
1560	1406
1583	1406
1586	1406
1437	1410
1438	1410
1485	1410
1560	1410
1583	1410
1586	1410
1508	1431
1551	1431
1438	1437
1560	1437
1583	1437
1560	1438
1583	1438
1483	1453
1486	1453
1486	1478
1507	1478
1526	1478
1515	1485
1583	1485
1507	1486
1526	1486
1499	1489
1508	1492
1554	1492
1526	1507
1551	1508
1554	1508
1530	1523
1571	1547
1554	1551
1583	1560
1586	1560
1586	1583
