0	396
0	638
0	860
0	974
0	1407
6	687
10	236
10	362
10	689
10	919
10	943
10	1487
11	32
11	97
11	118
11	1215
11	1235
13	741
14	70
14	176
14	199
14	265
14	363
14	367
14	504
14	832
14	1107
14	1147
14	1204
14	1385
14	1440
14	1471
21	998
21	1002
21	1207
22	119
22	374
22	679
23	688
23	787
23	1246
26	1054
27	550
27	1060
32	118
32	1215
32	1235
34	350
34	433
34	534
34	571
34	580
34	689
34	950
34	982
34	1140
34	1374
35	53
35	199
35	200
35	242
35	352
35	375
35	494
35	495
35	513
35	521
35	528
35	577
35	649
35	789
35	832
35	880
35	927
35	952
35	1001
35	1119
35	1204
35	1416
35	1456
38	82
38	154
38	160
38	311
38	327
38	335
38	877
38	891
38	910
38	991
38	1046
38	1118
38	1154
38	1236
41	1041
44	259
47	70
47	129
47	135
47	139
47	176
47	199
47	200
47	223
47	363
47	371
47	375
47	504
47	513
47	528
47	566
47	577
47	579
47	595
47	649
47	789
47	798
47	832
47	880
47	927
47	959
47	962
47	1099
47	1107
47	1119
47	1204
47	1245
47	1385
47	1416
47	1422
47	1440
49	1109
52	93
52	115
52	249
52	250
52	291
52	339
52	524
52	616
52	641
52	826
52	830
52	1110
52	1244
52	1338
52	1420
53	199
53	200
53	352
53	375
53	494
53	495
53	513
53	528
53	577
53	586
53	789
53	832
53	880
53	927
53	1119
56	831
59	1411
60	394
60	520
61	538
61	831
61	860
68	236
68	689
68	919
68	943
68	1487
70	265
70	367
70	801
70	1107
70	1147
70	1385
70	1452
70	1471
71	107
71	279
71	286
71	356
71	370
71	517
71	634
71	673
71	1132
71	1457
72	375
72	651
73	1352
75	1421
78	199
78	721
79	317
79	333
79	833
80	87
80	551
80	865
80	920
80	1027
80	1055
80	1506
82	154
82	160
82	311
82	327
82	335
82	684
82	877
82	891
82	910
82	1046
82	1118
82	1154
83	345
83	1319
83	1392
84	259
84	295
87	866
89	787
89	1246
92	289
92	1452
93	115
93	249
93	250
93	291
93	339
93	419
93	524
93	616
93	641
93	826
93	830
93	1110
93	1244
93	1338
93	1347
93	1420
94	571
94	580
94	1374
95	219
95	224
95	251
95	283
95	359
95	706
95	747
95	782
95	813
95	871
95	895
95	1041
95	1189
95	1200
95	1227
95	1250
95	1321
95	1334
95	1349
95	1350
95	1353
95	1380
95	1381
95	1461
95	1493
95	1515
95	1518
96	225
96	937
96	1458
97	118
97	1215
98	341
107	279
107	286
107	356
107	370
107	517
107	634
107	673
107	1078
107	1132
107	1457
112	178
112	1255
113	155
113	476
113	483
113	728
113	889
113	928
113	1158
113	1267
113	1349
113	1373
113	1413
115	250
115	291
115	339
115	524
115	616
115	641
115	826
115	830
115	1110
115	1244
115	1338
115	1420
116	331
116	370
116	493
116	530
116	662
116	935
116	1098
116	1220
116	1403
116	1482
117	270
117	376
117	1320
118	379
118	1215
119	374
119	679
122	273
122	1233
122	1508
125	154
125	311
125	327
125	335
125	1118
125	1154
129	135
129	176
129	277
129	368
129	499
129	534
129	600
129	691
129	1056
129	1347
132	387
133	579
134	1005
135	176
135	200
135	499
135	534
135	600
135	956
135	1054
138	180
138	405
138	516
138	878
138	913
138	1152
138	1417
138	1445
139	176
139	223
139	237
139	595
139	798
139	956
139	959
139	962
139	1245
139	1446
140	819
140	823
140	992
144	222
144	270
144	366
144	872
145	400
146	155
146	483
146	567
146	728
146	928
148	787
148	1246
154	160
154	311
154	327
154	335
154	684
154	877
154	891
154	910
154	991
154	1046
154	1118
154	1154
154	1203
155	483
155	567
155	728
155	928
156	176
156	223
156	371
156	579
156	699
156	765
156	798
156	903
156	959
156	962
156	1019
156	1174
156	1332
156	1422
156	1446
156	1460
157	1451
158	179
158	236
158	689
158	919
158	943
158	1487
160	311
160	327
160	335
160	877
160	891
160	910
160	991
160	1046
160	1118
160	1154
162	926
165	1377
169	1259
175	872
176	199
176	200
176	223
176	371
176	494
176	577
176	579
176	595
176	753
176	798
176	903
176	913
176	927
176	956
176	959
176	962
176	1019
176	1147
176	1245
176	1422
176	1440
176	1446
178	1255
179	236
179	362
179	580
179	689
179	919
179	943
179	950
179	982
179	1025
179	1052
179	1374
179	1487
180	264
180	405
180	437
180	471
180	516
180	582
180	700
180	878
180	909
180	913
180	923
180	927
180	983
180	1152
180	1205
180	1366
180	1404
180	1417
180	1440
180	1445
180	1462
181	653
181	1440
182	306
182	769
184	948
187	204
187	600
187	864
187	1233
187	1454
194	1410
199	200
199	242
199	352
199	363
199	375
199	401
199	494
199	495
199	504
199	513
199	528
199	577
199	582
199	649
199	651
199	704
199	789
199	795
199	832
199	878
199	880
199	927
199	1119
199	1204
199	1274
199	1366
199	1416
199	1417
199	1440
199	1448
199	1456
200	352
200	363
200	375
200	395
200	440
200	494
200	495
200	504
200	513
200	521
200	528
200	577
200	586
200	649
200	789
200	832
200	880
200	927
200	1119
200	1204
200	1347
200	1456
204	864
204	1454
208	424
212	882
219	359
219	706
219	782
219	1041
219	1334
219	1350
219	1353
219	1515
220	538
220	849
221	435
221	526
221	717
221	1238
222	366
222	475
222	498
222	620
222	716
222	872
222	1289
223	371
223	579
223	595
223	798
223	903
223	959
223	962
223	1245
223	1422
223	1446
224	251
224	747
224	871
224	895
224	1189
224	1200
224	1250
224	1321
224	1349
224	1350
224	1353
224	1493
224	1515
224	1518
225	937
226	787
226	1246
233	965
236	362
236	689
236	919
236	943
236	1025
236	1487
241	1321
242	352
242	363
242	375
242	513
242	528
242	577
242	649
242	789
242	832
242	880
242	909
242	927
242	1119
242	1204
242	1274
242	1416
242	1440
242	1448
244	501
244	900
247	378
247	414
249	250
249	291
249	339
249	524
249	641
249	826
249	830
249	1244
249	1420
250	291
250	339
250	419
250	524
250	616
250	641
250	826
250	830
250	1110
250	1244
250	1338
250	1347
250	1420
251	747
251	871
251	895
251	1189
251	1200
251	1250
251	1321
251	1349
251	1353
251	1518
254	555
254	757
258	647
259	426
260	646
260	788
261	1138
263	1014
263	1405
264	405
264	516
264	577
264	909
264	913
264	1152
264	1366
264	1445
264	1462
265	1107
265	1147
265	1471
266	506
270	376
270	1320
272	690
272	1202
273	1233
273	1373
273	1508
274	624
277	691
277	1056
278	1241
279	286
279	356
279	370
279	447
279	517
279	634
279	673
279	1078
279	1132
279	1457
280	463
280	727
283	813
283	1189
283	1227
283	1350
283	1380
283	1381
283	1461
283	1493
283	1515
286	356
286	370
286	517
286	634
286	1078
286	1132
286	1457
287	1000
290	789
291	339
291	524
291	616
291	641
291	826
291	830
291	1110
291	1244
291	1338
291	1420
303	538
304	550
304	728
304	1321
304	1373
304	1413
307	497
307	704
311	327
311	335
311	684
311	877
311	891
311	910
311	991
311	1046
311	1118
311	1154
311	1236
315	1000
315	1409
317	333
317	607
317	833
317	993
317	1010
317	1398
320	729
326	1511
327	335
327	684
327	877
327	891
327	910
327	991
327	1046
327	1118
327	1154
327	1203
331	493
331	530
331	662
331	935
331	1098
331	1220
331	1403
331	1482
333	607
333	833
333	993
333	1010
333	1398
333	1472
335	684
335	877
335	891
335	910
335	991
335	1046
335	1118
335	1154
335	1236
339	524
339	616
339	641
339	826
339	830
339	1110
339	1244
339	1338
339	1420
345	1319
345	1392
348	595
348	753
348	1261
350	433
350	534
350	580
350	689
350	950
350	982
350	1140
350	1374
352	363
352	375
352	494
352	504
352	513
352	577
352	789
352	832
352	880
352	927
352	1119
352	1272
352	1448
352	1456
355	1512
356	370
356	517
356	673
356	1132
356	1457
358	699
358	1422
359	706
359	782
359	1041
359	1334
359	1350
359	1353
359	1515
362	689
362	919
362	943
362	1025
362	1487
363	375
363	494
363	504
363	513
363	521
363	528
363	577
363	649
363	651
363	789
363	832
363	880
363	952
363	1119
363	1204
363	1448
363	1456
364	378
364	414
366	475
366	498
366	620
366	716
366	872
366	1151
367	1107
367	1147
367	1347
367	1385
367	1471
368	499
368	1436
370	517
370	530
370	634
370	662
370	673
370	1132
370	1220
370	1457
370	1482
371	532
371	579
371	595
371	699
371	765
371	798
371	903
371	959
371	962
371	1019
371	1174
371	1332
371	1422
371	1446
371	1460
374	679
375	405
375	494
375	495
375	504
375	513
375	528
375	577
375	649
375	789
375	832
375	880
375	909
375	927
375	952
375	1001
375	1119
375	1204
375	1416
375	1417
375	1440
375	1445
375	1448
375	1456
376	1320
378	414
378	543
379	1215
380	750
381	1451
388	724
389	1108
399	859
399	1379
401	494
401	651
401	1456
403	916
403	1158
403	1159
403	1276
403	1389
405	437
405	471
405	494
405	516
405	577
405	582
405	626
405	651
405	700
405	878
405	909
405	913
405	923
405	940
405	983
405	1152
405	1205
405	1366
405	1404
405	1417
405	1440
405	1445
405	1456
405	1462
408	485
408	629
408	743
408	1065
408	1151
408	1271
419	524
419	1338
419	1420
422	715
430	761
433	534
433	580
433	689
433	950
433	982
433	1374
435	526
435	1238
437	626
437	700
437	909
437	1152
437	1417
437	1462
438	595
440	952
440	1031
440	1119
444	1336
447	517
447	634
447	1413
449	1258
452	1306
452	1310
461	529
461	771
461	932
461	1167
461	1451
462	950
463	484
463	727
470	646
470	788
471	913
471	923
471	1152
471	1417
471	1462
472	533
474	538
474	849
475	498
475	620
475	716
475	872
476	1413
480	981
483	567
483	728
483	889
483	928
483	1158
483	1250
483	1373
483	1413
485	629
485	743
485	1065
485	1151
485	1271
488	1061
488	1490
493	530
493	662
493	935
493	1098
493	1220
493	1403
493	1482
494	495
494	504
494	513
494	528
494	577
494	582
494	649
494	651
494	789
494	832
494	880
494	927
494	952
494	1006
494	1119
494	1152
494	1347
494	1417
494	1448
494	1456
494	1462
495	504
495	513
495	577
495	586
495	649
495	789
495	832
495	880
495	1000
495	1119
495	1456
498	620
498	716
498	872
499	534
499	600
499	736
499	956
499	1228
499	1438
501	900
504	513
504	516
504	528
504	577
504	582
504	649
504	789
504	832
504	880
504	909
504	923
504	927
504	1054
504	1119
504	1204
504	1274
504	1417
504	1440
504	1448
504	1456
507	512
507	808
507	965
508	847
511	692
511	1119
512	808
512	965
513	521
513	528
513	577
513	586
513	649
513	651
513	789
513	832
513	878
513	880
513	909
513	927
513	1000
513	1119
513	1204
513	1416
513	1417
513	1440
513	1448
513	1456
514	553
514	633
516	582
516	700
516	878
516	913
516	923
516	983
516	1152
516	1366
516	1404
516	1417
516	1445
516	1462
517	634
517	673
517	1078
517	1132
517	1220
517	1457
517	1482
521	577
521	789
521	832
521	880
521	1204
524	616
524	641
524	826
524	830
524	1110
524	1244
524	1338
524	1347
524	1420
526	553
526	717
526	1238
527	886
527	979
527	1230
528	577
528	649
528	789
528	832
528	880
528	927
528	1119
528	1204
528	1417
528	1440
528	1456
528	1462
529	771
529	932
529	1167
529	1451
530	662
530	935
530	1098
530	1220
530	1403
530	1482
532	595
532	959
534	566
534	600
534	956
534	1054
534	1190
534	1498
536	1072
538	849
539	774
544	1517
548	1384
549	690
553	633
553	1461
554	1307
556	672
556	771
556	1356
556	1451
556	1464
559	669
559	689
559	840
559	950
559	982
559	990
559	1052
559	1436
559	1479
559	1514
566	1210
567	728
567	928
571	580
571	689
571	1374
577	649
577	789
577	832
577	880
577	909
577	927
577	952
577	1006
577	1119
577	1204
577	1346
577	1347
577	1416
577	1417
577	1428
577	1440
577	1448
577	1456
579	798
579	959
579	962
579	971
579	1019
579	1306
579	1310
579	1422
579	1446
580	689
580	950
580	982
580	1025
580	1052
580	1374
582	626
582	700
582	909
582	913
582	923
582	927
582	940
582	1152
582	1205
582	1366
582	1404
582	1417
582	1445
582	1456
582	1462
586	789
586	1119
595	753
595	903
595	959
595	1019
595	1119
595	1261
595	1422
595	1446
596	649
596	824
596	855
596	984
596	1343
597	611
597	666
597	1207
597	1268
597	1299
597	1517
600	781
600	1347
607	833
607	993
607	1010
607	1398
608	749
608	1354
611	666
611	1207
611	1268
611	1299
613	696
613	1419
614	944
616	641
616	826
616	830
616	1110
616	1244
616	1338
616	1420
620	716
620	872
623	687
626	700
626	940
626	1152
626	1205
626	1417
626	1462
629	743
629	1065
629	1151
629	1271
631	748
631	1439
634	1078
634	1132
638	1517
640	1251
641	826
641	830
641	1110
641	1244
641	1338
641	1347
641	1420
644	867
644	1466
646	788
647	1160
649	789
649	832
649	880
649	927
649	1119
649	1204
649	1416
649	1440
649	1448
651	880
651	1006
651	1119
651	1417
651	1440
651	1456
651	1517
655	1516
662	935
662	1098
662	1220
662	1403
662	1482
666	1268
666	1299
668	700
668	940
668	1205
668	1417
669	840
669	950
669	982
669	990
669	1052
669	1436
672	771
672	1356
672	1464
673	771
673	1132
673	1356
673	1413
673	1457
673	1464
681	729
683	1350
683	1353
683	1380
683	1461
683	1515
684	1118
684	1154
688	1246
689	894
689	919
689	943
689	950
689	982
689	1025
689	1052
689	1339
689	1374
689	1487
689	1514
690	1202
691	1056
694	930
696	1419
699	798
699	959
699	962
699	1422
699	1446
700	909
700	913
700	923
700	940
700	1152
700	1205
700	1366
700	1417
700	1445
700	1462
703	836
704	1054
706	782
706	1041
706	1334
706	1350
706	1353
706	1515
708	737
716	872
716	1151
717	1238
723	1326
728	889
728	928
728	1373
728	1413
743	1065
743	1151
743	1271
745	1196
747	871
747	895
747	1189
747	1200
747	1250
747	1321
747	1349
747	1353
747	1493
747	1515
747	1518
748	1439
749	1354
758	1438
765	1019
771	932
771	1167
771	1356
771	1451
771	1464
774	1364
778	1159
782	1041
782	1334
782	1350
782	1353
782	1515
783	1432
787	1002
787	1246
789	832
789	880
789	927
789	952
789	1119
789	1204
789	1347
789	1416
789	1440
789	1448
789	1456
790	963
790	1066
790	1201
793	1050
795	832
795	880
795	1204
797	1096
798	832
798	903
798	959
798	962
798	1019
798	1174
798	1315
798	1332
798	1422
798	1446
798	1460
801	987
801	1107
801	1147
801	1362
801	1452
806	1379
807	842
808	965
813	1189
813	1227
813	1350
813	1353
813	1380
813	1381
813	1461
813	1493
813	1515
819	823
819	992
824	855
824	984
826	830
826	1110
826	1244
826	1338
826	1347
826	1420
830	1110
830	1244
830	1338
830	1420
832	880
832	927
832	962
832	1099
832	1119
832	1204
832	1347
832	1416
832	1448
832	1460
832	1517
833	993
833	1010
833	1398
833	1472
840	950
840	982
840	990
840	1052
840	1339
840	1514
842	1404
849	940
855	984
858	1206
859	1379
860	974
860	1407
860	1484
861	1044
861	1306
861	1310
863	1036
864	1454
867	1466
871	895
871	1189
871	1200
871	1250
871	1321
871	1349
871	1353
871	1493
871	1515
871	1518
872	1151
873	921
877	891
877	910
877	991
877	1046
877	1118
877	1154
878	909
878	913
878	923
878	927
878	961
878	983
878	1152
878	1366
878	1417
878	1445
880	927
880	1045
880	1119
880	1204
880	1428
880	1440
880	1448
880	1456
882	930
882	1449
885	1044
886	1230
886	1304
889	928
889	1373
889	1413
891	910
891	991
891	1046
891	1118
891	1154
894	1025
895	1189
895	1200
895	1250
895	1321
895	1349
895	1350
895	1353
895	1493
895	1515
895	1518
903	959
903	962
903	1019
903	1422
909	913
909	923
909	927
909	983
909	1152
909	1417
909	1440
909	1462
910	991
910	1046
910	1118
910	1154
913	923
913	940
913	983
913	1152
913	1366
913	1404
913	1417
913	1440
913	1445
913	1462
916	1158
916	1159
916	1276
916	1389
919	943
919	950
919	1025
919	1487
923	927
923	1152
923	1274
923	1366
923	1417
923	1440
923	1445
923	1462
926	1101
927	961
927	1119
927	1152
927	1204
927	1274
927	1347
927	1416
927	1417
927	1440
927	1448
928	1413
930	974
932	1167
932	1451
935	1098
935	1220
935	1403
935	1482
940	1152
940	1205
940	1334
940	1417
943	950
943	1025
943	1487
949	1481
950	982
950	990
950	1052
950	1339
950	1374
950	1514
952	1440
952	1456
956	962
956	1148
956	1245
959	962
959	1019
959	1332
959	1422
959	1446
961	1274
962	1019
962	1174
962	1315
962	1422
962	1446
963	1066
963	1201
967	1191
973	1421
974	1326
974	1407
976	1165
979	1230
982	990
982	1052
982	1339
982	1374
982	1436
982	1479
982	1514
983	1152
983	1404
983	1417
983	1445
987	1362
987	1452
990	1052
991	1046
991	1118
991	1154
998	1002
998	1207
1001	1119
1002	1207
1002	1399
1002	1436
1006	1099
1006	1119
1006	1210
1006	1456
1009	1423
1010	1398
1013	1248
1014	1405
1019	1422
1019	1446
1022	1296
1022	1306
1022	1310
1025	1487
1027	1506
1036	1365
1040	1118
1041	1334
1041	1353
1041	1515
1045	1347
1046	1118
1046	1154
1046	1203
1052	1514
1054	1440
1060	1158
1060	1276
1060	1296
1060	1306
1060	1310
1061	1490
1065	1151
1065	1271
1066	1201
1070	1463
1078	1132
1090	1249
1090	1427
1090	1464
1097	1142
1098	1220
1098	1403
1098	1482
1099	1517
1106	1119
1107	1147
1107	1347
1107	1385
1107	1471
1110	1244
1110	1338
1110	1420
1118	1154
1119	1204
1119	1440
1119	1448
1132	1457
1147	1347
1147	1385
1147	1471
1151	1271
1152	1205
1152	1274
1152	1366
1152	1404
1152	1417
1152	1445
1152	1456
1152	1462
1154	1236
1154	1347
1156	1193
1158	1276
1158	1389
1159	1276
1159	1389
1167	1451
1174	1422
1175	1281
1189	1200
1189	1227
1189	1250
1189	1321
1189	1349
1189	1350
1189	1353
1189	1380
1189	1381
1189	1461
1189	1493
1189	1515
1189	1518
1200	1250
1200	1321
1200	1349
1200	1350
1200	1353
1200	1493
1200	1515
1200	1518
1204	1416
1204	1440
1205	1417
1205	1462
1207	1268
1207	1299
1207	1399
1207	1436
1210	1332
1210	1442
1210	1460
1215	1235
1220	1403
1220	1482
1227	1350
1227	1353
1227	1380
1227	1381
1227	1461
1227	1493
1227	1515
1228	1438
1232	1503
1233	1508
1244	1338
1244	1347
1244	1420
1249	1427
1249	1464
1250	1321
1250	1349
1250	1350
1250	1353
1250	1493
1250	1515
1250	1518
1268	1299
1274	1366
1274	1404
1274	1440
1276	1389
1282	1495
1296	1306
1296	1310
1302	1453
1306	1310
1319	1392
1321	1349
1321	1350
1321	1353
1321	1373
1321	1413
1321	1493
1321	1515
1321	1518
1326	1334
1332	1422
1332	1460
1334	1350
1334	1353
1334	1461
1334	1515
1338	1420
1339	1514
1347	1385
1347	1416
1347	1420
1347	1456
1347	1471
1349	1350
1349	1353
1349	1493
1349	1515
1349	1518
1350	1353
1350	1380
1350	1381
1350	1461
1350	1493
1350	1515
1350	1518
1353	1380
1353	1381
1353	1461
1353	1493
1353	1515
1353	1518
1356	1464
1362	1452
1365	1501
1366	1404
1366	1417
1366	1440
1366	1445
1373	1413
1380	1381
1380	1461
1380	1493
1380	1515
1381	1461
1381	1493
1381	1515
1385	1471
1403	1482
1404	1417
1404	1440
1404	1445
1407	1484
1416	1440
1417	1440
1417	1445
1417	1456
1417	1462
1422	1446
1422	1460
1427	1464
1428	1456
1436	1438
1440	1445
1440	1448
1442	1460
1445	1462
1456	1462
1461	1493
1461	1515
1493	1515
1493	1518
1515	1518
396	0
638	0
860	0
974	0
1407	0
687	6
236	10
362	10
689	10
919	10
943	10
1487	10
32	11
97	11
118	11
1215	11
1235	11
741	13
70	14
176	14
199	14
265	14
363	14
367	14
504	14
832	14
1107	14
1147	14
1204	14
1385	14
1440	14
1471	14
998	21
1002	21
1207	21
119	22
374	22
679	22
688	23
787	23
1246	23
1054	26
550	27
1060	27
118	32
1215	32
1235	32
350	34
433	34
534	34
571	34
580	34
689	34
950	34
982	34
1140	34
1374	34
53	35
199	35
200	35
242	35
352	35
375	35
494	35
495	35
513	35
521	35
528	35
577	35
649	35
789	35
832	35
880	35
927	35
952	35
1001	35
1119	35
1204	35
1416	35
1456	35
82	38
154	38
160	38
311	38
327	38
335	38
877	38
891	38
910	38
991	38
1046	38
1118	38
1154	38
1236	38
1041	41
259	44
70	47
129	47
135	47
139	47
176	47
199	47
200	47
223	47
363	47
371	47
375	47
504	47
513	47
528	47
566	47
577	47
579	47
595	47
649	47
789	47
798	47
832	47
880	47
927	47
959	47
962	47
1099	47
1107	47
1119	47
1204	47
1245	47
1385	47
1416	47
1422	47
1440	47
1109	49
93	52
115	52
249	52
250	52
291	52
339	52
524	52
616	52
641	52
826	52
830	52
1110	52
1244	52
1338	52
1420	52
199	53
200	53
352	53
375	53
494	53
495	53
513	53
528	53
577	53
586	53
789	53
832	53
880	53
927	53
1119	53
831	56
1411	59
394	60
520	60
538	61
831	61
860	61
236	68
689	68
919	68
943	68
1487	68
265	70
367	70
801	70
1107	70
1147	70
1385	70
1452	70
1471	70
107	71
279	71
286	71
356	71
370	71
517	71
634	71
673	71
1132	71
1457	71
375	72
651	72
1352	73
1421	75
199	78
721	78
317	79
333	79
833	79
87	80
551	80
865	80
920	80
1027	80
1055	80
1506	80
154	82
160	82
311	82
327	82
335	82
684	82
877	82
891	82
910	82
1046	82
1118	82
1154	82
345	83
1319	83
1392	83
259	84
295	84
866	87
787	89
1246	89
289	92
1452	92
115	93
249	93
250	93
291	93
339	93
419	93
524	93
616	93
641	93
826	93
830	93
1110	93
1244	93
1338	93
1347	93
1420	93
571	94
580	94
1374	94
219	95
224	95
251	95
283	95
359	95
706	95
747	95
782	95
813	95
871	95
895	95
1041	95
1189	95
1200	95
1227	95
1250	95
1321	95
1334	95
1349	95
1350	95
1353	95
1380	95
1381	95
1461	95
1493	95
1515	95
1518	95
225	96
937	96
1458	96
118	97
1215	97
341	98
279	107
286	107
356	107
370	107
517	107
634	107
673	107
1078	107
1132	107
1457	107
178	112
1255	112
155	113
476	113
483	113
728	113
889	113
928	113
1158	113
1267	113
1349	113
1373	113
1413	113
250	115
291	115
339	115
524	115
616	115
641	115
826	115
830	115
1110	115
1244	115
1338	115
1420	115
331	116
370	116
493	116
530	116
662	116
935	116
1098	116
1220	116
1403	116
1482	116
270	117
376	117
1320	117
379	118
1215	118
374	119
679	119
273	122
1233	122
1508	122
154	125
311	125
327	125
335	125
1118	125
1154	125
135	129
176	129
277	129
368	129
499	129
534	129
600	129
691	129
1056	129
1347	129
387	132
579	133
1005	134
176	135
200	135
499	135
534	135
600	135
956	135
1054	135
180	138
405	138
516	138
878	138
913	138
1152	138
1417	138
1445	138
176	139
223	139
237	139
595	139
798	139
956	139
959	139
962	139
1245	139
1446	139
819	140
823	140
992	140
222	144
270	144
366	144
872	144
400	145
155	146
483	146
567	146
728	146
928	146
787	148
1246	148
160	154
311	154
327	154
335	154
684	154
877	154
891	154
910	154
991	154
1046	154
1118	154
1154	154
1203	154
483	155
567	155
728	155
928	155
176	156
223	156
371	156
579	156
699	156
765	156
798	156
903	156
959	156
962	156
1019	156
1174	156
1332	156
1422	156
1446	156
1460	156
1451	157
179	158
236	158
689	158
919	158
943	158
1487	158
311	160
327	160
335	160
877	160
891	160
910	160
991	160
1046	160
1118	160
1154	160
926	162
1377	165
1259	169
872	175
199	176
200	176
223	176
371	176
494	176
577	176
579	176
595	176
753	176
798	176
903	176
913	176
927	176
956	176
959	176
962	176
1019	176
1147	176
1245	176
1422	176
1440	176
1446	176
1255	178
236	179
362	179
580	179
689	179
919	179
943	179
950	179
982	179
1025	179
1052	179
1374	179
1487	179
264	180
405	180
437	180
471	180
516	180
582	180
700	180
878	180
909	180
913	180
923	180
927	180
983	180
1152	180
1205	180
1366	180
1404	180
1417	180
1440	180
1445	180
1462	180
653	181
1440	181
306	182
769	182
948	184
204	187
600	187
864	187
1233	187
1454	187
1410	194
200	199
242	199
352	199
363	199
375	199
401	199
494	199
495	199
504	199
513	199
528	199
577	199
582	199
649	199
651	199
704	199
789	199
795	199
832	199
878	199
880	199
927	199
1119	199
1204	199
1274	199
1366	199
1416	199
1417	199
1440	199
1448	199
1456	199
352	200
363	200
375	200
395	200
440	200
494	200
495	200
504	200
513	200
521	200
528	200
577	200
586	200
649	200
789	200
832	200
880	200
927	200
1119	200
1204	200
1347	200
1456	200
864	204
1454	204
424	208
882	212
359	219
706	219
782	219
1041	219
1334	219
1350	219
1353	219
1515	219
538	220
849	220
435	221
526	221
717	221
1238	221
366	222
475	222
498	222
620	222
716	222
872	222
1289	222
371	223
579	223
595	223
798	223
903	223
959	223
962	223
1245	223
1422	223
1446	223
251	224
747	224
871	224
895	224
1189	224
1200	224
1250	224
1321	224
1349	224
1350	224
1353	224
1493	224
1515	224
1518	224
937	225
787	226
1246	226
965	233
362	236
689	236
919	236
943	236
1025	236
1487	236
1321	241
352	242
363	242
375	242
513	242
528	242
577	242
649	242
789	242
832	242
880	242
909	242
927	242
1119	242
1204	242
1274	242
1416	242
1440	242
1448	242
501	244
900	244
378	247
414	247
250	249
291	249
339	249
524	249
641	249
826	249
830	249
1244	249
1420	249
291	250
339	250
419	250
524	250
616	250
641	250
826	250
830	250
1110	250
1244	250
1338	250
1347	250
1420	250
747	251
871	251
895	251
1189	251
1200	251
1250	251
1321	251
1349	251
1353	251
1518	251
555	254
757	254
647	258
426	259
646	260
788	260
1138	261
1014	263
1405	263
405	264
516	264
577	264
909	264
913	264
1152	264
1366	264
1445	264
1462	264
1107	265
1147	265
1471	265
506	266
376	270
1320	270
690	272
1202	272
1233	273
1373	273
1508	273
624	274
691	277
1056	277
1241	278
286	279
356	279
370	279
447	279
517	279
634	279
673	279
1078	279
1132	279
1457	279
463	280
727	280
813	283
1189	283
1227	283
1350	283
1380	283
1381	283
1461	283
1493	283
1515	283
356	286
370	286
517	286
634	286
1078	286
1132	286
1457	286
1000	287
789	290
339	291
524	291
616	291
641	291
826	291
830	291
1110	291
1244	291
1338	291
1420	291
538	303
550	304
728	304
1321	304
1373	304
1413	304
497	307
704	307
327	311
335	311
684	311
877	311
891	311
910	311
991	311
1046	311
1118	311
1154	311
1236	311
1000	315
1409	315
333	317
607	317
833	317
993	317
1010	317
1398	317
729	320
1511	326
335	327
684	327
877	327
891	327
910	327
991	327
1046	327
1118	327
1154	327
1203	327
493	331
530	331
662	331
935	331
1098	331
1220	331
1403	331
1482	331
607	333
833	333
993	333
1010	333
1398	333
1472	333
684	335
877	335
891	335
910	335
991	335
1046	335
1118	335
1154	335
1236	335
524	339
616	339
641	339
826	339
830	339
1110	339
1244	339
1338	339
1420	339
1319	345
1392	345
595	348
753	348
1261	348
433	350
534	350
580	350
689	350
950	350
982	350
1140	350
1374	350
363	352
375	352
494	352
504	352
513	352
577	352
789	352
832	352
880	352
927	352
1119	352
1272	352
1448	352
1456	352
1512	355
370	356
517	356
673	356
1132	356
1457	356
699	358
1422	358
706	359
782	359
1041	359
1334	359
1350	359
1353	359
1515	359
689	362
919	362
943	362
1025	362
1487	362
375	363
494	363
504	363
513	363
521	363
528	363
577	363
649	363
651	363
789	363
832	363
880	363
952	363
1119	363
1204	363
1448	363
1456	363
378	364
414	364
475	366
498	366
620	366
716	366
872	366
1151	366
1107	367
1147	367
1347	367
1385	367
1471	367
499	368
1436	368
517	370
530	370
634	370
662	370
673	370
1132	370
1220	370
1457	370
1482	370
532	371
579	371
595	371
699	371
765	371
798	371
903	371
959	371
962	371
1019	371
1174	371
1332	371
1422	371
1446	371
1460	371
679	374
405	375
494	375
495	375
504	375
513	375
528	375
577	375
649	375
789	375
832	375
880	375
909	375
927	375
952	375
1001	375
1119	375
1204	375
1416	375
1417	375
1440	375
1445	375
1448	375
1456	375
1320	376
414	378
543	378
1215	379
750	380
1451	381
724	388
1108	389
859	399
1379	399
494	401
651	401
1456	401
916	403
1158	403
1159	403
1276	403
1389	403
437	405
471	405
494	405
516	405
577	405
582	405
626	405
651	405
700	405
878	405
909	405
913	405
923	405
940	405
983	405
1152	405
1205	405
1366	405
1404	405
1417	405
1440	405
1445	405
1456	405
1462	405
485	408
629	408
743	408
1065	408
1151	408
1271	408
524	419
1338	419
1420	419
715	422
761	430
534	433
580	433
689	433
950	433
982	433
1374	433
526	435
1238	435
626	437
700	437
909	437
1152	437
1417	437
1462	437
595	438
952	440
1031	440
1119	440
1336	444
517	447
634	447
1413	447
1258	449
1306	452
1310	452
529	461
771	461
932	461
1167	461
1451	461
950	462
484	463
727	463
646	470
788	470
913	471
923	471
1152	471
1417	471
1462	471
533	472
538	474
849	474
498	475
620	475
716	475
872	475
1413	476
981	480
567	483
728	483
889	483
928	483
1158	483
1250	483
1373	483
1413	483
629	485
743	485
1065	485
1151	485
1271	485
1061	488
1490	488
530	493
662	493
935	493
1098	493
1220	493
1403	493
1482	493
495	494
504	494
513	494
528	494
577	494
582	494
649	494
651	494
789	494
832	494
880	494
927	494
952	494
1006	494
1119	494
1152	494
1347	494
1417	494
1448	494
1456	494
1462	494
504	495
513	495
577	495
586	495
649	495
789	495
832	495
880	495
1000	495
1119	495
1456	495
620	498
716	498
872	498
534	499
600	499
736	499
956	499
1228	499
1438	499
900	501
513	504
516	504
528	504
577	504
582	504
649	504
789	504
832	504
880	504
909	504
923	504
927	504
1054	504
1119	504
1204	504
1274	504
1417	504
1440	504
1448	504
1456	504
512	507
808	507
965	507
847	508
692	511
1119	511
808	512
965	512
521	513
528	513
577	513
586	513
649	513
651	513
789	513
832	513
878	513
880	513
909	513
927	513
1000	513
1119	513
1204	513
1416	513
1417	513
1440	513
1448	513
1456	513
553	514
633	514
582	516
700	516
878	516
913	516
923	516
983	516
1152	516
1366	516
1404	516
1417	516
1445	516
1462	516
634	517
673	517
1078	517
1132	517
1220	517
1457	517
1482	517
577	521
789	521
832	521
880	521
1204	521
616	524
641	524
826	524
830	524
1110	524
1244	524
1338	524
1347	524
1420	524
553	526
717	526
1238	526
886	527
979	527
1230	527
577	528
649	528
789	528
832	528
880	528
927	528
1119	528
1204	528
1417	528
1440	528
1456	528
1462	528
771	529
932	529
1167	529
1451	529
662	530
935	530
1098	530
1220	530
1403	530
1482	530
595	532
959	532
566	534
600	534
956	534
1054	534
1190	534
1498	534
1072	536
849	538
774	539
1517	544
1384	548
690	549
633	553
1461	553
1307	554
672	556
771	556
1356	556
1451	556
1464	556
669	559
689	559
840	559
950	559
982	559
990	559
1052	559
1436	559
1479	559
1514	559
1210	566
728	567
928	567
580	571
689	571
1374	571
649	577
789	577
832	577
880	577
909	577
927	577
952	577
1006	577
1119	577
1204	577
1346	577
1347	577
1416	577
1417	577
1428	577
1440	577
1448	577
1456	577
798	579
959	579
962	579
971	579
1019	579
1306	579
1310	579
1422	579
1446	579
689	580
950	580
982	580
1025	580
1052	580
1374	580
626	582
700	582
909	582
913	582
923	582
927	582
940	582
1152	582
1205	582
1366	582
1404	582
1417	582
1445	582
1456	582
1462	582
789	586
1119	586
753	595
903	595
959	595
1019	595
1119	595
1261	595
1422	595
1446	595
649	596
824	596
855	596
984	596
1343	596
611	597
666	597
1207	597
1268	597
1299	597
1517	597
781	600
1347	600
833	607
993	607
1010	607
1398	607
749	608
1354	608
666	611
1207	611
1268	611
1299	611
696	613
1419	613
944	614
641	616
826	616
830	616
1110	616
1244	616
1338	616
1420	616
716	620
872	620
687	623
700	626
940	626
1152	626
1205	626
1417	626
1462	626
743	629
1065	629
1151	629
1271	629
748	631
1439	631
1078	634
1132	634
1517	638
1251	640
826	641
830	641
1110	641
1244	641
1338	641
1347	641
1420	641
867	644
1466	644
788	646
1160	647
789	649
832	649
880	649
927	649
1119	649
1204	649
1416	649
1440	649
1448	649
880	651
1006	651
1119	651
1417	651
1440	651
1456	651
1517	651
1516	655
935	662
1098	662
1220	662
1403	662
1482	662
1268	666
1299	666
700	668
940	668
1205	668
1417	668
840	669
950	669
982	669
990	669
1052	669
1436	669
771	672
1356	672
1464	672
771	673
1132	673
1356	673
1413	673
1457	673
1464	673
729	681
1350	683
1353	683
1380	683
1461	683
1515	683
1118	684
1154	684
1246	688
894	689
919	689
943	689
950	689
982	689
1025	689
1052	689
1339	689
1374	689
1487	689
1514	689
1202	690
1056	691
930	694
1419	696
798	699
959	699
962	699
1422	699
1446	699
909	700
913	700
923	700
940	700
1152	700
1205	700
1366	700
1417	700
1445	700
1462	700
836	703
1054	704
782	706
1041	706
1334	706
1350	706
1353	706
1515	706
737	708
872	716
1151	716
1238	717
1326	723
889	728
928	728
1373	728
1413	728
1065	743
1151	743
1271	743
1196	745
871	747
895	747
1189	747
1200	747
1250	747
1321	747
1349	747
1353	747
1493	747
1515	747
1518	747
1439	748
1354	749
1438	758
1019	765
932	771
1167	771
1356	771
1451	771
1464	771
1364	774
1159	778
1041	782
1334	782
1350	782
1353	782
1515	782
1432	783
1002	787
1246	787
832	789
880	789
927	789
952	789
1119	789
1204	789
1347	789
1416	789
1440	789
1448	789
1456	789
963	790
1066	790
1201	790
1050	793
832	795
880	795
1204	795
1096	797
832	798
903	798
959	798
962	798
1019	798
1174	798
1315	798
1332	798
1422	798
1446	798
1460	798
987	801
1107	801
1147	801
1362	801
1452	801
1379	806
842	807
965	808
1189	813
1227	813
1350	813
1353	813
1380	813
1381	813
1461	813
1493	813
1515	813
823	819
992	819
855	824
984	824
830	826
1110	826
1244	826
1338	826
1347	826
1420	826
1110	830
1244	830
1338	830
1420	830
880	832
927	832
962	832
1099	832
1119	832
1204	832
1347	832
1416	832
1448	832
1460	832
1517	832
993	833
1010	833
1398	833
1472	833
950	840
982	840
990	840
1052	840
1339	840
1514	840
1404	842
940	849
984	855
1206	858
1379	859
974	860
1407	860
1484	860
1044	861
1306	861
1310	861
1036	863
1454	864
1466	867
895	871
1189	871
1200	871
1250	871
1321	871
1349	871
1353	871
1493	871
1515	871
1518	871
1151	872
921	873
891	877
910	877
991	877
1046	877
1118	877
1154	877
909	878
913	878
923	878
927	878
961	878
983	878
1152	878
1366	878
1417	878
1445	878
927	880
1045	880
1119	880
1204	880
1428	880
1440	880
1448	880
1456	880
930	882
1449	882
1044	885
1230	886
1304	886
928	889
1373	889
1413	889
910	891
991	891
1046	891
1118	891
1154	891
1025	894
1189	895
1200	895
1250	895
1321	895
1349	895
1350	895
1353	895
1493	895
1515	895
1518	895
959	903
962	903
1019	903
1422	903
913	909
923	909
927	909
983	909
1152	909
1417	909
1440	909
1462	909
991	910
1046	910
1118	910
1154	910
923	913
940	913
983	913
1152	913
1366	913
1404	913
1417	913
1440	913
1445	913
1462	913
1158	916
1159	916
1276	916
1389	916
943	919
950	919
1025	919
1487	919
927	923
1152	923
1274	923
1366	923
1417	923
1440	923
1445	923
1462	923
1101	926
961	927
1119	927
1152	927
1204	927
1274	927
1347	927
1416	927
1417	927
1440	927
1448	927
1413	928
974	930
1167	932
1451	932
1098	935
1220	935
1403	935
1482	935
1152	940
1205	940
1334	940
1417	940
950	943
1025	943
1487	943
1481	949
982	950
990	950
1052	950
1339	950
1374	950
1514	950
1440	952
1456	952
962	956
1148	956
1245	956
962	959
1019	959
1332	959
1422	959
1446	959
1274	961
1019	962
1174	962
1315	962
1422	962
1446	962
1066	963
1201	963
1191	967
1421	973
1326	974
1407	974
1165	976
1230	979
990	982
1052	982
1339	982
1374	982
1436	982
1479	982
1514	982
1152	983
1404	983
1417	983
1445	983
1362	987
1452	987
1052	990
1046	991
1118	991
1154	991
1002	998
1207	998
1119	1001
1207	1002
1399	1002
1436	1002
1099	1006
1119	1006
1210	1006
1456	1006
1423	1009
1398	1010
1248	1013
1405	1014
1422	1019
1446	1019
1296	1022
1306	1022
1310	1022
1487	1025
1506	1027
1365	1036
1118	1040
1334	1041
1353	1041
1515	1041
1347	1045
1118	1046
1154	1046
1203	1046
1514	1052
1440	1054
1158	1060
1276	1060
1296	1060
1306	1060
1310	1060
1490	1061
1151	1065
1271	1065
1201	1066
1463	1070
1132	1078
1249	1090
1427	1090
1464	1090
1142	1097
1220	1098
1403	1098
1482	1098
1517	1099
1119	1106
1147	1107
1347	1107
1385	1107
1471	1107
1244	1110
1338	1110
1420	1110
1154	1118
1204	1119
1440	1119
1448	1119
1457	1132
1347	1147
1385	1147
1471	1147
1271	1151
1205	1152
1274	1152
1366	1152
1404	1152
1417	1152
1445	1152
1456	1152
1462	1152
1236	1154
1347	1154
1193	1156
1276	1158
1389	1158
1276	1159
1389	1159
1451	1167
1422	1174
1281	1175
1200	1189
1227	1189
1250	1189
1321	1189
1349	1189
1350	1189
1353	1189
1380	1189
1381	1189
1461	1189
1493	1189
1515	1189
1518	1189
1250	1200
1321	1200
1349	1200
1350	1200
1353	1200
1493	1200
1515	1200
1518	1200
1416	1204
1440	1204
1417	1205
1462	1205
1268	1207
1299	1207
1399	1207
1436	1207
1332	1210
1442	1210
1460	1210
1235	1215
1403	1220
1482	1220
1350	1227
1353	1227
1380	1227
1381	1227
1461	1227
1493	1227
1515	1227
1438	1228
1503	1232
1508	1233
1338	1244
1347	1244
1420	1244
1427	1249
1464	1249
1321	1250
1349	1250
1350	1250
1353	1250
1493	1250
1515	1250
1518	1250
1299	1268
1366	1274
1404	1274
1440	1274
1389	1276
1495	1282
1306	1296
1310	1296
1453	1302
1310	1306
1392	1319
1349	1321
1350	1321
1353	1321
1373	1321
1413	1321
1493	1321
1515	1321
1518	1321
1334	1326
1422	1332
1460	1332
1350	1334
1353	1334
1461	1334
1515	1334
1420	1338
1514	1339
1385	1347
1416	1347
1420	1347
1456	1347
1471	1347
1350	1349
1353	1349
1493	1349
1515	1349
1518	1349
1353	1350
1380	1350
1381	1350
1461	1350
1493	1350
1515	1350
1518	1350
1380	1353
1381	1353
1461	1353
1493	1353
1515	1353
1518	1353
1464	1356
1452	1362
1501	1365
1404	1366
1417	1366
1440	1366
1445	1366
1413	1373
1381	1380
1461	1380
1493	1380
1515	1380
1461	1381
1493	1381
1515	1381
1471	1385
1482	1403
1417	1404
1440	1404
1445	1404
1484	1407
1440	1416
1440	1417
1445	1417
1456	1417
1462	1417
1446	1422
1460	1422
1464	1427
1456	1428
1438	1436
1445	1440
1448	1440
1460	1442
1462	1445
1462	1456
1493	1461
1515	1461
1515	1493
1518	1493
1518	1515
