0	538
0	1262
1	967
2	608
2	632
2	1347
4	895
10	1021
10	1338
11	80
11	88
11	624
11	820
13	631
13	1161
13	1182
15	708
15	787
18	844
18	897
18	1041
18	1285
18	1429
24	99
24	647
24	880
25	1001
25	1193
27	550
27	790
27	981
27	1007
27	1010
27	1087
27	1378
28	1007
32	107
32	1248
33	133
33	142
36	157
36	333
36	411
36	740
36	984
36	1091
36	1145
36	1422
38	807
43	1155
46	62
46	63
46	70
46	131
46	135
46	144
46	169
46	190
46	191
46	214
46	456
46	480
46	488
46	505
46	539
46	550
46	609
46	612
46	757
46	790
46	793
46	870
46	877
46	882
46	893
46	900
46	917
46	954
46	987
46	1010
46	1048
46	1087
46	1094
46	1127
46	1139
46	1150
46	1333
46	1361
46	1364
46	1378
50	1094
50	1380
51	93
51	113
51	324
51	325
51	500
51	610
51	687
51	829
51	1142
51	1191
51	1202
51	1281
51	1334
51	1359
60	373
60	409
60	778
61	514
61	789
62	63
62	101
62	144
62	190
62	191
62	233
62	335
62	364
62	456
62	470
62	488
62	505
62	550
62	609
62	698
62	790
62	793
62	863
62	877
62	882
62	893
62	987
62	1010
62	1087
62	1094
62	1127
62	1139
62	1150
62	1234
62	1333
62	1378
62	1386
62	1393
63	135
63	144
63	169
63	191
63	214
63	233
63	312
63	391
63	456
63	470
63	480
63	550
63	609
63	698
63	790
63	793
63	877
63	882
63	893
63	954
63	960
63	987
63	1010
63	1087
63	1094
63	1127
63	1139
63	1150
63	1207
63	1333
63	1364
63	1378
63	1384
67	1089
68	1425
70	253
70	348
70	391
70	760
70	1099
70	1390
71	279
71	338
71	351
71	492
71	598
71	889
71	995
71	1394
72	456
72	620
72	893
72	954
75	1043
75	1090
75	1196
75	1209
75	1367
75	1401
78	190
79	317
80	88
80	979
80	1050
83	154
83	354
83	588
83	830
83	845
83	865
83	985
83	998
83	1034
83	1105
87	535
88	820
93	113
93	324
93	325
93	397
93	500
93	610
93	687
93	795
93	829
93	1142
93	1191
93	1202
93	1281
93	1334
93	1359
96	216
96	894
96	1395
99	880
101	144
101	190
101	191
101	456
101	457
101	466
101	470
101	488
101	505
101	550
101	609
101	790
101	987
101	1087
101	1127
101	1150
107	792
107	1248
111	149
111	314
111	451
111	458
111	502
111	696
111	843
111	846
111	1047
111	1291
113	324
113	325
113	500
113	610
113	687
113	795
113	829
113	1142
113	1191
113	1202
113	1281
113	1334
113	1359
114	315
114	351
114	507
114	628
114	630
114	1198
114	1284
114	1342
118	583
123	985
123	1034
123	1105
124	601
124	1377
129	367
131	169
131	191
131	475
131	571
131	793
131	1007
131	1082
131	1094
131	1238
131	1364
133	142
135	169
135	214
135	229
135	312
135	401
135	653
135	757
135	793
135	870
135	917
135	1094
135	1139
135	1384
143	1001
143	1193
144	169
144	190
144	191
144	214
144	335
144	456
144	470
144	480
144	488
144	505
144	550
144	609
144	612
144	698
144	790
144	877
144	882
144	893
144	906
144	954
144	987
144	1010
144	1087
144	1127
144	1139
144	1150
144	1296
144	1393
146	202
146	554
146	568
146	582
146	634
146	1164
146	1214
149	314
149	458
149	540
149	605
149	696
149	846
149	949
149	1036
149	1047
150	169
150	214
150	401
150	653
150	666
150	727
150	737
150	757
150	793
150	857
150	870
150	900
150	917
150	926
150	1048
150	1122
150	1139
150	1361
150	1384
150	1397
150	1434
153	476
154	354
154	588
154	830
154	845
154	865
154	946
154	985
154	998
154	1034
154	1105
157	333
157	411
157	740
157	984
157	1091
157	1145
157	1422
160	979
160	1329
165	435
169	190
169	191
169	214
169	244
169	312
169	364
169	401
169	470
169	550
169	653
169	698
169	717
169	737
169	757
169	793
169	857
169	868
169	870
169	877
169	882
169	893
169	900
169	917
169	926
169	1010
169	1048
169	1094
169	1099
169	1139
169	1290
169	1315
169	1333
169	1361
169	1364
169	1378
169	1384
169	1434
173	622
173	1378
176	902
184	718
189	335
190	191
190	233
190	335
190	380
190	456
190	457
190	466
190	470
190	480
190	488
190	505
190	550
190	555
190	609
190	620
190	698
190	790
190	793
190	832
190	877
190	882
190	893
190	954
190	987
190	1010
190	1087
190	1094
190	1127
190	1134
190	1150
190	1219
190	1234
190	1296
190	1307
190	1378
190	1386
190	1393
191	335
191	456
191	457
191	470
191	480
191	488
191	505
191	550
191	558
191	609
191	612
191	698
191	790
191	793
191	877
191	882
191	893
191	954
191	987
191	1010
191	1082
191	1087
191	1127
191	1150
191	1218
191	1364
191	1393
192	264
202	554
202	568
202	582
202	634
202	1164
202	1214
205	487
211	514
211	699
211	806
211	1309
212	298
212	413
212	685
212	1185
212	1331
213	347
213	450
213	474
213	1069
213	1302
214	312
214	401
214	653
214	737
214	757
214	793
214	857
214	870
214	900
214	917
214	1048
214	1139
214	1211
214	1315
214	1333
214	1361
214	1384
215	241
215	824
215	849
215	1136
215	1147
215	1197
215	1264
215	1291
215	1292
215	1295
215	1451
216	894
217	1193
220	720
220	1174
220	1232
225	271
227	639
227	1100
231	644
231	777
233	335
233	364
233	456
233	488
233	505
233	550
233	698
233	790
233	793
233	863
233	877
233	882
233	954
233	987
233	1010
233	1087
233	1094
233	1150
233	1219
233	1234
233	1378
233	1386
234	729
237	493
241	824
241	849
241	1136
241	1147
241	1197
241	1264
241	1291
241	1295
244	252
244	364
244	384
244	480
244	555
244	629
244	638
244	698
244	832
244	863
244	868
244	877
244	882
244	937
244	1040
244	1094
244	1103
244	1219
244	1290
244	1307
244	1333
244	1364
244	1382
247	616
249	747
252	364
252	384
252	550
252	629
252	638
252	797
252	863
252	868
252	1040
252	1094
252	1103
252	1290
252	1307
252	1382
252	1399
253	1099
257	859
257	1018
257	1302
263	885
264	1176
268	575
270	744
270	1136
270	1173
270	1292
270	1321
270	1398
270	1451
275	1126
277	1087
279	338
279	351
279	492
279	598
279	889
279	1394
286	854
286	864
288	391
288	548
288	760
288	941
288	1303
288	1390
288	1398
290	314
290	502
290	525
290	696
290	1264
293	473
293	1041
293	1299
298	413
298	685
298	1185
298	1331
299	533
299	637
305	697
306	1121
308	1251
310	1447
312	653
312	717
312	757
312	793
312	857
312	1139
312	1207
312	1361
312	1384
314	458
314	540
314	605
314	696
314	843
314	846
314	949
314	1036
314	1047
315	507
315	628
315	630
315	1198
315	1284
315	1342
317	578
317	963
317	1409
324	325
324	500
324	610
324	687
324	829
324	1142
324	1191
324	1202
324	1281
324	1334
324	1359
325	500
325	610
325	687
325	829
325	1142
325	1191
325	1202
325	1281
325	1334
325	1359
331	344
331	606
331	1425
333	411
333	740
333	1091
333	1145
333	1422
335	456
335	457
335	470
335	480
335	488
335	550
335	609
335	698
335	790
335	877
335	882
335	893
335	954
335	987
335	1010
335	1087
335	1127
335	1296
335	1364
335	1386
335	1393
338	351
338	492
338	598
338	889
338	1394
340	666
340	737
340	1048
340	1361
341	479
341	532
341	579
341	673
341	1210
341	1292
341	1295
341	1451
344	499
344	606
344	977
344	1093
344	1383
344	1425
347	450
347	474
347	1069
347	1302
348	1099
349	475
351	492
351	507
351	598
351	628
351	630
351	889
351	995
351	1394
353	1402
354	588
354	830
354	845
354	865
354	985
354	998
354	1034
354	1105
360	631
360	1161
364	384
364	470
364	480
364	629
364	638
364	698
364	793
364	797
364	863
364	868
364	877
364	882
364	917
364	937
364	1040
364	1087
364	1094
364	1103
364	1134
364	1290
364	1307
364	1333
364	1364
364	1378
364	1382
364	1386
364	1399
365	485
365	504
365	934
365	1177
365	1256
368	1449
369	468
369	1062
370	546
370	749
371	1243
372	640
372	1141
372	1401
373	409
373	778
373	1033
380	470
380	620
380	793
380	1010
380	1393
382	872
382	1221
384	447
384	470
384	550
384	555
384	596
384	620
384	629
384	638
384	797
384	832
384	863
384	868
384	877
384	937
384	950
384	970
384	1040
384	1094
384	1103
384	1134
384	1151
384	1206
384	1290
384	1307
384	1364
384	1378
384	1382
384	1393
384	1399
385	763
391	548
391	760
391	941
391	1099
391	1303
391	1390
397	500
397	1281
397	1359
398	704
400	683
401	653
401	666
401	737
401	757
401	857
401	870
401	900
401	917
401	926
401	1048
401	1139
401	1361
401	1384
401	1397
401	1434
405	436
405	1272
408	723
408	1038
409	514
409	790
409	987
409	1444
411	740
411	984
411	1145
411	1422
413	1185
424	492
425	871
427	1014
427	1428
429	467
429	676
429	1249
430	475
430	571
430	1238
431	697
436	1272
439	890
445	514
447	629
447	868
447	877
447	1094
447	1103
447	1399
448	559
449	514
449	806
449	912
450	474
450	1302
451	502
456	466
456	470
456	480
456	488
456	505
456	550
456	609
456	620
456	698
456	790
456	793
456	877
456	882
456	893
456	906
456	954
456	956
456	960
456	987
456	1010
456	1087
456	1127
456	1150
456	1218
456	1234
456	1378
456	1386
456	1393
457	466
457	488
457	512
457	550
457	558
457	808
457	882
457	1087
457	1127
457	1218
458	502
458	540
458	605
458	696
458	843
458	846
458	949
458	1036
458	1047
458	1197
466	488
466	609
466	1010
466	1087
466	1127
466	1218
467	676
467	975
467	1013
467	1066
467	1241
467	1249
467	1266
468	710
470	480
470	488
470	505
470	550
470	555
470	609
470	620
470	629
470	698
470	790
470	877
470	882
470	893
470	906
470	950
470	960
470	987
470	1010
470	1087
470	1103
470	1134
470	1139
470	1386
470	1393
470	1399
473	1041
473	1299
474	1069
474	1302
475	571
475	1174
475	1238
479	532
479	579
479	673
479	1210
479	1292
479	1295
479	1451
480	488
480	505
480	550
480	555
480	609
480	638
480	698
480	790
480	793
480	863
480	877
480	882
480	893
480	981
480	987
480	1007
480	1010
480	1087
480	1094
480	1139
480	1150
480	1219
480	1234
480	1290
480	1378
480	1386
480	1393
485	504
485	934
485	1177
485	1256
486	660
486	877
488	505
488	550
488	558
488	609
488	612
488	620
488	629
488	698
488	790
488	793
488	832
488	863
488	877
488	882
488	893
488	950
488	954
488	970
488	987
488	1010
488	1087
488	1127
488	1134
488	1150
488	1218
488	1333
488	1378
488	1386
488	1393
492	598
492	628
492	889
492	995
492	1032
492	1394
493	518
497	1339
499	977
499	1093
499	1425
500	610
500	687
500	795
500	829
500	1142
500	1191
500	1202
500	1281
500	1334
500	1359
502	696
502	843
504	934
504	1177
504	1256
505	550
505	609
505	612
505	698
505	790
505	797
505	877
505	882
505	954
505	970
505	1010
505	1087
505	1094
505	1127
505	1150
505	1218
505	1364
505	1378
505	1393
505	1399
507	628
507	630
507	1108
507	1198
507	1284
507	1342
509	653
509	900
514	688
514	806
514	912
529	877
529	1251
532	579
532	673
532	1210
532	1292
532	1295
532	1451
533	637
533	1415
535	1319
538	1262
539	1094
540	605
540	696
540	846
540	949
540	1036
540	1047
546	749
547	1333
548	760
548	941
548	1303
548	1390
550	609
550	612
550	698
550	790
550	793
550	863
550	877
550	882
550	893
550	906
550	954
550	960
550	981
550	987
550	1010
550	1087
550	1094
550	1127
550	1139
550	1150
550	1218
550	1288
550	1296
550	1364
550	1378
550	1386
550	1393
554	568
554	582
554	634
554	1164
554	1214
555	596
555	629
555	638
555	797
555	863
555	868
555	877
555	882
555	1040
555	1094
555	1103
555	1134
555	1151
555	1206
555	1290
555	1307
555	1364
555	1382
555	1393
555	1399
558	987
558	1218
568	582
568	634
568	1164
568	1214
571	742
571	1238
577	648
578	963
579	673
579	1210
579	1292
579	1295
579	1451
582	634
582	1164
582	1214
588	830
588	845
588	865
588	946
588	985
588	998
588	1105
596	797
596	1103
596	1134
596	1151
596	1206
596	1399
598	628
598	889
598	1394
601	1377
602	855
602	1003
605	696
605	747
605	846
605	949
605	1036
605	1047
606	1093
607	1100
608	632
608	732
609	698
609	790
609	877
609	893
609	954
609	987
609	1010
609	1087
609	1150
609	1218
609	1378
609	1386
609	1393
610	687
610	829
610	1142
610	1191
610	1202
610	1281
610	1334
610	1359
612	790
612	954
612	1082
612	1087
612	1150
612	1218
612	1288
616	1129
620	629
620	793
620	877
620	960
620	1094
620	1206
620	1378
620	1393
622	1300
628	630
628	1198
628	1284
628	1342
629	638
629	797
629	832
629	863
629	868
629	877
629	937
629	1040
629	1087
629	1094
629	1103
629	1134
629	1151
629	1219
629	1290
629	1307
629	1333
629	1364
629	1382
629	1399
630	1198
630	1284
630	1342
631	1161
631	1182
634	1164
634	1214
638	797
638	832
638	868
638	877
638	1040
638	1094
638	1103
638	1134
638	1290
638	1307
638	1364
638	1378
638	1382
638	1399
639	882
640	1141
640	1401
644	777
647	880
649	697
651	1292
651	1295
651	1398
651	1451
653	666
653	727
653	737
653	757
653	793
653	857
653	870
653	900
653	917
653	926
653	1048
653	1122
653	1139
653	1361
653	1384
653	1434
666	737
666	757
666	870
666	900
666	917
666	1048
666	1361
666	1384
666	1434
673	1210
673	1292
673	1295
673	1451
676	816
676	975
676	1013
676	1066
676	1241
676	1249
676	1266
681	1142
685	1185
685	1331
687	829
687	1142
687	1191
687	1202
687	1281
687	1334
687	1359
691	838
691	1269
693	853
694	723
696	843
696	846
696	949
696	1036
696	1047
698	790
698	793
698	877
698	882
698	893
698	917
698	954
698	987
698	999
698	1010
698	1087
698	1094
698	1127
698	1139
698	1150
698	1219
698	1234
698	1290
698	1364
698	1378
698	1393
699	1309
708	787
717	1094
720	1232
722	1255
726	1074
727	737
727	900
727	926
727	1048
728	1002
732	790
736	951
736	1312
737	757
737	870
737	900
737	917
737	926
737	1048
737	1139
737	1333
737	1361
737	1384
737	1434
740	984
740	1145
740	1422
742	1238
744	1136
744	1173
744	1292
744	1321
744	1398
744	1451
747	1036
747	1335
751	776
751	1349
757	790
757	793
757	857
757	870
757	900
757	917
757	926
757	1048
757	1122
757	1139
757	1211
757	1315
757	1333
757	1361
757	1384
757	1397
757	1434
760	941
760	1099
760	1303
760	1390
774	1178
776	1349
780	1422
790	793
790	877
790	882
790	893
790	917
790	954
790	987
790	1010
790	1048
790	1082
790	1087
790	1127
790	1139
790	1150
790	1218
790	1364
790	1386
790	1397
792	1248
793	877
793	882
793	906
793	917
793	960
793	987
793	1007
793	1010
793	1048
793	1087
793	1094
793	1139
793	1150
793	1234
793	1333
793	1364
793	1378
793	1384
793	1386
795	1334
795	1359
797	863
797	868
797	877
797	970
797	1040
797	1094
797	1103
797	1134
797	1151
797	1206
797	1290
797	1307
797	1364
797	1378
797	1382
797	1393
797	1399
806	1033
813	1152
816	996
816	1249
819	1025
819	1423
824	849
824	1136
824	1147
824	1197
824	1264
824	1291
824	1295
824	1451
826	876
829	1142
829	1191
829	1202
829	1281
829	1334
829	1359
830	845
830	865
830	946
830	985
830	998
830	1034
830	1105
832	863
832	868
832	877
832	882
832	916
832	937
832	1040
832	1094
832	1103
832	1290
832	1307
832	1364
832	1382
838	1269
843	1036
843	1047
844	897
844	1041
844	1429
845	865
845	946
845	985
845	998
845	1034
845	1105
846	949
846	1036
846	1047
849	1136
849	1147
849	1197
849	1264
849	1291
849	1292
849	1295
849	1451
851	951
855	1003
857	870
857	900
857	917
857	1048
857	1139
857	1361
859	1018
863	868
863	877
863	882
863	937
863	1094
863	1103
863	1134
863	1206
863	1290
863	1364
863	1378
863	1399
865	946
865	985
865	998
865	1034
865	1105
868	877
868	937
868	1040
868	1094
868	1103
868	1134
868	1290
868	1307
868	1364
868	1378
868	1382
868	1399
869	1250
870	900
870	917
870	926
870	1048
870	1139
870	1361
870	1384
870	1434
872	1221
877	882
877	893
877	916
877	981
877	987
877	1010
877	1087
877	1094
877	1103
877	1139
877	1150
877	1219
877	1234
877	1290
877	1307
877	1333
877	1364
877	1378
877	1382
877	1386
877	1393
877	1399
882	893
882	916
882	954
882	981
882	1010
882	1087
882	1094
882	1103
882	1127
882	1139
882	1150
882	1218
882	1219
882	1234
882	1290
882	1364
882	1378
882	1386
889	1394
892	950
892	1206
893	906
893	912
893	954
893	987
893	1010
893	1087
893	1127
893	1139
893	1150
893	1296
893	1378
893	1386
893	1393
895	1004
897	1041
897	1429
900	917
900	926
900	1048
900	1139
900	1333
900	1361
900	1384
900	1397
900	1432
900	1434
906	1010
906	1087
906	1378
906	1393
912	1033
916	1219
916	1364
917	926
917	1048
917	1094
917	1122
917	1139
917	1315
917	1333
917	1361
917	1384
917	1434
926	1048
926	1122
926	1139
926	1361
926	1384
926	1434
931	1126
933	1127
934	1177
934	1256
937	1040
937	1094
937	1103
937	1290
937	1333
937	1382
939	954
941	1303
941	1390
942	1301
946	985
946	998
946	1034
946	1105
949	1036
949	1047
950	1206
950	1393
954	987
954	1010
954	1087
954	1139
954	1150
954	1386
954	1393
960	999
960	1238
960	1252
960	1393
970	987
975	1241
975	1249
975	1266
977	1383
977	1422
977	1425
979	1050
981	1007
981	1094
981	1150
981	1364
981	1378
985	998
985	1034
985	1105
987	1010
987	1087
987	1127
987	1150
987	1218
987	1378
987	1386
994	1203
995	1032
998	1034
998	1105
998	1149
1001	1193
1007	1238
1007	1378
1010	1087
1010	1094
1010	1127
1010	1139
1010	1150
1010	1218
1010	1234
1010	1333
1010	1378
1010	1386
1010	1393
1013	1221
1013	1241
1013	1249
1013	1266
1014	1428
1021	1338
1025	1423
1034	1105
1036	1047
1036	1335
1040	1094
1040	1103
1040	1134
1040	1290
1040	1307
1040	1382
1040	1399
1041	1299
1043	1090
1043	1196
1043	1209
1043	1367
1043	1401
1048	1122
1048	1139
1048	1333
1048	1361
1048	1384
1048	1397
1048	1434
1066	1249
1069	1302
1082	1150
1087	1094
1087	1103
1087	1127
1087	1150
1087	1218
1087	1219
1087	1290
1087	1296
1087	1364
1087	1378
1087	1386
1087	1393
1090	1196
1090	1209
1090	1367
1091	1145
1091	1422
1093	1282
1093	1383
1093	1422
1093	1425
1094	1103
1094	1134
1094	1139
1094	1219
1094	1234
1094	1290
1094	1307
1094	1333
1094	1364
1094	1378
1094	1382
1094	1386
1094	1399
1103	1134
1103	1151
1103	1206
1103	1219
1103	1290
1103	1307
1103	1364
1103	1382
1103	1393
1103	1399
1114	1449
1122	1361
1122	1434
1127	1150
1127	1218
1127	1369
1127	1416
1134	1151
1134	1290
1134	1307
1134	1382
1134	1399
1136	1147
1136	1173
1136	1197
1136	1264
1136	1291
1136	1292
1136	1295
1136	1321
1136	1398
1136	1451
1139	1150
1139	1315
1139	1333
1139	1361
1139	1378
1139	1384
1139	1434
1141	1401
1142	1191
1142	1281
1142	1334
1142	1359
1145	1422
1147	1197
1147	1264
1147	1291
1147	1292
1147	1295
1147	1451
1150	1218
1150	1364
1150	1378
1151	1206
1151	1399
1161	1182
1164	1214
1173	1292
1173	1295
1173	1321
1173	1398
1173	1451
1177	1256
1180	1445
1185	1331
1187	1231
1187	1274
1187	1294
1191	1202
1191	1281
1191	1334
1191	1359
1196	1209
1196	1367
1196	1401
1197	1264
1197	1291
1197	1292
1197	1295
1197	1451
1198	1284
1198	1342
1202	1281
1202	1359
1203	1235
1206	1364
1206	1393
1206	1399
1208	1340
1209	1367
1209	1401
1210	1292
1210	1295
1210	1451
1211	1384
1219	1290
1219	1307
1219	1333
1219	1364
1219	1378
1227	1433
1231	1274
1231	1294
1234	1290
1234	1378
1238	1308
1241	1249
1241	1266
1264	1291
1264	1292
1264	1295
1264	1451
1281	1334
1281	1359
1282	1383
1284	1342
1290	1307
1290	1364
1290	1382
1290	1399
1291	1292
1291	1295
1291	1451
1292	1295
1292	1321
1292	1398
1292	1451
1295	1321
1295	1398
1295	1451
1303	1390
1307	1364
1307	1378
1307	1382
1315	1361
1315	1434
1321	1398
1321	1451
1333	1361
1333	1364
1333	1384
1333	1397
1334	1359
1340	1385
1361	1384
1361	1397
1361	1434
1364	1378
1364	1382
1364	1393
1364	1399
1367	1401
1378	1382
1378	1386
1382	1399
1383	1422
1383	1425
1384	1432
1384	1434
1393	1399
1398	1451
1422	1425
538	0
1262	0
967	1
608	2
632	2
1347	2
895	4
1021	10
1338	10
80	11
88	11
624	11
820	11
631	13
1161	13
1182	13
708	15
787	15
844	18
897	18
1041	18
1285	18
1429	18
99	24
647	24
880	24
1001	25
1193	25
550	27
790	27
981	27
1007	27
1010	27
1087	27
1378	27
1007	28
107	32
1248	32
133	33
142	33
157	36
333	36
411	36
740	36
984	36
1091	36
1145	36
1422	36
807	38
1155	43
62	46
63	46
70	46
131	46
135	46
144	46
169	46
190	46
191	46
214	46
456	46
480	46
488	46
505	46
539	46
550	46
609	46
612	46
757	46
790	46
793	46
870	46
877	46
882	46
893	46
900	46
917	46
954	46
987	46
1010	46
1048	46
1087	46
1094	46
1127	46
1139	46
1150	46
1333	46
1361	46
1364	46
1378	46
1094	50
1380	50
93	51
113	51
324	51
325	51
500	51
610	51
687	51
829	51
1142	51
1191	51
1202	51
1281	51
1334	51
1359	51
373	60
409	60
778	60
514	61
789	61
63	62
101	62
144	62
190	62
191	62
233	62
335	62
364	62
456	62
470	62
488	62
505	62
550	62
609	62
698	62
790	62
793	62
863	62
877	62
882	62
893	62
987	62
1010	62
1087	62
1094	62
1127	62
1139	62
1150	62
1234	62
1333	62
1378	62
1386	62
1393	62
135	63
144	63
169	63
191	63
214	63
233	63
312	63
391	63
456	63
470	63
480	63
550	63
609	63
698	63
790	63
793	63
877	63
882	63
893	63
954	63
960	63
987	63
1010	63
1087	63
1094	63
1127	63
1139	63
1150	63
1207	63
1333	63
1364	63
1378	63
1384	63
1089	67
1425	68
253	70
348	70
391	70
760	70
1099	70
1390	70
279	71
338	71
351	71
492	71
598	71
889	71
995	71
1394	71
456	72
620	72
893	72
954	72
1043	75
1090	75
1196	75
1209	75
1367	75
1401	75
190	78
317	79
88	80
979	80
1050	80
154	83
354	83
588	83
830	83
845	83
865	83
985	83
998	83
1034	83
1105	83
535	87
820	88
113	93
324	93
325	93
397	93
500	93
610	93
687	93
795	93
829	93
1142	93
1191	93
1202	93
1281	93
1334	93
1359	93
216	96
894	96
1395	96
880	99
144	101
190	101
191	101
456	101
457	101
466	101
470	101
488	101
505	101
550	101
609	101
790	101
987	101
1087	101
1127	101
1150	101
792	107
1248	107
149	111
314	111
451	111
458	111
502	111
696	111
843	111
846	111
1047	111
1291	111
324	113
325	113
500	113
610	113
687	113
795	113
829	113
1142	113
1191	113
1202	113
1281	113
1334	113
1359	113
315	114
351	114
507	114
628	114
630	114
1198	114
1284	114
1342	114
583	118
985	123
1034	123
1105	123
601	124
1377	124
367	129
169	131
191	131
475	131
571	131
793	131
1007	131
1082	131
1094	131
1238	131
1364	131
142	133
169	135
214	135
229	135
312	135
401	135
653	135
757	135
793	135
870	135
917	135
1094	135
1139	135
1384	135
1001	143
1193	143
169	144
190	144
191	144
214	144
335	144
456	144
470	144
480	144
488	144
505	144
550	144
609	144
612	144
698	144
790	144
877	144
882	144
893	144
906	144
954	144
987	144
1010	144
1087	144
1127	144
1139	144
1150	144
1296	144
1393	144
202	146
554	146
568	146
582	146
634	146
1164	146
1214	146
314	149
458	149
540	149
605	149
696	149
846	149
949	149
1036	149
1047	149
169	150
214	150
401	150
653	150
666	150
727	150
737	150
757	150
793	150
857	150
870	150
900	150
917	150
926	150
1048	150
1122	150
1139	150
1361	150
1384	150
1397	150
1434	150
476	153
354	154
588	154
830	154
845	154
865	154
946	154
985	154
998	154
1034	154
1105	154
333	157
411	157
740	157
984	157
1091	157
1145	157
1422	157
979	160
1329	160
435	165
190	169
191	169
214	169
244	169
312	169
364	169
401	169
470	169
550	169
653	169
698	169
717	169
737	169
757	169
793	169
857	169
868	169
870	169
877	169
882	169
893	169
900	169
917	169
926	169
1010	169
1048	169
1094	169
1099	169
1139	169
1290	169
1315	169
1333	169
1361	169
1364	169
1378	169
1384	169
1434	169
622	173
1378	173
902	176
718	184
335	189
191	190
233	190
335	190
380	190
456	190
457	190
466	190
470	190
480	190
488	190
505	190
550	190
555	190
609	190
620	190
698	190
790	190
793	190
832	190
877	190
882	190
893	190
954	190
987	190
1010	190
1087	190
1094	190
1127	190
1134	190
1150	190
1219	190
1234	190
1296	190
1307	190
1378	190
1386	190
1393	190
335	191
456	191
457	191
470	191
480	191
488	191
505	191
550	191
558	191
609	191
612	191
698	191
790	191
793	191
877	191
882	191
893	191
954	191
987	191
1010	191
1082	191
1087	191
1127	191
1150	191
1218	191
1364	191
1393	191
264	192
554	202
568	202
582	202
634	202
1164	202
1214	202
487	205
514	211
699	211
806	211
1309	211
298	212
413	212
685	212
1185	212
1331	212
347	213
450	213
474	213
1069	213
1302	213
312	214
401	214
653	214
737	214
757	214
793	214
857	214
870	214
900	214
917	214
1048	214
1139	214
1211	214
1315	214
1333	214
1361	214
1384	214
241	215
824	215
849	215
1136	215
1147	215
1197	215
1264	215
1291	215
1292	215
1295	215
1451	215
894	216
1193	217
720	220
1174	220
1232	220
271	225
639	227
1100	227
644	231
777	231
335	233
364	233
456	233
488	233
505	233
550	233
698	233
790	233
793	233
863	233
877	233
882	233
954	233
987	233
1010	233
1087	233
1094	233
1150	233
1219	233
1234	233
1378	233
1386	233
729	234
493	237
824	241
849	241
1136	241
1147	241
1197	241
1264	241
1291	241
1295	241
252	244
364	244
384	244
480	244
555	244
629	244
638	244
698	244
832	244
863	244
868	244
877	244
882	244
937	244
1040	244
1094	244
1103	244
1219	244
1290	244
1307	244
1333	244
1364	244
1382	244
616	247
747	249
364	252
384	252
550	252
629	252
638	252
797	252
863	252
868	252
1040	252
1094	252
1103	252
1290	252
1307	252
1382	252
1399	252
1099	253
859	257
1018	257
1302	257
885	263
1176	264
575	268
744	270
1136	270
1173	270
1292	270
1321	270
1398	270
1451	270
1126	275
1087	277
338	279
351	279
492	279
598	279
889	279
1394	279
854	286
864	286
391	288
548	288
760	288
941	288
1303	288
1390	288
1398	288
314	290
502	290
525	290
696	290
1264	290
473	293
1041	293
1299	293
413	298
685	298
1185	298
1331	298
533	299
637	299
697	305
1121	306
1251	308
1447	310
653	312
717	312
757	312
793	312
857	312
1139	312
1207	312
1361	312
1384	312
458	314
540	314
605	314
696	314
843	314
846	314
949	314
1036	314
1047	314
507	315
628	315
630	315
1198	315
1284	315
1342	315
578	317
963	317
1409	317
325	324
500	324
610	324
687	324
829	324
1142	324
1191	324
1202	324
1281	324
1334	324
1359	324
500	325
610	325
687	325
829	325
1142	325
1191	325
1202	325
1281	325
1334	325
1359	325
344	331
606	331
1425	331
411	333
740	333
1091	333
1145	333
1422	333
456	335
457	335
470	335
480	335
488	335
550	335
609	335
698	335
790	335
877	335
882	335
893	335
954	335
987	335
1010	335
1087	335
1127	335
1296	335
1364	335
1386	335
1393	335
351	338
492	338
598	338
889	338
1394	338
666	340
737	340
1048	340
1361	340
479	341
532	341
579	341
673	341
1210	341
1292	341
1295	341
1451	341
499	344
606	344
977	344
1093	344
1383	344
1425	344
450	347
474	347
1069	347
1302	347
1099	348
475	349
492	351
507	351
598	351
628	351
630	351
889	351
995	351
1394	351
1402	353
588	354
830	354
845	354
865	354
985	354
998	354
1034	354
1105	354
631	360
1161	360
384	364
470	364
480	364
629	364
638	364
698	364
793	364
797	364
863	364
868	364
877	364
882	364
917	364
937	364
1040	364
1087	364
1094	364
1103	364
1134	364
1290	364
1307	364
1333	364
1364	364
1378	364
1382	364
1386	364
1399	364
485	365
504	365
934	365
1177	365
1256	365
1449	368
468	369
1062	369
546	370
749	370
1243	371
640	372
1141	372
1401	372
409	373
778	373
1033	373
470	380
620	380
793	380
1010	380
1393	380
872	382
1221	382
447	384
470	384
550	384
555	384
596	384
620	384
629	384
638	384
797	384
832	384
863	384
868	384
877	384
937	384
950	384
970	384
1040	384
1094	384
1103	384
1134	384
1151	384
1206	384
1290	384
1307	384
1364	384
1378	384
1382	384
1393	384
1399	384
763	385
548	391
760	391
941	391
1099	391
1303	391
1390	391
500	397
1281	397
1359	397
704	398
683	400
653	401
666	401
737	401
757	401
857	401
870	401
900	401
917	401
926	401
1048	401
1139	401
1361	401
1384	401
1397	401
1434	401
436	405
1272	405
723	408
1038	408
514	409
790	409
987	409
1444	409
740	411
984	411
1145	411
1422	411
1185	413
492	424
871	425
1014	427
1428	427
467	429
676	429
1249	429
475	430
571	430
1238	430
697	431
1272	436
890	439
514	445
629	447
868	447
877	447
1094	447
1103	447
1399	447
559	448
514	449
806	449
912	449
474	450
1302	450
502	451
466	456
470	456
480	456
488	456
505	456
550	456
609	456
620	456
698	456
790	456
793	456
877	456
882	456
893	456
906	456
954	456
956	456
960	456
987	456
1010	456
1087	456
1127	456
1150	456
1218	456
1234	456
1378	456
1386	456
1393	456
466	457
488	457
512	457
550	457
558	457
808	457
882	457
1087	457
1127	457
1218	457
502	458
540	458
605	458
696	458
843	458
846	458
949	458
1036	458
1047	458
1197	458
488	466
609	466
1010	466
1087	466
1127	466
1218	466
676	467
975	467
1013	467
1066	467
1241	467
1249	467
1266	467
710	468
480	470
488	470
505	470
550	470
555	470
609	470
620	470
629	470
698	470
790	470
877	470
882	470
893	470
906	470
950	470
960	470
987	470
1010	470
1087	470
1103	470
1134	470
1139	470
1386	470
1393	470
1399	470
1041	473
1299	473
1069	474
1302	474
571	475
1174	475
1238	475
532	479
579	479
673	479
1210	479
1292	479
1295	479
1451	479
488	480
505	480
550	480
555	480
609	480
638	480
698	480
790	480
793	480
863	480
877	480
882	480
893	480
981	480
987	480
1007	480
1010	480
1087	480
1094	480
1139	480
1150	480
1219	480
1234	480
1290	480
1378	480
1386	480
1393	480
504	485
934	485
1177	485
1256	485
660	486
877	486
505	488
550	488
558	488
609	488
612	488
620	488
629	488
698	488
790	488
793	488
832	488
863	488
877	488
882	488
893	488
950	488
954	488
970	488
987	488
1010	488
1087	488
1127	488
1134	488
1150	488
1218	488
1333	488
1378	488
1386	488
1393	488
598	492
628	492
889	492
995	492
1032	492
1394	492
518	493
1339	497
977	499
1093	499
1425	499
610	500
687	500
795	500
829	500
1142	500
1191	500
1202	500
1281	500
1334	500
1359	500
696	502
843	502
934	504
1177	504
1256	504
550	505
609	505
612	505
698	505
790	505
797	505
877	505
882	505
954	505
970	505
1010	505
1087	505
1094	505
1127	505
1150	505
1218	505
1364	505
1378	505
1393	505
1399	505
628	507
630	507
1108	507
1198	507
1284	507
1342	507
653	509
900	509
688	514
806	514
912	514
877	529
1251	529
579	532
673	532
1210	532
1292	532
1295	532
1451	532
637	533
1415	533
1319	535
1262	538
1094	539
605	540
696	540
846	540
949	540
1036	540
1047	540
749	546
1333	547
760	548
941	548
1303	548
1390	548
609	550
612	550
698	550
790	550
793	550
863	550
877	550
882	550
893	550
906	550
954	550
960	550
981	550
987	550
1010	550
1087	550
1094	550
1127	550
1139	550
1150	550
1218	550
1288	550
1296	550
1364	550
1378	550
1386	550
1393	550
568	554
582	554
634	554
1164	554
1214	554
596	555
629	555
638	555
797	555
863	555
868	555
877	555
882	555
1040	555
1094	555
1103	555
1134	555
1151	555
1206	555
1290	555
1307	555
1364	555
1382	555
1393	555
1399	555
987	558
1218	558
582	568
634	568
1164	568
1214	568
742	571
1238	571
648	577
963	578
673	579
1210	579
1292	579
1295	579
1451	579
634	582
1164	582
1214	582
830	588
845	588
865	588
946	588
985	588
998	588
1105	588
797	596
1103	596
1134	596
1151	596
1206	596
1399	596
628	598
889	598
1394	598
1377	601
855	602
1003	602
696	605
747	605
846	605
949	605
1036	605
1047	605
1093	606
1100	607
632	608
732	608
698	609
790	609
877	609
893	609
954	609
987	609
1010	609
1087	609
1150	609
1218	609
1378	609
1386	609
1393	609
687	610
829	610
1142	610
1191	610
1202	610
1281	610
1334	610
1359	610
790	612
954	612
1082	612
1087	612
1150	612
1218	612
1288	612
1129	616
629	620
793	620
877	620
960	620
1094	620
1206	620
1378	620
1393	620
1300	622
630	628
1198	628
1284	628
1342	628
638	629
797	629
832	629
863	629
868	629
877	629
937	629
1040	629
1087	629
1094	629
1103	629
1134	629
1151	629
1219	629
1290	629
1307	629
1333	629
1364	629
1382	629
1399	629
1198	630
1284	630
1342	630
1161	631
1182	631
1164	634
1214	634
797	638
832	638
868	638
877	638
1040	638
1094	638
1103	638
1134	638
1290	638
1307	638
1364	638
1378	638
1382	638
1399	638
882	639
1141	640
1401	640
777	644
880	647
697	649
1292	651
1295	651
1398	651
1451	651
666	653
727	653
737	653
757	653
793	653
857	653
870	653
900	653
917	653
926	653
1048	653
1122	653
1139	653
1361	653
1384	653
1434	653
737	666
757	666
870	666
900	666
917	666
1048	666
1361	666
1384	666
1434	666
1210	673
1292	673
1295	673
1451	673
816	676
975	676
1013	676
1066	676
1241	676
1249	676
1266	676
1142	681
1185	685
1331	685
829	687
1142	687
1191	687
1202	687
1281	687
1334	687
1359	687
838	691
1269	691
853	693
723	694
843	696
846	696
949	696
1036	696
1047	696
790	698
793	698
877	698
882	698
893	698
917	698
954	698
987	698
999	698
1010	698
1087	698
1094	698
1127	698
1139	698
1150	698
1219	698
1234	698
1290	698
1364	698
1378	698
1393	698
1309	699
787	708
1094	717
1232	720
1255	722
1074	726
737	727
900	727
926	727
1048	727
1002	728
790	732
951	736
1312	736
757	737
870	737
900	737
917	737
926	737
1048	737
1139	737
1333	737
1361	737
1384	737
1434	737
984	740
1145	740
1422	740
1238	742
1136	744
1173	744
1292	744
1321	744
1398	744
1451	744
1036	747
1335	747
776	751
1349	751
790	757
793	757
857	757
870	757
900	757
917	757
926	757
1048	757
1122	757
1139	757
1211	757
1315	757
1333	757
1361	757
1384	757
1397	757
1434	757
941	760
1099	760
1303	760
1390	760
1178	774
1349	776
1422	780
793	790
877	790
882	790
893	790
917	790
954	790
987	790
1010	790
1048	790
1082	790
1087	790
1127	790
1139	790
1150	790
1218	790
1364	790
1386	790
1397	790
1248	792
877	793
882	793
906	793
917	793
960	793
987	793
1007	793
1010	793
1048	793
1087	793
1094	793
1139	793
1150	793
1234	793
1333	793
1364	793
1378	793
1384	793
1386	793
1334	795
1359	795
863	797
868	797
877	797
970	797
1040	797
1094	797
1103	797
1134	797
1151	797
1206	797
1290	797
1307	797
1364	797
1378	797
1382	797
1393	797
1399	797
1033	806
1152	813
996	816
1249	816
1025	819
1423	819
849	824
1136	824
1147	824
1197	824
1264	824
1291	824
1295	824
1451	824
876	826
1142	829
1191	829
1202	829
1281	829
1334	829
1359	829
845	830
865	830
946	830
985	830
998	830
1034	830
1105	830
863	832
868	832
877	832
882	832
916	832
937	832
1040	832
1094	832
1103	832
1290	832
1307	832
1364	832
1382	832
1269	838
1036	843
1047	843
897	844
1041	844
1429	844
865	845
946	845
985	845
998	845
1034	845
1105	845
949	846
1036	846
1047	846
1136	849
1147	849
1197	849
1264	849
1291	849
1292	849
1295	849
1451	849
951	851
1003	855
870	857
900	857
917	857
1048	857
1139	857
1361	857
1018	859
868	863
877	863
882	863
937	863
1094	863
1103	863
1134	863
1206	863
1290	863
1364	863
1378	863
1399	863
946	865
985	865
998	865
1034	865
1105	865
877	868
937	868
1040	868
1094	868
1103	868
1134	868
1290	868
1307	868
1364	868
1378	868
1382	868
1399	868
1250	869
900	870
917	870
926	870
1048	870
1139	870
1361	870
1384	870
1434	870
1221	872
882	877
893	877
916	877
981	877
987	877
1010	877
1087	877
1094	877
1103	877
1139	877
1150	877
1219	877
1234	877
1290	877
1307	877
1333	877
1364	877
1378	877
1382	877
1386	877
1393	877
1399	877
893	882
916	882
954	882
981	882
1010	882
1087	882
1094	882
1103	882
1127	882
1139	882
1150	882
1218	882
1219	882
1234	882
1290	882
1364	882
1378	882
1386	882
1394	889
950	892
1206	892
906	893
912	893
954	893
987	893
1010	893
1087	893
1127	893
1139	893
1150	893
1296	893
1378	893
1386	893
1393	893
1004	895
1041	897
1429	897
917	900
926	900
1048	900
1139	900
1333	900
1361	900
1384	900
1397	900
1432	900
1434	900
1010	906
1087	906
1378	906
1393	906
1033	912
1219	916
1364	916
926	917
1048	917
1094	917
1122	917
1139	917
1315	917
1333	917
1361	917
1384	917
1434	917
1048	926
1122	926
1139	926
1361	926
1384	926
1434	926
1126	931
1127	933
1177	934
1256	934
1040	937
1094	937
1103	937
1290	937
1333	937
1382	937
954	939
1303	941
1390	941
1301	942
985	946
998	946
1034	946
1105	946
1036	949
1047	949
1206	950
1393	950
987	954
1010	954
1087	954
1139	954
1150	954
1386	954
1393	954
999	960
1238	960
1252	960
1393	960
987	970
1241	975
1249	975
1266	975
1383	977
1422	977
1425	977
1050	979
1007	981
1094	981
1150	981
1364	981
1378	981
998	985
1034	985
1105	985
1010	987
1087	987
1127	987
1150	987
1218	987
1378	987
1386	987
1203	994
1032	995
1034	998
1105	998
1149	998
1193	1001
1238	1007
1378	1007
1087	1010
1094	1010
1127	1010
1139	1010
1150	1010
1218	1010
1234	1010
1333	1010
1378	1010
1386	1010
1393	1010
1221	1013
1241	1013
1249	1013
1266	1013
1428	1014
1338	1021
1423	1025
1105	1034
1047	1036
1335	1036
1094	1040
1103	1040
1134	1040
1290	1040
1307	1040
1382	1040
1399	1040
1299	1041
1090	1043
1196	1043
1209	1043
1367	1043
1401	1043
1122	1048
1139	1048
1333	1048
1361	1048
1384	1048
1397	1048
1434	1048
1249	1066
1302	1069
1150	1082
1094	1087
1103	1087
1127	1087
1150	1087
1218	1087
1219	1087
1290	1087
1296	1087
1364	1087
1378	1087
1386	1087
1393	1087
1196	1090
1209	1090
1367	1090
1145	1091
1422	1091
1282	1093
1383	1093
1422	1093
1425	1093
1103	1094
1134	1094
1139	1094
1219	1094
1234	1094
1290	1094
1307	1094
1333	1094
1364	1094
1378	1094
1382	1094
1386	1094
1399	1094
1134	1103
1151	1103
1206	1103
1219	1103
1290	1103
1307	1103
1364	1103
1382	1103
1393	1103
1399	1103
1449	1114
1361	1122
1434	1122
1150	1127
1218	1127
1369	1127
1416	1127
1151	1134
1290	1134
1307	1134
1382	1134
1399	1134
1147	1136
1173	1136
1197	1136
1264	1136
1291	1136
1292	1136
1295	1136
1321	1136
1398	1136
1451	1136
1150	1139
1315	1139
1333	1139
1361	1139
1378	1139
1384	1139
1434	1139
1401	1141
1191	1142
1281	1142
1334	1142
1359	1142
1422	1145
1197	1147
1264	1147
1291	1147
1292	1147
1295	1147
1451	1147
1218	1150
1364	1150
1378	1150
1206	1151
1399	1151
1182	1161
1214	1164
1292	1173
1295	1173
1321	1173
1398	1173
1451	1173
1256	1177
1445	1180
1331	1185
1231	1187
1274	1187
1294	1187
1202	1191
1281	1191
1334	1191
1359	1191
1209	1196
1367	1196
1401	1196
1264	1197
1291	1197
1292	1197
1295	1197
1451	1197
1284	1198
1342	1198
1281	1202
1359	1202
1235	1203
1364	1206
1393	1206
1399	1206
1340	1208
1367	1209
1401	1209
1292	1210
1295	1210
1451	1210
1384	1211
1290	1219
1307	1219
1333	1219
1364	1219
1378	1219
1433	1227
1274	1231
1294	1231
1290	1234
1378	1234
1308	1238
1249	1241
1266	1241
1291	1264
1292	1264
1295	1264
1451	1264
1334	1281
1359	1281
1383	1282
1342	1284
1307	1290
1364	1290
1382	1290
1399	1290
1292	1291
1295	1291
1451	1291
1295	1292
1321	1292
1398	1292
1451	1292
1321	1295
1398	1295
1451	1295
1390	1303
1364	1307
1378	1307
1382	1307
1361	1315
1434	1315
1398	1321
1451	1321
1361	1333
1364	1333
1384	1333
1397	1333
1359	1334
1385	1340
1384	1361
1397	1361
1434	1361
1378	1364
1382	1364
1393	1364
1399	1364
1401	1367
1382	1378
1386	1378
1399	1382
1422	1383
1425	1383
1432	1384
1434	1384
1399	1393
1451	1398
1425	1422
