3227	2265
3519	387
3519	2519
1891	2853
2537	3882
2537	3866
2537	248
3238	1497
2841	4381
2841	3400
2972	3557
2972	4267
2972	2362
2972	3230
2972	2939
1035	652
1035	4253
1035	4303
1035	1106
1035	1336
1035	831
1035	3831
1035	926
3399	659
3399	2796
3399	2903
3399	988
3399	4396
3399	1963
278	3220
460	396
459	1355
459	492
2913	3907
2823	2462
2823	3643
2823	3230
2823	974
2823	2276
2823	1963
3252	3517
659	2265
659	1022
659	503
659	3554
659	3274
659	3806
3816	2027
3816	3478
1764	2471
329	242
329	1728
329	4033
1094	2965
3541	786
3541	2471
3541	1386
3541	1963
786	1386
3297	4228
3297	1663
3297	2958
3297	4169
3297	1343
3297	1358
4228	3229
1990	135
105	3501
4343	1831
4343	1392
3484	2189
3484	814
3484	266
3484	1693
3484	4123
3484	819
3484	3261
3484	4100
3484	990
3484	83
3484	3596
3484	3434
3484	2311
3484	1869
2232	599
4454	3489
4454	1357
4454	4256
4454	4425
4454	2503
4454	1967
3024	3693
3024	544
1481	3230
3693	544
3693	1554
3679	528
3679	2426
3764	990
3764	3554
828	3219
3431	1774
793	1921
793	1378
793	1017
793	1441
360	4396
360	1135
360	3874
360	4229
1965	769
1965	3291
544	3616
544	322
544	3476
544	3229
544	1417
544	3975
544	2549
544	3264
544	13
544	730
544	840
544	808
544	3554
544	2609
4458	3416
599	1898
599	922
599	3165
599	4351
599	1957
599	3561
599	3813
599	2500
599	2141
599	615
599	1996
2261	1729
2261	3321
2261	3275
2261	834
3423	518
3423	401
3423	3609
939	4169
939	1473
4107	1497
4107	1995
4357	1536
261	4206
1376	3595
1376	3137
3580	135
3580	62
3580	3153
3580	1340
2305	2965
2305	152
2965	152
2965	2429
2965	2111
2965	2007
2965	2498
2965	1957
2965	2206
2965	2252
2965	2062
2965	3292
2965	2548
2965	2294
2965	1703
2965	584
2965	1441
2965	3136
2965	4446
2965	2127
2965	4381
2965	3464
2965	716
2965	2515
2965	73
2965	937
2965	1033
2965	1039
2965	1392
2965	1683
2965	1708
2965	1966
2965	1967
2965	3612
2965	2047
2965	2067
2965	3291
2965	2225
2965	2399
2965	2444
2965	3086
2965	3151
2965	3283
2965	3284
2965	3731
2965	4401
4323	152
4323	2429
980	3152
980	152
980	2429
980	4176
980	0
3152	152
3152	2429
3152	0
152	2429
152	4176
152	0
152	662
152	1
152	940
2429	4176
2429	0
2429	662
2429	1
2429	3084
2429	940
4176	0
4176	4267
4176	3385
3608	895
135	2810
3489	1177
3489	2426
3489	534
3489	2503
3489	1967
3489	306
2111	1505
208	143
208	2336
2189	814
2189	4448
2189	2936
2189	3211
2189	80
2189	3975
2189	2549
2189	3264
2189	158
2189	1620
2189	622
2189	2148
320	37
320	3975
320	2311
4204	806
4204	3376
2375	1381
2375	3040
773	2943
773	3445
773	4344
773	111
773	796
773	3561
773	195
773	3084
2357	2958
151	695
1396	3554
1396	532
3616	722
3616	3211
3616	2549
3616	3264
3616	3934
3587	1264
2943	51
3445	3847
2707	630
4179	2265
4179	3074
4179	4437
396	440
396	2755
396	2426
396	4425
396	534
396	16
396	2503
396	306
4435	1537
4435	990
4435	83
4435	1869
883	2007
3685	503
2796	1896
2796	814
2796	829
2796	863
2796	80
2796	1126
2796	561
2796	2445
2796	3497
2796	1669
2796	1067
2796	4334
2796	1311
2796	2148
477	1145
477	573
3014	3220
3014	178
3621	2903
3630	652
3630	4371
3630	4381
1334	4360
4200	1126
4200	1693
4200	3351
4200	3554
4200	1317
3075	4267
3075	2149
3075	2994
3075	1598
3075	3230
3075	1963
3075	4229
4250	4257
4250	3175
4250	1022
4250	3554
4250	3274
2381	936
2381	2522
1725	564
1725	3806
2606	4381
2462	814
2462	600
2462	863
2462	3322
2462	1121
2462	1505
2462	1881
4341	3967
4341	1079
4341	4144
4341	1043
4341	4334
4341	3027
2665	2370
2126	1488
2126	1406
2126	728
2126	1505
2126	2820
2126	3225
2184	1488
2184	1406
2824	3084
2975	1467
1381	1406
1381	1957
1381	1264
1381	826
1381	1487
1381	4369
1381	1904
1381	1038
2471	1386
2471	1406
2471	988
2471	974
1488	1468
1488	2183
3893	4381
37	1497
37	2311
37	1444
37	3396
2977	2178
2977	4267
2977	3916
2977	3695
2977	340
2977	2708
1386	2736
652	4371
652	1497
652	3434
652	2836
2981	1078
2949	322
2949	96
322	1405
1314	2317
1314	2800
2317	96
2317	2699
2317	2562
651	1995
651	4108
2926	4169
2926	3554
1406	643
1406	2654
1406	3400
2828	1264
2828	2497
2828	39
2828	1711
2828	843
2828	3231
2828	3579
2828	2468
2828	1845
2828	4394
1552	1720
1552	3975
1552	938
1552	1981
1287	3882
1287	3866
1287	4058
884	242
1177	183
1177	3229
1177	3292
1177	2962
1177	2344
1177	1102
1177	925
1177	1967
3557	1921
3557	1892
2251	4297
2251	760
2251	3061
1896	1264
1896	3497
1896	4152
1896	3346
1145	3084
3882	3866
3882	3828
3882	4267
3882	1669
3882	670
3882	231
3866	4057
3866	3828
3866	1378
3866	4248
3866	1669
268	1673
268	643
268	4403
268	1126
268	759
268	2800
268	2685
268	65
268	4132
4403	796
4403	4321
4403	790
4403	1241
4403	2209
1720	938
1720	1981
2830	2372
2830	378
36	2183
36	4033
36	4132
635	461
635	1144
635	553
635	2944
635	874
635	1505
635	2311
635	2609
635	1465
635	3785
635	4282
3698	3179
3698	3027
3171	1487
113	3501
113	4267
113	3220
113	990
113	1505
113	3230
113	3077
113	4360
113	2808
1357	497
1357	3402
1357	925
1357	1437
1357	2217
709	1309
1632	669
3045	1364
814	600
814	2404
814	2149
814	3230
814	239
814	473
814	2695
1898	3027
2903	2171
2903	3690
2903	603
2903	1505
3686	1497
3686	2207
2298	406
3672	147
3672	1497
183	1122
183	1943
183	3402
183	2330
183	440
183	900
183	2755
183	4457
183	2426
183	534
183	16
183	925
183	2503
183	1967
183	4317
3586	607
3586	474
3586	3554
4253	831
4253	990
4253	4223
1993	2958
3828	4390
3828	2562
1656	3554
3868	1378
1525	3554
1525	2627
1122	401
1122	564
1122	2503
2370	2958
1020	826
1020	1324
1020	337
1020	1739
2178	3230
2178	3517
3885	2009
2164	3603
2449	4327
3645	2387
4397	2007
4397	4427
4397	2096
546	3497
546	1669
546	4334
2636	1921
2636	856
3501	2697
3501	2659
3501	4427
3501	3834
3501	4267
3501	1531
3501	2265
3501	3245
3501	503
3501	2642
3501	502
3501	2551
2946	2802
2946	2276
3967	2276
1270	2444
3304	346
3304	4386
2492	504
2060	3027
2060	392
648	2265
648	503
648	4396
648	1505
648	3027
648	1268
4377	4446
2223	532
2223	3687
3330	1690
1289	1548
2697	4267
2697	2276
751	337
806	503
806	4396
2028	1537
2028	2958
905	401
905	4227
905	1829
905	2682
23	43
23	4226
3379	1876
3379	1017
3379	3930
600	4321
600	325
600	3261
600	728
600	3136
600	2416
600	2918
600	4076
600	1963
600	1335
600	3343
2659	662
2659	3270
4340	630
4340	3554
2603	1505
2955	4169
2955	1515
2955	3554
302	4169
302	1497
302	3554
4148	3230
2007	4267
1087	431
1087	3437
1548	1943
1548	3103
1548	4279
1548	2895
1548	4445
1548	2098
1548	670
1548	3031
1548	2426
1548	1694
1548	534
1548	681
1548	779
1548	2503
1548	1967
2801	2682
734	306
3476	3233
3476	3975
3476	4248
3476	2150
3476	2362
3476	83
1786	158
1786	3694
3182	3230
2816	1505
3099	2962
3099	3230
3099	2344
3099	414
3099	590
2005	3292
2005	3084
2005	3894
1943	518
1943	68
1943	2503
3103	1507
3103	2895
3103	4445
3103	2098
3103	670
3103	3225
3103	2835
4351	4425
1664	990
2239	990
238	1160
722	2341
653	2895
3507	3223
3507	2498
3507	2660
3223	3084
3223	626
3223	1364
3209	1172
3030	3554
3229	1467
3229	13
3229	4188
3229	4291
3229	2503
3229	1437
3229	1967
3229	3962
3229	4317
187	431
796	1264
2073	2962
2073	2987
1097	1497
1796	2404
1796	3554
1796	2608
1796	4122
1796	1963
1796	3785
3515	1265
3515	829
3515	2131
3515	795
3515	3230
3515	2416
3515	1047
3515	2745
3515	1904
3515	3248
3515	3409
3080	1264
3080	2191
3080	3084
3080	1190
2730	4259
3715	2923
4114	1537
326	3818
326	1173
19	1068
19	2426
19	1502
19	1967
89	3455
89	1218
89	3019
89	647
89	1987
3513	3084
3972	192
3972	1264
3972	2936
3972	2056
3972	715
2802	3975
4303	1441
4303	1670
4303	4381
1178	1554
1178	1054
1178	1487
3818	3914
3818	2203
3818	2159
3818	3741
3818	201
3818	1967
3818	306
409	3554
409	585
409	984
1652	2341
1106	831
1106	926
695	2281
695	4073
695	1521
695	1547
695	2682
695	2547
4448	2276
51	3554
1265	2152
1265	3220
1265	2362
1265	1310
1265	3019
1265	3907
1265	373
1265	1341
1265	1555
1265	2939
1265	3095
4090	3590
4090	532
4090	1852
3363	1869
427	990
1902	3211
1902	423
1902	3376
430	3278
430	3220
430	885
430	4223
430	240
430	2033
430	1567
1078	2654
1078	24
192	1264
192	158
1107	4381
1264	3405
1264	4427
1264	2936
1264	4267
1264	2497
1264	1669
1264	1483
1264	2150
1264	2844
1264	39
1264	843
1264	727
1264	195
1264	83
1264	441
1264	2341
1264	2468
1264	12
1264	4007
1264	4394
3405	4144
1243	3220
1243	919
1243	3554
2272	2936
431	3554
656	96
656	3270
656	4381
1079	3027
1172	3440
1172	4147
4427	4267
4427	553
4427	3136
4427	1487
2003	1829
2003	3482
2666	1505
3834	1675
2404	3211
2404	80
2404	2844
2404	391
426	3230
3976	1417
3976	3965
3976	2392
3976	3351
3976	669
2936	2056
1537	271
1537	61
1537	4159
1537	2150
1537	2110
1537	4255
1537	4235
1537	990
1537	2639
1537	3946
1537	83
1537	1207
1537	2276
1537	1774
1537	2066
1537	4075
1537	1869
1467	3459
4256	1331
4304	990
2206	1003
2206	3336
1332	2598
1332	1221
4329	951
94	1823
4120	96
100	3175
100	3274
100	1368
1436	3554
533	2265
533	3074
533	2746
4212	988
3865	2302
3081	3736
3081	2894
829	951
829	346
829	3554
829	2686
829	24
618	1218
2393	2307
3211	3975
3211	369
3211	1782
3211	3526
2442	990
1206	3136
1206	4265
4455	4169
4455	3554
4455	423
998	3554
3736	2894
2894	1437
4032	1487
4267	2716
4267	1126
4267	4123
4267	1546
4267	1483
4267	573
4267	118
4267	2639
4267	4445
4267	3617
4267	2874
4267	4076
4267	340
4267	3999
266	642
266	2311
2716	3220
2716	1680
2716	1751
863	3801
863	3643
863	3077
80	3801
80	4058
80	2654
80	1067
80	248
80	2113
80	1637
80	3785
4347	1362
3735	2958
3735	2188
3735	2654
3735	248
1527	2958
1188	4317
1316	3190
3648	3109
3648	492
1931	2503
1932	1059
1932	2711
956	3975
956	2756
956	3437
2330	2810
2330	4457
2330	1967
1126	1963
1126	3385
2171	3220
2340	2368
3440	13
3440	990
3440	1505
1318	3084
1318	4381
2910	4018
2910	423
407	2958
407	1234
3134	3806
3134	3064
242	936
242	2439
662	936
3801	3771
3801	4082
3801	3059
3801	3412
3494	4451
3494	696
3494	419
3494	2639
3494	83
3494	4437
3769	3292
3769	2344
754	779
4297	3065
1917	4381
3956	3301
3956	4169
3956	3554
2149	3261
2149	1904
2372	2966
2614	2143
3392	4378
3392	4248
3392	3220
3392	1680
3392	2734
4210	3220
4210	1680
1417	3220
1417	4396
1417	990
1417	2496
4416	4308
1531	3074
1531	503
2112	812
2112	1324
2112	3351
2112	504
2112	1397
812	1324
812	4169
812	3220
812	990
812	3554
812	1397
812	3482
2247	2882
61	1904
4234	1497
559	341
3002	155
551	936
325	83
325	1556
325	1938
325	1341
325	1869
325	4394
4159	2682
3975	1693
3975	1378
3975	2252
3975	2549
3975	26
3975	3264
3975	3179
3975	369
3975	1876
3975	990
3975	795
3975	83
3975	3596
3975	2281
3975	1869
3965	1995
561	4334
2921	2958
2590	2958
2750	2958
1324	337
1324	990
4163	3027
4163	1623
1074	1196
705	3074
1693	3554
1693	243
1693	2097
1378	3398
1378	83
1378	3400
1378	2207
1378	3059
1777	4205
2265	3074
2265	3245
2265	503
2265	1144
2265	4231
2265	332
2265	3437
2265	3019
2265	4133
2265	1179
2265	2055
2265	711
3074	503
3074	3372
3074	3911
3074	1180
3074	243
3074	2953
4123	3230
4123	4229
21	2152
2183	3590
401	900
401	3502
401	2503
3985	2276
3985	2708
564	68
564	3196
564	925
564	1268
2618	3220
3219	2803
3219	3906
936	2522
936	1728
936	570
936	1180
936	3554
936	542
936	563
936	606
936	650
936	1039
936	1320
936	1402
936	1575
936	1602
936	1702
936	2004
936	2725
3813	433
3813	2097
4322	4073
4322	1480
4378	1680
1666	3084
1666	2939
1546	340
2958	2657
2958	2152
2958	3497
2958	262
2958	2326
2958	4100
2958	1541
2958	2685
2958	1043
2958	2496
2958	3511
2958	317
2958	456
2958	2217
2958	1996
2958	2319
2958	2399
2958	2485
2958	2778
2958	2835
2958	2836
2958	2932
2958	2960
2958	3427
2958	3758
3267	147
4370	147
3569	3480
3569	879
1781	3554
1781	291
1781	378
1781	3482
2445	988
2445	3643
2445	3064
3995	900
4010	158
3301	4243
3301	3755
3301	3474
1469	769
235	988
235	83
235	1869
2310	630
2096	543
3971	4030
3971	3930
3971	1963
3786	1929
2497	39
2497	1711
2497	843
2497	3231
2497	2468
2497	4082
2497	4394
2224	4381
4205	950
3603	1995
3603	4082
2657	3619
2906	3064
3455	3015
1308	642
1308	3274
642	1528
315	1859
315	2640
2152	248
2152	4446
2152	282
2152	2127
2152	4133
2152	3087
951	3220
951	1680
951	4093
3256	4233
1604	2542
1604	3591
2592	4222
4169	1598
4169	1175
4169	2987
4169	2319
988	553
988	990
988	4445
988	423
988	1221
988	3343
988	984
3190	215
2549	3264
2549	147
2549	990
2549	4018
3264	147
3264	990
3264	4018
4257	3274
4257	2711
3245	1915
2654	819
2654	3471
2654	3806
2654	323
2654	4229
2654	984
2654	711
819	528
4424	4381
4424	291
3119	1598
3119	3292
3119	4339
831	3831
831	926
831	4381
1040	2159
1040	2045
1562	3554
4248	3480
3471	3220
2982	3084
2994	1598
2994	3554
1598	3554
1915	1047
1915	378
3497	4152
3497	1669
3497	1483
3497	441
3497	4334
4152	1669
4152	4371
4152	1911
4152	1067
4152	3064
1669	3346
1669	441
1669	3554
1669	4334
4371	810
1022	2146
1022	3064
3549	1774
737	1054
2203	3220
2203	1680
2203	817
13	1144
13	4396
13	3286
3755	423
3220	1761
3220	573
3220	3829
3220	3958
3220	1048
3220	584
3220	4445
3220	4178
3220	2514
3220	1528
3220	3554
3220	2351
3220	1649
3220	4082
3220	2371
3220	240
3220	2808
3220	148
3220	334
3220	178
3220	270
3220	868
3220	896
3220	1251
3220	2017
3220	3291
3220	2244
3220	2440
3220	2444
3220	2964
3220	3295
3220	3884
3220	3636
3220	3649
3220	3716
3220	3933
3220	4047
3220	4062
3220	3836
1241	3292
1241	1398
1241	109
3292	3276
3292	1528
3292	3741
3292	1480
3292	925
3292	3396
3292	3588
1680	573
1680	3862
1680	1528
1680	3554
1680	2872
4433	147
4433	1497
4433	4325
2009	3806
2009	1109
2810	1556
2810	3318
2810	2599
2493	1251
3487	3546
3487	3437
3487	3458
1447	593
2120	1505
2391	2208
1565	1102
3109	4381
4033	2548
2150	83
2150	1981
503	573
503	239
503	1249
503	378
503	3188
63	1039
3429	4381
440	1144
440	2944
440	2344
440	1967
346	984
2077	3808
1504	4144
337	1739
337	4230
337	1362
337	191
337	3007
337	3137
2844	1823
2844	1963
433	2146
433	3015
1739	248
1739	3502
3863	4230
3863	155
3863	3198
3863	423
3863	3318
3863	1521
3863	1341
2853	3347
2853	528
2853	3046
2853	3318
4233	248
4233	3084
3347	3046
137	522
137	3260
3959	2874
3959	3061
2191	713
2361	3590
3418	2962
98	2944
98	1505
891	3756
891	573
891	45
891	1690
1515	3756
1515	3573
1515	573
1515	877
1515	475
1515	1497
1515	3798
3756	3573
3756	45
3756	946
3756	1789
3756	2135
3573	573
3573	877
573	45
573	2326
573	946
573	877
573	1210
573	3385
573	3294
573	3299
2600	3657
45	1690
877	1551
3934	4096
3934	3517
461	1505
3261	924
77	3084
230	2696
3179	990
3179	2962
3179	2426
3179	4425
3179	2503
3179	3500
4144	1337
4144	2416
4144	3434
4144	1335
1199	2992
118	1497
158	1102
3734	3798
4147	2581
4147	4221
900	2344
900	1102
900	925
900	2923
900	306
20	65
593	191
462	3546
462	3783
2755	2426
2755	65
2755	2503
2755	1967
2755	306
1608	294
1024	1343
1037	4381
1144	1505
1144	1054
1144	387
1144	3260
1164	4390
1164	1398
1164	109
1164	1234
1164	1362
1164	3058
1164	1876
1164	1173
1164	4395
1164	1017
1164	2562
1164	3930
1164	1441
1164	1881
1164	2605
4390	1398
4390	1234
4390	300
1398	2208
1398	2276
1398	378
1398	1637
1445	1967
68	472
1175	1505
1175	3554
553	3398
553	2786
553	1505
553	3270
553	282
553	4404
553	3400
553	247
553	797
553	1782
1644	282
4230	4446
4230	3037
4230	2992
685	1487
685	1109
2588	2411
3539	306
2756	1497
730	1487
730	423
730	974
730	196
730	1963
730	454
39	1711
39	843
39	3231
39	3579
39	2468
39	4394
528	3164
3908	4334
1711	843
1711	4394
1218	3346
1067	4334
3958	1234
3958	1018
1384	3590
1093	2962
3322	248
3322	3643
248	1038
248	4076
248	3343
248	3409
4100	3027
2362	1347
2362	3343
1789	2127
3120	3643
713	2944
2360	848
2360	260
2360	4076
848	260
848	4076
4030	1340
628	2660
2995	1834
2353	1048
2353	3554
843	3231
843	2468
843	4394
727	1054
727	1487
2786	769
369	2660
802	2771
802	2939
630	502
3480	3346
3480	3907
101	3493
2771	2939
3084	4396
3084	155
3084	2302
3084	681
3084	149
3084	414
3084	1829
3084	2185
3084	2970
3084	3063
3084	3287
3084	3427
3084	3609
3084	4062
3084	4146
3084	4192
3084	3591
1337	2292
3231	239
3231	2803
3231	240
3351	3290
3351	2939
3351	711
419	3136
419	3554
419	339
3850	1487
343	681
147	3946
147	3590
147	1670
147	926
4004	3665
4004	4396
3665	2637
3665	4396
2637	4396
4396	1173
4396	990
4396	1505
4396	4346
4396	281
4396	1038
4396	3584
4396	4076
1362	1173
1362	1017
1362	2562
1362	1441
1362	1196
3058	2562
3058	1441
1876	2562
1876	1441
1876	2578
1173	4395
1173	2562
1173	970
4395	2562
4395	1505
4395	970
1017	2562
1017	3037
1017	1637
584	4381
584	1753
584	4124
985	670
3545	2970
2562	3930
2562	1441
474	1497
474	3554
3873	4381
3873	1397
3695	317
3847	344
840	3385
990	83
990	3596
990	3517
990	243
990	868
990	1450
990	2399
990	2925
990	3478
990	1869
1533	3554
808	3554
808	4202
4279	2944
3275	834
119	3884
1170	756
184	176
2564	191
2102	3517
2159	2344
2895	670
2895	519
2895	4394
1069	2944
1069	3894
2944	874
2944	1505
2944	3894
2944	1341
2944	3591
4445	2098
4445	670
4445	3451
2098	670
874	1505
874	291
1505	3286
1505	502
1505	1196
3617	1310
1160	3400
1310	1521
1310	1547
1310	3612
1310	1341
1347	3230
1347	1554
1347	3554
3031	2141
3031	4308
4188	2962
4188	4381
4188	65
2962	2607
2962	681
2962	2542
2962	43
2962	2693
3230	2820
3230	4178
3230	2416
3230	1038
3230	2608
3230	4076
3230	2515
3230	2504
2820	4178
2640	239
2640	473
2640	2011
2640	3376
2987	1497
2987	2113
2987	3007
3946	3590
3946	3434
2457	323
2457	1967
2457	3482
4457	69
4457	2503
2146	3517
2146	1782
3862	1281
1823	759
1823	2776
239	473
239	3554
239	2444
239	3294
239	3376
3590	1054
3590	3434
3590	1618
1554	1054
1554	1487
3606	1054
3077	3343
3437	3458
83	2281
83	3517
83	472
83	2177
83	1480
83	3362
83	3526
83	1869
3596	1869
1800	1196
1180	4446
1180	282
4360	1315
3136	3500
4446	3554
4446	423
4446	3274
4446	966
4446	3061
2281	1556
2281	1869
4073	1743
4073	3198
4073	3741
4073	1845
755	3554
1054	1487
1054	3434
1054	3260
1487	436
1487	2399
2759	4437
2759	1683
473	3376
1016	2201
1016	1521
1016	1547
2416	1963
1497	926
1497	3225
1497	472
1497	3741
1497	769
1497	2046
1497	763
1497	1056
1497	1251
1497	1959
1497	2197
1497	2554
1497	2741
1497	2822
1497	4047
965	2483
965	1991
2344	2426
2344	1077
2344	2503
3270	423
3270	1688
1991	2775
1991	4381
1964	4045
4222	2468
3831	2783
3831	4381
1670	3434
926	423
2803	3554
4346	4381
3554	3274
3554	2211
3554	4275
3554	1038
3554	4223
3554	693
3554	1315
3554	270
3554	502
3554	1018
3554	1162
3554	2319
3554	2378
3554	2898
3554	3007
3554	3343
3554	2504
3554	3376
3517	1909
3517	924
3517	3785
3434	2988
3434	1963
3434	3018
3579	4394
1995	2341
3019	423
3019	3907
2426	534
2426	1480
2426	1102
2426	492
2426	925
2426	1967
2426	306
1331	1697
1331	1869
423	4206
423	2633
423	2734
423	3478
423	4373
2113	3500
2775	4381
3225	260
3225	4076
3225	2515
4381	3286
4381	2496
4381	75
4381	587
4381	775
4381	799
4381	896
4381	1624
4381	1751
4381	1850
4381	2889
4381	2964
4381	3086
4381	3409
4381	3884
4381	3833
4381	3900
4381	3927
4381	4426
4381	1341
585	1207
585	984
2311	3400
1246	2874
472	2432
2177	3502
2177	1829
2177	2682
2177	2923
2177	4317
2177	1869
3015	2226
4291	1102
4291	4317
4404	1963
3286	3785
3741	1473
3741	3318
3511	3502
2387	3584
291	149
2292	4266
2292	2727
4266	1963
4425	392
4425	2503
4425	1967
4425	2966
4037	65
756	3366
756	3164
756	75
3806	4226
1038	2276
534	231
534	925
534	1077
534	2503
534	1967
534	4317
3153	1340
2608	769
2608	1963
992	1620
2974	4122
3400	2276
3400	2410
1620	4282
681	2503
65	67
65	1131
65	1892
65	2695
65	2599
2415	799
2371	1131
1556	1480
1556	3318
1556	1437
1556	1521
1556	3612
1556	2599
1556	4049
1556	3095
879	753
3876	1502
3027	935
3027	4197
4308	3699
260	2515
2727	1938
3243	4437
3907	1963
3907	1521
3907	3612
1473	3318
1473	2599
4437	2873
4437	1260
2633	2194
2633	726
2633	2939
2194	726
2194	2939
726	2939
1697	3369
2988	141
1480	2503
3599	4363
3318	2599
4093	1863
1102	2503
1102	4331
2276	2923
2276	4302
24	984
52	2627
1774	3482
69	2581
124	519
143	3900
160	1963
210	2187
215	1747
272	387
344	1077
378	2095
378	3061
1963	1675
1963	1709
1963	3343
1963	3500
456	492
456	779
467	3240
492	4363
519	1751
519	2067
531	1120
532	1967
541	1863
576	1798
606	2836
636	2507
712	3095
721	1056
763	1521
763	1547
925	2503
925	1967
925	2244
1077	306
1103	4317
1111	3833
1120	3260
1277	2255
1281	1341
2503	1967
2503	306
2503	4317
1391	3683
1521	1547
1521	1938
1521	373
1521	1341
1521	1555
1521	3095
1547	3612
1547	373
1547	1341
1547	1555
1547	2939
1547	3095
1850	2645
1922	3482
1938	3612
1967	306
1967	4317
1973	3558
1987	3609
3612	373
3612	1341
3612	1555
3612	2939
3612	3095
2222	3687
2352	3482
2399	1869
2567	3482
2581	3007
2835	3482
2836	3210
2925	1869
2957	3482
3087	4358
3122	3482
3192	4282
3287	1397
3568	4045
2265	3227
387	3519
2519	3519
2853	1891
3882	2537
3866	2537
248	2537
1497	3238
4381	2841
3400	2841
3557	2972
4267	2972
2362	2972
3230	2972
2939	2972
652	1035
4253	1035
4303	1035
1106	1035
1336	1035
831	1035
3831	1035
926	1035
659	3399
2796	3399
2903	3399
988	3399
4396	3399
1963	3399
3220	278
396	460
1355	459
492	459
3907	2913
2462	2823
3643	2823
3230	2823
974	2823
2276	2823
1963	2823
3517	3252
2265	659
1022	659
503	659
3554	659
3274	659
3806	659
2027	3816
3478	3816
2471	1764
242	329
1728	329
4033	329
2965	1094
786	3541
2471	3541
1386	3541
1963	3541
1386	786
4228	3297
1663	3297
2958	3297
4169	3297
1343	3297
1358	3297
3229	4228
135	1990
3501	105
1831	4343
1392	4343
2189	3484
814	3484
266	3484
1693	3484
4123	3484
819	3484
3261	3484
4100	3484
990	3484
83	3484
3596	3484
3434	3484
2311	3484
1869	3484
599	2232
3489	4454
1357	4454
4256	4454
4425	4454
2503	4454
1967	4454
3693	3024
544	3024
3230	1481
544	3693
1554	3693
528	3679
2426	3679
990	3764
3554	3764
3219	828
1774	3431
1921	793
1378	793
1017	793
1441	793
4396	360
1135	360
3874	360
4229	360
769	1965
3291	1965
3616	544
322	544
3476	544
3229	544
1417	544
3975	544
2549	544
3264	544
13	544
730	544
840	544
808	544
3554	544
2609	544
3416	4458
1898	599
922	599
3165	599
4351	599
1957	599
3561	599
3813	599
2500	599
2141	599
615	599
1996	599
1729	2261
3321	2261
3275	2261
834	2261
518	3423
401	3423
3609	3423
4169	939
1473	939
1497	4107
1995	4107
1536	4357
4206	261
3595	1376
3137	1376
135	3580
62	3580
3153	3580
1340	3580
2965	2305
152	2305
152	2965
2429	2965
2111	2965
2007	2965
2498	2965
1957	2965
2206	2965
2252	2965
2062	2965
3292	2965
2548	2965
2294	2965
1703	2965
584	2965
1441	2965
3136	2965
4446	2965
2127	2965
4381	2965
3464	2965
716	2965
2515	2965
73	2965
937	2965
1033	2965
1039	2965
1392	2965
1683	2965
1708	2965
1966	2965
1967	2965
3612	2965
2047	2965
2067	2965
3291	2965
2225	2965
2399	2965
2444	2965
3086	2965
3151	2965
3283	2965
3284	2965
3731	2965
4401	2965
152	4323
2429	4323
3152	980
152	980
2429	980
4176	980
0	980
152	3152
2429	3152
0	3152
2429	152
4176	152
0	152
662	152
1	152
940	152
4176	2429
0	2429
662	2429
1	2429
3084	2429
940	2429
0	4176
4267	4176
3385	4176
895	3608
2810	135
1177	3489
2426	3489
534	3489
2503	3489
1967	3489
306	3489
1505	2111
143	208
2336	208
814	2189
4448	2189
2936	2189
3211	2189
80	2189
3975	2189
2549	2189
3264	2189
158	2189
1620	2189
622	2189
2148	2189
37	320
3975	320
2311	320
806	4204
3376	4204
1381	2375
3040	2375
2943	773
3445	773
4344	773
111	773
796	773
3561	773
195	773
3084	773
2958	2357
695	151
3554	1396
532	1396
722	3616
3211	3616
2549	3616
3264	3616
3934	3616
1264	3587
51	2943
3847	3445
630	2707
2265	4179
3074	4179
4437	4179
440	396
2755	396
2426	396
4425	396
534	396
16	396
2503	396
306	396
1537	4435
990	4435
83	4435
1869	4435
2007	883
503	3685
1896	2796
814	2796
829	2796
863	2796
80	2796
1126	2796
561	2796
2445	2796
3497	2796
1669	2796
1067	2796
4334	2796
1311	2796
2148	2796
1145	477
573	477
3220	3014
178	3014
2903	3621
652	3630
4371	3630
4381	3630
4360	1334
1126	4200
1693	4200
3351	4200
3554	4200
1317	4200
4267	3075
2149	3075
2994	3075
1598	3075
3230	3075
1963	3075
4229	3075
4257	4250
3175	4250
1022	4250
3554	4250
3274	4250
936	2381
2522	2381
564	1725
3806	1725
4381	2606
814	2462
600	2462
863	2462
3322	2462
1121	2462
1505	2462
1881	2462
3967	4341
1079	4341
4144	4341
1043	4341
4334	4341
3027	4341
2370	2665
1488	2126
1406	2126
728	2126
1505	2126
2820	2126
3225	2126
1488	2184
1406	2184
3084	2824
1467	2975
1406	1381
1957	1381
1264	1381
826	1381
1487	1381
4369	1381
1904	1381
1038	1381
1386	2471
1406	2471
988	2471
974	2471
1468	1488
2183	1488
4381	3893
1497	37
2311	37
1444	37
3396	37
2178	2977
4267	2977
3916	2977
3695	2977
340	2977
2708	2977
2736	1386
4371	652
1497	652
3434	652
2836	652
1078	2981
322	2949
96	2949
1405	322
2317	1314
2800	1314
96	2317
2699	2317
2562	2317
1995	651
4108	651
4169	2926
3554	2926
643	1406
2654	1406
3400	1406
1264	2828
2497	2828
39	2828
1711	2828
843	2828
3231	2828
3579	2828
2468	2828
1845	2828
4394	2828
1720	1552
3975	1552
938	1552
1981	1552
3882	1287
3866	1287
4058	1287
242	884
183	1177
3229	1177
3292	1177
2962	1177
2344	1177
1102	1177
925	1177
1967	1177
1921	3557
1892	3557
4297	2251
760	2251
3061	2251
1264	1896
3497	1896
4152	1896
3346	1896
3084	1145
3866	3882
3828	3882
4267	3882
1669	3882
670	3882
231	3882
4057	3866
3828	3866
1378	3866
4248	3866
1669	3866
1673	268
643	268
4403	268
1126	268
759	268
2800	268
2685	268
65	268
4132	268
796	4403
4321	4403
790	4403
1241	4403
2209	4403
938	1720
1981	1720
2372	2830
378	2830
2183	36
4033	36
4132	36
461	635
1144	635
553	635
2944	635
874	635
1505	635
2311	635
2609	635
1465	635
3785	635
4282	635
3179	3698
3027	3698
1487	3171
3501	113
4267	113
3220	113
990	113
1505	113
3230	113
3077	113
4360	113
2808	113
497	1357
3402	1357
925	1357
1437	1357
2217	1357
1309	709
669	1632
1364	3045
600	814
2404	814
2149	814
3230	814
239	814
473	814
2695	814
3027	1898
2171	2903
3690	2903
603	2903
1505	2903
1497	3686
2207	3686
406	2298
147	3672
1497	3672
1122	183
1943	183
3402	183
2330	183
440	183
900	183
2755	183
4457	183
2426	183
534	183
16	183
925	183
2503	183
1967	183
4317	183
607	3586
474	3586
3554	3586
831	4253
990	4253
4223	4253
2958	1993
4390	3828
2562	3828
3554	1656
1378	3868
3554	1525
2627	1525
401	1122
564	1122
2503	1122
2958	2370
826	1020
1324	1020
337	1020
1739	1020
3230	2178
3517	2178
2009	3885
3603	2164
4327	2449
2387	3645
2007	4397
4427	4397
2096	4397
3497	546
1669	546
4334	546
1921	2636
856	2636
2697	3501
2659	3501
4427	3501
3834	3501
4267	3501
1531	3501
2265	3501
3245	3501
503	3501
2642	3501
502	3501
2551	3501
2802	2946
2276	2946
2276	3967
2444	1270
346	3304
4386	3304
504	2492
3027	2060
392	2060
2265	648
503	648
4396	648
1505	648
3027	648
1268	648
4446	4377
532	2223
3687	2223
1690	3330
1548	1289
4267	2697
2276	2697
337	751
503	806
4396	806
1537	2028
2958	2028
401	905
4227	905
1829	905
2682	905
43	23
4226	23
1876	3379
1017	3379
3930	3379
4321	600
325	600
3261	600
728	600
3136	600
2416	600
2918	600
4076	600
1963	600
1335	600
3343	600
662	2659
3270	2659
630	4340
3554	4340
1505	2603
4169	2955
1515	2955
3554	2955
4169	302
1497	302
3554	302
3230	4148
4267	2007
431	1087
3437	1087
1943	1548
3103	1548
4279	1548
2895	1548
4445	1548
2098	1548
670	1548
3031	1548
2426	1548
1694	1548
534	1548
681	1548
779	1548
2503	1548
1967	1548
2682	2801
306	734
3233	3476
3975	3476
4248	3476
2150	3476
2362	3476
83	3476
158	1786
3694	1786
3230	3182
1505	2816
2962	3099
3230	3099
2344	3099
414	3099
590	3099
3292	2005
3084	2005
3894	2005
518	1943
68	1943
2503	1943
1507	3103
2895	3103
4445	3103
2098	3103
670	3103
3225	3103
2835	3103
4425	4351
990	1664
990	2239
1160	238
2341	722
2895	653
3223	3507
2498	3507
2660	3507
3084	3223
626	3223
1364	3223
1172	3209
3554	3030
1467	3229
13	3229
4188	3229
4291	3229
2503	3229
1437	3229
1967	3229
3962	3229
4317	3229
431	187
1264	796
2962	2073
2987	2073
1497	1097
2404	1796
3554	1796
2608	1796
4122	1796
1963	1796
3785	1796
1265	3515
829	3515
2131	3515
795	3515
3230	3515
2416	3515
1047	3515
2745	3515
1904	3515
3248	3515
3409	3515
1264	3080
2191	3080
3084	3080
1190	3080
4259	2730
2923	3715
1537	4114
3818	326
1173	326
1068	19
2426	19
1502	19
1967	19
3455	89
1218	89
3019	89
647	89
1987	89
3084	3513
192	3972
1264	3972
2936	3972
2056	3972
715	3972
3975	2802
1441	4303
1670	4303
4381	4303
1554	1178
1054	1178
1487	1178
3914	3818
2203	3818
2159	3818
3741	3818
201	3818
1967	3818
306	3818
3554	409
585	409
984	409
2341	1652
831	1106
926	1106
2281	695
4073	695
1521	695
1547	695
2682	695
2547	695
2276	4448
3554	51
2152	1265
3220	1265
2362	1265
1310	1265
3019	1265
3907	1265
373	1265
1341	1265
1555	1265
2939	1265
3095	1265
3590	4090
532	4090
1852	4090
1869	3363
990	427
3211	1902
423	1902
3376	1902
3278	430
3220	430
885	430
4223	430
240	430
2033	430
1567	430
2654	1078
24	1078
1264	192
158	192
4381	1107
3405	1264
4427	1264
2936	1264
4267	1264
2497	1264
1669	1264
1483	1264
2150	1264
2844	1264
39	1264
843	1264
727	1264
195	1264
83	1264
441	1264
2341	1264
2468	1264
12	1264
4007	1264
4394	1264
4144	3405
3220	1243
919	1243
3554	1243
2936	2272
3554	431
96	656
3270	656
4381	656
3027	1079
3440	1172
4147	1172
4267	4427
553	4427
3136	4427
1487	4427
1829	2003
3482	2003
1505	2666
1675	3834
3211	2404
80	2404
2844	2404
391	2404
3230	426
1417	3976
3965	3976
2392	3976
3351	3976
669	3976
2056	2936
271	1537
61	1537
4159	1537
2150	1537
2110	1537
4255	1537
4235	1537
990	1537
2639	1537
3946	1537
83	1537
1207	1537
2276	1537
1774	1537
2066	1537
4075	1537
1869	1537
3459	1467
1331	4256
990	4304
1003	2206
3336	2206
2598	1332
1221	1332
951	4329
1823	94
96	4120
3175	100
3274	100
1368	100
3554	1436
2265	533
3074	533
2746	533
988	4212
2302	3865
3736	3081
2894	3081
951	829
346	829
3554	829
2686	829
24	829
1218	618
2307	2393
3975	3211
369	3211
1782	3211
3526	3211
990	2442
3136	1206
4265	1206
4169	4455
3554	4455
423	4455
3554	998
2894	3736
1437	2894
1487	4032
2716	4267
1126	4267
4123	4267
1546	4267
1483	4267
573	4267
118	4267
2639	4267
4445	4267
3617	4267
2874	4267
4076	4267
340	4267
3999	4267
642	266
2311	266
3220	2716
1680	2716
1751	2716
3801	863
3643	863
3077	863
3801	80
4058	80
2654	80
1067	80
248	80
2113	80
1637	80
3785	80
1362	4347
2958	3735
2188	3735
2654	3735
248	3735
2958	1527
4317	1188
3190	1316
3109	3648
492	3648
2503	1931
1059	1932
2711	1932
3975	956
2756	956
3437	956
2810	2330
4457	2330
1967	2330
1963	1126
3385	1126
3220	2171
2368	2340
13	3440
990	3440
1505	3440
3084	1318
4381	1318
4018	2910
423	2910
2958	407
1234	407
3806	3134
3064	3134
936	242
2439	242
936	662
3771	3801
4082	3801
3059	3801
3412	3801
4451	3494
696	3494
419	3494
2639	3494
83	3494
4437	3494
3292	3769
2344	3769
779	754
3065	4297
4381	1917
3301	3956
4169	3956
3554	3956
3261	2149
1904	2149
2966	2372
2143	2614
4378	3392
4248	3392
3220	3392
1680	3392
2734	3392
3220	4210
1680	4210
3220	1417
4396	1417
990	1417
2496	1417
4308	4416
3074	1531
503	1531
812	2112
1324	2112
3351	2112
504	2112
1397	2112
1324	812
4169	812
3220	812
990	812
3554	812
1397	812
3482	812
2882	2247
1904	61
1497	4234
341	559
155	3002
936	551
83	325
1556	325
1938	325
1341	325
1869	325
4394	325
2682	4159
1693	3975
1378	3975
2252	3975
2549	3975
26	3975
3264	3975
3179	3975
369	3975
1876	3975
990	3975
795	3975
83	3975
3596	3975
2281	3975
1869	3975
1995	3965
4334	561
2958	2921
2958	2590
2958	2750
337	1324
990	1324
3027	4163
1623	4163
1196	1074
3074	705
3554	1693
243	1693
2097	1693
3398	1378
83	1378
3400	1378
2207	1378
3059	1378
4205	1777
3074	2265
3245	2265
503	2265
1144	2265
4231	2265
332	2265
3437	2265
3019	2265
4133	2265
1179	2265
2055	2265
711	2265
503	3074
3372	3074
3911	3074
1180	3074
243	3074
2953	3074
3230	4123
4229	4123
2152	21
3590	2183
900	401
3502	401
2503	401
2276	3985
2708	3985
68	564
3196	564
925	564
1268	564
3220	2618
2803	3219
3906	3219
2522	936
1728	936
570	936
1180	936
3554	936
542	936
563	936
606	936
650	936
1039	936
1320	936
1402	936
1575	936
1602	936
1702	936
2004	936
2725	936
433	3813
2097	3813
4073	4322
1480	4322
1680	4378
3084	1666
2939	1666
340	1546
2657	2958
2152	2958
3497	2958
262	2958
2326	2958
4100	2958
1541	2958
2685	2958
1043	2958
2496	2958
3511	2958
317	2958
456	2958
2217	2958
1996	2958
2319	2958
2399	2958
2485	2958
2778	2958
2835	2958
2836	2958
2932	2958
2960	2958
3427	2958
3758	2958
147	3267
147	4370
3480	3569
879	3569
3554	1781
291	1781
378	1781
3482	1781
988	2445
3643	2445
3064	2445
900	3995
158	4010
4243	3301
3755	3301
3474	3301
769	1469
988	235
83	235
1869	235
630	2310
543	2096
4030	3971
3930	3971
1963	3971
1929	3786
39	2497
1711	2497
843	2497
3231	2497
2468	2497
4082	2497
4394	2497
4381	2224
950	4205
1995	3603
4082	3603
3619	2657
3064	2906
3015	3455
642	1308
3274	1308
1528	642
1859	315
2640	315
248	2152
4446	2152
282	2152
2127	2152
4133	2152
3087	2152
3220	951
1680	951
4093	951
4233	3256
2542	1604
3591	1604
4222	2592
1598	4169
1175	4169
2987	4169
2319	4169
553	988
990	988
4445	988
423	988
1221	988
3343	988
984	988
215	3190
3264	2549
147	2549
990	2549
4018	2549
147	3264
990	3264
4018	3264
3274	4257
2711	4257
1915	3245
819	2654
3471	2654
3806	2654
323	2654
4229	2654
984	2654
711	2654
528	819
4381	4424
291	4424
1598	3119
3292	3119
4339	3119
3831	831
926	831
4381	831
2159	1040
2045	1040
3554	1562
3480	4248
3220	3471
3084	2982
1598	2994
3554	2994
3554	1598
1047	1915
378	1915
4152	3497
1669	3497
1483	3497
441	3497
4334	3497
1669	4152
4371	4152
1911	4152
1067	4152
3064	4152
3346	1669
441	1669
3554	1669
4334	1669
810	4371
2146	1022
3064	1022
1774	3549
1054	737
3220	2203
1680	2203
817	2203
1144	13
4396	13
3286	13
423	3755
1761	3220
573	3220
3829	3220
3958	3220
1048	3220
584	3220
4445	3220
4178	3220
2514	3220
1528	3220
3554	3220
2351	3220
1649	3220
4082	3220
2371	3220
240	3220
2808	3220
148	3220
334	3220
178	3220
270	3220
868	3220
896	3220
1251	3220
2017	3220
3291	3220
2244	3220
2440	3220
2444	3220
2964	3220
3295	3220
3884	3220
3636	3220
3649	3220
3716	3220
3933	3220
4047	3220
4062	3220
3836	3220
3292	1241
1398	1241
109	1241
3276	3292
1528	3292
3741	3292
1480	3292
925	3292
3396	3292
3588	3292
573	1680
3862	1680
1528	1680
3554	1680
2872	1680
147	4433
1497	4433
4325	4433
3806	2009
1109	2009
1556	2810
3318	2810
2599	2810
1251	2493
3546	3487
3437	3487
3458	3487
593	1447
1505	2120
2208	2391
1102	1565
4381	3109
2548	4033
83	2150
1981	2150
573	503
239	503
1249	503
378	503
3188	503
1039	63
4381	3429
1144	440
2944	440
2344	440
1967	440
984	346
3808	2077
4144	1504
1739	337
4230	337
1362	337
191	337
3007	337
3137	337
1823	2844
1963	2844
2146	433
3015	433
248	1739
3502	1739
4230	3863
155	3863
3198	3863
423	3863
3318	3863
1521	3863
1341	3863
3347	2853
528	2853
3046	2853
3318	2853
248	4233
3084	4233
3046	3347
522	137
3260	137
2874	3959
3061	3959
713	2191
3590	2361
2962	3418
2944	98
1505	98
3756	891
573	891
45	891
1690	891
3756	1515
3573	1515
573	1515
877	1515
475	1515
1497	1515
3798	1515
3573	3756
45	3756
946	3756
1789	3756
2135	3756
573	3573
877	3573
45	573
2326	573
946	573
877	573
1210	573
3385	573
3294	573
3299	573
3657	2600
1690	45
1551	877
4096	3934
3517	3934
1505	461
924	3261
3084	77
2696	230
990	3179
2962	3179
2426	3179
4425	3179
2503	3179
3500	3179
1337	4144
2416	4144
3434	4144
1335	4144
2992	1199
1497	118
1102	158
3798	3734
2581	4147
4221	4147
2344	900
1102	900
925	900
2923	900
306	900
65	20
191	593
3546	462
3783	462
2426	2755
65	2755
2503	2755
1967	2755
306	2755
294	1608
1343	1024
4381	1037
1505	1144
1054	1144
387	1144
3260	1144
4390	1164
1398	1164
109	1164
1234	1164
1362	1164
3058	1164
1876	1164
1173	1164
4395	1164
1017	1164
2562	1164
3930	1164
1441	1164
1881	1164
2605	1164
1398	4390
1234	4390
300	4390
2208	1398
2276	1398
378	1398
1637	1398
1967	1445
472	68
1505	1175
3554	1175
3398	553
2786	553
1505	553
3270	553
282	553
4404	553
3400	553
247	553
797	553
1782	553
282	1644
4446	4230
3037	4230
2992	4230
1487	685
1109	685
2411	2588
306	3539
1497	2756
1487	730
423	730
974	730
196	730
1963	730
454	730
1711	39
843	39
3231	39
3579	39
2468	39
4394	39
3164	528
4334	3908
843	1711
4394	1711
3346	1218
4334	1067
1234	3958
1018	3958
3590	1384
2962	1093
248	3322
3643	3322
1038	248
4076	248
3343	248
3409	248
3027	4100
1347	2362
3343	2362
2127	1789
3643	3120
2944	713
848	2360
260	2360
4076	2360
260	848
4076	848
1340	4030
2660	628
1834	2995
1048	2353
3554	2353
3231	843
2468	843
4394	843
1054	727
1487	727
769	2786
2660	369
2771	802
2939	802
502	630
3346	3480
3907	3480
3493	101
2939	2771
4396	3084
155	3084
2302	3084
681	3084
149	3084
414	3084
1829	3084
2185	3084
2970	3084
3063	3084
3287	3084
3427	3084
3609	3084
4062	3084
4146	3084
4192	3084
3591	3084
2292	1337
239	3231
2803	3231
240	3231
3290	3351
2939	3351
711	3351
3136	419
3554	419
339	419
1487	3850
681	343
3946	147
3590	147
1670	147
926	147
3665	4004
4396	4004
2637	3665
4396	3665
4396	2637
1173	4396
990	4396
1505	4396
4346	4396
281	4396
1038	4396
3584	4396
4076	4396
1173	1362
1017	1362
2562	1362
1441	1362
1196	1362
2562	3058
1441	3058
2562	1876
1441	1876
2578	1876
4395	1173
2562	1173
970	1173
2562	4395
1505	4395
970	4395
2562	1017
3037	1017
1637	1017
4381	584
1753	584
4124	584
670	985
2970	3545
3930	2562
1441	2562
1497	474
3554	474
4381	3873
1397	3873
317	3695
344	3847
3385	840
83	990
3596	990
3517	990
243	990
868	990
1450	990
2399	990
2925	990
3478	990
1869	990
3554	1533
3554	808
4202	808
2944	4279
834	3275
3884	119
756	1170
176	184
191	2564
3517	2102
2344	2159
670	2895
519	2895
4394	2895
2944	1069
3894	1069
874	2944
1505	2944
3894	2944
1341	2944
3591	2944
2098	4445
670	4445
3451	4445
670	2098
1505	874
291	874
3286	1505
502	1505
1196	1505
1310	3617
3400	1160
1521	1310
1547	1310
3612	1310
1341	1310
3230	1347
1554	1347
3554	1347
2141	3031
4308	3031
2962	4188
4381	4188
65	4188
2607	2962
681	2962
2542	2962
43	2962
2693	2962
2820	3230
4178	3230
2416	3230
1038	3230
2608	3230
4076	3230
2515	3230
2504	3230
4178	2820
239	2640
473	2640
2011	2640
3376	2640
1497	2987
2113	2987
3007	2987
3590	3946
3434	3946
323	2457
1967	2457
3482	2457
69	4457
2503	4457
3517	2146
1782	2146
1281	3862
759	1823
2776	1823
473	239
3554	239
2444	239
3294	239
3376	239
1054	3590
3434	3590
1618	3590
1054	1554
1487	1554
1054	3606
3343	3077
3458	3437
2281	83
3517	83
472	83
2177	83
1480	83
3362	83
3526	83
1869	83
1869	3596
1196	1800
4446	1180
282	1180
1315	4360
3500	3136
3554	4446
423	4446
3274	4446
966	4446
3061	4446
1556	2281
1869	2281
1743	4073
3198	4073
3741	4073
1845	4073
3554	755
1487	1054
3434	1054
3260	1054
436	1487
2399	1487
4437	2759
1683	2759
3376	473
2201	1016
1521	1016
1547	1016
1963	2416
926	1497
3225	1497
472	1497
3741	1497
769	1497
2046	1497
763	1497
1056	1497
1251	1497
1959	1497
2197	1497
2554	1497
2741	1497
2822	1497
4047	1497
2483	965
1991	965
2426	2344
1077	2344
2503	2344
423	3270
1688	3270
2775	1991
4381	1991
4045	1964
2468	4222
2783	3831
4381	3831
3434	1670
423	926
3554	2803
4381	4346
3274	3554
2211	3554
4275	3554
1038	3554
4223	3554
693	3554
1315	3554
270	3554
502	3554
1018	3554
1162	3554
2319	3554
2378	3554
2898	3554
3007	3554
3343	3554
2504	3554
3376	3554
1909	3517
924	3517
3785	3517
2988	3434
1963	3434
3018	3434
4394	3579
2341	1995
423	3019
3907	3019
534	2426
1480	2426
1102	2426
492	2426
925	2426
1967	2426
306	2426
1697	1331
1869	1331
4206	423
2633	423
2734	423
3478	423
4373	423
3500	2113
4381	2775
260	3225
4076	3225
2515	3225
3286	4381
2496	4381
75	4381
587	4381
775	4381
799	4381
896	4381
1624	4381
1751	4381
1850	4381
2889	4381
2964	4381
3086	4381
3409	4381
3884	4381
3833	4381
3900	4381
3927	4381
4426	4381
1341	4381
1207	585
984	585
3400	2311
2874	1246
2432	472
3502	2177
1829	2177
2682	2177
2923	2177
4317	2177
1869	2177
2226	3015
1102	4291
4317	4291
1963	4404
3785	3286
1473	3741
3318	3741
3502	3511
3584	2387
149	291
4266	2292
2727	2292
1963	4266
392	4425
2503	4425
1967	4425
2966	4425
65	4037
3366	756
3164	756
75	756
4226	3806
2276	1038
231	534
925	534
1077	534
2503	534
1967	534
4317	534
1340	3153
769	2608
1963	2608
1620	992
4122	2974
2276	3400
2410	3400
4282	1620
2503	681
67	65
1131	65
1892	65
2695	65
2599	65
799	2415
1131	2371
1480	1556
3318	1556
1437	1556
1521	1556
3612	1556
2599	1556
4049	1556
3095	1556
753	879
1502	3876
935	3027
4197	3027
3699	4308
2515	260
1938	2727
4437	3243
1963	3907
1521	3907
3612	3907
3318	1473
2599	1473
2873	4437
1260	4437
2194	2633
726	2633
2939	2633
726	2194
2939	2194
2939	726
3369	1697
141	2988
2503	1480
4363	3599
2599	3318
1863	4093
2503	1102
4331	1102
2923	2276
4302	2276
984	24
2627	52
3482	1774
2581	69
519	124
3900	143
1963	160
2187	210
1747	215
387	272
1077	344
2095	378
3061	378
1675	1963
1709	1963
3343	1963
3500	1963
492	456
779	456
3240	467
4363	492
1751	519
2067	519
1120	531
1967	532
1863	541
1798	576
2836	606
2507	636
3095	712
1056	721
1521	763
1547	763
2503	925
1967	925
2244	925
306	1077
4317	1103
3833	1111
3260	1120
2255	1277
1341	1281
1967	2503
306	2503
4317	2503
3683	1391
1547	1521
1938	1521
373	1521
1341	1521
1555	1521
3095	1521
3612	1547
373	1547
1341	1547
1555	1547
2939	1547
3095	1547
2645	1850
3482	1922
3612	1938
306	1967
4317	1967
3558	1973
3609	1987
373	3612
1341	3612
1555	3612
2939	3612
3095	3612
3687	2222
3482	2352
1869	2399
3482	2567
3007	2581
3482	2835
3210	2836
1869	2925
3482	2957
4358	3087
3482	3122
4282	3192
1397	3287
4045	3568
