2	630
2	845
2	963
2	1394
10	1059
11	507
12	234
12	358
12	680
12	908
12	1480
15	732
16	73
16	179
16	200
16	262
16	359
16	362
16	474
16	782
16	817
16	820
16	910
16	1136
16	1299
16	1369
18	325
18	588
18	828
18	876
18	972
18	1078
18	1328
18	1484
19	684
22	533
22	1033
24	125
24	369
24	669
24	828
25	775
27	569
27	695
27	817
27	1019
27	1048
27	1125
27	1304
29	543
29	1051
31	49
31	66
31	120
31	144
31	160
31	179
31	221
31	254
31	324
31	332
31	366
31	417
31	571
31	582
31	676
31	763
31	786
31	903
31	934
31	959
31	996
31	1009
31	1085
31	1119
31	1250
31	1304
31	1410
31	1436
31	1490
31	1492
33	113
33	1292
41	86
41	158
41	163
41	268
41	307
41	331
41	368
41	610
41	750
41	861
41	877
41	897
41	980
41	1024
41	1070
41	1108
41	1214
41	1222
41	1318
44	259
44	1194
49	66
49	73
49	120
49	140
49	144
49	179
49	200
49	201
49	221
49	254
49	332
49	359
49	366
49	415
49	474
49	505
49	522
49	558
49	569
49	571
49	631
49	777
49	782
49	786
49	817
49	820
49	864
49	903
49	910
49	915
49	934
49	988
49	1028
49	1048
49	1054
49	1085
49	1088
49	1109
49	1119
49	1125
49	1132
49	1168
49	1231
49	1299
49	1304
49	1369
49	1404
49	1410
49	1413
49	1492
53	508
53	1132
54	97
54	187
54	289
54	336
54	337
54	517
54	568
54	815
54	860
54	1100
54	1105
54	1182
54	1230
54	1242
54	1381
54	1408
55	107
55	200
55	201
55	254
55	415
55	474
55	505
55	522
55	569
55	631
55	777
55	810
55	817
55	864
55	915
55	1028
55	1048
55	1054
55	1109
55	1159
55	1168
55	1228
55	1299
55	1304
63	806
64	531
64	816
64	845
66	120
66	144
66	179
66	201
66	221
66	254
66	324
66	345
66	359
66	407
66	415
66	474
66	569
66	571
66	631
66	777
66	782
66	817
66	820
66	864
66	910
66	915
66	988
66	996
66	1028
66	1048
66	1054
66	1109
66	1119
66	1125
66	1132
66	1159
66	1168
66	1231
66	1246
66	1299
66	1304
66	1404
66	1413
66	1436
68	206
68	437
68	551
68	562
68	680
68	766
68	908
68	938
68	1015
68	1124
73	254
73	262
73	362
73	407
73	1136
73	1304
73	1369
74	284
74	626
74	663
74	921
74	1034
74	1116
74	1122
74	1448
75	474
75	642
75	988
75	1299
76	802
76	1226
76	1273
76	1316
76	1338
82	200
86	158
86	163
86	268
86	307
86	331
86	356
86	368
86	610
86	675
86	750
86	861
86	877
86	897
86	1024
86	1070
86	1108
86	1214
86	1318
90	553
95	179
95	569
95	820
95	910
95	915
95	1054
95	1119
95	1132
95	1141
95	1156
95	1299
95	1351
95	1413
95	1434
95	1447
97	289
97	336
97	337
97	517
97	568
97	815
97	822
97	860
97	1100
97	1105
97	1164
97	1182
97	1230
97	1242
97	1381
97	1408
99	222
99	280
99	496
99	550
99	560
99	601
99	697
99	738
99	769
99	799
99	856
99	882
99	1186
99	1212
99	1249
99	1308
99	1336
99	1364
99	1412
99	1486
99	1505
99	1508
100	1449
107	200
107	201
107	359
107	415
107	474
107	505
107	513
107	522
107	569
107	631
107	777
107	817
107	864
107	1028
107	1054
107	1109
107	1125
107	1159
107	1168
107	1299
112	599
113	819
113	1292
119	326
119	476
119	519
119	719
119	875
119	878
119	993
119	1084
119	1147
120	179
120	221
120	254
120	366
120	676
120	786
120	820
120	1085
120	1195
120	1304
120	1436
120	1492
125	369
125	669
125	828
129	158
129	268
129	307
129	331
129	1024
129	1070
129	1108
129	1214
138	571
140	179
140	201
140	493
140	592
140	782
140	820
140	944
140	1132
140	1304
140	1413
142	151
143	508
143	863
143	1132
143	1141
143	1156
143	1434
144	179
144	221
144	324
144	417
144	676
144	786
144	820
144	903
144	944
144	1119
144	1132
144	1231
144	1436
144	1492
145	666
145	981
156	210
156	573
156	604
156	656
156	1203
156	1253
156	1286
158	163
158	268
158	307
158	331
158	368
158	610
158	675
158	750
158	861
158	877
158	897
158	980
158	1024
158	1070
158	1108
158	1188
158	1214
158	1318
160	179
160	221
160	254
160	332
160	366
160	417
160	571
160	582
160	676
160	753
160	763
160	786
160	820
160	903
160	934
160	959
160	1009
160	1085
160	1410
160	1436
160	1490
160	1492
161	1442
163	268
163	307
163	331
163	356
163	368
163	610
163	750
163	861
163	877
163	897
163	980
163	1024
163	1070
163	1108
163	1214
163	1318
164	266
164	618
164	691
164	924
164	929
164	1190
164	1245
169	327
169	652
169	1205
169	1327
174	421
174	523
174	1155
174	1412
174	1442
175	452
179	200
179	201
179	221
179	254
179	324
179	332
179	366
179	417
179	569
179	571
179	582
179	676
179	763
179	782
179	786
179	820
179	903
179	910
179	915
179	934
179	944
179	959
179	1009
179	1048
179	1085
179	1119
179	1132
179	1136
179	1156
179	1159
179	1231
179	1299
179	1304
179	1359
179	1410
179	1413
179	1436
179	1490
179	1492
183	644
184	757
186	936
187	289
187	815
187	1230
189	204
189	592
189	1061
189	1219
189	1478
192	946
200	201
200	254
200	359
200	395
200	415
200	474
200	505
200	522
200	569
200	574
200	631
200	642
200	695
200	777
200	782
200	817
200	820
200	863
200	864
200	910
200	915
200	988
200	1028
200	1048
200	1054
200	1109
200	1125
200	1132
200	1159
200	1168
200	1228
200	1299
200	1304
200	1341
200	1351
200	1404
200	1438
200	1447
201	254
201	359
201	389
201	415
201	433
201	474
201	505
201	513
201	522
201	554
201	569
201	631
201	777
201	782
201	817
201	820
201	864
201	910
201	915
201	988
201	1028
201	1048
201	1054
201	1109
201	1125
201	1159
201	1168
201	1228
201	1299
201	1304
201	1413
201	1447
202	274
202	682
202	1142
204	1061
204	1478
206	562
206	680
206	938
206	1124
208	788
208	795
210	573
210	604
210	656
210	1203
210	1253
210	1286
210	1507
213	504
218	531
218	834
218	1353
219	308
219	428
219	520
219	1224
219	1378
221	254
221	324
221	332
221	366
221	417
221	571
221	582
221	676
221	763
221	786
221	820
221	903
221	934
221	1085
221	1119
221	1231
221	1250
221	1304
221	1359
221	1410
221	1436
221	1492
222	738
222	856
222	882
222	1186
222	1308
222	1336
222	1486
222	1505
222	1508
230	1062
230	1130
233	661
233	944
234	358
234	680
234	908
234	1015
234	1480
254	359
254	366
254	415
254	417
254	474
254	505
254	522
254	558
254	569
254	571
254	631
254	676
254	777
254	782
254	786
254	817
254	820
254	864
254	903
254	910
254	915
254	934
254	966
254	996
254	1019
254	1028
254	1038
254	1048
254	1054
254	1085
254	1088
254	1109
254	1125
254	1159
254	1168
254	1195
254	1228
254	1231
254	1299
254	1304
254	1359
254	1404
254	1410
254	1413
254	1436
254	1438
254	1447
254	1492
254	1507
259	1194
261	450
261	508
261	569
261	895
261	907
261	1132
261	1141
261	1156
261	1351
261	1434
262	1136
262	1304
266	505
266	574
266	618
266	691
266	895
266	910
266	929
266	1141
266	1190
266	1245
266	1299
266	1434
266	1447
267	892
268	307
268	331
268	356
268	368
268	610
268	675
268	750
268	861
268	877
268	897
268	980
268	1024
268	1070
268	1108
268	1214
268	1318
270	519
270	1219
270	1499
274	682
274	1142
277	455
277	718
280	799
280	1212
280	1336
280	1364
280	1486
280	1505
284	626
284	921
284	1034
284	1068
284	1116
284	1122
284	1448
285	989
289	336
289	337
289	517
289	568
289	815
289	860
289	1100
289	1105
289	1164
289	1182
289	1230
289	1242
289	1381
289	1408
296	494
296	896
298	407
298	567
298	883
298	975
300	326
300	519
300	543
300	719
300	993
300	1308
303	695
303	1078
303	1344
307	331
307	356
307	368
307	610
307	675
307	750
307	861
307	877
307	897
307	980
307	1024
307	1070
307	1108
307	1214
307	1222
307	1318
308	428
308	520
308	1224
308	1378
309	551
309	562
309	659
309	680
309	938
316	720
324	431
324	676
324	786
324	820
324	1231
324	1246
324	1304
324	1410
324	1436
324	1492
325	588
325	828
325	876
325	972
325	1078
325	1484
326	476
326	559
326	719
326	875
326	878
326	993
326	1067
326	1073
326	1084
327	652
327	1205
327	1327
331	356
331	368
331	610
331	675
331	750
331	861
331	877
331	897
331	980
331	1024
331	1070
331	1108
331	1214
331	1222
331	1318
332	366
332	396
332	417
332	571
332	582
332	676
332	753
332	763
332	786
332	903
332	934
332	959
332	1009
332	1085
332	1410
332	1436
332	1490
332	1492
333	473
336	337
336	517
336	568
336	815
336	860
336	1100
336	1105
336	1182
336	1230
336	1242
336	1381
336	1408
337	517
337	568
337	815
337	860
337	1100
337	1105
337	1182
337	1230
337	1242
337	1381
337	1408
342	556
345	1246
356	861
356	877
356	1024
356	1070
358	680
358	908
358	1015
358	1480
359	474
359	505
359	513
359	522
359	569
359	631
359	642
359	777
359	782
359	817
359	864
359	910
359	988
359	1028
359	1048
359	1054
359	1109
359	1125
359	1159
359	1299
359	1304
359	1413
359	1438
359	1447
362	1136
362	1369
363	493
366	417
366	526
366	571
366	582
366	676
366	753
366	763
366	786
366	820
366	903
366	934
366	959
366	1009
366	1085
366	1304
366	1410
366	1436
366	1490
366	1492
368	610
368	750
368	861
368	877
368	897
368	1024
368	1070
368	1214
368	1222
368	1318
369	669
369	828
380	502
380	1216
381	945
385	778
385	952
385	1058
387	549
387	663
387	1181
395	642
395	820
395	1048
395	1299
395	1447
396	582
396	1085
396	1410
397	905
397	1147
400	791
404	724
404	1089
404	1265
407	567
407	883
407	957
407	975
407	1136
411	459
415	474
415	505
415	522
415	569
415	631
415	777
415	782
415	817
415	820
415	864
415	910
415	915
415	988
415	1028
415	1048
415	1054
415	1109
415	1125
415	1159
415	1168
415	1228
415	1299
415	1304
415	1341
415	1404
415	1447
417	571
417	582
417	676
417	763
417	786
417	903
417	934
417	959
417	1009
417	1085
417	1304
417	1410
417	1436
417	1490
417	1492
418	546
418	834
418	964
421	523
421	1412
421	1442
428	520
428	1224
433	1021
433	1109
437	680
437	766
440	904
446	720
450	508
450	574
450	691
450	863
450	907
450	911
450	1132
450	1141
450	1156
450	1299
450	1351
450	1413
450	1434
455	718
457	952
463	531
464	637
464	1073
464	1239
469	612
469	639
469	648
469	692
473	969
474	505
474	513
474	522
474	569
474	631
474	642
474	777
474	782
474	817
474	820
474	864
474	910
474	915
474	988
474	990
474	996
474	1028
474	1048
474	1054
474	1109
474	1125
474	1159
474	1168
474	1228
474	1229
474	1299
474	1304
474	1404
474	1438
474	1447
476	519
476	559
476	719
476	875
476	878
476	993
476	1067
476	1073
476	1084
476	1147
485	571
485	700
485	1012
485	1051
485	1282
485	1293
485	1298
485	1309
493	592
493	727
493	782
493	944
494	896
496	550
496	560
496	601
496	697
496	769
496	1249
496	1336
496	1412
496	1505
502	1216
505	513
505	522
505	569
505	631
505	642
505	777
505	782
505	817
505	820
505	863
505	864
505	895
505	910
505	915
505	988
505	989
505	1007
505	1028
505	1048
505	1054
505	1109
505	1125
505	1159
505	1168
505	1228
505	1229
505	1299
505	1304
505	1404
505	1438
505	1447
507	1017
508	574
508	691
508	863
508	907
508	911
508	1132
508	1141
508	1156
508	1299
508	1351
508	1413
508	1434
513	569
513	631
513	777
513	817
513	864
513	1054
513	1125
513	1299
514	1386
517	568
517	815
517	822
517	860
517	1100
517	1105
517	1182
517	1230
517	1242
517	1381
517	1408
519	719
519	875
520	546
520	1224
520	1378
522	569
522	631
522	777
522	782
522	817
522	864
522	910
522	915
522	988
522	1007
522	1028
522	1048
522	1054
522	1109
522	1125
522	1132
522	1159
522	1168
522	1299
522	1304
522	1413
522	1447
523	1155
523	1412
523	1442
526	676
526	934
531	711
531	834
531	945
533	1033
533	1289
546	625
547	910
549	1181
549	1442
550	560
550	601
550	697
550	769
550	1249
550	1336
550	1412
550	1505
551	562
551	659
551	680
551	938
551	1470
554	777
554	817
554	864
558	1132
558	1195
558	1299
559	719
559	878
559	993
559	1067
559	1073
559	1084
560	601
560	697
560	769
560	1249
560	1505
561	1411
562	659
562	680
562	938
562	1124
562	1470
567	883
567	975
568	815
568	822
568	860
568	1100
568	1105
568	1182
568	1230
568	1242
568	1381
568	1408
569	631
569	777
569	782
569	817
569	820
569	864
569	895
569	910
569	915
569	988
569	996
569	1019
569	1028
569	1048
569	1054
569	1109
569	1125
569	1132
569	1156
569	1159
569	1168
569	1175
569	1228
569	1299
569	1304
569	1332
569	1341
569	1404
569	1413
569	1438
569	1447
571	582
571	676
571	700
571	763
571	786
571	820
571	934
571	959
571	960
571	1009
571	1085
571	1119
571	1132
571	1293
571	1298
571	1299
571	1304
571	1410
571	1436
571	1492
573	604
573	656
573	1203
573	1253
573	1286
574	618
574	691
574	895
574	910
574	911
574	915
574	929
574	1132
574	1141
574	1156
574	1190
574	1245
574	1299
574	1351
574	1413
574	1434
574	1447
581	1493
582	676
582	763
582	786
582	903
582	934
582	959
582	1085
582	1410
582	1436
582	1492
588	828
588	876
588	972
588	1028
588	1078
588	1328
588	1484
592	768
592	782
594	892
601	697
601	769
601	1249
601	1336
601	1412
601	1505
604	656
604	1203
604	1253
604	1286
606	1001
606	1139
610	750
610	861
610	877
610	897
610	980
610	1024
610	1108
610	1214
611	989
612	639
612	648
612	692
613	1183
614	1167
616	945
618	691
618	929
618	1141
618	1190
618	1245
618	1299
623	1428
624	1041
626	1034
626	1068
626	1122
630	758
630	1507
631	777
631	782
631	817
631	864
631	910
631	988
631	1028
631	1048
631	1054
631	1109
631	1125
631	1159
631	1299
631	1304
631	1404
631	1438
631	1447
634	865
637	1073
637	1239
638	1170
639	648
639	692
642	820
642	864
642	910
642	996
642	1109
642	1132
642	1159
642	1245
642	1299
642	1304
642	1447
642	1507
647	941
648	692
652	1205
652	1327
653	1221
656	1203
656	1253
656	1286
659	938
661	915
661	944
661	1231
663	921
663	1122
663	1448
666	981
669	828
671	720
673	1336
673	1364
673	1505
675	1024
675	1108
675	1214
676	753
676	763
676	786
676	820
676	903
676	934
676	959
676	1009
676	1085
676	1304
676	1410
676	1436
676	1490
676	1492
680	766
680	908
680	938
680	1015
680	1124
680	1480
682	1142
684	956
689	1175
691	895
691	907
691	911
691	929
691	1132
691	1141
691	1156
691	1190
691	1245
691	1299
691	1351
691	1434
695	1019
695	1344
697	769
697	1249
697	1336
697	1412
697	1505
700	846
700	1012
700	1051
700	1282
700	1293
700	1298
700	1309
704	1182
719	875
719	878
719	993
719	1067
719	1073
719	1084
724	1089
724	1265
731	1124
738	856
738	882
738	1186
738	1308
738	1486
738	1505
738	1508
746	1274
750	861
750	877
750	897
750	980
750	1024
750	1070
750	1108
750	1214
750	1318
753	763
753	934
753	959
753	1009
753	1085
755	1283
758	817
758	1088
763	786
763	903
763	934
763	959
763	1009
763	1085
763	1410
763	1436
763	1490
763	1492
765	1420
766	938
766	1023
769	1249
769	1336
769	1412
769	1505
777	782
777	817
777	864
777	910
777	915
777	988
777	1028
777	1048
777	1054
777	1109
777	1125
777	1159
777	1168
777	1228
777	1229
777	1299
777	1304
777	1341
777	1404
777	1438
777	1447
778	952
778	1058
781	1041
782	786
782	817
782	820
782	864
782	910
782	915
782	944
782	988
782	1028
782	1036
782	1048
782	1054
782	1088
782	1109
782	1125
782	1159
782	1168
782	1299
782	1304
782	1413
782	1418
786	817
786	820
786	903
786	934
786	959
786	1009
786	1085
786	1250
786	1304
786	1359
786	1410
786	1436
786	1490
786	1492
788	795
799	1212
799	1336
799	1364
799	1486
799	1505
802	1226
802	1273
802	1338
806	989
815	860
815	1100
815	1105
815	1164
815	1182
815	1230
815	1242
815	1381
815	1408
817	820
817	864
817	910
817	915
817	988
817	1028
817	1048
817	1054
817	1085
817	1088
817	1109
817	1125
817	1159
817	1168
817	1228
817	1229
817	1299
817	1304
817	1404
817	1413
817	1438
817	1507
819	1292
820	910
820	915
820	944
820	996
820	1048
820	1054
820	1085
820	1088
820	1119
820	1125
820	1132
820	1159
820	1231
820	1299
820	1304
820	1404
820	1413
820	1436
820	1438
820	1492
822	1381
822	1408
828	876
828	972
828	1028
828	1078
828	1328
828	1484
834	929
841	918
841	1270
845	963
845	1394
846	1035
846	1293
846	1298
856	882
856	1186
856	1308
856	1486
856	1505
856	1508
860	1100
860	1105
860	1182
860	1230
860	1242
860	1381
860	1408
861	877
861	897
861	980
861	1024
861	1070
861	1108
861	1214
863	895
863	910
863	911
863	915
863	949
863	1132
863	1141
863	1156
863	1299
863	1351
863	1413
863	1434
864	910
864	915
864	988
864	1007
864	1028
864	1036
864	1048
864	1054
864	1109
864	1125
864	1159
864	1168
864	1228
864	1229
864	1299
864	1304
864	1438
864	1447
875	993
875	1073
875	1084
876	972
876	1078
876	1484
877	897
877	980
877	1024
877	1070
877	1108
877	1214
878	993
878	1067
878	1073
878	1084
882	1186
882	1308
882	1336
882	1486
882	1505
882	1508
883	975
884	985
884	1123
895	910
895	911
895	915
895	1132
895	1141
895	1156
895	1245
895	1299
895	1304
895	1413
897	980
897	1024
897	1070
897	1108
897	1214
897	1318
899	1211
900	1218
900	1495
903	934
903	959
903	1009
903	1085
903	1410
903	1436
903	1490
903	1492
905	1147
907	911
907	1125
907	1132
907	1141
907	1156
907	1299
907	1351
907	1434
908	938
908	1015
908	1124
908	1480
910	911
910	915
910	949
910	1019
910	1028
910	1048
910	1054
910	1109
910	1125
910	1132
910	1141
910	1156
910	1159
910	1175
910	1228
910	1299
910	1304
910	1351
910	1404
910	1413
910	1434
910	1438
910	1447
911	915
911	1132
911	1141
911	1156
911	1299
911	1351
911	1413
911	1434
915	949
915	988
915	1019
915	1028
915	1048
915	1054
915	1109
915	1119
915	1125
915	1132
915	1141
915	1159
915	1168
915	1228
915	1299
915	1304
915	1404
915	1413
915	1438
918	963
918	1270
921	1116
921	1122
921	1448
924	1245
929	945
929	1141
929	1190
929	1245
934	959
934	1009
934	1085
934	1410
934	1436
934	1490
934	1492
937	1473
938	1124
944	1119
944	1132
944	1231
944	1299
949	1413
952	1058
959	1009
959	1085
959	1410
959	1436
959	1490
959	1492
961	1494
963	1270
963	1394
963	1413
964	1167
966	1168
972	1028
972	1078
972	1484
973	988
976	1346
980	1024
980	1070
980	1108
980	1214
985	1123
988	1028
988	1048
988	1054
988	1109
988	1125
988	1159
988	1228
988	1404
988	1438
988	1447
990	1109
993	1067
993	1073
993	1084
996	1038
996	1088
996	1109
996	1195
996	1304
996	1447
1001	1139
1005	1507
1007	1299
1009	1085
1009	1410
1009	1436
1009	1490
1009	1492
1011	1374
1012	1282
1012	1293
1012	1298
1012	1309
1015	1480
1019	1054
1019	1132
1019	1413
1024	1070
1024	1108
1024	1214
1024	1222
1024	1318
1028	1048
1028	1054
1028	1078
1028	1109
1028	1125
1028	1132
1028	1159
1028	1168
1028	1228
1028	1299
1028	1304
1028	1404
1028	1413
1028	1438
1028	1447
1031	1108
1031	1214
1034	1068
1034	1122
1036	1048
1036	1304
1038	1304
1048	1054
1048	1109
1048	1125
1048	1132
1048	1159
1048	1168
1048	1228
1048	1299
1048	1304
1048	1404
1048	1438
1048	1447
1051	1147
1051	1282
1051	1293
1051	1298
1051	1309
1054	1109
1054	1125
1054	1132
1054	1141
1054	1156
1054	1159
1054	1168
1054	1175
1054	1228
1054	1299
1054	1304
1054	1341
1054	1404
1054	1438
1054	1447
1061	1478
1062	1130
1067	1073
1067	1084
1068	1122
1070	1108
1070	1214
1070	1222
1070	1318
1073	1084
1073	1239
1073	1412
1076	1220
1078	1344
1081	1226
1081	1273
1082	1270
1085	1304
1085	1410
1085	1436
1085	1490
1085	1492
1088	1304
1088	1507
1089	1265
1100	1105
1100	1182
1100	1230
1100	1381
1100	1408
1105	1182
1105	1230
1105	1242
1105	1408
1108	1214
1109	1125
1109	1159
1109	1168
1109	1228
1109	1229
1109	1299
1109	1304
1109	1438
1116	1122
1116	1448
1119	1132
1119	1156
1119	1351
1119	1410
1122	1448
1124	1360
1125	1132
1125	1141
1125	1159
1125	1168
1125	1228
1125	1229
1125	1299
1125	1304
1125	1341
1125	1404
1125	1413
1125	1438
1125	1447
1128	1248
1128	1426
1132	1141
1132	1156
1132	1159
1132	1231
1132	1299
1132	1304
1132	1351
1132	1413
1132	1434
1132	1438
1136	1369
1141	1156
1141	1190
1141	1245
1141	1299
1141	1351
1141	1413
1141	1434
1141	1447
1151	1483
1152	1402
1155	1412
1155	1442
1156	1299
1156	1351
1156	1413
1156	1434
1156	1438
1159	1168
1159	1228
1159	1299
1159	1304
1159	1404
1159	1438
1159	1447
1168	1228
1168	1299
1168	1304
1168	1404
1168	1418
1168	1472
1175	1299
1182	1230
1182	1381
1182	1408
1186	1308
1186	1336
1186	1486
1186	1505
1186	1508
1190	1245
1190	1299
1203	1253
1203	1286
1205	1327
1206	1254
1212	1336
1212	1364
1212	1486
1212	1505
1214	1222
1214	1318
1218	1495
1219	1499
1224	1378
1226	1273
1226	1316
1226	1338
1228	1299
1228	1304
1228	1404
1228	1413
1228	1447
1230	1242
1230	1381
1230	1408
1239	1412
1242	1408
1245	1299
1245	1413
1245	1447
1248	1426
1249	1336
1249	1412
1249	1505
1250	1436
1253	1286
1268	1488
1273	1316
1273	1338
1282	1293
1282	1298
1282	1309
1293	1298
1298	1309
1299	1304
1299	1351
1299	1404
1299	1413
1299	1434
1299	1438
1299	1447
1299	1507
1304	1359
1304	1404
1304	1410
1304	1413
1304	1436
1304	1438
1304	1447
1304	1492
1308	1336
1308	1486
1308	1505
1308	1508
1336	1364
1336	1486
1336	1505
1336	1508
1351	1413
1351	1434
1359	1410
1359	1490
1364	1486
1364	1505
1381	1408
1410	1436
1410	1490
1410	1492
1412	1442
1412	1505
1413	1434
1413	1447
1436	1490
1436	1492
1486	1505
1486	1508
1490	1492
1505	1508
630	2
845	2
963	2
1394	2
1059	10
507	11
234	12
358	12
680	12
908	12
1480	12
732	15
73	16
179	16
200	16
262	16
359	16
362	16
474	16
782	16
817	16
820	16
910	16
1136	16
1299	16
1369	16
325	18
588	18
828	18
876	18
972	18
1078	18
1328	18
1484	18
684	19
533	22
1033	22
125	24
369	24
669	24
828	24
775	25
569	27
695	27
817	27
1019	27
1048	27
1125	27
1304	27
543	29
1051	29
49	31
66	31
120	31
144	31
160	31
179	31
221	31
254	31
324	31
332	31
366	31
417	31
571	31
582	31
676	31
763	31
786	31
903	31
934	31
959	31
996	31
1009	31
1085	31
1119	31
1250	31
1304	31
1410	31
1436	31
1490	31
1492	31
113	33
1292	33
86	41
158	41
163	41
268	41
307	41
331	41
368	41
610	41
750	41
861	41
877	41
897	41
980	41
1024	41
1070	41
1108	41
1214	41
1222	41
1318	41
259	44
1194	44
66	49
73	49
120	49
140	49
144	49
179	49
200	49
201	49
221	49
254	49
332	49
359	49
366	49
415	49
474	49
505	49
522	49
558	49
569	49
571	49
631	49
777	49
782	49
786	49
817	49
820	49
864	49
903	49
910	49
915	49
934	49
988	49
1028	49
1048	49
1054	49
1085	49
1088	49
1109	49
1119	49
1125	49
1132	49
1168	49
1231	49
1299	49
1304	49
1369	49
1404	49
1410	49
1413	49
1492	49
508	53
1132	53
97	54
187	54
289	54
336	54
337	54
517	54
568	54
815	54
860	54
1100	54
1105	54
1182	54
1230	54
1242	54
1381	54
1408	54
107	55
200	55
201	55
254	55
415	55
474	55
505	55
522	55
569	55
631	55
777	55
810	55
817	55
864	55
915	55
1028	55
1048	55
1054	55
1109	55
1159	55
1168	55
1228	55
1299	55
1304	55
806	63
531	64
816	64
845	64
120	66
144	66
179	66
201	66
221	66
254	66
324	66
345	66
359	66
407	66
415	66
474	66
569	66
571	66
631	66
777	66
782	66
817	66
820	66
864	66
910	66
915	66
988	66
996	66
1028	66
1048	66
1054	66
1109	66
1119	66
1125	66
1132	66
1159	66
1168	66
1231	66
1246	66
1299	66
1304	66
1404	66
1413	66
1436	66
206	68
437	68
551	68
562	68
680	68
766	68
908	68
938	68
1015	68
1124	68
254	73
262	73
362	73
407	73
1136	73
1304	73
1369	73
284	74
626	74
663	74
921	74
1034	74
1116	74
1122	74
1448	74
474	75
642	75
988	75
1299	75
802	76
1226	76
1273	76
1316	76
1338	76
200	82
158	86
163	86
268	86
307	86
331	86
356	86
368	86
610	86
675	86
750	86
861	86
877	86
897	86
1024	86
1070	86
1108	86
1214	86
1318	86
553	90
179	95
569	95
820	95
910	95
915	95
1054	95
1119	95
1132	95
1141	95
1156	95
1299	95
1351	95
1413	95
1434	95
1447	95
289	97
336	97
337	97
517	97
568	97
815	97
822	97
860	97
1100	97
1105	97
1164	97
1182	97
1230	97
1242	97
1381	97
1408	97
222	99
280	99
496	99
550	99
560	99
601	99
697	99
738	99
769	99
799	99
856	99
882	99
1186	99
1212	99
1249	99
1308	99
1336	99
1364	99
1412	99
1486	99
1505	99
1508	99
1449	100
200	107
201	107
359	107
415	107
474	107
505	107
513	107
522	107
569	107
631	107
777	107
817	107
864	107
1028	107
1054	107
1109	107
1125	107
1159	107
1168	107
1299	107
599	112
819	113
1292	113
326	119
476	119
519	119
719	119
875	119
878	119
993	119
1084	119
1147	119
179	120
221	120
254	120
366	120
676	120
786	120
820	120
1085	120
1195	120
1304	120
1436	120
1492	120
369	125
669	125
828	125
158	129
268	129
307	129
331	129
1024	129
1070	129
1108	129
1214	129
571	138
179	140
201	140
493	140
592	140
782	140
820	140
944	140
1132	140
1304	140
1413	140
151	142
508	143
863	143
1132	143
1141	143
1156	143
1434	143
179	144
221	144
324	144
417	144
676	144
786	144
820	144
903	144
944	144
1119	144
1132	144
1231	144
1436	144
1492	144
666	145
981	145
210	156
573	156
604	156
656	156
1203	156
1253	156
1286	156
163	158
268	158
307	158
331	158
368	158
610	158
675	158
750	158
861	158
877	158
897	158
980	158
1024	158
1070	158
1108	158
1188	158
1214	158
1318	158
179	160
221	160
254	160
332	160
366	160
417	160
571	160
582	160
676	160
753	160
763	160
786	160
820	160
903	160
934	160
959	160
1009	160
1085	160
1410	160
1436	160
1490	160
1492	160
1442	161
268	163
307	163
331	163
356	163
368	163
610	163
750	163
861	163
877	163
897	163
980	163
1024	163
1070	163
1108	163
1214	163
1318	163
266	164
618	164
691	164
924	164
929	164
1190	164
1245	164
327	169
652	169
1205	169
1327	169
421	174
523	174
1155	174
1412	174
1442	174
452	175
200	179
201	179
221	179
254	179
324	179
332	179
366	179
417	179
569	179
571	179
582	179
676	179
763	179
782	179
786	179
820	179
903	179
910	179
915	179
934	179
944	179
959	179
1009	179
1048	179
1085	179
1119	179
1132	179
1136	179
1156	179
1159	179
1231	179
1299	179
1304	179
1359	179
1410	179
1413	179
1436	179
1490	179
1492	179
644	183
757	184
936	186
289	187
815	187
1230	187
204	189
592	189
1061	189
1219	189
1478	189
946	192
201	200
254	200
359	200
395	200
415	200
474	200
505	200
522	200
569	200
574	200
631	200
642	200
695	200
777	200
782	200
817	200
820	200
863	200
864	200
910	200
915	200
988	200
1028	200
1048	200
1054	200
1109	200
1125	200
1132	200
1159	200
1168	200
1228	200
1299	200
1304	200
1341	200
1351	200
1404	200
1438	200
1447	200
254	201
359	201
389	201
415	201
433	201
474	201
505	201
513	201
522	201
554	201
569	201
631	201
777	201
782	201
817	201
820	201
864	201
910	201
915	201
988	201
1028	201
1048	201
1054	201
1109	201
1125	201
1159	201
1168	201
1228	201
1299	201
1304	201
1413	201
1447	201
274	202
682	202
1142	202
1061	204
1478	204
562	206
680	206
938	206
1124	206
788	208
795	208
573	210
604	210
656	210
1203	210
1253	210
1286	210
1507	210
504	213
531	218
834	218
1353	218
308	219
428	219
520	219
1224	219
1378	219
254	221
324	221
332	221
366	221
417	221
571	221
582	221
676	221
763	221
786	221
820	221
903	221
934	221
1085	221
1119	221
1231	221
1250	221
1304	221
1359	221
1410	221
1436	221
1492	221
738	222
856	222
882	222
1186	222
1308	222
1336	222
1486	222
1505	222
1508	222
1062	230
1130	230
661	233
944	233
358	234
680	234
908	234
1015	234
1480	234
359	254
366	254
415	254
417	254
474	254
505	254
522	254
558	254
569	254
571	254
631	254
676	254
777	254
782	254
786	254
817	254
820	254
864	254
903	254
910	254
915	254
934	254
966	254
996	254
1019	254
1028	254
1038	254
1048	254
1054	254
1085	254
1088	254
1109	254
1125	254
1159	254
1168	254
1195	254
1228	254
1231	254
1299	254
1304	254
1359	254
1404	254
1410	254
1413	254
1436	254
1438	254
1447	254
1492	254
1507	254
1194	259
450	261
508	261
569	261
895	261
907	261
1132	261
1141	261
1156	261
1351	261
1434	261
1136	262
1304	262
505	266
574	266
618	266
691	266
895	266
910	266
929	266
1141	266
1190	266
1245	266
1299	266
1434	266
1447	266
892	267
307	268
331	268
356	268
368	268
610	268
675	268
750	268
861	268
877	268
897	268
980	268
1024	268
1070	268
1108	268
1214	268
1318	268
519	270
1219	270
1499	270
682	274
1142	274
455	277
718	277
799	280
1212	280
1336	280
1364	280
1486	280
1505	280
626	284
921	284
1034	284
1068	284
1116	284
1122	284
1448	284
989	285
336	289
337	289
517	289
568	289
815	289
860	289
1100	289
1105	289
1164	289
1182	289
1230	289
1242	289
1381	289
1408	289
494	296
896	296
407	298
567	298
883	298
975	298
326	300
519	300
543	300
719	300
993	300
1308	300
695	303
1078	303
1344	303
331	307
356	307
368	307
610	307
675	307
750	307
861	307
877	307
897	307
980	307
1024	307
1070	307
1108	307
1214	307
1222	307
1318	307
428	308
520	308
1224	308
1378	308
551	309
562	309
659	309
680	309
938	309
720	316
431	324
676	324
786	324
820	324
1231	324
1246	324
1304	324
1410	324
1436	324
1492	324
588	325
828	325
876	325
972	325
1078	325
1484	325
476	326
559	326
719	326
875	326
878	326
993	326
1067	326
1073	326
1084	326
652	327
1205	327
1327	327
356	331
368	331
610	331
675	331
750	331
861	331
877	331
897	331
980	331
1024	331
1070	331
1108	331
1214	331
1222	331
1318	331
366	332
396	332
417	332
571	332
582	332
676	332
753	332
763	332
786	332
903	332
934	332
959	332
1009	332
1085	332
1410	332
1436	332
1490	332
1492	332
473	333
337	336
517	336
568	336
815	336
860	336
1100	336
1105	336
1182	336
1230	336
1242	336
1381	336
1408	336
517	337
568	337
815	337
860	337
1100	337
1105	337
1182	337
1230	337
1242	337
1381	337
1408	337
556	342
1246	345
861	356
877	356
1024	356
1070	356
680	358
908	358
1015	358
1480	358
474	359
505	359
513	359
522	359
569	359
631	359
642	359
777	359
782	359
817	359
864	359
910	359
988	359
1028	359
1048	359
1054	359
1109	359
1125	359
1159	359
1299	359
1304	359
1413	359
1438	359
1447	359
1136	362
1369	362
493	363
417	366
526	366
571	366
582	366
676	366
753	366
763	366
786	366
820	366
903	366
934	366
959	366
1009	366
1085	366
1304	366
1410	366
1436	366
1490	366
1492	366
610	368
750	368
861	368
877	368
897	368
1024	368
1070	368
1214	368
1222	368
1318	368
669	369
828	369
502	380
1216	380
945	381
778	385
952	385
1058	385
549	387
663	387
1181	387
642	395
820	395
1048	395
1299	395
1447	395
582	396
1085	396
1410	396
905	397
1147	397
791	400
724	404
1089	404
1265	404
567	407
883	407
957	407
975	407
1136	407
459	411
474	415
505	415
522	415
569	415
631	415
777	415
782	415
817	415
820	415
864	415
910	415
915	415
988	415
1028	415
1048	415
1054	415
1109	415
1125	415
1159	415
1168	415
1228	415
1299	415
1304	415
1341	415
1404	415
1447	415
571	417
582	417
676	417
763	417
786	417
903	417
934	417
959	417
1009	417
1085	417
1304	417
1410	417
1436	417
1490	417
1492	417
546	418
834	418
964	418
523	421
1412	421
1442	421
520	428
1224	428
1021	433
1109	433
680	437
766	437
904	440
720	446
508	450
574	450
691	450
863	450
907	450
911	450
1132	450
1141	450
1156	450
1299	450
1351	450
1413	450
1434	450
718	455
952	457
531	463
637	464
1073	464
1239	464
612	469
639	469
648	469
692	469
969	473
505	474
513	474
522	474
569	474
631	474
642	474
777	474
782	474
817	474
820	474
864	474
910	474
915	474
988	474
990	474
996	474
1028	474
1048	474
1054	474
1109	474
1125	474
1159	474
1168	474
1228	474
1229	474
1299	474
1304	474
1404	474
1438	474
1447	474
519	476
559	476
719	476
875	476
878	476
993	476
1067	476
1073	476
1084	476
1147	476
571	485
700	485
1012	485
1051	485
1282	485
1293	485
1298	485
1309	485
592	493
727	493
782	493
944	493
896	494
550	496
560	496
601	496
697	496
769	496
1249	496
1336	496
1412	496
1505	496
1216	502
513	505
522	505
569	505
631	505
642	505
777	505
782	505
817	505
820	505
863	505
864	505
895	505
910	505
915	505
988	505
989	505
1007	505
1028	505
1048	505
1054	505
1109	505
1125	505
1159	505
1168	505
1228	505
1229	505
1299	505
1304	505
1404	505
1438	505
1447	505
1017	507
574	508
691	508
863	508
907	508
911	508
1132	508
1141	508
1156	508
1299	508
1351	508
1413	508
1434	508
569	513
631	513
777	513
817	513
864	513
1054	513
1125	513
1299	513
1386	514
568	517
815	517
822	517
860	517
1100	517
1105	517
1182	517
1230	517
1242	517
1381	517
1408	517
719	519
875	519
546	520
1224	520
1378	520
569	522
631	522
777	522
782	522
817	522
864	522
910	522
915	522
988	522
1007	522
1028	522
1048	522
1054	522
1109	522
1125	522
1132	522
1159	522
1168	522
1299	522
1304	522
1413	522
1447	522
1155	523
1412	523
1442	523
676	526
934	526
711	531
834	531
945	531
1033	533
1289	533
625	546
910	547
1181	549
1442	549
560	550
601	550
697	550
769	550
1249	550
1336	550
1412	550
1505	550
562	551
659	551
680	551
938	551
1470	551
777	554
817	554
864	554
1132	558
1195	558
1299	558
719	559
878	559
993	559
1067	559
1073	559
1084	559
601	560
697	560
769	560
1249	560
1505	560
1411	561
659	562
680	562
938	562
1124	562
1470	562
883	567
975	567
815	568
822	568
860	568
1100	568
1105	568
1182	568
1230	568
1242	568
1381	568
1408	568
631	569
777	569
782	569
817	569
820	569
864	569
895	569
910	569
915	569
988	569
996	569
1019	569
1028	569
1048	569
1054	569
1109	569
1125	569
1132	569
1156	569
1159	569
1168	569
1175	569
1228	569
1299	569
1304	569
1332	569
1341	569
1404	569
1413	569
1438	569
1447	569
582	571
676	571
700	571
763	571
786	571
820	571
934	571
959	571
960	571
1009	571
1085	571
1119	571
1132	571
1293	571
1298	571
1299	571
1304	571
1410	571
1436	571
1492	571
604	573
656	573
1203	573
1253	573
1286	573
618	574
691	574
895	574
910	574
911	574
915	574
929	574
1132	574
1141	574
1156	574
1190	574
1245	574
1299	574
1351	574
1413	574
1434	574
1447	574
1493	581
676	582
763	582
786	582
903	582
934	582
959	582
1085	582
1410	582
1436	582
1492	582
828	588
876	588
972	588
1028	588
1078	588
1328	588
1484	588
768	592
782	592
892	594
697	601
769	601
1249	601
1336	601
1412	601
1505	601
656	604
1203	604
1253	604
1286	604
1001	606
1139	606
750	610
861	610
877	610
897	610
980	610
1024	610
1108	610
1214	610
989	611
639	612
648	612
692	612
1183	613
1167	614
945	616
691	618
929	618
1141	618
1190	618
1245	618
1299	618
1428	623
1041	624
1034	626
1068	626
1122	626
758	630
1507	630
777	631
782	631
817	631
864	631
910	631
988	631
1028	631
1048	631
1054	631
1109	631
1125	631
1159	631
1299	631
1304	631
1404	631
1438	631
1447	631
865	634
1073	637
1239	637
1170	638
648	639
692	639
820	642
864	642
910	642
996	642
1109	642
1132	642
1159	642
1245	642
1299	642
1304	642
1447	642
1507	642
941	647
692	648
1205	652
1327	652
1221	653
1203	656
1253	656
1286	656
938	659
915	661
944	661
1231	661
921	663
1122	663
1448	663
981	666
828	669
720	671
1336	673
1364	673
1505	673
1024	675
1108	675
1214	675
753	676
763	676
786	676
820	676
903	676
934	676
959	676
1009	676
1085	676
1304	676
1410	676
1436	676
1490	676
1492	676
766	680
908	680
938	680
1015	680
1124	680
1480	680
1142	682
956	684
1175	689
895	691
907	691
911	691
929	691
1132	691
1141	691
1156	691
1190	691
1245	691
1299	691
1351	691
1434	691
1019	695
1344	695
769	697
1249	697
1336	697
1412	697
1505	697
846	700
1012	700
1051	700
1282	700
1293	700
1298	700
1309	700
1182	704
875	719
878	719
993	719
1067	719
1073	719
1084	719
1089	724
1265	724
1124	731
856	738
882	738
1186	738
1308	738
1486	738
1505	738
1508	738
1274	746
861	750
877	750
897	750
980	750
1024	750
1070	750
1108	750
1214	750
1318	750
763	753
934	753
959	753
1009	753
1085	753
1283	755
817	758
1088	758
786	763
903	763
934	763
959	763
1009	763
1085	763
1410	763
1436	763
1490	763
1492	763
1420	765
938	766
1023	766
1249	769
1336	769
1412	769
1505	769
782	777
817	777
864	777
910	777
915	777
988	777
1028	777
1048	777
1054	777
1109	777
1125	777
1159	777
1168	777
1228	777
1229	777
1299	777
1304	777
1341	777
1404	777
1438	777
1447	777
952	778
1058	778
1041	781
786	782
817	782
820	782
864	782
910	782
915	782
944	782
988	782
1028	782
1036	782
1048	782
1054	782
1088	782
1109	782
1125	782
1159	782
1168	782
1299	782
1304	782
1413	782
1418	782
817	786
820	786
903	786
934	786
959	786
1009	786
1085	786
1250	786
1304	786
1359	786
1410	786
1436	786
1490	786
1492	786
795	788
1212	799
1336	799
1364	799
1486	799
1505	799
1226	802
1273	802
1338	802
989	806
860	815
1100	815
1105	815
1164	815
1182	815
1230	815
1242	815
1381	815
1408	815
820	817
864	817
910	817
915	817
988	817
1028	817
1048	817
1054	817
1085	817
1088	817
1109	817
1125	817
1159	817
1168	817
1228	817
1229	817
1299	817
1304	817
1404	817
1413	817
1438	817
1507	817
1292	819
910	820
915	820
944	820
996	820
1048	820
1054	820
1085	820
1088	820
1119	820
1125	820
1132	820
1159	820
1231	820
1299	820
1304	820
1404	820
1413	820
1436	820
1438	820
1492	820
1381	822
1408	822
876	828
972	828
1028	828
1078	828
1328	828
1484	828
929	834
918	841
1270	841
963	845
1394	845
1035	846
1293	846
1298	846
882	856
1186	856
1308	856
1486	856
1505	856
1508	856
1100	860
1105	860
1182	860
1230	860
1242	860
1381	860
1408	860
877	861
897	861
980	861
1024	861
1070	861
1108	861
1214	861
895	863
910	863
911	863
915	863
949	863
1132	863
1141	863
1156	863
1299	863
1351	863
1413	863
1434	863
910	864
915	864
988	864
1007	864
1028	864
1036	864
1048	864
1054	864
1109	864
1125	864
1159	864
1168	864
1228	864
1229	864
1299	864
1304	864
1438	864
1447	864
993	875
1073	875
1084	875
972	876
1078	876
1484	876
897	877
980	877
1024	877
1070	877
1108	877
1214	877
993	878
1067	878
1073	878
1084	878
1186	882
1308	882
1336	882
1486	882
1505	882
1508	882
975	883
985	884
1123	884
910	895
911	895
915	895
1132	895
1141	895
1156	895
1245	895
1299	895
1304	895
1413	895
980	897
1024	897
1070	897
1108	897
1214	897
1318	897
1211	899
1218	900
1495	900
934	903
959	903
1009	903
1085	903
1410	903
1436	903
1490	903
1492	903
1147	905
911	907
1125	907
1132	907
1141	907
1156	907
1299	907
1351	907
1434	907
938	908
1015	908
1124	908
1480	908
911	910
915	910
949	910
1019	910
1028	910
1048	910
1054	910
1109	910
1125	910
1132	910
1141	910
1156	910
1159	910
1175	910
1228	910
1299	910
1304	910
1351	910
1404	910
1413	910
1434	910
1438	910
1447	910
915	911
1132	911
1141	911
1156	911
1299	911
1351	911
1413	911
1434	911
949	915
988	915
1019	915
1028	915
1048	915
1054	915
1109	915
1119	915
1125	915
1132	915
1141	915
1159	915
1168	915
1228	915
1299	915
1304	915
1404	915
1413	915
1438	915
963	918
1270	918
1116	921
1122	921
1448	921
1245	924
945	929
1141	929
1190	929
1245	929
959	934
1009	934
1085	934
1410	934
1436	934
1490	934
1492	934
1473	937
1124	938
1119	944
1132	944
1231	944
1299	944
1413	949
1058	952
1009	959
1085	959
1410	959
1436	959
1490	959
1492	959
1494	961
1270	963
1394	963
1413	963
1167	964
1168	966
1028	972
1078	972
1484	972
988	973
1346	976
1024	980
1070	980
1108	980
1214	980
1123	985
1028	988
1048	988
1054	988
1109	988
1125	988
1159	988
1228	988
1404	988
1438	988
1447	988
1109	990
1067	993
1073	993
1084	993
1038	996
1088	996
1109	996
1195	996
1304	996
1447	996
1139	1001
1507	1005
1299	1007
1085	1009
1410	1009
1436	1009
1490	1009
1492	1009
1374	1011
1282	1012
1293	1012
1298	1012
1309	1012
1480	1015
1054	1019
1132	1019
1413	1019
1070	1024
1108	1024
1214	1024
1222	1024
1318	1024
1048	1028
1054	1028
1078	1028
1109	1028
1125	1028
1132	1028
1159	1028
1168	1028
1228	1028
1299	1028
1304	1028
1404	1028
1413	1028
1438	1028
1447	1028
1108	1031
1214	1031
1068	1034
1122	1034
1048	1036
1304	1036
1304	1038
1054	1048
1109	1048
1125	1048
1132	1048
1159	1048
1168	1048
1228	1048
1299	1048
1304	1048
1404	1048
1438	1048
1447	1048
1147	1051
1282	1051
1293	1051
1298	1051
1309	1051
1109	1054
1125	1054
1132	1054
1141	1054
1156	1054
1159	1054
1168	1054
1175	1054
1228	1054
1299	1054
1304	1054
1341	1054
1404	1054
1438	1054
1447	1054
1478	1061
1130	1062
1073	1067
1084	1067
1122	1068
1108	1070
1214	1070
1222	1070
1318	1070
1084	1073
1239	1073
1412	1073
1220	1076
1344	1078
1226	1081
1273	1081
1270	1082
1304	1085
1410	1085
1436	1085
1490	1085
1492	1085
1304	1088
1507	1088
1265	1089
1105	1100
1182	1100
1230	1100
1381	1100
1408	1100
1182	1105
1230	1105
1242	1105
1408	1105
1214	1108
1125	1109
1159	1109
1168	1109
1228	1109
1229	1109
1299	1109
1304	1109
1438	1109
1122	1116
1448	1116
1132	1119
1156	1119
1351	1119
1410	1119
1448	1122
1360	1124
1132	1125
1141	1125
1159	1125
1168	1125
1228	1125
1229	1125
1299	1125
1304	1125
1341	1125
1404	1125
1413	1125
1438	1125
1447	1125
1248	1128
1426	1128
1141	1132
1156	1132
1159	1132
1231	1132
1299	1132
1304	1132
1351	1132
1413	1132
1434	1132
1438	1132
1369	1136
1156	1141
1190	1141
1245	1141
1299	1141
1351	1141
1413	1141
1434	1141
1447	1141
1483	1151
1402	1152
1412	1155
1442	1155
1299	1156
1351	1156
1413	1156
1434	1156
1438	1156
1168	1159
1228	1159
1299	1159
1304	1159
1404	1159
1438	1159
1447	1159
1228	1168
1299	1168
1304	1168
1404	1168
1418	1168
1472	1168
1299	1175
1230	1182
1381	1182
1408	1182
1308	1186
1336	1186
1486	1186
1505	1186
1508	1186
1245	1190
1299	1190
1253	1203
1286	1203
1327	1205
1254	1206
1336	1212
1364	1212
1486	1212
1505	1212
1222	1214
1318	1214
1495	1218
1499	1219
1378	1224
1273	1226
1316	1226
1338	1226
1299	1228
1304	1228
1404	1228
1413	1228
1447	1228
1242	1230
1381	1230
1408	1230
1412	1239
1408	1242
1299	1245
1413	1245
1447	1245
1426	1248
1336	1249
1412	1249
1505	1249
1436	1250
1286	1253
1488	1268
1316	1273
1338	1273
1293	1282
1298	1282
1309	1282
1298	1293
1309	1298
1304	1299
1351	1299
1404	1299
1413	1299
1434	1299
1438	1299
1447	1299
1507	1299
1359	1304
1404	1304
1410	1304
1413	1304
1436	1304
1438	1304
1447	1304
1492	1304
1336	1308
1486	1308
1505	1308
1508	1308
1364	1336
1486	1336
1505	1336
1508	1336
1413	1351
1434	1351
1410	1359
1490	1359
1486	1364
1505	1364
1408	1381
1436	1410
1490	1410
1492	1410
1442	1412
1505	1412
1434	1413
1447	1413
1490	1436
1492	1436
1505	1486
1508	1486
1492	1490
1508	1505
