1	410
1	495
1	641
1	651
1	905
1	947
1	1275
1	2585
4	477
6	416
6	996
6	1087
6	2652
11	477
11	1527
11	1947
15	2288
15	2470
16	351
16	485
16	2651
17	880
17	2146
21	410
21	905
30	2037
30	2321
31	32
31	477
31	985
31	1661
32	708
32	1704
32	2758
33	47
33	1255
33	1561
33	2603
39	49
39	510
39	590
39	641
39	707
39	714
39	723
39	1027
39	1053
39	1898
39	1916
39	2618
41	441
44	1064
47	159
47	907
49	323
49	477
49	486
49	519
49	560
49	606
49	640
49	688
49	726
49	735
49	806
49	834
49	842
49	865
49	924
49	1009
49	1016
49	1150
49	1155
49	1195
49	1352
49	1358
49	1446
49	1481
49	1535
49	1626
49	1772
49	1863
49	1880
49	1898
49	1905
49	1921
49	1947
49	2008
49	2025
49	2080
49	2108
49	2352
49	2433
49	2521
49	2579
49	2603
49	2715
53	1626
53	1817
53	2579
58	2027
61	148
61	536
61	1818
61	2395
65	66
65	460
65	741
65	788
65	792
65	1416
65	1825
66	598
66	651
66	2520
69	121
69	1010
69	2223
79	302
79	887
79	1411
84	597
92	1965
92	2369
99	486
99	510
99	654
99	1035
99	1064
99	1783
99	1898
102	1818
106	148
106	651
106	654
116	495
121	2574
122	1581
122	1775
123	713
130	641
130	880
133	1446
137	486
138	651
140	368
147	2757
148	741
148	1009
148	1358
148	1527
148	2146
148	2780
154	1381
161	368
161	1279
161	2668
162	654
165	2417
166	1009
166	1285
172	373
172	439
172	583
172	773
172	1822
172	2791
176	410
176	485
182	1204
182	2097
182	2505
183	2406
184	323
184	788
184	2531
186	1277
190	575
190	1352
190	1908
190	2525
196	1484
203	536
203	640
203	1118
203	1612
203	2588
205	761
205	805
205	856
205	912
205	1127
205	1338
205	1789
205	1955
205	1970
205	2476
207	2746
210	1201
219	741
220	760
222	586
222	616
222	652
222	1512
222	1869
222	2590
223	494
223	609
223	2202
224	353
227	449
227	2162
228	1898
228	2668
231	568
231	654
231	1352
233	345
233	508
233	741
233	1475
233	1476
233	1898
233	2105
233	2310
233	2470
233	2502
233	2532
234	568
234	708
234	806
234	2317
253	485
254	395
258	651
258	654
258	1899
258	1947
258	2346
258	2393
258	2505
258	2586
258	2618
259	477
262	2540
262	2589
263	477
275	980
275	1150
275	1863
275	2579
278	1009
284	2284
284	2711
288	1170
290	293
290	533
290	2660
293	651
293	654
293	741
293	811
293	913
293	947
293	988
293	1376
293	1802
293	1898
293	2015
293	2067
293	2432
293	2752
294	395
294	2116
295	603
296	410
296	641
296	980
296	1170
296	1239
302	485
302	654
302	1481
302	2097
302	2365
307	620
307	2077
307	2205
312	887
312	2773
320	827
320	1816
320	2309
323	654
323	2330
324	679
329	1965
330	508
330	641
330	1275
330	2373
330	2758
336	1064
336	2246
336	2352
339	1446
343	1327
345	741
345	1475
346	351
346	641
346	905
346	1064
349	410
349	1239
351	651
351	654
351	773
351	1075
351	1289
351	1705
351	1753
351	1934
351	2089
351	2651
353	1629
353	1745
368	760
368	1279
368	2184
368	2521
371	811
371	1660
371	2206
387	887
390	601
390	1406
390	1916
390	2198
390	2330
390	2505
390	2758
392	713
392	1560
394	654
395	439
395	874
395	1038
395	1064
395	1609
395	1614
395	1863
395	1944
395	2146
395	2211
403	708
410	439
410	500
410	641
410	880
410	905
410	930
410	1012
410	1112
410	1170
410	1239
410	1273
410	1275
410	1286
410	1371
410	1620
410	1892
410	2066
410	2461
410	2526
410	2757
413	962
413	2787
415	735
415	1733
416	2689
417	1127
418	575
421	741
421	1683
422	1772
423	962
423	2381
430	657
432	1905
439	477
439	536
439	586
439	887
439	962
439	1064
439	1307
439	1734
439	1817
439	1974
439	2089
439	2097
439	2108
439	2116
439	2346
439	2432
439	2520
442	1064
447	1277
454	1627
460	1893
463	827
463	850
463	2131
463	2309
467	2746
477	494
477	541
477	569
477	570
477	610
477	622
477	868
477	1001
477	1214
477	1258
477	1263
477	1358
477	1369
477	1507
477	1561
477	1621
477	1691
477	1856
477	1918
477	1955
477	2046
477	2358
477	2404
477	2469
477	2505
477	2771
477	2780
481	1898
482	560
482	742
482	2488
484	2540
485	1618
485	1644
485	1689
485	2470
486	603
486	1916
486	1965
490	1561
492	947
492	2046
494	495
494	567
494	584
494	609
494	651
494	702
494	709
494	735
494	811
494	827
494	850
494	924
494	1061
494	1110
494	1224
494	1283
494	1376
494	1381
494	1663
494	1853
494	1913
494	1995
494	2112
494	2265
494	2309
494	2317
494	2525
494	2531
494	2579
494	2731
494	2784
495	533
495	651
495	654
495	708
495	942
495	1128
495	1330
495	2054
495	2686
496	735
499	1064
500	641
500	1170
500	1239
500	1277
500	1947
502	834
507	1220
507	1281
507	2731
508	1028
509	1527
509	2451
510	654
510	741
510	811
510	887
510	1327
510	1381
510	1764
510	1847
510	1956
510	2588
513	2284
513	2746
527	590
527	1256
527	2116
527	2525
528	1704
532	1035
532	1711
533	688
533	708
533	910
533	1198
533	1542
533	2250
534	803
534	2746
536	806
536	2171
536	2445
536	2773
541	657
541	938
541	1126
541	2080
541	2288
541	2395
541	2603
541	2715
544	598
558	1456
559	2116
560	651
560	1279
560	2643
568	654
568	1562
568	2588
574	947
574	1275
574	1827
574	1905
575	741
575	2116
577	713
577	2654
586	761
586	1067
586	1387
586	1512
587	726
587	1009
587	1285
587	1789
588	982
588	1009
593	788
593	1495
593	1718
593	1869
593	1924
597	1187
597	1506
597	2442
598	651
598	1916
598	1939
598	2150
598	2525
599	724
601	654
601	732
601	1115
601	2346
601	2563
601	2783
603	776
603	1155
603	1313
603	1629
603	2116
603	2586
603	2689
606	2200
607	887
607	1085
607	1747
607	1752
607	2237
607	2288
607	2451
607	2756
609	1197
609	1232
609	1270
609	2492
610	1358
616	973
616	1026
616	1512
616	2590
620	661
620	962
620	2773
622	1273
622	1456
625	851
625	1737
625	2162
625	2184
625	2264
625	2696
627	2579
637	865
637	1195
637	1481
637	2203
640	913
640	981
641	741
641	880
641	905
641	930
641	1112
641	1170
641	1239
641	1275
641	1593
641	1812
641	1892
641	2066
641	2150
641	2432
641	2456
641	2461
641	2525
641	2526
641	2729
641	2757
650	1621
650	2284
651	661
651	815
651	865
651	962
651	1009
651	1155
651	1195
651	1232
651	1277
651	1327
651	1340
651	1422
651	1481
651	1535
651	1567
651	1626
651	1660
651	1737
651	1775
651	1847
651	1848
651	1898
651	1905
651	1916
651	2001
651	2036
651	2089
651	2152
651	2206
651	2221
651	2278
651	2288
651	2381
651	2492
651	2502
651	2524
651	2579
651	2675
651	2686
651	2729
651	2756
652	1512
653	1898
654	741
654	821
654	947
654	988
654	1002
654	1154
654	1195
654	1211
654	1232
654	1255
654	1270
654	1327
654	1376
654	1381
654	1534
654	1576
654	1628
654	1658
654	1674
654	1704
654	1784
654	1825
654	1829
654	1869
654	1898
654	1916
654	1995
654	2015
654	2018
654	2067
654	2116
654	2181
654	2365
654	2432
654	2469
654	2503
654	2752
654	2784
657	1928
657	2080
657	2395
657	2579
657	2603
661	1660
663	1723
669	2630
672	1353
672	1734
679	2352
685	1924
698	1349
698	2757
702	2531
707	1490
708	842
708	1897
708	1918
712	1847
713	818
713	932
713	2780
713	2789
722	2116
724	1212
726	913
726	1285
726	1313
726	2046
727	1869
727	2216
730	2278
732	2346
735	2532
741	806
741	821
741	842
741	880
741	905
741	912
741	1053
741	1170
741	1171
741	1239
741	1275
741	1475
741	1691
741	1895
741	1898
741	2205
741	2461
741	2526
741	2627
741	2784
748	1372
748	1376
748	2278
748	2438
754	2481
757	2522
760	1195
760	1593
760	1942
760	1956
760	2111
760	2203
760	2289
760	2352
760	2666
760	2789
761	805
761	912
761	1127
761	1338
761	1411
761	1830
761	1955
761	2476
773	1452
773	1593
773	2175
773	2787
773	2791
776	1170
787	2594
788	842
788	1554
788	2067
788	2701
798	1074
805	912
805	1955
805	2476
806	1654
806	2024
806	2506
811	1273
815	1452
815	2787
820	1381
821	1211
821	1376
821	2469
821	2757
827	879
827	1085
827	1604
827	2015
827	2120
827	2288
827	2309
827	2513
827	2643
834	1620
834	1651
842	985
842	1074
842	1270
842	1412
842	1446
842	1620
842	1654
842	1881
842	1898
842	2111
842	2365
842	2505
842	2758
850	993
850	1061
850	2015
850	2317
850	2510
851	2162
865	1195
865	1481
865	2184
865	2203
865	2521
877	1913
879	1604
880	905
880	930
880	1112
880	1170
880	1239
880	1275
880	2066
880	2461
880	2526
880	2757
887	1404
887	1432
887	1668
887	1817
887	1969
887	2265
887	2332
887	2436
889	2202
890	1183
890	1699
890	2249
890	2257
891	1446
896	1551
898	1226
898	1534
900	1775
901	1114
901	1168
905	930
905	942
905	1170
905	1239
905	1275
905	1608
905	2461
905	2526
905	2757
908	930
909	2146
910	1201
912	1061
912	1127
912	1286
912	1338
912	1378
912	1794
912	1955
912	2476
913	2113
915	1783
929	2524
930	974
930	1112
930	1133
930	1170
930	1212
930	1239
930	1275
930	1892
930	2066
930	2461
930	2526
930	2649
930	2757
930	2768
932	1446
933	2116
938	1680
938	2080
938	2395
938	2603
942	962
942	1620
942	2032
947	2046
961	2138
962	1167
962	1593
962	1660
962	1747
962	1792
962	1965
962	2015
962	2327
962	2358
962	2381
962	2389
962	2502
962	2506
973	1673
973	2608
980	1993
988	1283
991	1064
994	2579
996	1270
996	2046
996	2089
996	2116
1001	2520
1002	1916
1009	1066
1009	1074
1009	1285
1009	1899
1009	2037
1009	2246
1016	1660
1016	1817
1016	2089
1029	2059
1033	1291
1033	1484
1035	1677
1040	2108
1049	1947
1049	2594
1059	1226
1059	1290
1061	1624
1061	2116
1064	1096
1064	1680
1064	1716
1064	1817
1064	1959
1064	2012
1064	2030
1064	2041
1064	2170
1064	2198
1064	2216
1064	2246
1064	2352
1064	2470
1066	2097
1069	1624
1074	2278
1074	2469
1074	2577
1074	2752
1075	1753
1085	1752
1085	1861
1085	2237
1085	2288
1085	2489
1085	2756
1104	1291
1104	1358
1112	1170
1112	1275
1112	2461
1115	1654
1126	2080
1126	2395
1126	2603
1127	1338
1127	1955
1127	2216
1127	2476
1137	1593
1137	1680
1137	1687
1137	1753
1137	1772
1147	1581
1147	1775
1149	1704
1149	2461
1150	1898
1155	2006
1155	2046
1155	2111
1155	2321
1155	2365
1155	2520
1165	2470
1170	1198
1170	1239
1170	1273
1170	1275
1170	1289
1170	1662
1170	1852
1170	1892
1170	2063
1170	2066
1170	2461
1170	2526
1170	2757
1171	2288
1179	2324
1183	1412
1187	1918
1187	2065
1195	1481
1195	1880
1195	2184
1195	2203
1195	2521
1195	2746
1198	1481
1198	2203
1198	2603
1204	1277
1214	2001
1217	2503
1217	2505
1217	2758
1222	2037
1223	1955
1223	2062
1224	1747
1226	1534
1226	1757
1226	2522
1239	1275
1239	1892
1239	2066
1239	2461
1239	2526
1239	2552
1239	2757
1240	2352
1254	2206
1255	1417
1255	1965
1255	2432
1255	2678
1258	1995
1258	2006
1258	2108
1258	2503
1258	2579
1270	2146
1270	2170
1273	2264
1273	2746
1274	2055
1275	1593
1275	1817
1275	1892
1275	2066
1275	2461
1275	2526
1275	2571
1275	2670
1275	2757
1277	1562
1277	1624
1277	1965
1277	2341
1279	2668
1281	2476
1283	1704
1285	2608
1289	1381
1289	1817
1306	1817
1307	1327
1310	2773
1313	1487
1319	2116
1321	2724
1325	1401
1325	1680
1325	1711
1325	2746
1327	1898
1330	2108
1331	1446
1332	1534
1338	1449
1338	1955
1338	2476
1339	1817
1339	2205
1352	1495
1352	1858
1352	1898
1356	1898
1357	2195
1358	1818
1358	2008
1359	1955
1362	1412
1362	2467
1371	1929
1372	1847
1376	2494
1381	1818
1381	1898
1381	2232
1381	2784
1404	1817
1404	2476
1404	2724
1406	1916
1406	2330
1406	2505
1409	2654
1411	2505
1411	2758
1412	2467
1412	2613
1413	1853
1415	1953
1417	2678
1422	1817
1422	2080
1422	2540
1422	2589
1422	2724
1446	1489
1446	1727
1446	2445
1446	2496
1449	2417
1451	2505
1451	2783
1452	2787
1452	2791
1458	2284
1458	2476
1471	2001
1471	2525
1475	1898
1476	2116
1481	1847
1481	2184
1481	2203
1481	2521
1486	2120
1489	2496
1494	2001
1495	1539
1495	1619
1495	2677
1512	1869
1512	2590
1512	2672
1513	1612
1521	1893
1525	1802
1525	1947
1525	2517
1525	2752
1534	1757
1535	1654
1535	1737
1535	2111
1551	2451
1556	1817
1560	2421
1560	2430
1560	2694
1561	1620
1561	1860
1561	2724
1563	2089
1565	2058
1567	1654
1567	2074
1568	1898
1568	2432
1573	2443
1581	1775
1593	1898
1593	2089
1593	2757
1593	2787
1593	2791
1594	1612
1596	2695
1601	1939
1607	1654
1608	1654
1611	1817
1614	1863
1614	1969
1620	1860
1620	2178
1620	2724
1626	1654
1626	2365
1626	2502
1627	2503
1627	2505
1627	2758
1628	1847
1628	2089
1646	2752
1651	2418
1654	1898
1654	1928
1654	2036
1654	2046
1654	2185
1654	2321
1654	2352
1654	2502
1654	2586
1654	2729
1654	2783
1658	1898
1660	1898
1660	1956
1660	2150
1660	2152
1668	2297
1680	1730
1680	2146
1680	2786
1683	2469
1683	2589
1685	2756
1687	1753
1687	2074
1687	2651
1687	2769
1690	2589
1691	2205
1704	1772
1704	1799
1704	1812
1704	1898
1704	2065
1704	2315
1704	2433
1704	2441
1704	2470
1710	2786
1715	2724
1723	1980
1723	2080
1723	2395
1730	2470
1731	2321
1733	1889
1737	1783
1737	1818
1747	2589
1749	2579
1751	2001
1752	2055
1752	2237
1752	2288
1752	2514
1752	2756
1753	2074
1753	2651
1757	2522
1759	2202
1759	2257
1768	2683
1771	1817
1772	2525
1772	2746
1775	2696
1779	2113
1779	2131
1783	2111
1789	1955
1801	2770
1806	2001
1816	2476
1817	1860
1817	2116
1817	2476
1818	2171
1818	2701
1818	2789
1822	2485
1825	2762
1827	1905
1827	2461
1834	2481
1847	2089
1853	2509
1857	2697
1858	2780
1858	2786
1860	2724
1861	2237
1862	2238
1880	1947
1880	2203
1880	2521
1880	2696
1884	2172
1893	2731
1897	2666
1898	1965
1898	2015
1898	2232
1898	2687
1898	2752
1898	2784
1903	2116
1916	2330
1916	2432
1916	2505
1918	2316
1934	2001
1947	2393
1947	2421
1947	2784
1948	2355
1948	2758
1953	2469
1955	2389
1955	2476
1956	2720
1956	2740
1965	2700
1965	2785
1969	2152
2001	2093
2001	2686
2001	2715
2008	2579
2012	2579
2022	2494
2024	2448
2025	2108
2027	2470
2032	2146
2046	2187
2052	2724
2055	2594
2057	2058
2059	2105
2059	2421
2062	2116
2062	2248
2062	2695
2066	2618
2066	2757
2074	2651
2080	2395
2080	2603
2086	2116
2089	2352
2092	2116
2097	2423
2105	2423
2105	2711
2111	2586
2111	2689
2112	2191
2113	2468
2113	2749
2116	2232
2116	2317
2122	2461
2138	2451
2146	2451
2150	2695
2152	2790
2171	2724
2184	2203
2184	2521
2185	2321
2185	2502
2185	2783
2190	2540
2191	2494
2196	2205
2203	2521
2205	2444
2205	2636
2216	2365
2237	2288
2237	2489
2237	2756
2246	2352
2260	2432
2264	2786
2284	2540
2288	2756
2316	2385
2328	2579
2330	2505
2330	2768
2352	2579
2365	2675
2365	2729
2393	2421
2393	2502
2393	2520
2395	2603
2432	2672
2433	2579
2438	2579
2443	2787
2451	2773
2461	2757
2467	2503
2470	2696
2475	2724
2476	2752
2502	2588
2502	2729
2503	2505
2503	2758
2505	2758
2511	2540
2525	2632
2526	2757
2540	2589
2540	2724
2589	2724
2594	2688
2632	2689
2651	2769
2675	2683
2689	2746
2731	2758
2746	2756
2787	2791
410	1
495	1
641	1
651	1
905	1
947	1
1275	1
2585	1
477	4
416	6
996	6
1087	6
2652	6
477	11
1527	11
1947	11
2288	15
2470	15
351	16
485	16
2651	16
880	17
2146	17
410	21
905	21
2037	30
2321	30
32	31
477	31
985	31
1661	31
708	32
1704	32
2758	32
47	33
1255	33
1561	33
2603	33
49	39
510	39
590	39
641	39
707	39
714	39
723	39
1027	39
1053	39
1898	39
1916	39
2618	39
441	41
1064	44
159	47
907	47
323	49
477	49
486	49
519	49
560	49
606	49
640	49
688	49
726	49
735	49
806	49
834	49
842	49
865	49
924	49
1009	49
1016	49
1150	49
1155	49
1195	49
1352	49
1358	49
1446	49
1481	49
1535	49
1626	49
1772	49
1863	49
1880	49
1898	49
1905	49
1921	49
1947	49
2008	49
2025	49
2080	49
2108	49
2352	49
2433	49
2521	49
2579	49
2603	49
2715	49
1626	53
1817	53
2579	53
2027	58
148	61
536	61
1818	61
2395	61
66	65
460	65
741	65
788	65
792	65
1416	65
1825	65
598	66
651	66
2520	66
121	69
1010	69
2223	69
302	79
887	79
1411	79
597	84
1965	92
2369	92
486	99
510	99
654	99
1035	99
1064	99
1783	99
1898	99
1818	102
148	106
651	106
654	106
495	116
2574	121
1581	122
1775	122
713	123
641	130
880	130
1446	133
486	137
651	138
368	140
2757	147
741	148
1009	148
1358	148
1527	148
2146	148
2780	148
1381	154
368	161
1279	161
2668	161
654	162
2417	165
1009	166
1285	166
373	172
439	172
583	172
773	172
1822	172
2791	172
410	176
485	176
1204	182
2097	182
2505	182
2406	183
323	184
788	184
2531	184
1277	186
575	190
1352	190
1908	190
2525	190
1484	196
536	203
640	203
1118	203
1612	203
2588	203
761	205
805	205
856	205
912	205
1127	205
1338	205
1789	205
1955	205
1970	205
2476	205
2746	207
1201	210
741	219
760	220
586	222
616	222
652	222
1512	222
1869	222
2590	222
494	223
609	223
2202	223
353	224
449	227
2162	227
1898	228
2668	228
568	231
654	231
1352	231
345	233
508	233
741	233
1475	233
1476	233
1898	233
2105	233
2310	233
2470	233
2502	233
2532	233
568	234
708	234
806	234
2317	234
485	253
395	254
651	258
654	258
1899	258
1947	258
2346	258
2393	258
2505	258
2586	258
2618	258
477	259
2540	262
2589	262
477	263
980	275
1150	275
1863	275
2579	275
1009	278
2284	284
2711	284
1170	288
293	290
533	290
2660	290
651	293
654	293
741	293
811	293
913	293
947	293
988	293
1376	293
1802	293
1898	293
2015	293
2067	293
2432	293
2752	293
395	294
2116	294
603	295
410	296
641	296
980	296
1170	296
1239	296
485	302
654	302
1481	302
2097	302
2365	302
620	307
2077	307
2205	307
887	312
2773	312
827	320
1816	320
2309	320
654	323
2330	323
679	324
1965	329
508	330
641	330
1275	330
2373	330
2758	330
1064	336
2246	336
2352	336
1446	339
1327	343
741	345
1475	345
351	346
641	346
905	346
1064	346
410	349
1239	349
651	351
654	351
773	351
1075	351
1289	351
1705	351
1753	351
1934	351
2089	351
2651	351
1629	353
1745	353
760	368
1279	368
2184	368
2521	368
811	371
1660	371
2206	371
887	387
601	390
1406	390
1916	390
2198	390
2330	390
2505	390
2758	390
713	392
1560	392
654	394
439	395
874	395
1038	395
1064	395
1609	395
1614	395
1863	395
1944	395
2146	395
2211	395
708	403
439	410
500	410
641	410
880	410
905	410
930	410
1012	410
1112	410
1170	410
1239	410
1273	410
1275	410
1286	410
1371	410
1620	410
1892	410
2066	410
2461	410
2526	410
2757	410
962	413
2787	413
735	415
1733	415
2689	416
1127	417
575	418
741	421
1683	421
1772	422
962	423
2381	423
657	430
1905	432
477	439
536	439
586	439
887	439
962	439
1064	439
1307	439
1734	439
1817	439
1974	439
2089	439
2097	439
2108	439
2116	439
2346	439
2432	439
2520	439
1064	442
1277	447
1627	454
1893	460
827	463
850	463
2131	463
2309	463
2746	467
494	477
541	477
569	477
570	477
610	477
622	477
868	477
1001	477
1214	477
1258	477
1263	477
1358	477
1369	477
1507	477
1561	477
1621	477
1691	477
1856	477
1918	477
1955	477
2046	477
2358	477
2404	477
2469	477
2505	477
2771	477
2780	477
1898	481
560	482
742	482
2488	482
2540	484
1618	485
1644	485
1689	485
2470	485
603	486
1916	486
1965	486
1561	490
947	492
2046	492
495	494
567	494
584	494
609	494
651	494
702	494
709	494
735	494
811	494
827	494
850	494
924	494
1061	494
1110	494
1224	494
1283	494
1376	494
1381	494
1663	494
1853	494
1913	494
1995	494
2112	494
2265	494
2309	494
2317	494
2525	494
2531	494
2579	494
2731	494
2784	494
533	495
651	495
654	495
708	495
942	495
1128	495
1330	495
2054	495
2686	495
735	496
1064	499
641	500
1170	500
1239	500
1277	500
1947	500
834	502
1220	507
1281	507
2731	507
1028	508
1527	509
2451	509
654	510
741	510
811	510
887	510
1327	510
1381	510
1764	510
1847	510
1956	510
2588	510
2284	513
2746	513
590	527
1256	527
2116	527
2525	527
1704	528
1035	532
1711	532
688	533
708	533
910	533
1198	533
1542	533
2250	533
803	534
2746	534
806	536
2171	536
2445	536
2773	536
657	541
938	541
1126	541
2080	541
2288	541
2395	541
2603	541
2715	541
598	544
1456	558
2116	559
651	560
1279	560
2643	560
654	568
1562	568
2588	568
947	574
1275	574
1827	574
1905	574
741	575
2116	575
713	577
2654	577
761	586
1067	586
1387	586
1512	586
726	587
1009	587
1285	587
1789	587
982	588
1009	588
788	593
1495	593
1718	593
1869	593
1924	593
1187	597
1506	597
2442	597
651	598
1916	598
1939	598
2150	598
2525	598
724	599
654	601
732	601
1115	601
2346	601
2563	601
2783	601
776	603
1155	603
1313	603
1629	603
2116	603
2586	603
2689	603
2200	606
887	607
1085	607
1747	607
1752	607
2237	607
2288	607
2451	607
2756	607
1197	609
1232	609
1270	609
2492	609
1358	610
973	616
1026	616
1512	616
2590	616
661	620
962	620
2773	620
1273	622
1456	622
851	625
1737	625
2162	625
2184	625
2264	625
2696	625
2579	627
865	637
1195	637
1481	637
2203	637
913	640
981	640
741	641
880	641
905	641
930	641
1112	641
1170	641
1239	641
1275	641
1593	641
1812	641
1892	641
2066	641
2150	641
2432	641
2456	641
2461	641
2525	641
2526	641
2729	641
2757	641
1621	650
2284	650
661	651
815	651
865	651
962	651
1009	651
1155	651
1195	651
1232	651
1277	651
1327	651
1340	651
1422	651
1481	651
1535	651
1567	651
1626	651
1660	651
1737	651
1775	651
1847	651
1848	651
1898	651
1905	651
1916	651
2001	651
2036	651
2089	651
2152	651
2206	651
2221	651
2278	651
2288	651
2381	651
2492	651
2502	651
2524	651
2579	651
2675	651
2686	651
2729	651
2756	651
1512	652
1898	653
741	654
821	654
947	654
988	654
1002	654
1154	654
1195	654
1211	654
1232	654
1255	654
1270	654
1327	654
1376	654
1381	654
1534	654
1576	654
1628	654
1658	654
1674	654
1704	654
1784	654
1825	654
1829	654
1869	654
1898	654
1916	654
1995	654
2015	654
2018	654
2067	654
2116	654
2181	654
2365	654
2432	654
2469	654
2503	654
2752	654
2784	654
1928	657
2080	657
2395	657
2579	657
2603	657
1660	661
1723	663
2630	669
1353	672
1734	672
2352	679
1924	685
1349	698
2757	698
2531	702
1490	707
842	708
1897	708
1918	708
1847	712
818	713
932	713
2780	713
2789	713
2116	722
1212	724
913	726
1285	726
1313	726
2046	726
1869	727
2216	727
2278	730
2346	732
2532	735
806	741
821	741
842	741
880	741
905	741
912	741
1053	741
1170	741
1171	741
1239	741
1275	741
1475	741
1691	741
1895	741
1898	741
2205	741
2461	741
2526	741
2627	741
2784	741
1372	748
1376	748
2278	748
2438	748
2481	754
2522	757
1195	760
1593	760
1942	760
1956	760
2111	760
2203	760
2289	760
2352	760
2666	760
2789	760
805	761
912	761
1127	761
1338	761
1411	761
1830	761
1955	761
2476	761
1452	773
1593	773
2175	773
2787	773
2791	773
1170	776
2594	787
842	788
1554	788
2067	788
2701	788
1074	798
912	805
1955	805
2476	805
1654	806
2024	806
2506	806
1273	811
1452	815
2787	815
1381	820
1211	821
1376	821
2469	821
2757	821
879	827
1085	827
1604	827
2015	827
2120	827
2288	827
2309	827
2513	827
2643	827
1620	834
1651	834
985	842
1074	842
1270	842
1412	842
1446	842
1620	842
1654	842
1881	842
1898	842
2111	842
2365	842
2505	842
2758	842
993	850
1061	850
2015	850
2317	850
2510	850
2162	851
1195	865
1481	865
2184	865
2203	865
2521	865
1913	877
1604	879
905	880
930	880
1112	880
1170	880
1239	880
1275	880
2066	880
2461	880
2526	880
2757	880
1404	887
1432	887
1668	887
1817	887
1969	887
2265	887
2332	887
2436	887
2202	889
1183	890
1699	890
2249	890
2257	890
1446	891
1551	896
1226	898
1534	898
1775	900
1114	901
1168	901
930	905
942	905
1170	905
1239	905
1275	905
1608	905
2461	905
2526	905
2757	905
930	908
2146	909
1201	910
1061	912
1127	912
1286	912
1338	912
1378	912
1794	912
1955	912
2476	912
2113	913
1783	915
2524	929
974	930
1112	930
1133	930
1170	930
1212	930
1239	930
1275	930
1892	930
2066	930
2461	930
2526	930
2649	930
2757	930
2768	930
1446	932
2116	933
1680	938
2080	938
2395	938
2603	938
962	942
1620	942
2032	942
2046	947
2138	961
1167	962
1593	962
1660	962
1747	962
1792	962
1965	962
2015	962
2327	962
2358	962
2381	962
2389	962
2502	962
2506	962
1673	973
2608	973
1993	980
1283	988
1064	991
2579	994
1270	996
2046	996
2089	996
2116	996
2520	1001
1916	1002
1066	1009
1074	1009
1285	1009
1899	1009
2037	1009
2246	1009
1660	1016
1817	1016
2089	1016
2059	1029
1291	1033
1484	1033
1677	1035
2108	1040
1947	1049
2594	1049
1226	1059
1290	1059
1624	1061
2116	1061
1096	1064
1680	1064
1716	1064
1817	1064
1959	1064
2012	1064
2030	1064
2041	1064
2170	1064
2198	1064
2216	1064
2246	1064
2352	1064
2470	1064
2097	1066
1624	1069
2278	1074
2469	1074
2577	1074
2752	1074
1753	1075
1752	1085
1861	1085
2237	1085
2288	1085
2489	1085
2756	1085
1291	1104
1358	1104
1170	1112
1275	1112
2461	1112
1654	1115
2080	1126
2395	1126
2603	1126
1338	1127
1955	1127
2216	1127
2476	1127
1593	1137
1680	1137
1687	1137
1753	1137
1772	1137
1581	1147
1775	1147
1704	1149
2461	1149
1898	1150
2006	1155
2046	1155
2111	1155
2321	1155
2365	1155
2520	1155
2470	1165
1198	1170
1239	1170
1273	1170
1275	1170
1289	1170
1662	1170
1852	1170
1892	1170
2063	1170
2066	1170
2461	1170
2526	1170
2757	1170
2288	1171
2324	1179
1412	1183
1918	1187
2065	1187
1481	1195
1880	1195
2184	1195
2203	1195
2521	1195
2746	1195
1481	1198
2203	1198
2603	1198
1277	1204
2001	1214
2503	1217
2505	1217
2758	1217
2037	1222
1955	1223
2062	1223
1747	1224
1534	1226
1757	1226
2522	1226
1275	1239
1892	1239
2066	1239
2461	1239
2526	1239
2552	1239
2757	1239
2352	1240
2206	1254
1417	1255
1965	1255
2432	1255
2678	1255
1995	1258
2006	1258
2108	1258
2503	1258
2579	1258
2146	1270
2170	1270
2264	1273
2746	1273
2055	1274
1593	1275
1817	1275
1892	1275
2066	1275
2461	1275
2526	1275
2571	1275
2670	1275
2757	1275
1562	1277
1624	1277
1965	1277
2341	1277
2668	1279
2476	1281
1704	1283
2608	1285
1381	1289
1817	1289
1817	1306
1327	1307
2773	1310
1487	1313
2116	1319
2724	1321
1401	1325
1680	1325
1711	1325
2746	1325
1898	1327
2108	1330
1446	1331
1534	1332
1449	1338
1955	1338
2476	1338
1817	1339
2205	1339
1495	1352
1858	1352
1898	1352
1898	1356
2195	1357
1818	1358
2008	1358
1955	1359
1412	1362
2467	1362
1929	1371
1847	1372
2494	1376
1818	1381
1898	1381
2232	1381
2784	1381
1817	1404
2476	1404
2724	1404
1916	1406
2330	1406
2505	1406
2654	1409
2505	1411
2758	1411
2467	1412
2613	1412
1853	1413
1953	1415
2678	1417
1817	1422
2080	1422
2540	1422
2589	1422
2724	1422
1489	1446
1727	1446
2445	1446
2496	1446
2417	1449
2505	1451
2783	1451
2787	1452
2791	1452
2284	1458
2476	1458
2001	1471
2525	1471
1898	1475
2116	1476
1847	1481
2184	1481
2203	1481
2521	1481
2120	1486
2496	1489
2001	1494
1539	1495
1619	1495
2677	1495
1869	1512
2590	1512
2672	1512
1612	1513
1893	1521
1802	1525
1947	1525
2517	1525
2752	1525
1757	1534
1654	1535
1737	1535
2111	1535
2451	1551
1817	1556
2421	1560
2430	1560
2694	1560
1620	1561
1860	1561
2724	1561
2089	1563
2058	1565
1654	1567
2074	1567
1898	1568
2432	1568
2443	1573
1775	1581
1898	1593
2089	1593
2757	1593
2787	1593
2791	1593
1612	1594
2695	1596
1939	1601
1654	1607
1654	1608
1817	1611
1863	1614
1969	1614
1860	1620
2178	1620
2724	1620
1654	1626
2365	1626
2502	1626
2503	1627
2505	1627
2758	1627
1847	1628
2089	1628
2752	1646
2418	1651
1898	1654
1928	1654
2036	1654
2046	1654
2185	1654
2321	1654
2352	1654
2502	1654
2586	1654
2729	1654
2783	1654
1898	1658
1898	1660
1956	1660
2150	1660
2152	1660
2297	1668
1730	1680
2146	1680
2786	1680
2469	1683
2589	1683
2756	1685
1753	1687
2074	1687
2651	1687
2769	1687
2589	1690
2205	1691
1772	1704
1799	1704
1812	1704
1898	1704
2065	1704
2315	1704
2433	1704
2441	1704
2470	1704
2786	1710
2724	1715
1980	1723
2080	1723
2395	1723
2470	1730
2321	1731
1889	1733
1783	1737
1818	1737
2589	1747
2579	1749
2001	1751
2055	1752
2237	1752
2288	1752
2514	1752
2756	1752
2074	1753
2651	1753
2522	1757
2202	1759
2257	1759
2683	1768
1817	1771
2525	1772
2746	1772
2696	1775
2113	1779
2131	1779
2111	1783
1955	1789
2770	1801
2001	1806
2476	1816
1860	1817
2116	1817
2476	1817
2171	1818
2701	1818
2789	1818
2485	1822
2762	1825
1905	1827
2461	1827
2481	1834
2089	1847
2509	1853
2697	1857
2780	1858
2786	1858
2724	1860
2237	1861
2238	1862
1947	1880
2203	1880
2521	1880
2696	1880
2172	1884
2731	1893
2666	1897
1965	1898
2015	1898
2232	1898
2687	1898
2752	1898
2784	1898
2116	1903
2330	1916
2432	1916
2505	1916
2316	1918
2001	1934
2393	1947
2421	1947
2784	1947
2355	1948
2758	1948
2469	1953
2389	1955
2476	1955
2720	1956
2740	1956
2700	1965
2785	1965
2152	1969
2093	2001
2686	2001
2715	2001
2579	2008
2579	2012
2494	2022
2448	2024
2108	2025
2470	2027
2146	2032
2187	2046
2724	2052
2594	2055
2058	2057
2105	2059
2421	2059
2116	2062
2248	2062
2695	2062
2618	2066
2757	2066
2651	2074
2395	2080
2603	2080
2116	2086
2352	2089
2116	2092
2423	2097
2423	2105
2711	2105
2586	2111
2689	2111
2191	2112
2468	2113
2749	2113
2232	2116
2317	2116
2461	2122
2451	2138
2451	2146
2695	2150
2790	2152
2724	2171
2203	2184
2521	2184
2321	2185
2502	2185
2783	2185
2540	2190
2494	2191
2205	2196
2521	2203
2444	2205
2636	2205
2365	2216
2288	2237
2489	2237
2756	2237
2352	2246
2432	2260
2786	2264
2540	2284
2756	2288
2385	2316
2579	2328
2505	2330
2768	2330
2579	2352
2675	2365
2729	2365
2421	2393
2502	2393
2520	2393
2603	2395
2672	2432
2579	2433
2579	2438
2787	2443
2773	2451
2757	2461
2503	2467
2696	2470
2724	2475
2752	2476
2588	2502
2729	2502
2505	2503
2758	2503
2758	2505
2540	2511
2632	2525
2757	2526
2589	2540
2724	2540
2724	2589
2688	2594
2689	2632
2769	2651
2683	2675
2746	2689
2758	2731
2756	2746
2791	2787
