2	630
2	654
2	845
2	963
13	35
13	653
13	1200
13	1221
22	533
22	1033
23	986
24	369
27	569
27	695
27	1045
27	1125
27	1429
29	543
29	1051
29	1251
31	49
31	106
31	144
31	160
31	221
31	235
31	254
31	324
31	417
31	571
31	582
31	587
31	676
31	690
31	763
31	903
31	934
31	947
31	950
31	959
31	996
31	1009
31	1119
31	1179
31	1250
31	1317
31	1380
31	1390
31	1410
31	1451
31	1490
31	1492
35	653
35	1200
35	1221
36	541
36	1368
37	68
37	347
37	372
37	572
37	680
37	938
37	1023
38	55
38	65
38	107
38	201
38	240
38	254
38	348
38	370
38	474
38	475
38	484
38	488
38	513
38	522
38	569
38	640
38	721
38	777
38	864
38	915
38	974
38	990
38	1109
38	1125
38	1159
38	1168
38	1189
38	1228
38	1277
38	1299
38	1404
38	1447
39	730
39	835
39	1171
41	86
41	158
41	163
41	268
41	610
41	861
41	897
41	980
41	1024
41	1037
41	1108
41	1214
41	1222
43	1509
44	1194
49	65
49	106
49	144
49	201
49	221
49	254
49	359
49	370
49	474
49	497
49	522
49	569
49	571
49	587
49	635
49	640
49	777
49	864
49	903
49	915
49	934
49	947
49	950
49	974
49	988
49	1097
49	1109
49	1119
49	1125
49	1132
49	1168
49	1179
49	1189
49	1231
49	1277
49	1299
49	1369
49	1380
49	1404
49	1410
49	1413
49	1429
49	1492
53	508
53	1132
53	1432
55	65
55	107
55	201
55	254
55	348
55	370
55	474
55	475
55	484
55	488
55	522
55	569
55	777
55	864
55	915
55	974
55	1109
55	1159
55	1168
55	1228
55	1277
55	1299
57	473
60	622
65	95
65	106
65	107
65	201
65	240
65	348
65	359
65	370
65	379
65	474
65	488
65	522
65	569
65	640
65	721
65	777
65	864
65	895
65	915
65	974
65	1109
65	1125
65	1132
65	1159
65	1168
65	1175
65	1179
65	1189
65	1228
65	1277
65	1299
65	1380
65	1404
65	1429
65	1438
65	1447
68	347
68	372
68	551
68	572
68	680
68	938
68	1015
68	1043
68	1124
74	284
74	509
74	663
74	1116
74	1122
76	1226
76	1316
76	1338
86	158
86	163
86	268
86	356
86	610
86	861
86	897
86	1024
86	1037
86	1108
86	1214
90	553
92	926
92	1449
95	252
95	379
95	497
95	569
95	651
95	915
95	1077
95	1119
95	1132
95	1141
95	1299
95	1351
95	1390
95	1413
95	1429
95	1434
95	1447
97	248
97	289
97	336
97	337
97	413
97	517
97	568
97	593
97	608
97	633
97	860
97	1164
97	1182
97	1230
97	1242
97	1323
97	1333
97	1381
99	222
99	249
99	496
99	697
99	738
99	771
99	882
99	1176
99	1186
99	1212
99	1236
99	1335
99	1339
99	1365
99	1412
99	1452
99	1486
104	976
104	1346
104	1406
106	201
106	221
106	254
106	348
106	359
106	370
106	488
106	522
106	569
106	571
106	607
106	635
106	721
106	864
106	915
106	947
106	950
106	966
106	988
106	996
106	1045
106	1109
106	1125
106	1159
106	1168
106	1179
106	1189
106	1195
106	1228
106	1277
106	1299
106	1317
106	1333
106	1380
106	1400
106	1404
106	1413
106	1451
107	201
107	359
107	370
107	474
107	475
107	484
107	488
107	513
107	522
107	569
107	640
107	777
107	864
107	974
107	1109
107	1125
107	1159
107	1168
107	1189
107	1277
107	1299
113	1292
114	455
119	159
119	326
119	470
119	476
119	875
119	878
119	993
119	1084
119	1252
119	1335
127	503
127	683
129	158
129	268
129	1024
129	1108
129	1214
138	571
144	221
144	235
144	324
144	417
144	587
144	676
144	903
144	944
144	947
144	950
144	1119
144	1132
144	1179
144	1231
144	1492
149	1466
150	159
150	326
150	476
150	878
150	993
150	1067
150	1084
156	210
156	318
156	589
156	604
156	656
156	1203
156	1253
156	1286
158	163
158	268
158	610
158	861
158	897
158	980
158	1024
158	1037
158	1108
158	1214
159	326
159	476
159	878
159	993
159	1067
159	1084
160	221
160	254
160	417
160	571
160	582
160	676
160	690
160	763
160	903
160	934
160	947
160	950
160	959
160	1009
160	1162
160	1179
160	1317
160	1410
160	1451
160	1490
160	1492
163	268
163	356
163	610
163	861
163	897
163	980
163	1024
163	1037
163	1108
163	1214
164	399
164	430
164	691
164	824
164	924
164	929
164	984
164	1190
169	524
169	652
169	1205
169	1327
169	1389
174	421
174	1412
176	524
176	652
176	1205
176	1327
183	644
183	1429
184	757
187	289
187	1230
189	204
189	592
189	1061
189	1219
189	1478
194	744
199	348
201	254
201	348
201	359
201	370
201	389
201	474
201	475
201	488
201	497
201	513
201	522
201	554
201	569
201	635
201	640
201	721
201	777
201	864
201	915
201	974
201	988
201	1095
201	1109
201	1120
201	1125
201	1159
201	1168
201	1189
201	1228
201	1277
201	1299
201	1333
201	1400
201	1413
201	1447
204	1061
204	1478
210	318
210	589
210	604
210	656
210	1203
210	1253
210	1286
210	1507
213	504
213	794
219	1224
221	254
221	324
221	417
221	571
221	582
221	587
221	676
221	763
221	903
221	934
221	947
221	950
221	1119
221	1179
221	1231
221	1250
221	1359
221	1380
221	1410
221	1492
222	249
222	738
222	882
222	1176
222	1186
222	1236
222	1335
222	1339
222	1486
233	661
233	944
233	1137
240	348
240	359
240	370
240	379
240	474
240	522
240	569
240	640
240	721
240	777
240	864
240	895
240	915
240	988
240	1109
240	1125
240	1132
240	1159
240	1189
240	1228
240	1277
240	1299
240	1404
240	1429
240	1438
241	1283
242	296
242	494
248	289
248	336
248	337
248	413
248	517
248	568
248	593
248	608
248	633
248	860
248	1182
248	1230
248	1242
248	1323
248	1333
248	1381
249	738
249	882
249	1176
249	1186
249	1236
249	1335
249	1339
252	379
252	399
252	450
252	497
252	508
252	574
252	651
252	721
252	895
252	915
252	971
252	1077
252	1119
252	1132
252	1141
252	1228
252	1299
252	1334
252	1351
252	1380
252	1390
252	1413
252	1434
254	348
254	359
254	370
254	417
254	474
254	484
254	488
254	522
254	569
254	571
254	587
254	635
254	676
254	721
254	777
254	864
254	903
254	915
254	934
254	947
254	950
254	966
254	974
254	996
254	1095
254	1109
254	1120
254	1125
254	1159
254	1168
254	1179
254	1189
254	1195
254	1228
254	1231
254	1277
254	1299
254	1317
254	1359
254	1380
254	1400
254	1404
254	1410
254	1413
254	1429
254	1438
254	1447
254	1451
254	1492
254	1507
262	1097
262	1136
262	1462
268	356
268	610
268	861
268	897
268	980
268	1024
268	1037
268	1108
268	1214
274	682
274	1047
277	455
277	718
284	509
284	1068
284	1116
284	1122
289	336
289	337
289	517
289	568
289	593
289	608
289	633
289	860
289	1164
289	1182
289	1230
289	1242
289	1323
289	1381
296	494
296	576
298	567
298	883
298	975
298	1348
298	1443
298	1452
303	491
303	695
303	1078
306	309
306	551
306	659
306	702
306	938
306	1043
309	551
309	659
309	680
309	702
309	938
309	1043
311	391
311	584
311	780
311	804
311	1396
318	589
318	604
318	656
318	1203
318	1253
318	1286
318	1507
320	1295
322	1144
322	1502
324	431
324	587
324	676
324	743
324	947
324	1179
324	1231
324	1246
324	1410
324	1492
325	972
325	1078
325	1201
326	476
326	875
326	878
326	993
326	1067
326	1084
336	337
336	517
336	568
336	593
336	608
336	633
336	860
336	1182
336	1230
336	1242
336	1323
336	1381
337	517
337	568
337	593
337	608
337	633
337	860
337	1182
337	1230
337	1242
337	1323
337	1381
345	587
345	743
345	1246
347	372
347	572
347	680
347	938
348	359
348	370
348	474
348	475
348	488
348	497
348	569
348	721
348	777
348	864
348	915
348	974
348	988
348	1109
348	1125
348	1159
348	1168
348	1228
348	1277
348	1299
348	1341
348	1413
348	1438
348	1447
356	564
356	861
356	1024
356	1037
359	370
359	474
359	488
359	497
359	513
359	522
359	569
359	640
359	721
359	777
359	864
359	988
359	1109
359	1125
359	1159
359	1189
359	1277
359	1299
359	1413
359	1438
359	1447
370	379
370	399
370	474
370	475
370	484
370	488
370	497
370	522
370	569
370	635
370	640
370	721
370	777
370	864
370	895
370	915
370	974
370	990
370	1007
370	1095
370	1109
370	1125
370	1132
370	1159
370	1168
370	1175
370	1189
370	1228
370	1277
370	1299
370	1404
370	1429
370	1434
370	1438
370	1447
371	594
371	892
371	1056
372	572
372	680
372	938
372	1124
374	653
374	1200
377	1283
379	399
379	450
379	488
379	497
379	508
379	651
379	721
379	824
379	895
379	915
379	944
379	950
379	971
379	1029
379	1077
379	1119
379	1125
379	1132
379	1141
379	1277
379	1299
379	1334
379	1351
379	1380
379	1390
379	1413
379	1429
379	1434
379	1438
385	778
385	1058
386	1285
387	549
387	663
387	1181
387	1455
391	584
391	780
391	804
391	1396
395	488
395	1299
395	1447
395	1481
396	582
396	690
396	1410
399	430
399	450
399	488
399	508
399	569
399	574
399	651
399	691
399	824
399	895
399	929
399	971
399	984
399	1007
399	1029
399	1077
399	1132
399	1141
399	1190
399	1277
399	1299
399	1334
399	1351
399	1390
399	1413
399	1429
399	1434
399	1447
404	724
413	517
413	1323
416	706
417	571
417	582
417	587
417	676
417	690
417	763
417	903
417	934
417	947
417	950
417	959
417	1009
417	1179
417	1410
417	1451
417	1490
417	1492
418	546
418	1312
421	1412
424	749
424	1075
425	531
425	986
425	1498
430	691
430	824
430	895
430	924
430	984
430	1077
430	1132
430	1141
430	1299
431	587
439	509
441	1243
444	485
444	1298
445	592
445	1065
445	1279
450	508
450	574
450	651
450	691
450	824
450	1029
450	1077
450	1132
450	1141
450	1277
450	1299
450	1334
450	1351
450	1413
450	1434
455	718
456	922
461	609
463	531
464	1382
468	531
474	484
474	488
474	497
474	513
474	522
474	569
474	640
474	721
474	777
474	864
474	915
474	974
474	988
474	990
474	996
474	1095
474	1109
474	1125
474	1159
474	1168
474	1189
474	1228
474	1229
474	1277
474	1299
474	1333
474	1404
474	1429
474	1438
474	1447
475	484
475	569
475	777
475	915
475	974
475	1109
475	1125
475	1168
475	1277
476	875
476	878
476	993
476	1067
476	1084
476	1236
481	1485
484	777
484	974
484	1109
484	1125
484	1168
484	1228
484	1229
484	1277
485	571
485	1012
485	1051
485	1282
485	1298
488	497
488	522
488	554
488	569
488	574
488	640
488	651
488	721
488	777
488	864
488	915
488	974
488	984
488	996
488	1095
488	1109
488	1125
488	1141
488	1159
488	1179
488	1277
488	1299
488	1333
488	1438
488	1447
491	1078
494	576
496	697
496	1339
496	1412
497	508
497	522
497	569
497	574
497	640
497	721
497	777
497	864
497	895
497	915
497	1045
497	1095
497	1109
497	1125
497	1132
497	1159
497	1179
497	1189
497	1228
497	1277
497	1299
497	1334
497	1429
497	1438
497	1447
501	977
503	683
503	1109
503	1299
504	794
507	1362
507	1497
508	574
508	651
508	691
508	824
508	971
508	1077
508	1132
508	1141
508	1277
508	1299
508	1334
508	1351
508	1390
508	1413
508	1434
509	663
509	1068
509	1116
509	1122
509	1205
513	569
513	777
513	864
513	1125
513	1189
513	1299
514	1386
517	568
517	593
517	608
517	633
517	860
517	1182
517	1230
517	1242
517	1323
517	1333
517	1381
522	569
522	635
522	640
522	721
522	777
522	824
522	864
522	915
522	988
522	1007
522	1109
522	1125
522	1132
522	1159
522	1168
522	1189
522	1277
522	1299
522	1413
522	1429
522	1447
524	652
524	1205
524	1327
524	1389
531	711
531	1313
533	1033
533	1289
541	1368
543	1251
546	625
546	1452
549	1002
549	1181
549	1455
551	659
551	680
551	702
551	938
551	1043
551	1470
554	777
554	864
554	974
554	1277
567	883
567	975
567	1348
567	1443
568	593
568	608
568	633
568	860
568	1182
568	1230
568	1242
568	1323
568	1381
569	635
569	640
569	721
569	777
569	864
569	895
569	915
569	988
569	996
569	1095
569	1109
569	1125
569	1132
569	1159
569	1168
569	1175
569	1179
569	1189
569	1228
569	1277
569	1299
569	1332
569	1333
569	1341
569	1404
569	1413
569	1429
569	1438
569	1447
571	582
571	676
571	763
571	934
571	947
571	950
571	959
571	960
571	1009
571	1119
571	1132
571	1179
571	1298
571	1299
571	1380
571	1410
571	1492
572	680
572	938
572	1015
572	1043
572	1124
574	651
574	691
574	824
574	895
574	915
574	929
574	1077
574	1132
574	1141
574	1190
574	1277
574	1299
574	1334
574	1351
574	1390
574	1413
574	1434
574	1447
580	1052
580	1151
582	676
582	690
582	763
582	903
582	934
582	947
582	950
582	959
582	1179
582	1380
582	1410
582	1492
584	780
584	1396
587	676
587	743
587	903
587	934
587	947
587	1009
587	1109
587	1179
587	1246
587	1410
587	1492
589	604
589	656
589	1203
589	1253
589	1286
589	1507
592	768
592	1279
592	1333
593	633
593	860
593	1182
593	1230
593	1323
593	1381
594	892
594	1056
599	1000
604	656
604	1203
604	1253
604	1286
606	1139
606	1403
607	919
608	633
608	860
608	1182
608	1230
608	1242
608	1323
609	806
610	861
610	897
610	980
610	1024
610	1037
610	1108
610	1214
615	678
628	680
629	1137
630	654
630	758
630	1507
633	860
633	1182
633	1230
633	1242
633	1323
633	1333
633	1381
635	864
635	988
635	1120
635	1125
635	1189
635	1332
640	721
640	777
640	864
640	915
640	1095
640	1109
640	1125
640	1159
640	1189
640	1277
640	1299
640	1404
640	1429
640	1438
644	1345
651	691
651	824
651	895
651	929
651	971
651	1029
651	1077
651	1119
651	1125
651	1132
651	1141
651	1190
651	1277
651	1299
651	1334
651	1351
651	1380
651	1390
651	1413
651	1434
652	1205
652	1327
652	1389
653	1200
653	1221
654	963
654	1196
656	1203
656	1253
656	1286
658	691
658	824
658	929
658	1190
659	702
659	938
659	1043
661	915
661	944
661	1231
663	1122
663	1455
666	981
676	690
676	763
676	903
676	934
676	947
676	950
676	959
676	1009
676	1162
676	1179
676	1317
676	1410
676	1490
676	1492
680	702
680	938
680	1015
680	1043
680	1124
680	1480
682	1047
684	956
689	1175
690	763
690	903
690	934
690	947
690	950
690	1410
690	1490
690	1492
691	824
691	895
691	929
691	1077
691	1132
691	1141
691	1190
691	1277
691	1299
691	1334
691	1351
691	1434
695	1045
695	1095
697	1339
697	1412
702	938
702	1043
702	1470
711	1313
713	779
714	1312
721	777
721	864
721	915
721	950
721	988
721	1095
721	1109
721	1125
721	1132
721	1159
721	1168
721	1179
721	1189
721	1228
721	1277
721	1299
721	1333
721	1334
721	1413
721	1429
721	1447
730	835
730	1171
738	882
738	1176
738	1186
738	1236
738	1335
738	1339
738	1486
743	1132
746	1274
762	985
762	1356
763	903
763	934
763	947
763	950
763	959
763	1009
763	1179
763	1380
763	1410
763	1490
763	1492
768	1279
771	1176
771	1212
771	1365
771	1452
771	1486
777	864
777	915
777	974
777	988
777	1095
777	1109
777	1125
777	1159
777	1168
777	1189
777	1228
777	1229
777	1277
777	1299
777	1333
777	1341
777	1404
777	1429
777	1438
777	1447
778	1058
780	804
780	1396
787	1262
788	795
794	1423
804	1396
824	895
824	1007
824	1077
824	1132
824	1141
824	1190
824	1299
824	1334
824	1351
824	1413
824	1429
824	1434
824	1447
835	1171
839	1331
845	963
846	1035
846	1298
855	1189
855	1195
855	1451
858	909
860	1182
860	1230
860	1242
860	1323
860	1333
860	1381
861	897
861	980
861	1024
861	1037
861	1108
861	1214
864	915
864	974
864	988
864	1007
864	1036
864	1095
864	1109
864	1125
864	1159
864	1168
864	1179
864	1189
864	1228
864	1229
864	1277
864	1299
864	1429
864	1438
864	1447
875	993
875	1084
878	993
878	1067
878	1084
882	1176
882	1186
882	1236
882	1335
882	1339
882	1486
883	975
883	1348
883	1443
888	1041
892	1056
893	1464
895	915
895	971
895	1132
895	1141
895	1277
895	1299
895	1334
895	1413
895	1429
897	980
897	1024
897	1037
897	1108
897	1214
903	934
903	947
903	950
903	959
903	1009
903	1179
903	1410
903	1490
903	1492
915	949
915	974
915	988
915	1109
915	1119
915	1125
915	1132
915	1141
915	1159
915	1168
915	1179
915	1189
915	1228
915	1277
915	1299
915	1333
915	1334
915	1404
915	1413
915	1429
915	1438
918	963
918	1270
924	984
924	1277
926	955
929	1069
929	1141
929	1190
934	947
934	950
934	959
934	1009
934	1179
934	1317
934	1380
934	1410
934	1451
934	1487
934	1490
934	1492
937	1473
938	1043
938	1124
944	950
944	1119
944	1132
944	1137
944	1231
944	1299
944	1380
947	950
947	959
947	1009
947	1179
947	1317
947	1359
947	1380
947	1410
947	1490
947	1492
949	1413
950	959
950	1009
950	1119
950	1132
950	1162
950	1179
950	1359
950	1380
950	1410
950	1490
950	1492
959	1009
959	1162
959	1179
959	1410
959	1490
959	1492
961	1494
963	1270
963	1312
963	1413
966	1168
967	1216
971	1077
971	1132
971	1141
971	1277
971	1299
971	1334
971	1380
971	1390
971	1434
972	1078
972	1201
974	1109
974	1125
974	1159
974	1168
974	1189
974	1229
974	1277
974	1299
975	1348
975	1443
976	1346
976	1406
980	1024
980	1037
980	1108
980	1214
984	1277
984	1299
984	1447
985	1123
988	1109
988	1125
988	1159
988	1179
988	1189
988	1228
988	1277
988	1404
988	1438
988	1447
990	1109
993	1067
993	1084
996	1109
996	1195
996	1279
996	1296
996	1447
999	1411
1007	1277
1007	1299
1008	1298
1009	1179
1009	1410
1009	1490
1009	1492
1012	1282
1012	1298
1015	1480
1024	1037
1024	1108
1024	1214
1024	1222
1029	1077
1029	1125
1029	1132
1029	1277
1029	1299
1029	1334
1029	1413
1029	1418
1029	1429
1029	1434
1031	1108
1031	1214
1036	1333
1037	1108
1037	1214
1043	1124
1045	1279
1045	1299
1045	1429
1049	1495
1051	1282
1051	1298
1052	1151
1061	1478
1062	1130
1064	1412
1066	1069
1067	1084
1068	1122
1076	1220
1077	1119
1077	1132
1077	1141
1077	1277
1077	1299
1077	1334
1077	1351
1077	1390
1077	1434
1080	1128
1080	1455
1081	1226
1082	1270
1095	1109
1095	1125
1095	1159
1095	1189
1095	1228
1095	1277
1095	1299
1095	1333
1095	1404
1095	1429
1095	1447
1097	1136
1097	1333
1097	1369
1097	1400
1097	1462
1101	1165
1108	1214
1109	1125
1109	1159
1109	1168
1109	1179
1109	1189
1109	1228
1109	1229
1109	1277
1109	1299
1109	1429
1109	1438
1116	1122
1119	1132
1119	1179
1119	1334
1119	1351
1119	1380
1119	1410
1120	1189
1125	1132
1125	1141
1125	1159
1125	1168
1125	1189
1125	1228
1125	1229
1125	1277
1125	1299
1125	1333
1125	1334
1125	1341
1125	1404
1125	1413
1125	1429
1125	1438
1125	1447
1132	1141
1132	1159
1132	1179
1132	1231
1132	1277
1132	1299
1132	1334
1132	1351
1132	1380
1132	1390
1132	1413
1132	1429
1132	1434
1132	1438
1136	1333
1136	1369
1136	1462
1139	1403
1141	1190
1141	1277
1141	1299
1141	1334
1141	1351
1141	1390
1141	1413
1141	1434
1141	1447
1144	1502
1152	1402
1159	1168
1159	1189
1159	1228
1159	1277
1159	1299
1159	1333
1159	1404
1159	1429
1159	1438
1159	1447
1159	1481
1162	1410
1162	1490
1162	1492
1168	1189
1168	1228
1168	1277
1168	1299
1168	1404
1168	1418
1168	1472
1175	1277
1175	1299
1176	1186
1176	1212
1176	1236
1176	1335
1176	1339
1176	1365
1176	1452
1176	1486
1179	1189
1179	1299
1179	1359
1179	1380
1179	1400
1179	1404
1179	1410
1179	1429
1179	1490
1179	1492
1181	1455
1182	1230
1182	1323
1182	1381
1186	1236
1186	1335
1186	1339
1186	1486
1189	1228
1189	1277
1189	1299
1189	1404
1189	1413
1189	1429
1190	1299
1195	1296
1195	1317
1195	1451
1200	1221
1201	1328
1203	1253
1203	1286
1205	1327
1205	1389
1212	1339
1212	1365
1212	1452
1212	1486
1214	1222
1219	1499
1226	1316
1226	1338
1228	1277
1228	1299
1228	1333
1228	1334
1228	1404
1228	1413
1228	1447
1230	1242
1230	1323
1230	1333
1230	1381
1231	1380
1236	1335
1236	1339
1236	1486
1242	1323
1253	1286
1270	1312
1277	1299
1277	1334
1277	1390
1277	1404
1277	1413
1277	1429
1277	1434
1277	1438
1277	1447
1277	1472
1282	1298
1299	1334
1299	1351
1299	1380
1299	1390
1299	1404
1299	1413
1299	1429
1299	1434
1299	1438
1299	1447
1299	1507
1317	1380
1317	1410
1317	1451
1323	1381
1327	1389
1333	1369
1333	1400
1333	1404
1333	1447
1333	1462
1334	1351
1334	1390
1334	1413
1334	1434
1335	1339
1335	1486
1339	1365
1339	1412
1339	1452
1339	1486
1346	1406
1348	1443
1351	1390
1351	1413
1351	1429
1351	1434
1359	1410
1359	1490
1365	1452
1365	1486
1369	1462
1380	1390
1380	1410
1380	1413
1380	1451
1380	1492
1390	1429
1390	1434
1404	1429
1410	1451
1410	1490
1410	1492
1413	1429
1413	1434
1413	1447
1413	1481
1429	1434
1429	1438
1438	1481
1450	1457
1451	1492
1452	1486
1490	1492
630	2
654	2
845	2
963	2
35	13
653	13
1200	13
1221	13
533	22
1033	22
986	23
369	24
569	27
695	27
1045	27
1125	27
1429	27
543	29
1051	29
1251	29
49	31
106	31
144	31
160	31
221	31
235	31
254	31
324	31
417	31
571	31
582	31
587	31
676	31
690	31
763	31
903	31
934	31
947	31
950	31
959	31
996	31
1009	31
1119	31
1179	31
1250	31
1317	31
1380	31
1390	31
1410	31
1451	31
1490	31
1492	31
653	35
1200	35
1221	35
541	36
1368	36
68	37
347	37
372	37
572	37
680	37
938	37
1023	37
55	38
65	38
107	38
201	38
240	38
254	38
348	38
370	38
474	38
475	38
484	38
488	38
513	38
522	38
569	38
640	38
721	38
777	38
864	38
915	38
974	38
990	38
1109	38
1125	38
1159	38
1168	38
1189	38
1228	38
1277	38
1299	38
1404	38
1447	38
730	39
835	39
1171	39
86	41
158	41
163	41
268	41
610	41
861	41
897	41
980	41
1024	41
1037	41
1108	41
1214	41
1222	41
1509	43
1194	44
65	49
106	49
144	49
201	49
221	49
254	49
359	49
370	49
474	49
497	49
522	49
569	49
571	49
587	49
635	49
640	49
777	49
864	49
903	49
915	49
934	49
947	49
950	49
974	49
988	49
1097	49
1109	49
1119	49
1125	49
1132	49
1168	49
1179	49
1189	49
1231	49
1277	49
1299	49
1369	49
1380	49
1404	49
1410	49
1413	49
1429	49
1492	49
508	53
1132	53
1432	53
65	55
107	55
201	55
254	55
348	55
370	55
474	55
475	55
484	55
488	55
522	55
569	55
777	55
864	55
915	55
974	55
1109	55
1159	55
1168	55
1228	55
1277	55
1299	55
473	57
622	60
95	65
106	65
107	65
201	65
240	65
348	65
359	65
370	65
379	65
474	65
488	65
522	65
569	65
640	65
721	65
777	65
864	65
895	65
915	65
974	65
1109	65
1125	65
1132	65
1159	65
1168	65
1175	65
1179	65
1189	65
1228	65
1277	65
1299	65
1380	65
1404	65
1429	65
1438	65
1447	65
347	68
372	68
551	68
572	68
680	68
938	68
1015	68
1043	68
1124	68
284	74
509	74
663	74
1116	74
1122	74
1226	76
1316	76
1338	76
158	86
163	86
268	86
356	86
610	86
861	86
897	86
1024	86
1037	86
1108	86
1214	86
553	90
926	92
1449	92
252	95
379	95
497	95
569	95
651	95
915	95
1077	95
1119	95
1132	95
1141	95
1299	95
1351	95
1390	95
1413	95
1429	95
1434	95
1447	95
248	97
289	97
336	97
337	97
413	97
517	97
568	97
593	97
608	97
633	97
860	97
1164	97
1182	97
1230	97
1242	97
1323	97
1333	97
1381	97
222	99
249	99
496	99
697	99
738	99
771	99
882	99
1176	99
1186	99
1212	99
1236	99
1335	99
1339	99
1365	99
1412	99
1452	99
1486	99
976	104
1346	104
1406	104
201	106
221	106
254	106
348	106
359	106
370	106
488	106
522	106
569	106
571	106
607	106
635	106
721	106
864	106
915	106
947	106
950	106
966	106
988	106
996	106
1045	106
1109	106
1125	106
1159	106
1168	106
1179	106
1189	106
1195	106
1228	106
1277	106
1299	106
1317	106
1333	106
1380	106
1400	106
1404	106
1413	106
1451	106
201	107
359	107
370	107
474	107
475	107
484	107
488	107
513	107
522	107
569	107
640	107
777	107
864	107
974	107
1109	107
1125	107
1159	107
1168	107
1189	107
1277	107
1299	107
1292	113
455	114
159	119
326	119
470	119
476	119
875	119
878	119
993	119
1084	119
1252	119
1335	119
503	127
683	127
158	129
268	129
1024	129
1108	129
1214	129
571	138
221	144
235	144
324	144
417	144
587	144
676	144
903	144
944	144
947	144
950	144
1119	144
1132	144
1179	144
1231	144
1492	144
1466	149
159	150
326	150
476	150
878	150
993	150
1067	150
1084	150
210	156
318	156
589	156
604	156
656	156
1203	156
1253	156
1286	156
163	158
268	158
610	158
861	158
897	158
980	158
1024	158
1037	158
1108	158
1214	158
326	159
476	159
878	159
993	159
1067	159
1084	159
221	160
254	160
417	160
571	160
582	160
676	160
690	160
763	160
903	160
934	160
947	160
950	160
959	160
1009	160
1162	160
1179	160
1317	160
1410	160
1451	160
1490	160
1492	160
268	163
356	163
610	163
861	163
897	163
980	163
1024	163
1037	163
1108	163
1214	163
399	164
430	164
691	164
824	164
924	164
929	164
984	164
1190	164
524	169
652	169
1205	169
1327	169
1389	169
421	174
1412	174
524	176
652	176
1205	176
1327	176
644	183
1429	183
757	184
289	187
1230	187
204	189
592	189
1061	189
1219	189
1478	189
744	194
348	199
254	201
348	201
359	201
370	201
389	201
474	201
475	201
488	201
497	201
513	201
522	201
554	201
569	201
635	201
640	201
721	201
777	201
864	201
915	201
974	201
988	201
1095	201
1109	201
1120	201
1125	201
1159	201
1168	201
1189	201
1228	201
1277	201
1299	201
1333	201
1400	201
1413	201
1447	201
1061	204
1478	204
318	210
589	210
604	210
656	210
1203	210
1253	210
1286	210
1507	210
504	213
794	213
1224	219
254	221
324	221
417	221
571	221
582	221
587	221
676	221
763	221
903	221
934	221
947	221
950	221
1119	221
1179	221
1231	221
1250	221
1359	221
1380	221
1410	221
1492	221
249	222
738	222
882	222
1176	222
1186	222
1236	222
1335	222
1339	222
1486	222
661	233
944	233
1137	233
348	240
359	240
370	240
379	240
474	240
522	240
569	240
640	240
721	240
777	240
864	240
895	240
915	240
988	240
1109	240
1125	240
1132	240
1159	240
1189	240
1228	240
1277	240
1299	240
1404	240
1429	240
1438	240
1283	241
296	242
494	242
289	248
336	248
337	248
413	248
517	248
568	248
593	248
608	248
633	248
860	248
1182	248
1230	248
1242	248
1323	248
1333	248
1381	248
738	249
882	249
1176	249
1186	249
1236	249
1335	249
1339	249
379	252
399	252
450	252
497	252
508	252
574	252
651	252
721	252
895	252
915	252
971	252
1077	252
1119	252
1132	252
1141	252
1228	252
1299	252
1334	252
1351	252
1380	252
1390	252
1413	252
1434	252
348	254
359	254
370	254
417	254
474	254
484	254
488	254
522	254
569	254
571	254
587	254
635	254
676	254
721	254
777	254
864	254
903	254
915	254
934	254
947	254
950	254
966	254
974	254
996	254
1095	254
1109	254
1120	254
1125	254
1159	254
1168	254
1179	254
1189	254
1195	254
1228	254
1231	254
1277	254
1299	254
1317	254
1359	254
1380	254
1400	254
1404	254
1410	254
1413	254
1429	254
1438	254
1447	254
1451	254
1492	254
1507	254
1097	262
1136	262
1462	262
356	268
610	268
861	268
897	268
980	268
1024	268
1037	268
1108	268
1214	268
682	274
1047	274
455	277
718	277
509	284
1068	284
1116	284
1122	284
336	289
337	289
517	289
568	289
593	289
608	289
633	289
860	289
1164	289
1182	289
1230	289
1242	289
1323	289
1381	289
494	296
576	296
567	298
883	298
975	298
1348	298
1443	298
1452	298
491	303
695	303
1078	303
309	306
551	306
659	306
702	306
938	306
1043	306
551	309
659	309
680	309
702	309
938	309
1043	309
391	311
584	311
780	311
804	311
1396	311
589	318
604	318
656	318
1203	318
1253	318
1286	318
1507	318
1295	320
1144	322
1502	322
431	324
587	324
676	324
743	324
947	324
1179	324
1231	324
1246	324
1410	324
1492	324
972	325
1078	325
1201	325
476	326
875	326
878	326
993	326
1067	326
1084	326
337	336
517	336
568	336
593	336
608	336
633	336
860	336
1182	336
1230	336
1242	336
1323	336
1381	336
517	337
568	337
593	337
608	337
633	337
860	337
1182	337
1230	337
1242	337
1323	337
1381	337
587	345
743	345
1246	345
372	347
572	347
680	347
938	347
359	348
370	348
474	348
475	348
488	348
497	348
569	348
721	348
777	348
864	348
915	348
974	348
988	348
1109	348
1125	348
1159	348
1168	348
1228	348
1277	348
1299	348
1341	348
1413	348
1438	348
1447	348
564	356
861	356
1024	356
1037	356
370	359
474	359
488	359
497	359
513	359
522	359
569	359
640	359
721	359
777	359
864	359
988	359
1109	359
1125	359
1159	359
1189	359
1277	359
1299	359
1413	359
1438	359
1447	359
379	370
399	370
474	370
475	370
484	370
488	370
497	370
522	370
569	370
635	370
640	370
721	370
777	370
864	370
895	370
915	370
974	370
990	370
1007	370
1095	370
1109	370
1125	370
1132	370
1159	370
1168	370
1175	370
1189	370
1228	370
1277	370
1299	370
1404	370
1429	370
1434	370
1438	370
1447	370
594	371
892	371
1056	371
572	372
680	372
938	372
1124	372
653	374
1200	374
1283	377
399	379
450	379
488	379
497	379
508	379
651	379
721	379
824	379
895	379
915	379
944	379
950	379
971	379
1029	379
1077	379
1119	379
1125	379
1132	379
1141	379
1277	379
1299	379
1334	379
1351	379
1380	379
1390	379
1413	379
1429	379
1434	379
1438	379
778	385
1058	385
1285	386
549	387
663	387
1181	387
1455	387
584	391
780	391
804	391
1396	391
488	395
1299	395
1447	395
1481	395
582	396
690	396
1410	396
430	399
450	399
488	399
508	399
569	399
574	399
651	399
691	399
824	399
895	399
929	399
971	399
984	399
1007	399
1029	399
1077	399
1132	399
1141	399
1190	399
1277	399
1299	399
1334	399
1351	399
1390	399
1413	399
1429	399
1434	399
1447	399
724	404
517	413
1323	413
706	416
571	417
582	417
587	417
676	417
690	417
763	417
903	417
934	417
947	417
950	417
959	417
1009	417
1179	417
1410	417
1451	417
1490	417
1492	417
546	418
1312	418
1412	421
749	424
1075	424
531	425
986	425
1498	425
691	430
824	430
895	430
924	430
984	430
1077	430
1132	430
1141	430
1299	430
587	431
509	439
1243	441
485	444
1298	444
592	445
1065	445
1279	445
508	450
574	450
651	450
691	450
824	450
1029	450
1077	450
1132	450
1141	450
1277	450
1299	450
1334	450
1351	450
1413	450
1434	450
718	455
922	456
609	461
531	463
1382	464
531	468
484	474
488	474
497	474
513	474
522	474
569	474
640	474
721	474
777	474
864	474
915	474
974	474
988	474
990	474
996	474
1095	474
1109	474
1125	474
1159	474
1168	474
1189	474
1228	474
1229	474
1277	474
1299	474
1333	474
1404	474
1429	474
1438	474
1447	474
484	475
569	475
777	475
915	475
974	475
1109	475
1125	475
1168	475
1277	475
875	476
878	476
993	476
1067	476
1084	476
1236	476
1485	481
777	484
974	484
1109	484
1125	484
1168	484
1228	484
1229	484
1277	484
571	485
1012	485
1051	485
1282	485
1298	485
497	488
522	488
554	488
569	488
574	488
640	488
651	488
721	488
777	488
864	488
915	488
974	488
984	488
996	488
1095	488
1109	488
1125	488
1141	488
1159	488
1179	488
1277	488
1299	488
1333	488
1438	488
1447	488
1078	491
576	494
697	496
1339	496
1412	496
508	497
522	497
569	497
574	497
640	497
721	497
777	497
864	497
895	497
915	497
1045	497
1095	497
1109	497
1125	497
1132	497
1159	497
1179	497
1189	497
1228	497
1277	497
1299	497
1334	497
1429	497
1438	497
1447	497
977	501
683	503
1109	503
1299	503
794	504
1362	507
1497	507
574	508
651	508
691	508
824	508
971	508
1077	508
1132	508
1141	508
1277	508
1299	508
1334	508
1351	508
1390	508
1413	508
1434	508
663	509
1068	509
1116	509
1122	509
1205	509
569	513
777	513
864	513
1125	513
1189	513
1299	513
1386	514
568	517
593	517
608	517
633	517
860	517
1182	517
1230	517
1242	517
1323	517
1333	517
1381	517
569	522
635	522
640	522
721	522
777	522
824	522
864	522
915	522
988	522
1007	522
1109	522
1125	522
1132	522
1159	522
1168	522
1189	522
1277	522
1299	522
1413	522
1429	522
1447	522
652	524
1205	524
1327	524
1389	524
711	531
1313	531
1033	533
1289	533
1368	541
1251	543
625	546
1452	546
1002	549
1181	549
1455	549
659	551
680	551
702	551
938	551
1043	551
1470	551
777	554
864	554
974	554
1277	554
883	567
975	567
1348	567
1443	567
593	568
608	568
633	568
860	568
1182	568
1230	568
1242	568
1323	568
1381	568
635	569
640	569
721	569
777	569
864	569
895	569
915	569
988	569
996	569
1095	569
1109	569
1125	569
1132	569
1159	569
1168	569
1175	569
1179	569
1189	569
1228	569
1277	569
1299	569
1332	569
1333	569
1341	569
1404	569
1413	569
1429	569
1438	569
1447	569
582	571
676	571
763	571
934	571
947	571
950	571
959	571
960	571
1009	571
1119	571
1132	571
1179	571
1298	571
1299	571
1380	571
1410	571
1492	571
680	572
938	572
1015	572
1043	572
1124	572
651	574
691	574
824	574
895	574
915	574
929	574
1077	574
1132	574
1141	574
1190	574
1277	574
1299	574
1334	574
1351	574
1390	574
1413	574
1434	574
1447	574
1052	580
1151	580
676	582
690	582
763	582
903	582
934	582
947	582
950	582
959	582
1179	582
1380	582
1410	582
1492	582
780	584
1396	584
676	587
743	587
903	587
934	587
947	587
1009	587
1109	587
1179	587
1246	587
1410	587
1492	587
604	589
656	589
1203	589
1253	589
1286	589
1507	589
768	592
1279	592
1333	592
633	593
860	593
1182	593
1230	593
1323	593
1381	593
892	594
1056	594
1000	599
656	604
1203	604
1253	604
1286	604
1139	606
1403	606
919	607
633	608
860	608
1182	608
1230	608
1242	608
1323	608
806	609
861	610
897	610
980	610
1024	610
1037	610
1108	610
1214	610
678	615
680	628
1137	629
654	630
758	630
1507	630
860	633
1182	633
1230	633
1242	633
1323	633
1333	633
1381	633
864	635
988	635
1120	635
1125	635
1189	635
1332	635
721	640
777	640
864	640
915	640
1095	640
1109	640
1125	640
1159	640
1189	640
1277	640
1299	640
1404	640
1429	640
1438	640
1345	644
691	651
824	651
895	651
929	651
971	651
1029	651
1077	651
1119	651
1125	651
1132	651
1141	651
1190	651
1277	651
1299	651
1334	651
1351	651
1380	651
1390	651
1413	651
1434	651
1205	652
1327	652
1389	652
1200	653
1221	653
963	654
1196	654
1203	656
1253	656
1286	656
691	658
824	658
929	658
1190	658
702	659
938	659
1043	659
915	661
944	661
1231	661
1122	663
1455	663
981	666
690	676
763	676
903	676
934	676
947	676
950	676
959	676
1009	676
1162	676
1179	676
1317	676
1410	676
1490	676
1492	676
702	680
938	680
1015	680
1043	680
1124	680
1480	680
1047	682
956	684
1175	689
763	690
903	690
934	690
947	690
950	690
1410	690
1490	690
1492	690
824	691
895	691
929	691
1077	691
1132	691
1141	691
1190	691
1277	691
1299	691
1334	691
1351	691
1434	691
1045	695
1095	695
1339	697
1412	697
938	702
1043	702
1470	702
1313	711
779	713
1312	714
777	721
864	721
915	721
950	721
988	721
1095	721
1109	721
1125	721
1132	721
1159	721
1168	721
1179	721
1189	721
1228	721
1277	721
1299	721
1333	721
1334	721
1413	721
1429	721
1447	721
835	730
1171	730
882	738
1176	738
1186	738
1236	738
1335	738
1339	738
1486	738
1132	743
1274	746
985	762
1356	762
903	763
934	763
947	763
950	763
959	763
1009	763
1179	763
1380	763
1410	763
1490	763
1492	763
1279	768
1176	771
1212	771
1365	771
1452	771
1486	771
864	777
915	777
974	777
988	777
1095	777
1109	777
1125	777
1159	777
1168	777
1189	777
1228	777
1229	777
1277	777
1299	777
1333	777
1341	777
1404	777
1429	777
1438	777
1447	777
1058	778
804	780
1396	780
1262	787
795	788
1423	794
1396	804
895	824
1007	824
1077	824
1132	824
1141	824
1190	824
1299	824
1334	824
1351	824
1413	824
1429	824
1434	824
1447	824
1171	835
1331	839
963	845
1035	846
1298	846
1189	855
1195	855
1451	855
909	858
1182	860
1230	860
1242	860
1323	860
1333	860
1381	860
897	861
980	861
1024	861
1037	861
1108	861
1214	861
915	864
974	864
988	864
1007	864
1036	864
1095	864
1109	864
1125	864
1159	864
1168	864
1179	864
1189	864
1228	864
1229	864
1277	864
1299	864
1429	864
1438	864
1447	864
993	875
1084	875
993	878
1067	878
1084	878
1176	882
1186	882
1236	882
1335	882
1339	882
1486	882
975	883
1348	883
1443	883
1041	888
1056	892
1464	893
915	895
971	895
1132	895
1141	895
1277	895
1299	895
1334	895
1413	895
1429	895
980	897
1024	897
1037	897
1108	897
1214	897
934	903
947	903
950	903
959	903
1009	903
1179	903
1410	903
1490	903
1492	903
949	915
974	915
988	915
1109	915
1119	915
1125	915
1132	915
1141	915
1159	915
1168	915
1179	915
1189	915
1228	915
1277	915
1299	915
1333	915
1334	915
1404	915
1413	915
1429	915
1438	915
963	918
1270	918
984	924
1277	924
955	926
1069	929
1141	929
1190	929
947	934
950	934
959	934
1009	934
1179	934
1317	934
1380	934
1410	934
1451	934
1487	934
1490	934
1492	934
1473	937
1043	938
1124	938
950	944
1119	944
1132	944
1137	944
1231	944
1299	944
1380	944
950	947
959	947
1009	947
1179	947
1317	947
1359	947
1380	947
1410	947
1490	947
1492	947
1413	949
959	950
1009	950
1119	950
1132	950
1162	950
1179	950
1359	950
1380	950
1410	950
1490	950
1492	950
1009	959
1162	959
1179	959
1410	959
1490	959
1492	959
1494	961
1270	963
1312	963
1413	963
1168	966
1216	967
1077	971
1132	971
1141	971
1277	971
1299	971
1334	971
1380	971
1390	971
1434	971
1078	972
1201	972
1109	974
1125	974
1159	974
1168	974
1189	974
1229	974
1277	974
1299	974
1348	975
1443	975
1346	976
1406	976
1024	980
1037	980
1108	980
1214	980
1277	984
1299	984
1447	984
1123	985
1109	988
1125	988
1159	988
1179	988
1189	988
1228	988
1277	988
1404	988
1438	988
1447	988
1109	990
1067	993
1084	993
1109	996
1195	996
1279	996
1296	996
1447	996
1411	999
1277	1007
1299	1007
1298	1008
1179	1009
1410	1009
1490	1009
1492	1009
1282	1012
1298	1012
1480	1015
1037	1024
1108	1024
1214	1024
1222	1024
1077	1029
1125	1029
1132	1029
1277	1029
1299	1029
1334	1029
1413	1029
1418	1029
1429	1029
1434	1029
1108	1031
1214	1031
1333	1036
1108	1037
1214	1037
1124	1043
1279	1045
1299	1045
1429	1045
1495	1049
1282	1051
1298	1051
1151	1052
1478	1061
1130	1062
1412	1064
1069	1066
1084	1067
1122	1068
1220	1076
1119	1077
1132	1077
1141	1077
1277	1077
1299	1077
1334	1077
1351	1077
1390	1077
1434	1077
1128	1080
1455	1080
1226	1081
1270	1082
1109	1095
1125	1095
1159	1095
1189	1095
1228	1095
1277	1095
1299	1095
1333	1095
1404	1095
1429	1095
1447	1095
1136	1097
1333	1097
1369	1097
1400	1097
1462	1097
1165	1101
1214	1108
1125	1109
1159	1109
1168	1109
1179	1109
1189	1109
1228	1109
1229	1109
1277	1109
1299	1109
1429	1109
1438	1109
1122	1116
1132	1119
1179	1119
1334	1119
1351	1119
1380	1119
1410	1119
1189	1120
1132	1125
1141	1125
1159	1125
1168	1125
1189	1125
1228	1125
1229	1125
1277	1125
1299	1125
1333	1125
1334	1125
1341	1125
1404	1125
1413	1125
1429	1125
1438	1125
1447	1125
1141	1132
1159	1132
1179	1132
1231	1132
1277	1132
1299	1132
1334	1132
1351	1132
1380	1132
1390	1132
1413	1132
1429	1132
1434	1132
1438	1132
1333	1136
1369	1136
1462	1136
1403	1139
1190	1141
1277	1141
1299	1141
1334	1141
1351	1141
1390	1141
1413	1141
1434	1141
1447	1141
1502	1144
1402	1152
1168	1159
1189	1159
1228	1159
1277	1159
1299	1159
1333	1159
1404	1159
1429	1159
1438	1159
1447	1159
1481	1159
1410	1162
1490	1162
1492	1162
1189	1168
1228	1168
1277	1168
1299	1168
1404	1168
1418	1168
1472	1168
1277	1175
1299	1175
1186	1176
1212	1176
1236	1176
1335	1176
1339	1176
1365	1176
1452	1176
1486	1176
1189	1179
1299	1179
1359	1179
1380	1179
1400	1179
1404	1179
1410	1179
1429	1179
1490	1179
1492	1179
1455	1181
1230	1182
1323	1182
1381	1182
1236	1186
1335	1186
1339	1186
1486	1186
1228	1189
1277	1189
1299	1189
1404	1189
1413	1189
1429	1189
1299	1190
1296	1195
1317	1195
1451	1195
1221	1200
1328	1201
1253	1203
1286	1203
1327	1205
1389	1205
1339	1212
1365	1212
1452	1212
1486	1212
1222	1214
1499	1219
1316	1226
1338	1226
1277	1228
1299	1228
1333	1228
1334	1228
1404	1228
1413	1228
1447	1228
1242	1230
1323	1230
1333	1230
1381	1230
1380	1231
1335	1236
1339	1236
1486	1236
1323	1242
1286	1253
1312	1270
1299	1277
1334	1277
1390	1277
1404	1277
1413	1277
1429	1277
1434	1277
1438	1277
1447	1277
1472	1277
1298	1282
1334	1299
1351	1299
1380	1299
1390	1299
1404	1299
1413	1299
1429	1299
1434	1299
1438	1299
1447	1299
1507	1299
1380	1317
1410	1317
1451	1317
1381	1323
1389	1327
1369	1333
1400	1333
1404	1333
1447	1333
1462	1333
1351	1334
1390	1334
1413	1334
1434	1334
1339	1335
1486	1335
1365	1339
1412	1339
1452	1339
1486	1339
1406	1346
1443	1348
1390	1351
1413	1351
1429	1351
1434	1351
1410	1359
1490	1359
1452	1365
1486	1365
1462	1369
1390	1380
1410	1380
1413	1380
1451	1380
1492	1380
1429	1390
1434	1390
1429	1404
1451	1410
1490	1410
1492	1410
1429	1413
1434	1413
1447	1413
1481	1413
1434	1429
1438	1429
1481	1438
1457	1450
1492	1451
1486	1452
1492	1490
