0	2754
4	477
6	400
6	428
6	996
6	1602
6	2652
7	49
7	1273
7	2089
9	49
9	791
9	1309
9	1548
9	2275
12	410
12	480
12	628
12	651
12	654
12	1055
12	1115
12	1152
12	1289
12	1309
12	1602
12	2183
12	2582
12	2648
12	2784
15	2288
15	2470
21	410
22	172
22	410
22	433
22	1361
22	1552
22	1752
22	1861
22	1905
22	2288
27	480
27	1589
27	2648
28	2754
30	2037
32	1704
42	887
47	159
47	306
49	215
49	323
49	326
49	385
49	477
49	486
49	560
49	572
49	606
49	726
49	804
49	834
49	859
49	959
49	1003
49	1009
49	1018
49	1021
49	1136
49	1150
49	1152
49	1155
49	1177
49	1207
49	1309
49	1358
49	1374
49	1405
49	1446
49	1535
49	1640
49	1708
49	1863
49	1880
49	1905
49	1921
49	1947
49	2008
49	2108
49	2356
49	2484
49	2579
49	2639
49	2779
52	899
52	1975
64	390
64	788
66	598
66	651
66	2348
66	2754
73	1988
74	477
74	761
74	912
74	2216
74	2347
74	2754
75	2644
76	2081
87	395
87	598
87	654
87	874
87	1241
87	1405
87	1944
89	197
89	832
89	1018
89	1358
92	774
102	615
102	1708
102	1818
113	1361
113	1640
114	739
114	1183
114	1306
114	2077
115	859
115	1574
117	452
117	654
117	2183
117	2784
118	1055
130	641
132	887
133	1446
142	850
142	1309
151	410
151	641
151	883
151	930
151	1170
151	1275
157	1801
160	1621
160	2396
161	368
165	1445
166	1009
166	1250
166	1285
166	2043
172	373
172	506
172	583
172	1822
172	2606
172	2791
176	279
176	410
176	485
176	1961
176	2098
178	954
182	1204
182	2490
182	2505
187	450
187	705
187	777
187	1177
187	2084
190	575
190	1908
190	2744
194	390
194	899
194	1627
194	2253
194	2473
194	2505
194	2557
194	2749
197	651
197	1053
197	1289
197	1309
197	1475
197	2158
197	2582
197	2648
207	2746
213	978
213	1009
213	1070
213	1178
213	2030
213	2298
213	2495
215	654
223	2598
224	353
228	945
231	654
231	740
233	345
233	508
233	1174
233	1269
233	1475
233	1476
233	1864
233	2105
233	2209
233	2470
233	2532
252	2084
254	395
257	275
257	651
257	654
257	1567
257	2081
258	651
258	654
258	1003
258	1018
258	1947
258	2043
258	2422
258	2505
258	2586
258	2650
258	2779
259	477
265	1755
266	657
266	959
266	2413
266	2705
268	385
268	601
268	654
268	906
268	1009
268	1361
268	1602
268	1640
272	689
272	976
272	2532
275	1150
275	1863
275	2579
279	859
279	1728
279	2547
288	1170
294	395
294	2116
295	603
296	410
296	641
296	883
296	1170
296	1239
298	1430
301	477
302	485
302	654
314	332
314	1493
315	1445
321	2754
323	654
323	2090
324	679
324	2600
326	395
326	1614
327	654
327	1683
332	1344
337	349
337	410
337	641
337	658
337	883
337	930
337	1170
337	1239
337	1275
337	2066
337	2461
345	1475
345	1864
345	2084
349	410
349	1239
354	2062
354	2700
368	1023
368	1374
368	2582
369	1627
372	1563
372	1660
372	1865
385	390
385	411
385	601
385	628
385	654
385	732
385	906
385	1115
385	1640
385	2648
386	2350
387	887
390	601
390	2198
390	2473
390	2505
395	623
395	824
395	874
395	883
395	1038
395	1241
395	1614
395	1863
395	1944
395	2258
400	641
400	775
400	996
400	1747
400	1818
400	2577
400	2582
400	2648
400	2699
407	522
407	963
407	1055
407	1548
407	1583
407	2582
408	1627
410	478
410	591
410	641
410	658
410	800
410	883
410	930
410	1112
410	1170
410	1239
410	1271
410	1273
410	1275
410	1286
410	1371
410	1688
410	2066
410	2275
410	2382
410	2461
410	2699
411	601
411	777
411	1309
411	1371
411	1540
411	1783
413	832
413	962
413	1389
413	1540
414	1479
415	1055
415	1733
417	777
417	1309
417	1397
417	1405
418	575
422	2225
423	883
423	962
428	996
428	1646
431	1793
432	1905
435	761
450	1055
450	2348
450	2582
450	2586
452	651
452	828
452	850
452	987
454	1627
459	1266
460	2659
462	1476
464	2225
477	515
477	569
477	684
477	785
477	987
477	1001
477	1021
477	1136
477	1214
477	1263
477	1271
477	1309
477	1358
477	1445
477	1485
477	1507
477	1548
477	1621
477	1856
477	1918
477	2404
477	2505
477	2565
477	2596
477	2710
477	2771
477	2780
480	962
480	987
480	1142
480	1181
480	1389
480	1794
480	2084
480	2111
480	2565
480	2729
482	560
482	742
482	1438
484	2540
485	1636
485	1644
485	1961
485	2098
485	2470
486	572
486	603
486	1405
486	1548
492	947
496	521
498	751
502	834
503	1534
503	1746
508	1613
515	2453
517	1448
521	1213
522	1405
522	2347
526	1641
527	1256
527	2116
529	1399
533	910
533	1177
533	2698
534	2746
538	572
558	1456
559	2116
560	651
560	1003
560	1136
560	1640
563	2084
565	1797
572	860
572	1003
572	1640
572	1739
572	1747
572	1947
574	947
574	1275
574	1905
574	2225
575	883
575	1005
575	2116
576	1455
588	982
588	1009
591	2055
592	954
598	651
598	1670
601	628
601	654
601	732
601	1115
601	2563
601	2582
601	2648
603	776
603	883
603	1155
603	1313
603	1602
603	1708
603	2116
603	2565
603	2586
604	883
615	654
615	914
615	962
615	1289
615	1525
615	2151
615	2784
616	774
616	1026
616	2590
616	2730
620	962
620	1389
623	1038
623	2543
625	851
625	1023
625	1055
625	1374
625	1737
625	2264
628	732
628	953
628	962
628	1021
628	1061
628	1177
628	1181
628	1207
628	1389
628	1468
628	1535
628	1540
628	1638
628	1708
628	2001
628	2084
628	2203
628	2507
628	2534
628	2729
631	651
631	1567
631	2008
631	2630
635	725
635	1553
636	883
641	658
641	883
641	930
641	1112
641	1153
641	1170
641	1239
641	1275
641	1309
641	1445
641	1812
641	2066
641	2461
641	2729
651	693
651	715
651	777
651	859
651	883
651	953
651	959
651	962
651	984
651	987
651	1009
651	1018
651	1021
651	1155
651	1177
651	1181
651	1207
651	1232
651	1322
651	1370
651	1389
651	1398
651	1399
651	1422
651	1455
651	1535
651	1567
651	1640
651	1660
651	1708
651	1737
651	1905
651	2001
651	2036
651	2084
651	2089
651	2090
651	2154
651	2278
651	2288
651	2492
651	2507
651	2579
651	2582
651	2680
651	2729
651	2779
652	2730
654	717
654	774
654	802
654	821
654	824
654	883
654	947
654	1002
654	1003
654	1021
654	1055
654	1154
654	1207
654	1232
654	1255
654	1309
654	1376
654	1534
654	1576
654	1577
654	1578
654	1613
654	1633
654	1704
654	1717
654	1760
654	1798
654	1829
654	1842
654	1995
654	2015
654	2067
654	2084
654	2116
654	2149
654	2163
654	2169
654	2181
654	2239
654	2464
654	2484
654	2490
654	2607
654	2680
654	2703
654	2752
654	2784
655	2323
655	2579
656	1857
657	959
657	2579
657	2705
658	883
658	930
658	1112
658	1170
658	1239
658	1275
658	2461
663	1723
671	701
671	1655
672	1734
679	2600
684	1021
684	1224
684	1660
691	895
693	2539
700	1780
705	740
705	1155
705	1181
705	1535
705	1818
705	2062
705	2084
715	1322
715	1479
716	2084
717	1952
717	2299
717	2754
725	1553
725	1884
726	987
726	1250
726	1285
726	1313
727	2216
739	1072
739	1817
739	2154
739	2323
740	848
740	859
740	1309
740	1399
740	1545
740	1602
740	1728
740	2253
740	2278
740	2356
740	2579
740	2786
745	804
745	1374
745	2470
751	758
751	841
751	1207
751	1818
751	1924
751	2577
751	2579
751	2716
751	2779
755	761
755	2347
758	1002
758	1207
758	1574
758	1708
758	1842
758	1865
758	2084
758	2089
758	2565
758	2698
761	912
761	1403
761	1610
761	1684
761	1830
761	2347
761	2754
774	1070
774	1250
774	1285
774	1398
774	1472
774	1604
774	2225
776	1170
777	962
777	1155
777	1177
777	2111
777	2253
777	2348
778	2181
778	2242
779	1170
785	962
785	1170
785	2225
786	2225
787	2594
788	802
788	2067
788	2701
801	2174
801	2579
801	2582
804	859
804	1374
804	2470
811	1273
811	2382
811	2582
821	1376
821	2464
824	1640
824	2306
828	2447
831	2306
832	1587
834	1207
834	1651
834	2084
837	2269
841	962
845	1760
846	2754
848	895
848	1147
848	1216
848	1455
848	2084
848	2299
848	2791
850	888
850	993
850	1061
850	1815
850	2015
850	2301
852	2081
852	2505
859	906
859	1055
859	1374
859	1405
859	1640
859	2470
867	1455
877	1583
879	1604
882	1627
883	930
883	1055
883	1170
883	1239
883	1275
883	1476
883	1525
883	1747
883	2367
883	2461
883	2464
883	2484
883	2699
887	1404
887	1432
887	1645
887	1668
887	1817
887	1930
887	2084
887	2125
887	2332
888	2792
889	1055
889	1548
889	2582
890	1183
890	1699
890	2249
890	2257
891	1446
893	2001
895	2614
898	1534
898	2219
899	1136
899	1975
899	2223
899	2247
899	2505
899	2565
906	1309
906	1728
906	2105
909	2154
912	1061
912	1286
912	1610
912	1794
912	2347
912	2754
914	1271
914	1389
914	1446
914	1704
914	1708
914	2187
914	2288
914	2382
914	2464
914	2644
914	2719
915	1783
916	1003
916	1590
916	1880
916	2059
926	1795
926	2225
930	974
930	1112
930	1153
930	1170
930	1239
930	1275
930	1309
930	2066
930	2461
930	2582
932	1003
932	1309
932	1446
933	2116
938	959
938	1309
938	2705
942	962
942	1003
942	2032
953	1155
953	2111
954	1241
954	1335
954	1763
954	1813
954	2410
954	2698
958	2169
958	2576
959	1723
959	1960
959	2705
961	2101
961	2138
961	2582
962	987
962	1003
962	1167
962	1181
962	1322
962	1660
962	1708
962	1747
962	1792
962	2015
962	2084
962	2239
962	2506
963	1430
971	1798
974	2225
978	987
978	1009
978	1178
978	2030
978	2298
983	2492
987	1003
987	1055
987	1155
987	1397
987	1535
987	1599
987	2225
987	2258
987	2582
996	2089
996	2116
1003	1018
1003	1021
1003	1061
1003	1120
1003	1152
1003	1175
1003	1385
1003	1484
1003	1548
1003	1640
1003	1880
1003	1947
1003	2001
1003	2268
1003	2370
1003	2404
1003	2413
1003	2429
1003	2454
1003	2598
1009	1066
1009	1250
1009	1285
1009	2037
1009	2043
1009	2351
1013	2121
1017	1061
1017	1540
1017	1578
1018	1947
1018	2565
1021	1055
1021	1361
1021	1737
1021	2084
1021	2370
1021	2582
1023	1374
1023	1880
1023	2203
1026	2730
1033	1291
1033	1484
1034	1798
1038	1241
1040	2108
1043	2754
1048	1865
1055	1115
1055	1170
1055	1521
1055	1583
1055	1660
1055	1733
1055	2015
1055	2350
1055	2582
1055	2614
1061	2116
1070	1405
1070	1789
1080	1574
1084	1161
1084	2464
1084	2473
1084	2746
1092	2084
1092	2108
1104	1291
1104	1358
1104	1602
1104	1717
1112	1170
1112	1275
1112	2461
1116	1222
1120	2471
1136	1422
1136	2540
1136	2589
1142	2296
1147	1581
1149	1704
1149	2461
1152	1291
1152	1446
1152	2070
1152	2582
1154	1837
1154	2582
1155	1309
1155	1590
1155	2084
1155	2111
1155	2258
1156	1495
1157	1857
1158	1651
1162	1975
1170	1239
1170	1273
1170	1275
1170	1289
1170	1531
1170	1662
1170	1842
1170	2063
1170	2066
1170	2121
1170	2461
1170	2582
1170	2698
1174	2698
1177	1397
1177	2084
1177	2111
1177	2348
1179	2324
1181	2084
1181	2090
1181	2111
1181	2194
1181	2588
1185	1797
1204	2490
1207	1325
1207	1598
1207	1754
1207	2008
1207	2579
1207	2582
1207	2639
1207	2779
1207	2784
1214	2001
1222	2037
1222	2788
1224	1747
1237	2222
1239	1275
1239	2066
1239	2461
1239	2582
1250	1285
1250	2043
1255	1417
1255	1975
1255	2678
1256	1776
1266	1583
1266	1640
1269	1475
1269	2163
1269	2752
1273	1988
1273	2264
1273	2370
1273	2382
1273	2746
1274	2055
1275	1817
1275	2066
1275	2461
1275	2582
1280	1344
1285	2043
1289	1817
1289	2347
1292	2257
1303	2754
1306	1817
1309	1344
1309	1361
1309	1376
1309	1405
1309	1527
1309	1557
1309	1567
1309	1614
1309	2105
1309	2132
1309	2170
1309	2253
1309	2302
1309	2356
1309	2423
1309	2514
1309	2565
1309	2582
1319	2116
1322	2084
1325	1711
1325	2746
1331	1446
1332	1534
1344	2223
1344	2490
1355	1655
1355	2209
1358	1445
1358	1574
1358	1818
1358	2008
1361	1445
1361	1455
1361	1567
1361	1576
1361	1602
1361	1636
1361	1711
1361	2780
1366	2543
1370	1758
1371	2040
1371	2302
1374	1880
1374	2203
1374	2470
1376	1430
1385	2302
1389	1704
1389	2579
1389	2588
1389	2648
1398	1476
1399	1445
1399	1640
1403	1817
1404	1817
1405	1711
1405	1865
1405	1925
1405	2557
1417	2678
1422	1817
1422	2298
1422	2540
1422	2589
1425	1635
1430	1739
1430	2412
1437	2763
1445	1578
1445	1711
1445	2149
1445	2268
1445	2484
1445	2581
1445	2780
1446	1732
1446	2084
1446	2121
1446	2348
1446	2445
1448	2100
1455	2667
1455	2698
1463	2225
1468	1944
1475	1864
1476	2083
1476	2116
1479	2573
1486	2120
1494	1574
1494	2001
1495	1539
1495	1574
1495	1619
1495	2677
1525	1947
1525	2084
1525	2163
1525	2517
1525	2752
1527	1540
1527	1836
1527	1837
1527	2209
1527	2598
1535	1737
1535	2111
1539	2149
1544	1710
1548	1574
1548	1905
1548	2424
1548	2505
1548	2557
1548	2579
1548	2779
1552	1752
1552	2288
1553	1863
1553	1884
1556	1817
1556	2225
1556	2348
1563	2089
1565	2058
1567	1717
1567	2074
1567	2242
1577	2024
1583	2582
1585	1627
1587	2302
1587	2579
1589	1682
1589	2779
1590	1640
1590	1799
1590	2648
1602	1718
1602	1887
1605	2225
1610	1789
1610	2347
1614	1863
1627	2505
1633	2083
1638	2288
1640	1660
1640	1947
1640	1948
1640	2028
1640	2275
1640	2363
1640	2514
1644	2240
1645	1817
1646	2752
1666	2269
1668	2297
1670	2057
1683	2464
1683	2589
1683	2698
1697	1711
1704	1799
1704	1812
1704	2210
1704	2470
1704	2582
1704	2644
1707	2424
1708	2084
1708	2586
1708	2648
1710	2786
1711	1776
1711	2219
1717	2089
1725	2565
1730	2470
1733	1889
1733	2788
1737	1783
1737	1818
1747	2040
1747	2589
1749	2356
1749	2579
1751	2001
1752	2055
1752	2237
1752	2288
1752	2514
1752	2698
1760	2698
1765	2058
1765	2557
1771	1817
1783	2111
1786	2225
1789	2582
1797	2698
1798	2169
1801	2081
1817	2116
1818	2701
1822	2485
1823	2225
1828	1925
1836	2183
1842	2582
1851	2490
1853	1960
1857	2023
1858	2780
1858	2786
1861	2237
1862	2238
1880	1947
1880	2203
1891	2225
1908	2209
1911	2579
1914	2298
1934	2001
1947	2268
1947	2784
1948	2253
1961	2098
1961	2288
1961	2324
1962	2698
1975	2762
2001	2093
2001	2149
2001	2534
2001	2598
2008	2579
2008	2719
2015	2582
2023	2201
2024	2448
2055	2594
2057	2058
2059	2105
2062	2116
2062	2248
2062	2695
2067	2703
2074	2651
2083	2793
2084	2111
2084	2534
2086	2116
2089	2149
2089	2478
2089	2557
2090	2769
2092	2116
2105	2423
2111	2586
2111	2598
2116	2464
2122	2461
2134	2582
2138	2451
2149	2275
2149	2294
2149	2581
2158	2780
2178	2454
2187	2598
2190	2540
2201	2586
2203	2598
2216	2347
2216	2464
2216	2598
2219	2784
2225	2253
2225	2698
2237	2288
2253	2505
2253	2557
2253	2586
2264	2786
2268	2579
2273	2472
2275	2725
2288	2367
2288	2539
2288	2541
2288	2639
2297	2565
2298	2600
2299	2588
2299	2791
2301	2698
2302	2379
2302	2453
2307	2698
2347	2754
2348	2586
2350	2565
2370	2762
2412	2582
2447	2572
2461	2582
2473	2505
2473	2749
2505	2557
2511	2540
2540	2565
2540	2589
2579	2598
2579	2779
2582	2786
2590	2730
2594	2688
2606	2746
2639	2779
2648	2779
2651	2769
2690	2705
2719	2735
2754	0
477	4
400	6
428	6
996	6
1602	6
2652	6
49	7
1273	7
2089	7
49	9
791	9
1309	9
1548	9
2275	9
410	12
480	12
628	12
651	12
654	12
1055	12
1115	12
1152	12
1289	12
1309	12
1602	12
2183	12
2582	12
2648	12
2784	12
2288	15
2470	15
410	21
172	22
410	22
433	22
1361	22
1552	22
1752	22
1861	22
1905	22
2288	22
480	27
1589	27
2648	27
2754	28
2037	30
1704	32
887	42
159	47
306	47
215	49
323	49
326	49
385	49
477	49
486	49
560	49
572	49
606	49
726	49
804	49
834	49
859	49
959	49
1003	49
1009	49
1018	49
1021	49
1136	49
1150	49
1152	49
1155	49
1177	49
1207	49
1309	49
1358	49
1374	49
1405	49
1446	49
1535	49
1640	49
1708	49
1863	49
1880	49
1905	49
1921	49
1947	49
2008	49
2108	49
2356	49
2484	49
2579	49
2639	49
2779	49
899	52
1975	52
390	64
788	64
598	66
651	66
2348	66
2754	66
1988	73
477	74
761	74
912	74
2216	74
2347	74
2754	74
2644	75
2081	76
395	87
598	87
654	87
874	87
1241	87
1405	87
1944	87
197	89
832	89
1018	89
1358	89
774	92
615	102
1708	102
1818	102
1361	113
1640	113
739	114
1183	114
1306	114
2077	114
859	115
1574	115
452	117
654	117
2183	117
2784	117
1055	118
641	130
887	132
1446	133
850	142
1309	142
410	151
641	151
883	151
930	151
1170	151
1275	151
1801	157
1621	160
2396	160
368	161
1445	165
1009	166
1250	166
1285	166
2043	166
373	172
506	172
583	172
1822	172
2606	172
2791	172
279	176
410	176
485	176
1961	176
2098	176
954	178
1204	182
2490	182
2505	182
450	187
705	187
777	187
1177	187
2084	187
575	190
1908	190
2744	190
390	194
899	194
1627	194
2253	194
2473	194
2505	194
2557	194
2749	194
651	197
1053	197
1289	197
1309	197
1475	197
2158	197
2582	197
2648	197
2746	207
978	213
1009	213
1070	213
1178	213
2030	213
2298	213
2495	213
654	215
2598	223
353	224
945	228
654	231
740	231
345	233
508	233
1174	233
1269	233
1475	233
1476	233
1864	233
2105	233
2209	233
2470	233
2532	233
2084	252
395	254
275	257
651	257
654	257
1567	257
2081	257
651	258
654	258
1003	258
1018	258
1947	258
2043	258
2422	258
2505	258
2586	258
2650	258
2779	258
477	259
1755	265
657	266
959	266
2413	266
2705	266
385	268
601	268
654	268
906	268
1009	268
1361	268
1602	268
1640	268
689	272
976	272
2532	272
1150	275
1863	275
2579	275
859	279
1728	279
2547	279
1170	288
395	294
2116	294
603	295
410	296
641	296
883	296
1170	296
1239	296
1430	298
477	301
485	302
654	302
332	314
1493	314
1445	315
2754	321
654	323
2090	323
679	324
2600	324
395	326
1614	326
654	327
1683	327
1344	332
349	337
410	337
641	337
658	337
883	337
930	337
1170	337
1239	337
1275	337
2066	337
2461	337
1475	345
1864	345
2084	345
410	349
1239	349
2062	354
2700	354
1023	368
1374	368
2582	368
1627	369
1563	372
1660	372
1865	372
390	385
411	385
601	385
628	385
654	385
732	385
906	385
1115	385
1640	385
2648	385
2350	386
887	387
601	390
2198	390
2473	390
2505	390
623	395
824	395
874	395
883	395
1038	395
1241	395
1614	395
1863	395
1944	395
2258	395
641	400
775	400
996	400
1747	400
1818	400
2577	400
2582	400
2648	400
2699	400
522	407
963	407
1055	407
1548	407
1583	407
2582	407
1627	408
478	410
591	410
641	410
658	410
800	410
883	410
930	410
1112	410
1170	410
1239	410
1271	410
1273	410
1275	410
1286	410
1371	410
1688	410
2066	410
2275	410
2382	410
2461	410
2699	410
601	411
777	411
1309	411
1371	411
1540	411
1783	411
832	413
962	413
1389	413
1540	413
1479	414
1055	415
1733	415
777	417
1309	417
1397	417
1405	417
575	418
2225	422
883	423
962	423
996	428
1646	428
1793	431
1905	432
761	435
1055	450
2348	450
2582	450
2586	450
651	452
828	452
850	452
987	452
1627	454
1266	459
2659	460
1476	462
2225	464
515	477
569	477
684	477
785	477
987	477
1001	477
1021	477
1136	477
1214	477
1263	477
1271	477
1309	477
1358	477
1445	477
1485	477
1507	477
1548	477
1621	477
1856	477
1918	477
2404	477
2505	477
2565	477
2596	477
2710	477
2771	477
2780	477
962	480
987	480
1142	480
1181	480
1389	480
1794	480
2084	480
2111	480
2565	480
2729	480
560	482
742	482
1438	482
2540	484
1636	485
1644	485
1961	485
2098	485
2470	485
572	486
603	486
1405	486
1548	486
947	492
521	496
751	498
834	502
1534	503
1746	503
1613	508
2453	515
1448	517
1213	521
1405	522
2347	522
1641	526
1256	527
2116	527
1399	529
910	533
1177	533
2698	533
2746	534
572	538
1456	558
2116	559
651	560
1003	560
1136	560
1640	560
2084	563
1797	565
860	572
1003	572
1640	572
1739	572
1747	572
1947	572
947	574
1275	574
1905	574
2225	574
883	575
1005	575
2116	575
1455	576
982	588
1009	588
2055	591
954	592
651	598
1670	598
628	601
654	601
732	601
1115	601
2563	601
2582	601
2648	601
776	603
883	603
1155	603
1313	603
1602	603
1708	603
2116	603
2565	603
2586	603
883	604
654	615
914	615
962	615
1289	615
1525	615
2151	615
2784	615
774	616
1026	616
2590	616
2730	616
962	620
1389	620
1038	623
2543	623
851	625
1023	625
1055	625
1374	625
1737	625
2264	625
732	628
953	628
962	628
1021	628
1061	628
1177	628
1181	628
1207	628
1389	628
1468	628
1535	628
1540	628
1638	628
1708	628
2001	628
2084	628
2203	628
2507	628
2534	628
2729	628
651	631
1567	631
2008	631
2630	631
725	635
1553	635
883	636
658	641
883	641
930	641
1112	641
1153	641
1170	641
1239	641
1275	641
1309	641
1445	641
1812	641
2066	641
2461	641
2729	641
693	651
715	651
777	651
859	651
883	651
953	651
959	651
962	651
984	651
987	651
1009	651
1018	651
1021	651
1155	651
1177	651
1181	651
1207	651
1232	651
1322	651
1370	651
1389	651
1398	651
1399	651
1422	651
1455	651
1535	651
1567	651
1640	651
1660	651
1708	651
1737	651
1905	651
2001	651
2036	651
2084	651
2089	651
2090	651
2154	651
2278	651
2288	651
2492	651
2507	651
2579	651
2582	651
2680	651
2729	651
2779	651
2730	652
717	654
774	654
802	654
821	654
824	654
883	654
947	654
1002	654
1003	654
1021	654
1055	654
1154	654
1207	654
1232	654
1255	654
1309	654
1376	654
1534	654
1576	654
1577	654
1578	654
1613	654
1633	654
1704	654
1717	654
1760	654
1798	654
1829	654
1842	654
1995	654
2015	654
2067	654
2084	654
2116	654
2149	654
2163	654
2169	654
2181	654
2239	654
2464	654
2484	654
2490	654
2607	654
2680	654
2703	654
2752	654
2784	654
2323	655
2579	655
1857	656
959	657
2579	657
2705	657
883	658
930	658
1112	658
1170	658
1239	658
1275	658
2461	658
1723	663
701	671
1655	671
1734	672
2600	679
1021	684
1224	684
1660	684
895	691
2539	693
1780	700
740	705
1155	705
1181	705
1535	705
1818	705
2062	705
2084	705
1322	715
1479	715
2084	716
1952	717
2299	717
2754	717
1553	725
1884	725
987	726
1250	726
1285	726
1313	726
2216	727
1072	739
1817	739
2154	739
2323	739
848	740
859	740
1309	740
1399	740
1545	740
1602	740
1728	740
2253	740
2278	740
2356	740
2579	740
2786	740
804	745
1374	745
2470	745
758	751
841	751
1207	751
1818	751
1924	751
2577	751
2579	751
2716	751
2779	751
761	755
2347	755
1002	758
1207	758
1574	758
1708	758
1842	758
1865	758
2084	758
2089	758
2565	758
2698	758
912	761
1403	761
1610	761
1684	761
1830	761
2347	761
2754	761
1070	774
1250	774
1285	774
1398	774
1472	774
1604	774
2225	774
1170	776
962	777
1155	777
1177	777
2111	777
2253	777
2348	777
2181	778
2242	778
1170	779
962	785
1170	785
2225	785
2225	786
2594	787
802	788
2067	788
2701	788
2174	801
2579	801
2582	801
859	804
1374	804
2470	804
1273	811
2382	811
2582	811
1376	821
2464	821
1640	824
2306	824
2447	828
2306	831
1587	832
1207	834
1651	834
2084	834
2269	837
962	841
1760	845
2754	846
895	848
1147	848
1216	848
1455	848
2084	848
2299	848
2791	848
888	850
993	850
1061	850
1815	850
2015	850
2301	850
2081	852
2505	852
906	859
1055	859
1374	859
1405	859
1640	859
2470	859
1455	867
1583	877
1604	879
1627	882
930	883
1055	883
1170	883
1239	883
1275	883
1476	883
1525	883
1747	883
2367	883
2461	883
2464	883
2484	883
2699	883
1404	887
1432	887
1645	887
1668	887
1817	887
1930	887
2084	887
2125	887
2332	887
2792	888
1055	889
1548	889
2582	889
1183	890
1699	890
2249	890
2257	890
1446	891
2001	893
2614	895
1534	898
2219	898
1136	899
1975	899
2223	899
2247	899
2505	899
2565	899
1309	906
1728	906
2105	906
2154	909
1061	912
1286	912
1610	912
1794	912
2347	912
2754	912
1271	914
1389	914
1446	914
1704	914
1708	914
2187	914
2288	914
2382	914
2464	914
2644	914
2719	914
1783	915
1003	916
1590	916
1880	916
2059	916
1795	926
2225	926
974	930
1112	930
1153	930
1170	930
1239	930
1275	930
1309	930
2066	930
2461	930
2582	930
1003	932
1309	932
1446	932
2116	933
959	938
1309	938
2705	938
962	942
1003	942
2032	942
1155	953
2111	953
1241	954
1335	954
1763	954
1813	954
2410	954
2698	954
2169	958
2576	958
1723	959
1960	959
2705	959
2101	961
2138	961
2582	961
987	962
1003	962
1167	962
1181	962
1322	962
1660	962
1708	962
1747	962
1792	962
2015	962
2084	962
2239	962
2506	962
1430	963
1798	971
2225	974
987	978
1009	978
1178	978
2030	978
2298	978
2492	983
1003	987
1055	987
1155	987
1397	987
1535	987
1599	987
2225	987
2258	987
2582	987
2089	996
2116	996
1018	1003
1021	1003
1061	1003
1120	1003
1152	1003
1175	1003
1385	1003
1484	1003
1548	1003
1640	1003
1880	1003
1947	1003
2001	1003
2268	1003
2370	1003
2404	1003
2413	1003
2429	1003
2454	1003
2598	1003
1066	1009
1250	1009
1285	1009
2037	1009
2043	1009
2351	1009
2121	1013
1061	1017
1540	1017
1578	1017
1947	1018
2565	1018
1055	1021
1361	1021
1737	1021
2084	1021
2370	1021
2582	1021
1374	1023
1880	1023
2203	1023
2730	1026
1291	1033
1484	1033
1798	1034
1241	1038
2108	1040
2754	1043
1865	1048
1115	1055
1170	1055
1521	1055
1583	1055
1660	1055
1733	1055
2015	1055
2350	1055
2582	1055
2614	1055
2116	1061
1405	1070
1789	1070
1574	1080
1161	1084
2464	1084
2473	1084
2746	1084
2084	1092
2108	1092
1291	1104
1358	1104
1602	1104
1717	1104
1170	1112
1275	1112
2461	1112
1222	1116
2471	1120
1422	1136
2540	1136
2589	1136
2296	1142
1581	1147
1704	1149
2461	1149
1291	1152
1446	1152
2070	1152
2582	1152
1837	1154
2582	1154
1309	1155
1590	1155
2084	1155
2111	1155
2258	1155
1495	1156
1857	1157
1651	1158
1975	1162
1239	1170
1273	1170
1275	1170
1289	1170
1531	1170
1662	1170
1842	1170
2063	1170
2066	1170
2121	1170
2461	1170
2582	1170
2698	1170
2698	1174
1397	1177
2084	1177
2111	1177
2348	1177
2324	1179
2084	1181
2090	1181
2111	1181
2194	1181
2588	1181
1797	1185
2490	1204
1325	1207
1598	1207
1754	1207
2008	1207
2579	1207
2582	1207
2639	1207
2779	1207
2784	1207
2001	1214
2037	1222
2788	1222
1747	1224
2222	1237
1275	1239
2066	1239
2461	1239
2582	1239
1285	1250
2043	1250
1417	1255
1975	1255
2678	1255
1776	1256
1583	1266
1640	1266
1475	1269
2163	1269
2752	1269
1988	1273
2264	1273
2370	1273
2382	1273
2746	1273
2055	1274
1817	1275
2066	1275
2461	1275
2582	1275
1344	1280
2043	1285
1817	1289
2347	1289
2257	1292
2754	1303
1817	1306
1344	1309
1361	1309
1376	1309
1405	1309
1527	1309
1557	1309
1567	1309
1614	1309
2105	1309
2132	1309
2170	1309
2253	1309
2302	1309
2356	1309
2423	1309
2514	1309
2565	1309
2582	1309
2116	1319
2084	1322
1711	1325
2746	1325
1446	1331
1534	1332
2223	1344
2490	1344
1655	1355
2209	1355
1445	1358
1574	1358
1818	1358
2008	1358
1445	1361
1455	1361
1567	1361
1576	1361
1602	1361
1636	1361
1711	1361
2780	1361
2543	1366
1758	1370
2040	1371
2302	1371
1880	1374
2203	1374
2470	1374
1430	1376
2302	1385
1704	1389
2579	1389
2588	1389
2648	1389
1476	1398
1445	1399
1640	1399
1817	1403
1817	1404
1711	1405
1865	1405
1925	1405
2557	1405
2678	1417
1817	1422
2298	1422
2540	1422
2589	1422
1635	1425
1739	1430
2412	1430
2763	1437
1578	1445
1711	1445
2149	1445
2268	1445
2484	1445
2581	1445
2780	1445
1732	1446
2084	1446
2121	1446
2348	1446
2445	1446
2100	1448
2667	1455
2698	1455
2225	1463
1944	1468
1864	1475
2083	1476
2116	1476
2573	1479
2120	1486
1574	1494
2001	1494
1539	1495
1574	1495
1619	1495
2677	1495
1947	1525
2084	1525
2163	1525
2517	1525
2752	1525
1540	1527
1836	1527
1837	1527
2209	1527
2598	1527
1737	1535
2111	1535
2149	1539
1710	1544
1574	1548
1905	1548
2424	1548
2505	1548
2557	1548
2579	1548
2779	1548
1752	1552
2288	1552
1863	1553
1884	1553
1817	1556
2225	1556
2348	1556
2089	1563
2058	1565
1717	1567
2074	1567
2242	1567
2024	1577
2582	1583
1627	1585
2302	1587
2579	1587
1682	1589
2779	1589
1640	1590
1799	1590
2648	1590
1718	1602
1887	1602
2225	1605
1789	1610
2347	1610
1863	1614
2505	1627
2083	1633
2288	1638
1660	1640
1947	1640
1948	1640
2028	1640
2275	1640
2363	1640
2514	1640
2240	1644
1817	1645
2752	1646
2269	1666
2297	1668
2057	1670
2464	1683
2589	1683
2698	1683
1711	1697
1799	1704
1812	1704
2210	1704
2470	1704
2582	1704
2644	1704
2424	1707
2084	1708
2586	1708
2648	1708
2786	1710
1776	1711
2219	1711
2089	1717
2565	1725
2470	1730
1889	1733
2788	1733
1783	1737
1818	1737
2040	1747
2589	1747
2356	1749
2579	1749
2001	1751
2055	1752
2237	1752
2288	1752
2514	1752
2698	1752
2698	1760
2058	1765
2557	1765
1817	1771
2111	1783
2225	1786
2582	1789
2698	1797
2169	1798
2081	1801
2116	1817
2701	1818
2485	1822
2225	1823
1925	1828
2183	1836
2582	1842
2490	1851
1960	1853
2023	1857
2780	1858
2786	1858
2237	1861
2238	1862
1947	1880
2203	1880
2225	1891
2209	1908
2579	1911
2298	1914
2001	1934
2268	1947
2784	1947
2253	1948
2098	1961
2288	1961
2324	1961
2698	1962
2762	1975
2093	2001
2149	2001
2534	2001
2598	2001
2579	2008
2719	2008
2582	2015
2201	2023
2448	2024
2594	2055
2058	2057
2105	2059
2116	2062
2248	2062
2695	2062
2703	2067
2651	2074
2793	2083
2111	2084
2534	2084
2116	2086
2149	2089
2478	2089
2557	2089
2769	2090
2116	2092
2423	2105
2586	2111
2598	2111
2464	2116
2461	2122
2582	2134
2451	2138
2275	2149
2294	2149
2581	2149
2780	2158
2454	2178
2598	2187
2540	2190
2586	2201
2598	2203
2347	2216
2464	2216
2598	2216
2784	2219
2253	2225
2698	2225
2288	2237
2505	2253
2557	2253
2586	2253
2786	2264
2579	2268
2472	2273
2725	2275
2367	2288
2539	2288
2541	2288
2639	2288
2565	2297
2600	2298
2588	2299
2791	2299
2698	2301
2379	2302
2453	2302
2698	2307
2754	2347
2586	2348
2565	2350
2762	2370
2582	2412
2572	2447
2582	2461
2505	2473
2749	2473
2557	2505
2540	2511
2565	2540
2589	2540
2598	2579
2779	2579
2786	2582
2730	2590
2688	2594
2746	2606
2779	2639
2779	2648
2769	2651
2705	2690
2735	2719
