0	329
0	538
0	1262
2	608
2	632
2	815
2	929
3	22
3	515
8	655
11	88
11	624
16	62
16	169
16	345
16	348
16	364
16	456
16	753
16	877
16	915
16	1061
16	1099
16	1254
16	1324
16	1378
16	1408
17	1012
21	1326
22	515
23	952
23	957
27	550
27	671
27	1007
27	1010
27	1259
27	1378
29	525
29	1013
32	107
32	1248
34	631
34	1161
34	1182
35	523
38	706
38	807
38	1130
42	1455
43	1155
46	62
46	63
46	100
46	131
46	135
46	144
46	169
46	183
46	191
46	214
46	246
46	345
46	352
46	399
46	456
46	488
46	494
46	505
46	539
46	550
46	552
46	566
46	618
46	753
46	877
46	900
46	914
46	940
46	954
46	987
46	1010
46	1016
46	1048
46	1061
46	1081
46	1139
46	1192
46	1254
46	1259
46	1324
46	1333
46	1355
46	1361
46	1378
46	1436
50	328
50	491
50	1356
50	1380
51	113
51	240
51	278
51	324
51	500
51	610
51	687
51	784
51	788
51	829
51	1064
51	1142
51	1191
51	1281
51	1359
52	62
52	191
52	246
52	335
52	399
52	456
52	457
52	470
52	488
52	505
52	550
52	558
52	783
52	940
52	987
52	1010
52	1016
52	1119
52	1218
52	1254
52	1259
53	469
53	628
53	630
53	1198
53	1237
53	1284
53	1342
54	455
54	935
58	872
60	373
60	409
60	778
61	789
61	815
62	63
62	91
62	100
62	144
62	191
62	335
62	345
62	364
62	399
62	456
62	470
62	488
62	505
62	550
62	618
62	698
62	753
62	863
62	877
62	940
62	987
62	1010
62	1016
62	1119
62	1135
62	1139
62	1234
62	1254
62	1259
62	1333
62	1355
62	1378
62	1386
62	1393
63	100
63	135
63	144
63	169
63	183
63	191
63	214
63	246
63	312
63	332
63	345
63	391
63	399
63	456
63	470
63	550
63	552
63	618
63	698
63	753
63	877
63	940
63	954
63	987
63	1010
63	1016
63	1081
63	1119
63	1139
63	1192
63	1207
63	1254
63	1259
63	1289
63	1333
63	1351
63	1355
63	1378
63	1384
66	1011
66	1179
66	1440
68	875
68	1425
71	105
71	279
71	338
71	351
71	478
71	598
71	604
71	641
71	995
71	1079
71	1332
71	1394
72	456
72	620
72	954
72	1254
73	1274
73	1294
85	248
87	765
87	814
89	216
91	169
91	244
91	364
91	550
91	868
91	877
91	1016
91	1040
91	1081
91	1117
91	1219
91	1254
91	1307
91	1343
91	1378
91	1393
92	276
98	1301
98	1357
100	131
100	144
100	169
100	183
100	191
100	214
100	246
100	335
100	345
100	352
100	399
100	470
100	488
100	505
100	547
100	550
100	552
100	698
100	753
100	877
100	914
100	933
100	954
100	987
100	1007
100	1010
100	1016
100	1119
100	1139
100	1156
100	1218
100	1254
100	1259
100	1275
100	1289
100	1333
100	1351
100	1355
100	1397
105	279
105	338
105	351
105	478
105	598
105	604
105	641
105	995
105	1032
105	1079
105	1332
105	1394
106	317
106	578
106	963
107	1248
108	438
113	240
113	278
113	324
113	500
113	610
113	687
113	784
113	788
113	795
113	829
113	1064
113	1142
113	1191
113	1281
113	1359
115	343
115	859
115	1018
115	1263
117	647
117	801
119	256
119	486
119	660
123	148
123	258
123	297
123	319
123	1071
123	1175
128	396
130	552
131	169
131	191
131	475
131	494
131	571
131	753
131	910
131	1007
131	1238
131	1259
135	169
135	214
135	229
135	312
135	401
135	566
135	910
135	914
135	1081
135	1139
135	1192
135	1384
135	1436
138	1229
141	314
141	696
141	883
141	958
141	1031
141	1047
141	1405
144	169
144	191
144	214
144	246
144	335
144	345
144	399
144	456
144	470
144	488
144	496
144	505
144	550
144	618
144	698
144	753
144	877
144	906
144	940
144	954
144	987
144	1010
144	1016
144	1119
144	1139
144	1254
144	1259
144	1289
144	1296
144	1355
144	1368
144	1393
146	554
146	568
146	582
146	1239
146	1244
148	154
148	258
148	297
148	319
148	652
148	724
148	830
148	845
148	946
148	998
148	1071
148	1149
148	1175
148	1276
152	875
152	1076
152	1425
154	258
154	297
154	319
154	342
154	724
154	830
154	845
154	946
154	998
154	1071
154	1175
154	1276
155	256
155	415
155	797
155	950
155	1151
155	1206
155	1356
159	350
159	469
159	628
159	630
159	1198
159	1237
159	1284
159	1342
160	979
164	436
164	1116
164	1363
167	450
167	1302
167	1430
169	191
169	214
169	244
169	246
169	312
169	352
169	364
169	401
169	470
169	494
169	550
169	552
169	562
169	566
169	698
169	737
169	753
169	857
169	868
169	877
169	900
169	910
169	914
169	926
169	1010
169	1048
169	1081
169	1099
169	1117
169	1119
169	1139
169	1192
169	1254
169	1259
169	1315
169	1333
169	1361
169	1378
169	1384
169	1434
169	1436
172	244
172	252
172	256
172	364
172	415
172	433
172	447
172	491
172	555
172	797
172	832
172	863
172	868
172	874
172	877
172	878
172	1040
172	1117
172	1134
172	1151
172	1254
172	1307
172	1343
172	1356
172	1378
173	622
173	1378
175	393
175	1093
179	571
179	1025
182	913
183	246
183	399
183	539
183	547
183	1156
183	1259
183	1333
183	1379
183	1397
185	1350
189	335
191	246
191	335
191	345
191	374
191	399
191	456
191	457
191	470
191	488
191	494
191	496
191	505
191	550
191	558
191	618
191	698
191	753
191	877
191	940
191	954
191	987
191	1010
191	1016
191	1119
191	1218
191	1254
191	1259
191	1289
191	1351
191	1393
192	659
192	1009
192	1104
212	413
212	503
212	685
212	1331
214	246
214	312
214	352
214	401
214	552
214	562
214	566
214	737
214	857
214	900
214	914
214	1048
214	1081
214	1139
214	1192
214	1211
214	1259
214	1315
214	1333
214	1361
214	1384
214	1436
215	241
215	824
215	1136
215	1147
215	1197
215	1264
215	1295
215	1431
215	1451
215	1454
217	746
220	1174
220	1232
225	271
227	910
234	729
234	1242
235	286
235	477
235	854
236	361
240	278
240	324
240	397
240	500
240	610
240	687
240	784
240	788
240	829
240	1064
240	1142
240	1191
240	1281
240	1289
240	1359
241	824
241	1136
241	1147
241	1197
241	1264
241	1295
241	1454
244	252
244	364
244	433
244	491
244	555
244	698
244	832
244	863
244	868
244	874
244	877
244	878
244	1040
244	1081
244	1117
244	1219
244	1254
244	1307
244	1333
244	1343
244	1356
245	1095
246	335
246	345
246	352
246	399
246	401
246	456
246	470
246	488
246	494
246	505
246	539
246	550
246	552
246	566
246	698
246	753
246	877
246	900
246	914
246	933
246	940
246	987
246	1010
246	1016
246	1048
246	1119
246	1139
246	1156
246	1192
246	1218
246	1254
246	1259
246	1275
246	1315
246	1333
246	1351
246	1355
246	1361
246	1378
246	1384
246	1386
246	1393
246	1397
246	1436
248	404
252	364
252	433
252	491
252	550
252	797
252	863
252	868
252	874
252	1040
252	1117
252	1307
256	415
256	470
256	486
256	488
256	555
256	797
256	863
256	877
256	1134
256	1151
256	1206
256	1254
256	1356
256	1393
258	297
258	319
258	342
258	652
258	724
258	830
258	845
258	946
258	998
258	1071
258	1175
258	1276
260	502
260	1313
260	1445
267	438
267	695
270	772
270	1136
270	1173
270	1321
270	1398
270	1431
270	1451
274	955
278	324
278	500
278	610
278	687
278	784
278	788
278	829
278	1064
278	1142
278	1191
278	1281
278	1359
279	338
279	351
279	478
279	598
279	604
279	641
279	1079
279	1332
279	1394
280	682
286	477
286	854
286	864
288	391
288	548
288	941
288	1398
290	314
290	502
290	525
290	696
290	958
290	1264
290	1313
293	473
293	671
293	1041
296	299
296	393
296	533
296	637
296	798
297	319
297	342
297	652
297	724
297	830
297	845
297	946
297	998
297	1071
297	1175
297	1183
297	1276
299	393
299	533
299	637
299	798
300	376
300	563
300	751
300	776
300	955
305	697
306	1121
308	1251
312	416
312	566
312	857
312	914
312	1139
312	1192
312	1207
312	1259
312	1361
312	1384
312	1436
314	696
314	883
314	958
314	1031
314	1047
314	1405
317	578
317	963
317	1409
319	342
319	652
319	724
319	830
319	845
319	946
319	998
319	1071
319	1175
319	1183
319	1276
321	455
324	500
324	610
324	687
324	784
324	788
324	829
324	1064
324	1142
324	1191
324	1281
324	1359
328	1380
329	538
329	1262
332	566
332	1207
333	358
333	393
333	422
333	553
333	1091
335	345
335	399
335	456
335	457
335	470
335	488
335	550
335	698
335	753
335	877
335	940
335	954
335	987
335	1010
335	1016
335	1119
335	1217
335	1254
335	1259
335	1296
335	1386
335	1393
338	351
338	478
338	598
338	641
338	1079
338	1394
341	532
341	579
341	673
341	743
341	1210
341	1295
341	1363
341	1451
342	545
342	830
342	845
342	998
343	859
343	1018
343	1263
344	494
344	770
344	875
344	1076
344	1093
344	1425
345	456
345	470
345	488
345	496
345	505
345	550
345	618
345	620
345	698
345	753
345	877
345	906
345	954
345	987
345	1010
345	1016
345	1119
345	1254
345	1259
345	1386
345	1393
348	915
348	1061
348	1099
348	1289
348	1324
348	1408
349	475
350	469
350	628
350	630
350	1198
350	1237
350	1284
350	1342
351	478
351	598
351	604
351	628
351	630
351	641
351	995
351	1079
351	1237
351	1332
351	1394
352	401
352	509
352	552
352	562
352	566
352	727
352	737
352	857
352	900
352	914
352	926
352	1048
352	1122
352	1139
352	1259
352	1275
352	1361
352	1384
352	1397
352	1434
352	1436
358	393
358	422
358	553
358	1093
358	1282
360	631
360	1161
363	1242
364	433
364	470
364	491
364	698
364	797
364	863
364	868
364	874
364	877
364	878
364	910
364	1016
364	1040
364	1081
364	1117
364	1134
364	1254
364	1307
364	1333
364	1343
364	1356
364	1378
364	1386
365	504
365	934
365	986
370	546
370	749
370	919
370	1020
370	1148
372	640
372	641
372	1141
372	1401
373	409
373	587
373	623
373	778
376	563
376	751
376	776
376	955
377	428
381	562
381	1048
381	1361
387	465
387	565
387	1430
388	1046
389	700
391	548
391	924
391	941
391	1061
391	1099
391	1408
393	494
393	533
393	553
393	637
393	798
393	1093
393	1282
393	1425
395	442
397	500
397	1281
397	1359
398	796
399	456
399	457
399	470
399	488
399	505
399	550
399	558
399	618
399	698
399	753
399	877
399	906
399	940
399	954
399	987
399	1010
399	1016
399	1119
399	1218
399	1254
399	1259
399	1296
399	1355
399	1378
399	1393
401	552
401	562
401	566
401	737
401	857
401	900
401	914
401	926
401	1048
401	1139
401	1259
401	1361
401	1384
401	1397
401	1434
401	1436
403	528
403	931
403	1269
408	723
408	1038
409	952
409	957
409	987
413	503
415	797
415	863
415	950
415	1040
415	1134
415	1206
415	1254
415	1356
416	566
427	464
427	1014
429	467
429	676
429	1249
429	1253
430	475
430	494
430	571
430	1238
433	447
433	491
433	555
433	797
433	832
433	868
433	874
433	878
433	1040
433	1117
433	1134
433	1254
433	1307
433	1356
436	1116
436	1363
438	695
444	587
446	1199
446	1405
447	868
447	877
447	878
447	1117
447	1254
447	1356
449	817
449	912
450	1302
450	1430
451	502
455	935
456	470
456	488
456	496
456	505
456	550
456	618
456	620
456	698
456	753
456	877
456	906
456	940
456	954
456	956
456	987
456	1010
456	1016
456	1119
456	1218
456	1234
456	1254
456	1259
456	1289
456	1355
456	1368
456	1378
456	1386
456	1393
457	488
457	550
457	558
457	940
457	1218
464	1014
465	565
467	517
467	552
467	676
467	975
467	1013
467	1066
467	1249
467	1253
467	1266
468	710
469	628
469	630
469	1198
469	1237
469	1284
469	1342
470	488
470	505
470	550
470	555
470	618
470	620
470	698
470	753
470	877
470	906
470	940
470	950
470	987
470	1010
470	1016
470	1119
470	1134
470	1139
470	1254
470	1259
470	1289
470	1356
470	1386
470	1393
472	532
472	579
472	673
472	1210
473	1041
475	571
475	703
475	753
475	910
475	1174
475	1238
477	854
477	864
478	598
478	604
478	641
478	995
478	1079
478	1332
478	1394
483	487
484	943
486	660
486	877
486	1254
488	496
488	505
488	550
488	558
488	618
488	620
488	698
488	753
488	832
488	863
488	877
488	940
488	950
488	954
488	955
488	970
488	987
488	1010
488	1016
488	1119
488	1134
488	1218
488	1254
488	1259
488	1333
488	1355
488	1356
488	1378
488	1386
488	1393
491	555
491	797
491	832
491	868
491	874
491	878
491	1040
491	1117
491	1134
491	1254
491	1307
491	1343
491	1356
494	569
494	753
494	875
494	1139
494	1163
494	1254
494	1259
494	1315
494	1425
496	550
496	987
496	1016
496	1218
496	1254
497	1339
500	610
500	687
500	784
500	788
500	795
500	829
500	1064
500	1142
500	1191
500	1281
500	1289
500	1359
502	696
502	1313
503	528
503	685
503	1331
504	934
504	986
505	550
505	618
505	698
505	753
505	797
505	877
505	954
505	970
505	1010
505	1016
505	1119
505	1218
505	1254
505	1259
505	1356
505	1378
505	1393
509	566
509	900
509	914
510	559
516	574
517	676
517	975
517	1013
517	1221
517	1249
517	1253
517	1266
519	968
528	603
528	1398
529	877
529	1251
532	579
532	673
532	743
532	1210
532	1295
532	1363
532	1451
533	637
533	798
538	1262
539	1156
539	1254
546	749
546	919
546	1020
546	1148
547	1098
547	1333
548	941
550	618
550	698
550	753
550	863
550	877
550	906
550	954
550	987
550	1010
550	1016
550	1117
550	1119
550	1135
550	1139
550	1218
550	1254
550	1259
550	1289
550	1296
550	1355
550	1356
550	1368
550	1378
550	1386
550	1393
552	562
552	676
552	737
552	900
552	914
552	926
552	1048
552	1081
552	1139
552	1249
552	1253
552	1254
552	1259
552	1333
552	1361
552	1384
552	1436
553	1093
554	568
554	582
554	1239
554	1244
555	797
555	863
555	868
555	877
555	878
555	1040
555	1117
555	1134
555	1151
555	1206
555	1254
555	1307
555	1343
555	1356
555	1393
558	940
558	987
558	1016
558	1218
561	1437
562	737
562	900
562	914
562	926
562	1048
562	1139
562	1333
562	1361
562	1384
562	1436
563	751
566	857
566	900
566	914
566	1048
566	1139
566	1207
566	1259
566	1361
566	1384
566	1436
567	618
567	801
567	844
567	938
567	1041
567	1162
567	1429
568	582
568	1239
568	1244
571	753
571	1238
571	1289
578	963
579	673
579	743
579	1210
579	1295
579	1363
579	1451
582	1239
582	1244
584	1354
584	1358
587	623
587	778
587	912
591	1143
591	1340
593	655
594	912
598	628
598	641
598	1079
598	1394
602	855
602	1003
604	995
604	1022
604	1032
604	1332
608	632
608	732
610	687
610	784
610	788
610	829
610	1064
610	1142
610	1191
610	1281
610	1289
610	1359
611	835
618	698
618	753
618	844
618	877
618	987
618	1010
618	1016
618	1119
618	1254
618	1259
618	1355
618	1378
618	1386
620	877
620	1119
620	1206
620	1254
620	1259
620	1356
620	1378
620	1393
623	778
623	817
623	912
628	630
628	1198
628	1237
628	1284
628	1342
630	1198
630	1237
630	1284
630	1342
631	1161
631	1182
632	929
632	1157
636	797
636	1151
636	1206
636	1356
637	798
640	1141
640	1401
641	1394
641	1401
644	777
647	801
652	1071
652	1175
658	1298
659	1009
659	1104
665	1135
671	1007
673	743
673	1210
673	1295
673	1363
673	1451
674	769
676	686
676	816
676	975
676	1013
676	1066
676	1249
676	1253
676	1266
681	1142
685	1331
686	1090
686	1209
686	1367
686	1375
686	1401
687	784
687	788
687	829
687	1064
687	1142
687	1191
687	1281
687	1359
691	838
691	1269
696	883
696	958
696	1031
696	1047
696	1313
696	1405
698	753
698	877
698	954
698	987
698	1010
698	1016
698	1119
698	1139
698	1219
698	1234
698	1254
698	1259
698	1289
698	1368
698	1378
698	1393
702	1107
706	807
706	1130
716	1446
724	830
724	845
724	946
724	998
724	1071
724	1175
724	1276
727	737
727	900
727	926
727	1048
729	1242
737	900
737	914
737	926
737	1048
737	1139
737	1333
737	1361
737	1384
737	1434
737	1436
739	1371
743	1210
743	1295
743	1363
743	1451
746	957
749	919
749	1020
749	1148
751	776
752	855
752	1003
753	877
753	906
753	910
753	954
753	987
753	997
753	1010
753	1016
753	1119
753	1238
753	1254
753	1259
753	1289
753	1351
753	1369
753	1378
758	1222
770	875
770	1076
770	1425
772	1136
772	1173
772	1295
772	1321
772	1398
772	1431
772	1451
777	781
778	955
784	788
784	829
784	1064
784	1142
784	1191
784	1281
784	1289
784	1359
788	829
788	1064
788	1142
788	1191
788	1281
788	1359
795	1359
796	979
797	863
797	868
797	877
797	878
797	970
797	1040
797	1117
797	1134
797	1151
797	1206
797	1254
797	1307
797	1356
797	1378
797	1393
798	1282
801	844
801	938
801	1041
801	1162
801	1429
807	1130
813	1152
815	929
816	861
816	996
816	1249
816	1253
817	912
817	1398
824	1136
824	1147
824	1197
824	1264
824	1295
824	1431
824	1451
824	1454
826	876
829	1064
829	1142
829	1191
829	1281
829	1289
829	1359
830	845
830	946
830	998
830	1071
830	1175
832	863
832	868
832	877
832	878
832	916
832	1040
832	1117
832	1254
832	1307
832	1356
838	1269
844	938
844	1041
844	1162
844	1429
845	946
845	998
845	1071
845	1175
855	1003
857	900
857	914
857	1048
857	1139
857	1259
857	1361
857	1436
859	1018
859	1263
863	868
863	877
863	878
863	1117
863	1134
863	1206
863	1254
863	1259
863	1356
863	1378
868	874
868	877
868	878
868	1040
868	1081
868	1117
868	1134
868	1254
868	1307
868	1343
868	1356
868	1378
872	1221
874	878
874	1040
874	1117
874	1254
874	1307
874	1343
874	1356
875	1076
875	1093
875	1425
877	878
877	916
877	987
877	1010
877	1016
877	1117
877	1119
877	1135
877	1139
877	1219
877	1234
877	1254
877	1259
877	1307
877	1333
877	1343
877	1355
877	1356
877	1378
877	1386
877	1393
878	1040
878	1117
878	1134
878	1219
878	1254
878	1307
878	1356
878	1378
883	958
883	1031
883	1047
883	1405
900	914
900	926
900	1048
900	1139
900	1275
900	1333
900	1361
900	1384
900	1397
900	1434
900	1436
901	1455
906	1010
906	1016
906	1119
906	1135
906	1254
906	1259
906	1378
906	1393
910	1081
910	1192
910	1254
910	1333
914	926
914	1048
914	1139
914	1259
914	1275
914	1315
914	1333
914	1361
914	1384
914	1434
914	1436
915	1061
915	1099
915	1324
915	1408
916	1219
919	1020
919	1148
923	1138
925	1240
926	1048
926	1122
926	1139
926	1361
926	1384
926	1434
926	1436
928	1439
929	1229
929	1269
931	1115
931	1126
938	1041
938	1162
938	1429
940	987
940	1010
940	1016
940	1119
940	1217
940	1218
940	1254
946	998
946	1071
946	1175
950	1206
950	1254
950	1356
950	1393
952	957
954	987
954	1010
954	1016
954	1119
954	1139
954	1217
954	1355
954	1386
954	1393
957	1098
958	1031
958	1047
958	1405
970	987
970	1254
971	1253
975	1249
975	1253
975	1266
979	1443
987	1010
987	1016
987	1119
987	1218
987	1254
987	1259
987	1355
987	1378
987	1386
991	1071
991	1175
995	1022
995	1032
995	1332
997	1010
997	1259
997	1289
998	1071
998	1149
998	1175
1007	1238
1007	1254
1007	1378
1009	1104
1010	1016
1010	1119
1010	1139
1010	1218
1010	1234
1010	1254
1010	1259
1010	1289
1010	1333
1010	1355
1010	1378
1010	1386
1010	1393
1011	1179
1011	1440
1013	1221
1013	1249
1013	1253
1013	1266
1016	1117
1016	1119
1016	1135
1016	1218
1016	1219
1016	1234
1016	1254
1016	1259
1016	1289
1016	1296
1016	1355
1016	1356
1016	1368
1016	1378
1016	1386
1016	1393
1018	1263
1020	1148
1022	1032
1026	1092
1031	1047
1031	1405
1032	1332
1040	1081
1040	1117
1040	1134
1040	1254
1040	1307
1040	1343
1040	1356
1047	1405
1048	1122
1048	1139
1048	1259
1048	1275
1048	1333
1048	1361
1048	1384
1048	1397
1048	1434
1048	1436
1061	1099
1061	1289
1061	1324
1061	1351
1061	1408
1064	1142
1064	1191
1064	1281
1064	1359
1066	1249
1066	1253
1071	1175
1076	1093
1076	1425
1079	1394
1081	1117
1081	1139
1081	1219
1081	1307
1081	1333
1081	1361
1090	1209
1090	1367
1090	1375
1093	1184
1093	1282
1093	1425
1099	1289
1099	1324
1099	1408
1106	1447
1107	1140
1111	1129
1115	1126
1116	1363
1117	1134
1117	1219
1117	1254
1117	1307
1117	1343
1117	1356
1117	1378
1117	1386
1119	1217
1119	1218
1119	1234
1119	1254
1119	1259
1119	1289
1119	1355
1119	1368
1119	1378
1119	1386
1119	1393
1119	1426
1122	1361
1122	1434
1122	1436
1134	1151
1134	1254
1134	1307
1134	1356
1135	1254
1136	1147
1136	1173
1136	1197
1136	1264
1136	1295
1136	1321
1136	1398
1136	1431
1136	1451
1136	1454
1139	1254
1139	1259
1139	1315
1139	1333
1139	1351
1139	1355
1139	1361
1139	1378
1139	1384
1139	1434
1139	1436
1141	1401
1142	1191
1142	1281
1142	1359
1147	1197
1147	1264
1147	1295
1147	1431
1147	1451
1147	1454
1151	1206
1151	1254
1151	1356
1156	1275
1156	1379
1156	1397
1161	1182
1162	1429
1167	1215
1173	1295
1173	1321
1173	1398
1173	1431
1173	1451
1175	1183
1175	1276
1179	1440
1191	1281
1191	1289
1191	1359
1192	1333
1197	1264
1197	1295
1197	1431
1197	1451
1197	1454
1198	1237
1198	1284
1198	1342
1199	1363
1199	1405
1200	1239
1200	1244
1206	1254
1206	1356
1206	1393
1209	1367
1209	1375
1209	1401
1210	1295
1210	1363
1210	1451
1211	1384
1218	1254
1218	1259
1218	1355
1219	1254
1219	1307
1219	1333
1219	1343
1219	1378
1229	1269
1234	1254
1234	1368
1234	1378
1237	1284
1237	1342
1239	1244
1249	1253
1253	1266
1254	1259
1254	1307
1254	1333
1254	1343
1254	1355
1254	1356
1254	1368
1254	1378
1254	1386
1254	1393
1259	1315
1259	1333
1259	1351
1259	1355
1259	1361
1259	1378
1259	1384
1259	1386
1259	1393
1259	1436
1264	1295
1264	1313
1264	1431
1264	1451
1264	1454
1267	1271
1275	1333
1275	1361
1275	1397
1281	1359
1284	1342
1289	1324
1289	1351
1289	1355
1289	1359
1289	1393
1289	1408
1295	1321
1295	1363
1295	1398
1295	1431
1295	1451
1295	1454
1301	1357
1302	1430
1307	1343
1307	1356
1307	1378
1315	1361
1315	1434
1321	1398
1321	1431
1321	1451
1324	1408
1332	1394
1333	1343
1333	1361
1333	1384
1333	1397
1333	1436
1343	1356
1343	1378
1354	1358
1355	1378
1356	1378
1356	1393
1356	1426
1361	1384
1361	1397
1361	1434
1361	1436
1363	1451
1367	1375
1367	1401
1368	1393
1378	1386
1379	1397
1384	1434
1384	1436
1386	1426
1397	1436
1398	1431
1398	1451
1431	1451
1431	1454
1434	1436
1451	1454
329	0
538	0
1262	0
608	2
632	2
815	2
929	2
22	3
515	3
655	8
88	11
624	11
62	16
169	16
345	16
348	16
364	16
456	16
753	16
877	16
915	16
1061	16
1099	16
1254	16
1324	16
1378	16
1408	16
1012	17
1326	21
515	22
952	23
957	23
550	27
671	27
1007	27
1010	27
1259	27
1378	27
525	29
1013	29
107	32
1248	32
631	34
1161	34
1182	34
523	35
706	38
807	38
1130	38
1455	42
1155	43
62	46
63	46
100	46
131	46
135	46
144	46
169	46
183	46
191	46
214	46
246	46
345	46
352	46
399	46
456	46
488	46
494	46
505	46
539	46
550	46
552	46
566	46
618	46
753	46
877	46
900	46
914	46
940	46
954	46
987	46
1010	46
1016	46
1048	46
1061	46
1081	46
1139	46
1192	46
1254	46
1259	46
1324	46
1333	46
1355	46
1361	46
1378	46
1436	46
328	50
491	50
1356	50
1380	50
113	51
240	51
278	51
324	51
500	51
610	51
687	51
784	51
788	51
829	51
1064	51
1142	51
1191	51
1281	51
1359	51
62	52
191	52
246	52
335	52
399	52
456	52
457	52
470	52
488	52
505	52
550	52
558	52
783	52
940	52
987	52
1010	52
1016	52
1119	52
1218	52
1254	52
1259	52
469	53
628	53
630	53
1198	53
1237	53
1284	53
1342	53
455	54
935	54
872	58
373	60
409	60
778	60
789	61
815	61
63	62
91	62
100	62
144	62
191	62
335	62
345	62
364	62
399	62
456	62
470	62
488	62
505	62
550	62
618	62
698	62
753	62
863	62
877	62
940	62
987	62
1010	62
1016	62
1119	62
1135	62
1139	62
1234	62
1254	62
1259	62
1333	62
1355	62
1378	62
1386	62
1393	62
100	63
135	63
144	63
169	63
183	63
191	63
214	63
246	63
312	63
332	63
345	63
391	63
399	63
456	63
470	63
550	63
552	63
618	63
698	63
753	63
877	63
940	63
954	63
987	63
1010	63
1016	63
1081	63
1119	63
1139	63
1192	63
1207	63
1254	63
1259	63
1289	63
1333	63
1351	63
1355	63
1378	63
1384	63
1011	66
1179	66
1440	66
875	68
1425	68
105	71
279	71
338	71
351	71
478	71
598	71
604	71
641	71
995	71
1079	71
1332	71
1394	71
456	72
620	72
954	72
1254	72
1274	73
1294	73
248	85
765	87
814	87
216	89
169	91
244	91
364	91
550	91
868	91
877	91
1016	91
1040	91
1081	91
1117	91
1219	91
1254	91
1307	91
1343	91
1378	91
1393	91
276	92
1301	98
1357	98
131	100
144	100
169	100
183	100
191	100
214	100
246	100
335	100
345	100
352	100
399	100
470	100
488	100
505	100
547	100
550	100
552	100
698	100
753	100
877	100
914	100
933	100
954	100
987	100
1007	100
1010	100
1016	100
1119	100
1139	100
1156	100
1218	100
1254	100
1259	100
1275	100
1289	100
1333	100
1351	100
1355	100
1397	100
279	105
338	105
351	105
478	105
598	105
604	105
641	105
995	105
1032	105
1079	105
1332	105
1394	105
317	106
578	106
963	106
1248	107
438	108
240	113
278	113
324	113
500	113
610	113
687	113
784	113
788	113
795	113
829	113
1064	113
1142	113
1191	113
1281	113
1359	113
343	115
859	115
1018	115
1263	115
647	117
801	117
256	119
486	119
660	119
148	123
258	123
297	123
319	123
1071	123
1175	123
396	128
552	130
169	131
191	131
475	131
494	131
571	131
753	131
910	131
1007	131
1238	131
1259	131
169	135
214	135
229	135
312	135
401	135
566	135
910	135
914	135
1081	135
1139	135
1192	135
1384	135
1436	135
1229	138
314	141
696	141
883	141
958	141
1031	141
1047	141
1405	141
169	144
191	144
214	144
246	144
335	144
345	144
399	144
456	144
470	144
488	144
496	144
505	144
550	144
618	144
698	144
753	144
877	144
906	144
940	144
954	144
987	144
1010	144
1016	144
1119	144
1139	144
1254	144
1259	144
1289	144
1296	144
1355	144
1368	144
1393	144
554	146
568	146
582	146
1239	146
1244	146
154	148
258	148
297	148
319	148
652	148
724	148
830	148
845	148
946	148
998	148
1071	148
1149	148
1175	148
1276	148
875	152
1076	152
1425	152
258	154
297	154
319	154
342	154
724	154
830	154
845	154
946	154
998	154
1071	154
1175	154
1276	154
256	155
415	155
797	155
950	155
1151	155
1206	155
1356	155
350	159
469	159
628	159
630	159
1198	159
1237	159
1284	159
1342	159
979	160
436	164
1116	164
1363	164
450	167
1302	167
1430	167
191	169
214	169
244	169
246	169
312	169
352	169
364	169
401	169
470	169
494	169
550	169
552	169
562	169
566	169
698	169
737	169
753	169
857	169
868	169
877	169
900	169
910	169
914	169
926	169
1010	169
1048	169
1081	169
1099	169
1117	169
1119	169
1139	169
1192	169
1254	169
1259	169
1315	169
1333	169
1361	169
1378	169
1384	169
1434	169
1436	169
244	172
252	172
256	172
364	172
415	172
433	172
447	172
491	172
555	172
797	172
832	172
863	172
868	172
874	172
877	172
878	172
1040	172
1117	172
1134	172
1151	172
1254	172
1307	172
1343	172
1356	172
1378	172
622	173
1378	173
393	175
1093	175
571	179
1025	179
913	182
246	183
399	183
539	183
547	183
1156	183
1259	183
1333	183
1379	183
1397	183
1350	185
335	189
246	191
335	191
345	191
374	191
399	191
456	191
457	191
470	191
488	191
494	191
496	191
505	191
550	191
558	191
618	191
698	191
753	191
877	191
940	191
954	191
987	191
1010	191
1016	191
1119	191
1218	191
1254	191
1259	191
1289	191
1351	191
1393	191
659	192
1009	192
1104	192
413	212
503	212
685	212
1331	212
246	214
312	214
352	214
401	214
552	214
562	214
566	214
737	214
857	214
900	214
914	214
1048	214
1081	214
1139	214
1192	214
1211	214
1259	214
1315	214
1333	214
1361	214
1384	214
1436	214
241	215
824	215
1136	215
1147	215
1197	215
1264	215
1295	215
1431	215
1451	215
1454	215
746	217
1174	220
1232	220
271	225
910	227
729	234
1242	234
286	235
477	235
854	235
361	236
278	240
324	240
397	240
500	240
610	240
687	240
784	240
788	240
829	240
1064	240
1142	240
1191	240
1281	240
1289	240
1359	240
824	241
1136	241
1147	241
1197	241
1264	241
1295	241
1454	241
252	244
364	244
433	244
491	244
555	244
698	244
832	244
863	244
868	244
874	244
877	244
878	244
1040	244
1081	244
1117	244
1219	244
1254	244
1307	244
1333	244
1343	244
1356	244
1095	245
335	246
345	246
352	246
399	246
401	246
456	246
470	246
488	246
494	246
505	246
539	246
550	246
552	246
566	246
698	246
753	246
877	246
900	246
914	246
933	246
940	246
987	246
1010	246
1016	246
1048	246
1119	246
1139	246
1156	246
1192	246
1218	246
1254	246
1259	246
1275	246
1315	246
1333	246
1351	246
1355	246
1361	246
1378	246
1384	246
1386	246
1393	246
1397	246
1436	246
404	248
364	252
433	252
491	252
550	252
797	252
863	252
868	252
874	252
1040	252
1117	252
1307	252
415	256
470	256
486	256
488	256
555	256
797	256
863	256
877	256
1134	256
1151	256
1206	256
1254	256
1356	256
1393	256
297	258
319	258
342	258
652	258
724	258
830	258
845	258
946	258
998	258
1071	258
1175	258
1276	258
502	260
1313	260
1445	260
438	267
695	267
772	270
1136	270
1173	270
1321	270
1398	270
1431	270
1451	270
955	274
324	278
500	278
610	278
687	278
784	278
788	278
829	278
1064	278
1142	278
1191	278
1281	278
1359	278
338	279
351	279
478	279
598	279
604	279
641	279
1079	279
1332	279
1394	279
682	280
477	286
854	286
864	286
391	288
548	288
941	288
1398	288
314	290
502	290
525	290
696	290
958	290
1264	290
1313	290
473	293
671	293
1041	293
299	296
393	296
533	296
637	296
798	296
319	297
342	297
652	297
724	297
830	297
845	297
946	297
998	297
1071	297
1175	297
1183	297
1276	297
393	299
533	299
637	299
798	299
376	300
563	300
751	300
776	300
955	300
697	305
1121	306
1251	308
416	312
566	312
857	312
914	312
1139	312
1192	312
1207	312
1259	312
1361	312
1384	312
1436	312
696	314
883	314
958	314
1031	314
1047	314
1405	314
578	317
963	317
1409	317
342	319
652	319
724	319
830	319
845	319
946	319
998	319
1071	319
1175	319
1183	319
1276	319
455	321
500	324
610	324
687	324
784	324
788	324
829	324
1064	324
1142	324
1191	324
1281	324
1359	324
1380	328
538	329
1262	329
566	332
1207	332
358	333
393	333
422	333
553	333
1091	333
345	335
399	335
456	335
457	335
470	335
488	335
550	335
698	335
753	335
877	335
940	335
954	335
987	335
1010	335
1016	335
1119	335
1217	335
1254	335
1259	335
1296	335
1386	335
1393	335
351	338
478	338
598	338
641	338
1079	338
1394	338
532	341
579	341
673	341
743	341
1210	341
1295	341
1363	341
1451	341
545	342
830	342
845	342
998	342
859	343
1018	343
1263	343
494	344
770	344
875	344
1076	344
1093	344
1425	344
456	345
470	345
488	345
496	345
505	345
550	345
618	345
620	345
698	345
753	345
877	345
906	345
954	345
987	345
1010	345
1016	345
1119	345
1254	345
1259	345
1386	345
1393	345
915	348
1061	348
1099	348
1289	348
1324	348
1408	348
475	349
469	350
628	350
630	350
1198	350
1237	350
1284	350
1342	350
478	351
598	351
604	351
628	351
630	351
641	351
995	351
1079	351
1237	351
1332	351
1394	351
401	352
509	352
552	352
562	352
566	352
727	352
737	352
857	352
900	352
914	352
926	352
1048	352
1122	352
1139	352
1259	352
1275	352
1361	352
1384	352
1397	352
1434	352
1436	352
393	358
422	358
553	358
1093	358
1282	358
631	360
1161	360
1242	363
433	364
470	364
491	364
698	364
797	364
863	364
868	364
874	364
877	364
878	364
910	364
1016	364
1040	364
1081	364
1117	364
1134	364
1254	364
1307	364
1333	364
1343	364
1356	364
1378	364
1386	364
504	365
934	365
986	365
546	370
749	370
919	370
1020	370
1148	370
640	372
641	372
1141	372
1401	372
409	373
587	373
623	373
778	373
563	376
751	376
776	376
955	376
428	377
562	381
1048	381
1361	381
465	387
565	387
1430	387
1046	388
700	389
548	391
924	391
941	391
1061	391
1099	391
1408	391
494	393
533	393
553	393
637	393
798	393
1093	393
1282	393
1425	393
442	395
500	397
1281	397
1359	397
796	398
456	399
457	399
470	399
488	399
505	399
550	399
558	399
618	399
698	399
753	399
877	399
906	399
940	399
954	399
987	399
1010	399
1016	399
1119	399
1218	399
1254	399
1259	399
1296	399
1355	399
1378	399
1393	399
552	401
562	401
566	401
737	401
857	401
900	401
914	401
926	401
1048	401
1139	401
1259	401
1361	401
1384	401
1397	401
1434	401
1436	401
528	403
931	403
1269	403
723	408
1038	408
952	409
957	409
987	409
503	413
797	415
863	415
950	415
1040	415
1134	415
1206	415
1254	415
1356	415
566	416
464	427
1014	427
467	429
676	429
1249	429
1253	429
475	430
494	430
571	430
1238	430
447	433
491	433
555	433
797	433
832	433
868	433
874	433
878	433
1040	433
1117	433
1134	433
1254	433
1307	433
1356	433
1116	436
1363	436
695	438
587	444
1199	446
1405	446
868	447
877	447
878	447
1117	447
1254	447
1356	447
817	449
912	449
1302	450
1430	450
502	451
935	455
470	456
488	456
496	456
505	456
550	456
618	456
620	456
698	456
753	456
877	456
906	456
940	456
954	456
956	456
987	456
1010	456
1016	456
1119	456
1218	456
1234	456
1254	456
1259	456
1289	456
1355	456
1368	456
1378	456
1386	456
1393	456
488	457
550	457
558	457
940	457
1218	457
1014	464
565	465
517	467
552	467
676	467
975	467
1013	467
1066	467
1249	467
1253	467
1266	467
710	468
628	469
630	469
1198	469
1237	469
1284	469
1342	469
488	470
505	470
550	470
555	470
618	470
620	470
698	470
753	470
877	470
906	470
940	470
950	470
987	470
1010	470
1016	470
1119	470
1134	470
1139	470
1254	470
1259	470
1289	470
1356	470
1386	470
1393	470
532	472
579	472
673	472
1210	472
1041	473
571	475
703	475
753	475
910	475
1174	475
1238	475
854	477
864	477
598	478
604	478
641	478
995	478
1079	478
1332	478
1394	478
487	483
943	484
660	486
877	486
1254	486
496	488
505	488
550	488
558	488
618	488
620	488
698	488
753	488
832	488
863	488
877	488
940	488
950	488
954	488
955	488
970	488
987	488
1010	488
1016	488
1119	488
1134	488
1218	488
1254	488
1259	488
1333	488
1355	488
1356	488
1378	488
1386	488
1393	488
555	491
797	491
832	491
868	491
874	491
878	491
1040	491
1117	491
1134	491
1254	491
1307	491
1343	491
1356	491
569	494
753	494
875	494
1139	494
1163	494
1254	494
1259	494
1315	494
1425	494
550	496
987	496
1016	496
1218	496
1254	496
1339	497
610	500
687	500
784	500
788	500
795	500
829	500
1064	500
1142	500
1191	500
1281	500
1289	500
1359	500
696	502
1313	502
528	503
685	503
1331	503
934	504
986	504
550	505
618	505
698	505
753	505
797	505
877	505
954	505
970	505
1010	505
1016	505
1119	505
1218	505
1254	505
1259	505
1356	505
1378	505
1393	505
566	509
900	509
914	509
559	510
574	516
676	517
975	517
1013	517
1221	517
1249	517
1253	517
1266	517
968	519
603	528
1398	528
877	529
1251	529
579	532
673	532
743	532
1210	532
1295	532
1363	532
1451	532
637	533
798	533
1262	538
1156	539
1254	539
749	546
919	546
1020	546
1148	546
1098	547
1333	547
941	548
618	550
698	550
753	550
863	550
877	550
906	550
954	550
987	550
1010	550
1016	550
1117	550
1119	550
1135	550
1139	550
1218	550
1254	550
1259	550
1289	550
1296	550
1355	550
1356	550
1368	550
1378	550
1386	550
1393	550
562	552
676	552
737	552
900	552
914	552
926	552
1048	552
1081	552
1139	552
1249	552
1253	552
1254	552
1259	552
1333	552
1361	552
1384	552
1436	552
1093	553
568	554
582	554
1239	554
1244	554
797	555
863	555
868	555
877	555
878	555
1040	555
1117	555
1134	555
1151	555
1206	555
1254	555
1307	555
1343	555
1356	555
1393	555
940	558
987	558
1016	558
1218	558
1437	561
737	562
900	562
914	562
926	562
1048	562
1139	562
1333	562
1361	562
1384	562
1436	562
751	563
857	566
900	566
914	566
1048	566
1139	566
1207	566
1259	566
1361	566
1384	566
1436	566
618	567
801	567
844	567
938	567
1041	567
1162	567
1429	567
582	568
1239	568
1244	568
753	571
1238	571
1289	571
963	578
673	579
743	579
1210	579
1295	579
1363	579
1451	579
1239	582
1244	582
1354	584
1358	584
623	587
778	587
912	587
1143	591
1340	591
655	593
912	594
628	598
641	598
1079	598
1394	598
855	602
1003	602
995	604
1022	604
1032	604
1332	604
632	608
732	608
687	610
784	610
788	610
829	610
1064	610
1142	610
1191	610
1281	610
1289	610
1359	610
835	611
698	618
753	618
844	618
877	618
987	618
1010	618
1016	618
1119	618
1254	618
1259	618
1355	618
1378	618
1386	618
877	620
1119	620
1206	620
1254	620
1259	620
1356	620
1378	620
1393	620
778	623
817	623
912	623
630	628
1198	628
1237	628
1284	628
1342	628
1198	630
1237	630
1284	630
1342	630
1161	631
1182	631
929	632
1157	632
797	636
1151	636
1206	636
1356	636
798	637
1141	640
1401	640
1394	641
1401	641
777	644
801	647
1071	652
1175	652
1298	658
1009	659
1104	659
1135	665
1007	671
743	673
1210	673
1295	673
1363	673
1451	673
769	674
686	676
816	676
975	676
1013	676
1066	676
1249	676
1253	676
1266	676
1142	681
1331	685
1090	686
1209	686
1367	686
1375	686
1401	686
784	687
788	687
829	687
1064	687
1142	687
1191	687
1281	687
1359	687
838	691
1269	691
883	696
958	696
1031	696
1047	696
1313	696
1405	696
753	698
877	698
954	698
987	698
1010	698
1016	698
1119	698
1139	698
1219	698
1234	698
1254	698
1259	698
1289	698
1368	698
1378	698
1393	698
1107	702
807	706
1130	706
1446	716
830	724
845	724
946	724
998	724
1071	724
1175	724
1276	724
737	727
900	727
926	727
1048	727
1242	729
900	737
914	737
926	737
1048	737
1139	737
1333	737
1361	737
1384	737
1434	737
1436	737
1371	739
1210	743
1295	743
1363	743
1451	743
957	746
919	749
1020	749
1148	749
776	751
855	752
1003	752
877	753
906	753
910	753
954	753
987	753
997	753
1010	753
1016	753
1119	753
1238	753
1254	753
1259	753
1289	753
1351	753
1369	753
1378	753
1222	758
875	770
1076	770
1425	770
1136	772
1173	772
1295	772
1321	772
1398	772
1431	772
1451	772
781	777
955	778
788	784
829	784
1064	784
1142	784
1191	784
1281	784
1289	784
1359	784
829	788
1064	788
1142	788
1191	788
1281	788
1359	788
1359	795
979	796
863	797
868	797
877	797
878	797
970	797
1040	797
1117	797
1134	797
1151	797
1206	797
1254	797
1307	797
1356	797
1378	797
1393	797
1282	798
844	801
938	801
1041	801
1162	801
1429	801
1130	807
1152	813
929	815
861	816
996	816
1249	816
1253	816
912	817
1398	817
1136	824
1147	824
1197	824
1264	824
1295	824
1431	824
1451	824
1454	824
876	826
1064	829
1142	829
1191	829
1281	829
1289	829
1359	829
845	830
946	830
998	830
1071	830
1175	830
863	832
868	832
877	832
878	832
916	832
1040	832
1117	832
1254	832
1307	832
1356	832
1269	838
938	844
1041	844
1162	844
1429	844
946	845
998	845
1071	845
1175	845
1003	855
900	857
914	857
1048	857
1139	857
1259	857
1361	857
1436	857
1018	859
1263	859
868	863
877	863
878	863
1117	863
1134	863
1206	863
1254	863
1259	863
1356	863
1378	863
874	868
877	868
878	868
1040	868
1081	868
1117	868
1134	868
1254	868
1307	868
1343	868
1356	868
1378	868
1221	872
878	874
1040	874
1117	874
1254	874
1307	874
1343	874
1356	874
1076	875
1093	875
1425	875
878	877
916	877
987	877
1010	877
1016	877
1117	877
1119	877
1135	877
1139	877
1219	877
1234	877
1254	877
1259	877
1307	877
1333	877
1343	877
1355	877
1356	877
1378	877
1386	877
1393	877
1040	878
1117	878
1134	878
1219	878
1254	878
1307	878
1356	878
1378	878
958	883
1031	883
1047	883
1405	883
914	900
926	900
1048	900
1139	900
1275	900
1333	900
1361	900
1384	900
1397	900
1434	900
1436	900
1455	901
1010	906
1016	906
1119	906
1135	906
1254	906
1259	906
1378	906
1393	906
1081	910
1192	910
1254	910
1333	910
926	914
1048	914
1139	914
1259	914
1275	914
1315	914
1333	914
1361	914
1384	914
1434	914
1436	914
1061	915
1099	915
1324	915
1408	915
1219	916
1020	919
1148	919
1138	923
1240	925
1048	926
1122	926
1139	926
1361	926
1384	926
1434	926
1436	926
1439	928
1229	929
1269	929
1115	931
1126	931
1041	938
1162	938
1429	938
987	940
1010	940
1016	940
1119	940
1217	940
1218	940
1254	940
998	946
1071	946
1175	946
1206	950
1254	950
1356	950
1393	950
957	952
987	954
1010	954
1016	954
1119	954
1139	954
1217	954
1355	954
1386	954
1393	954
1098	957
1031	958
1047	958
1405	958
987	970
1254	970
1253	971
1249	975
1253	975
1266	975
1443	979
1010	987
1016	987
1119	987
1218	987
1254	987
1259	987
1355	987
1378	987
1386	987
1071	991
1175	991
1022	995
1032	995
1332	995
1010	997
1259	997
1289	997
1071	998
1149	998
1175	998
1238	1007
1254	1007
1378	1007
1104	1009
1016	1010
1119	1010
1139	1010
1218	1010
1234	1010
1254	1010
1259	1010
1289	1010
1333	1010
1355	1010
1378	1010
1386	1010
1393	1010
1179	1011
1440	1011
1221	1013
1249	1013
1253	1013
1266	1013
1117	1016
1119	1016
1135	1016
1218	1016
1219	1016
1234	1016
1254	1016
1259	1016
1289	1016
1296	1016
1355	1016
1356	1016
1368	1016
1378	1016
1386	1016
1393	1016
1263	1018
1148	1020
1032	1022
1092	1026
1047	1031
1405	1031
1332	1032
1081	1040
1117	1040
1134	1040
1254	1040
1307	1040
1343	1040
1356	1040
1405	1047
1122	1048
1139	1048
1259	1048
1275	1048
1333	1048
1361	1048
1384	1048
1397	1048
1434	1048
1436	1048
1099	1061
1289	1061
1324	1061
1351	1061
1408	1061
1142	1064
1191	1064
1281	1064
1359	1064
1249	1066
1253	1066
1175	1071
1093	1076
1425	1076
1394	1079
1117	1081
1139	1081
1219	1081
1307	1081
1333	1081
1361	1081
1209	1090
1367	1090
1375	1090
1184	1093
1282	1093
1425	1093
1289	1099
1324	1099
1408	1099
1447	1106
1140	1107
1129	1111
1126	1115
1363	1116
1134	1117
1219	1117
1254	1117
1307	1117
1343	1117
1356	1117
1378	1117
1386	1117
1217	1119
1218	1119
1234	1119
1254	1119
1259	1119
1289	1119
1355	1119
1368	1119
1378	1119
1386	1119
1393	1119
1426	1119
1361	1122
1434	1122
1436	1122
1151	1134
1254	1134
1307	1134
1356	1134
1254	1135
1147	1136
1173	1136
1197	1136
1264	1136
1295	1136
1321	1136
1398	1136
1431	1136
1451	1136
1454	1136
1254	1139
1259	1139
1315	1139
1333	1139
1351	1139
1355	1139
1361	1139
1378	1139
1384	1139
1434	1139
1436	1139
1401	1141
1191	1142
1281	1142
1359	1142
1197	1147
1264	1147
1295	1147
1431	1147
1451	1147
1454	1147
1206	1151
1254	1151
1356	1151
1275	1156
1379	1156
1397	1156
1182	1161
1429	1162
1215	1167
1295	1173
1321	1173
1398	1173
1431	1173
1451	1173
1183	1175
1276	1175
1440	1179
1281	1191
1289	1191
1359	1191
1333	1192
1264	1197
1295	1197
1431	1197
1451	1197
1454	1197
1237	1198
1284	1198
1342	1198
1363	1199
1405	1199
1239	1200
1244	1200
1254	1206
1356	1206
1393	1206
1367	1209
1375	1209
1401	1209
1295	1210
1363	1210
1451	1210
1384	1211
1254	1218
1259	1218
1355	1218
1254	1219
1307	1219
1333	1219
1343	1219
1378	1219
1269	1229
1254	1234
1368	1234
1378	1234
1284	1237
1342	1237
1244	1239
1253	1249
1266	1253
1259	1254
1307	1254
1333	1254
1343	1254
1355	1254
1356	1254
1368	1254
1378	1254
1386	1254
1393	1254
1315	1259
1333	1259
1351	1259
1355	1259
1361	1259
1378	1259
1384	1259
1386	1259
1393	1259
1436	1259
1295	1264
1313	1264
1431	1264
1451	1264
1454	1264
1271	1267
1333	1275
1361	1275
1397	1275
1359	1281
1342	1284
1324	1289
1351	1289
1355	1289
1359	1289
1393	1289
1408	1289
1321	1295
1363	1295
1398	1295
1431	1295
1451	1295
1454	1295
1357	1301
1430	1302
1343	1307
1356	1307
1378	1307
1361	1315
1434	1315
1398	1321
1431	1321
1451	1321
1408	1324
1394	1332
1343	1333
1361	1333
1384	1333
1397	1333
1436	1333
1356	1343
1378	1343
1358	1354
1378	1355
1378	1356
1393	1356
1426	1356
1384	1361
1397	1361
1434	1361
1436	1361
1451	1363
1375	1367
1401	1367
1393	1368
1386	1378
1397	1379
1434	1384
1436	1384
1426	1386
1436	1397
1431	1398
1451	1398
1451	1431
1454	1431
1436	1434
1454	1451
