3227	3712
3519	2519
2531	3079
2761	3230
2419	1947
2419	1223
1193	1537
3677	2385
3677	558
3677	997
3677	3037
2841	4381
2841	3400
2972	1057
2972	3841
2972	3222
2972	2362
2972	58
2972	3230
2972	2024
44	2777
1342	3252
1342	3616
1342	2735
1342	1329
1342	431
1342	4297
1342	3975
1342	26
1342	524
1342	3934
1342	2884
1342	990
1342	795
1342	4099
1342	3596
1342	2122
1342	3001
1035	857
1035	3852
1035	652
1035	4253
1035	385
1035	1106
1035	1784
1035	4309
1035	993
1035	364
1035	318
1035	1934
3939	3532
3939	4397
3939	461
3939	495
3939	4360
3939	3139
3939	896
3939	4353
3939	4380
857	544
857	1784
857	171
857	4381
857	318
459	1355
459	2365
459	492
704	2924
704	3060
704	3125
704	4155
704	61
704	2528
704	4169
704	545
704	1999
704	423
704	25
704	2795
704	3782
704	4070
3232	731
3047	2796
1168	358
1168	181
1168	1324
764	4297
764	3230
1355	3895
3852	3501
3852	545
3852	2311
3852	506
3852	3061
2823	1470
2823	3203
2823	3643
2823	3004
2823	3230
3252	2817
3252	2735
890	4297
4105	3079
3525	2385
1422	2707
1422	2843
1350	2740
1764	2471
329	2455
4407	3402
4407	65
4407	66
4444	1265
4444	2175
4444	992
4444	2930
3541	786
3541	2471
3541	1386
786	2817
786	1386
2817	2471
2817	3157
2817	3544
3297	4228
3297	1663
3297	2958
3297	4169
3297	3139
4228	2295
1990	3669
1990	135
1990	3605
1990	2552
1990	3310
1990	3571
2553	1831
2553	2865
2553	1552
2553	97
1831	2865
1831	173
3111	3079
190	1712
190	1643
4454	3489
4454	1357
4454	1854
4454	4256
4454	4425
4454	2503
280	682
2070	2464
2070	3693
2070	347
2070	544
2464	3693
2464	347
2464	544
2464	2549
2464	3264
2464	748
1481	171
1481	2604
1481	3230
3693	347
3693	544
3693	1947
3693	244
3693	1554
347	544
347	2549
347	3264
347	4152
347	2923
3679	4111
3679	2426
629	1623
3764	990
793	2529
793	1921
793	1441
360	1223
360	1135
360	4229
1965	318
544	3616
544	2385
544	4337
544	327
544	3476
544	2529
544	3975
544	4224
544	2549
544	3264
544	4442
544	730
544	58
544	2074
544	4025
544	558
2805	702
3947	524
4459	1725
4459	3848
4459	4376
4459	2866
2261	166
2261	1729
2261	834
2297	1278
3423	518
3423	401
3423	3475
3423	3609
1663	2540
2491	720
2491	2678
2491	2958
939	4169
939	3139
939	1473
1418	2250
3060	1536
3060	3235
3060	723
3060	2678
3060	2455
3060	1573
3060	4443
3060	3211
3060	4248
3060	1052
3060	29
3060	3198
3060	159
3060	423
3060	3139
3060	1556
3060	506
3060	1364
3060	2489
3060	2734
3060	3325
3669	135
3669	1947
3580	135
2305	1947
526	2429
980	2429
980	0
2429	917
2429	0
917	0
917	1381
429	1223
429	1995
429	3192
429	197
135	2021
135	2810
135	3782
3235	2602
3235	1583
3489	1177
3489	1810
3489	558
3489	2426
3489	534
3489	2503
3489	1443
3489	4342
208	2336
3049	575
3049	4079
575	1461
49	1223
1280	60
1280	362
1280	568
1280	558
1280	3785
4240	37
4240	2660
4240	1496
4240	2777
2021	2799
2021	4445
2021	65
2667	780
2667	3336
2667	365
2667	878
2196	4101
2375	2799
2375	3226
2375	1381
2375	3139
420	2528
3712	1040
1312	3157
1312	1412
1312	3170
773	2943
773	3445
773	4344
773	710
773	161
773	15
773	1585
3616	619
3616	3211
3616	2549
3616	3264
3616	3934
3616	3170
2799	1947
2799	2944
2799	4445
2799	3133
2799	1341
2707	630
2707	2714
2752	380
2752	368
4179	4437
883	1691
883	2007
1735	3854
1735	3872
3226	1381
3226	1270
3226	3139
3854	2936
3854	2183
60	1200
60	3836
2796	2735
2796	732
2796	3441
2796	1126
2796	2821
2796	4131
2796	3709
2796	3497
2796	2884
2796	2748
2796	2676
2796	112
2796	499
1328	283
3014	178
3378	4224
1947	4200
1947	2223
1947	751
1947	1563
1947	3623
1947	3099
1947	1183
1947	3975
1947	1324
1947	2549
1947	3264
1947	4248
1947	684
1947	1434
1947	627
1947	3157
1947	1541
1947	4231
1947	2208
1947	2820
1947	2281
1947	1010
1947	2846
1947	3741
1947	534
1947	2136
1947	636
1947	937
1947	1222
1947	1609
1947	1674
1947	1850
1947	2788
1947	3186
1947	3362
1947	3969
1947	2582
1691	18
1691	1213
1691	2052
2049	652
2049	426
2049	407
2049	3975
2049	300
2049	384
2049	373
4200	2529
4200	1126
4200	167
4200	3139
3075	1988
3075	2350
3075	2149
3075	2710
3075	1598
3075	3230
3075	4229
3125	3448
3383	3872
4250	731
4250	4257
4250	1022
4250	3602
4250	1296
4250	1717
4250	1163
2381	936
2381	3491
2381	2522
1846	684
18	652
18	1660
18	1213
18	1654
18	1031
18	3434
2126	1542
2126	807
2126	3647
2126	2884
2126	728
2126	2820
2126	558
2126	318
2126	4009
2184	1542
2184	807
2184	2884
2184	1296
2184	318
2184	4009
2385	1542
2385	807
2385	3647
2385	2884
2385	318
2385	2525
1381	3222
1381	3428
1381	826
1381	3139
2471	1386
2471	988
37	2893
37	1570
37	2311
37	1444
37	3396
2977	4296
2977	3486
2977	3281
2977	558
2977	2708
744	625
652	2455
652	1213
652	1031
652	3434
652	2836
823	2359
823	4296
619	297
619	727
619	123
619	1620
625	2813
625	2057
625	3457
625	1144
625	804
625	3878
625	2800
625	2280
625	1582
1542	4085
1542	3264
1542	627
1542	14
1542	157
1542	2930
1542	3170
1552	1941
1552	3975
1552	296
1552	938
1552	1981
1177	3292
1177	1102
1177	925
1177	1848
2251	4297
2251	3061
723	1573
723	2958
3663	3079
3866	3828
3866	1586
3866	3303
3866	1247
3866	4248
3866	1553
3866	1799
2843	3281
268	1673
268	4402
268	1126
268	399
268	759
268	2800
268	65
268	4132
4402	988
4402	176
4402	2311
4402	1246
4402	1007
4402	3680
2830	206
2830	2724
2830	29
2830	117
2830	1010
2830	1687
2830	311
2830	2525
36	2183
36	4132
244	3739
244	3135
244	2735
244	869
244	1877
244	115
244	4092
244	1506
244	1126
244	167
244	4297
244	2549
244	26
244	3264
244	2391
244	3261
244	730
244	1785
244	343
244	2637
244	1362
244	1568
244	3862
244	2416
244	965
244	2727
244	1622
244	2504
244	2582
3739	3133
3135	2595
3135	1921
284	2359
284	1734
284	4296
284	1223
2735	3975
2735	3230
2735	3139
3444	1530
3444	3037
113	3501
113	990
113	3230
113	4360
113	3139
113	2525
3724	2336
3662	3510
404	3981
404	197
1357	3402
1357	2766
1357	925
1357	1437
1357	2217
1854	3510
1854	3848
1854	1810
1854	2459
1854	2176
1854	4186
1854	2426
1854	4425
1854	534
1854	69
1854	492
1854	2503
1854	1443
1854	2244
1854	4342
1854	4108
2616	2740
3045	1364
2586	847
2359	4296
2298	406
3510	3848
3510	1943
3510	3505
3510	1188
3510	2103
4264	3862
886	1515
886	3408
4134	430
4134	1936
4134	936
4412	3055
2006	2388
2006	1595
4253	246
4253	1784
4253	990
4253	580
4253	993
1993	2958
488	3211
3828	386
3828	2562
3828	1579
3828	1553
976	2172
1593	804
1525	3097
1525	3157
1525	3994
1525	2627
3598	2057
2370	2958
2370	3661
720	2678
720	2455
720	847
2678	847
2449	4327
4397	2007
4397	4427
4397	2096
4397	3994
1660	4064
1660	4427
1660	2096
1660	3930
1660	2499
1660	3061
3498	670
1988	3428
1988	3261
1988	489
1988	4404
3501	2659
3501	1110
3501	2161
3501	4427
3501	1531
3501	1247
3501	746
3501	1678
3501	3936
3501	2551
3501	3910
4017	1445
4017	117
648	1110
648	1223
648	1268
2455	1192
2455	1188
2455	3270
2455	3872
2455	1163
2455	1588
2455	437
2455	650
2455	748
2455	911
2455	1222
2455	1589
4155	1057
4155	3139
4155	1397
1057	1885
999	2658
2223	532
3841	1470
3841	3497
3841	1483
3841	2676
3841	1510
3841	4199
751	337
751	127
2028	1537
2028	2958
385	3388
385	3611
385	2873
905	401
905	4376
905	4227
2669	3400
2702	3497
2702	4152
2702	684
2702	2676
23	43
23	4226
1256	1110
1256	1247
1256	3170
3379	2078
3379	3930
3379	667
3607	3076
690	558
327	337
327	2250
2659	1313
2659	3270
48	249
206	2724
206	1223
206	4446
1849	3348
1184	936
1110	1183
1110	1531
1110	2057
1110	1241
1110	1678
1110	2803
1110	3139
115	3596
115	3785
4148	3230
4148	2525
2007	3222
732	362
3949	2388
4181	2002
1348	8
1348	1556
1348	2503
1348	4327
3476	3233
3476	3975
3476	3491
3476	4248
3476	2150
3476	2362
3476	1313
3476	847
358	171
358	3512
358	489
358	4130
358	3253
358	1036
649	3975
649	2150
649	3925
2893	159
1329	2250
1329	1934
1329	967
2022	4381
3222	3388
3222	955
3222	746
3222	275
3222	988
3222	3497
3222	4152
3222	684
3222	1483
3222	2676
3222	1347
3222	3023
3222	2758
3222	3253
3222	1007
2295	2362
2295	665
1192	731
3099	3230
2005	2172
2005	3292
2005	3475
3185	2176
3185	489
3185	2895
3848	1943
3848	4457
3848	209
3848	4425
3848	534
3848	1102
3848	925
3848	1848
3848	4317
3848	197
1943	1810
1943	518
1943	68
1943	209
1943	2503
3103	2895
3103	4445
3103	670
1810	2740
1810	1112
1810	2755
1810	209
1810	4425
1810	534
1810	65
1810	1102
1810	2714
1810	4317
3505	2884
3505	65
969	899
1664	990
2350	3428
2350	2821
2350	1785
2350	4381
2350	1733
2350	1041
2984	2026
2026	3157
3860	3301
2239	990
2239	2075
2239	2928
4064	171
4064	558
3359	3813
3359	795
3359	558
3359	1964
3359	3139
3359	997
1375	558
3507	3223
3507	2660
3507	3025
3507	296
3507	14
3507	741
3507	846
3223	846
3223	626
3223	1364
3209	846
3209	2920
2589	4288
4288	2052
3030	3139
4117	1223
4117	107
1183	3253
1183	3087
1183	2421
872	997
781	2812
781	1285
781	3139
4111	272
3715	2923
4114	1537
978	1515
3348	458
2064	3037
1742	1785
805	2133
1586	1619
3972	192
3972	1860
3972	2936
3972	1459
174	3130
174	1223
2802	3975
1178	1554
1178	1054
2649	1443
2649	197
1106	318
1106	1970
1784	4309
1784	364
1784	1934
4173	3575
4448	1200
4448	1373
1265	2362
1265	3019
1265	3907
1265	373
1265	1341
1265	2628
1265	3095
2365	65
2365	1556
2365	141
2529	2013
2529	351
2529	2571
430	3278
430	955
430	240
430	2033
430	1567
192	1200
1200	4427
1200	2936
3097	1054
518	3079
679	2505
679	2104
2272	1371
2272	2936
1189	1537
1189	1054
1189	423
1189	2602
3867	197
1860	3019
1860	3236
4427	15
4427	3136
1758	1040
426	3230
780	365
1371	2936
1371	1862
1371	3872
2936	2948
1537	380
1537	61
1537	2710
1537	731
1537	4131
1537	2150
1537	2110
1537	4235
1537	990
1537	2639
1537	1223
1537	1285
1537	1207
1537	5
1537	1774
1537	499
1537	699
1537	1994
1537	2066
1537	4075
1537	1869
2172	3769
1467	1848
4256	465
4256	1331
1332	1221
2293	3796
1573	4092
1573	167
1573	901
1573	3292
1573	2639
1573	3872
1573	1702
1573	3462
1573	4380
1573	2611
4092	901
4092	3872
3388	2528
3388	746
3388	275
3388	3497
3388	4152
3388	684
3388	1926
3388	2676
3388	3139
4120	380
4120	96
2881	3139
3428	2388
3428	3230
4309	811
1734	3647
166	2528
166	1054
3865	395
3865	2302
923	3079
4024	1223
2393	731
3211	3975
3211	2202
3211	3001
3211	1782
3211	4070
1206	568
1206	3136
1206	4265
2101	239
266	642
266	2311
380	1126
380	1400
380	1173
380	3930
380	1441
380	117
380	1407
3851	2937
3851	3542
3851	3157
3851	3139
465	2226
826	3575
826	209
4296	3863
4296	3019
3735	2958
3735	248
1527	2958
1188	4317
1401	1223
1316	3190
1316	2334
3194	1443
1932	558
955	3975
955	731
955	3004
955	1437
2330	2810
2330	4457
2594	1936
2594	2461
1126	3004
1126	3385
2215	3292
2215	3276
407	2958
3769	3292
167	2383
167	3025
167	3062
167	676
754	779
4297	2680
4297	3139
1917	4381
2717	684
2717	1541
3956	3301
3956	4169
3613	4294
224	4381
2149	3261
356	4058
356	524
356	1387
356	2620
4058	524
3392	4378
3392	4248
3392	1530
3392	1816
3392	2734
3392	4406
171	3285
171	2505
171	2653
171	98
171	3261
171	29
171	3539
171	4025
171	1595
171	753
4416	1313
4416	4071
1531	1247
2247	2882
1936	2982
1936	2680
1936	1362
61	159
61	3139
2710	2102
4194	731
3512	988
3512	4152
3512	684
3512	489
3512	1585
3512	3795
1921	14
2459	3139
2459	534
2459	1102
2459	2503
2459	3396
2459	4317
3593	3139
2528	807
2528	3139
2528	4076
3975	2252
3975	2549
3975	26
3975	3264
3975	4423
3975	1400
3975	458
3975	990
3975	795
3975	3596
3975	2281
3975	3079
3975	3001
3975	1869
3466	337
3492	2590
1470	2958
1470	2941
1470	3061
2604	1643
2604	3692
2604	1237
2590	2958
2590	1643
2750	2958
2750	3079
1324	337
1324	990
4163	1623
1247	988
1247	3481
1247	1037
1247	3983
1247	1180
1247	395
1247	4001
1247	2607
1247	762
1247	3400
1247	3037
1247	2044
1247	2721
4123	1065
4123	3230
4123	846
4123	4229
4123	4172
731	901
731	2505
731	2176
731	489
731	58
731	630
731	2820
731	3845
731	277
731	515
731	1675
731	2787
2195	3576
2195	1241
2195	1568
2183	1568
1139	4359
746	275
746	4138
746	3497
746	4152
746	2676
746	4130
4359	423
275	4152
275	1483
275	3299
401	2503
401	1443
401	1848
401	3382
4354	1223
4354	1364
936	2522
936	1180
936	542
936	557
936	560
936	563
936	596
936	650
936	1039
936	1101
936	1320
936	1575
936	1602
936	1702
936	1848
936	2004
936	2125
936	2722
3813	433
3813	2388
4322	4073
8	2224
3167	545
2008	2680
2008	1479
2821	3497
2821	4152
2821	499
1546	558
2958	2657
2958	3497
2958	2748
2958	4389
2958	1541
2958	364
2958	2832
2958	3789
2958	2473
2958	464
2958	2217
2958	1996
2958	2399
2958	2450
2958	2485
2958	2714
2958	2819
2958	2836
2958	2932
2958	3555
2958	3758
2958	3905
3267	147
3267	364
313	147
313	1670
313	364
313	4381
2057	3491
2057	804
2057	2803
2057	2311
2057	3905
4013	451
2167	65
3576	1598
3576	1054
3576	3139
4010	2980
4010	3079
4224	1144
4224	2980
3477	988
3477	2074
3477	2127
3477	1637
3301	3474
2740	2503
235	988
235	1869
2310	630
2096	366
3768	2680
1213	2052
3971	4030
3971	3930
3971	3335
4046	4380
3786	1929
3786	2979
2224	4381
1461	3270
1461	2426
4376	1040
4376	1112
4376	2687
4376	630
4376	1437
556	362
2559	1654
2559	3300
2559	3329
2623	1851
453	2173
4131	362
4131	1732
362	630
362	1717
2657	3619
4101	3051
4101	3907
4101	373
4101	1341
4101	3483
3455	1714
3455	3015
642	1426
642	1296
642	1528
4411	1223
901	458
901	990
901	3079
2509	4133
4169	1598
4169	3139
4169	107
4169	1830
4169	3446
988	2884
988	2676
988	990
988	4445
988	423
988	1221
988	3343
3700	489
2549	3264
2549	147
2549	990
2549	4018
2549	1738
2549	2136
2549	3001
26	3281
26	2930
3264	147
3264	990
3264	4018
3264	1738
3264	2136
3264	3001
1765	2013
1765	2562
1765	1441
1765	4381
1765	1407
4421	1223
3285	558
2941	3446
2059	2923
524	1387
524	580
524	2620
1040	2159
1040	2045
1040	4186
1040	1848
4248	159
1915	3895
1915	1047
3709	545
3709	2676
3709	1180
3709	3087
3497	4152
3497	1483
3497	1926
3497	2676
3497	4130
3497	441
4152	4130
684	1022
684	2884
684	489
684	2676
684	4130
684	1717
684	1934
684	1383
1022	2146
297	1223
297	1620
297	667
3549	1774
1483	1926
1483	2676
2747	3748
2383	4076
1161	3230
1161	1155
813	847
813	879
2505	2677
2505	136
2505	2367
2505	3596
2505	334
2677	1530
2677	2895
1241	3292
1241	1398
1241	109
2202	3292
2202	3079
1530	2367
1530	3157
1530	2872
1530	3478
3292	3276
3292	1528
3292	3139
3292	3741
3292	3815
3292	925
3292	2990
3292	3396
2367	2895
4433	147
4433	364
4433	4325
2810	1409
2810	117
2810	1556
2810	3318
42	4096
2493	1251
1435	1447
2552	4381
1447	593
2120	1136
2391	2208
2328	1373
2176	2895
2176	534
2176	65
2176	1102
386	2562
386	1579
386	1553
386	1670
1261	1054
2150	1981
63	1039
3429	4381
440	1144
440	2944
2855	1223
2855	4367
2077	687
2077	3808
1504	4144
1301	337
1301	2545
337	1739
337	1362
337	1223
337	191
337	2905
337	3007
337	3137
433	2146
433	3015
1002	65
2942	3499
1739	248
3863	29
3863	117
3863	155
3863	3198
3863	423
3863	3079
3863	3318
3863	1521
3863	1341
941	2628
2212	3942
1278	1761
3701	1761
3418	1848
98	117
98	2944
891	3756
891	45
891	1690
3830	4381
1515	3756
1515	3573
1515	807
3756	3573
3756	45
3756	946
3756	2135
3756	3895
3573	807
2600	3657
45	1690
4201	4423
3657	1848
807	2075
807	2820
807	1223
2000	1867
2000	2024
3647	4394
3934	4096
1426	147
1426	364
461	58
2548	568
3261	568
3261	2388
604	1385
604	811
1385	2562
1385	4025
1385	1441
1385	4381
4144	1052
4144	1337
4144	2416
4144	2451
4144	3434
476	1848
931	3446
2948	117
2948	3079
1654	1065
1654	568
1654	3230
1654	3079
1654	846
1654	4229
1654	4172
4423	3751
4423	1620
2573	3079
1065	2174
3734	3079
4147	4221
1112	2426
1112	3741
1112	1848
1112	2714
593	191
4190	324
3611	1717
2755	2426
2755	65
2755	2503
2755	1848
2755	4342
367	294
294	1903
3457	458
3457	2250
3457	3609
3457	3785
3457	3483
1913	627
627	4231
627	1716
627	3208
627	14
1037	4381
1144	568
1144	1054
2175	3958
2175	1412
2175	4360
2175	3037
1398	3157
1398	2013
1398	2208
1398	1412
1398	1637
3408	3157
3408	2013
3408	1400
3408	1412
3408	1366
3751	3157
3751	489
3751	2013
3751	1412
109	2013
109	2024
3157	3958
3157	2013
3157	1412
3157	3037
3157	1512
3157	3007
3157	4406
2051	3230
4259	117
4259	3139
1445	2789
1445	3800
68	209
3398	1807
2680	300
2680	1724
2680	2831
2680	4441
2680	2433
2724	29
2724	4446
2724	1010
2724	1687
2724	2525
1052	4442
29	1010
29	2525
29	3007
4442	4446
4442	1774
545	1643
545	4446
545	4226
2588	2411
2235	4381
3539	3079
730	423
730	3139
730	196
730	454
3029	759
4084	2964
2884	1313
489	1412
489	3253
489	1036
2593	1643
2593	787
1807	2686
1807	4199
2108	1443
2108	2714
3203	2746
248	1836
248	123
248	1738
248	4076
248	2620
248	3343
248	3409
1296	2388
1296	3054
2362	1347
2362	943
2362	3343
2538	3079
568	1347
2360	1643
2360	4076
1520	3850
1520	1054
2929	761
3241	467
628	2660
628	3544
4110	3139
522	3540
2995	1834
2353	1048
727	1054
58	3643
58	1221
2388	3025
4040	928
802	2771
2482	3872
630	2980
630	2173
469	3782
2660	2024
3546	2722
3281	851
3293	2759
3293	3079
3293	1211
1048	558
2731	1039
2074	1400
2074	3136
2074	4381
1729	1223
3025	676
343	681
147	1670
147	505
147	1031
147	3098
4081	3994
4081	283
4081	3499
3994	3954
3994	1092
3954	2275
3954	283
3954	107
2275	283
3499	1830
2676	441
2676	1285
2676	3795
2676	1267
4389	4050
2312	3170
4216	3217
2013	1362
2013	1400
2013	1173
2013	2562
2013	4025
2013	1441
2013	97
2013	1412
2013	1366
2013	107
2013	1407
1362	1400
1362	1173
1362	2562
1362	1441
1362	2154
1362	1366
1362	107
1362	1407
1400	1173
1400	2562
1400	4025
1400	3930
1400	1441
1173	2562
1173	970
1173	1366
1173	1407
3004	584
3004	1925
584	4381
584	4008
584	4124
584	4375
1541	3071
2562	4025
2562	3930
2562	1441
2562	1366
2562	1407
4025	3930
4025	1441
4025	558
4025	3335
4025	1366
4025	997
4025	1407
4025	1702
3930	107
3930	1407
3930	2024
1441	318
1441	1366
1441	107
4231	14
4231	3079
687	3808
97	2125
97	2402
4050	2630
1716	14
2208	804
1802	4381
458	990
458	243
458	2424
990	3596
990	1427
990	2136
990	107
990	3001
990	243
990	2399
990	2424
990	3478
990	1869
580	851
2250	558
2250	1934
2250	967
2639	558
1568	2327
1568	3883
833	1273
1273	1987
1412	300
176	1848
2564	191
2895	670
2895	519
2895	794
2895	1847
2895	4394
1570	423
117	2944
117	3741
117	1473
117	3318
117	25
117	506
117	626
1069	2944
2944	1341
2944	3591
4445	670
3076	1643
1347	3230
1347	1554
1347	3139
1347	997
3230	2820
3230	2416
3230	4076
3230	2515
3230	4009
3230	2504
1223	655
1223	4291
1223	295
1223	353
1223	499
1223	925
1223	1056
1223	1221
1223	1373
1223	1815
1223	3699
1223	4055
1223	4065
1223	4119
1223	4406
2457	323
4457	209
4457	69
4457	2503
4457	1443
4457	3485
4457	2582
2146	1285
2146	1738
2146	1717
2146	1782
123	339
123	667
239	3294
239	3170
1554	1054
3606	1054
2692	3170
558	3208
558	3317
558	3552
3895	1557
1557	1834
3805	14
1699	365
3335	1925
3596	1869
4141	515
1180	1643
1180	4446
1180	3552
1313	847
1313	3270
1313	1688
3748	3270
3748	4070
2766	16
2766	348
2766	2503
4446	423
4446	3139
4446	3061
4446	3799
2281	1556
2281	1869
616	610
4073	1743
4073	3198
4073	3741
1054	3434
1054	3872
1054	3247
395	4133
395	2302
395	2620
395	1349
2759	3079
2759	4437
2759	1683
2416	2525
2451	3139
2451	3079
965	3506
847	1922
3270	423
3270	1688
3270	2879
40	3506
40	423
40	1556
2980	3019
3426	1970
3198	4289
1249	3170
1553	879
1285	1717
2783	1934
1670	364
1670	3434
364	505
364	1031
364	3434
364	3098
505	3434
2803	3139
2832	406
159	1981
4346	4381
428	1717
3434	2988
3434	3018
4289	1981
3310	1981
1999	3139
3579	4394
3224	1556
3200	811
1995	2341
3872	3079
3872	2346
3872	1397
3872	2411
3019	423
3019	3907
2426	534
2426	1102
2426	492
2426	925
2426	1848
1331	1869
423	1010
423	4206
423	2633
423	506
423	2499
423	2734
423	3478
4381	1595
4381	4367
4381	75
4381	775
4381	799
4381	896
4381	1624
4381	1751
4381	1816
4381	1850
4381	1851
4381	2230
4381	2889
4381	2964
4381	3169
4381	3409
4381	3774
4381	3900
4381	1341
2341	4294
2341	1717
2311	3400
811	1934
1010	1687
1010	879
1010	2525
3106	479
3106	318
479	318
4129	318
3015	2226
209	534
209	2503
209	1443
3139	1944
3139	2461
3139	2480
3139	2515
3139	693
3139	4008
3139	2793
3139	1354
3139	1636
3139	1945
3139	2011
3139	3446
3139	3343
3139	2504
3139	2628
4291	1102
4291	4317
207	3591
1163	763
3741	1473
3741	3318
2602	1233
291	149
14	3170
4425	392
4425	2503
4425	1443
4037	65
3336	365
365	878
2773	2012
534	231
534	678
534	925
534	2503
534	4342
534	4317
3071	1558
992	1620
1237	43
1237	1341
3400	112
3400	2410
1620	4282
681	2503
65	66
65	1892
65	3382
2652	1979
107	2415
2415	799
3253	997
997	4277
3037	1636
1556	3815
1556	3318
1556	1437
1556	1521
1556	3612
1556	4049
1556	3095
879	753
3876	1502
4076	3079
3079	70
3079	692
3079	699
3079	706
3079	1994
3079	2722
3079	3063
3079	3093
3079	3436
3079	4109
3079	4375
2727	1938
234	2922
4153	761
3907	1521
3907	1762
3907	3612
3907	2628
3907	3483
1473	3318
4437	2873
2633	2194
2633	726
2194	726
846	1364
846	2920
2988	141
3599	4363
3001	3095
2334	2503
1102	2503
4009	4008
4008	4043
5	3170
41	541
3098	334
2158	1721
66	4317
69	1443
70	1639
124	519
153	2228
314	4422
448	3028
467	3240
492	4363
492	3718
519	1749
519	1751
519	2067
541	1601
576	1798
576	3529
702	4420
712	3095
721	1056
748	1575
763	1521
763	1547
787	4363
794	1305
896	1080
925	2503
925	2244
944	4108
949	3239
1039	2868
1056	2990
1120	3170
2503	1848
2503	2714
2503	4317
1437	1848
1443	4317
1521	1547
1521	1938
1521	4189
1521	373
1521	1341
1521	2628
1521	3483
1521	3095
1547	3612
1547	4189
1547	373
1547	1341
1547	2628
1547	3483
1547	3095
1594	2990
1594	4342
1606	2990
1642	3176
1816	1830
1827	2630
1848	4342
1848	4317
1848	1589
1872	2043
1872	3667
1882	2923
1938	3612
1987	3609
2012	3485
3612	3446
3612	4342
3612	373
3612	1341
3612	2628
3612	3483
3612	3095
2040	3842
2040	4088
2133	2833
3446	2714
2228	1589
2399	1869
2440	2478
2525	3061
2525	2504
2499	3478
2499	3503
2634	3737
2714	4342
2721	3176
2732	3236
2788	1869
2836	3210
2990	4342
3087	4436
3192	4282
3287	1397
1397	3782
3414	3609
3436	3447
4342	4317
2628	3483
3712	3227
2519	3519
3079	2531
3230	2761
1947	2419
1223	2419
1537	1193
2385	3677
558	3677
997	3677
3037	3677
4381	2841
3400	2841
1057	2972
3841	2972
3222	2972
2362	2972
58	2972
3230	2972
2024	2972
2777	44
3252	1342
3616	1342
2735	1342
1329	1342
431	1342
4297	1342
3975	1342
26	1342
524	1342
3934	1342
2884	1342
990	1342
795	1342
4099	1342
3596	1342
2122	1342
3001	1342
857	1035
3852	1035
652	1035
4253	1035
385	1035
1106	1035
1784	1035
4309	1035
993	1035
364	1035
318	1035
1934	1035
3532	3939
4397	3939
461	3939
495	3939
4360	3939
3139	3939
896	3939
4353	3939
4380	3939
544	857
1784	857
171	857
4381	857
318	857
1355	459
2365	459
492	459
2924	704
3060	704
3125	704
4155	704
61	704
2528	704
4169	704
545	704
1999	704
423	704
25	704
2795	704
3782	704
4070	704
731	3232
2796	3047
358	1168
181	1168
1324	1168
4297	764
3230	764
3895	1355
3501	3852
545	3852
2311	3852
506	3852
3061	3852
1470	2823
3203	2823
3643	2823
3004	2823
3230	2823
2817	3252
2735	3252
4297	890
3079	4105
2385	3525
2707	1422
2843	1422
2740	1350
2471	1764
2455	329
3402	4407
65	4407
66	4407
1265	4444
2175	4444
992	4444
2930	4444
786	3541
2471	3541
1386	3541
2817	786
1386	786
2471	2817
3157	2817
3544	2817
4228	3297
1663	3297
2958	3297
4169	3297
3139	3297
2295	4228
3669	1990
135	1990
3605	1990
2552	1990
3310	1990
3571	1990
1831	2553
2865	2553
1552	2553
97	2553
2865	1831
173	1831
3079	3111
1712	190
1643	190
3489	4454
1357	4454
1854	4454
4256	4454
4425	4454
2503	4454
682	280
2464	2070
3693	2070
347	2070
544	2070
3693	2464
347	2464
544	2464
2549	2464
3264	2464
748	2464
171	1481
2604	1481
3230	1481
347	3693
544	3693
1947	3693
244	3693
1554	3693
544	347
2549	347
3264	347
4152	347
2923	347
4111	3679
2426	3679
1623	629
990	3764
2529	793
1921	793
1441	793
1223	360
1135	360
4229	360
318	1965
3616	544
2385	544
4337	544
327	544
3476	544
2529	544
3975	544
4224	544
2549	544
3264	544
4442	544
730	544
58	544
2074	544
4025	544
558	544
702	2805
524	3947
1725	4459
3848	4459
4376	4459
2866	4459
166	2261
1729	2261
834	2261
1278	2297
518	3423
401	3423
3475	3423
3609	3423
2540	1663
720	2491
2678	2491
2958	2491
4169	939
3139	939
1473	939
2250	1418
1536	3060
3235	3060
723	3060
2678	3060
2455	3060
1573	3060
4443	3060
3211	3060
4248	3060
1052	3060
29	3060
3198	3060
159	3060
423	3060
3139	3060
1556	3060
506	3060
1364	3060
2489	3060
2734	3060
3325	3060
135	3669
1947	3669
135	3580
1947	2305
2429	526
2429	980
0	980
917	2429
0	2429
0	917
1381	917
1223	429
1995	429
3192	429
197	429
2021	135
2810	135
3782	135
2602	3235
1583	3235
1177	3489
1810	3489
558	3489
2426	3489
534	3489
2503	3489
1443	3489
4342	3489
2336	208
575	3049
4079	3049
1461	575
1223	49
60	1280
362	1280
568	1280
558	1280
3785	1280
37	4240
2660	4240
1496	4240
2777	4240
2799	2021
4445	2021
65	2021
780	2667
3336	2667
365	2667
878	2667
4101	2196
2799	2375
3226	2375
1381	2375
3139	2375
2528	420
1040	3712
3157	1312
1412	1312
3170	1312
2943	773
3445	773
4344	773
710	773
161	773
15	773
1585	773
619	3616
3211	3616
2549	3616
3264	3616
3934	3616
3170	3616
1947	2799
2944	2799
4445	2799
3133	2799
1341	2799
630	2707
2714	2707
380	2752
368	2752
4437	4179
1691	883
2007	883
3854	1735
3872	1735
1381	3226
1270	3226
3139	3226
2936	3854
2183	3854
1200	60
3836	60
2735	2796
732	2796
3441	2796
1126	2796
2821	2796
4131	2796
3709	2796
3497	2796
2884	2796
2748	2796
2676	2796
112	2796
499	2796
283	1328
178	3014
4224	3378
4200	1947
2223	1947
751	1947
1563	1947
3623	1947
3099	1947
1183	1947
3975	1947
1324	1947
2549	1947
3264	1947
4248	1947
684	1947
1434	1947
627	1947
3157	1947
1541	1947
4231	1947
2208	1947
2820	1947
2281	1947
1010	1947
2846	1947
3741	1947
534	1947
2136	1947
636	1947
937	1947
1222	1947
1609	1947
1674	1947
1850	1947
2788	1947
3186	1947
3362	1947
3969	1947
2582	1947
18	1691
1213	1691
2052	1691
652	2049
426	2049
407	2049
3975	2049
300	2049
384	2049
373	2049
2529	4200
1126	4200
167	4200
3139	4200
1988	3075
2350	3075
2149	3075
2710	3075
1598	3075
3230	3075
4229	3075
3448	3125
3872	3383
731	4250
4257	4250
1022	4250
3602	4250
1296	4250
1717	4250
1163	4250
936	2381
3491	2381
2522	2381
684	1846
652	18
1660	18
1213	18
1654	18
1031	18
3434	18
1542	2126
807	2126
3647	2126
2884	2126
728	2126
2820	2126
558	2126
318	2126
4009	2126
1542	2184
807	2184
2884	2184
1296	2184
318	2184
4009	2184
1542	2385
807	2385
3647	2385
2884	2385
318	2385
2525	2385
3222	1381
3428	1381
826	1381
3139	1381
1386	2471
988	2471
2893	37
1570	37
2311	37
1444	37
3396	37
4296	2977
3486	2977
3281	2977
558	2977
2708	2977
625	744
2455	652
1213	652
1031	652
3434	652
2836	652
2359	823
4296	823
297	619
727	619
123	619
1620	619
2813	625
2057	625
3457	625
1144	625
804	625
3878	625
2800	625
2280	625
1582	625
4085	1542
3264	1542
627	1542
14	1542
157	1542
2930	1542
3170	1542
1941	1552
3975	1552
296	1552
938	1552
1981	1552
3292	1177
1102	1177
925	1177
1848	1177
4297	2251
3061	2251
1573	723
2958	723
3079	3663
3828	3866
1586	3866
3303	3866
1247	3866
4248	3866
1553	3866
1799	3866
3281	2843
1673	268
4402	268
1126	268
399	268
759	268
2800	268
65	268
4132	268
988	4402
176	4402
2311	4402
1246	4402
1007	4402
3680	4402
206	2830
2724	2830
29	2830
117	2830
1010	2830
1687	2830
311	2830
2525	2830
2183	36
4132	36
3739	244
3135	244
2735	244
869	244
1877	244
115	244
4092	244
1506	244
1126	244
167	244
4297	244
2549	244
26	244
3264	244
2391	244
3261	244
730	244
1785	244
343	244
2637	244
1362	244
1568	244
3862	244
2416	244
965	244
2727	244
1622	244
2504	244
2582	244
3133	3739
2595	3135
1921	3135
2359	284
1734	284
4296	284
1223	284
3975	2735
3230	2735
3139	2735
1530	3444
3037	3444
3501	113
990	113
3230	113
4360	113
3139	113
2525	113
2336	3724
3510	3662
3981	404
197	404
3402	1357
2766	1357
925	1357
1437	1357
2217	1357
3510	1854
3848	1854
1810	1854
2459	1854
2176	1854
4186	1854
2426	1854
4425	1854
534	1854
69	1854
492	1854
2503	1854
1443	1854
2244	1854
4342	1854
4108	1854
2740	2616
1364	3045
847	2586
4296	2359
406	2298
3848	3510
1943	3510
3505	3510
1188	3510
2103	3510
3862	4264
1515	886
3408	886
430	4134
1936	4134
936	4134
3055	4412
2388	2006
1595	2006
246	4253
1784	4253
990	4253
580	4253
993	4253
2958	1993
3211	488
386	3828
2562	3828
1579	3828
1553	3828
2172	976
804	1593
3097	1525
3157	1525
3994	1525
2627	1525
2057	3598
2958	2370
3661	2370
2678	720
2455	720
847	720
847	2678
4327	2449
2007	4397
4427	4397
2096	4397
3994	4397
4064	1660
4427	1660
2096	1660
3930	1660
2499	1660
3061	1660
670	3498
3428	1988
3261	1988
489	1988
4404	1988
2659	3501
1110	3501
2161	3501
4427	3501
1531	3501
1247	3501
746	3501
1678	3501
3936	3501
2551	3501
3910	3501
1445	4017
117	4017
1110	648
1223	648
1268	648
1192	2455
1188	2455
3270	2455
3872	2455
1163	2455
1588	2455
437	2455
650	2455
748	2455
911	2455
1222	2455
1589	2455
1057	4155
3139	4155
1397	4155
1885	1057
2658	999
532	2223
1470	3841
3497	3841
1483	3841
2676	3841
1510	3841
4199	3841
337	751
127	751
1537	2028
2958	2028
3388	385
3611	385
2873	385
401	905
4376	905
4227	905
3400	2669
3497	2702
4152	2702
684	2702
2676	2702
43	23
4226	23
1110	1256
1247	1256
3170	1256
2078	3379
3930	3379
667	3379
3076	3607
558	690
337	327
2250	327
1313	2659
3270	2659
249	48
2724	206
1223	206
4446	206
3348	1849
936	1184
1183	1110
1531	1110
2057	1110
1241	1110
1678	1110
2803	1110
3139	1110
3596	115
3785	115
3230	4148
2525	4148
3222	2007
362	732
2388	3949
2002	4181
8	1348
1556	1348
2503	1348
4327	1348
3233	3476
3975	3476
3491	3476
4248	3476
2150	3476
2362	3476
1313	3476
847	3476
171	358
3512	358
489	358
4130	358
3253	358
1036	358
3975	649
2150	649
3925	649
159	2893
2250	1329
1934	1329
967	1329
4381	2022
3388	3222
955	3222
746	3222
275	3222
988	3222
3497	3222
4152	3222
684	3222
1483	3222
2676	3222
1347	3222
3023	3222
2758	3222
3253	3222
1007	3222
2362	2295
665	2295
731	1192
3230	3099
2172	2005
3292	2005
3475	2005
2176	3185
489	3185
2895	3185
1943	3848
4457	3848
209	3848
4425	3848
534	3848
1102	3848
925	3848
1848	3848
4317	3848
197	3848
1810	1943
518	1943
68	1943
209	1943
2503	1943
2895	3103
4445	3103
670	3103
2740	1810
1112	1810
2755	1810
209	1810
4425	1810
534	1810
65	1810
1102	1810
2714	1810
4317	1810
2884	3505
65	3505
899	969
990	1664
3428	2350
2821	2350
1785	2350
4381	2350
1733	2350
1041	2350
2026	2984
3157	2026
3301	3860
990	2239
2075	2239
2928	2239
171	4064
558	4064
3813	3359
795	3359
558	3359
1964	3359
3139	3359
997	3359
558	1375
3223	3507
2660	3507
3025	3507
296	3507
14	3507
741	3507
846	3507
846	3223
626	3223
1364	3223
846	3209
2920	3209
4288	2589
2052	4288
3139	3030
1223	4117
107	4117
3253	1183
3087	1183
2421	1183
997	872
2812	781
1285	781
3139	781
272	4111
2923	3715
1537	4114
1515	978
458	3348
3037	2064
1785	1742
2133	805
1619	1586
192	3972
1860	3972
2936	3972
1459	3972
3130	174
1223	174
3975	2802
1554	1178
1054	1178
1443	2649
197	2649
318	1106
1970	1106
4309	1784
364	1784
1934	1784
3575	4173
1200	4448
1373	4448
2362	1265
3019	1265
3907	1265
373	1265
1341	1265
2628	1265
3095	1265
65	2365
1556	2365
141	2365
2013	2529
351	2529
2571	2529
3278	430
955	430
240	430
2033	430
1567	430
1200	192
4427	1200
2936	1200
1054	3097
3079	518
2505	679
2104	679
1371	2272
2936	2272
1537	1189
1054	1189
423	1189
2602	1189
197	3867
3019	1860
3236	1860
15	4427
3136	4427
1040	1758
3230	426
365	780
2936	1371
1862	1371
3872	1371
2948	2936
380	1537
61	1537
2710	1537
731	1537
4131	1537
2150	1537
2110	1537
4235	1537
990	1537
2639	1537
1223	1537
1285	1537
1207	1537
5	1537
1774	1537
499	1537
699	1537
1994	1537
2066	1537
4075	1537
1869	1537
3769	2172
1848	1467
465	4256
1331	4256
1221	1332
3796	2293
4092	1573
167	1573
901	1573
3292	1573
2639	1573
3872	1573
1702	1573
3462	1573
4380	1573
2611	1573
901	4092
3872	4092
2528	3388
746	3388
275	3388
3497	3388
4152	3388
684	3388
1926	3388
2676	3388
3139	3388
380	4120
96	4120
3139	2881
2388	3428
3230	3428
811	4309
3647	1734
2528	166
1054	166
395	3865
2302	3865
3079	923
1223	4024
731	2393
3975	3211
2202	3211
3001	3211
1782	3211
4070	3211
568	1206
3136	1206
4265	1206
239	2101
642	266
2311	266
1126	380
1400	380
1173	380
3930	380
1441	380
117	380
1407	380
2937	3851
3542	3851
3157	3851
3139	3851
2226	465
3575	826
209	826
3863	4296
3019	4296
2958	3735
248	3735
2958	1527
4317	1188
1223	1401
3190	1316
2334	1316
1443	3194
558	1932
3975	955
731	955
3004	955
1437	955
2810	2330
4457	2330
1936	2594
2461	2594
3004	1126
3385	1126
3292	2215
3276	2215
2958	407
3292	3769
2383	167
3025	167
3062	167
676	167
779	754
2680	4297
3139	4297
4381	1917
684	2717
1541	2717
3301	3956
4169	3956
4294	3613
4381	224
3261	2149
4058	356
524	356
1387	356
2620	356
524	4058
4378	3392
4248	3392
1530	3392
1816	3392
2734	3392
4406	3392
3285	171
2505	171
2653	171
98	171
3261	171
29	171
3539	171
4025	171
1595	171
753	171
1313	4416
4071	4416
1247	1531
2882	2247
2982	1936
2680	1936
1362	1936
159	61
3139	61
2102	2710
731	4194
988	3512
4152	3512
684	3512
489	3512
1585	3512
3795	3512
14	1921
3139	2459
534	2459
1102	2459
2503	2459
3396	2459
4317	2459
3139	3593
807	2528
3139	2528
4076	2528
2252	3975
2549	3975
26	3975
3264	3975
4423	3975
1400	3975
458	3975
990	3975
795	3975
3596	3975
2281	3975
3079	3975
3001	3975
1869	3975
337	3466
2590	3492
2958	1470
2941	1470
3061	1470
1643	2604
3692	2604
1237	2604
2958	2590
1643	2590
2958	2750
3079	2750
337	1324
990	1324
1623	4163
988	1247
3481	1247
1037	1247
3983	1247
1180	1247
395	1247
4001	1247
2607	1247
762	1247
3400	1247
3037	1247
2044	1247
2721	1247
1065	4123
3230	4123
846	4123
4229	4123
4172	4123
901	731
2505	731
2176	731
489	731
58	731
630	731
2820	731
3845	731
277	731
515	731
1675	731
2787	731
3576	2195
1241	2195
1568	2195
1568	2183
4359	1139
275	746
4138	746
3497	746
4152	746
2676	746
4130	746
423	4359
4152	275
1483	275
3299	275
2503	401
1443	401
1848	401
3382	401
1223	4354
1364	4354
2522	936
1180	936
542	936
557	936
560	936
563	936
596	936
650	936
1039	936
1101	936
1320	936
1575	936
1602	936
1702	936
1848	936
2004	936
2125	936
2722	936
433	3813
2388	3813
4073	4322
2224	8
545	3167
2680	2008
1479	2008
3497	2821
4152	2821
499	2821
558	1546
2657	2958
3497	2958
2748	2958
4389	2958
1541	2958
364	2958
2832	2958
3789	2958
2473	2958
464	2958
2217	2958
1996	2958
2399	2958
2450	2958
2485	2958
2714	2958
2819	2958
2836	2958
2932	2958
3555	2958
3758	2958
3905	2958
147	3267
364	3267
147	313
1670	313
364	313
4381	313
3491	2057
804	2057
2803	2057
2311	2057
3905	2057
451	4013
65	2167
1598	3576
1054	3576
3139	3576
2980	4010
3079	4010
1144	4224
2980	4224
988	3477
2074	3477
2127	3477
1637	3477
3474	3301
2503	2740
988	235
1869	235
630	2310
366	2096
2680	3768
2052	1213
4030	3971
3930	3971
3335	3971
4380	4046
1929	3786
2979	3786
4381	2224
3270	1461
2426	1461
1040	4376
1112	4376
2687	4376
630	4376
1437	4376
362	556
1654	2559
3300	2559
3329	2559
1851	2623
2173	453
362	4131
1732	4131
630	362
1717	362
3619	2657
3051	4101
3907	4101
373	4101
1341	4101
3483	4101
1714	3455
3015	3455
1426	642
1296	642
1528	642
1223	4411
458	901
990	901
3079	901
4133	2509
1598	4169
3139	4169
107	4169
1830	4169
3446	4169
2884	988
2676	988
990	988
4445	988
423	988
1221	988
3343	988
489	3700
3264	2549
147	2549
990	2549
4018	2549
1738	2549
2136	2549
3001	2549
3281	26
2930	26
147	3264
990	3264
4018	3264
1738	3264
2136	3264
3001	3264
2013	1765
2562	1765
1441	1765
4381	1765
1407	1765
1223	4421
558	3285
3446	2941
2923	2059
1387	524
580	524
2620	524
2159	1040
2045	1040
4186	1040
1848	1040
159	4248
3895	1915
1047	1915
545	3709
2676	3709
1180	3709
3087	3709
4152	3497
1483	3497
1926	3497
2676	3497
4130	3497
441	3497
4130	4152
1022	684
2884	684
489	684
2676	684
4130	684
1717	684
1934	684
1383	684
2146	1022
1223	297
1620	297
667	297
1774	3549
1926	1483
2676	1483
3748	2747
4076	2383
3230	1161
1155	1161
847	813
879	813
2677	2505
136	2505
2367	2505
3596	2505
334	2505
1530	2677
2895	2677
3292	1241
1398	1241
109	1241
3292	2202
3079	2202
2367	1530
3157	1530
2872	1530
3478	1530
3276	3292
1528	3292
3139	3292
3741	3292
3815	3292
925	3292
2990	3292
3396	3292
2895	2367
147	4433
364	4433
4325	4433
1409	2810
117	2810
1556	2810
3318	2810
4096	42
1251	2493
1447	1435
4381	2552
593	1447
1136	2120
2208	2391
1373	2328
2895	2176
534	2176
65	2176
1102	2176
2562	386
1579	386
1553	386
1670	386
1054	1261
1981	2150
1039	63
4381	3429
1144	440
2944	440
1223	2855
4367	2855
687	2077
3808	2077
4144	1504
337	1301
2545	1301
1739	337
1362	337
1223	337
191	337
2905	337
3007	337
3137	337
2146	433
3015	433
65	1002
3499	2942
248	1739
29	3863
117	3863
155	3863
3198	3863
423	3863
3079	3863
3318	3863
1521	3863
1341	3863
2628	941
3942	2212
1761	1278
1761	3701
1848	3418
117	98
2944	98
3756	891
45	891
1690	891
4381	3830
3756	1515
3573	1515
807	1515
3573	3756
45	3756
946	3756
2135	3756
3895	3756
807	3573
3657	2600
1690	45
4423	4201
1848	3657
2075	807
2820	807
1223	807
1867	2000
2024	2000
4394	3647
4096	3934
147	1426
364	1426
58	461
568	2548
568	3261
2388	3261
1385	604
811	604
2562	1385
4025	1385
1441	1385
4381	1385
1052	4144
1337	4144
2416	4144
2451	4144
3434	4144
1848	476
3446	931
117	2948
3079	2948
1065	1654
568	1654
3230	1654
3079	1654
846	1654
4229	1654
4172	1654
3751	4423
1620	4423
3079	2573
2174	1065
3079	3734
4221	4147
2426	1112
3741	1112
1848	1112
2714	1112
191	593
324	4190
1717	3611
2426	2755
65	2755
2503	2755
1848	2755
4342	2755
294	367
1903	294
458	3457
2250	3457
3609	3457
3785	3457
3483	3457
627	1913
4231	627
1716	627
3208	627
14	627
4381	1037
568	1144
1054	1144
3958	2175
1412	2175
4360	2175
3037	2175
3157	1398
2013	1398
2208	1398
1412	1398
1637	1398
3157	3408
2013	3408
1400	3408
1412	3408
1366	3408
3157	3751
489	3751
2013	3751
1412	3751
2013	109
2024	109
3958	3157
2013	3157
1412	3157
3037	3157
1512	3157
3007	3157
4406	3157
3230	2051
117	4259
3139	4259
2789	1445
3800	1445
209	68
1807	3398
300	2680
1724	2680
2831	2680
4441	2680
2433	2680
29	2724
4446	2724
1010	2724
1687	2724
2525	2724
4442	1052
1010	29
2525	29
3007	29
4446	4442
1774	4442
1643	545
4446	545
4226	545
2411	2588
4381	2235
3079	3539
423	730
3139	730
196	730
454	730
759	3029
2964	4084
1313	2884
1412	489
3253	489
1036	489
1643	2593
787	2593
2686	1807
4199	1807
1443	2108
2714	2108
2746	3203
1836	248
123	248
1738	248
4076	248
2620	248
3343	248
3409	248
2388	1296
3054	1296
1347	2362
943	2362
3343	2362
3079	2538
1347	568
1643	2360
4076	2360
3850	1520
1054	1520
761	2929
467	3241
2660	628
3544	628
3139	4110
3540	522
1834	2995
1048	2353
1054	727
3643	58
1221	58
3025	2388
928	4040
2771	802
3872	2482
2980	630
2173	630
3782	469
2024	2660
2722	3546
851	3281
2759	3293
3079	3293
1211	3293
558	1048
1039	2731
1400	2074
3136	2074
4381	2074
1223	1729
676	3025
681	343
1670	147
505	147
1031	147
3098	147
3994	4081
283	4081
3499	4081
3954	3994
1092	3994
2275	3954
283	3954
107	3954
283	2275
1830	3499
441	2676
1285	2676
3795	2676
1267	2676
4050	4389
3170	2312
3217	4216
1362	2013
1400	2013
1173	2013
2562	2013
4025	2013
1441	2013
97	2013
1412	2013
1366	2013
107	2013
1407	2013
1400	1362
1173	1362
2562	1362
1441	1362
2154	1362
1366	1362
107	1362
1407	1362
1173	1400
2562	1400
4025	1400
3930	1400
1441	1400
2562	1173
970	1173
1366	1173
1407	1173
584	3004
1925	3004
4381	584
4008	584
4124	584
4375	584
3071	1541
4025	2562
3930	2562
1441	2562
1366	2562
1407	2562
3930	4025
1441	4025
558	4025
3335	4025
1366	4025
997	4025
1407	4025
1702	4025
107	3930
1407	3930
2024	3930
318	1441
1366	1441
107	1441
14	4231
3079	4231
3808	687
2125	97
2402	97
2630	4050
14	1716
804	2208
4381	1802
990	458
243	458
2424	458
3596	990
1427	990
2136	990
107	990
3001	990
243	990
2399	990
2424	990
3478	990
1869	990
851	580
558	2250
1934	2250
967	2250
558	2639
2327	1568
3883	1568
1273	833
1987	1273
300	1412
1848	176
191	2564
670	2895
519	2895
794	2895
1847	2895
4394	2895
423	1570
2944	117
3741	117
1473	117
3318	117
25	117
506	117
626	117
2944	1069
1341	2944
3591	2944
670	4445
1643	3076
3230	1347
1554	1347
3139	1347
997	1347
2820	3230
2416	3230
4076	3230
2515	3230
4009	3230
2504	3230
655	1223
4291	1223
295	1223
353	1223
499	1223
925	1223
1056	1223
1221	1223
1373	1223
1815	1223
3699	1223
4055	1223
4065	1223
4119	1223
4406	1223
323	2457
209	4457
69	4457
2503	4457
1443	4457
3485	4457
2582	4457
1285	2146
1738	2146
1717	2146
1782	2146
339	123
667	123
3294	239
3170	239
1054	1554
1054	3606
3170	2692
3208	558
3317	558
3552	558
1557	3895
1834	1557
14	3805
365	1699
1925	3335
1869	3596
515	4141
1643	1180
4446	1180
3552	1180
847	1313
3270	1313
1688	1313
3270	3748
4070	3748
16	2766
348	2766
2503	2766
423	4446
3139	4446
3061	4446
3799	4446
1556	2281
1869	2281
610	616
1743	4073
3198	4073
3741	4073
3434	1054
3872	1054
3247	1054
4133	395
2302	395
2620	395
1349	395
3079	2759
4437	2759
1683	2759
2525	2416
3139	2451
3079	2451
3506	965
1922	847
423	3270
1688	3270
2879	3270
3506	40
423	40
1556	40
3019	2980
1970	3426
4289	3198
3170	1249
879	1553
1717	1285
1934	2783
364	1670
3434	1670
505	364
1031	364
3434	364
3098	364
3434	505
3139	2803
406	2832
1981	159
4381	4346
1717	428
2988	3434
3018	3434
1981	4289
1981	3310
3139	1999
4394	3579
1556	3224
811	3200
2341	1995
3079	3872
2346	3872
1397	3872
2411	3872
423	3019
3907	3019
534	2426
1102	2426
492	2426
925	2426
1848	2426
1869	1331
1010	423
4206	423
2633	423
506	423
2499	423
2734	423
3478	423
1595	4381
4367	4381
75	4381
775	4381
799	4381
896	4381
1624	4381
1751	4381
1816	4381
1850	4381
1851	4381
2230	4381
2889	4381
2964	4381
3169	4381
3409	4381
3774	4381
3900	4381
1341	4381
4294	2341
1717	2341
3400	2311
1934	811
1687	1010
879	1010
2525	1010
479	3106
318	3106
318	479
318	4129
2226	3015
534	209
2503	209
1443	209
1944	3139
2461	3139
2480	3139
2515	3139
693	3139
4008	3139
2793	3139
1354	3139
1636	3139
1945	3139
2011	3139
3446	3139
3343	3139
2504	3139
2628	3139
1102	4291
4317	4291
3591	207
763	1163
1473	3741
3318	3741
1233	2602
149	291
3170	14
392	4425
2503	4425
1443	4425
65	4037
365	3336
878	365
2012	2773
231	534
678	534
925	534
2503	534
4342	534
4317	534
1558	3071
1620	992
43	1237
1341	1237
112	3400
2410	3400
4282	1620
2503	681
66	65
1892	65
3382	65
1979	2652
2415	107
799	2415
997	3253
4277	997
1636	3037
3815	1556
3318	1556
1437	1556
1521	1556
3612	1556
4049	1556
3095	1556
753	879
1502	3876
3079	4076
70	3079
692	3079
699	3079
706	3079
1994	3079
2722	3079
3063	3079
3093	3079
3436	3079
4109	3079
4375	3079
1938	2727
2922	234
761	4153
1521	3907
1762	3907
3612	3907
2628	3907
3483	3907
3318	1473
2873	4437
2194	2633
726	2633
726	2194
1364	846
2920	846
141	2988
4363	3599
3095	3001
2503	2334
2503	1102
4008	4009
4043	4008
3170	5
541	41
334	3098
1721	2158
4317	66
1443	69
1639	70
519	124
2228	153
4422	314
3028	448
3240	467
4363	492
3718	492
1749	519
1751	519
2067	519
1601	541
1798	576
3529	576
4420	702
3095	712
1056	721
1575	748
1521	763
1547	763
4363	787
1305	794
1080	896
2503	925
2244	925
4108	944
3239	949
2868	1039
2990	1056
3170	1120
1848	2503
2714	2503
4317	2503
1848	1437
4317	1443
1547	1521
1938	1521
4189	1521
373	1521
1341	1521
2628	1521
3483	1521
3095	1521
3612	1547
4189	1547
373	1547
1341	1547
2628	1547
3483	1547
3095	1547
2990	1594
4342	1594
2990	1606
3176	1642
1830	1816
2630	1827
4342	1848
4317	1848
1589	1848
2043	1872
3667	1872
2923	1882
3612	1938
3609	1987
3485	2012
3446	3612
4342	3612
373	3612
1341	3612
2628	3612
3483	3612
3095	3612
3842	2040
4088	2040
2833	2133
2714	3446
1589	2228
1869	2399
2478	2440
3061	2525
2504	2525
3478	2499
3503	2499
3737	2634
4342	2714
3176	2721
3236	2732
1869	2788
3210	2836
4342	2990
4436	3087
4282	3192
1397	3287
3782	1397
3609	3414
3447	3436
4317	4342
3483	2628
