1	367
1	369
1	641
1	651
1	883
1	1037
1	1063
1	1964
1	2019
1	2585
7	49
7	381
7	1273
7	2724
9	49
9	330
9	355
9	585
9	1309
9	2476
11	477
11	1527
12	293
12	651
12	654
12	1055
12	1115
12	1152
12	1289
12	1309
12	2648
15	2470
16	485
16	2753
27	1258
27	1589
27	2290
27	2648
29	1772
31	477
31	985
34	357
35	2212
41	441
44	1064
47	159
47	306
47	2575
49	333
49	477
49	486
49	519
49	572
49	735
49	806
49	834
49	865
49	959
49	1021
49	1124
49	1136
49	1152
49	1155
49	1195
49	1251
49	1309
49	1351
49	1352
49	1358
49	1374
49	1377
49	1535
49	1702
49	1708
49	1772
49	1863
49	1905
49	1963
49	2008
49	2108
49	2228
49	2356
49	2433
49	2484
49	2579
49	2733
53	1817
53	1902
53	2490
53	2579
58	2027
59	1347
62	930
62	1902
62	2038
63	1152
64	390
64	788
65	460
65	788
65	1416
65	2730
67	987
67	1397
67	1826
67	2787
69	954
69	1152
72	1923
72	2205
73	205
73	1988
73	2458
79	302
79	887
92	774
92	1965
92	2369
99	486
99	510
99	654
99	1005
99	1035
99	1064
99	1786
99	2648
102	1708
102	1818
109	654
109	1079
109	1142
109	1738
110	1430
110	2207
112	1421
122	279
122	1775
130	641
131	751
131	1124
131	2225
137	486
141	233
141	320
141	439
141	510
141	641
141	654
141	939
141	954
141	1070
141	1309
141	1641
141	1872
141	2116
141	2331
141	2553
141	2618
141	2728
147	381
147	673
147	2757
149	1074
156	985
160	1686
160	2396
162	654
166	1250
176	279
176	485
176	1796
176	1961
176	2098
178	954
179	477
179	651
187	705
187	1063
192	1924
204	395
204	1038
204	1421
205	805
205	1079
205	1089
205	1338
205	1610
205	1643
205	2347
205	2476
213	611
213	806
213	921
213	1064
213	1070
213	1089
213	1729
213	2030
213	2495
214	2775
217	939
217	1893
218	651
218	657
218	838
218	959
218	1723
218	2395
218	2643
218	2705
222	586
222	616
222	652
222	2590
222	2730
223	1336
223	2202
223	2598
227	449
229	2476
231	568
231	654
231	740
231	1352
231	1938
233	333
233	345
233	508
233	1083
233	1174
233	1269
233	1476
233	2105
233	2310
233	2470
234	568
234	806
234	2317
252	384
253	485
254	395
255	2678
257	651
257	654
257	1567
257	2081
257	2733
258	651
258	654
258	1377
258	2393
258	2505
258	2618
258	2650
259	477
262	2540
266	657
266	959
266	2395
266	2705
268	601
268	654
268	735
268	906
268	1916
277	2019
279	1805
280	838
284	1702
284	2711
293	651
293	654
293	883
293	913
293	939
293	1005
293	1021
293	1055
293	1309
293	1376
293	1455
293	1528
293	1798
293	2015
293	2067
293	2370
293	2432
293	2703
293	2752
294	395
294	2116
297	358
297	1115
297	1708
301	477
302	485
302	654
308	987
311	1686
311	2151
311	2579
311	2761
313	568
313	2753
315	1953
315	2335
320	1816
320	2309
321	805
321	2476
324	611
324	1729
330	508
330	641
330	673
330	2373
333	1374
333	1874
333	2470
344	673
345	1351
345	1791
349	1239
353	838
353	1745
354	2700
354	2787
355	421
355	673
355	987
355	1049
355	2577
355	2650
355	2680
355	2730
355	2733
355	2740
357	488
357	586
357	604
357	689
357	1200
357	1352
357	1514
357	1523
357	1715
357	1894
357	2575
357	2724
358	572
358	838
367	788
367	892
367	1159
367	1258
367	1540
367	1678
368	1374
368	2718
369	1965
372	2442
373	1528
373	1826
373	1932
381	1631
382	1076
382	1991
390	601
390	939
390	1095
390	1209
390	1406
390	1916
390	2505
392	713
392	987
392	1560
395	429
395	439
395	623
395	824
395	883
395	1038
395	1064
395	1236
395	1241
395	1614
395	1863
395	1868
395	1944
397	426
400	641
400	775
400	996
400	1608
400	1654
400	1747
400	1818
400	2056
400	2577
400	2648
400	2699
407	522
407	838
407	1055
407	1583
415	735
415	1055
415	1733
428	996
428	1646
429	740
429	774
429	1038
429	1070
429	1786
429	2105
429	2225
429	2264
429	2709
432	1905
439	477
439	536
439	586
439	887
439	1064
439	1307
439	1734
439	1817
439	2108
439	2116
439	2386
439	2432
445	488
452	651
452	828
452	850
452	987
456	2668
458	1634
460	1893
463	694
463	838
463	850
463	2131
463	2309
463	2347
464	2225
468	698
468	935
468	2643
477	515
477	570
477	622
477	684
477	868
477	903
477	987
477	1021
477	1136
477	1214
477	1258
477	1309
477	1358
477	1497
477	1507
477	1561
477	1647
477	1691
477	1701
477	1918
477	2046
477	2387
477	2469
477	2505
477	2554
477	2710
477	2771
482	2488
485	1636
485	1689
485	1961
485	2098
485	2470
486	572
486	603
486	1916
486	1965
486	2228
490	1561
492	2046
497	2313
498	751
499	1064
500	641
500	673
500	883
500	1239
500	2745
503	1226
503	1534
507	1220
507	2634
507	2731
508	1028
508	1613
508	1874
509	1527
510	654
510	883
510	887
510	892
510	1380
510	1764
510	1791
510	1847
510	2023
510	2038
510	2588
515	2453
516	1916
516	2313
516	2598
517	1448
522	1079
522	2347
524	651
524	1351
524	1535
524	1654
524	2348
524	2648
526	1641
527	590
527	673
527	1256
527	2116
531	641
531	788
531	906
531	1542
532	1035
532	1711
534	803
536	806
536	1309
536	1380
536	1517
536	2023
536	2445
537	601
537	626
537	838
537	910
537	959
537	1099
537	1119
537	1241
537	1522
537	1643
537	1701
537	1749
537	1772
537	1801
537	2178
537	2302
537	2332
537	2526
537	2672
537	2740
538	572
538	2228
558	1456
559	2116
568	654
568	1562
568	2588
568	2598
572	860
572	1356
572	1600
572	1739
572	1747
572	1872
572	2228
572	2353
575	883
575	1005
575	2116
585	1447
586	1387
586	2353
593	788
593	1718
593	1924
601	654
601	732
601	1115
601	2563
601	2648
603	776
603	883
603	1155
603	1313
603	1708
603	2116
603	2228
603	2689
604	883
607	887
607	1085
607	1747
607	1752
607	2237
611	806
611	921
611	939
611	1064
611	1729
616	774
616	1026
616	2590
616	2730
620	661
620	2019
622	1273
622	1456
622	2382
623	1038
625	851
625	1055
625	1374
625	1737
625	1938
625	2264
626	979
626	1063
627	2579
636	883
637	865
637	1195
637	2718
641	673
641	883
641	930
641	1153
641	1239
641	1309
641	1586
641	1892
641	2150
641	2234
641	2432
641	2461
641	2526
641	2729
641	2757
644	865
651	661
651	815
651	865
651	883
651	892
651	959
651	984
651	987
651	1021
651	1155
651	1195
651	1232
651	1251
651	1322
651	1326
651	1340
651	1351
651	1398
651	1422
651	1455
651	1459
651	1523
651	1535
651	1567
651	1634
651	1708
651	1737
651	1775
651	1847
651	1874
651	1902
651	1905
651	1916
651	1958
651	2001
651	2152
651	2154
651	2449
651	2492
651	2579
651	2680
651	2729
652	2730
654	774
654	821
654	824
654	838
654	883
654	892
654	939
654	1021
654	1037
654	1055
654	1124
654	1154
654	1195
654	1211
654	1232
654	1255
654	1270
654	1309
654	1351
654	1376
654	1505
654	1528
654	1534
654	1576
654	1577
654	1578
654	1613
654	1628
654	1658
654	1674
654	1704
654	1798
654	1820
654	1916
654	1995
654	2015
654	2019
654	2067
654	2116
654	2149
654	2169
654	2432
654	2449
654	2469
654	2484
654	2490
654	2680
654	2703
654	2752
657	959
657	2395
657	2579
657	2705
661	2019
673	883
673	930
673	1064
673	1239
673	1518
673	1586
673	1892
673	2461
673	2526
673	2757
684	1021
684	1224
694	824
697	901
698	2757
700	1780
702	1055
702	1610
702	2583
705	740
705	1155
705	1535
705	1818
707	1490
712	1847
713	740
713	818
713	906
713	932
713	1309
713	1589
713	2490
719	2724
722	2116
725	1553
725	1884
725	2172
727	2216
735	838
735	906
735	1142
740	921
740	1309
740	1464
740	1545
740	1805
740	1938
740	2356
740	2545
740	2579
740	2786
745	1374
745	2470
751	841
751	1064
751	1818
751	1924
751	1965
751	2577
751	2579
754	2225
770	1953
774	1070
774	1250
774	1398
774	1472
774	1604
774	1902
774	2225
782	1309
782	1613
786	2225
788	1351
788	1805
788	1958
788	2067
803	1613
805	903
805	1079
805	2347
805	2476
806	1654
806	2024
810	1421
815	987
815	1397
815	1788
815	2207
815	2787
821	1211
821	1376
821	2104
821	2469
821	2757
824	1089
828	1820
828	2447
830	1079
831	1060
831	2402
838	1089
838	1678
838	1769
838	2588
838	2724
840	1858
844	1578
850	888
850	1815
850	2015
850	2317
850	2510
852	2081
852	2505
860	1421
860	2228
865	1195
865	1322
865	1374
866	1035
873	1948
877	1583
877	1913
879	1604
883	930
883	1055
883	1239
883	1476
883	1525
883	1586
883	1747
883	1892
883	1938
883	2461
883	2484
883	2526
883	2699
883	2757
887	1404
887	1645
887	1668
887	1817
887	1930
887	1969
887	2332
888	2792
889	1055
889	2202
892	1063
892	1166
892	1459
892	1567
892	1858
892	2302
892	2395
892	2423
896	1551
901	1168
901	1206
903	1079
903	1338
903	2347
903	2476
906	1309
906	1805
906	1820
906	2105
908	930
909	2154
910	1201
913	2113
913	2149
921	1064
921	1704
921	1729
921	2030
930	974
930	1153
930	1160
930	1239
930	1309
930	1586
930	1892
930	2461
930	2526
930	2649
930	2757
932	1309
933	2116
938	959
938	1309
938	2395
938	2705
939	1095
939	1406
939	1489
939	1916
939	2505
941	1858
941	1891
941	2149
954	1211
954	1241
954	1380
954	1763
954	1813
954	2106
954	2698
957	1786
959	1723
959	2395
959	2705
961	1938
971	1798
974	2225
981	2674
985	2331
987	1055
987	1155
987	1397
987	1535
987	2207
987	2225
987	2649
996	1270
996	2046
996	2116
1012	1309
1021	1055
1021	1737
1021	2165
1021	2232
1021	2370
1024	1654
1026	2730
1029	2059
1033	1484
1035	2397
1037	1055
1037	1654
1037	2015
1037	2585
1038	1209
1038	1241
1040	2108
1049	2594
1055	1115
1055	1583
1055	1658
1055	1733
1055	1991
1055	2015
1055	2254
1055	2419
1055	2449
1059	1226
1060	1215
1060	1252
1060	2402
1060	2442
1060	2633
1063	1654
1063	1941
1063	2001
1063	2111
1063	2307
1063	2625
1063	2702
1064	1065
1064	1096
1064	1435
1064	1686
1064	1716
1064	1729
1064	1817
1064	1878
1064	2023
1064	2030
1064	2170
1064	2216
1064	2470
1070	1847
1074	1902
1074	2469
1074	2577
1074	2752
1076	1991
1076	2402
1079	1289
1079	1307
1079	1338
1079	1610
1079	1650
1079	1662
1079	2347
1079	2476
1081	2001
1082	2227
1082	2322
1085	1107
1085	1752
1085	1861
1085	2237
1089	1567
1094	1255
1095	2505
1098	2386
1103	1755
1104	1351
1104	1358
1109	1938
1115	1654
1115	1938
1120	1505
1120	2471
1124	1138
1124	1322
1124	1965
1124	2681
1136	1422
1136	1561
1136	2540
1136	2724
1149	1704
1149	2461
1155	1309
1155	1351
1155	1788
1155	2006
1155	2046
1155	2111
1159	1894
1165	2470
1168	2792
1168	2795
1173	2476
1174	2698
1179	2324
1188	1612
1188	1708
1195	1374
1195	2718
1204	2490
1211	1309
1214	2001
1218	2113
1218	2654
1224	1747
1226	1534
1239	1304
1239	1586
1239	1892
1239	2461
1239	2526
1239	2757
1239	2777
1251	1916
1255	1417
1255	1965
1255	2432
1255	2678
1256	1776
1258	1311
1258	1995
1258	2006
1258	2108
1258	2484
1258	2579
1258	2674
1260	1455
1260	1902
1269	1351
1269	2752
1270	2170
1273	1988
1273	2264
1273	2370
1273	2382
1289	1817
1289	2347
1292	1965
1296	1364
1304	1612
1306	1817
1307	2034
1309	1344
1309	1376
1309	1482
1309	1527
1309	1567
1309	1612
1309	1614
1309	2105
1309	2170
1309	2302
1309	2356
1309	2402
1309	2423
1313	1487
1314	2228
1325	1711
1330	2108
1332	1534
1334	2476
1336	2579
1338	1449
1338	2347
1338	2476
1339	1817
1339	2205
1340	1582
1342	2295
1342	2505
1344	1874
1344	2490
1351	1654
1351	1686
1351	1718
1351	1818
1351	1905
1351	1924
1351	1991
1351	2111
1351	2200
1351	2331
1351	2496
1352	1858
1352	2624
1358	1818
1358	2008
1358	2733
1362	2467
1371	2302
1372	1847
1374	2470
1374	2718
1375	1990
1376	1430
1376	2494
1377	1597
1377	2646
1385	2302
1391	1612
1397	2191
1397	2207
1398	1476
1400	1583
1403	1817
1404	1817
1404	2476
1404	2724
1406	1916
1406	2505
1409	2654
1417	1826
1417	2678
1421	1616
1421	1647
1421	1739
1422	1817
1422	2540
1422	2724
1430	1739
1431	2698
1440	2646
1447	2598
1449	1821
1451	2505
1455	2113
1455	2658
1455	2698
1458	2476
1459	2038
1459	2666
1465	2753
1471	2001
1476	2116
1489	2496
1492	1567
1493	2580
1494	2001
1525	2359
1525	2517
1525	2752
1527	1540
1527	2598
1528	1826
1528	1932
1528	2109
1528	2791
1535	1654
1535	1737
1535	2111
1539	2149
1540	1805
1547	1634
1550	2579
1553	1863
1553	1884
1560	1605
1561	2724
1565	2058
1567	1654
1567	2074
1568	2432
1577	2004
1577	2024
1578	2027
1583	2205
1583	2466
1586	2461
1586	2757
1587	2302
1587	2579
1596	1805
1605	2225
1608	1654
1610	2347
1612	2126
1612	2252
1612	2270
1612	2302
1612	2680
1612	2799
1613	2113
1614	1863
1614	1969
1624	2147
1628	1847
1628	2225
1645	1817
1646	2752
1654	1708
1654	2046
1654	2225
1654	2729
1666	2269
1668	2297
1670	2057
1678	2081
1678	2225
1686	2267
1691	1791
1691	1805
1691	2205
1693	1938
1697	1711
1701	2719
1702	2307
1704	1772
1704	1799
1704	2315
1704	2433
1704	2470
1704	2644
1708	2648
1711	1776
1711	2219
1712	2309
1715	2056
1715	2724
1718	1791
1718	1805
1721	2067
1723	2395
1729	2139
1730	2470
1737	1818
1749	1805
1749	2356
1749	2579
1751	2001
1752	2237
1752	2698
1755	2610
1771	1817
1772	2029
1779	2113
1779	2131
1785	2594
1786	2225
1788	2313
1788	2348
1791	2648
1798	2169
1801	2081
1801	2770
1804	1817
1805	1924
1806	2001
1816	2476
1817	1909
1817	2116
1817	2476
1818	1938
1820	2001
1822	2485
1826	2207
1826	2753
1826	2787
1826	2791
1847	2019
1847	2149
1847	2303
1851	2386
1851	2490
1853	2119
1858	2691
1858	2786
1861	2237
1862	2238
1867	1941
1874	2290
1884	2172
1891	2225
1893	2731
1897	2666
1902	2119
1902	2466
1902	2648
1902	2740
1903	2116
1911	2579
1916	2228
1916	2432
1916	2505
1918	2545
1930	2234
1932	2791
1934	2001
1934	2545
1938	2466
1938	2568
1938	2740
1946	2432
1948	2355
1953	2469
1958	1965
1961	2098
1961	2324
1962	2698
1965	2356
1965	2700
1965	2785
1969	2152
1991	2015
1998	2147
2001	2019
2001	2126
2001	2149
2001	2598
2008	2579
2008	2719
2015	2386
2022	2494
2023	2432
2024	2448
2027	2470
2038	2666
2046	2598
2056	2169
2057	2058
2059	2105
2067	2703
2069	2104
2074	2753
2076	2644
2092	2116
2104	2648
2105	2423
2105	2711
2111	2598
2111	2689
2113	2468
2113	2749
2116	2232
2116	2317
2122	2461
2131	2447
2149	2294
2149	2575
2152	2790
2174	2212
2190	2540
2191	2396
2191	2494
2200	2322
2207	2579
2207	2787
2216	2347
2216	2598
2225	2698
2234	2505
2260	2432
2264	2786
2267	2476
2282	2302
2295	2505
2302	2453
2307	2698
2322	2698
2331	2407
2347	2476
2353	2467
2378	2664
2395	2705
2402	2442
2402	2557
2432	2672
2433	2579
2433	2648
2438	2579
2442	2598
2449	2729
2461	2757
2475	2724
2476	2482
2476	2752
2505	2557
2526	2757
2540	2724
2579	2598
2590	2730
2594	2688
2632	2689
2681	2700
2690	2705
2698	2770
2719	2733
2724	2747
2729	2733
2730	2733
2787	2791
367	1
369	1
641	1
651	1
883	1
1037	1
1063	1
1964	1
2019	1
2585	1
49	7
381	7
1273	7
2724	7
49	9
330	9
355	9
585	9
1309	9
2476	9
477	11
1527	11
293	12
651	12
654	12
1055	12
1115	12
1152	12
1289	12
1309	12
2648	12
2470	15
485	16
2753	16
1258	27
1589	27
2290	27
2648	27
1772	29
477	31
985	31
357	34
2212	35
441	41
1064	44
159	47
306	47
2575	47
333	49
477	49
486	49
519	49
572	49
735	49
806	49
834	49
865	49
959	49
1021	49
1124	49
1136	49
1152	49
1155	49
1195	49
1251	49
1309	49
1351	49
1352	49
1358	49
1374	49
1377	49
1535	49
1702	49
1708	49
1772	49
1863	49
1905	49
1963	49
2008	49
2108	49
2228	49
2356	49
2433	49
2484	49
2579	49
2733	49
1817	53
1902	53
2490	53
2579	53
2027	58
1347	59
930	62
1902	62
2038	62
1152	63
390	64
788	64
460	65
788	65
1416	65
2730	65
987	67
1397	67
1826	67
2787	67
954	69
1152	69
1923	72
2205	72
205	73
1988	73
2458	73
302	79
887	79
774	92
1965	92
2369	92
486	99
510	99
654	99
1005	99
1035	99
1064	99
1786	99
2648	99
1708	102
1818	102
654	109
1079	109
1142	109
1738	109
1430	110
2207	110
1421	112
279	122
1775	122
641	130
751	131
1124	131
2225	131
486	137
233	141
320	141
439	141
510	141
641	141
654	141
939	141
954	141
1070	141
1309	141
1641	141
1872	141
2116	141
2331	141
2553	141
2618	141
2728	141
381	147
673	147
2757	147
1074	149
985	156
1686	160
2396	160
654	162
1250	166
279	176
485	176
1796	176
1961	176
2098	176
954	178
477	179
651	179
705	187
1063	187
1924	192
395	204
1038	204
1421	204
805	205
1079	205
1089	205
1338	205
1610	205
1643	205
2347	205
2476	205
611	213
806	213
921	213
1064	213
1070	213
1089	213
1729	213
2030	213
2495	213
2775	214
939	217
1893	217
651	218
657	218
838	218
959	218
1723	218
2395	218
2643	218
2705	218
586	222
616	222
652	222
2590	222
2730	222
1336	223
2202	223
2598	223
449	227
2476	229
568	231
654	231
740	231
1352	231
1938	231
333	233
345	233
508	233
1083	233
1174	233
1269	233
1476	233
2105	233
2310	233
2470	233
568	234
806	234
2317	234
384	252
485	253
395	254
2678	255
651	257
654	257
1567	257
2081	257
2733	257
651	258
654	258
1377	258
2393	258
2505	258
2618	258
2650	258
477	259
2540	262
657	266
959	266
2395	266
2705	266
601	268
654	268
735	268
906	268
1916	268
2019	277
1805	279
838	280
1702	284
2711	284
651	293
654	293
883	293
913	293
939	293
1005	293
1021	293
1055	293
1309	293
1376	293
1455	293
1528	293
1798	293
2015	293
2067	293
2370	293
2432	293
2703	293
2752	293
395	294
2116	294
358	297
1115	297
1708	297
477	301
485	302
654	302
987	308
1686	311
2151	311
2579	311
2761	311
568	313
2753	313
1953	315
2335	315
1816	320
2309	320
805	321
2476	321
611	324
1729	324
508	330
641	330
673	330
2373	330
1374	333
1874	333
2470	333
673	344
1351	345
1791	345
1239	349
838	353
1745	353
2700	354
2787	354
421	355
673	355
987	355
1049	355
2577	355
2650	355
2680	355
2730	355
2733	355
2740	355
488	357
586	357
604	357
689	357
1200	357
1352	357
1514	357
1523	357
1715	357
1894	357
2575	357
2724	357
572	358
838	358
788	367
892	367
1159	367
1258	367
1540	367
1678	367
1374	368
2718	368
1965	369
2442	372
1528	373
1826	373
1932	373
1631	381
1076	382
1991	382
601	390
939	390
1095	390
1209	390
1406	390
1916	390
2505	390
713	392
987	392
1560	392
429	395
439	395
623	395
824	395
883	395
1038	395
1064	395
1236	395
1241	395
1614	395
1863	395
1868	395
1944	395
426	397
641	400
775	400
996	400
1608	400
1654	400
1747	400
1818	400
2056	400
2577	400
2648	400
2699	400
522	407
838	407
1055	407
1583	407
735	415
1055	415
1733	415
996	428
1646	428
740	429
774	429
1038	429
1070	429
1786	429
2105	429
2225	429
2264	429
2709	429
1905	432
477	439
536	439
586	439
887	439
1064	439
1307	439
1734	439
1817	439
2108	439
2116	439
2386	439
2432	439
488	445
651	452
828	452
850	452
987	452
2668	456
1634	458
1893	460
694	463
838	463
850	463
2131	463
2309	463
2347	463
2225	464
698	468
935	468
2643	468
515	477
570	477
622	477
684	477
868	477
903	477
987	477
1021	477
1136	477
1214	477
1258	477
1309	477
1358	477
1497	477
1507	477
1561	477
1647	477
1691	477
1701	477
1918	477
2046	477
2387	477
2469	477
2505	477
2554	477
2710	477
2771	477
2488	482
1636	485
1689	485
1961	485
2098	485
2470	485
572	486
603	486
1916	486
1965	486
2228	486
1561	490
2046	492
2313	497
751	498
1064	499
641	500
673	500
883	500
1239	500
2745	500
1226	503
1534	503
1220	507
2634	507
2731	507
1028	508
1613	508
1874	508
1527	509
654	510
883	510
887	510
892	510
1380	510
1764	510
1791	510
1847	510
2023	510
2038	510
2588	510
2453	515
1916	516
2313	516
2598	516
1448	517
1079	522
2347	522
651	524
1351	524
1535	524
1654	524
2348	524
2648	524
1641	526
590	527
673	527
1256	527
2116	527
641	531
788	531
906	531
1542	531
1035	532
1711	532
803	534
806	536
1309	536
1380	536
1517	536
2023	536
2445	536
601	537
626	537
838	537
910	537
959	537
1099	537
1119	537
1241	537
1522	537
1643	537
1701	537
1749	537
1772	537
1801	537
2178	537
2302	537
2332	537
2526	537
2672	537
2740	537
572	538
2228	538
1456	558
2116	559
654	568
1562	568
2588	568
2598	568
860	572
1356	572
1600	572
1739	572
1747	572
1872	572
2228	572
2353	572
883	575
1005	575
2116	575
1447	585
1387	586
2353	586
788	593
1718	593
1924	593
654	601
732	601
1115	601
2563	601
2648	601
776	603
883	603
1155	603
1313	603
1708	603
2116	603
2228	603
2689	603
883	604
887	607
1085	607
1747	607
1752	607
2237	607
806	611
921	611
939	611
1064	611
1729	611
774	616
1026	616
2590	616
2730	616
661	620
2019	620
1273	622
1456	622
2382	622
1038	623
851	625
1055	625
1374	625
1737	625
1938	625
2264	625
979	626
1063	626
2579	627
883	636
865	637
1195	637
2718	637
673	641
883	641
930	641
1153	641
1239	641
1309	641
1586	641
1892	641
2150	641
2234	641
2432	641
2461	641
2526	641
2729	641
2757	641
865	644
661	651
815	651
865	651
883	651
892	651
959	651
984	651
987	651
1021	651
1155	651
1195	651
1232	651
1251	651
1322	651
1326	651
1340	651
1351	651
1398	651
1422	651
1455	651
1459	651
1523	651
1535	651
1567	651
1634	651
1708	651
1737	651
1775	651
1847	651
1874	651
1902	651
1905	651
1916	651
1958	651
2001	651
2152	651
2154	651
2449	651
2492	651
2579	651
2680	651
2729	651
2730	652
774	654
821	654
824	654
838	654
883	654
892	654
939	654
1021	654
1037	654
1055	654
1124	654
1154	654
1195	654
1211	654
1232	654
1255	654
1270	654
1309	654
1351	654
1376	654
1505	654
1528	654
1534	654
1576	654
1577	654
1578	654
1613	654
1628	654
1658	654
1674	654
1704	654
1798	654
1820	654
1916	654
1995	654
2015	654
2019	654
2067	654
2116	654
2149	654
2169	654
2432	654
2449	654
2469	654
2484	654
2490	654
2680	654
2703	654
2752	654
959	657
2395	657
2579	657
2705	657
2019	661
883	673
930	673
1064	673
1239	673
1518	673
1586	673
1892	673
2461	673
2526	673
2757	673
1021	684
1224	684
824	694
901	697
2757	698
1780	700
1055	702
1610	702
2583	702
740	705
1155	705
1535	705
1818	705
1490	707
1847	712
740	713
818	713
906	713
932	713
1309	713
1589	713
2490	713
2724	719
2116	722
1553	725
1884	725
2172	725
2216	727
838	735
906	735
1142	735
921	740
1309	740
1464	740
1545	740
1805	740
1938	740
2356	740
2545	740
2579	740
2786	740
1374	745
2470	745
841	751
1064	751
1818	751
1924	751
1965	751
2577	751
2579	751
2225	754
1953	770
1070	774
1250	774
1398	774
1472	774
1604	774
1902	774
2225	774
1309	782
1613	782
2225	786
1351	788
1805	788
1958	788
2067	788
1613	803
903	805
1079	805
2347	805
2476	805
1654	806
2024	806
1421	810
987	815
1397	815
1788	815
2207	815
2787	815
1211	821
1376	821
2104	821
2469	821
2757	821
1089	824
1820	828
2447	828
1079	830
1060	831
2402	831
1089	838
1678	838
1769	838
2588	838
2724	838
1858	840
1578	844
888	850
1815	850
2015	850
2317	850
2510	850
2081	852
2505	852
1421	860
2228	860
1195	865
1322	865
1374	865
1035	866
1948	873
1583	877
1913	877
1604	879
930	883
1055	883
1239	883
1476	883
1525	883
1586	883
1747	883
1892	883
1938	883
2461	883
2484	883
2526	883
2699	883
2757	883
1404	887
1645	887
1668	887
1817	887
1930	887
1969	887
2332	887
2792	888
1055	889
2202	889
1063	892
1166	892
1459	892
1567	892
1858	892
2302	892
2395	892
2423	892
1551	896
1168	901
1206	901
1079	903
1338	903
2347	903
2476	903
1309	906
1805	906
1820	906
2105	906
930	908
2154	909
1201	910
2113	913
2149	913
1064	921
1704	921
1729	921
2030	921
974	930
1153	930
1160	930
1239	930
1309	930
1586	930
1892	930
2461	930
2526	930
2649	930
2757	930
1309	932
2116	933
959	938
1309	938
2395	938
2705	938
1095	939
1406	939
1489	939
1916	939
2505	939
1858	941
1891	941
2149	941
1211	954
1241	954
1380	954
1763	954
1813	954
2106	954
2698	954
1786	957
1723	959
2395	959
2705	959
1938	961
1798	971
2225	974
2674	981
2331	985
1055	987
1155	987
1397	987
1535	987
2207	987
2225	987
2649	987
1270	996
2046	996
2116	996
1309	1012
1055	1021
1737	1021
2165	1021
2232	1021
2370	1021
1654	1024
2730	1026
2059	1029
1484	1033
2397	1035
1055	1037
1654	1037
2015	1037
2585	1037
1209	1038
1241	1038
2108	1040
2594	1049
1115	1055
1583	1055
1658	1055
1733	1055
1991	1055
2015	1055
2254	1055
2419	1055
2449	1055
1226	1059
1215	1060
1252	1060
2402	1060
2442	1060
2633	1060
1654	1063
1941	1063
2001	1063
2111	1063
2307	1063
2625	1063
2702	1063
1065	1064
1096	1064
1435	1064
1686	1064
1716	1064
1729	1064
1817	1064
1878	1064
2023	1064
2030	1064
2170	1064
2216	1064
2470	1064
1847	1070
1902	1074
2469	1074
2577	1074
2752	1074
1991	1076
2402	1076
1289	1079
1307	1079
1338	1079
1610	1079
1650	1079
1662	1079
2347	1079
2476	1079
2001	1081
2227	1082
2322	1082
1107	1085
1752	1085
1861	1085
2237	1085
1567	1089
1255	1094
2505	1095
2386	1098
1755	1103
1351	1104
1358	1104
1938	1109
1654	1115
1938	1115
1505	1120
2471	1120
1138	1124
1322	1124
1965	1124
2681	1124
1422	1136
1561	1136
2540	1136
2724	1136
1704	1149
2461	1149
1309	1155
1351	1155
1788	1155
2006	1155
2046	1155
2111	1155
1894	1159
2470	1165
2792	1168
2795	1168
2476	1173
2698	1174
2324	1179
1612	1188
1708	1188
1374	1195
2718	1195
2490	1204
1309	1211
2001	1214
2113	1218
2654	1218
1747	1224
1534	1226
1304	1239
1586	1239
1892	1239
2461	1239
2526	1239
2757	1239
2777	1239
1916	1251
1417	1255
1965	1255
2432	1255
2678	1255
1776	1256
1311	1258
1995	1258
2006	1258
2108	1258
2484	1258
2579	1258
2674	1258
1455	1260
1902	1260
1351	1269
2752	1269
2170	1270
1988	1273
2264	1273
2370	1273
2382	1273
1817	1289
2347	1289
1965	1292
1364	1296
1612	1304
1817	1306
2034	1307
1344	1309
1376	1309
1482	1309
1527	1309
1567	1309
1612	1309
1614	1309
2105	1309
2170	1309
2302	1309
2356	1309
2402	1309
2423	1309
1487	1313
2228	1314
1711	1325
2108	1330
1534	1332
2476	1334
2579	1336
1449	1338
2347	1338
2476	1338
1817	1339
2205	1339
1582	1340
2295	1342
2505	1342
1874	1344
2490	1344
1654	1351
1686	1351
1718	1351
1818	1351
1905	1351
1924	1351
1991	1351
2111	1351
2200	1351
2331	1351
2496	1351
1858	1352
2624	1352
1818	1358
2008	1358
2733	1358
2467	1362
2302	1371
1847	1372
2470	1374
2718	1374
1990	1375
1430	1376
2494	1376
1597	1377
2646	1377
2302	1385
1612	1391
2191	1397
2207	1397
1476	1398
1583	1400
1817	1403
1817	1404
2476	1404
2724	1404
1916	1406
2505	1406
2654	1409
1826	1417
2678	1417
1616	1421
1647	1421
1739	1421
1817	1422
2540	1422
2724	1422
1739	1430
2698	1431
2646	1440
2598	1447
1821	1449
2505	1451
2113	1455
2658	1455
2698	1455
2476	1458
2038	1459
2666	1459
2753	1465
2001	1471
2116	1476
2496	1489
1567	1492
2580	1493
2001	1494
2359	1525
2517	1525
2752	1525
1540	1527
2598	1527
1826	1528
1932	1528
2109	1528
2791	1528
1654	1535
1737	1535
2111	1535
2149	1539
1805	1540
1634	1547
2579	1550
1863	1553
1884	1553
1605	1560
2724	1561
2058	1565
1654	1567
2074	1567
2432	1568
2004	1577
2024	1577
2027	1578
2205	1583
2466	1583
2461	1586
2757	1586
2302	1587
2579	1587
1805	1596
2225	1605
1654	1608
2347	1610
2126	1612
2252	1612
2270	1612
2302	1612
2680	1612
2799	1612
2113	1613
1863	1614
1969	1614
2147	1624
1847	1628
2225	1628
1817	1645
2752	1646
1708	1654
2046	1654
2225	1654
2729	1654
2269	1666
2297	1668
2057	1670
2081	1678
2225	1678
2267	1686
1791	1691
1805	1691
2205	1691
1938	1693
1711	1697
2719	1701
2307	1702
1772	1704
1799	1704
2315	1704
2433	1704
2470	1704
2644	1704
2648	1708
1776	1711
2219	1711
2309	1712
2056	1715
2724	1715
1791	1718
1805	1718
2067	1721
2395	1723
2139	1729
2470	1730
1818	1737
1805	1749
2356	1749
2579	1749
2001	1751
2237	1752
2698	1752
2610	1755
1817	1771
2029	1772
2113	1779
2131	1779
2594	1785
2225	1786
2313	1788
2348	1788
2648	1791
2169	1798
2081	1801
2770	1801
1817	1804
1924	1805
2001	1806
2476	1816
1909	1817
2116	1817
2476	1817
1938	1818
2001	1820
2485	1822
2207	1826
2753	1826
2787	1826
2791	1826
2019	1847
2149	1847
2303	1847
2386	1851
2490	1851
2119	1853
2691	1858
2786	1858
2237	1861
2238	1862
1941	1867
2290	1874
2172	1884
2225	1891
2731	1893
2666	1897
2119	1902
2466	1902
2648	1902
2740	1902
2116	1903
2579	1911
2228	1916
2432	1916
2505	1916
2545	1918
2234	1930
2791	1932
2001	1934
2545	1934
2466	1938
2568	1938
2740	1938
2432	1946
2355	1948
2469	1953
1965	1958
2098	1961
2324	1961
2698	1962
2356	1965
2700	1965
2785	1965
2152	1969
2015	1991
2147	1998
2019	2001
2126	2001
2149	2001
2598	2001
2579	2008
2719	2008
2386	2015
2494	2022
2432	2023
2448	2024
2470	2027
2666	2038
2598	2046
2169	2056
2058	2057
2105	2059
2703	2067
2104	2069
2753	2074
2644	2076
2116	2092
2648	2104
2423	2105
2711	2105
2598	2111
2689	2111
2468	2113
2749	2113
2232	2116
2317	2116
2461	2122
2447	2131
2294	2149
2575	2149
2790	2152
2212	2174
2540	2190
2396	2191
2494	2191
2322	2200
2579	2207
2787	2207
2347	2216
2598	2216
2698	2225
2505	2234
2432	2260
2786	2264
2476	2267
2302	2282
2505	2295
2453	2302
2698	2307
2698	2322
2407	2331
2476	2347
2467	2353
2664	2378
2705	2395
2442	2402
2557	2402
2672	2432
2579	2433
2648	2433
2579	2438
2598	2442
2729	2449
2757	2461
2724	2475
2482	2476
2752	2476
2557	2505
2757	2526
2724	2540
2598	2579
2730	2590
2688	2594
2689	2632
2700	2681
2705	2690
2770	2698
2733	2719
2747	2724
2733	2729
2733	2730
2791	2787
