3294	2316
3294	1307
225	1596
225	1307
225	564
3744	698
3744	4263
137	907
137	2017
2813	3039
348	628
2894	1783
2894	4475
2894	3478
2894	3614
2646	696
46	2828
2911	2454
2911	199
2911	4530
1041	857
1041	3940
1041	2018
1041	648
1041	3019
1041	1111
1041	1811
1041	1351
1041	3908
1041	866
1041	222
1041	1183
1041	928
3077	3997
3077	4186
3077	1499
2814	3087
3475	11
3475	489
1594	196
1594	2436
1594	3876
1655	199
1655	3095
1011	2504
1011	1516
1610	1277
1610	172
1610	2583
1610	2905
864	4055
864	2454
864	4237
864	830
864	110
2465	3578
2465	199
2465	554
857	542
857	1312
857	1811
857	3907
857	172
857	1264
857	4475
857	3333
696	4405
696	2865
696	3665
696	4248
696	899
696	39
696	810
696	2578
696	4263
696	4195
696	3646
696	4305
696	2534
696	26
2968	3993
3299	724
3105	2848
3105	2454
3105	3287
3105	73
760	144
760	1971
760	4392
3940	3585
3940	2361
3940	505
2119	38
2119	4074
2119	3197
2119	3410
2119	3893
654	4074
654	2316
654	4281
654	502
654	4551
654	3893
203	4439
203	1579
203	3167
203	3356
891	687
891	4392
891	2450
891	3955
891	3612
245	1881
245	1569
245	475
245	1117
245	3086
245	2768
245	533
245	1105
245	927
245	2553
245	1992
245	1998
245	2978
3973	3595
1438	2757
1438	3807
3183	2936
326	2504
326	242
326	1000
284	1739
284	780
284	1837
1539	3868
1539	2578
4541	2130
4541	1278
4541	2221
4541	1007
4541	1084
436	2454
436	2402
529	3626
529	2018
529	1402
3626	2018
3626	1402
2780	2454
3369	4323
3369	4263
3369	3997
3369	1084
3369	1358
3369	1374
4323	11
2603	4435
2603	1858
2603	224
2603	4422
2603	101
4435	1858
4435	637
1818	392
1818	4299
392	2239
392	4225
3853	2426
95	1111
3567	2236
3567	814
3567	3126
3567	2447
3567	1764
3567	265
3567	1714
3567	4215
3567	817
3567	3332
3567	870
3567	3682
3567	2361
2086	1289
2086	2765
2426	2454
3173	1035
3173	1183
3173	3333
2105	2513
2105	3778
2105	542
2105	2433
2513	3778
2513	542
2513	2433
2513	3335
3778	542
3778	2433
3778	3126
3778	686
663	626
663	2056
663	4537
663	2511
663	3324
663	3716
663	1709
2278	1223
2278	263
2291	535
3226	3585
3226	429
3226	3285
3226	2612
3226	3167
826	535
826	3285
3512	1801
3512	888
1880	1992
989	4203
791	2226
791	1952
791	1394
791	2402
791	1800
791	1024
791	1458
791	4386
791	1795
791	3333
542	2433
542	189
542	3618
542	2226
542	319
542	4429
542	3126
542	324
542	1434
542	3335
542	14
542	4539
542	59
542	2109
542	4114
542	1000
542	4112
542	686
542	554
542	1906
542	1092
542	2660
2433	3335
2433	3793
2433	4475
2285	1344
2285	4103
2285	1596
2285	863
2285	862
2285	2301
4556	3497
4557	1747
4557	1569
4557	728
4557	1080
597	1927
597	925
597	1758
597	3228
597	1988
597	3191
597	3900
597	1437
597	1847
597	2550
597	3539
597	1234
597	2181
597	1086
597	888
597	3923
772	2848
772	1498
772	841
772	2726
772	1805
2312	4327
2312	1750
2312	3396
2312	4083
3616	1183
3504	2454
3504	3557
3504	3695
4516	1977
940	4263
1435	2301
4546	1556
4546	1701
4546	1988
4546	3560
1392	3681
1392	3797
1392	1563
1392	2861
1392	724
1392	1299
1392	1406
1392	554
1392	2963
1392	446
1556	3238
3681	2402
3754	3287
3663	3216
3663	1355
635	4444
3732	648
4430	4554
4430	4475
189	2695
189	1596
189	1307
189	564
189	2436
189	554
189	1092
189	3333
189	3872
4270	1249
920	2516
3694	897
2505	1843
2505	1881
2505	2367
2505	193
3865	4511
3865	110
3865	3333
3573	2367
3573	475
3573	3191
3573	2313
3573	1264
3573	554
3573	2066
3573	3086
3573	533
3573	2553
3573	1998
3573	4434
2148	172
2148	1524
4025	841
734	3086
2497	2007
2497	1183
2236	814
2236	2993
2236	3278
2236	3907
2236	3335
2236	2188
2236	3986
4405	1847
4405	4305
4405	376
4405	3100
2298	1952
2298	4097
2298	3335
2298	1906
2298	3478
2082	2398
2082	1277
2082	3269
2082	4475
2082	2343
2082	4360
2082	3566
3107	571
3107	947
3107	4170
571	1277
3525	1806
3525	3893
3525	1606
1293	112
1293	3646
1293	564
1293	554
1293	3872
4299	4334
4299	804
4299	1824
4299	3453
4299	3235
4334	2443
4334	1971
4334	38
4334	2171
4334	2777
4334	4530
4334	3563
4334	1728
4334	859
4334	567
4334	2828
2056	4220
2056	4373
2056	3716
2056	872
2056	1524
2056	839
2056	66
4537	2244
2244	479
2423	3293
2423	3494
2423	1512
2423	3678
921	535
921	1272
921	489
2265	3646
2265	370
2265	3087
1327	1429
1327	865
1327	3235
1312	4436
1312	611
1312	2993
1312	741
1312	720
1312	706
1312	1850
1312	108
4372	489
2267	3039
154	687
3673	1277
3673	1623
144	3278
144	3553
144	1850
144	350
144	2425
144	3235
4375	171
3001	52
3001	906
3001	947
2757	2402
3791	1291
3791	888
1806	3750
153	3087
1345	2855
1345	475
883	2424
3293	3039
3293	4243
3293	1729
2848	814
2848	237
2848	3524
2848	863
2848	862
2848	3633
2848	2494
2848	4223
2848	4281
2848	3793
2848	3628
2848	1166
2848	1071
2848	2939
2848	3498
2848	2726
2848	1805
2848	2567
2848	4426
2848	117
2848	498
2848	1475
2848	2188
2848	2315
3983	934
3983	489
1343	1277
1343	280
1343	2942
409	2454
409	112
409	4475
4143	3952
4143	3960
4143	1797
4143	3958
4143	1850
4143	3187
4143	3685
4143	1842
4143	2473
4143	2873
4143	3806
3072	3287
3072	1850
3072	180
2967	2338
2967	267
3717	19
3717	648
3717	513
3717	3792
3717	1183
3717	1037
3717	4475
2695	19
2695	2164
2695	2231
2695	513
2695	2947
2695	1037
2695	4244
2695	853
3135	2021
3135	2398
3135	2760
3135	4229
3135	4530
3135	1864
3135	4324
4019	118
4019	1564
3460	2292
3460	3958
1637	937
4345	724
4345	4352
4345	3242
4345	3688
4345	1309
4345	3192
4345	874
4345	1622
4345	1172
2428	3324
2428	937
2428	2200
2428	3575
2428	4327
3618	2135
3618	1150
3618	3503
3618	916
3618	3478
3618	2199
4371	2415
4371	77
1747	2768
1747	3893
253	2447
253	2687
253	172
2657	4475
2961	3989
2961	1189
2511	814
2511	2687
2511	2031
2511	1512
2511	862
2511	3397
2511	2109
2511	1524
2511	2754
2511	1753
4433	4237
4433	1307
4433	222
4433	4426
4433	3087
2715	2418
2715	1687
2715	3319
19	648
19	513
19	1566
19	1676
19	3792
19	418
19	1037
19	4244
19	1753
3281	1234
2164	1563
2164	2305
2164	805
2164	752
2164	2939
2164	1524
2164	554
2164	2754
2164	3292
2164	853
2164	121
2231	1563
2231	805
2231	752
2231	2939
2231	1309
2231	2754
2231	121
2231	3333
629	2687
2226	38
2443	1971
2443	3039
2443	686
2443	859
2443	567
2443	3478
2443	3235
1971	3039
1971	3394
1971	1602
1971	3197
1971	370
1971	263
1971	686
1971	2906
3980	4281
3980	4475
2018	1402
2018	3145
2018	4305
2018	1298
2018	376
38	2947
38	2337
38	3075
38	1728
38	3503
38	1516
38	1850
38	2361
38	1462
38	3473
1402	2454
599	2416
4111	969
737	622
737	3907
737	947
737	2169
648	513
648	2504
648	1623
648	1516
648	1037
648	4244
513	3907
513	3792
513	4386
513	1524
513	1037
513	4244
513	4221
513	2328
3039	2576
3039	1264
3039	686
3039	2990
976	3407
976	30
1538	2519
319	2171
617	2662
617	726
617	1603
617	720
617	2169
622	535
622	3907
622	2864
622	3539
622	1150
622	527
622	802
622	947
622	384
622	900
622	2331
622	2891
622	3071
622	1605
4429	2171
1563	4176
1563	2489
1563	3335
1563	1800
1563	853
1563	2567
1563	15
1563	3087
1563	160
1563	3612
1563	3453
1563	3235
3116	313
3116	383
3116	628
3116	4475
535	736
535	3055
535	99
535	2533
535	3583
535	4373
535	1524
535	1685
535	2169
535	3095
535	466
535	486
535	1125
535	1420
535	3789
535	3929
2981	3019
2981	4263
3407	2881
3407	1830
3407	2775
3407	1174
3407	3758
3407	30
3407	2017
3407	3192
1214	4265
2879	2456
2879	1277
2879	2673
2879	866
2879	1732
2879	843
2879	3297
2879	628
2879	3662
2879	591
2879	1873
2879	4489
2865	724
2865	576
885	2139
885	242
188	1986
177	1986
177	1197
2302	4392
2302	2454
2302	1191
3394	4513
4176	1355
454	2252
3954	4146
3954	3375
3954	1394
3954	1259
3954	4281
3954	4186
3954	4386
3954	1183
3954	1026
3954	2276
3954	2572
3954	1824
267	639
267	4499
267	364
267	397
267	755
267	2736
267	66
639	724
639	1264
639	4305
4499	4117
4499	2454
4499	4413
4499	788
4499	3727
4499	2257
4499	2724
4499	3972
2881	3431
2881	417
2881	356
2881	2775
2881	1174
2881	30
2881	2017
2881	3192
2881	376
1580	3287
1580	4237
37	2337
37	2230
37	2762
4107	866
4107	3297
4107	1456
3824	1516
3824	3196
3198	3523
3198	1952
3198	4490
3198	2567
3665	4195
3665	2534
281	2407
281	1756
281	3074
281	2454
281	1052
281	1795
1701	4487
1701	3527
1701	3272
1701	33
1701	4044
1701	3716
1701	3560
1701	3769
4487	3040
4487	4551
4487	1529
4487	4165
3527	1550
3527	3095
3527	782
165	2402
165	1183
3783	2963
3783	3087
118	3585
118	3287
118	4551
118	1524
118	3138
118	956
1614	610
1614	2458
1614	2400
2501	475
2501	2383
1843	3595
1843	475
1843	3191
1843	724
1843	1264
1843	3086
1843	3065
700	1324
1881	3595
1881	3445
1881	2367
1881	475
1881	3191
1881	1838
1881	2313
1881	1518
1881	1264
1881	2565
1881	2066
1881	4280
1881	3086
1881	533
1881	65
1881	70
1881	2553
1881	1998
1881	2294
1881	4434
4313	1464
4313	831
1979	1183
1561	570
1561	265
1561	1579
2139	66
570	937
2636	4229
2636	847
4146	2468
2468	2021
2468	2436
2468	113
2468	3333
814	2140
814	3859
814	2578
814	3222
814	4386
814	239
814	1084
814	4137
814	474
814	2746
814	3614
1927	2454
1927	3087
2957	2398
2957	2216
2957	3776
2957	1943
2957	601
2957	1000
2957	2591
2957	1524
2957	1906
2957	1092
2957	968
2957	4040
2957	4088
3595	1569
3595	1986
3595	1974
3595	3590
3595	1197
3595	2142
1758	724
1783	3919
1783	3585
1783	1115
1783	3021
1783	3907
1783	3620
1783	1952
1783	741
1783	2610
1783	3242
1783	3244
1783	3287
1783	1491
1783	3997
1783	841
1783	1550
1783	502
1783	2376
1783	2486
1783	105
1783	3644
1783	1549
1783	1183
1783	347
1783	773
1783	1164
1783	1374
1783	4253
1783	2106
3126	947
3516	1266
3516	2050
3516	2049
3516	3764
3272	3792
3272	680
507	4117
507	3019
507	4281
507	3997
507	4130
507	678
507	3222
507	1328
507	2007
507	3827
507	740
507	2563
507	3235
4436	3955
3324	724
3324	947
3312	4536
3312	3697
3312	2436
3312	3876
4509	3574
4509	3397
4509	3114
2606	2225
2606	3238
2606	408
2606	3597
2606	3109
2606	554
2606	293
2225	3238
3238	3585
3238	822
488	3278
488	594
3445	1485
3445	387
3445	2768
3445	66
3445	1501
3445	1105
3445	1875
2573	4309
1546	3159
1546	4080
1546	2768
1546	2335
1546	2677
1546	4088
3431	246
3431	1449
3431	3192
3431	1189
3431	2906
3431	4543
3431	279
3431	4225
3868	3523
3868	788
3868	2578
3868	4263
3868	421
3868	4010
3868	1977
1063	2454
1063	1445
1063	15
1830	30
1830	2017
1830	1645
4258	1516
1444	1183
1444	2071
3195	3763
3952	4475
246	516
246	1449
246	1543
2224	272
2224	274
2224	112
2224	1794
2224	3570
2224	3602
11	2454
11	199
2571	3014
2209	2358
401	3287
4492	4525
4492	2135
4492	1491
4492	4080
736	4057
736	99
736	4327
544	2726
544	4426
3582	3314
2021	1800
2021	3332
2021	489
2021	872
2021	583
410	1862
2001	2293
2001	4263
4059	3013
4059	1339
4059	610
3919	3585
3919	1115
3919	2316
3919	1259
3919	2402
3919	3287
3585	2748
3585	2708
3585	1115
3585	4525
3585	3921
3585	1551
3585	3145
3585	2316
3585	1259
3585	2402
3585	739
3585	3314
3585	610
3585	502
3585	1432
3585	3218
3585	108
3585	4018
3585	2198
3585	2601
4355	1309
4355	3876
4355	4236
4074	841
2093	3087
2093	389
2564	1524
1891	752
1891	2276
1891	4419
1891	2106
4471	199
4471	2906
4471	4543
2504	1201
2504	1197
2504	2454
2504	618
2504	3958
2504	1172
2504	1611
2504	435
2504	1147
2504	1157
2504	1231
2504	1235
2504	1636
2504	2873
2504	1191
4248	93
4248	1954
4411	2963
4411	1875
3828	3021
3828	1951
3828	3912
3828	905
3828	3925
3828	1763
2189	2017
2272	3773
1314	2317
1314	634
1314	3539
1314	215
1314	470
1314	4066
1314	4386
1314	2660
1314	3508
1314	4134
3405	1084
2016	59
2171	99
1302	1569
2748	3997
2748	2328
2662	4422
2662	4172
2662	4011
746	1183
746	58
899	1416
804	502
2062	1557
1238	576
2293	610
2293	2583
4536	3697
4536	1234
4536	3333
2922	2454
2922	3841
908	2855
908	4322
2720	3478
4117	3389
4117	311
4117	1914
4117	2735
4117	782
4117	1393
4117	1583
4117	1652
4117	2103
682	554
324	3907
324	2301
364	4263
2708	2011
2708	1328
2708	1178
4432	1344
4432	4103
1119	1344
2447	1341
2447	638
2447	1322
2447	4535
2447	3903
2447	743
2447	2958
2630	3670
2630	3628
2630	2726
3013	4263
80	1084
80	4262
1868	3907
1868	172
1868	3597
1868	741
1868	126
1868	1307
1868	1378
1868	1416
1868	594
1868	4114
1868	2612
1868	1382
300	3019
300	4263
300	1516
219	3907
1585	2454
1115	1551
1115	2402
1115	4134
3406	2324
3740	2169
3670	4247
3670	3197
3670	2454
3670	3597
3670	1375
3670	4215
3670	4281
3670	1676
3670	1071
3670	2939
3670	2726
3670	4222
3670	2899
3670	2328
4032	2436
4032	3876
2367	1974
2367	475
2367	2092
2367	2066
2367	3086
2367	533
2367	927
2367	2553
2367	1998
2367	3529
2367	4434
1768	2034
1768	3094
1768	3553
1569	1986
1569	56
1569	1974
1569	3165
1569	475
1569	3191
1569	4554
1569	690
1569	2313
1569	1117
1569	1467
1569	4373
1569	2949
1569	2066
1569	3086
1569	1715
1569	533
1569	777
1569	2553
1569	1998
1364	475
1364	3086
1364	2553
2855	3191
2855	2376
2855	1117
2855	158
2855	45
359	172
359	3597
359	2610
359	3963
359	634
359	126
359	489
359	3818
359	4222
359	2928
359	1672
359	2754
359	565
645	2880
2777	4392
1344	4103
1344	2301
1344	3579
1986	475
1986	397
1986	3086
1986	2553
114	3827
4235	199
4235	4530
4235	4233
4235	1788
3249	2454
3249	3586
3249	2596
3249	2928
1748	1838
1748	3728
3711	637
1201	724
2835	1988
2835	3020
2835	2114
2835	2768
56	3165
56	2454
1974	475
1974	3191
1974	69
1974	3086
1974	2553
1464	3646
1464	3086
3165	2949
3165	3292
3165	2887
4103	2301
4103	3579
3590	2939
3590	637
3590	3360
3590	66
3412	865
3825	549
2398	960
2398	2070
2398	628
2398	4475
2398	1047
238	2017
238	819
238	2110
1391	3908
1391	554
552	1516
2337	4229
2337	1000
2337	3478
3290	3019
3290	2454
3290	846
3290	623
3290	2942
3276	1181
3276	846
3276	2975
2639	4382
191	637
3090	3245
475	2383
475	1838
475	2751
475	2313
475	1117
475	3960
475	2661
475	2203
475	387
475	3360
475	3827
475	2768
475	533
475	2384
475	1105
475	927
475	1875
475	1992
475	1998
471	3086
237	824
237	2313
237	3819
237	1860
237	2629
237	4317
3494	1811
3494	1227
3494	2984
3494	2343
3494	2963
3494	846
3494	110
3494	1746
3494	2975
1913	3287
1913	4475
2456	1277
2456	2673
2456	1732
2456	3297
2456	2962
2456	3179
2456	4489
2108	2454
2108	3020
2108	3046
3064	741
3064	4530
3064	1266
3064	4282
3064	823
3064	45
2156	1099
1821	1596
1821	2213
1821	1906
1821	4214
1821	3333
1821	3872
3143	1277
3143	2094
3143	2238
3143	2939
3143	2726
3143	1199
2668	465
3799	2978
983	1673
1342	2687
1342	1744
3414	2066
1285	2221
1285	927
1285	2100
1988	2007
176	1917
417	4392
417	1838
417	3287
417	1289
417	16
417	1264
417	3538
417	136
417	2198
417	2580
417	2684
417	3541
2129	428
2129	121
4510	724
2098	3095
1764	370
1764	2942
302	805
4057	1277
4057	2993
4057	2089
4057	706
3437	2316
708	3193
708	3907
1187	2292
1959	172
1959	2402
1959	224
1959	3589
1959	4245
1959	3287
1959	3697
1959	1071
1959	3430
1959	4222
1959	2514
3481	3287
3481	3138
1341	1429
408	801
3543	4186
3543	4475
3019	2687
3019	1557
3019	4263
3019	4201
3019	1831
3019	4305
3019	4388
3019	3095
3019	1143
3019	2369
1566	1381
1566	3907
1566	172
1566	3597
1566	3738
1566	274
1566	4271
1566	1307
1566	1249
1381	1307
1381	823
907	4539
907	199
907	4149
907	3110
907	3654
2687	1870
2687	2316
2687	340
2687	2439
2687	3448
2687	3958
2687	4388
2687	2399
2687	2660
2687	1443
2687	1143
2687	3
2687	376
2687	1319
1111	4242
1111	594
1111	1183
1111	928
1111	4244
1811	407
1811	222
1811	3415
1811	4092
4267	3657
687	637
687	1264
687	2332
687	3903
687	1568
687	2597
1138	4553
1138	2986
1138	287
4197	2316
679	4448
1278	3287
1278	3993
1278	1191
1278	1577
2413	66
428	3287
428	886
428	686
428	1590
428	121
3611	1678
2861	3287
3159	3151
1277	3485
1277	4525
1277	2993
1277	2011
1277	2252
1277	1504
1277	2673
1277	2997
1277	843
1277	720
1277	197
1277	2647
1277	3127
1277	4388
1277	4058
1277	13
1277	236
1277	1014
1277	1377
1277	4153
1277	4489
3485	4237
3485	3169
1255	3287
1255	841
1255	922
2324	2993
1267	2243
1267	3716
1267	872
1267	1524
652	99
652	554
652	4475
2031	4307
2031	248
2031	1906
2031	1298
4157	2316
1181	48
1181	1512
1181	1602
1181	3523
1181	3589
1181	4240
48	1512
538	4229
3851	4229
1512	502
4525	199
4525	16
4525	3333
1782	521
1782	1048
2716	1524
3921	2939
1090	1596
254	199
1634	4530
3191	1964
3191	2383
3191	1117
3191	4555
3191	554
3191	387
3191	3086
3191	3360
3191	2768
3191	533
3191	1501
3191	2229
3191	2384
3191	1105
3191	927
3191	1875
3191	1992
3191	1998
3021	2454
3021	172
3021	2441
3021	57
3021	1298
3021	2106
2993	2089
3245	1739
3245	3583
3245	2675
1739	4386
1739	2675
1557	270
1557	378
1557	2760
1557	724
1557	4223
1557	2147
1557	4350
1557	2096
1557	2688
1557	4028
1557	1298
1557	1216
1557	2328
1557	5
1557	1801
1557	888
1557	498
1557	691
1557	4165
1486	2454
1486	2229
1486	1875
1486	3541
4351	465
4351	1346
1602	268
1602	3876
1602	3935
1602	2567
2254	1010
2254	3411
2437	841
2437	1516
2992	426
1596	4184
1596	170
1596	1375
1596	903
1596	1162
1596	3364
1596	1200
1596	2688
1596	3958
1596	4426
1596	1723
1596	4338
1596	4474
1596	2663
2584	4184
4184	903
4184	1797
4184	3958
3465	2578
3465	739
3465	274
3465	4245
3465	2726
3465	4426
3712	3469
3712	1183
4540	3874
732	754
4055	172
4055	2415
4055	2939
4055	1932
1756	2454
4308	1282
4308	4327
2763	378
3953	863
3953	4137
3953	2353
4073	4426
3211	3821
3211	2948
3211	2066
3211	2750
3211	3086
3211	1501
3211	1105
3211	1992
3211	3756
3211	4000
3144	3821
3144	2948
3144	3269
516	3285
516	610
516	3815
3947	2136
184	2402
184	3553
184	4506
184	1751
2946	2454
616	2454
616	1227
2442	724
2442	2358
3278	3997
3278	370
3278	1264
3278	3610
2113	2997
2140	3859
2140	2689
2140	239
2140	474
2140	3453
4553	4263
801	383
801	1150
801	628
3821	2948
2948	4229
2948	1130
4120	554
3907	3523
3907	2304
3907	1800
3907	4240
3907	2774
3907	4172
3907	4114
3907	1524
3907	947
3907	2169
3907	2328
2864	3523
2864	947
2864	2169
4151	555
4151	1264
2576	265
2576	3597
265	638
265	199
265	1850
265	2361
378	4485
378	1416
378	594
378	4114
378	1024
378	1000
378	1458
3939	3627
3939	3287
3939	126
465	637
824	3657
824	3503
3859	4129
3859	2689
3859	239
3859	474
3941	3109
863	862
863	4245
863	4077
863	3297
863	1844
863	4011
863	3138
863	1516
863	1183
863	2963
82	172
82	489
82	4327
862	2578
862	1467
862	3729
862	2109
862	3138
862	4444
862	565
4439	1378
3820	248
1197	1264
1962	4554
1962	3020
1964	554
960	2809
960	1307
960	2647
960	110
2383	67
2216	3287
3523	14
3523	1524
3523	1906
3523	1092
3523	3333
569	3287
4064	2454
2964	4105
2034	3094
2034	3287
3094	1050
3094	2070
3094	280
3094	628
2397	4530
3074	3138
3074	1906
79	3893
3197	1282
3197	3893
2457	2305
2457	3354
2457	1183
2305	2454
2305	853
1564	440
1564	201
483	555
2489	1259
2489	112
2489	3511
2489	3478
242	937
3361	1947
2175	502
3578	4548
3578	3539
3578	418
3578	2688
3578	4535
3578	1795
3856	3364
3856	2313
3633	1805
3633	4426
3633	498
170	3448
170	4327
170	2583
170	1906
170	3122
749	777
4392	3125
272	3570
272	3354
4243	2303
4041	3373
4041	4263
3207	750
2665	2183
3055	1183
3667	2402
3667	3566
3469	4472
3469	3287
3469	1550
3469	1842
3469	2785
2454	2009
2454	4215
2454	4414
2454	4548
2454	2206
2454	895
2454	33
2454	4374
2454	1313
2454	2936
2454	3655
2454	69
2454	4539
2454	2984
2454	575
2454	1075
2454	1871
2454	4011
2454	3056
2454	2477
2454	3780
2454	3935
2454	1949
2454	3444
2454	1591
2454	2591
2454	1179
2454	1645
2454	3020
2454	3166
2454	3931
2454	1189
2454	1084
2454	2696
2454	2024
2454	279
2454	4280
2454	2859
2454	1721
2454	1216
2454	210
2454	1673
2454	3117
2454	3095
2454	3187
2454	3393
2454	54
2454	1801
2454	68
2454	121
2454	125
2454	146
2454	287
2454	433
2454	446
2454	479
2454	709
2454	896
2454	1032
2454	1095
2454	1110
2454	1157
2454	1457
2454	1568
2454	1572
2454	1582
2454	1626
2454	1823
2454	1842
2454	1865
2454	2103
2454	2128
2454	2188
2454	2369
2454	2412
2454	2451
2454	2586
2454	2621
2454	2671
2454	2732
2454	2746
2454	2770
2454	2870
2454	2882
2454	3012
2454	3049
2454	3092
2454	3100
2454	3113
2454	3302
2454	3386
2454	3438
2454	3458
2454	3577
2454	3580
2454	3605
2454	3625
2454	3629
2454	3715
2454	3789
2454	3808
2454	3881
2454	4009
2454	3331
2454	4332
2454	2106
2454	3680
172	322
172	741
172	3287
172	3997
172	841
172	3332
172	30
172	3624
172	4112
172	2661
172	1143
172	748
172	3521
172	3806
4306	3287
4306	1550
4306	1298
1434	3287
1434	3997
1434	2546
4513	1678
4513	1328
4513	4403
4513	3255
4513	4161
440	201
440	3644
2011	3958
2011	10
2011	2361
2011	15
1551	1259
1551	2402
1551	502
1551	1264
3678	3086
3678	2768
810	1339
810	4263
810	3287
810	2928
810	686
810	1084
788	3521
1029	3584
548	937
548	2187
2076	289
1099	1183
1196	724
3597	4245
3597	489
3597	1608
3597	3716
3597	2754
3597	3882
3597	2276
3042	3603
4169	1183
4524	1407
726	2316
726	199
1952	3646
1952	15
322	823
322	1970
322	4489
3518	4444
2578	33
2578	805
2578	4166
2578	1353
2712	3109
2269	1264
741	2928
1272	3818
1272	2276
3738	853
3576	2640
1489	980
2009	2393
2009	2017
2976	4265
4069	99
1375	4426
4256	3087
697	4530
1951	3925
1714	243
1714	1652
1714	2136
1394	3478
1394	2255
1394	3119
4030	1307
4030	3333
1498	224
1498	1805
1498	4444
1498	4426
2316	1259
2316	2402
2316	3314
2316	2092
2316	502
2316	469
2316	1150
2316	4326
2316	1020
2316	4225
2316	1188
2316	2087
2316	2795
2316	3707
1259	2402
1259	502
1259	1043
1259	913
1259	872
1259	4068
1259	1189
1259	2906
1259	3478
1259	3095
1259	2078
1259	2772
2402	464
2402	903
2402	3793
2402	502
2402	866
2402	3742
2402	3449
2402	1057
2402	4539
2402	199
2402	2017
2402	4551
2402	1416
2402	4114
2402	1445
2402	3127
2402	1189
2402	2906
2402	4149
2402	193
2402	4426
2402	1495
2402	1125
2402	1911
4215	199
4215	4229
4215	846
4215	4324
4215	4266
4466	4271
2610	3287
2610	3630
2610	1183
2610	565
724	699
724	1847
724	903
724	201
724	582
724	2936
724	2089
724	489
724	59
724	1200
724	1548
724	3932
724	888
724	515
724	1217
724	1411
724	1419
724	2360
724	2839
724	3386
724	4298
724	2207
2213	3539
2213	3073
249	1537
2243	1623
2243	1591
2230	1623
2230	1591
1282	2187
1282	3874
1282	4077
739	274
739	4245
739	3498
739	2726
739	991
739	4222
739	2962
739	1833
274	4281
274	4245
274	1504
274	1071
274	3498
274	823
274	2514
1838	2066
1838	3086
1838	4434
3763	2417
3763	1751
3763	2330
3763	2071
3763	1122
2669	3287
2669	1264
4446	3449
3285	1183
3285	1954
3285	3992
937	566
937	947
937	1189
937	1060
937	2007
937	540
937	559
937	593
937	1157
937	1235
937	1598
937	1626
937	1723
937	1875
937	2036
937	2773
3627	1087
3900	2436
3900	2136
4414	1501
3231	4481
1567	554
1567	338
268	4327
268	59
268	4422
4463	526
4463	3908
4463	150
4463	4448
526	3908
526	311
526	4531
526	1442
526	637
526	1183
526	1690
526	293
526	1037
526	4244
3908	311
3908	150
3908	1516
3908	1183
3908	1690
3908	928
3908	1037
3908	2117
311	3287
311	1173
311	150
311	1516
311	1183
311	1690
311	4475
4512	210
3651	3563
3651	1183
3651	879
2503	3728
2200	3575
2200	3511
2200	1328
2200	1516
2200	3133
4242	3575
3575	3704
3575	2169
3575	2990
3606	3076
1808	3854
1808	1847
1808	288
1808	376
1808	3140
2494	3729
918	3635
2649	554
224	1837
4097	2065
4097	1906
4097	2762
4097	3038
1503	1901
1503	263
4548	1901
3373	3874
3373	3556
2170	3593
2751	3086
2751	2632
4249	3318
2135	541
2135	367
4126	1171
4271	196
4271	2672
3873	1961
3873	3036
2187	59
2187	2178
2500	295
2500	3086
1675	1847
1847	3724
1847	278
1847	3601
1847	3364
1847	610
1847	4044
1847	4102
1847	3780
1847	2619
1847	1518
1847	239
112	2730
112	1051
112	942
112	4482
112	818
112	4137
112	2353
3635	783
3635	942
3390	4475
2299	522
4223	3287
1623	66
3720	2762
2690	1191
3874	3556
3874	3222
3874	3397
3874	4229
3874	1307
3874	59
638	1442
638	1309
638	1549
313	1886
313	4229
313	4428
313	2689
313	4149
2880	1174
2880	2017
2880	296
2880	4225
2880	4290
895	4149
2725	2906
903	3646
903	3087
33	1550
4263	1000
4263	3046
4263	4305
4263	113
4263	3529
4263	2369
201	2963
1901	4438
3335	150
3335	1264
3335	4105
4352	3511
4352	825
3242	3511
3242	825
3314	3079
3314	3511
3314	825
4307	2939
4307	489
4307	2276
4307	573
1793	2612
1793	1000
1793	1458
1793	4475
3151	523
3151	4475
817	527
4521	4475
4521	288
1917	4280
1917	193
1917	1998
582	1716
2092	2978
4378	805
4378	2567
3841	1183
2901	1853
3553	3287
3553	3354
3553	3861
1678	811
1678	1328
1678	1853
3963	565
4281	4245
4281	841
4281	2726
4281	1805
4281	4444
4281	4426
3793	502
3793	2017
3793	2726
3793	1805
3793	1189
3793	4149
3793	4426
3793	3333
3628	4245
3628	1071
3628	3421
634	489
1162	4426
4245	1166
4245	1942
4245	1071
4245	3498
4245	4222
4245	2940
4245	2514
4150	489
4150	4511
2439	1309
2439	554
2439	3333
3634	1801
3688	3511
3688	825
1504	2726
1735	2647
14	1150
14	564
14	2436
14	3358
4437	373
1166	2726
1166	1805
1166	565
1166	1484
811	1266
811	847
811	879
3287	2727
3287	57
3287	610
3287	2415
3287	1787
3287	4002
3287	2939
3287	580
3287	1591
3287	4083
3287	2114
3287	2486
3287	263
3287	1084
3287	2565
3287	1549
3287	3648
3287	2765
3287	2399
3287	982
3287	1852
3287	180
3287	1716
3287	1727
3287	2294
3287	2445
3287	2488
3287	2549
3287	2572
3287	3036
3287	3108
3287	3401
3287	3970
3287	3800
3287	3809
3287	3968
3287	4000
3287	4015
2727	841
2727	1550
2727	610
2727	2949
1491	841
1491	1550
1491	3364
1491	610
1491	2949
1491	1499
1491	1912
3230	3347
3997	47
3997	1451
3997	3452
3997	4095
3997	796
3997	2549
3997	3861
841	610
841	2415
841	3534
1550	610
1550	2415
1550	2765
1550	2927
1550	3560
3364	2313
3364	3347
3364	1456
3364	1264
3364	1549
3364	3826
3364	3903
3364	1501
3364	927
3364	3049
3364	3473
610	2415
610	2313
610	2949
610	1499
610	4305
610	3822
2415	2949
2415	1499
2415	3403
4531	150
4531	1516
2860	3393
44	4188
3571	3631
3571	3815
3571	515
3571	3540
2602	4475
4315	3342
3201	3818
2158	1524
4554	3086
262	564
3696	1981
3696	136
73	2936
73	1266
536	1266
1942	2007
3989	690
3989	1588
3989	1439
3989	3360
3989	2384
3989	1105
690	1588
690	1439
690	3086
690	3360
690	2768
690	533
690	1105
690	2396
1588	1439
1588	3360
1588	1105
3171	4475
3171	3065
383	628
383	2612
383	1690
1274	3117
2673	866
2673	1732
2673	843
2673	3297
2673	3662
2673	2242
2673	4489
502	680
502	627
502	239
502	376
502	3235
3510	4475
866	4237
866	3297
866	1456
866	628
3718	4237
618	4237
1940	4237
2094	1794
2094	4237
2094	685
2094	2935
4374	4237
1687	1860
1770	1524
1313	1524
1009	66
3671	1432
1761	248
1761	3333
1289	1516
1289	2762
1289	691
1289	4153
93	3393
2260	4024
2260	2335
2260	3975
2260	982
481	1998
142	522
142	3331
4044	2930
3499	3020
3499	1673
3499	1875
892	2936
892	3843
892	47
3917	4475
2936	3843
2936	3655
2936	2013
2936	948
2936	876
2936	805
2936	2811
2936	3596
2936	2828
3843	3655
3843	47
3843	948
3843	1816
3843	2174
3655	876
3655	805
2013	805
2013	2180
2651	3742
876	805
3742	3178
3742	1875
805	2180
805	594
805	2110
805	1753
2355	4201
1800	126
1800	3415
1800	3530
1442	150
3332	199
3332	564
3332	2436
3332	2963
2535	1084
3569	3827
1794	4237
4237	1057
4237	3646
4237	1352
4237	1795
4237	3333
2313	1117
2313	387
2313	3086
2313	533
2313	1105
2313	2553
2313	1875
2313	1992
2313	1998
2313	3333
1676	4229
1676	564
1676	1266
1676	1524
1676	1906
1676	846
1676	4324
1676	4266
1426	469
1426	2647
1426	1906
4240	2647
4240	2632
4240	4317
469	3086
469	2978
1117	3020
1117	3086
1117	3826
1117	1875
4158	637
4284	321
4033	565
4033	2276
3574	3697
3574	2416
3574	3792
3574	2192
3697	2192
3697	3511
461	3631
3661	291
3792	2192
3792	1432
3792	197
3792	1183
3792	1037
3792	3958
3792	2328
3792	888
291	1932
3539	3563
3539	1000
3539	2301
3539	2963
3539	3333
3539	3695
3539	3872
3539	3566
2142	1998
3448	3612
3776	307
752	3646
752	1954
752	853
752	119
1030	1358
1043	4475
4346	2647
4346	2110
2804	2558
3169	4149
3169	4266
1150	564
1150	1524
1150	947
1150	1092
1150	384
1150	3331
442	295
1173	4485
1173	2221
1173	1414
1173	3488
1173	1244
1173	1378
1173	1416
1173	594
1173	4490
1173	4114
1173	1024
1173	2612
1173	1000
1173	1458
1173	1429
1173	3333
1173	2941
4485	2221
4485	1414
4485	1244
4485	1429
4485	614
4485	3958
4485	297
2221	1429
2221	3095
1414	4114
1414	1429
1414	2328
1414	376
1414	1661
3488	1416
3488	4114
3488	1429
3488	1382
69	2768
69	2396
922	3222
922	4511
922	825
2775	30
2775	2017
2775	4543
1667	2906
1667	279
1057	4539
1057	199
1057	2017
1057	2906
1057	279
870	4543
870	1622
870	3025
30	3192
30	3066
4539	199
4539	2017
4539	2906
4539	4543
4539	4149
4539	279
4539	1801
349	750
199	2017
199	2284
199	2906
199	4543
199	279
199	968
199	567
199	3140
2017	3192
2017	1189
2017	2906
2017	4149
2017	1627
1248	3852
1248	3354
1854	3994
1854	3354
3852	3354
3852	2106
4186	4475
4186	3358
4186	1026
4186	4444
4186	4426
2283	4475
2753	3955
2809	1516
2809	3955
3646	4327
3646	988
3646	3958
3646	119
3089	755
527	3227
126	753
126	564
126	3990
126	565
126	234
126	748
126	1773
258	879
258	748
3994	4426
3994	2276
1945	2583
1732	843
1732	4058
1732	3442
1732	4489
4078	1906
1227	3421
1227	1906
2738	1183
3511	2186
3511	2906
3511	4137
3511	4225
1071	2726
1071	1298
1071	4426
1244	1429
1244	3333
2939	4551
2939	1328
2939	853
489	991
489	4511
489	1429
489	4282
489	2940
489	2754
489	2963
489	2276
489	3110
489	2710
489	1707
4322	2784
1832	2737
4551	1906
600	912
601	912
3269	2169
3222	3397
3222	4229
3222	1200
3222	1657
3222	25
3397	248
3397	4229
3397	1307
3397	1299
3397	3729
3397	628
248	472
248	1863
248	3388
248	2906
248	1044
248	4166
248	2672
248	3878
248	3418
248	3489
494	1467
4229	2110
4229	3127
4229	3046
4229	2898
4229	1850
4229	939
4229	953
4229	2169
4229	25
4229	146
4229	1220
4229	3584
1309	2436
1309	1000
1309	1949
1309	853
1309	3113
1307	4114
1307	1000
1307	1458
1299	1864
1299	2169
4327	1258
4327	4309
4327	748
4327	1824
564	2070
564	1000
564	1645
564	1524
564	2567
564	1143
564	1191
1467	1753
1467	2617
1603	3959
1603	554
587	2519
3657	381
3657	637
3657	3138
3657	865
3570	3648
3570	565
848	947
848	4166
848	1143
1541	3938
1541	4114
215	1579
522	3625
196	3075
196	924
196	3815
196	2672
3054	1861
2997	823
2997	1084
2997	2840
843	3297
843	4058
843	4489
720	2647
4077	733
4077	3583
4077	3750
4077	4011
4220	1524
2161	2906
59	3729
59	3425
59	1230
2436	3876
3876	418
3876	1000
3876	1484
4129	3360
370	2145
4004	1860
2532	3958
4530	1246
4530	2049
4530	125
4530	1409
4530	3235
3563	3421
3563	3993
2145	479
2145	1957
2145	2878
3631	968
3631	2773
107	3577
3354	1183
3354	3227
3365	2811
3365	3087
3365	1220
1352	2343
472	3425
1863	3425
4066	865
4066	1084
4066	4426
2774	4422
2774	4172
2774	2726
2774	1458
4428	4083
3498	2726
3498	1805
3498	4426
523	3313
523	623
886	121
3297	1456
3297	239
1456	3451
1456	1617
1456	3529
1456	3508
1456	3614
3425	1681
418	2109
418	3109
418	337
418	1123
2109	1416
2109	1024
2109	4475
150	4028
150	1183
150	1690
150	928
150	1037
150	4244
2431	4422
2431	4172
2431	4171
2431	4080
2431	280
2431	3583
2431	831
2431	341
2431	74
2431	236
2431	250
2431	307
2431	844
4422	4172
4422	4080
4422	2000
4422	3583
4422	4426
4172	4171
4172	3686
4172	4080
4172	280
4172	3583
4080	628
4080	1095
4080	1860
3814	2070
3814	1007
3814	628
2070	280
2070	1007
2070	2000
2070	3583
280	1007
280	3750
280	628
280	4011
1007	628
1007	1657
1007	2277
733	3750
733	4011
3583	4011
3750	2686
3750	636
3750	4011
2686	636
2686	4011
636	4011
2726	762
2726	1805
2726	1322
2726	1298
2726	4426
2726	3882
2726	1199
1018	580
1018	991
3897	1183
3433	3081
149	718
3050	146
1378	1416
1378	594
1378	4114
1378	1024
1378	2612
1378	1000
1378	1458
1378	1382
1378	113
1378	1205
1416	594
1416	4490
1416	4114
1416	1024
1416	2612
1416	1000
1416	4112
1416	1458
1416	3333
594	4490
594	4114
594	1024
594	2612
594	1000
594	4112
594	1458
594	1906
594	1382
4490	2612
4490	1000
4490	1524
4490	614
4114	1024
4114	2612
4114	1000
4114	1092
4114	1382
4114	113
4114	894
1024	2612
1024	1000
1024	1382
1024	3095
1024	1661
628	2711
3063	580
3063	991
3063	4426
3063	1475
3063	1957
580	4475
580	1777
580	4095
580	4216
2495	637
2495	3520
2612	1000
2612	4112
2612	1458
2612	1382
2612	1753
1000	4112
1000	1458
1000	1524
1000	3410
1000	1906
1000	1382
1000	113
1000	1480
4112	1458
4112	686
4112	554
4112	3410
4112	1382
4112	1723
4112	3728
1458	1382
1458	1753
1458	113
4326	15
101	3451
101	2451
3189	2604
2240	3451
4222	565
3912	905
3912	1763
905	3925
905	4549
905	1763
3421	2754
3421	2276
3925	1763
4511	1530
2962	3386
3960	4475
487	2120
487	3647
3192	2647
3192	4543
3192	279
1518	1183
1518	66
869	4134
3935	1499
3935	15
802	947
4386	686
4386	391
576	3444
576	2120
2661	2066
2661	3086
2661	2553
2661	4434
816	1264
1949	4475
1200	3138
1200	1298
1200	2622
1200	3614
2928	823
2928	113
1406	554
1406	2963
2301	554
2301	4063
2301	3403
2688	554
3444	4475
3444	2941
1591	2377
1591	3968
637	1020
637	4233
637	896
637	927
637	1568
637	1606
637	1839
637	2352
637	4109
124	3970
1179	751
1287	2020
1429	297
2284	1661
2284	1837
1266	3030
3479	4475
1805	4426
1805	498
2614	193
2608	1183
2608	193
2647	1709
2203	3086
2203	3065
2949	1499
2949	4489
818	4383
3716	1524
3716	823
3716	288
872	1524
872	288
1524	1499
1524	853
1524	2567
1524	3358
1524	1026
1524	307
1524	1205
1524	2675
4282	295
4282	3020
4282	4475
4282	66
295	3020
295	1875
3020	1264
3020	4448
3020	45
3020	995
823	1249
823	1409
495	3625
3127	2906
2114	2832
2114	3728
1982	369
1982	58
2347	2007
2347	4265
2689	239
2689	474
2689	2044
2689	3453
3046	1516
3046	3066
4028	1037
3109	1625
4555	2066
4555	3086
4555	70
4555	2553
407	222
1474	222
2186	1298
2186	3602
3388	2973
263	2859
369	58
1264	3086
1264	2784
1264	1260
1264	1998
755	2173
239	865
239	474
239	3110
239	3366
239	3453
239	3235
2940	3893
2940	2276
1020	1189
1020	3333
2292	4244
3355	3087
549	865
549	3767
549	3235
3138	865
3138	2567
3138	3415
3138	3418
3138	3235
865	3235
3503	1906
3503	3333
554	3392
554	3637
4549	1579
4549	1837
1579	1861
947	4166
947	1143
947	384
947	2331
947	3071
947	3441
947	3728
3410	1957
2583	3073
1825	1205
1906	2906
1906	2762
1906	1258
1906	2930
1906	3067
1906	3140
1906	4088
341	2898
341	3333
2898	1624
1672	565
839	3981
1189	2906
1189	4543
1189	279
1189	3025
1189	3637
1328	847
1328	2534
1328	3893
1328	1709
2906	4543
2906	4149
2906	1622
2906	2762
2906	1839
2906	3318
1084	1516
1084	337
1084	567
4543	1622
4543	3885
750	4137
4137	2353
2811	4535
2811	1703
4213	4475
2066	387
2066	2768
2066	66
2066	1501
2066	1105
2066	1875
2066	1992
2066	1998
3325	3745
474	3453
1520	3113
874	1622
874	3025
4149	279
1622	3025
1023	1568
1023	2469
3745	3495
2754	853
1516	1183
1516	928
1516	3958
1516	3292
1516	3826
1516	2963
1516	888
1516	767
1516	1318
1516	1395
1516	1606
1516	1716
1516	2604
1516	2873
1516	4048
969	4305
969	2534
969	2024
969	3591
847	2696
847	1953
4305	2534
4305	376
3196	1183
2024	3591
2024	2827
2024	4475
2007	1183
2007	3602
2007	894
2007	2895
2007	4519
3265	4383
1092	1143
1092	982
222	2834
222	3415
1183	1690
1183	4244
1183	4221
1183	4031
1183	2071
1183	4063
1183	888
1183	195
1183	505
1183	1404
1183	1613
1183	1877
1183	1878
1183	2329
1183	2540
1183	3215
1183	3317
1183	3339
1183	3342
1183	3435
1183	3652
1183	3675
1183	3768
1183	3808
1183	3885
1183	4286
1690	4244
2736	3727
4438	4475
589	2594
2737	718
3602	2963
3602	3872
2765	2446
2417	2330
2417	2071
387	2181
387	3086
387	4385
387	2553
387	1998
387	4434
1037	4244
4383	2014
4101	1346
3662	4489
3958	3030
3958	376
3958	2257
3958	3140
1439	1105
108	1355
108	949
2827	4475
3292	4441
3292	4166
3292	1143
4475	1685
4475	3358
4475	1026
4475	4444
4475	1529
4475	2546
4475	4460
4475	76
4475	325
4475	583
4475	773
4475	1228
4475	1773
4475	1775
4475	1842
4475	1877
4475	1878
4475	2943
4475	3489
4475	3970
4475	3861
4475	3920
4475	3987
4475	4009
4475	4040
4475	4523
2181	1746
4388	825
4388	4444
825	3975
3086	3360
3086	2768
3086	533
3086	1501
3086	2384
3086	1105
3086	927
3086	1875
3086	1992
3086	1998
3086	2396
3086	2796
3086	2978
10	2201
58	2169
2361	3478
790	1105
1258	2930
3360	2768
3360	66
3360	1105
3360	1048
3360	2553
3360	1992
3360	2396
3360	3459
3209	45
853	2343
2391	3194
4385	2768
4385	1105
1721	3584
3358	1026
3358	4444
3358	3872
3358	4290
1026	4444
1026	2277
1026	2935
1026	3872
1026	4290
2330	3596
210	3677
1529	3981
1529	3087
3933	1388
3933	1525
4467	251
3826	3393
1673	3596
3596	1992
3815	3424
288	152
15	1833
15	3453
15	3235
2343	4360
2343	3566
4360	2926
3554	573
2768	1105
2768	70
2768	2553
2768	1998
2768	3677
4125	66
751	3443
751	3227
751	76
3893	4321
968	3087
1044	2328
1044	3333
533	4276
533	927
533	1080
533	2553
533	1992
533	1998
533	3065
533	4434
3216	1355
3122	3961
4460	4214
1249	45
2169	4259
2169	3728
2169	3872
3478	2328
3478	117
3478	780
3478	3730
1247	894
1753	2328
1753	1484
66	67
66	68
66	1137
66	1922
66	2746
66	3459
2701	2012
113	1484
2963	2276
3220	2276
2276	3110
2276	2710
1108	1483
1108	3560
3095	1660
3538	1501
3538	160
879	748
3087	446
3087	936
3087	4292
1590	121
4403	3784
4441	1143
4166	1143
1143	3333
4024	2335
4024	3975
2672	2328
3993	1788
3993	3698
3993	3566
3104	3
3104	3466
2335	3975
2681	2242
846	2975
3187	2887
1501	67
1501	2553
1501	4434
982	3071
3685	4456
2229	1048
2384	2553
1105	2553
3955	740
4095	4132
1330	3885
980	206
2328	2978
2328	4396
5	3235
2201	1743
888	376
888	1660
888	3140
70	2632
89	2683
121	1853
146	3987
156	2277
160	935
200	1379
213	2234
218	1769
218	2675
271	384
312	4519
351	3356
2784	3333
3612	1231
446	4216
453	2989
520	2138
521	1875
530	1125
632	2557
730	3113
881	2277
927	2553
927	1998
927	2294
964	3470
995	4138
1078	2277
1125	3331
1125	3235
1137	4153
1217	3614
2553	1875
2553	1998
1358	1875
1377	2107
1407	3769
1568	3698
1568	1191
1568	1577
1568	3566
1572	3403
1617	3049
1617	4434
1624	3331
1630	3049
1636	4013
1706	2839
1875	1908
1875	4434
1900	3752
1970	3698
1992	1998
1992	3065
1992	4434
1998	2072
1998	3529
1998	3065
1998	3459
1998	4434
2006	3642
2020	3695
3698	3529
3698	4434
3698	1191
3698	1577
3698	3566
2072	3331
2360	3400
2531	2621
2531	2597
2549	3560
2632	3066
2714	2820
2714	2978
3333	3005
3333	3172
3333	3418
2783	3304
2785	3806
2832	3014
2952	3140
3049	4434
3495	3695
3517	3530
3584	3728
3607	1191
3650	4134
3836	4153
4040	3331
1833	4431
4109	4519
3453	3235
2316	3294
1307	3294
1596	225
1307	225
564	225
698	3744
4263	3744
907	137
2017	137
3039	2813
628	348
1783	2894
4475	2894
3478	2894
3614	2894
696	2646
2828	46
2454	2911
199	2911
4530	2911
857	1041
3940	1041
2018	1041
648	1041
3019	1041
1111	1041
1811	1041
1351	1041
3908	1041
866	1041
222	1041
1183	1041
928	1041
3997	3077
4186	3077
1499	3077
3087	2814
11	3475
489	3475
196	1594
2436	1594
3876	1594
199	1655
3095	1655
2504	1011
1516	1011
1277	1610
172	1610
2583	1610
2905	1610
4055	864
2454	864
4237	864
830	864
110	864
3578	2465
199	2465
554	2465
542	857
1312	857
1811	857
3907	857
172	857
1264	857
4475	857
3333	857
4405	696
2865	696
3665	696
4248	696
899	696
39	696
810	696
2578	696
4263	696
4195	696
3646	696
4305	696
2534	696
26	696
3993	2968
724	3299
2848	3105
2454	3105
3287	3105
73	3105
144	760
1971	760
4392	760
3585	3940
2361	3940
505	3940
38	2119
4074	2119
3197	2119
3410	2119
3893	2119
4074	654
2316	654
4281	654
502	654
4551	654
3893	654
4439	203
1579	203
3167	203
3356	203
687	891
4392	891
2450	891
3955	891
3612	891
1881	245
1569	245
475	245
1117	245
3086	245
2768	245
533	245
1105	245
927	245
2553	245
1992	245
1998	245
2978	245
3595	3973
2757	1438
3807	1438
2936	3183
2504	326
242	326
1000	326
1739	284
780	284
1837	284
3868	1539
2578	1539
2130	4541
1278	4541
2221	4541
1007	4541
1084	4541
2454	436
2402	436
3626	529
2018	529
1402	529
2018	3626
1402	3626
2454	2780
4323	3369
4263	3369
3997	3369
1084	3369
1358	3369
1374	3369
11	4323
4435	2603
1858	2603
224	2603
4422	2603
101	2603
1858	4435
637	4435
392	1818
4299	1818
2239	392
4225	392
2426	3853
1111	95
2236	3567
814	3567
3126	3567
2447	3567
1764	3567
265	3567
1714	3567
4215	3567
817	3567
3332	3567
870	3567
3682	3567
2361	3567
1289	2086
2765	2086
2454	2426
1035	3173
1183	3173
3333	3173
2513	2105
3778	2105
542	2105
2433	2105
3778	2513
542	2513
2433	2513
3335	2513
542	3778
2433	3778
3126	3778
686	3778
626	663
2056	663
4537	663
2511	663
3324	663
3716	663
1709	663
1223	2278
263	2278
535	2291
3585	3226
429	3226
3285	3226
2612	3226
3167	3226
535	826
3285	826
1801	3512
888	3512
1992	1880
4203	989
2226	791
1952	791
1394	791
2402	791
1800	791
1024	791
1458	791
4386	791
1795	791
3333	791
2433	542
189	542
3618	542
2226	542
319	542
4429	542
3126	542
324	542
1434	542
3335	542
14	542
4539	542
59	542
2109	542
4114	542
1000	542
4112	542
686	542
554	542
1906	542
1092	542
2660	542
3335	2433
3793	2433
4475	2433
1344	2285
4103	2285
1596	2285
863	2285
862	2285
2301	2285
3497	4556
1747	4557
1569	4557
728	4557
1080	4557
1927	597
925	597
1758	597
3228	597
1988	597
3191	597
3900	597
1437	597
1847	597
2550	597
3539	597
1234	597
2181	597
1086	597
888	597
3923	597
2848	772
1498	772
841	772
2726	772
1805	772
4327	2312
1750	2312
3396	2312
4083	2312
1183	3616
2454	3504
3557	3504
3695	3504
1977	4516
4263	940
2301	1435
1556	4546
1701	4546
1988	4546
3560	4546
3681	1392
3797	1392
1563	1392
2861	1392
724	1392
1299	1392
1406	1392
554	1392
2963	1392
446	1392
3238	1556
2402	3681
3287	3754
3216	3663
1355	3663
4444	635
648	3732
4554	4430
4475	4430
2695	189
1596	189
1307	189
564	189
2436	189
554	189
1092	189
3333	189
3872	189
1249	4270
2516	920
897	3694
1843	2505
1881	2505
2367	2505
193	2505
4511	3865
110	3865
3333	3865
2367	3573
475	3573
3191	3573
2313	3573
1264	3573
554	3573
2066	3573
3086	3573
533	3573
2553	3573
1998	3573
4434	3573
172	2148
1524	2148
841	4025
3086	734
2007	2497
1183	2497
814	2236
2993	2236
3278	2236
3907	2236
3335	2236
2188	2236
3986	2236
1847	4405
4305	4405
376	4405
3100	4405
1952	2298
4097	2298
3335	2298
1906	2298
3478	2298
2398	2082
1277	2082
3269	2082
4475	2082
2343	2082
4360	2082
3566	2082
571	3107
947	3107
4170	3107
1277	571
1806	3525
3893	3525
1606	3525
112	1293
3646	1293
564	1293
554	1293
3872	1293
4334	4299
804	4299
1824	4299
3453	4299
3235	4299
2443	4334
1971	4334
38	4334
2171	4334
2777	4334
4530	4334
3563	4334
1728	4334
859	4334
567	4334
2828	4334
4220	2056
4373	2056
3716	2056
872	2056
1524	2056
839	2056
66	2056
2244	4537
479	2244
3293	2423
3494	2423
1512	2423
3678	2423
535	921
1272	921
489	921
3646	2265
370	2265
3087	2265
1429	1327
865	1327
3235	1327
4436	1312
611	1312
2993	1312
741	1312
720	1312
706	1312
1850	1312
108	1312
489	4372
3039	2267
687	154
1277	3673
1623	3673
3278	144
3553	144
1850	144
350	144
2425	144
3235	144
171	4375
52	3001
906	3001
947	3001
2402	2757
1291	3791
888	3791
3750	1806
3087	153
2855	1345
475	1345
2424	883
3039	3293
4243	3293
1729	3293
814	2848
237	2848
3524	2848
863	2848
862	2848
3633	2848
2494	2848
4223	2848
4281	2848
3793	2848
3628	2848
1166	2848
1071	2848
2939	2848
3498	2848
2726	2848
1805	2848
2567	2848
4426	2848
117	2848
498	2848
1475	2848
2188	2848
2315	2848
934	3983
489	3983
1277	1343
280	1343
2942	1343
2454	409
112	409
4475	409
3952	4143
3960	4143
1797	4143
3958	4143
1850	4143
3187	4143
3685	4143
1842	4143
2473	4143
2873	4143
3806	4143
3287	3072
1850	3072
180	3072
2338	2967
267	2967
19	3717
648	3717
513	3717
3792	3717
1183	3717
1037	3717
4475	3717
19	2695
2164	2695
2231	2695
513	2695
2947	2695
1037	2695
4244	2695
853	2695
2021	3135
2398	3135
2760	3135
4229	3135
4530	3135
1864	3135
4324	3135
118	4019
1564	4019
2292	3460
3958	3460
937	1637
724	4345
4352	4345
3242	4345
3688	4345
1309	4345
3192	4345
874	4345
1622	4345
1172	4345
3324	2428
937	2428
2200	2428
3575	2428
4327	2428
2135	3618
1150	3618
3503	3618
916	3618
3478	3618
2199	3618
2415	4371
77	4371
2768	1747
3893	1747
2447	253
2687	253
172	253
4475	2657
3989	2961
1189	2961
814	2511
2687	2511
2031	2511
1512	2511
862	2511
3397	2511
2109	2511
1524	2511
2754	2511
1753	2511
4237	4433
1307	4433
222	4433
4426	4433
3087	4433
2418	2715
1687	2715
3319	2715
648	19
513	19
1566	19
1676	19
3792	19
418	19
1037	19
4244	19
1753	19
1234	3281
1563	2164
2305	2164
805	2164
752	2164
2939	2164
1524	2164
554	2164
2754	2164
3292	2164
853	2164
121	2164
1563	2231
805	2231
752	2231
2939	2231
1309	2231
2754	2231
121	2231
3333	2231
2687	629
38	2226
1971	2443
3039	2443
686	2443
859	2443
567	2443
3478	2443
3235	2443
3039	1971
3394	1971
1602	1971
3197	1971
370	1971
263	1971
686	1971
2906	1971
4281	3980
4475	3980
1402	2018
3145	2018
4305	2018
1298	2018
376	2018
2947	38
2337	38
3075	38
1728	38
3503	38
1516	38
1850	38
2361	38
1462	38
3473	38
2454	1402
2416	599
969	4111
622	737
3907	737
947	737
2169	737
513	648
2504	648
1623	648
1516	648
1037	648
4244	648
3907	513
3792	513
4386	513
1524	513
1037	513
4244	513
4221	513
2328	513
2576	3039
1264	3039
686	3039
2990	3039
3407	976
30	976
2519	1538
2171	319
2662	617
726	617
1603	617
720	617
2169	617
535	622
3907	622
2864	622
3539	622
1150	622
527	622
802	622
947	622
384	622
900	622
2331	622
2891	622
3071	622
1605	622
2171	4429
4176	1563
2489	1563
3335	1563
1800	1563
853	1563
2567	1563
15	1563
3087	1563
160	1563
3612	1563
3453	1563
3235	1563
313	3116
383	3116
628	3116
4475	3116
736	535
3055	535
99	535
2533	535
3583	535
4373	535
1524	535
1685	535
2169	535
3095	535
466	535
486	535
1125	535
1420	535
3789	535
3929	535
3019	2981
4263	2981
2881	3407
1830	3407
2775	3407
1174	3407
3758	3407
30	3407
2017	3407
3192	3407
4265	1214
2456	2879
1277	2879
2673	2879
866	2879
1732	2879
843	2879
3297	2879
628	2879
3662	2879
591	2879
1873	2879
4489	2879
724	2865
576	2865
2139	885
242	885
1986	188
1986	177
1197	177
4392	2302
2454	2302
1191	2302
4513	3394
1355	4176
2252	454
4146	3954
3375	3954
1394	3954
1259	3954
4281	3954
4186	3954
4386	3954
1183	3954
1026	3954
2276	3954
2572	3954
1824	3954
639	267
4499	267
364	267
397	267
755	267
2736	267
66	267
724	639
1264	639
4305	639
4117	4499
2454	4499
4413	4499
788	4499
3727	4499
2257	4499
2724	4499
3972	4499
3431	2881
417	2881
356	2881
2775	2881
1174	2881
30	2881
2017	2881
3192	2881
376	2881
3287	1580
4237	1580
2337	37
2230	37
2762	37
866	4107
3297	4107
1456	4107
1516	3824
3196	3824
3523	3198
1952	3198
4490	3198
2567	3198
4195	3665
2534	3665
2407	281
1756	281
3074	281
2454	281
1052	281
1795	281
4487	1701
3527	1701
3272	1701
33	1701
4044	1701
3716	1701
3560	1701
3769	1701
3040	4487
4551	4487
1529	4487
4165	4487
1550	3527
3095	3527
782	3527
2402	165
1183	165
2963	3783
3087	3783
3585	118
3287	118
4551	118
1524	118
3138	118
956	118
610	1614
2458	1614
2400	1614
475	2501
2383	2501
3595	1843
475	1843
3191	1843
724	1843
1264	1843
3086	1843
3065	1843
1324	700
3595	1881
3445	1881
2367	1881
475	1881
3191	1881
1838	1881
2313	1881
1518	1881
1264	1881
2565	1881
2066	1881
4280	1881
3086	1881
533	1881
65	1881
70	1881
2553	1881
1998	1881
2294	1881
4434	1881
1464	4313
831	4313
1183	1979
570	1561
265	1561
1579	1561
66	2139
937	570
4229	2636
847	2636
2468	4146
2021	2468
2436	2468
113	2468
3333	2468
2140	814
3859	814
2578	814
3222	814
4386	814
239	814
1084	814
4137	814
474	814
2746	814
3614	814
2454	1927
3087	1927
2398	2957
2216	2957
3776	2957
1943	2957
601	2957
1000	2957
2591	2957
1524	2957
1906	2957
1092	2957
968	2957
4040	2957
4088	2957
1569	3595
1986	3595
1974	3595
3590	3595
1197	3595
2142	3595
724	1758
3919	1783
3585	1783
1115	1783
3021	1783
3907	1783
3620	1783
1952	1783
741	1783
2610	1783
3242	1783
3244	1783
3287	1783
1491	1783
3997	1783
841	1783
1550	1783
502	1783
2376	1783
2486	1783
105	1783
3644	1783
1549	1783
1183	1783
347	1783
773	1783
1164	1783
1374	1783
4253	1783
2106	1783
947	3126
1266	3516
2050	3516
2049	3516
3764	3516
3792	3272
680	3272
4117	507
3019	507
4281	507
3997	507
4130	507
678	507
3222	507
1328	507
2007	507
3827	507
740	507
2563	507
3235	507
3955	4436
724	3324
947	3324
4536	3312
3697	3312
2436	3312
3876	3312
3574	4509
3397	4509
3114	4509
2225	2606
3238	2606
408	2606
3597	2606
3109	2606
554	2606
293	2606
3238	2225
3585	3238
822	3238
3278	488
594	488
1485	3445
387	3445
2768	3445
66	3445
1501	3445
1105	3445
1875	3445
4309	2573
3159	1546
4080	1546
2768	1546
2335	1546
2677	1546
4088	1546
246	3431
1449	3431
3192	3431
1189	3431
2906	3431
4543	3431
279	3431
4225	3431
3523	3868
788	3868
2578	3868
4263	3868
421	3868
4010	3868
1977	3868
2454	1063
1445	1063
15	1063
30	1830
2017	1830
1645	1830
1516	4258
1183	1444
2071	1444
3763	3195
4475	3952
516	246
1449	246
1543	246
272	2224
274	2224
112	2224
1794	2224
3570	2224
3602	2224
2454	11
199	11
3014	2571
2358	2209
3287	401
4525	4492
2135	4492
1491	4492
4080	4492
4057	736
99	736
4327	736
2726	544
4426	544
3314	3582
1800	2021
3332	2021
489	2021
872	2021
583	2021
1862	410
2293	2001
4263	2001
3013	4059
1339	4059
610	4059
3585	3919
1115	3919
2316	3919
1259	3919
2402	3919
3287	3919
2748	3585
2708	3585
1115	3585
4525	3585
3921	3585
1551	3585
3145	3585
2316	3585
1259	3585
2402	3585
739	3585
3314	3585
610	3585
502	3585
1432	3585
3218	3585
108	3585
4018	3585
2198	3585
2601	3585
1309	4355
3876	4355
4236	4355
841	4074
3087	2093
389	2093
1524	2564
752	1891
2276	1891
4419	1891
2106	1891
199	4471
2906	4471
4543	4471
1201	2504
1197	2504
2454	2504
618	2504
3958	2504
1172	2504
1611	2504
435	2504
1147	2504
1157	2504
1231	2504
1235	2504
1636	2504
2873	2504
1191	2504
93	4248
1954	4248
2963	4411
1875	4411
3021	3828
1951	3828
3912	3828
905	3828
3925	3828
1763	3828
2017	2189
3773	2272
2317	1314
634	1314
3539	1314
215	1314
470	1314
4066	1314
4386	1314
2660	1314
3508	1314
4134	1314
1084	3405
59	2016
99	2171
1569	1302
3997	2748
2328	2748
4422	2662
4172	2662
4011	2662
1183	746
58	746
1416	899
502	804
1557	2062
576	1238
610	2293
2583	2293
3697	4536
1234	4536
3333	4536
2454	2922
3841	2922
2855	908
4322	908
3478	2720
3389	4117
311	4117
1914	4117
2735	4117
782	4117
1393	4117
1583	4117
1652	4117
2103	4117
554	682
3907	324
2301	324
4263	364
2011	2708
1328	2708
1178	2708
1344	4432
4103	4432
1344	1119
1341	2447
638	2447
1322	2447
4535	2447
3903	2447
743	2447
2958	2447
3670	2630
3628	2630
2726	2630
4263	3013
1084	80
4262	80
3907	1868
172	1868
3597	1868
741	1868
126	1868
1307	1868
1378	1868
1416	1868
594	1868
4114	1868
2612	1868
1382	1868
3019	300
4263	300
1516	300
3907	219
2454	1585
1551	1115
2402	1115
4134	1115
2324	3406
2169	3740
4247	3670
3197	3670
2454	3670
3597	3670
1375	3670
4215	3670
4281	3670
1676	3670
1071	3670
2939	3670
2726	3670
4222	3670
2899	3670
2328	3670
2436	4032
3876	4032
1974	2367
475	2367
2092	2367
2066	2367
3086	2367
533	2367
927	2367
2553	2367
1998	2367
3529	2367
4434	2367
2034	1768
3094	1768
3553	1768
1986	1569
56	1569
1974	1569
3165	1569
475	1569
3191	1569
4554	1569
690	1569
2313	1569
1117	1569
1467	1569
4373	1569
2949	1569
2066	1569
3086	1569
1715	1569
533	1569
777	1569
2553	1569
1998	1569
475	1364
3086	1364
2553	1364
3191	2855
2376	2855
1117	2855
158	2855
45	2855
172	359
3597	359
2610	359
3963	359
634	359
126	359
489	359
3818	359
4222	359
2928	359
1672	359
2754	359
565	359
2880	645
4392	2777
4103	1344
2301	1344
3579	1344
475	1986
397	1986
3086	1986
2553	1986
3827	114
199	4235
4530	4235
4233	4235
1788	4235
2454	3249
3586	3249
2596	3249
2928	3249
1838	1748
3728	1748
637	3711
724	1201
1988	2835
3020	2835
2114	2835
2768	2835
3165	56
2454	56
475	1974
3191	1974
69	1974
3086	1974
2553	1974
3646	1464
3086	1464
2949	3165
3292	3165
2887	3165
2301	4103
3579	4103
2939	3590
637	3590
3360	3590
66	3590
865	3412
549	3825
960	2398
2070	2398
628	2398
4475	2398
1047	2398
2017	238
819	238
2110	238
3908	1391
554	1391
1516	552
4229	2337
1000	2337
3478	2337
3019	3290
2454	3290
846	3290
623	3290
2942	3290
1181	3276
846	3276
2975	3276
4382	2639
637	191
3245	3090
2383	475
1838	475
2751	475
2313	475
1117	475
3960	475
2661	475
2203	475
387	475
3360	475
3827	475
2768	475
533	475
2384	475
1105	475
927	475
1875	475
1992	475
1998	475
3086	471
824	237
2313	237
3819	237
1860	237
2629	237
4317	237
1811	3494
1227	3494
2984	3494
2343	3494
2963	3494
846	3494
110	3494
1746	3494
2975	3494
3287	1913
4475	1913
1277	2456
2673	2456
1732	2456
3297	2456
2962	2456
3179	2456
4489	2456
2454	2108
3020	2108
3046	2108
741	3064
4530	3064
1266	3064
4282	3064
823	3064
45	3064
1099	2156
1596	1821
2213	1821
1906	1821
4214	1821
3333	1821
3872	1821
1277	3143
2094	3143
2238	3143
2939	3143
2726	3143
1199	3143
465	2668
2978	3799
1673	983
2687	1342
1744	1342
2066	3414
2221	1285
927	1285
2100	1285
2007	1988
1917	176
4392	417
1838	417
3287	417
1289	417
16	417
1264	417
3538	417
136	417
2198	417
2580	417
2684	417
3541	417
428	2129
121	2129
724	4510
3095	2098
370	1764
2942	1764
805	302
1277	4057
2993	4057
2089	4057
706	4057
2316	3437
3193	708
3907	708
2292	1187
172	1959
2402	1959
224	1959
3589	1959
4245	1959
3287	1959
3697	1959
1071	1959
3430	1959
4222	1959
2514	1959
3287	3481
3138	3481
1429	1341
801	408
4186	3543
4475	3543
2687	3019
1557	3019
4263	3019
4201	3019
1831	3019
4305	3019
4388	3019
3095	3019
1143	3019
2369	3019
1381	1566
3907	1566
172	1566
3597	1566
3738	1566
274	1566
4271	1566
1307	1566
1249	1566
1307	1381
823	1381
4539	907
199	907
4149	907
3110	907
3654	907
1870	2687
2316	2687
340	2687
2439	2687
3448	2687
3958	2687
4388	2687
2399	2687
2660	2687
1443	2687
1143	2687
3	2687
376	2687
1319	2687
4242	1111
594	1111
1183	1111
928	1111
4244	1111
407	1811
222	1811
3415	1811
4092	1811
3657	4267
637	687
1264	687
2332	687
3903	687
1568	687
2597	687
4553	1138
2986	1138
287	1138
2316	4197
4448	679
3287	1278
3993	1278
1191	1278
1577	1278
66	2413
3287	428
886	428
686	428
1590	428
121	428
1678	3611
3287	2861
3151	3159
3485	1277
4525	1277
2993	1277
2011	1277
2252	1277
1504	1277
2673	1277
2997	1277
843	1277
720	1277
197	1277
2647	1277
3127	1277
4388	1277
4058	1277
13	1277
236	1277
1014	1277
1377	1277
4153	1277
4489	1277
4237	3485
3169	3485
3287	1255
841	1255
922	1255
2993	2324
2243	1267
3716	1267
872	1267
1524	1267
99	652
554	652
4475	652
4307	2031
248	2031
1906	2031
1298	2031
2316	4157
48	1181
1512	1181
1602	1181
3523	1181
3589	1181
4240	1181
1512	48
4229	538
4229	3851
502	1512
199	4525
16	4525
3333	4525
521	1782
1048	1782
1524	2716
2939	3921
1596	1090
199	254
4530	1634
1964	3191
2383	3191
1117	3191
4555	3191
554	3191
387	3191
3086	3191
3360	3191
2768	3191
533	3191
1501	3191
2229	3191
2384	3191
1105	3191
927	3191
1875	3191
1992	3191
1998	3191
2454	3021
172	3021
2441	3021
57	3021
1298	3021
2106	3021
2089	2993
1739	3245
3583	3245
2675	3245
4386	1739
2675	1739
270	1557
378	1557
2760	1557
724	1557
4223	1557
2147	1557
4350	1557
2096	1557
2688	1557
4028	1557
1298	1557
1216	1557
2328	1557
5	1557
1801	1557
888	1557
498	1557
691	1557
4165	1557
2454	1486
2229	1486
1875	1486
3541	1486
465	4351
1346	4351
268	1602
3876	1602
3935	1602
2567	1602
1010	2254
3411	2254
841	2437
1516	2437
426	2992
4184	1596
170	1596
1375	1596
903	1596
1162	1596
3364	1596
1200	1596
2688	1596
3958	1596
4426	1596
1723	1596
4338	1596
4474	1596
2663	1596
4184	2584
903	4184
1797	4184
3958	4184
2578	3465
739	3465
274	3465
4245	3465
2726	3465
4426	3465
3469	3712
1183	3712
3874	4540
754	732
172	4055
2415	4055
2939	4055
1932	4055
2454	1756
1282	4308
4327	4308
378	2763
863	3953
4137	3953
2353	3953
4426	4073
3821	3211
2948	3211
2066	3211
2750	3211
3086	3211
1501	3211
1105	3211
1992	3211
3756	3211
4000	3211
3821	3144
2948	3144
3269	3144
3285	516
610	516
3815	516
2136	3947
2402	184
3553	184
4506	184
1751	184
2454	2946
2454	616
1227	616
724	2442
2358	2442
3997	3278
370	3278
1264	3278
3610	3278
2997	2113
3859	2140
2689	2140
239	2140
474	2140
3453	2140
4263	4553
383	801
1150	801
628	801
2948	3821
4229	2948
1130	2948
554	4120
3523	3907
2304	3907
1800	3907
4240	3907
2774	3907
4172	3907
4114	3907
1524	3907
947	3907
2169	3907
2328	3907
3523	2864
947	2864
2169	2864
555	4151
1264	4151
265	2576
3597	2576
638	265
199	265
1850	265
2361	265
4485	378
1416	378
594	378
4114	378
1024	378
1000	378
1458	378
3627	3939
3287	3939
126	3939
637	465
3657	824
3503	824
4129	3859
2689	3859
239	3859
474	3859
3109	3941
862	863
4245	863
4077	863
3297	863
1844	863
4011	863
3138	863
1516	863
1183	863
2963	863
172	82
489	82
4327	82
2578	862
1467	862
3729	862
2109	862
3138	862
4444	862
565	862
1378	4439
248	3820
1264	1197
4554	1962
3020	1962
554	1964
2809	960
1307	960
2647	960
110	960
67	2383
3287	2216
14	3523
1524	3523
1906	3523
1092	3523
3333	3523
3287	569
2454	4064
4105	2964
3094	2034
3287	2034
1050	3094
2070	3094
280	3094
628	3094
4530	2397
3138	3074
1906	3074
3893	79
1282	3197
3893	3197
2305	2457
3354	2457
1183	2457
2454	2305
853	2305
440	1564
201	1564
555	483
1259	2489
112	2489
3511	2489
3478	2489
937	242
1947	3361
502	2175
4548	3578
3539	3578
418	3578
2688	3578
4535	3578
1795	3578
3364	3856
2313	3856
1805	3633
4426	3633
498	3633
3448	170
4327	170
2583	170
1906	170
3122	170
777	749
3125	4392
3570	272
3354	272
2303	4243
3373	4041
4263	4041
750	3207
2183	2665
1183	3055
2402	3667
3566	3667
4472	3469
3287	3469
1550	3469
1842	3469
2785	3469
2009	2454
4215	2454
4414	2454
4548	2454
2206	2454
895	2454
33	2454
4374	2454
1313	2454
2936	2454
3655	2454
69	2454
4539	2454
2984	2454
575	2454
1075	2454
1871	2454
4011	2454
3056	2454
2477	2454
3780	2454
3935	2454
1949	2454
3444	2454
1591	2454
2591	2454
1179	2454
1645	2454
3020	2454
3166	2454
3931	2454
1189	2454
1084	2454
2696	2454
2024	2454
279	2454
4280	2454
2859	2454
1721	2454
1216	2454
210	2454
1673	2454
3117	2454
3095	2454
3187	2454
3393	2454
54	2454
1801	2454
68	2454
121	2454
125	2454
146	2454
287	2454
433	2454
446	2454
479	2454
709	2454
896	2454
1032	2454
1095	2454
1110	2454
1157	2454
1457	2454
1568	2454
1572	2454
1582	2454
1626	2454
1823	2454
1842	2454
1865	2454
2103	2454
2128	2454
2188	2454
2369	2454
2412	2454
2451	2454
2586	2454
2621	2454
2671	2454
2732	2454
2746	2454
2770	2454
2870	2454
2882	2454
3012	2454
3049	2454
3092	2454
3100	2454
3113	2454
3302	2454
3386	2454
3438	2454
3458	2454
3577	2454
3580	2454
3605	2454
3625	2454
3629	2454
3715	2454
3789	2454
3808	2454
3881	2454
4009	2454
3331	2454
4332	2454
2106	2454
3680	2454
322	172
741	172
3287	172
3997	172
841	172
3332	172
30	172
3624	172
4112	172
2661	172
1143	172
748	172
3521	172
3806	172
3287	4306
1550	4306
1298	4306
3287	1434
3997	1434
2546	1434
1678	4513
1328	4513
4403	4513
3255	4513
4161	4513
201	440
3644	440
3958	2011
10	2011
2361	2011
15	2011
1259	1551
2402	1551
502	1551
1264	1551
3086	3678
2768	3678
1339	810
4263	810
3287	810
2928	810
686	810
1084	810
3521	788
3584	1029
937	548
2187	548
289	2076
1183	1099
724	1196
4245	3597
489	3597
1608	3597
3716	3597
2754	3597
3882	3597
2276	3597
3603	3042
1183	4169
1407	4524
2316	726
199	726
3646	1952
15	1952
823	322
1970	322
4489	322
4444	3518
33	2578
805	2578
4166	2578
1353	2578
3109	2712
1264	2269
2928	741
3818	1272
2276	1272
853	3738
2640	3576
980	1489
2393	2009
2017	2009
4265	2976
99	4069
4426	1375
3087	4256
4530	697
3925	1951
243	1714
1652	1714
2136	1714
3478	1394
2255	1394
3119	1394
1307	4030
3333	4030
224	1498
1805	1498
4444	1498
4426	1498
1259	2316
2402	2316
3314	2316
2092	2316
502	2316
469	2316
1150	2316
4326	2316
1020	2316
4225	2316
1188	2316
2087	2316
2795	2316
3707	2316
2402	1259
502	1259
1043	1259
913	1259
872	1259
4068	1259
1189	1259
2906	1259
3478	1259
3095	1259
2078	1259
2772	1259
464	2402
903	2402
3793	2402
502	2402
866	2402
3742	2402
3449	2402
1057	2402
4539	2402
199	2402
2017	2402
4551	2402
1416	2402
4114	2402
1445	2402
3127	2402
1189	2402
2906	2402
4149	2402
193	2402
4426	2402
1495	2402
1125	2402
1911	2402
199	4215
4229	4215
846	4215
4324	4215
4266	4215
4271	4466
3287	2610
3630	2610
1183	2610
565	2610
699	724
1847	724
903	724
201	724
582	724
2936	724
2089	724
489	724
59	724
1200	724
1548	724
3932	724
888	724
515	724
1217	724
1411	724
1419	724
2360	724
2839	724
3386	724
4298	724
2207	724
3539	2213
3073	2213
1537	249
1623	2243
1591	2243
1623	2230
1591	2230
2187	1282
3874	1282
4077	1282
274	739
4245	739
3498	739
2726	739
991	739
4222	739
2962	739
1833	739
4281	274
4245	274
1504	274
1071	274
3498	274
823	274
2514	274
2066	1838
3086	1838
4434	1838
2417	3763
1751	3763
2330	3763
2071	3763
1122	3763
3287	2669
1264	2669
3449	4446
1183	3285
1954	3285
3992	3285
566	937
947	937
1189	937
1060	937
2007	937
540	937
559	937
593	937
1157	937
1235	937
1598	937
1626	937
1723	937
1875	937
2036	937
2773	937
1087	3627
2436	3900
2136	3900
1501	4414
4481	3231
554	1567
338	1567
4327	268
59	268
4422	268
526	4463
3908	4463
150	4463
4448	4463
3908	526
311	526
4531	526
1442	526
637	526
1183	526
1690	526
293	526
1037	526
4244	526
311	3908
150	3908
1516	3908
1183	3908
1690	3908
928	3908
1037	3908
2117	3908
3287	311
1173	311
150	311
1516	311
1183	311
1690	311
4475	311
210	4512
3563	3651
1183	3651
879	3651
3728	2503
3575	2200
3511	2200
1328	2200
1516	2200
3133	2200
3575	4242
3704	3575
2169	3575
2990	3575
3076	3606
3854	1808
1847	1808
288	1808
376	1808
3140	1808
3729	2494
3635	918
554	2649
1837	224
2065	4097
1906	4097
2762	4097
3038	4097
1901	1503
263	1503
1901	4548
3874	3373
3556	3373
3593	2170
3086	2751
2632	2751
3318	4249
541	2135
367	2135
1171	4126
196	4271
2672	4271
1961	3873
3036	3873
59	2187
2178	2187
295	2500
3086	2500
1847	1675
3724	1847
278	1847
3601	1847
3364	1847
610	1847
4044	1847
4102	1847
3780	1847
2619	1847
1518	1847
239	1847
2730	112
1051	112
942	112
4482	112
818	112
4137	112
2353	112
783	3635
942	3635
4475	3390
522	2299
3287	4223
66	1623
2762	3720
1191	2690
3556	3874
3222	3874
3397	3874
4229	3874
1307	3874
59	3874
1442	638
1309	638
1549	638
1886	313
4229	313
4428	313
2689	313
4149	313
1174	2880
2017	2880
296	2880
4225	2880
4290	2880
4149	895
2906	2725
3646	903
3087	903
1550	33
1000	4263
3046	4263
4305	4263
113	4263
3529	4263
2369	4263
2963	201
4438	1901
150	3335
1264	3335
4105	3335
3511	4352
825	4352
3511	3242
825	3242
3079	3314
3511	3314
825	3314
2939	4307
489	4307
2276	4307
573	4307
2612	1793
1000	1793
1458	1793
4475	1793
523	3151
4475	3151
527	817
4475	4521
288	4521
4280	1917
193	1917
1998	1917
1716	582
2978	2092
805	4378
2567	4378
1183	3841
1853	2901
3287	3553
3354	3553
3861	3553
811	1678
1328	1678
1853	1678
565	3963
4245	4281
841	4281
2726	4281
1805	4281
4444	4281
4426	4281
502	3793
2017	3793
2726	3793
1805	3793
1189	3793
4149	3793
4426	3793
3333	3793
4245	3628
1071	3628
3421	3628
489	634
4426	1162
1166	4245
1942	4245
1071	4245
3498	4245
4222	4245
2940	4245
2514	4245
489	4150
4511	4150
1309	2439
554	2439
3333	2439
1801	3634
3511	3688
825	3688
2726	1504
2647	1735
1150	14
564	14
2436	14
3358	14
373	4437
2726	1166
1805	1166
565	1166
1484	1166
1266	811
847	811
879	811
2727	3287
57	3287
610	3287
2415	3287
1787	3287
4002	3287
2939	3287
580	3287
1591	3287
4083	3287
2114	3287
2486	3287
263	3287
1084	3287
2565	3287
1549	3287
3648	3287
2765	3287
2399	3287
982	3287
1852	3287
180	3287
1716	3287
1727	3287
2294	3287
2445	3287
2488	3287
2549	3287
2572	3287
3036	3287
3108	3287
3401	3287
3970	3287
3800	3287
3809	3287
3968	3287
4000	3287
4015	3287
841	2727
1550	2727
610	2727
2949	2727
841	1491
1550	1491
3364	1491
610	1491
2949	1491
1499	1491
1912	1491
3347	3230
47	3997
1451	3997
3452	3997
4095	3997
796	3997
2549	3997
3861	3997
610	841
2415	841
3534	841
610	1550
2415	1550
2765	1550
2927	1550
3560	1550
2313	3364
3347	3364
1456	3364
1264	3364
1549	3364
3826	3364
3903	3364
1501	3364
927	3364
3049	3364
3473	3364
2415	610
2313	610
2949	610
1499	610
4305	610
3822	610
2949	2415
1499	2415
3403	2415
150	4531
1516	4531
3393	2860
4188	44
3631	3571
3815	3571
515	3571
3540	3571
4475	2602
3342	4315
3818	3201
1524	2158
3086	4554
564	262
1981	3696
136	3696
2936	73
1266	73
1266	536
2007	1942
690	3989
1588	3989
1439	3989
3360	3989
2384	3989
1105	3989
1588	690
1439	690
3086	690
3360	690
2768	690
533	690
1105	690
2396	690
1439	1588
3360	1588
1105	1588
4475	3171
3065	3171
628	383
2612	383
1690	383
3117	1274
866	2673
1732	2673
843	2673
3297	2673
3662	2673
2242	2673
4489	2673
680	502
627	502
239	502
376	502
3235	502
4475	3510
4237	866
3297	866
1456	866
628	866
4237	3718
4237	618
4237	1940
1794	2094
4237	2094
685	2094
2935	2094
4237	4374
1860	1687
1524	1770
1524	1313
66	1009
1432	3671
248	1761
3333	1761
1516	1289
2762	1289
691	1289
4153	1289
3393	93
4024	2260
2335	2260
3975	2260
982	2260
1998	481
522	142
3331	142
2930	4044
3020	3499
1673	3499
1875	3499
2936	892
3843	892
47	892
4475	3917
3843	2936
3655	2936
2013	2936
948	2936
876	2936
805	2936
2811	2936
3596	2936
2828	2936
3655	3843
47	3843
948	3843
1816	3843
2174	3843
876	3655
805	3655
805	2013
2180	2013
3742	2651
805	876
3178	3742
1875	3742
2180	805
594	805
2110	805
1753	805
4201	2355
126	1800
3415	1800
3530	1800
150	1442
199	3332
564	3332
2436	3332
2963	3332
1084	2535
3827	3569
4237	1794
1057	4237
3646	4237
1352	4237
1795	4237
3333	4237
1117	2313
387	2313
3086	2313
533	2313
1105	2313
2553	2313
1875	2313
1992	2313
1998	2313
3333	2313
4229	1676
564	1676
1266	1676
1524	1676
1906	1676
846	1676
4324	1676
4266	1676
469	1426
2647	1426
1906	1426
2647	4240
2632	4240
4317	4240
3086	469
2978	469
3020	1117
3086	1117
3826	1117
1875	1117
637	4158
321	4284
565	4033
2276	4033
3697	3574
2416	3574
3792	3574
2192	3574
2192	3697
3511	3697
3631	461
291	3661
2192	3792
1432	3792
197	3792
1183	3792
1037	3792
3958	3792
2328	3792
888	3792
1932	291
3563	3539
1000	3539
2301	3539
2963	3539
3333	3539
3695	3539
3872	3539
3566	3539
1998	2142
3612	3448
307	3776
3646	752
1954	752
853	752
119	752
1358	1030
4475	1043
2647	4346
2110	4346
2558	2804
4149	3169
4266	3169
564	1150
1524	1150
947	1150
1092	1150
384	1150
3331	1150
295	442
4485	1173
2221	1173
1414	1173
3488	1173
1244	1173
1378	1173
1416	1173
594	1173
4490	1173
4114	1173
1024	1173
2612	1173
1000	1173
1458	1173
1429	1173
3333	1173
2941	1173
2221	4485
1414	4485
1244	4485
1429	4485
614	4485
3958	4485
297	4485
1429	2221
3095	2221
4114	1414
1429	1414
2328	1414
376	1414
1661	1414
1416	3488
4114	3488
1429	3488
1382	3488
2768	69
2396	69
3222	922
4511	922
825	922
30	2775
2017	2775
4543	2775
2906	1667
279	1667
4539	1057
199	1057
2017	1057
2906	1057
279	1057
4543	870
1622	870
3025	870
3192	30
3066	30
199	4539
2017	4539
2906	4539
4543	4539
4149	4539
279	4539
1801	4539
750	349
2017	199
2284	199
2906	199
4543	199
279	199
968	199
567	199
3140	199
3192	2017
1189	2017
2906	2017
4149	2017
1627	2017
3852	1248
3354	1248
3994	1854
3354	1854
3354	3852
2106	3852
4475	4186
3358	4186
1026	4186
4444	4186
4426	4186
4475	2283
3955	2753
1516	2809
3955	2809
4327	3646
988	3646
3958	3646
119	3646
755	3089
3227	527
753	126
564	126
3990	126
565	126
234	126
748	126
1773	126
879	258
748	258
4426	3994
2276	3994
2583	1945
843	1732
4058	1732
3442	1732
4489	1732
1906	4078
3421	1227
1906	1227
1183	2738
2186	3511
2906	3511
4137	3511
4225	3511
2726	1071
1298	1071
4426	1071
1429	1244
3333	1244
4551	2939
1328	2939
853	2939
991	489
4511	489
1429	489
4282	489
2940	489
2754	489
2963	489
2276	489
3110	489
2710	489
1707	489
2784	4322
2737	1832
1906	4551
912	600
912	601
2169	3269
3397	3222
4229	3222
1200	3222
1657	3222
25	3222
248	3397
4229	3397
1307	3397
1299	3397
3729	3397
628	3397
472	248
1863	248
3388	248
2906	248
1044	248
4166	248
2672	248
3878	248
3418	248
3489	248
1467	494
2110	4229
3127	4229
3046	4229
2898	4229
1850	4229
939	4229
953	4229
2169	4229
25	4229
146	4229
1220	4229
3584	4229
2436	1309
1000	1309
1949	1309
853	1309
3113	1309
4114	1307
1000	1307
1458	1307
1864	1299
2169	1299
1258	4327
4309	4327
748	4327
1824	4327
2070	564
1000	564
1645	564
1524	564
2567	564
1143	564
1191	564
1753	1467
2617	1467
3959	1603
554	1603
2519	587
381	3657
637	3657
3138	3657
865	3657
3648	3570
565	3570
947	848
4166	848
1143	848
3938	1541
4114	1541
1579	215
3625	522
3075	196
924	196
3815	196
2672	196
1861	3054
823	2997
1084	2997
2840	2997
3297	843
4058	843
4489	843
2647	720
733	4077
3583	4077
3750	4077
4011	4077
1524	4220
2906	2161
3729	59
3425	59
1230	59
3876	2436
418	3876
1000	3876
1484	3876
3360	4129
2145	370
1860	4004
3958	2532
1246	4530
2049	4530
125	4530
1409	4530
3235	4530
3421	3563
3993	3563
479	2145
1957	2145
2878	2145
968	3631
2773	3631
3577	107
1183	3354
3227	3354
2811	3365
3087	3365
1220	3365
2343	1352
3425	472
3425	1863
865	4066
1084	4066
4426	4066
4422	2774
4172	2774
2726	2774
1458	2774
4083	4428
2726	3498
1805	3498
4426	3498
3313	523
623	523
121	886
1456	3297
239	3297
3451	1456
1617	1456
3529	1456
3508	1456
3614	1456
1681	3425
2109	418
3109	418
337	418
1123	418
1416	2109
1024	2109
4475	2109
4028	150
1183	150
1690	150
928	150
1037	150
4244	150
4422	2431
4172	2431
4171	2431
4080	2431
280	2431
3583	2431
831	2431
341	2431
74	2431
236	2431
250	2431
307	2431
844	2431
4172	4422
4080	4422
2000	4422
3583	4422
4426	4422
4171	4172
3686	4172
4080	4172
280	4172
3583	4172
628	4080
1095	4080
1860	4080
2070	3814
1007	3814
628	3814
280	2070
1007	2070
2000	2070
3583	2070
1007	280
3750	280
628	280
4011	280
628	1007
1657	1007
2277	1007
3750	733
4011	733
4011	3583
2686	3750
636	3750
4011	3750
636	2686
4011	2686
4011	636
762	2726
1805	2726
1322	2726
1298	2726
4426	2726
3882	2726
1199	2726
580	1018
991	1018
1183	3897
3081	3433
718	149
146	3050
1416	1378
594	1378
4114	1378
1024	1378
2612	1378
1000	1378
1458	1378
1382	1378
113	1378
1205	1378
594	1416
4490	1416
4114	1416
1024	1416
2612	1416
1000	1416
4112	1416
1458	1416
3333	1416
4490	594
4114	594
1024	594
2612	594
1000	594
4112	594
1458	594
1906	594
1382	594
2612	4490
1000	4490
1524	4490
614	4490
1024	4114
2612	4114
1000	4114
1092	4114
1382	4114
113	4114
894	4114
2612	1024
1000	1024
1382	1024
3095	1024
1661	1024
2711	628
580	3063
991	3063
4426	3063
1475	3063
1957	3063
4475	580
1777	580
4095	580
4216	580
637	2495
3520	2495
1000	2612
4112	2612
1458	2612
1382	2612
1753	2612
4112	1000
1458	1000
1524	1000
3410	1000
1906	1000
1382	1000
113	1000
1480	1000
1458	4112
686	4112
554	4112
3410	4112
1382	4112
1723	4112
3728	4112
1382	1458
1753	1458
113	1458
15	4326
3451	101
2451	101
2604	3189
3451	2240
565	4222
905	3912
1763	3912
3925	905
4549	905
1763	905
2754	3421
2276	3421
1763	3925
1530	4511
3386	2962
4475	3960
2120	487
3647	487
2647	3192
4543	3192
279	3192
1183	1518
66	1518
4134	869
1499	3935
15	3935
947	802
686	4386
391	4386
3444	576
2120	576
2066	2661
3086	2661
2553	2661
4434	2661
1264	816
4475	1949
3138	1200
1298	1200
2622	1200
3614	1200
823	2928
113	2928
554	1406
2963	1406
554	2301
4063	2301
3403	2301
554	2688
4475	3444
2941	3444
2377	1591
3968	1591
1020	637
4233	637
896	637
927	637
1568	637
1606	637
1839	637
2352	637
4109	637
3970	124
751	1179
2020	1287
297	1429
1661	2284
1837	2284
3030	1266
4475	3479
4426	1805
498	1805
193	2614
1183	2608
193	2608
1709	2647
3086	2203
3065	2203
1499	2949
4489	2949
4383	818
1524	3716
823	3716
288	3716
1524	872
288	872
1499	1524
853	1524
2567	1524
3358	1524
1026	1524
307	1524
1205	1524
2675	1524
295	4282
3020	4282
4475	4282
66	4282
3020	295
1875	295
1264	3020
4448	3020
45	3020
995	3020
1249	823
1409	823
3625	495
2906	3127
2832	2114
3728	2114
369	1982
58	1982
2007	2347
4265	2347
239	2689
474	2689
2044	2689
3453	2689
1516	3046
3066	3046
1037	4028
1625	3109
2066	4555
3086	4555
70	4555
2553	4555
222	407
222	1474
1298	2186
3602	2186
2973	3388
2859	263
58	369
3086	1264
2784	1264
1260	1264
1998	1264
2173	755
865	239
474	239
3110	239
3366	239
3453	239
3235	239
3893	2940
2276	2940
1189	1020
3333	1020
4244	2292
3087	3355
865	549
3767	549
3235	549
865	3138
2567	3138
3415	3138
3418	3138
3235	3138
3235	865
1906	3503
3333	3503
3392	554
3637	554
1579	4549
1837	4549
1861	1579
4166	947
1143	947
384	947
2331	947
3071	947
3441	947
3728	947
1957	3410
3073	2583
1205	1825
2906	1906
2762	1906
1258	1906
2930	1906
3067	1906
3140	1906
4088	1906
2898	341
3333	341
1624	2898
565	1672
3981	839
2906	1189
4543	1189
279	1189
3025	1189
3637	1189
847	1328
2534	1328
3893	1328
1709	1328
4543	2906
4149	2906
1622	2906
2762	2906
1839	2906
3318	2906
1516	1084
337	1084
567	1084
1622	4543
3885	4543
4137	750
2353	4137
4535	2811
1703	2811
4475	4213
387	2066
2768	2066
66	2066
1501	2066
1105	2066
1875	2066
1992	2066
1998	2066
3745	3325
3453	474
3113	1520
1622	874
3025	874
279	4149
3025	1622
1568	1023
2469	1023
3495	3745
853	2754
1183	1516
928	1516
3958	1516
3292	1516
3826	1516
2963	1516
888	1516
767	1516
1318	1516
1395	1516
1606	1516
1716	1516
2604	1516
2873	1516
4048	1516
4305	969
2534	969
2024	969
3591	969
2696	847
1953	847
2534	4305
376	4305
1183	3196
3591	2024
2827	2024
4475	2024
1183	2007
3602	2007
894	2007
2895	2007
4519	2007
4383	3265
1143	1092
982	1092
2834	222
3415	222
1690	1183
4244	1183
4221	1183
4031	1183
2071	1183
4063	1183
888	1183
195	1183
505	1183
1404	1183
1613	1183
1877	1183
1878	1183
2329	1183
2540	1183
3215	1183
3317	1183
3339	1183
3342	1183
3435	1183
3652	1183
3675	1183
3768	1183
3808	1183
3885	1183
4286	1183
4244	1690
3727	2736
4475	4438
2594	589
718	2737
2963	3602
3872	3602
2446	2765
2330	2417
2071	2417
2181	387
3086	387
4385	387
2553	387
1998	387
4434	387
4244	1037
2014	4383
1346	4101
4489	3662
3030	3958
376	3958
2257	3958
3140	3958
1105	1439
1355	108
949	108
4475	2827
4441	3292
4166	3292
1143	3292
1685	4475
3358	4475
1026	4475
4444	4475
1529	4475
2546	4475
4460	4475
76	4475
325	4475
583	4475
773	4475
1228	4475
1773	4475
1775	4475
1842	4475
1877	4475
1878	4475
2943	4475
3489	4475
3970	4475
3861	4475
3920	4475
3987	4475
4009	4475
4040	4475
4523	4475
1746	2181
825	4388
4444	4388
3975	825
3360	3086
2768	3086
533	3086
1501	3086
2384	3086
1105	3086
927	3086
1875	3086
1992	3086
1998	3086
2396	3086
2796	3086
2978	3086
2201	10
2169	58
3478	2361
1105	790
2930	1258
2768	3360
66	3360
1105	3360
1048	3360
2553	3360
1992	3360
2396	3360
3459	3360
45	3209
2343	853
3194	2391
2768	4385
1105	4385
3584	1721
1026	3358
4444	3358
3872	3358
4290	3358
4444	1026
2277	1026
2935	1026
3872	1026
4290	1026
3596	2330
3677	210
3981	1529
3087	1529
1388	3933
1525	3933
251	4467
3393	3826
3596	1673
1992	3596
3424	3815
152	288
1833	15
3453	15
3235	15
4360	2343
3566	2343
2926	4360
573	3554
1105	2768
70	2768
2553	2768
1998	2768
3677	2768
66	4125
3443	751
3227	751
76	751
4321	3893
3087	968
2328	1044
3333	1044
4276	533
927	533
1080	533
2553	533
1992	533
1998	533
3065	533
4434	533
1355	3216
3961	3122
4214	4460
45	1249
4259	2169
3728	2169
3872	2169
2328	3478
117	3478
780	3478
3730	3478
894	1247
2328	1753
1484	1753
67	66
68	66
1137	66
1922	66
2746	66
3459	66
2012	2701
1484	113
2276	2963
2276	3220
3110	2276
2710	2276
1483	1108
3560	1108
1660	3095
1501	3538
160	3538
748	879
446	3087
936	3087
4292	3087
121	1590
3784	4403
1143	4441
1143	4166
3333	1143
2335	4024
3975	4024
2328	2672
1788	3993
3698	3993
3566	3993
3	3104
3466	3104
3975	2335
2242	2681
2975	846
2887	3187
67	1501
2553	1501
4434	1501
3071	982
4456	3685
1048	2229
2553	2384
2553	1105
740	3955
4132	4095
3885	1330
206	980
2978	2328
4396	2328
3235	5
1743	2201
376	888
1660	888
3140	888
2632	70
2683	89
1853	121
3987	146
2277	156
935	160
1379	200
2234	213
1769	218
2675	218
384	271
4519	312
3356	351
3333	2784
1231	3612
4216	446
2989	453
2138	520
1875	521
1125	530
2557	632
3113	730
2277	881
2553	927
1998	927
2294	927
3470	964
4138	995
2277	1078
3331	1125
3235	1125
4153	1137
3614	1217
1875	2553
1998	2553
1875	1358
2107	1377
3769	1407
3698	1568
1191	1568
1577	1568
3566	1568
3403	1572
3049	1617
4434	1617
3331	1624
3049	1630
4013	1636
2839	1706
1908	1875
4434	1875
3752	1900
3698	1970
1998	1992
3065	1992
4434	1992
2072	1998
3529	1998
3065	1998
3459	1998
4434	1998
3642	2006
3695	2020
3529	3698
4434	3698
1191	3698
1577	3698
3566	3698
3331	2072
3400	2360
2621	2531
2597	2531
3560	2549
3066	2632
2820	2714
2978	2714
3005	3333
3172	3333
3418	3333
3304	2783
3806	2785
3014	2832
3140	2952
4434	3049
3695	3495
3530	3517
3728	3584
1191	3607
4134	3650
4153	3836
3331	4040
4431	1833
4519	4109
3235	3453
