0	334
0	510
1	9
3	43
3	745
5	393
5	783
6	31
6	36
6	133
6	248
6	419
6	435
6	482
6	594
6	613
6	777
11	670
11	692
15	32
15	57
15	121
15	130
15	170
15	186
15	217
15	302
15	308
15	309
15	362
15	407
15	501
15	533
15	541
15	601
15	637
15	711
15	718
15	809
16	705
18	348
19	749
20	106
20	176
20	303
20	364
20	409
20	493
20	546
20	743
21	31
21	32
21	52
21	76
21	123
21	130
21	177
21	190
21	248
21	249
21	256
21	269
21	301
21	340
21	389
21	435
21	482
21	550
21	562
21	567
21	606
21	633
21	666
21	686
21	711
23	83
23	137
23	153
23	169
23	188
23	323
23	462
23	474
23	547
23	556
23	578
23	597
23	663
23	719
28	46
28	58
28	126
28	172
28	336
28	382
28	721
28	753
30	282
30	434
31	32
31	52
31	76
31	123
31	177
31	190
31	248
31	256
31	269
31	301
31	340
31	389
31	419
31	435
31	482
31	550
31	562
31	567
31	606
31	633
31	636
31	637
31	666
31	711
31	777
31	782
32	57
32	76
32	97
32	123
32	130
32	175
32	190
32	211
32	248
32	256
32	301
32	302
32	340
32	389
32	419
32	435
32	482
32	533
32	550
32	562
32	567
32	601
32	606
32	633
32	637
32	669
32	711
32	772
32	777
35	364
35	802
36	130
36	133
36	211
36	594
36	613
36	711
36	785
37	143
37	178
37	328
37	332
37	356
37	600
37	787
42	291
45	785
46	58
46	126
46	172
46	214
46	336
46	382
46	631
46	721
46	753
49	520
49	737
49	767
52	76
52	190
52	248
52	249
52	256
52	269
52	301
52	340
52	435
52	550
52	567
52	606
52	633
53	571
54	318
54	535
56	79
56	387
56	460
56	485
56	729
57	97
57	130
57	186
57	309
57	362
57	451
57	637
57	711
58	126
58	172
58	336
58	382
58	721
58	753
59	85
59	347
59	653
59	758
61	189
64	776
68	260
68	313
68	419
68	560
68	602
68	711
68	772
72	204
76	130
76	177
76	190
76	248
76	256
76	269
76	301
76	340
76	389
76	419
76	435
76	482
76	550
76	562
76	567
76	592
76	606
76	633
76	637
76	666
76	667
76	711
76	773
77	108
77	304
77	311
77	351
77	652
77	683
79	387
79	485
79	524
79	575
79	579
83	137
83	153
83	169
83	188
83	323
83	462
83	474
83	547
83	556
83	578
83	597
83	719
84	135
84	327
84	372
84	766
85	347
85	653
85	758
87	237
90	342
90	777
94	251
97	130
97	451
97	711
101	177
104	561
104	617
106	176
106	303
106	364
106	493
106	605
106	743
107	422
107	425
108	304
108	311
108	351
108	652
108	683
108	820
115	395
115	452
115	464
115	641
115	713
115	729
115	730
115	732
115	806
115	819
115	821
123	177
123	190
123	248
123	269
123	301
123	340
123	389
123	435
123	482
123	550
123	562
123	567
123	606
123	666
123	711
123	777
123	782
126	172
126	214
126	336
126	382
126	721
126	753
129	611
130	177
130	186
130	190
130	217
130	248
130	256
130	269
130	301
130	302
130	309
130	362
130	389
130	419
130	435
130	482
130	501
130	512
130	533
130	550
130	557
130	562
130	567
130	590
130	592
130	602
130	606
130	633
130	637
130	666
130	669
130	686
130	711
130	718
130	744
130	772
130	777
130	782
130	820
132	270
132	301
132	346
132	476
132	582
132	616
132	779
133	594
133	613
133	711
134	692
135	256
135	269
135	305
135	327
135	346
135	372
135	482
135	616
135	766
135	779
137	153
137	169
137	188
137	323
137	462
137	474
137	547
137	556
137	578
137	597
137	719
138	816
141	427
141	730
141	747
141	806
141	819
143	178
143	328
143	332
143	576
143	600
143	787
148	261
148	473
151	259
151	373
151	583
152	377
152	493
153	169
153	188
153	323
153	462
153	474
153	547
153	556
153	578
153	597
153	663
153	719
154	380
154	664
156	529
159	629
162	453
163	619
163	818
169	188
169	323
169	462
169	474
169	547
169	556
169	578
169	597
169	663
169	719
170	179
170	186
170	217
170	302
170	308
170	362
170	407
170	501
170	541
170	637
170	718
170	809
171	247
172	336
172	382
172	721
172	753
175	309
176	303
176	364
176	409
176	493
176	743
177	190
177	248
177	249
177	256
177	269
177	301
177	389
177	419
177	435
177	482
177	550
177	562
177	567
177	606
177	633
177	666
177	711
177	772
177	782
178	328
178	356
178	600
178	787
179	308
179	407
181	191
181	315
181	469
181	569
185	260
186	217
186	281
186	302
186	308
186	309
186	362
186	407
186	501
186	541
186	637
186	711
186	718
186	809
188	323
188	462
188	474
188	547
188	556
188	578
188	663
188	719
190	248
190	249
190	256
190	269
190	301
190	340
190	389
190	419
190	435
190	482
190	539
190	550
190	562
190	567
190	592
190	606
190	633
190	636
190	666
190	686
190	711
190	766
190	777
190	779
190	782
191	315
191	469
191	569
193	348
198	297
198	415
198	502
198	642
199	702
201	221
201	430
207	479
211	299
211	465
211	594
211	613
211	785
212	271
213	241
214	721
217	302
217	308
217	309
217	362
217	407
217	501
217	541
217	637
217	711
217	809
220	399
220	580
221	282
221	435
221	527
221	815
228	332
230	674
233	260
233	313
240	502
242	282
245	282
245	443
245	497
247	514
248	256
248	269
248	301
248	340
248	341
248	389
248	419
248	435
248	482
248	533
248	550
248	562
248	567
248	592
248	606
248	633
248	666
248	667
248	686
248	711
248	773
248	777
248	782
249	269
249	301
249	550
249	606
249	633
249	686
255	394
256	269
256	292
256	301
256	305
256	340
256	341
256	346
256	389
256	419
256	435
256	482
256	533
256	550
256	562
256	567
256	592
256	606
256	616
256	637
256	711
256	766
256	782
258	679
259	583
260	313
260	391
260	419
261	473
264	268
265	521
266	277
266	513
266	658
269	301
269	340
269	341
269	346
269	389
269	419
269	435
269	456
269	482
269	529
269	539
269	550
269	562
269	567
269	592
269	606
269	633
269	666
269	667
269	686
269	711
269	766
269	777
269	782
270	305
270	346
270	372
270	456
270	476
270	483
270	582
270	616
270	766
270	772
270	779
277	513
277	658
281	309
281	362
282	383
282	443
282	497
282	716
291	746
292	435
297	415
297	502
297	642
299	465
299	785
301	340
301	389
301	419
301	435
301	482
301	533
301	550
301	562
301	567
301	592
301	606
301	633
301	636
301	637
301	666
301	686
301	711
301	766
301	772
301	773
301	777
301	782
302	308
302	362
302	407
302	501
302	541
302	601
302	637
302	709
302	711
303	364
303	409
303	493
303	605
303	743
304	311
304	351
304	652
304	683
305	327
305	346
305	372
305	476
305	482
305	483
305	582
305	616
305	766
305	772
305	779
308	362
308	407
308	501
308	637
309	362
309	541
309	637
309	711
311	351
311	652
311	683
311	820
313	411
313	419
315	469
315	569
318	535
320	764
323	462
323	474
323	547
323	556
323	597
324	677
325	632
326	497
327	372
327	616
327	766
328	356
328	600
328	653
328	787
330	467
332	576
333	614
334	405
334	820
336	382
336	721
336	753
340	389
340	419
340	435
340	461
340	482
340	550
340	562
340	567
340	592
340	606
340	711
340	777
340	782
341	346
341	482
341	533
341	711
341	766
341	777
341	820
342	736
346	372
346	456
346	476
346	482
346	483
346	551
346	582
346	601
346	606
346	616
346	766
346	772
346	779
347	653
347	758
351	652
351	683
354	669
356	787
356	794
362	407
362	501
362	541
362	637
362	711
362	718
362	809
364	377
364	409
364	493
364	605
364	743
364	802
368	504
372	476
372	483
372	582
372	616
372	766
372	779
373	560
373	592
375	426
377	493
380	664
382	631
382	721
382	753
383	716
387	460
387	485
387	524
387	575
387	579
389	419
389	435
389	482
389	501
389	550
389	557
389	562
389	567
389	592
389	606
389	633
389	637
389	666
389	711
389	772
389	773
389	777
392	444
393	783
395	452
395	464
395	641
395	713
395	729
395	732
395	806
395	819
395	821
396	776
405	435
405	590
407	501
407	541
407	637
407	809
409	493
409	546
409	743
415	502
415	642
419	435
419	482
419	501
419	550
419	555
419	562
419	567
419	590
419	602
419	606
419	633
419	711
419	772
419	777
420	471
422	425
427	730
427	732
427	747
427	806
427	819
430	529
435	482
435	501
435	550
435	562
435	567
435	590
435	592
435	602
435	606
435	633
435	637
435	666
435	667
435	686
435	711
435	772
435	782
435	820
440	699
446	725
452	464
452	641
452	713
452	729
452	732
452	806
452	819
452	821
456	476
456	482
456	483
456	582
456	616
456	766
456	772
456	779
460	485
460	579
461	516
461	583
462	474
462	547
462	556
462	578
462	597
464	641
464	713
464	729
464	730
464	732
464	806
464	819
464	821
465	785
469	569
474	547
474	556
474	578
474	597
474	719
475	563
475	659
476	482
476	483
476	582
476	601
476	616
476	766
476	772
476	777
476	779
482	483
482	550
482	562
482	567
482	592
482	606
482	616
482	636
482	637
482	666
482	711
482	766
482	772
482	777
482	779
482	782
483	551
483	582
483	616
483	766
483	772
483	777
483	779
485	524
485	575
485	579
486	510
486	691
493	605
493	743
501	541
501	550
501	601
501	637
501	711
501	744
501	809
502	642
506	699
509	812
510	691
510	772
511	632
512	633
513	658
516	550
516	583
520	737
520	767
524	575
524	579
533	557
533	590
533	711
540	709
541	637
541	809
542	709
542	714
547	556
547	578
547	597
547	663
547	719
550	562
550	567
550	583
550	592
550	606
550	633
550	637
550	666
550	686
550	711
550	772
550	777
550	782
551	568
551	582
551	606
551	766
551	772
551	777
551	779
552	597
555	562
555	711
556	578
556	597
556	643
557	711
560	777
561	617
562	567
562	592
562	606
562	633
562	637
562	666
562	686
562	711
562	777
562	782
563	659
567	592
567	606
567	616
567	633
567	636
567	666
567	686
567	711
567	766
567	773
567	777
567	782
575	579
578	597
578	663
578	719
582	601
582	616
582	766
582	779
584	607
584	671
584	794
586	691
590	711
590	820
592	606
592	666
592	711
592	773
592	777
594	613
600	787
601	637
605	743
606	616
606	633
606	666
606	667
606	686
606	711
606	766
606	772
606	777
606	782
607	671
616	766
616	772
616	779
619	818
633	666
633	686
633	711
633	800
637	711
637	744
637	777
637	809
641	713
641	729
641	730
641	732
641	806
641	819
641	821
652	683
653	758
654	684
666	711
666	772
671	794
679	730
679	732
679	819
686	711
709	714
711	744
711	772
711	777
711	782
713	729
713	730
713	732
713	806
713	819
713	821
721	753
729	730
729	732
729	806
729	819
729	821
730	732
730	747
730	806
730	819
730	821
732	747
732	806
732	819
732	821
737	767
744	809
747	806
747	819
766	772
766	777
766	779
766	803
772	777
772	779
772	803
777	779
777	782
782	803
806	819
806	821
819	821
334	0
510	0
9	1
43	3
745	3
393	5
783	5
31	6
36	6
133	6
248	6
419	6
435	6
482	6
594	6
613	6
777	6
670	11
692	11
32	15
57	15
121	15
130	15
170	15
186	15
217	15
302	15
308	15
309	15
362	15
407	15
501	15
533	15
541	15
601	15
637	15
711	15
718	15
809	15
705	16
348	18
749	19
106	20
176	20
303	20
364	20
409	20
493	20
546	20
743	20
31	21
32	21
52	21
76	21
123	21
130	21
177	21
190	21
248	21
249	21
256	21
269	21
301	21
340	21
389	21
435	21
482	21
550	21
562	21
567	21
606	21
633	21
666	21
686	21
711	21
83	23
137	23
153	23
169	23
188	23
323	23
462	23
474	23
547	23
556	23
578	23
597	23
663	23
719	23
46	28
58	28
126	28
172	28
336	28
382	28
721	28
753	28
282	30
434	30
32	31
52	31
76	31
123	31
177	31
190	31
248	31
256	31
269	31
301	31
340	31
389	31
419	31
435	31
482	31
550	31
562	31
567	31
606	31
633	31
636	31
637	31
666	31
711	31
777	31
782	31
57	32
76	32
97	32
123	32
130	32
175	32
190	32
211	32
248	32
256	32
301	32
302	32
340	32
389	32
419	32
435	32
482	32
533	32
550	32
562	32
567	32
601	32
606	32
633	32
637	32
669	32
711	32
772	32
777	32
364	35
802	35
130	36
133	36
211	36
594	36
613	36
711	36
785	36
143	37
178	37
328	37
332	37
356	37
600	37
787	37
291	42
785	45
58	46
126	46
172	46
214	46
336	46
382	46
631	46
721	46
753	46
520	49
737	49
767	49
76	52
190	52
248	52
249	52
256	52
269	52
301	52
340	52
435	52
550	52
567	52
606	52
633	52
571	53
318	54
535	54
79	56
387	56
460	56
485	56
729	56
97	57
130	57
186	57
309	57
362	57
451	57
637	57
711	57
126	58
172	58
336	58
382	58
721	58
753	58
85	59
347	59
653	59
758	59
189	61
776	64
260	68
313	68
419	68
560	68
602	68
711	68
772	68
204	72
130	76
177	76
190	76
248	76
256	76
269	76
301	76
340	76
389	76
419	76
435	76
482	76
550	76
562	76
567	76
592	76
606	76
633	76
637	76
666	76
667	76
711	76
773	76
108	77
304	77
311	77
351	77
652	77
683	77
387	79
485	79
524	79
575	79
579	79
137	83
153	83
169	83
188	83
323	83
462	83
474	83
547	83
556	83
578	83
597	83
719	83
135	84
327	84
372	84
766	84
347	85
653	85
758	85
237	87
342	90
777	90
251	94
130	97
451	97
711	97
177	101
561	104
617	104
176	106
303	106
364	106
493	106
605	106
743	106
422	107
425	107
304	108
311	108
351	108
652	108
683	108
820	108
395	115
452	115
464	115
641	115
713	115
729	115
730	115
732	115
806	115
819	115
821	115
177	123
190	123
248	123
269	123
301	123
340	123
389	123
435	123
482	123
550	123
562	123
567	123
606	123
666	123
711	123
777	123
782	123
172	126
214	126
336	126
382	126
721	126
753	126
611	129
177	130
186	130
190	130
217	130
248	130
256	130
269	130
301	130
302	130
309	130
362	130
389	130
419	130
435	130
482	130
501	130
512	130
533	130
550	130
557	130
562	130
567	130
590	130
592	130
602	130
606	130
633	130
637	130
666	130
669	130
686	130
711	130
718	130
744	130
772	130
777	130
782	130
820	130
270	132
301	132
346	132
476	132
582	132
616	132
779	132
594	133
613	133
711	133
692	134
256	135
269	135
305	135
327	135
346	135
372	135
482	135
616	135
766	135
779	135
153	137
169	137
188	137
323	137
462	137
474	137
547	137
556	137
578	137
597	137
719	137
816	138
427	141
730	141
747	141
806	141
819	141
178	143
328	143
332	143
576	143
600	143
787	143
261	148
473	148
259	151
373	151
583	151
377	152
493	152
169	153
188	153
323	153
462	153
474	153
547	153
556	153
578	153
597	153
663	153
719	153
380	154
664	154
529	156
629	159
453	162
619	163
818	163
188	169
323	169
462	169
474	169
547	169
556	169
578	169
597	169
663	169
719	169
179	170
186	170
217	170
302	170
308	170
362	170
407	170
501	170
541	170
637	170
718	170
809	170
247	171
336	172
382	172
721	172
753	172
309	175
303	176
364	176
409	176
493	176
743	176
190	177
248	177
249	177
256	177
269	177
301	177
389	177
419	177
435	177
482	177
550	177
562	177
567	177
606	177
633	177
666	177
711	177
772	177
782	177
328	178
356	178
600	178
787	178
308	179
407	179
191	181
315	181
469	181
569	181
260	185
217	186
281	186
302	186
308	186
309	186
362	186
407	186
501	186
541	186
637	186
711	186
718	186
809	186
323	188
462	188
474	188
547	188
556	188
578	188
663	188
719	188
248	190
249	190
256	190
269	190
301	190
340	190
389	190
419	190
435	190
482	190
539	190
550	190
562	190
567	190
592	190
606	190
633	190
636	190
666	190
686	190
711	190
766	190
777	190
779	190
782	190
315	191
469	191
569	191
348	193
297	198
415	198
502	198
642	198
702	199
221	201
430	201
479	207
299	211
465	211
594	211
613	211
785	211
271	212
241	213
721	214
302	217
308	217
309	217
362	217
407	217
501	217
541	217
637	217
711	217
809	217
399	220
580	220
282	221
435	221
527	221
815	221
332	228
674	230
260	233
313	233
502	240
282	242
282	245
443	245
497	245
514	247
256	248
269	248
301	248
340	248
341	248
389	248
419	248
435	248
482	248
533	248
550	248
562	248
567	248
592	248
606	248
633	248
666	248
667	248
686	248
711	248
773	248
777	248
782	248
269	249
301	249
550	249
606	249
633	249
686	249
394	255
269	256
292	256
301	256
305	256
340	256
341	256
346	256
389	256
419	256
435	256
482	256
533	256
550	256
562	256
567	256
592	256
606	256
616	256
637	256
711	256
766	256
782	256
679	258
583	259
313	260
391	260
419	260
473	261
268	264
521	265
277	266
513	266
658	266
301	269
340	269
341	269
346	269
389	269
419	269
435	269
456	269
482	269
529	269
539	269
550	269
562	269
567	269
592	269
606	269
633	269
666	269
667	269
686	269
711	269
766	269
777	269
782	269
305	270
346	270
372	270
456	270
476	270
483	270
582	270
616	270
766	270
772	270
779	270
513	277
658	277
309	281
362	281
383	282
443	282
497	282
716	282
746	291
435	292
415	297
502	297
642	297
465	299
785	299
340	301
389	301
419	301
435	301
482	301
533	301
550	301
562	301
567	301
592	301
606	301
633	301
636	301
637	301
666	301
686	301
711	301
766	301
772	301
773	301
777	301
782	301
308	302
362	302
407	302
501	302
541	302
601	302
637	302
709	302
711	302
364	303
409	303
493	303
605	303
743	303
311	304
351	304
652	304
683	304
327	305
346	305
372	305
476	305
482	305
483	305
582	305
616	305
766	305
772	305
779	305
362	308
407	308
501	308
637	308
362	309
541	309
637	309
711	309
351	311
652	311
683	311
820	311
411	313
419	313
469	315
569	315
535	318
764	320
462	323
474	323
547	323
556	323
597	323
677	324
632	325
497	326
372	327
616	327
766	327
356	328
600	328
653	328
787	328
467	330
576	332
614	333
405	334
820	334
382	336
721	336
753	336
389	340
419	340
435	340
461	340
482	340
550	340
562	340
567	340
592	340
606	340
711	340
777	340
782	340
346	341
482	341
533	341
711	341
766	341
777	341
820	341
736	342
372	346
456	346
476	346
482	346
483	346
551	346
582	346
601	346
606	346
616	346
766	346
772	346
779	346
653	347
758	347
652	351
683	351
669	354
787	356
794	356
407	362
501	362
541	362
637	362
711	362
718	362
809	362
377	364
409	364
493	364
605	364
743	364
802	364
504	368
476	372
483	372
582	372
616	372
766	372
779	372
560	373
592	373
426	375
493	377
664	380
631	382
721	382
753	382
716	383
460	387
485	387
524	387
575	387
579	387
419	389
435	389
482	389
501	389
550	389
557	389
562	389
567	389
592	389
606	389
633	389
637	389
666	389
711	389
772	389
773	389
777	389
444	392
783	393
452	395
464	395
641	395
713	395
729	395
732	395
806	395
819	395
821	395
776	396
435	405
590	405
501	407
541	407
637	407
809	407
493	409
546	409
743	409
502	415
642	415
435	419
482	419
501	419
550	419
555	419
562	419
567	419
590	419
602	419
606	419
633	419
711	419
772	419
777	419
471	420
425	422
730	427
732	427
747	427
806	427
819	427
529	430
482	435
501	435
550	435
562	435
567	435
590	435
592	435
602	435
606	435
633	435
637	435
666	435
667	435
686	435
711	435
772	435
782	435
820	435
699	440
725	446
464	452
641	452
713	452
729	452
732	452
806	452
819	452
821	452
476	456
482	456
483	456
582	456
616	456
766	456
772	456
779	456
485	460
579	460
516	461
583	461
474	462
547	462
556	462
578	462
597	462
641	464
713	464
729	464
730	464
732	464
806	464
819	464
821	464
785	465
569	469
547	474
556	474
578	474
597	474
719	474
563	475
659	475
482	476
483	476
582	476
601	476
616	476
766	476
772	476
777	476
779	476
483	482
550	482
562	482
567	482
592	482
606	482
616	482
636	482
637	482
666	482
711	482
766	482
772	482
777	482
779	482
782	482
551	483
582	483
616	483
766	483
772	483
777	483
779	483
524	485
575	485
579	485
510	486
691	486
605	493
743	493
541	501
550	501
601	501
637	501
711	501
744	501
809	501
642	502
699	506
812	509
691	510
772	510
632	511
633	512
658	513
550	516
583	516
737	520
767	520
575	524
579	524
557	533
590	533
711	533
709	540
637	541
809	541
709	542
714	542
556	547
578	547
597	547
663	547
719	547
562	550
567	550
583	550
592	550
606	550
633	550
637	550
666	550
686	550
711	550
772	550
777	550
782	550
568	551
582	551
606	551
766	551
772	551
777	551
779	551
597	552
562	555
711	555
578	556
597	556
643	556
711	557
777	560
617	561
567	562
592	562
606	562
633	562
637	562
666	562
686	562
711	562
777	562
782	562
659	563
592	567
606	567
616	567
633	567
636	567
666	567
686	567
711	567
766	567
773	567
777	567
782	567
579	575
597	578
663	578
719	578
601	582
616	582
766	582
779	582
607	584
671	584
794	584
691	586
711	590
820	590
606	592
666	592
711	592
773	592
777	592
613	594
787	600
637	601
743	605
616	606
633	606
666	606
667	606
686	606
711	606
766	606
772	606
777	606
782	606
671	607
766	616
772	616
779	616
818	619
666	633
686	633
711	633
800	633
711	637
744	637
777	637
809	637
713	641
729	641
730	641
732	641
806	641
819	641
821	641
683	652
758	653
684	654
711	666
772	666
794	671
730	679
732	679
819	679
711	686
714	709
744	711
772	711
777	711
782	711
729	713
730	713
732	713
806	713
819	713
821	713
753	721
730	729
732	729
806	729
819	729
821	729
732	730
747	730
806	730
819	730
821	730
747	732
806	732
819	732
821	732
767	737
809	744
806	747
819	747
772	766
777	766
779	766
803	766
777	772
779	772
803	772
779	777
782	777
803	782
819	806
821	806
821	819
