1	174
1	369
1	641
1	651
1	883
1	947
1	1037
1	1275
1	1964
1	2585
4	477
6	124
6	400
6	428
6	694
6	996
6	2652
9	49
9	119
9	264
9	585
9	762
9	861
9	1778
12	651
12	654
12	1055
12	1115
12	1152
12	2183
12	2648
15	2288
15	2470
16	351
16	485
16	2753
22	112
22	827
22	1085
22	1361
22	1752
22	1861
22	1905
22	2288
22	2489
29	1772
30	2037
39	48
39	49
39	119
39	446
39	510
39	641
39	694
39	704
39	1055
39	1152
39	2565
39	2618
41	441
45	704
47	306
48	49
48	119
48	486
48	550
48	571
48	572
48	669
48	859
48	924
48	1136
48	1195
48	1207
48	1338
48	1356
48	1446
48	1502
48	1640
48	1918
48	1947
48	2361
48	2579
48	2779
48	2792
49	78
49	119
49	323
49	333
49	385
49	477
49	486
49	519
49	560
49	571
49	572
49	606
49	640
49	735
49	804
49	806
49	842
49	859
49	924
49	1124
49	1134
49	1136
49	1150
49	1152
49	1155
49	1195
49	1207
49	1358
49	1419
49	1446
49	1481
49	1640
49	1708
49	1722
49	1772
49	1863
49	1880
49	1905
49	1917
49	1921
49	1947
49	1983
49	2108
49	2361
49	2433
49	2579
49	2715
49	2779
53	1817
53	2579
61	148
61	1818
61	2252
65	460
65	1416
65	1825
65	2730
73	205
73	1854
73	1988
74	477
74	903
74	912
74	1079
74	1338
74	1955
74	2216
74	2569
78	486
78	572
78	721
83	641
83	771
83	883
84	2429
85	602
85	2608
89	197
89	1358
94	302
94	1854
94	2791
98	1832
102	602
102	1708
102	1818
103	1446
104	477
104	1358
106	148
106	651
106	654
108	119
117	654
117	2183
119	333
119	804
119	924
119	1134
119	1358
119	1527
119	1613
119	1640
119	1658
119	1722
119	1863
119	1947
119	1991
119	2108
119	2110
119	2117
119	2203
119	2292
119	2361
119	2579
123	721
124	510
130	641
133	1446
137	486
145	2013
146	1640
146	2746
148	1358
148	1527
148	2013
148	2269
160	1621
160	2153
165	1854
165	2417
166	1250
166	1285
166	2043
167	213
167	2730
174	660
174	1037
174	1443
174	2027
174	2585
179	477
179	651
184	323
184	2531
196	1484
196	2225
197	510
197	651
197	1475
197	1654
197	2158
197	2310
197	2648
201	2252
203	640
203	1118
203	1612
203	1640
203	2225
204	1038
205	805
205	856
205	912
205	1079
205	1338
205	1610
205	1789
205	1955
205	1970
205	2569
207	2746
213	769
213	806
213	2030
213	2246
213	2495
213	2742
216	1446
218	651
218	657
218	681
218	1485
218	1723
218	1960
218	1979
218	2587
218	2643
221	571
227	449
228	2668
229	1838
231	568
231	654
231	740
231	1938
232	550
232	1671
232	1880
232	2696
233	333
233	345
233	508
233	1475
233	2105
233	2310
233	2470
233	2532
234	568
234	806
234	2317
256	1524
256	2773
257	275
257	651
257	654
257	1567
258	651
258	654
258	1947
258	2043
258	2393
258	2586
258	2618
258	2650
258	2779
259	477
262	2589
265	1755
266	657
266	681
266	2413
270	1375
270	1640
275	1150
275	1863
275	2579
279	859
279	1221
279	1413
279	1805
279	1955
279	2608
288	1170
297	358
297	1006
297	1115
297	1181
297	1708
297	2163
297	2586
301	477
302	485
302	654
302	1481
302	2097
307	602
307	2077
313	351
313	568
313	2753
318	1956
318	2225
320	827
320	1816
320	2309
321	805
323	654
323	2330
331	2714
333	550
333	804
333	859
333	1722
333	2470
333	2696
336	769
336	2246
336	2742
339	1446
345	1475
347	654
349	1239
351	435
351	651
351	654
351	1032
351	1564
351	1705
351	2089
351	2110
358	572
358	2377
368	1854
369	1627
381	842
381	1148
381	1631
385	390
385	654
385	732
385	1115
385	1640
385	2648
390	662
390	1095
390	1419
390	2198
390	2330
390	2473
394	654
397	426
399	440
399	477
400	641
400	775
400	996
400	1608
400	1654
400	1747
400	1818
400	2577
400	2648
408	1627
422	1772
422	2225
428	996
429	740
429	1038
429	1303
429	1786
429	2105
429	2225
429	2264
429	2709
430	657
432	1905
434	651
434	1155
440	622
440	1258
440	1273
440	2382
451	1589
454	1627
456	2668
463	694
463	827
463	850
463	2131
463	2309
463	2464
464	2225
477	515
477	570
477	610
477	622
477	684
477	785
477	868
477	903
477	999
477	1001
477	1136
477	1214
477	1258
477	1263
477	1358
477	1369
477	1485
477	1497
477	1507
477	1621
477	1856
477	1918
477	1955
477	2046
477	2140
477	2358
477	2387
477	2404
477	2469
477	2554
477	2565
477	2596
477	2710
477	2771
482	560
482	1438
482	2488
485	1689
485	1854
485	2098
485	2440
485	2470
486	572
492	947
492	2046
496	521
496	735
500	641
500	883
500	1170
500	1239
500	1947
503	1534
503	1746
507	1220
507	2477
508	1613
509	613
509	1527
509	2451
510	654
510	811
510	883
510	1303
510	1722
510	1764
510	1838
510	1847
510	1854
510	1956
513	1717
513	2148
513	2746
515	2453
517	1448
521	1300
522	1079
534	803
534	2746
538	572
550	745
550	804
550	859
550	1055
550	1722
550	2470
550	2641
550	2696
551	2579
552	942
558	1456
560	651
560	1136
560	1640
560	2643
567	1361
567	1854
568	654
568	1562
568	2598
571	811
571	1136
571	1640
571	1947
571	2108
571	2494
571	2792
572	1356
572	1454
572	1600
572	1640
572	1747
572	1947
575	883
575	965
585	1447
594	1239
598	651
598	1670
598	1939
598	2150
602	1854
602	2473
606	1082
606	2200
606	2361
610	1358
613	687
613	1062
622	1273
622	1456
622	2096
622	2382
623	1038
627	2579
631	651
631	1567
631	1854
631	2046
631	2432
636	883
637	1195
637	1481
637	2203
640	1361
640	2685
641	883
641	885
641	930
641	1170
641	1239
641	1275
641	1328
641	1483
641	1586
641	2066
641	2150
641	2432
650	1621
651	661
651	843
651	859
651	883
651	953
651	962
651	984
651	1006
651	1155
651	1181
651	1195
651	1207
651	1322
651	1419
651	1443
651	1481
651	1483
651	1567
651	1640
651	1708
651	1775
651	1847
651	1848
651	1905
651	1917
651	1983
651	2089
651	2152
651	2278
651	2285
651	2288
651	2449
651	2492
651	2579
651	2779
652	2730
654	717
654	824
654	883
654	947
654	1037
654	1055
654	1124
654	1195
654	1207
654	1211
654	1255
654	1315
654	1376
654	1528
654	1534
654	1576
654	1577
654	1613
654	1658
654	1704
654	1717
654	1798
654	1820
654	1825
654	1995
654	2149
654	2163
654	2169
654	2377
654	2432
654	2449
654	2464
654	2469
654	2703
654	2752
657	681
657	1928
657	2579
662	2330
662	2641
672	1454
672	1734
679	769
679	1182
679	2600
681	938
684	1224
694	824
694	842
694	1004
697	901
702	1055
702	1610
702	2531
712	1847
717	1293
717	2299
717	2626
721	1187
721	1581
721	2127
721	2294
725	2172
727	2216
730	2278
732	1871
735	1142
735	1361
735	2532
735	2569
740	848
740	859
740	1464
740	1545
740	1805
740	1938
740	2253
740	2278
740	2579
745	804
745	1722
745	2470
745	2696
750	962
750	1745
754	2183
754	2225
757	2522
758	1006
758	1207
758	1708
758	1865
758	2089
758	2565
769	806
769	1055
769	1240
769	1361
769	1540
769	1854
769	2030
769	2246
769	2271
769	2600
769	2681
769	2742
770	1462
770	1485
770	1640
770	1854
770	1953
771	1443
771	2225
771	2568
771	2715
782	1613
782	2707
785	962
785	1170
785	2225
801	2174
801	2252
801	2579
803	1613
804	859
804	1722
804	2470
804	2641
804	2696
805	903
805	912
805	1079
805	1955
806	953
806	1654
806	2024
811	1273
811	2382
812	2117
824	1640
827	1085
827	1712
827	2120
827	2288
827	2309
827	2513
827	2643
828	1820
842	1446
842	1454
842	1524
842	1620
842	1654
842	1881
843	1258
843	1654
843	1947
843	2285
843	2421
843	2579
848	868
848	1147
848	2299
848	2787
848	2791
850	888
850	1815
850	2317
859	1055
859	1640
859	1722
859	2470
859	2641
859	2696
861	889
861	1527
877	1583
877	1913
883	930
883	1055
883	1170
883	1239
883	1275
883	1525
883	1586
883	1747
883	1854
883	1938
883	2285
883	2464
888	2792
889	1055
889	2202
890	2249
896	1551
898	1534
898	2219
901	1114
901	1168
901	1206
903	912
903	1079
903	1338
903	1955
903	2569
910	1201
912	1079
912	1286
912	1338
912	1610
912	1650
912	1955
912	2394
912	2569
926	2225
930	974
930	1170
930	1239
930	1275
930	1586
930	2066
930	2649
930	2768
932	1446
941	1891
941	2149
942	962
942	1620
942	2032
942	2285
944	1315
947	2046
947	2721
953	1155
953	1407
961	1938
962	1082
962	1167
962	1181
962	1188
962	1322
962	1443
962	1708
962	1747
962	1894
962	2285
962	2358
962	2389
963	1328
963	1827
965	1258
965	2473
971	1798
974	2225
983	2492
992	1663
995	2155
996	2046
996	2089
1006	1255
1006	1654
1006	2285
1024	1654
1026	2730
1034	1798
1036	1857
1036	2237
1037	1055
1037	1654
1037	2585
1048	1865
1055	1115
1055	1170
1055	1521
1055	1583
1055	1658
1055	1733
1055	1991
1055	2254
1055	2361
1055	2419
1055	2449
1055	2696
1060	1252
1060	2402
1060	2442
1066	2097
1069	1624
1079	1307
1079	1338
1079	1610
1079	1650
1079	1662
1079	1717
1079	1955
1079	2394
1079	2569
1079	2589
1085	1107
1085	1752
1085	1861
1085	2237
1085	2288
1085	2489
1092	1348
1092	1854
1092	2053
1092	2108
1092	2672
1094	1255
1094	2283
1094	2314
1095	2330
1095	2641
1104	1291
1104	1358
1104	1717
1109	1938
1115	1654
1115	1938
1116	1222
1122	2386
1124	1322
1124	1361
1124	2681
1134	1155
1134	1983
1136	1620
1136	2589
1136	2641
1142	2296
1147	1581
1147	1775
1147	2721
1152	1291
1152	1446
1155	1788
1155	1983
1155	2046
1157	1857
1159	1894
1168	2792
1168	2795
1170	1239
1170	1273
1170	1275
1170	1315
1170	1586
1170	1662
1170	1820
1170	2066
1170	2252
1176	1294
1181	1193
1181	1559
1181	1654
1181	2285
1181	2772
1187	1918
1187	2402
1188	1315
1188	1612
1188	1708
1195	1481
1195	1854
1195	1880
1195	2203
1195	2746
1207	1654
1207	1788
1207	2129
1207	2579
1207	2779
1210	2693
1218	2113
1221	2518
1222	2037
1222	2655
1223	1955
1223	2062
1224	1747
1239	1275
1239	1586
1239	2066
1250	1285
1250	2043
1255	1417
1255	2432
1258	1995
1258	2108
1258	2110
1258	2579
1273	1988
1273	2264
1273	2382
1273	2746
1275	1586
1275	1817
1275	2066
1275	2670
1285	2043
1285	2608
1291	2460
1296	1355
1300	1315
1306	1817
1307	1419
1307	2034
1310	2773
1315	1344
1315	1854
1315	2247
1315	2302
1315	2464
1328	1612
1332	1534
1336	2579
1338	1955
1338	2569
1339	1817
1344	1444
1344	2072
1345	2693
1358	1462
1358	1818
1358	2685
1359	1955
1361	1567
1361	1576
1361	1938
1361	2361
1365	2283
1371	2040
1371	2302
1376	2494
1419	1654
1419	1854
1419	2203
1419	2565
1419	2579
1419	2752
1438	2466
1440	2646
1443	1789
1443	2449
1446	2496
1447	2598
1451	2473
1454	2225
1454	2632
1463	2225
1472	2477
1481	1847
1481	2203
1481	2723
1492	1567
1493	2580
1495	1539
1495	1619
1495	1996
1499	1894
1510	1652
1513	1612
1525	1947
1525	2163
1525	2359
1525	2517
1525	2752
1527	1540
1527	2598
1528	1833
1528	2791
1539	2149
1540	1778
1540	1805
1540	1854
1540	2608
1540	2773
1544	1710
1551	2283
1551	2451
1560	1605
1560	1652
1560	2421
1560	2430
1560	2694
1563	2089
1565	2058
1567	1654
1567	1717
1567	2377
1567	2569
1568	2432
1577	2004
1577	2024
1581	1775
1581	2721
1583	2377
1583	2466
1583	2715
1589	1682
1589	2779
1605	2225
1607	1654
1608	1654
1610	1789
1611	1817
1612	2126
1612	2252
1612	2270
1612	2302
1612	2491
1612	2799
1613	2113
1620	2178
1623	2096
1624	1706
1624	1871
1624	2147
1627	2460
1640	1847
1640	1947
1640	2028
1640	2419
1640	2488
1651	2386
1654	1708
1654	1854
1654	1928
1654	2046
1654	2163
1654	2225
1654	2586
1666	2269
1670	2057
1670	2759
1673	1707
1678	2225
1678	2569
1687	2753
1687	2769
1690	2589
1693	1938
1704	1772
1704	2433
1704	2470
1708	2586
1708	2648
1712	2309
1717	2089
1718	1805
1722	2470
1722	2696
1723	1980
1730	2470
1733	1889
1733	2764
1734	1854
1742	1983
1747	2040
1747	2589
1749	1805
1749	2579
1751	2361
1752	2237
1752	2288
1759	2117
1759	2202
1768	2683
1772	2746
1775	2696
1775	2721
1779	2113
1779	2131
1785	2594
1786	2225
1788	2565
1789	1955
1798	2169
1804	1817
1805	1924
1805	2013
1805	2695
1815	2569
1817	1854
1817	1909
1817	2117
1818	1938
1818	2701
1822	2485
1825	2762
1827	1905
1833	1854
1847	2089
1847	2149
1848	1938
1854	1877
1854	1918
1854	1955
1854	2149
1854	2203
1854	2386
1854	2402
1854	2432
1854	2464
1854	2494
1861	2237
1862	2238
1880	1947
1880	2203
1880	2696
1889	2580
1891	2225
1924	2272
1938	2466
1938	2568
1938	2586
1938	2776
1939	2792
1947	2376
1947	2393
1947	2421
1953	2469
1955	2389
1955	2565
1955	2569
1956	2460
1960	1979
1960	2643
1979	2587
1983	1991
1983	2149
1983	2253
1983	2285
1983	2449
1983	2648
1991	2361
2003	2020
2005	2685
2012	2579
2024	2448
2027	2470
2046	2187
2046	2598
2057	2058
2059	2105
2059	2421
2062	2248
2062	2695
2066	2618
2072	2302
2078	2225
2089	2149
2089	2557
2096	2225
2097	2235
2097	2423
2105	2423
2113	2468
2149	2294
2149	2581
2150	2695
2152	2707
2155	2685
2163	2232
2168	2361
2187	2598
2191	2285
2191	2494
2199	2683
2200	2685
2203	2252
2203	2598
2216	2464
2216	2598
2225	2253
2237	2288
2237	2489
2246	2742
2253	2285
2253	2295
2253	2557
2253	2586
2253	2787
2260	2432
2282	2302
2283	2477
2285	2586
2295	2460
2299	2787
2299	2791
2302	2330
2302	2453
2314	2432
2318	2474
2328	2579
2330	2473
2330	2768
2361	2377
2361	2565
2386	2565
2393	2421
2402	2442
2402	2557
2432	2672
2433	2579
2433	2648
2438	2579
2442	2598
2451	2773
2464	2469
2464	2685
2470	2696
2473	2641
2579	2598
2579	2779
2594	2688
2629	2762
2641	2696
2648	2779
2681	2700
2787	2791
174	1
369	1
641	1
651	1
883	1
947	1
1037	1
1275	1
1964	1
2585	1
477	4
124	6
400	6
428	6
694	6
996	6
2652	6
49	9
119	9
264	9
585	9
762	9
861	9
1778	9
651	12
654	12
1055	12
1115	12
1152	12
2183	12
2648	12
2288	15
2470	15
351	16
485	16
2753	16
112	22
827	22
1085	22
1361	22
1752	22
1861	22
1905	22
2288	22
2489	22
1772	29
2037	30
48	39
49	39
119	39
446	39
510	39
641	39
694	39
704	39
1055	39
1152	39
2565	39
2618	39
441	41
704	45
306	47
49	48
119	48
486	48
550	48
571	48
572	48
669	48
859	48
924	48
1136	48
1195	48
1207	48
1338	48
1356	48
1446	48
1502	48
1640	48
1918	48
1947	48
2361	48
2579	48
2779	48
2792	48
78	49
119	49
323	49
333	49
385	49
477	49
486	49
519	49
560	49
571	49
572	49
606	49
640	49
735	49
804	49
806	49
842	49
859	49
924	49
1124	49
1134	49
1136	49
1150	49
1152	49
1155	49
1195	49
1207	49
1358	49
1419	49
1446	49
1481	49
1640	49
1708	49
1722	49
1772	49
1863	49
1880	49
1905	49
1917	49
1921	49
1947	49
1983	49
2108	49
2361	49
2433	49
2579	49
2715	49
2779	49
1817	53
2579	53
148	61
1818	61
2252	61
460	65
1416	65
1825	65
2730	65
205	73
1854	73
1988	73
477	74
903	74
912	74
1079	74
1338	74
1955	74
2216	74
2569	74
486	78
572	78
721	78
641	83
771	83
883	83
2429	84
602	85
2608	85
197	89
1358	89
302	94
1854	94
2791	94
1832	98
602	102
1708	102
1818	102
1446	103
477	104
1358	104
148	106
651	106
654	106
119	108
654	117
2183	117
333	119
804	119
924	119
1134	119
1358	119
1527	119
1613	119
1640	119
1658	119
1722	119
1863	119
1947	119
1991	119
2108	119
2110	119
2117	119
2203	119
2292	119
2361	119
2579	119
721	123
510	124
641	130
1446	133
486	137
2013	145
1640	146
2746	146
1358	148
1527	148
2013	148
2269	148
1621	160
2153	160
1854	165
2417	165
1250	166
1285	166
2043	166
213	167
2730	167
660	174
1037	174
1443	174
2027	174
2585	174
477	179
651	179
323	184
2531	184
1484	196
2225	196
510	197
651	197
1475	197
1654	197
2158	197
2310	197
2648	197
2252	201
640	203
1118	203
1612	203
1640	203
2225	203
1038	204
805	205
856	205
912	205
1079	205
1338	205
1610	205
1789	205
1955	205
1970	205
2569	205
2746	207
769	213
806	213
2030	213
2246	213
2495	213
2742	213
1446	216
651	218
657	218
681	218
1485	218
1723	218
1960	218
1979	218
2587	218
2643	218
571	221
449	227
2668	228
1838	229
568	231
654	231
740	231
1938	231
550	232
1671	232
1880	232
2696	232
333	233
345	233
508	233
1475	233
2105	233
2310	233
2470	233
2532	233
568	234
806	234
2317	234
1524	256
2773	256
275	257
651	257
654	257
1567	257
651	258
654	258
1947	258
2043	258
2393	258
2586	258
2618	258
2650	258
2779	258
477	259
2589	262
1755	265
657	266
681	266
2413	266
1375	270
1640	270
1150	275
1863	275
2579	275
859	279
1221	279
1413	279
1805	279
1955	279
2608	279
1170	288
358	297
1006	297
1115	297
1181	297
1708	297
2163	297
2586	297
477	301
485	302
654	302
1481	302
2097	302
602	307
2077	307
351	313
568	313
2753	313
1956	318
2225	318
827	320
1816	320
2309	320
805	321
654	323
2330	323
2714	331
550	333
804	333
859	333
1722	333
2470	333
2696	333
769	336
2246	336
2742	336
1446	339
1475	345
654	347
1239	349
435	351
651	351
654	351
1032	351
1564	351
1705	351
2089	351
2110	351
572	358
2377	358
1854	368
1627	369
842	381
1148	381
1631	381
390	385
654	385
732	385
1115	385
1640	385
2648	385
662	390
1095	390
1419	390
2198	390
2330	390
2473	390
654	394
426	397
440	399
477	399
641	400
775	400
996	400
1608	400
1654	400
1747	400
1818	400
2577	400
2648	400
1627	408
1772	422
2225	422
996	428
740	429
1038	429
1303	429
1786	429
2105	429
2225	429
2264	429
2709	429
657	430
1905	432
651	434
1155	434
622	440
1258	440
1273	440
2382	440
1589	451
1627	454
2668	456
694	463
827	463
850	463
2131	463
2309	463
2464	463
2225	464
515	477
570	477
610	477
622	477
684	477
785	477
868	477
903	477
999	477
1001	477
1136	477
1214	477
1258	477
1263	477
1358	477
1369	477
1485	477
1497	477
1507	477
1621	477
1856	477
1918	477
1955	477
2046	477
2140	477
2358	477
2387	477
2404	477
2469	477
2554	477
2565	477
2596	477
2710	477
2771	477
560	482
1438	482
2488	482
1689	485
1854	485
2098	485
2440	485
2470	485
572	486
947	492
2046	492
521	496
735	496
641	500
883	500
1170	500
1239	500
1947	500
1534	503
1746	503
1220	507
2477	507
1613	508
613	509
1527	509
2451	509
654	510
811	510
883	510
1303	510
1722	510
1764	510
1838	510
1847	510
1854	510
1956	510
1717	513
2148	513
2746	513
2453	515
1448	517
1300	521
1079	522
803	534
2746	534
572	538
745	550
804	550
859	550
1055	550
1722	550
2470	550
2641	550
2696	550
2579	551
942	552
1456	558
651	560
1136	560
1640	560
2643	560
1361	567
1854	567
654	568
1562	568
2598	568
811	571
1136	571
1640	571
1947	571
2108	571
2494	571
2792	571
1356	572
1454	572
1600	572
1640	572
1747	572
1947	572
883	575
965	575
1447	585
1239	594
651	598
1670	598
1939	598
2150	598
1854	602
2473	602
1082	606
2200	606
2361	606
1358	610
687	613
1062	613
1273	622
1456	622
2096	622
2382	622
1038	623
2579	627
651	631
1567	631
1854	631
2046	631
2432	631
883	636
1195	637
1481	637
2203	637
1361	640
2685	640
883	641
885	641
930	641
1170	641
1239	641
1275	641
1328	641
1483	641
1586	641
2066	641
2150	641
2432	641
1621	650
661	651
843	651
859	651
883	651
953	651
962	651
984	651
1006	651
1155	651
1181	651
1195	651
1207	651
1322	651
1419	651
1443	651
1481	651
1483	651
1567	651
1640	651
1708	651
1775	651
1847	651
1848	651
1905	651
1917	651
1983	651
2089	651
2152	651
2278	651
2285	651
2288	651
2449	651
2492	651
2579	651
2779	651
2730	652
717	654
824	654
883	654
947	654
1037	654
1055	654
1124	654
1195	654
1207	654
1211	654
1255	654
1315	654
1376	654
1528	654
1534	654
1576	654
1577	654
1613	654
1658	654
1704	654
1717	654
1798	654
1820	654
1825	654
1995	654
2149	654
2163	654
2169	654
2377	654
2432	654
2449	654
2464	654
2469	654
2703	654
2752	654
681	657
1928	657
2579	657
2330	662
2641	662
1454	672
1734	672
769	679
1182	679
2600	679
938	681
1224	684
824	694
842	694
1004	694
901	697
1055	702
1610	702
2531	702
1847	712
1293	717
2299	717
2626	717
1187	721
1581	721
2127	721
2294	721
2172	725
2216	727
2278	730
1871	732
1142	735
1361	735
2532	735
2569	735
848	740
859	740
1464	740
1545	740
1805	740
1938	740
2253	740
2278	740
2579	740
804	745
1722	745
2470	745
2696	745
962	750
1745	750
2183	754
2225	754
2522	757
1006	758
1207	758
1708	758
1865	758
2089	758
2565	758
806	769
1055	769
1240	769
1361	769
1540	769
1854	769
2030	769
2246	769
2271	769
2600	769
2681	769
2742	769
1462	770
1485	770
1640	770
1854	770
1953	770
1443	771
2225	771
2568	771
2715	771
1613	782
2707	782
962	785
1170	785
2225	785
2174	801
2252	801
2579	801
1613	803
859	804
1722	804
2470	804
2641	804
2696	804
903	805
912	805
1079	805
1955	805
953	806
1654	806
2024	806
1273	811
2382	811
2117	812
1640	824
1085	827
1712	827
2120	827
2288	827
2309	827
2513	827
2643	827
1820	828
1446	842
1454	842
1524	842
1620	842
1654	842
1881	842
1258	843
1654	843
1947	843
2285	843
2421	843
2579	843
868	848
1147	848
2299	848
2787	848
2791	848
888	850
1815	850
2317	850
1055	859
1640	859
1722	859
2470	859
2641	859
2696	859
889	861
1527	861
1583	877
1913	877
930	883
1055	883
1170	883
1239	883
1275	883
1525	883
1586	883
1747	883
1854	883
1938	883
2285	883
2464	883
2792	888
1055	889
2202	889
2249	890
1551	896
1534	898
2219	898
1114	901
1168	901
1206	901
912	903
1079	903
1338	903
1955	903
2569	903
1201	910
1079	912
1286	912
1338	912
1610	912
1650	912
1955	912
2394	912
2569	912
2225	926
974	930
1170	930
1239	930
1275	930
1586	930
2066	930
2649	930
2768	930
1446	932
1891	941
2149	941
962	942
1620	942
2032	942
2285	942
1315	944
2046	947
2721	947
1155	953
1407	953
1938	961
1082	962
1167	962
1181	962
1188	962
1322	962
1443	962
1708	962
1747	962
1894	962
2285	962
2358	962
2389	962
1328	963
1827	963
1258	965
2473	965
1798	971
2225	974
2492	983
1663	992
2155	995
2046	996
2089	996
1255	1006
1654	1006
2285	1006
1654	1024
2730	1026
1798	1034
1857	1036
2237	1036
1055	1037
1654	1037
2585	1037
1865	1048
1115	1055
1170	1055
1521	1055
1583	1055
1658	1055
1733	1055
1991	1055
2254	1055
2361	1055
2419	1055
2449	1055
2696	1055
1252	1060
2402	1060
2442	1060
2097	1066
1624	1069
1307	1079
1338	1079
1610	1079
1650	1079
1662	1079
1717	1079
1955	1079
2394	1079
2569	1079
2589	1079
1107	1085
1752	1085
1861	1085
2237	1085
2288	1085
2489	1085
1348	1092
1854	1092
2053	1092
2108	1092
2672	1092
1255	1094
2283	1094
2314	1094
2330	1095
2641	1095
1291	1104
1358	1104
1717	1104
1938	1109
1654	1115
1938	1115
1222	1116
2386	1122
1322	1124
1361	1124
2681	1124
1155	1134
1983	1134
1620	1136
2589	1136
2641	1136
2296	1142
1581	1147
1775	1147
2721	1147
1291	1152
1446	1152
1788	1155
1983	1155
2046	1155
1857	1157
1894	1159
2792	1168
2795	1168
1239	1170
1273	1170
1275	1170
1315	1170
1586	1170
1662	1170
1820	1170
2066	1170
2252	1170
1294	1176
1193	1181
1559	1181
1654	1181
2285	1181
2772	1181
1918	1187
2402	1187
1315	1188
1612	1188
1708	1188
1481	1195
1854	1195
1880	1195
2203	1195
2746	1195
1654	1207
1788	1207
2129	1207
2579	1207
2779	1207
2693	1210
2113	1218
2518	1221
2037	1222
2655	1222
1955	1223
2062	1223
1747	1224
1275	1239
1586	1239
2066	1239
1285	1250
2043	1250
1417	1255
2432	1255
1995	1258
2108	1258
2110	1258
2579	1258
1988	1273
2264	1273
2382	1273
2746	1273
1586	1275
1817	1275
2066	1275
2670	1275
2043	1285
2608	1285
2460	1291
1355	1296
1315	1300
1817	1306
1419	1307
2034	1307
2773	1310
1344	1315
1854	1315
2247	1315
2302	1315
2464	1315
1612	1328
1534	1332
2579	1336
1955	1338
2569	1338
1817	1339
1444	1344
2072	1344
2693	1345
1462	1358
1818	1358
2685	1358
1955	1359
1567	1361
1576	1361
1938	1361
2361	1361
2283	1365
2040	1371
2302	1371
2494	1376
1654	1419
1854	1419
2203	1419
2565	1419
2579	1419
2752	1419
2466	1438
2646	1440
1789	1443
2449	1443
2496	1446
2598	1447
2473	1451
2225	1454
2632	1454
2225	1463
2477	1472
1847	1481
2203	1481
2723	1481
1567	1492
2580	1493
1539	1495
1619	1495
1996	1495
1894	1499
1652	1510
1612	1513
1947	1525
2163	1525
2359	1525
2517	1525
2752	1525
1540	1527
2598	1527
1833	1528
2791	1528
2149	1539
1778	1540
1805	1540
1854	1540
2608	1540
2773	1540
1710	1544
2283	1551
2451	1551
1605	1560
1652	1560
2421	1560
2430	1560
2694	1560
2089	1563
2058	1565
1654	1567
1717	1567
2377	1567
2569	1567
2432	1568
2004	1577
2024	1577
1775	1581
2721	1581
2377	1583
2466	1583
2715	1583
1682	1589
2779	1589
2225	1605
1654	1607
1654	1608
1789	1610
1817	1611
2126	1612
2252	1612
2270	1612
2302	1612
2491	1612
2799	1612
2113	1613
2178	1620
2096	1623
1706	1624
1871	1624
2147	1624
2460	1627
1847	1640
1947	1640
2028	1640
2419	1640
2488	1640
2386	1651
1708	1654
1854	1654
1928	1654
2046	1654
2163	1654
2225	1654
2586	1654
2269	1666
2057	1670
2759	1670
1707	1673
2225	1678
2569	1678
2753	1687
2769	1687
2589	1690
1938	1693
1772	1704
2433	1704
2470	1704
2586	1708
2648	1708
2309	1712
2089	1717
1805	1718
2470	1722
2696	1722
1980	1723
2470	1730
1889	1733
2764	1733
1854	1734
1983	1742
2040	1747
2589	1747
1805	1749
2579	1749
2361	1751
2237	1752
2288	1752
2117	1759
2202	1759
2683	1768
2746	1772
2696	1775
2721	1775
2113	1779
2131	1779
2594	1785
2225	1786
2565	1788
1955	1789
2169	1798
1817	1804
1924	1805
2013	1805
2695	1805
2569	1815
1854	1817
1909	1817
2117	1817
1938	1818
2701	1818
2485	1822
2762	1825
1905	1827
1854	1833
2089	1847
2149	1847
1938	1848
1877	1854
1918	1854
1955	1854
2149	1854
2203	1854
2386	1854
2402	1854
2432	1854
2464	1854
2494	1854
2237	1861
2238	1862
1947	1880
2203	1880
2696	1880
2580	1889
2225	1891
2272	1924
2466	1938
2568	1938
2586	1938
2776	1938
2792	1939
2376	1947
2393	1947
2421	1947
2469	1953
2389	1955
2565	1955
2569	1955
2460	1956
1979	1960
2643	1960
2587	1979
1991	1983
2149	1983
2253	1983
2285	1983
2449	1983
2648	1983
2361	1991
2020	2003
2685	2005
2579	2012
2448	2024
2470	2027
2187	2046
2598	2046
2058	2057
2105	2059
2421	2059
2248	2062
2695	2062
2618	2066
2302	2072
2225	2078
2149	2089
2557	2089
2225	2096
2235	2097
2423	2097
2423	2105
2468	2113
2294	2149
2581	2149
2695	2150
2707	2152
2685	2155
2232	2163
2361	2168
2598	2187
2285	2191
2494	2191
2683	2199
2685	2200
2252	2203
2598	2203
2464	2216
2598	2216
2253	2225
2288	2237
2489	2237
2742	2246
2285	2253
2295	2253
2557	2253
2586	2253
2787	2253
2432	2260
2302	2282
2477	2283
2586	2285
2460	2295
2787	2299
2791	2299
2330	2302
2453	2302
2432	2314
2474	2318
2579	2328
2473	2330
2768	2330
2377	2361
2565	2361
2565	2386
2421	2393
2442	2402
2557	2402
2672	2432
2579	2433
2648	2433
2579	2438
2598	2442
2773	2451
2469	2464
2685	2464
2696	2470
2641	2473
2598	2579
2779	2579
2688	2594
2762	2629
2696	2641
2779	2648
2700	2681
2791	2787
