3294	3796
3294	2316
3294	1307
225	332
225	1819
225	1596
225	1884
225	1307
225	564
3744	698
3744	4263
348	628
348	3163
2467	621
2467	1232
510	3567
510	2433
510	3721
510	3578
510	3335
510	793
510	3682
510	1092
510	506
2894	4475
2894	3614
46	2828
2911	2454
2911	199
2911	4530
2911	2104
2814	3087
3343	199
3343	4082
3475	11
3475	3426
1594	332
1594	102
1594	3876
1594	4142
1655	199
1011	1516
3315	216
864	1397
864	2454
864	4237
864	550
864	830
864	110
2465	3578
2465	199
2465	554
857	1312
857	1811
857	3907
857	172
857	1264
857	4475
857	1826
857	1505
857	3333
696	4405
696	3188
696	4248
696	899
696	39
696	1236
696	2578
696	4263
696	4195
696	3646
696	4020
696	2534
696	422
696	26
696	2847
696	4160
2968	3993
3299	724
2088	1232
1371	3982
3940	3585
3940	2361
3940	505
2874	1489
2874	668
2874	980
2119	38
2119	4074
2119	3197
2119	3893
654	4074
654	2316
654	102
654	502
654	3893
203	4439
203	1579
203	422
203	3167
203	1284
203	3356
245	394
245	1881
245	1569
245	3409
245	4268
245	1117
245	4416
245	2392
245	2768
245	533
245	1105
245	285
245	927
245	2553
245	1992
245	1998
245	2978
4379	394
4379	2367
4379	1569
4379	2129
4379	3409
4379	469
4379	1117
4379	4416
4379	295
4379	4555
4379	2392
4379	1105
4379	1992
4379	1998
3973	3595
3904	1442
3904	1441
3904	3560
1366	3147
3183	2936
3183	3155
284	1739
284	780
1539	2578
4541	1278
4541	2221
4541	1084
4541	998
4541	2985
436	2454
3626	2018
3626	1402
2868	2018
2868	3629
2620	3481
2620	199
2620	2282
2780	332
2780	2454
332	4323
332	791
332	3754
332	3135
332	2957
332	3494
332	1602
332	170
332	1434
332	3287
332	1800
332	2047
332	1150
332	69
332	1945
332	2046
332	1378
332	1905
332	2612
332	221
332	3196
332	3990
332	1899
332	1909
332	2816
332	3650
4323	11
2603	4435
2603	4408
2603	1858
2603	224
2603	3482
2603	4422
4435	4408
4435	1858
4435	637
4435	1408
4408	3597
4408	4524
4408	2939
4408	3818
4408	3054
4408	1905
4408	4426
4408	4063
4408	2510
392	4225
3853	2426
3853	1362
95	1111
3567	2236
3567	2786
3567	2447
3567	265
3567	1714
3567	817
3567	2028
3567	3332
3567	870
3567	457
3567	3682
3567	3515
3567	2361
2426	2454
3173	1035
3173	3333
2105	2513
2105	3778
2105	2433
2513	3778
2513	2433
2513	3335
3778	2433
1893	224
663	626
663	2056
663	4537
663	2850
663	3324
663	24
663	668
663	1709
626	1647
2278	263
1897	1524
3284	3226
3284	826
3284	3285
3284	851
3226	3585
3226	429
3226	3285
3226	2612
3226	3167
3226	851
826	535
826	3285
4250	1201
4250	2690
4250	4475
1880	1992
989	4203
791	2226
791	3385
791	4026
791	1952
791	1800
791	1024
791	1458
791	4386
791	3333
1996	3363
1989	3469
1989	2454
1989	3997
1989	1249
1989	2390
2433	3335
2433	3793
2433	4475
4556	3497
4557	1569
4557	728
4557	3936
4557	285
4557	1080
597	1927
597	1758
597	3228
597	1988
597	3191
597	3900
597	2550
597	3539
597	1234
597	2181
597	1086
597	888
597	1016
597	2742
772	2848
772	4427
772	841
2312	2491
2312	1750
2312	3396
2312	4083
4516	1977
2913	4528
1435	2301
4546	1701
4546	1988
4546	3560
261	1232
1392	3681
1392	3797
1392	1563
1392	2861
1392	2491
1392	724
1392	1299
1392	159
1392	1406
1392	554
1392	2963
3754	3287
635	4444
635	2841
993	3799
993	316
3732	648
4430	4554
4430	4475
189	1397
189	1596
189	1307
189	564
189	554
189	1092
189	3333
189	3872
4270	1249
920	2516
920	1397
2516	1397
3694	897
2505	1843
2505	1881
2505	2367
2505	193
427	1232
3573	2367
3573	4268
3573	3191
3573	1264
3573	554
3573	2066
3573	2618
3573	533
3573	285
3573	2553
3573	1998
3573	4434
2148	172
2148	1524
4025	841
211	146
211	2385
2236	4545
2236	2993
2236	3278
2236	3907
2236	81
2236	3335
2236	4042
4405	3638
4405	376
4405	3100
2082	2398
2082	1277
2082	2104
2082	4475
2082	2343
2082	4360
2082	3566
3107	571
3107	947
571	1277
3525	1806
3525	3893
3525	1606
1293	112
1293	3646
1293	564
1293	554
1293	3872
4299	4334
4299	3721
4299	804
4299	102
4299	1824
4299	3453
4334	2443
4334	1971
4334	38
4334	2171
4334	2777
4334	929
4334	4042
4334	4530
4334	3563
4334	1728
4334	1515
4334	2828
2056	2850
2056	4220
2056	4373
2056	1524
2056	839
2056	66
2056	771
2423	2850
2423	3293
2423	1397
2423	3254
2423	3494
2423	1512
2423	3678
2423	3098
4071	2690
4071	3147
1834	2687
1834	172
1834	549
1834	554
1176	1414
3796	1046
2452	535
2452	947
2452	1016
2265	3646
2265	2653
2265	3087
1312	770
1312	4436
1312	611
1312	2993
1312	741
1312	720
1312	706
1312	1850
1312	108
770	3001
770	4436
770	116
770	929
770	741
770	3720
770	16
770	197
770	3147
770	1608
770	1850
770	2926
4372	1233
3703	617
3703	715
3703	417
3703	3278
3703	3335
3703	4530
3673	1277
3622	2443
3622	1971
3622	799
3622	979
144	3278
144	3553
144	1850
144	350
144	2425
4375	171
3001	947
2850	3287
2850	3440
2850	3472
2850	4220
2850	1531
2850	4373
2850	1524
2850	839
2850	3196
2850	2181
2850	1356
3791	1291
3791	888
153	3087
1308	3793
1308	199
1308	2017
1308	2906
1308	2104
1308	4149
1308	4290
394	2367
394	1430
394	3936
394	3409
394	4268
394	3191
394	469
394	2066
394	533
394	285
394	4276
394	2553
394	1992
394	4434
1719	1524
883	1712
883	2039
883	2424
3293	1397
3293	1283
3293	929
3293	1729
1552	1581
1552	2806
2848	2786
2848	3524
2848	827
2848	863
2848	862
2848	81
2848	3633
2848	557
2848	102
2848	2872
2848	4223
2848	3793
2848	3628
2848	2028
2848	2939
2848	3498
2848	828
2848	2125
2848	4426
2848	117
2848	498
2848	1326
2848	1475
484	3062
1819	3135
1819	2957
1819	769
1819	2924
1819	3197
1819	2454
1819	2439
1819	1794
1819	3539
1819	1905
1819	2612
1819	221
1819	113
1819	519
1819	1909
1819	3184
1819	3418
409	2454
409	112
409	4475
409	1233
4143	3952
4143	4452
4143	1797
4143	1850
4143	3187
4143	3685
4143	2473
4143	2873
4143	3806
1639	935
3229	313
3229	4428
3229	596
1021	3287
1712	3717
1712	4465
1712	3792
1348	1037
3717	648
3717	4465
3717	3792
3717	1037
3717	4475
1349	4452
3135	2398
3135	2760
3135	1621
3135	4229
3135	4530
3135	1864
3135	4324
3188	1561
3188	2454
3188	568
3188	876
3188	2804
4019	118
4019	1564
4019	1046
4019	875
3460	2292
4345	724
4345	252
4345	4352
4345	3242
4345	1309
4345	3192
4345	3008
4345	2104
4345	1172
2428	3324
2428	937
2428	3575
4371	443
4371	2415
4371	550
4371	2104
4371	77
253	2447
253	2687
253	172
2657	4475
2715	2418
2715	1687
2715	3319
2164	1563
2164	2305
2164	805
2164	752
2164	2939
2164	721
2164	1524
2164	554
2164	4082
2164	853
2164	1233
2164	4096
2164	121
629	2687
2226	38
2875	3147
2443	1971
2443	4042
2443	1905
2443	3562
2443	1909
1971	3721
1971	929
1971	1602
1971	3197
1971	1241
1971	1470
1971	1362
1971	263
1971	2906
1971	3341
1971	2166
1971	1930
1397	3289
1397	1988
1397	1277
1397	824
1397	2454
1397	549
1397	4462
1397	259
1397	1044
1397	1681
36	4093
2018	1402
2018	3145
2018	1298
2018	376
38	2947
38	2337
38	3075
38	1728
38	3503
38	1516
38	1850
38	4082
38	2361
38	1462
38	3473
3034	4390
3034	4042
3034	3999
3034	3570
3034	3354
3034	263
3034	554
3034	338
1402	2454
4111	3638
4111	969
737	1329
737	622
737	3907
737	1477
737	3676
737	947
737	2169
648	4465
648	1516
648	1037
648	4244
648	3515
319	2171
617	2662
617	726
617	1603
617	720
617	159
617	2169
1329	622
1329	3907
1329	947
622	535
622	2867
622	3907
622	2897
622	3539
622	1150
622	527
622	802
622	947
622	900
622	926
622	2331
622	3071
622	1605
4429	2171
1563	4176
1563	3335
1563	1800
1563	853
1563	15
1563	3087
1563	3612
1563	2985
1563	1909
1563	990
1563	3453
3254	736
3254	3628
3254	1328
3254	2361
3116	3915
3116	313
3116	628
3116	1575
3116	3163
3116	4475
535	736
535	644
535	1129
535	2897
535	2533
535	3583
535	4373
535	1524
535	3943
535	259
535	2169
535	466
535	486
535	1125
535	1420
535	3789
535	3929
2981	4263
3407	3464
3407	2775
3407	30
3407	2017
3407	3192
3407	3008
3407	4483
2879	1277
2879	2246
2879	2547
2879	2673
2879	866
2879	40
2879	1732
2879	843
2879	628
2879	3662
2879	591
2879	1873
4218	3920
885	2139
188	4228
188	412
177	1197
2302	4392
2302	2454
4176	1355
3954	4146
3954	3915
3954	2154
3954	3375
3954	1259
3954	4186
3954	3743
3954	4386
3954	1575
3954	1824
267	639
267	4499
267	364
267	397
267	755
267	2736
267	66
3721	929
3721	4020
3721	3682
639	724
639	1264
4499	3423
4499	2454
4499	788
4499	3727
4499	2257
4499	3972
1580	3287
1580	4237
37	2337
37	2230
4107	866
3824	3930
3824	1516
3824	3196
3129	2644
3129	3516
3129	3147
3129	457
3129	2049
3129	2906
3129	4160
2644	3405
2644	4524
2644	1477
2786	4439
2786	1600
2786	1794
2786	3147
2786	1388
1586	1701
1586	3527
1586	724
1701	3527
1701	3272
1701	3560
1701	3769
1701	1356
3536	2447
3527	1550
3527	2364
3527	2166
3527	782
1424	3147
3783	2963
3783	3087
118	3585
118	3287
118	1524
118	3138
118	4452
118	2104
118	956
3747	3595
2501	2383
2501	285
1843	3595
1843	3191
1843	724
1843	1264
1843	619
1843	285
700	1324
1881	3595
1881	3445
1881	2367
1881	3936
1881	4268
1881	3191
1881	1264
1881	2565
1881	2066
1881	2618
1881	4280
1881	533
1881	70
1881	285
1881	2553
1881	1998
1881	2294
1881	4434
3251	4006
3251	67
1656	664
1561	570
1561	265
1561	1579
2139	66
2139	1856
1925	570
570	937
1927	2454
1927	3087
2957	2398
2957	3385
2957	4390
2957	2216
2957	2545
2957	3776
2957	3743
2957	2591
2957	1524
2957	1906
2957	1092
2957	968
2957	4040
2957	4088
2407	4390
2407	3743
2349	2169
3595	1569
3595	3936
3595	1974
3595	3590
3595	1197
3595	285
3998	313
3998	1800
1758	724
2954	2104
3516	1266
3516	2049
3516	3764
3272	3792
4358	3950
4436	3955
3324	4390
3324	724
3324	947
3312	4536
3312	3876
3312	2778
4509	3574
4509	3114
812	531
4348	246
4348	1811
4348	3743
4348	576
4348	4319
2606	2225
2606	3238
2606	408
2606	3597
2606	3109
2606	554
2225	3238
3238	3585
3380	3612
1973	2227
488	3278
3915	2454
3915	4162
3915	628
3915	2612
3915	1575
3915	3163
3445	4268
3445	1485
3445	2392
3445	2768
3445	66
3445	1501
3445	1105
3445	1875
1063	2454
1063	15
404	1225
1444	2071
3952	4475
246	516
246	1449
246	731
246	2104
246	506
11	2454
11	199
1731	1596
1731	2109
1731	3138
1731	1298
1731	2417
1731	1484
2211	259
2498	2229
3731	2434
2821	2454
401	3287
736	4057
544	4426
4301	102
3582	106
3582	3314
2685	1952
2685	3628
2685	856
3919	3585
3919	644
3919	1115
3919	2316
3919	102
3919	1259
3919	3287
3585	2748
3585	1115
3585	4525
3585	3921
3585	3145
3585	2316
3585	102
3585	1259
3585	739
3585	3314
3585	610
3585	502
3585	1432
3585	3218
3585	108
3585	4018
3585	2198
3585	2601
4052	2007
4355	1309
4355	3876
4355	4236
1283	2169
1283	2492
1283	3808
4074	841
1898	1503
1898	199
2542	3333
1321	637
12	3743
318	1477
2093	3087
4104	1791
644	1115
644	2316
644	102
644	502
644	3792
644	1524
644	823
644	1232
644	3087
644	1281
644	3333
2564	1524
539	1118
4471	199
4471	2906
4471	4543
4248	1062
4248	92
4248	93
4248	1954
1062	92
1062	1914
1062	1954
1062	4228
1006	2707
2189	2017
2272	531
2272	3773
1314	2317
1314	1336
1314	634
1314	3539
1314	470
1314	4066
1314	4386
1314	2660
1314	3508
1314	4134
3405	1711
3405	1084
2171	1570
1302	1569
2748	3997
2662	4422
2662	4172
2662	4011
746	58
804	502
1034	102
1238	576
2293	610
2293	2028
2293	2583
4536	787
4536	81
4536	1234
4536	3333
787	81
2922	2454
2922	3841
24	45
24	4321
4427	1356
682	1477
682	554
324	3907
324	2301
364	4263
364	2776
4432	1344
4432	3743
4432	1966
1119	1344
2447	1322
2447	4535
2447	3903
2447	3884
2447	743
2447	2385
2447	2958
2630	3670
2630	3289
2630	3628
1129	3670
1129	2430
1129	14
1129	564
1129	506
1129	3333
80	1084
1868	3907
1868	172
1868	3597
1868	741
1868	126
1868	1307
1868	2046
1868	1378
1868	4114
1868	2612
1868	1382
300	4263
300	1477
300	1516
1585	2454
1193	937
1115	2491
1115	102
1115	2854
1115	4134
120	841
120	3682
120	964
120	3872
3406	2324
2039	3289
2039	2454
2039	1906
3740	2169
3670	4247
3670	3289
3670	3197
3670	2454
3670	3597
3670	1375
3670	1676
3670	2939
3670	4222
3670	990
3670	4124
4032	3876
2367	1974
2367	3409
2367	4268
2367	2092
2367	2066
2367	2392
2367	2618
2367	533
2367	285
2367	927
2367	2553
2367	1998
2367	3529
2367	4434
4287	2034
4287	3094
1085	1232
1089	429
1089	2454
1569	56
1569	3936
1569	1974
1569	3165
1569	3409
1569	3191
1569	4554
1569	690
1569	1117
1569	4373
1569	3091
1569	2066
1569	2618
1569	212
1569	1715
1569	533
1569	285
1569	777
1569	2553
1569	1998
1364	2618
1364	285
1364	2553
2855	3936
2855	3191
2855	992
2855	2376
2855	1117
2855	158
2855	45
2855	285
2855	3977
2855	4335
359	172
359	3597
359	634
359	126
359	3818
359	4222
359	2928
359	2104
359	565
359	1233
1722	3597
645	2880
2777	4392
1344	2301
1344	1966
1344	3579
3289	3143
3289	1277
3289	2031
3289	1602
3289	3465
3289	2454
3289	739
3289	274
3289	1241
3289	3328
3289	2794
3289	1162
3289	1504
3289	1440
3289	4186
3289	3498
3289	1200
3289	1266
3289	1362
3289	1322
3289	3083
3289	4370
3289	4426
3289	2810
3289	1014
3289	4124
2982	3889
2982	2496
4235	199
4235	4530
4235	4233
4235	1788
3249	2454
3249	2928
1748	761
1748	3728
3711	637
2867	1524
1201	724
2835	1988
2835	3020
2835	2114
2835	2768
2835	285
2835	3879
1430	3409
56	3165
56	2454
3936	1974
3936	3409
3936	4268
3936	4416
3936	4555
3936	2392
3936	3360
3936	212
3936	2768
3936	533
3936	1501
3936	1105
3936	927
3936	1875
3936	1992
3936	1998
1974	3191
1974	69
1974	212
1974	285
1974	2553
500	1046
3590	4268
3590	2939
3590	637
3590	3360
3590	66
974	549
974	901
3825	549
977	862
977	557
977	509
977	773
977	2374
977	3794
977	990
1684	1739
2398	2872
2398	2070
2398	1905
2398	628
2398	3163
2398	4475
2398	1047
2398	1909
3043	2060
238	2017
238	2110
238	2104
238	3787
1391	3908
1391	554
552	1516
2337	102
2337	4229
2337	4082
2337	1116
3290	2359
3290	2454
3290	3147
3290	623
3290	2942
3276	1181
3276	2975
191	637
3090	3245
3090	4339
1210	1266
4208	1232
4208	113
3494	1811
3494	1227
3494	2104
3494	2343
3494	2963
3494	110
3494	2975
1913	3287
1913	4475
2108	2454
2108	3020
2108	3046
1101	1516
4204	1236
2154	2687
2154	862
2154	2187
2154	762
2154	3704
2154	4388
2154	3356
3064	323
3064	741
3064	4530
3064	1266
3064	823
3064	45
1256	1477
2156	1099
1821	1596
1821	2213
1821	1906
1821	3333
1821	3872
3600	1278
3600	827
3600	726
3600	793
3600	2797
3600	2118
3600	2653
3600	958
3143	1277
3143	252
3143	2094
3143	2238
3143	2939
3143	3147
3143	1199
2668	1082
2668	465
3799	2978
983	4026
3414	2066
323	1124
323	1257
323	1728
1285	1046
1285	2221
1285	1232
1285	927
1285	2100
4409	3222
4409	4530
4409	3466
34	1282
34	224
34	4186
34	2186
34	4444
34	1688
34	3333
34	2978
32	1257
32	1826
1988	2007
176	1917
417	4392
417	3287
417	16
417	1663
417	1264
417	136
417	2198
417	2580
417	2684
417	3541
3423	457
92	1227
92	1541
92	3078
92	643
92	1466
2129	428
2129	121
4510	724
4510	1232
2844	2454
302	805
4057	1277
4057	2993
4057	2089
4057	706
2853	2687
708	3193
708	3907
4397	3193
4397	4184
4397	918
4397	4112
4397	1458
4397	1690
4397	4244
4397	4475
4397	1505
173	1524
173	1232
173	2583
173	1906
173	4452
173	3333
1187	2292
2698	285
3481	3287
3481	3138
3409	4268
3409	3191
3409	2066
3409	1130
3409	2618
3409	2768
3409	533
3409	285
3409	2553
3409	1568
3409	1992
3409	1998
3409	3529
3409	2294
3409	4434
3831	2424
3831	66
3831	2387
408	801
408	581
408	3690
408	990
3543	4186
3543	4475
852	2687
852	4388
1381	1307
1381	823
2687	1870
2687	2316
2687	3357
2687	2439
2687	2702
2687	104
2687	4065
2687	4388
2687	2399
2687	2660
2687	1143
2687	376
2687	1319
1111	4242
1111	928
1111	4244
1111	1826
1111	1505
1111	2002
1811	407
1811	1505
1811	1966
1811	4092
687	637
687	1264
687	2332
687	3903
687	1568
687	2597
4545	102
4197	2316
1278	3287
1278	3078
1278	3993
1278	1356
1278	1577
1124	741
2413	66
929	783
929	4020
929	422
929	1775
929	3453
428	3287
428	4319
428	1590
428	121
3611	1678
3611	851
2861	3287
2861	3147
1112	4475
1277	4525
1277	2993
1277	2246
1277	2011
1277	4178
1277	2252
1277	2547
1277	1504
1277	2673
1277	2897
1277	40
1277	2997
1277	843
1277	720
1277	197
1277	2647
1277	3127
1277	439
1277	4388
1277	4058
1277	13
1277	1014
1277	4153
1277	4124
1255	3287
1255	841
1255	922
1255	1851
2324	2993
1267	2243
1267	1524
652	554
652	3341
652	4475
1337	1477
1337	747
2031	1581
2031	668
2031	4307
2031	248
2031	1906
2031	1298
1814	4307
1082	3087
1082	285
1082	3459
4157	2316
1181	48
1181	1512
1181	1602
1181	3589
1181	4240
48	1512
538	4229
1512	668
1512	502
4525	550
4525	199
4525	16
4525	3333
1782	1046
1782	521
4268	3191
4268	3678
4268	2269
4268	637
4268	295
4268	2066
4268	2392
4268	2618
4268	1501
4268	1105
4268	70
4268	285
4268	2553
4268	1875
4268	1998
4268	2294
4268	3722
4268	4434
2526	1367
3921	2939
769	1478
769	1583
1634	4530
3191	1964
3191	2383
3191	1117
3191	4416
3191	4555
3191	554
3191	2392
3191	3360
3191	212
3191	2768
3191	533
3191	1501
3191	2229
3191	2384
3191	1105
3191	285
3191	927
3191	1875
3191	1992
3191	1998
3191	3722
3021	2454
3021	172
3021	1257
3021	2441
3021	1170
3021	57
3021	3482
3021	3426
3021	1298
3021	664
3021	702
2993	3006
2993	2089
3245	1739
3245	3583
1739	4386
1739	1575
1118	3827
1486	2454
1486	2229
1486	1875
1486	3541
4351	465
4351	761
4351	1346
4351	285
1602	268
1602	3876
3389	457
2254	3411
1347	1230
2437	841
2437	1516
2992	4390
2992	426
1596	4184
1596	170
1596	1375
1596	1162
1596	1145
1596	3482
1596	1200
1596	2688
1596	4462
1596	4426
1596	1723
1596	4338
1596	4474
1596	990
1596	2663
1596	4124
2584	4184
4184	1797
3465	2246
3465	2578
3465	739
3465	274
3465	2104
3465	4426
2246	2673
2246	40
2246	1732
2246	3511
2246	843
2246	2940
2246	426
106	224
106	3242
106	2908
106	4388
732	754
732	1505
3402	102
1756	2454
4308	1282
2763	378
2424	4354
1096	1232
3144	2948
827	345
827	2737
827	25
516	3285
516	610
516	3815
516	506
184	3553
184	4506
184	2104
184	1751
2946	2454
616	2454
616	1227
3278	3997
3278	1264
3278	1284
3278	3610
3278	4160
2877	3375
2877	4078
2877	1227
2877	1541
2877	3078
2877	1652
3795	3360
2113	2997
1215	1307
1215	564
4553	4263
4553	422
801	1150
801	628
801	581
801	299
1004	621
2948	4229
2948	1130
3907	2872
3907	2304
3907	4162
3907	1800
3907	4240
3907	2774
3907	4172
3907	1905
3907	4114
3907	2256
3907	1524
3907	947
3907	259
3907	2169
3907	2778
3907	2370
3907	1778
3385	4390
3385	3874
3385	3776
3385	2591
3385	3078
3385	3943
3464	502
3464	30
3464	3192
3464	4543
3464	279
265	199
265	1850
265	2361
378	4114
378	1024
378	1458
378	1423
465	3147
465	637
824	3657
824	3503
824	212
4390	2591
4390	947
4390	2417
4390	3078
4390	3943
3859	4129
3859	2689
3859	239
3941	3109
863	862
863	1600
863	875
863	4077
863	1844
863	4011
863	3138
863	1516
863	1575
863	2963
862	2578
862	668
862	2109
862	3138
862	4444
862	565
862	1233
81	1600
81	1282
81	4271
81	248
81	4077
81	4422
81	4011
81	3815
81	1661
81	3614
81	3872
4439	1378
4439	4065
3820	248
1197	1477
1197	1264
3734	3171
1964	592
1964	554
2383	67
2383	285
2643	1336
2643	568
2643	2510
2216	3287
4026	1307
4026	1541
4026	823
4026	2232
4064	2454
4064	1232
2964	252
2964	4105
2964	422
2034	3094
2034	3287
3094	1050
3094	2070
3094	280
3094	628
1236	4263
1236	2545
1236	288
3334	564
3334	3593
3334	3333
3074	1074
3074	3138
3074	1906
79	3893
3197	1282
3197	3893
2457	2305
2457	3354
2457	851
2305	2454
2305	853
1564	201
483	555
3361	1947
2175	502
657	937
657	1678
657	10
3578	4548
3578	3539
3578	418
3578	2688
3578	4535
4005	2316
3856	670
3856	2392
3286	2104
3633	4426
3633	498
170	2430
170	2583
170	1906
170	3122
170	4260
4392	3125
272	3570
272	3354
1315	1477
3207	750
2665	2183
3667	252
3667	3566
3469	4472
3469	3860
3469	3287
3469	1550
3469	4503
2454	1033
2454	4414
2454	4548
2454	2206
2454	255
2454	4447
2454	895
2454	4079
2454	1313
2454	2936
2454	3655
2454	69
2454	2611
2454	1075
2454	1871
2454	4011
2454	2477
2454	828
2454	2256
2454	1949
2454	3444
2454	2591
2454	3020
2454	3166
2454	3931
2454	1084
2454	2392
2454	2696
2454	279
2454	4280
2454	2859
2454	1721
2454	1216
2454	210
2454	3117
2454	1930
2454	3047
2454	3187
2454	3393
2454	1801
2454	121
2454	125
2454	128
2454	146
2454	216
2454	433
2454	479
2454	709
2454	896
2454	898
2454	1032
2454	1095
2454	1110
2454	1157
2454	1476
2454	1540
2454	1568
2454	1582
2454	1626
2454	1640
2454	1752
2454	1865
2454	490
2454	2103
2454	2128
2454	2306
2454	2369
2454	2412
2454	2451
2454	2475
2454	2586
2454	2621
2454	2671
2454	2732
2454	2746
2454	2770
2454	2870
2454	2882
2454	3012
2454	3100
2454	3113
2454	3302
2454	3386
2454	3438
2454	3577
2454	3605
2454	3629
2454	3715
2454	3789
2454	3808
2454	3881
2454	4009
2454	4152
2454	3331
2454	4332
2454	4495
2454	4503
2454	3680
172	1257
172	322
172	741
172	3357
172	3287
172	3997
172	841
172	2702
172	104
172	3332
172	30
172	3624
172	4112
172	670
172	1618
172	1143
172	748
172	3521
172	3806
172	702
4306	3287
4306	1550
4306	1298
1434	3287
1434	3997
1434	2546
1257	741
1257	3287
1257	841
1257	1550
1257	57
1257	823
1257	212
1257	3730
4513	2470
4513	1678
4513	3860
4513	1328
4513	4403
4513	4161
2011	22
2011	3147
2011	10
2011	2361
2011	15
2011	3381
3678	2768
2297	2938
788	3521
130	2104
555	339
2760	259
1029	3147
1029	3584
2076	289
1099	2648
3597	1608
3597	3882
3597	1233
3042	3603
4524	1407
726	2316
726	199
1952	2536
1952	3646
1952	15
322	823
322	1970
322	1356
3518	4444
2578	805
2578	4166
2578	1353
2712	3109
2269	1264
741	2444
741	2928
741	1899
1074	268
1074	418
3738	853
557	3511
557	4426
2559	668
2559	1906
2559	3872
1489	980
1375	4426
4256	3087
4256	1647
697	4530
1714	1652
2316	102
2316	1259
2316	4035
2316	3314
2316	2092
2316	502
2316	469
2316	1150
2316	3619
2316	329
2316	1020
2316	1575
2316	3078
2316	4225
2316	2087
2316	2795
2316	702
102	1259
102	464
102	2092
102	502
102	3699
102	1669
102	3449
102	2017
102	4066
102	2109
102	3008
102	2906
102	3301
102	4438
102	4244
102	58
102	3882
102	3955
102	1560
102	2889
102	3428
102	3924
1259	502
1259	550
1259	913
1259	3008
1259	2906
1259	4087
1259	2658
1259	259
1259	2772
22	15
4466	4271
724	699
724	201
724	582
724	2936
724	568
724	2089
724	59
724	1200
724	3932
724	1930
724	888
724	515
724	795
724	1217
724	1411
724	2360
724	2839
724	3386
724	4298
724	2207
2213	3539
2213	3073
249	1537
1487	2243
1487	1328
1487	1178
2243	3676
2230	3676
2528	1524
2528	554
2528	4452
2528	3320
1282	2187
1282	3874
1282	4077
739	274
739	3498
739	991
739	4222
739	1833
739	4124
274	1504
274	3498
274	823
274	2514
274	4124
3763	2417
3763	1751
3763	2071
3763	4257
2669	3287
2669	1264
4446	3449
4446	1232
3285	2854
3285	1954
937	566
937	947
937	1060
937	2007
937	540
937	559
937	646
937	1104
937	1157
937	1235
937	1335
937	1598
937	1626
937	1723
937	1875
937	2036
937	2776
1570	1024
1570	1298
3627	1087
1336	1232
1336	2104
1336	2417
1336	1878
4414	1501
2872	3178
2872	498
1686	3147
268	59
268	4422
268	3943
4463	3908
4463	150
4463	4448
3908	311
3908	150
3908	3676
3908	1516
3908	1690
3908	928
3908	1037
3908	1505
3908	2117
311	3287
311	150
311	1516
311	1690
311	4475
4178	3999
4178	1905
4178	3496
4512	210
3651	2609
3651	3563
4242	3575
3575	3704
3575	2169
3575	2990
2807	2104
4339	3344
4339	1184
4339	990
4339	2663
1808	2545
1808	299
1808	288
1808	376
1808	3140
668	1524
668	1753
668	1909
918	3635
2444	248
2444	823
2444	212
2444	1249
224	109
4097	1906
4097	3038
1503	4162
1503	263
2751	2632
2206	3482
2652	1826
4249	3318
4126	1171
4271	2985
3873	3036
2547	2673
2547	866
2547	40
2547	1732
2547	843
2187	59
2187	2178
2500	295
1008	3635
2609	1676
2609	3372
2609	782
2674	1878
112	2730
112	1051
112	942
112	2270
112	818
112	4137
112	2353
112	1635
3635	783
3635	942
3390	4475
2299	522
4223	3287
2706	3706
3874	3556
3874	4159
3874	3222
3874	4229
3874	1307
3874	59
313	1886
313	4229
313	4428
313	2689
313	4149
2880	3190
2880	2512
2880	2017
2880	296
2880	4225
2880	2434
2880	4290
3790	818
4508	1232
895	3147
895	4149
4285	4475
2725	2906
252	3169
252	3190
252	2512
252	870
252	2104
252	3025
4263	1621
4263	1184
4263	3046
4263	113
4263	3529
4263	2369
4263	2382
201	2166
201	2963
4162	2470
4162	3997
4162	805
4162	3354
4162	2928
4162	3950
4162	1763
4162	3723
3335	150
3335	1264
3335	4105
4352	3511
4352	825
3242	3511
3242	825
3589	721
3314	3079
3314	3511
3314	3982
3314	2104
3314	825
4307	550
4307	2939
4307	1233
1793	2046
1793	2612
1793	1458
1793	4475
1793	1423
3151	523
3151	4475
817	527
4518	1232
1917	55
1917	4280
1917	193
1917	1998
3357	554
582	1716
2092	2978
4042	1084
2901	1853
1046	2203
1046	2079
1046	4280
1046	2704
1046	1875
1046	2184
3553	3287
3553	3354
3553	3861
992	3040
3040	3147
2470	3860
2470	1328
2470	1492
2470	2166
2470	2942
1678	1328
1678	1853
2794	948
2794	4426
3793	502
3793	550
3793	2017
3793	4149
3793	4426
3793	3333
1162	4426
4465	1826
2439	1309
2439	554
2439	2908
2439	3333
3634	1801
4384	1232
4384	212
2430	4166
308	2775
308	1477
1170	3997
14	1150
14	564
14	3358
3842	422
4195	3482
3860	1248
3860	1328
3860	2534
3860	2166
3860	3560
3287	57
3287	610
3287	2415
3287	1787
3287	568
3287	4002
3287	3482
3287	3916
3287	2939
3287	4083
3287	2114
3287	2486
3287	263
3287	1084
3287	2565
3287	2399
3287	851
3287	982
3287	1852
3287	331
3287	898
3287	1265
3287	1716
3287	1727
3287	3363
3287	2294
3287	2445
3287	2488
3287	2492
3287	2549
3287	2849
3287	3036
3287	3108
3287	3401
3287	3970
3287	3722
3287	3800
3287	3809
3287	3966
3287	3968
3287	4152
3287	4534
2545	841
2545	1550
2545	610
2545	1499
141	3997
3230	3347
3997	3482
3997	259
3997	3452
3997	4095
3997	796
3997	2385
3997	2549
3997	2713
3997	3861
3997	4534
841	610
841	2415
841	3426
841	1232
1550	610
1550	2415
1550	3482
1550	2927
1550	3560
610	2415
610	1499
610	1909
610	3822
2415	1499
2860	3393
44	4188
2543	1265
2602	4475
4315	3342
3201	3818
2158	1524
2440	2256
4554	285
262	564
4527	3696
3696	136
536	1266
1942	2007
690	1439
690	3360
690	2768
690	533
690	1105
3171	4475
2028	564
2028	1906
2028	3333
2028	4324
1274	2166
1274	3117
2673	866
2673	40
2673	1732
2673	843
2673	3662
2673	998
502	568
502	627
502	239
502	3562
502	376
3510	4475
345	2985
345	990
866	4237
866	40
866	628
306	1516
306	3087
2112	4186
3718	4237
1940	4237
2094	1794
2094	4237
2094	685
2094	2935
1687	1860
1770	1524
1313	3482
1313	1524
2897	2995
3807	285
1761	248
1761	3333
93	3393
4328	248
4328	3147
2260	3147
2260	4024
2260	2335
2260	3975
2260	982
481	1998
2702	1524
2702	1092
3440	3424
142	522
142	3331
3499	3020
3499	1875
104	1524
104	1992
892	2936
892	3843
892	568
892	1711
2936	3843
2936	3655
2936	2013
2936	948
2936	876
2936	805
2936	2811
2936	3596
2936	2828
3843	3655
3843	948
3843	1816
3843	2174
3843	3982
3655	568
3655	876
3655	805
2013	805
2013	2180
568	2376
568	948
568	876
568	870
568	2839
2651	3742
2376	621
948	3399
876	805
876	1669
876	1573
3742	3178
3742	1875
805	2180
805	2110
805	1232
805	1753
1800	126
1800	3530
2032	2058
1442	150
2598	564
3332	199
3332	564
3332	4082
3332	2963
3332	926
2535	1084
78	3147
3569	3743
3569	3827
1794	4237
4237	1057
4237	3646
4237	1352
4237	3515
4237	3333
3760	3147
3760	285
1676	4229
1676	564
1676	1266
1676	1524
1676	1906
1676	4324
1676	4266
3819	3884
4130	4082
4240	2647
4240	2632
4240	4317
469	285
469	2978
1117	3020
1117	2618
1117	3826
1117	285
1117	1875
4284	321
4033	565
3208	3574
3208	1575
3208	4138
109	3574
109	3792
109	2192
109	2536
109	3876
3574	2416
3574	3792
3574	2192
3574	1575
461	3870
1145	2939
1145	1249
1145	1233
3661	291
3661	3131
3792	2192
3792	2536
3792	1432
3792	197
3792	1037
3792	888
1632	291
291	1477
3539	3563
3539	457
3539	2301
3539	2963
3539	3333
3539	3872
3539	3566
2180	299
752	3646
752	1954
752	853
752	119
752	1909
1030	1358
4346	2647
4346	2110
2804	2558
2804	2475
3169	2104
3169	4149
3169	4266
1150	564
1150	1524
1150	947
1150	1092
1150	3331
3472	3091
442	295
2221	4452
1414	2046
1414	4114
1414	2256
1414	3690
1414	376
1414	1661
3488	3482
3488	2046
3488	4114
3488	581
3488	1382
3838	3482
3838	2046
2192	3147
69	212
69	2768
922	3222
922	4511
922	825
1184	1524
550	3476
550	1524
550	3341
550	279
550	212
550	2963
550	795
550	1260
3476	1832
2775	30
2775	2017
2775	4543
2775	4483
875	4386
1667	2906
1667	279
3190	2017
3190	4543
3190	2104
3190	3025
1057	199
1057	2017
1057	2906
1057	279
2512	3676
2512	4543
2512	2104
2512	3025
870	4543
870	2104
870	3025
30	3192
30	3066
349	750
199	2017
199	793
199	2906
199	4543
199	279
199	259
199	968
199	3140
2017	3192
2017	2906
2017	2104
2017	4149
1248	3852
1248	3354
1854	3994
1854	3354
135	3852
3852	3354
3852	1300
4186	4475
4186	3358
4186	4444
4186	4426
2283	4475
3482	4314
3482	4222
3482	2007
3482	3893
3482	4228
3482	4095
3482	990
3482	2663
16	1505
3352	1945
3646	988
3646	4483
3646	3163
3646	119
40	1732
40	843
40	3662
40	4058
527	3227
126	753
126	564
126	3990
126	565
126	234
126	748
126	1773
258	748
3994	4426
1945	2583
1732	843
1732	4058
1732	3442
4078	1906
1227	1906
3511	2186
3511	2906
3511	4137
3511	4225
3511	1505
4368	1233
4368	1217
2939	1328
2939	853
1832	2737
1400	3676
2146	285
2146	1260
600	912
3222	4229
3222	1200
3222	25
248	3388
248	2906
248	1044
248	4166
248	3878
248	3418
4229	2110
4229	3127
4229	3046
4229	1850
4229	939
4229	2169
4229	944
4229	25
4229	146
4229	1220
4229	1460
4229	1909
4229	3584
1309	1949
1309	853
1309	3113
721	853
1307	2046
1307	1905
1307	4114
1307	1458
1307	2797
1299	1864
1299	2169
3181	564
3181	59
753	1909
564	2070
564	621
564	1524
564	1362
564	1143
1603	3959
1603	554
587	2519
3657	3147
3657	637
3657	3138
3999	3570
3570	159
3570	565
1541	4114
625	4530
625	3629
2997	823
2997	1084
2997	2840
843	4058
720	2647
720	259
4077	733
4077	3583
4077	2611
4077	4011
4220	1524
2161	2906
59	3425
59	1230
3876	418
3876	1484
3876	1899
4129	3360
4020	4530
4020	10
4020	1875
4020	2360
4004	1860
4530	1246
4530	2049
4530	4096
4530	125
4530	1409
4530	2058
3563	3993
2145	479
2145	1121
2145	1957
2145	2878
107	3577
107	4534
3147	3549
3147	158
3147	1020
3147	549
3147	4254
3147	2353
3147	3815
3147	4096
3147	152
3147	413
3147	1856
3147	2232
3147	2806
3147	3508
3147	3756
3147	3804
3147	3808
3147	4088
3147	4152
3147	3677
3354	259
3354	3227
3354	851
3365	2811
3365	1505
3365	3087
3365	1220
1352	2343
1352	259
4066	1084
4066	4426
2774	4422
2774	4172
2774	1458
4428	4083
4278	1906
3498	4426
523	3313
523	851
523	623
3426	702
3425	1681
418	2109
418	3109
418	4082
418	337
418	1123
1224	2109
2109	1024
2109	4475
1750	1232
3396	2058
150	4028
150	3676
150	1690
150	928
150	1037
150	4244
4422	4172
4422	3583
4422	4426
4422	2554
4172	4171
4172	280
4172	4091
4172	3583
3814	2070
3814	628
2070	280
2070	4091
2070	1477
2070	3583
2070	1618
280	1477
280	2611
280	628
280	4011
280	1225
4091	2611
4091	628
4091	4011
1477	628
1477	4011
1477	2608
1477	1618
1477	799
1477	559
1477	658
1477	744
1477	782
1477	910
1477	957
1477	2357
1477	2531
1477	1356
733	4011
2228	4011
3583	4011
2611	4011
3743	576
3743	3444
3743	2120
3743	3815
3743	4319
1018	621
1018	991
3433	3081
149	718
3050	146
3142	2005
2046	1378
2046	4114
2046	1024
2046	2612
2046	4112
2046	1458
2046	1266
2046	1382
2046	113
2046	1423
1378	4114
1378	1024
1378	2612
1378	1458
1378	2195
1378	1382
1378	113
1378	1205
1378	1423
1905	2612
1905	1458
1905	614
1905	499
1905	299
1905	1423
1905	2629
537	2058
4114	1024
4114	2612
4114	1092
4114	1382
4114	113
4114	894
4114	1423
1024	2612
1024	1382
1024	1423
1024	1661
628	3676
628	2711
621	991
621	2394
2495	637
2612	4112
2612	1458
2612	1382
2612	1753
2612	1423
4112	1458
4112	554
4112	1382
4112	1423
4112	1723
4112	3728
1458	1382
1458	1753
1458	113
3189	2604
3451	422
4222	565
4222	1233
3912	1763
4511	1530
487	2120
487	3647
3250	1559
3192	2647
3192	4543
3192	279
3858	159
869	4134
670	1524
670	1264
2256	802
802	947
4386	1826
4386	391
4386	1423
457	1524
576	3444
576	2120
576	4319
576	851
793	968
1949	4475
1200	3138
1200	1298
1200	926
1200	2622
1200	3614
2928	823
2928	113
4416	2066
4416	2618
4416	285
4416	1992
1406	554
1406	2963
2301	554
2301	2104
2301	1966
2301	4063
2301	990
2688	554
2688	2104
3444	4475
3444	2941
637	1020
637	4233
637	896
637	927
637	1560
637	1568
637	1606
637	2352
637	4109
637	4152
124	1575
124	3970
2591	3943
3408	288
1266	72
3479	4475
2608	193
2647	1709
2203	2392
2203	4528
2203	285
221	1524
818	4383
1524	1499
1524	3943
1524	853
1524	3358
1524	1205
1524	3632
1362	4082
3091	295
3091	2618
3091	761
3091	2181
3091	4403
3091	285
295	3020
295	1875
3020	1264
3020	2658
3020	4448
3020	45
3020	285
3020	995
3020	2744
823	1249
823	1409
823	1899
3127	2906
55	1264
2114	1232
2114	2832
2114	3728
1232	651
1232	10
1232	58
1232	352
1232	4426
1232	1355
1232	216
1232	292
1232	353
1232	498
1232	775
1232	893
1232	926
1232	927
1232	1206
1232	1230
1232	1841
1232	2722
1232	4144
1232	4207
1232	4211
1232	4362
1232	4503
1982	369
1982	58
1982	299
2689	239
2689	2044
2689	3453
3046	1516
3046	3066
4028	3676
4028	1037
4028	3515
3109	299
158	1662
4555	2066
4555	2618
4555	212
4555	70
4555	285
4555	2553
407	1505
2186	1298
3388	299
3388	3562
3388	2973
263	2859
3950	1294
369	58
369	299
1264	1233
1264	2784
1264	1260
1264	1998
755	2173
239	3110
239	2492
239	3453
2940	3562
2940	3893
2940	1233
3832	3112
3676	3515
3676	1826
3676	1642
3676	1699
1020	3333
2292	4244
3355	3087
549	3767
549	2985
3138	3418
3503	1906
3503	3333
554	2104
554	3392
554	3637
4549	1579
1763	3982
3982	1579
947	260
947	4166
947	1143
947	795
947	926
947	2331
947	3071
947	3441
947	3728
2583	3073
1825	1205
1906	2906
1906	4452
1906	1258
1906	2930
1906	2933
1906	3067
1906	3140
1906	4088
341	3333
1328	3341
1328	2534
1328	2166
1328	3893
1328	1709
3008	2906
3008	4543
3008	3025
2906	4543
2906	4149
2906	3318
4452	3943
4452	1330
4452	2770
1084	1516
1084	337
1084	3562
1084	998
4543	4483
4543	422
4543	3885
750	4137
4137	2353
2811	4535
2811	1703
2066	2392
2066	2768
2066	66
2066	1501
2066	1105
2066	1875
2066	1992
2066	1998
2104	4225
2104	251
2104	521
2104	1405
2104	3025
1520	3113
4149	279
1023	1568
1023	2469
1516	928
1516	3826
1516	2963
1516	888
1516	767
1516	1265
1516	1318
1516	1540
1516	1606
1516	1716
1516	2245
1516	2604
1516	2873
1516	4048
439	3612
969	2534
969	3591
2392	2618
2392	212
2392	285
2392	1080
2392	2553
2392	1875
3341	1178
3341	422
3341	2166
3341	1709
3341	2935
4462	2905
3038	3078
3038	643
3038	506
2007	894
2007	2806
2007	4519
3265	4383
1092	1143
1092	982
1092	1909
4344	1501
4344	856
1575	3815
3918	2834
3918	4475
1298	3098
1298	1233
3163	4444
3163	119
2834	1505
2834	1966
1690	4244
1690	3515
928	422
2854	166
2736	3727
4438	4475
915	2618
2618	3360
2618	533
2618	927
2618	1998
589	2594
2737	718
2737	3966
2417	2071
916	1233
1037	4244
4244	3515
3515	2995
3515	3047
3515	3076
4383	2014
3078	422
3078	3993
1346	1718
4082	2091
4082	853
4082	1909
422	1143
422	2681
422	505
422	534
422	2549
422	3560
422	4468
3943	926
3943	3333
3943	3728
1439	1105
108	1355
108	949
2827	4475
4475	299
4475	4006
4475	1618
4475	3358
4475	4444
4475	1529
4475	2546
4475	4460
4475	76
4475	325
4475	773
4475	898
4475	1228
4475	1360
4475	1648
4475	1773
4475	1775
4475	1877
4475	1878
4475	2943
4475	3149
4475	3970
4475	3861
4475	3920
4475	4009
4475	4040
4475	4523
4475	1356
581	1216
581	990
4388	825
4388	4444
825	3975
4236	299
962	2849
58	299
58	2169
790	1105
1258	2930
3360	2768
3360	66
3360	1105
3360	53
3360	285
3360	2553
3360	1992
3360	3459
1826	1505
1826	3419
1826	4309
1505	3419
1505	1681
1505	4088
212	533
212	2553
212	1899
3209	45
853	2343
853	4096
853	2815
853	4160
3690	4324
4006	3333
1721	3584
3358	4444
3358	3872
3358	4290
4426	4124
210	3677
1529	3087
4467	251
3826	3393
2676	3815
2676	4534
3596	3399
3596	1992
3399	2412
3815	3424
3562	2912
3562	990
3562	4266
2434	4347
288	152
288	3658
15	1833
15	3453
2343	4360
2343	2778
2343	3566
4360	2926
2768	1105
2768	70
2768	285
2768	2553
2768	1998
2768	3677
259	751
259	3443
259	3227
259	3993
259	2185
259	3333
751	3443
751	3227
751	76
3893	4321
3167	3787
968	3087
1777	4228
1044	3333
533	285
533	4276
533	927
533	1080
533	2553
533	1992
533	1998
533	4434
3131	3233
4063	1104
3122	3961
1249	45
1249	1356
2169	3728
2169	3872
1247	894
1753	1484
66	67
66	285
66	1137
66	2746
66	3459
4228	771
4228	2274
113	1484
2963	1233
2963	1899
3110	1233
944	1233
1233	1707
1233	1475
3962	1521
3087	936
3087	2539
3087	4292
1590	121
4441	1143
260	1699
4166	1143
1143	3333
2778	1970
4024	2335
4024	3975
3993	1788
3993	3698
3993	3566
2335	3975
2335	4124
4535	1273
2681	719
1718	3446
1501	67
1501	285
1501	2553
1501	4434
982	3071
3685	4456
2384	285
2384	2553
1105	285
1105	2553
3955	740
4096	4095
1330	3885
25	990
53	2677
888	376
888	3140
67	285
70	2632
76	2904
89	2683
121	1853
128	519
156	2277
200	1379
218	1769
285	927
285	1875
285	1992
285	1998
285	2978
285	3459
312	4519
354	4124
2784	3333
453	2989
519	1773
521	1875
530	1125
531	1908
531	1998
591	664
596	2539
730	3113
796	2382
898	1083
927	2553
927	1998
927	2294
951	3307
964	3470
978	1225
995	4138
1015	1727
1039	1225
1078	2277
1116	3920
1125	3331
1137	4153
1217	3614
1225	2942
1294	1356
2553	1875
2553	1998
1358	1875
1358	3069
1361	3062
1407	3769
1540	3802
1568	3698
1568	3723
1568	1356
1568	1577
1568	3566
1624	3331
1636	4013
1647	2289
1706	2839
1752	4260
1875	1908
1875	4434
1875	1612
1877	2694
1900	3752
1909	3333
1970	3698
1992	1998
1992	4434
1998	2072
1998	3529
1998	3459
1998	4434
2005	3453
3698	3529
3698	4434
3698	3723
3698	1356
3698	1577
3698	3566
490	2340
2072	3331
2184	4434
2277	1612
2488	2529
2531	2621
2531	2597
2549	3560
2632	3066
2671	2815
2714	2820
2714	2978
3333	3005
3333	3172
3333	3418
2832	3014
2952	3140
3517	3530
3584	3728
3613	4189
3650	4134
3787	3899
3836	4153
4040	3331
1833	4431
4109	4519
692	4124
990	2663
3796	3294
2316	3294
1307	3294
332	225
1819	225
1596	225
1884	225
1307	225
564	225
698	3744
4263	3744
628	348
3163	348
621	2467
1232	2467
3567	510
2433	510
3721	510
3578	510
3335	510
793	510
3682	510
1092	510
506	510
4475	2894
3614	2894
2828	46
2454	2911
199	2911
4530	2911
2104	2911
3087	2814
199	3343
4082	3343
11	3475
3426	3475
332	1594
102	1594
3876	1594
4142	1594
199	1655
1516	1011
216	3315
1397	864
2454	864
4237	864
550	864
830	864
110	864
3578	2465
199	2465
554	2465
1312	857
1811	857
3907	857
172	857
1264	857
4475	857
1826	857
1505	857
3333	857
4405	696
3188	696
4248	696
899	696
39	696
1236	696
2578	696
4263	696
4195	696
3646	696
4020	696
2534	696
422	696
26	696
2847	696
4160	696
3993	2968
724	3299
1232	2088
3982	1371
3585	3940
2361	3940
505	3940
1489	2874
668	2874
980	2874
38	2119
4074	2119
3197	2119
3893	2119
4074	654
2316	654
102	654
502	654
3893	654
4439	203
1579	203
422	203
3167	203
1284	203
3356	203
394	245
1881	245
1569	245
3409	245
4268	245
1117	245
4416	245
2392	245
2768	245
533	245
1105	245
285	245
927	245
2553	245
1992	245
1998	245
2978	245
394	4379
2367	4379
1569	4379
2129	4379
3409	4379
469	4379
1117	4379
4416	4379
295	4379
4555	4379
2392	4379
1105	4379
1992	4379
1998	4379
3595	3973
1442	3904
1441	3904
3560	3904
3147	1366
2936	3183
3155	3183
1739	284
780	284
2578	1539
1278	4541
2221	4541
1084	4541
998	4541
2985	4541
2454	436
2018	3626
1402	3626
2018	2868
3629	2868
3481	2620
199	2620
2282	2620
332	2780
2454	2780
4323	332
791	332
3754	332
3135	332
2957	332
3494	332
1602	332
170	332
1434	332
3287	332
1800	332
2047	332
1150	332
69	332
1945	332
2046	332
1378	332
1905	332
2612	332
221	332
3196	332
3990	332
1899	332
1909	332
2816	332
3650	332
11	4323
4435	2603
4408	2603
1858	2603
224	2603
3482	2603
4422	2603
4408	4435
1858	4435
637	4435
1408	4435
3597	4408
4524	4408
2939	4408
3818	4408
3054	4408
1905	4408
4426	4408
4063	4408
2510	4408
4225	392
2426	3853
1362	3853
1111	95
2236	3567
2786	3567
2447	3567
265	3567
1714	3567
817	3567
2028	3567
3332	3567
870	3567
457	3567
3682	3567
3515	3567
2361	3567
2454	2426
1035	3173
3333	3173
2513	2105
3778	2105
2433	2105
3778	2513
2433	2513
3335	2513
2433	3778
224	1893
626	663
2056	663
4537	663
2850	663
3324	663
24	663
668	663
1709	663
1647	626
263	2278
1524	1897
3226	3284
826	3284
3285	3284
851	3284
3585	3226
429	3226
3285	3226
2612	3226
3167	3226
851	3226
535	826
3285	826
1201	4250
2690	4250
4475	4250
1992	1880
4203	989
2226	791
3385	791
4026	791
1952	791
1800	791
1024	791
1458	791
4386	791
3333	791
3363	1996
3469	1989
2454	1989
3997	1989
1249	1989
2390	1989
3335	2433
3793	2433
4475	2433
3497	4556
1569	4557
728	4557
3936	4557
285	4557
1080	4557
1927	597
1758	597
3228	597
1988	597
3191	597
3900	597
2550	597
3539	597
1234	597
2181	597
1086	597
888	597
1016	597
2742	597
2848	772
4427	772
841	772
2491	2312
1750	2312
3396	2312
4083	2312
1977	4516
4528	2913
2301	1435
1701	4546
1988	4546
3560	4546
1232	261
3681	1392
3797	1392
1563	1392
2861	1392
2491	1392
724	1392
1299	1392
159	1392
1406	1392
554	1392
2963	1392
3287	3754
4444	635
2841	635
3799	993
316	993
648	3732
4554	4430
4475	4430
1397	189
1596	189
1307	189
564	189
554	189
1092	189
3333	189
3872	189
1249	4270
2516	920
1397	920
1397	2516
897	3694
1843	2505
1881	2505
2367	2505
193	2505
1232	427
2367	3573
4268	3573
3191	3573
1264	3573
554	3573
2066	3573
2618	3573
533	3573
285	3573
2553	3573
1998	3573
4434	3573
172	2148
1524	2148
841	4025
146	211
2385	211
4545	2236
2993	2236
3278	2236
3907	2236
81	2236
3335	2236
4042	2236
3638	4405
376	4405
3100	4405
2398	2082
1277	2082
2104	2082
4475	2082
2343	2082
4360	2082
3566	2082
571	3107
947	3107
1277	571
1806	3525
3893	3525
1606	3525
112	1293
3646	1293
564	1293
554	1293
3872	1293
4334	4299
3721	4299
804	4299
102	4299
1824	4299
3453	4299
2443	4334
1971	4334
38	4334
2171	4334
2777	4334
929	4334
4042	4334
4530	4334
3563	4334
1728	4334
1515	4334
2828	4334
2850	2056
4220	2056
4373	2056
1524	2056
839	2056
66	2056
771	2056
2850	2423
3293	2423
1397	2423
3254	2423
3494	2423
1512	2423
3678	2423
3098	2423
2690	4071
3147	4071
2687	1834
172	1834
549	1834
554	1834
1414	1176
1046	3796
535	2452
947	2452
1016	2452
3646	2265
2653	2265
3087	2265
770	1312
4436	1312
611	1312
2993	1312
741	1312
720	1312
706	1312
1850	1312
108	1312
3001	770
4436	770
116	770
929	770
741	770
3720	770
16	770
197	770
3147	770
1608	770
1850	770
2926	770
1233	4372
617	3703
715	3703
417	3703
3278	3703
3335	3703
4530	3703
1277	3673
2443	3622
1971	3622
799	3622
979	3622
3278	144
3553	144
1850	144
350	144
2425	144
171	4375
947	3001
3287	2850
3440	2850
3472	2850
4220	2850
1531	2850
4373	2850
1524	2850
839	2850
3196	2850
2181	2850
1356	2850
1291	3791
888	3791
3087	153
3793	1308
199	1308
2017	1308
2906	1308
2104	1308
4149	1308
4290	1308
2367	394
1430	394
3936	394
3409	394
4268	394
3191	394
469	394
2066	394
533	394
285	394
4276	394
2553	394
1992	394
4434	394
1524	1719
1712	883
2039	883
2424	883
1397	3293
1283	3293
929	3293
1729	3293
1581	1552
2806	1552
2786	2848
3524	2848
827	2848
863	2848
862	2848
81	2848
3633	2848
557	2848
102	2848
2872	2848
4223	2848
3793	2848
3628	2848
2028	2848
2939	2848
3498	2848
828	2848
2125	2848
4426	2848
117	2848
498	2848
1326	2848
1475	2848
3062	484
3135	1819
2957	1819
769	1819
2924	1819
3197	1819
2454	1819
2439	1819
1794	1819
3539	1819
1905	1819
2612	1819
221	1819
113	1819
519	1819
1909	1819
3184	1819
3418	1819
2454	409
112	409
4475	409
1233	409
3952	4143
4452	4143
1797	4143
1850	4143
3187	4143
3685	4143
2473	4143
2873	4143
3806	4143
935	1639
313	3229
4428	3229
596	3229
3287	1021
3717	1712
4465	1712
3792	1712
1037	1348
648	3717
4465	3717
3792	3717
1037	3717
4475	3717
4452	1349
2398	3135
2760	3135
1621	3135
4229	3135
4530	3135
1864	3135
4324	3135
1561	3188
2454	3188
568	3188
876	3188
2804	3188
118	4019
1564	4019
1046	4019
875	4019
2292	3460
724	4345
252	4345
4352	4345
3242	4345
1309	4345
3192	4345
3008	4345
2104	4345
1172	4345
3324	2428
937	2428
3575	2428
443	4371
2415	4371
550	4371
2104	4371
77	4371
2447	253
2687	253
172	253
4475	2657
2418	2715
1687	2715
3319	2715
1563	2164
2305	2164
805	2164
752	2164
2939	2164
721	2164
1524	2164
554	2164
4082	2164
853	2164
1233	2164
4096	2164
121	2164
2687	629
38	2226
3147	2875
1971	2443
4042	2443
1905	2443
3562	2443
1909	2443
3721	1971
929	1971
1602	1971
3197	1971
1241	1971
1470	1971
1362	1971
263	1971
2906	1971
3341	1971
2166	1971
1930	1971
3289	1397
1988	1397
1277	1397
824	1397
2454	1397
549	1397
4462	1397
259	1397
1044	1397
1681	1397
4093	36
1402	2018
3145	2018
1298	2018
376	2018
2947	38
2337	38
3075	38
1728	38
3503	38
1516	38
1850	38
4082	38
2361	38
1462	38
3473	38
4390	3034
4042	3034
3999	3034
3570	3034
3354	3034
263	3034
554	3034
338	3034
2454	1402
3638	4111
969	4111
1329	737
622	737
3907	737
1477	737
3676	737
947	737
2169	737
4465	648
1516	648
1037	648
4244	648
3515	648
2171	319
2662	617
726	617
1603	617
720	617
159	617
2169	617
622	1329
3907	1329
947	1329
535	622
2867	622
3907	622
2897	622
3539	622
1150	622
527	622
802	622
947	622
900	622
926	622
2331	622
3071	622
1605	622
2171	4429
4176	1563
3335	1563
1800	1563
853	1563
15	1563
3087	1563
3612	1563
2985	1563
1909	1563
990	1563
3453	1563
736	3254
3628	3254
1328	3254
2361	3254
3915	3116
313	3116
628	3116
1575	3116
3163	3116
4475	3116
736	535
644	535
1129	535
2897	535
2533	535
3583	535
4373	535
1524	535
3943	535
259	535
2169	535
466	535
486	535
1125	535
1420	535
3789	535
3929	535
4263	2981
3464	3407
2775	3407
30	3407
2017	3407
3192	3407
3008	3407
4483	3407
1277	2879
2246	2879
2547	2879
2673	2879
866	2879
40	2879
1732	2879
843	2879
628	2879
3662	2879
591	2879
1873	2879
3920	4218
2139	885
4228	188
412	188
1197	177
4392	2302
2454	2302
1355	4176
4146	3954
3915	3954
2154	3954
3375	3954
1259	3954
4186	3954
3743	3954
4386	3954
1575	3954
1824	3954
639	267
4499	267
364	267
397	267
755	267
2736	267
66	267
929	3721
4020	3721
3682	3721
724	639
1264	639
3423	4499
2454	4499
788	4499
3727	4499
2257	4499
3972	4499
3287	1580
4237	1580
2337	37
2230	37
866	4107
3930	3824
1516	3824
3196	3824
2644	3129
3516	3129
3147	3129
457	3129
2049	3129
2906	3129
4160	3129
3405	2644
4524	2644
1477	2644
4439	2786
1600	2786
1794	2786
3147	2786
1388	2786
1701	1586
3527	1586
724	1586
3527	1701
3272	1701
3560	1701
3769	1701
1356	1701
2447	3536
1550	3527
2364	3527
2166	3527
782	3527
3147	1424
2963	3783
3087	3783
3585	118
3287	118
1524	118
3138	118
4452	118
2104	118
956	118
3595	3747
2383	2501
285	2501
3595	1843
3191	1843
724	1843
1264	1843
619	1843
285	1843
1324	700
3595	1881
3445	1881
2367	1881
3936	1881
4268	1881
3191	1881
1264	1881
2565	1881
2066	1881
2618	1881
4280	1881
533	1881
70	1881
285	1881
2553	1881
1998	1881
2294	1881
4434	1881
4006	3251
67	3251
664	1656
570	1561
265	1561
1579	1561
66	2139
1856	2139
570	1925
937	570
2454	1927
3087	1927
2398	2957
3385	2957
4390	2957
2216	2957
2545	2957
3776	2957
3743	2957
2591	2957
1524	2957
1906	2957
1092	2957
968	2957
4040	2957
4088	2957
4390	2407
3743	2407
2169	2349
1569	3595
3936	3595
1974	3595
3590	3595
1197	3595
285	3595
313	3998
1800	3998
724	1758
2104	2954
1266	3516
2049	3516
3764	3516
3792	3272
3950	4358
3955	4436
4390	3324
724	3324
947	3324
4536	3312
3876	3312
2778	3312
3574	4509
3114	4509
531	812
246	4348
1811	4348
3743	4348
576	4348
4319	4348
2225	2606
3238	2606
408	2606
3597	2606
3109	2606
554	2606
3238	2225
3585	3238
3612	3380
2227	1973
3278	488
2454	3915
4162	3915
628	3915
2612	3915
1575	3915
3163	3915
4268	3445
1485	3445
2392	3445
2768	3445
66	3445
1501	3445
1105	3445
1875	3445
2454	1063
15	1063
1225	404
2071	1444
4475	3952
516	246
1449	246
731	246
2104	246
506	246
2454	11
199	11
1596	1731
2109	1731
3138	1731
1298	1731
2417	1731
1484	1731
259	2211
2229	2498
2434	3731
2454	2821
3287	401
4057	736
4426	544
102	4301
106	3582
3314	3582
1952	2685
3628	2685
856	2685
3585	3919
644	3919
1115	3919
2316	3919
102	3919
1259	3919
3287	3919
2748	3585
1115	3585
4525	3585
3921	3585
3145	3585
2316	3585
102	3585
1259	3585
739	3585
3314	3585
610	3585
502	3585
1432	3585
3218	3585
108	3585
4018	3585
2198	3585
2601	3585
2007	4052
1309	4355
3876	4355
4236	4355
2169	1283
2492	1283
3808	1283
841	4074
1503	1898
199	1898
3333	2542
637	1321
3743	12
1477	318
3087	2093
1791	4104
1115	644
2316	644
102	644
502	644
3792	644
1524	644
823	644
1232	644
3087	644
1281	644
3333	644
1524	2564
1118	539
199	4471
2906	4471
4543	4471
1062	4248
92	4248
93	4248
1954	4248
92	1062
1914	1062
1954	1062
4228	1062
2707	1006
2017	2189
531	2272
3773	2272
2317	1314
1336	1314
634	1314
3539	1314
470	1314
4066	1314
4386	1314
2660	1314
3508	1314
4134	1314
1711	3405
1084	3405
1570	2171
1569	1302
3997	2748
4422	2662
4172	2662
4011	2662
58	746
502	804
102	1034
576	1238
610	2293
2028	2293
2583	2293
787	4536
81	4536
1234	4536
3333	4536
81	787
2454	2922
3841	2922
45	24
4321	24
1356	4427
1477	682
554	682
3907	324
2301	324
4263	364
2776	364
1344	4432
3743	4432
1966	4432
1344	1119
1322	2447
4535	2447
3903	2447
3884	2447
743	2447
2385	2447
2958	2447
3670	2630
3289	2630
3628	2630
3670	1129
2430	1129
14	1129
564	1129
506	1129
3333	1129
1084	80
3907	1868
172	1868
3597	1868
741	1868
126	1868
1307	1868
2046	1868
1378	1868
4114	1868
2612	1868
1382	1868
4263	300
1477	300
1516	300
2454	1585
937	1193
2491	1115
102	1115
2854	1115
4134	1115
841	120
3682	120
964	120
3872	120
2324	3406
3289	2039
2454	2039
1906	2039
2169	3740
4247	3670
3289	3670
3197	3670
2454	3670
3597	3670
1375	3670
1676	3670
2939	3670
4222	3670
990	3670
4124	3670
3876	4032
1974	2367
3409	2367
4268	2367
2092	2367
2066	2367
2392	2367
2618	2367
533	2367
285	2367
927	2367
2553	2367
1998	2367
3529	2367
4434	2367
2034	4287
3094	4287
1232	1085
429	1089
2454	1089
56	1569
3936	1569
1974	1569
3165	1569
3409	1569
3191	1569
4554	1569
690	1569
1117	1569
4373	1569
3091	1569
2066	1569
2618	1569
212	1569
1715	1569
533	1569
285	1569
777	1569
2553	1569
1998	1569
2618	1364
285	1364
2553	1364
3936	2855
3191	2855
992	2855
2376	2855
1117	2855
158	2855
45	2855
285	2855
3977	2855
4335	2855
172	359
3597	359
634	359
126	359
3818	359
4222	359
2928	359
2104	359
565	359
1233	359
3597	1722
2880	645
4392	2777
2301	1344
1966	1344
3579	1344
3143	3289
1277	3289
2031	3289
1602	3289
3465	3289
2454	3289
739	3289
274	3289
1241	3289
3328	3289
2794	3289
1162	3289
1504	3289
1440	3289
4186	3289
3498	3289
1200	3289
1266	3289
1362	3289
1322	3289
3083	3289
4370	3289
4426	3289
2810	3289
1014	3289
4124	3289
3889	2982
2496	2982
199	4235
4530	4235
4233	4235
1788	4235
2454	3249
2928	3249
761	1748
3728	1748
637	3711
1524	2867
724	1201
1988	2835
3020	2835
2114	2835
2768	2835
285	2835
3879	2835
3409	1430
3165	56
2454	56
1974	3936
3409	3936
4268	3936
4416	3936
4555	3936
2392	3936
3360	3936
212	3936
2768	3936
533	3936
1501	3936
1105	3936
927	3936
1875	3936
1992	3936
1998	3936
3191	1974
69	1974
212	1974
285	1974
2553	1974
1046	500
4268	3590
2939	3590
637	3590
3360	3590
66	3590
549	974
901	974
549	3825
862	977
557	977
509	977
773	977
2374	977
3794	977
990	977
1739	1684
2872	2398
2070	2398
1905	2398
628	2398
3163	2398
4475	2398
1047	2398
1909	2398
2060	3043
2017	238
2110	238
2104	238
3787	238
3908	1391
554	1391
1516	552
102	2337
4229	2337
4082	2337
1116	2337
2359	3290
2454	3290
3147	3290
623	3290
2942	3290
1181	3276
2975	3276
637	191
3245	3090
4339	3090
1266	1210
1232	4208
113	4208
1811	3494
1227	3494
2104	3494
2343	3494
2963	3494
110	3494
2975	3494
3287	1913
4475	1913
2454	2108
3020	2108
3046	2108
1516	1101
1236	4204
2687	2154
862	2154
2187	2154
762	2154
3704	2154
4388	2154
3356	2154
323	3064
741	3064
4530	3064
1266	3064
823	3064
45	3064
1477	1256
1099	2156
1596	1821
2213	1821
1906	1821
3333	1821
3872	1821
1278	3600
827	3600
726	3600
793	3600
2797	3600
2118	3600
2653	3600
958	3600
1277	3143
252	3143
2094	3143
2238	3143
2939	3143
3147	3143
1199	3143
1082	2668
465	2668
2978	3799
4026	983
2066	3414
1124	323
1257	323
1728	323
1046	1285
2221	1285
1232	1285
927	1285
2100	1285
3222	4409
4530	4409
3466	4409
1282	34
224	34
4186	34
2186	34
4444	34
1688	34
3333	34
2978	34
1257	32
1826	32
2007	1988
1917	176
4392	417
3287	417
16	417
1663	417
1264	417
136	417
2198	417
2580	417
2684	417
3541	417
457	3423
1227	92
1541	92
3078	92
643	92
1466	92
428	2129
121	2129
724	4510
1232	4510
2454	2844
805	302
1277	4057
2993	4057
2089	4057
706	4057
2687	2853
3193	708
3907	708
3193	4397
4184	4397
918	4397
4112	4397
1458	4397
1690	4397
4244	4397
4475	4397
1505	4397
1524	173
1232	173
2583	173
1906	173
4452	173
3333	173
2292	1187
285	2698
3287	3481
3138	3481
4268	3409
3191	3409
2066	3409
1130	3409
2618	3409
2768	3409
533	3409
285	3409
2553	3409
1568	3409
1992	3409
1998	3409
3529	3409
2294	3409
4434	3409
2424	3831
66	3831
2387	3831
801	408
581	408
3690	408
990	408
4186	3543
4475	3543
2687	852
4388	852
1307	1381
823	1381
1870	2687
2316	2687
3357	2687
2439	2687
2702	2687
104	2687
4065	2687
4388	2687
2399	2687
2660	2687
1143	2687
376	2687
1319	2687
4242	1111
928	1111
4244	1111
1826	1111
1505	1111
2002	1111
407	1811
1505	1811
1966	1811
4092	1811
637	687
1264	687
2332	687
3903	687
1568	687
2597	687
102	4545
2316	4197
3287	1278
3078	1278
3993	1278
1356	1278
1577	1278
741	1124
66	2413
783	929
4020	929
422	929
1775	929
3453	929
3287	428
4319	428
1590	428
121	428
1678	3611
851	3611
3287	2861
3147	2861
4475	1112
4525	1277
2993	1277
2246	1277
2011	1277
4178	1277
2252	1277
2547	1277
1504	1277
2673	1277
2897	1277
40	1277
2997	1277
843	1277
720	1277
197	1277
2647	1277
3127	1277
439	1277
4388	1277
4058	1277
13	1277
1014	1277
4153	1277
4124	1277
3287	1255
841	1255
922	1255
1851	1255
2993	2324
2243	1267
1524	1267
554	652
3341	652
4475	652
1477	1337
747	1337
1581	2031
668	2031
4307	2031
248	2031
1906	2031
1298	2031
4307	1814
3087	1082
285	1082
3459	1082
2316	4157
48	1181
1512	1181
1602	1181
3589	1181
4240	1181
1512	48
4229	538
668	1512
502	1512
550	4525
199	4525
16	4525
3333	4525
1046	1782
521	1782
3191	4268
3678	4268
2269	4268
637	4268
295	4268
2066	4268
2392	4268
2618	4268
1501	4268
1105	4268
70	4268
285	4268
2553	4268
1875	4268
1998	4268
2294	4268
3722	4268
4434	4268
1367	2526
2939	3921
1478	769
1583	769
4530	1634
1964	3191
2383	3191
1117	3191
4416	3191
4555	3191
554	3191
2392	3191
3360	3191
212	3191
2768	3191
533	3191
1501	3191
2229	3191
2384	3191
1105	3191
285	3191
927	3191
1875	3191
1992	3191
1998	3191
3722	3191
2454	3021
172	3021
1257	3021
2441	3021
1170	3021
57	3021
3482	3021
3426	3021
1298	3021
664	3021
702	3021
3006	2993
2089	2993
1739	3245
3583	3245
4386	1739
1575	1739
3827	1118
2454	1486
2229	1486
1875	1486
3541	1486
465	4351
761	4351
1346	4351
285	4351
268	1602
3876	1602
457	3389
3411	2254
1230	1347
841	2437
1516	2437
4390	2992
426	2992
4184	1596
170	1596
1375	1596
1162	1596
1145	1596
3482	1596
1200	1596
2688	1596
4462	1596
4426	1596
1723	1596
4338	1596
4474	1596
990	1596
2663	1596
4124	1596
4184	2584
1797	4184
2246	3465
2578	3465
739	3465
274	3465
2104	3465
4426	3465
2673	2246
40	2246
1732	2246
3511	2246
843	2246
2940	2246
426	2246
224	106
3242	106
2908	106
4388	106
754	732
1505	732
102	3402
2454	1756
1282	4308
378	2763
4354	2424
1232	1096
2948	3144
345	827
2737	827
25	827
3285	516
610	516
3815	516
506	516
3553	184
4506	184
2104	184
1751	184
2454	2946
2454	616
1227	616
3997	3278
1264	3278
1284	3278
3610	3278
4160	3278
3375	2877
4078	2877
1227	2877
1541	2877
3078	2877
1652	2877
3360	3795
2997	2113
1307	1215
564	1215
4263	4553
422	4553
1150	801
628	801
581	801
299	801
621	1004
4229	2948
1130	2948
2872	3907
2304	3907
4162	3907
1800	3907
4240	3907
2774	3907
4172	3907
1905	3907
4114	3907
2256	3907
1524	3907
947	3907
259	3907
2169	3907
2778	3907
2370	3907
1778	3907
4390	3385
3874	3385
3776	3385
2591	3385
3078	3385
3943	3385
502	3464
30	3464
3192	3464
4543	3464
279	3464
199	265
1850	265
2361	265
4114	378
1024	378
1458	378
1423	378
3147	465
637	465
3657	824
3503	824
212	824
2591	4390
947	4390
2417	4390
3078	4390
3943	4390
4129	3859
2689	3859
239	3859
3109	3941
862	863
1600	863
875	863
4077	863
1844	863
4011	863
3138	863
1516	863
1575	863
2963	863
2578	862
668	862
2109	862
3138	862
4444	862
565	862
1233	862
1600	81
1282	81
4271	81
248	81
4077	81
4422	81
4011	81
3815	81
1661	81
3614	81
3872	81
1378	4439
4065	4439
248	3820
1477	1197
1264	1197
3171	3734
592	1964
554	1964
67	2383
285	2383
1336	2643
568	2643
2510	2643
3287	2216
1307	4026
1541	4026
823	4026
2232	4026
2454	4064
1232	4064
252	2964
4105	2964
422	2964
3094	2034
3287	2034
1050	3094
2070	3094
280	3094
628	3094
4263	1236
2545	1236
288	1236
564	3334
3593	3334
3333	3334
1074	3074
3138	3074
1906	3074
3893	79
1282	3197
3893	3197
2305	2457
3354	2457
851	2457
2454	2305
853	2305
201	1564
555	483
1947	3361
502	2175
937	657
1678	657
10	657
4548	3578
3539	3578
418	3578
2688	3578
4535	3578
2316	4005
670	3856
2392	3856
2104	3286
4426	3633
498	3633
2430	170
2583	170
1906	170
3122	170
4260	170
3125	4392
3570	272
3354	272
1477	1315
750	3207
2183	2665
252	3667
3566	3667
4472	3469
3860	3469
3287	3469
1550	3469
4503	3469
1033	2454
4414	2454
4548	2454
2206	2454
255	2454
4447	2454
895	2454
4079	2454
1313	2454
2936	2454
3655	2454
69	2454
2611	2454
1075	2454
1871	2454
4011	2454
2477	2454
828	2454
2256	2454
1949	2454
3444	2454
2591	2454
3020	2454
3166	2454
3931	2454
1084	2454
2392	2454
2696	2454
279	2454
4280	2454
2859	2454
1721	2454
1216	2454
210	2454
3117	2454
1930	2454
3047	2454
3187	2454
3393	2454
1801	2454
121	2454
125	2454
128	2454
146	2454
216	2454
433	2454
479	2454
709	2454
896	2454
898	2454
1032	2454
1095	2454
1110	2454
1157	2454
1476	2454
1540	2454
1568	2454
1582	2454
1626	2454
1640	2454
1752	2454
1865	2454
490	2454
2103	2454
2128	2454
2306	2454
2369	2454
2412	2454
2451	2454
2475	2454
2586	2454
2621	2454
2671	2454
2732	2454
2746	2454
2770	2454
2870	2454
2882	2454
3012	2454
3100	2454
3113	2454
3302	2454
3386	2454
3438	2454
3577	2454
3605	2454
3629	2454
3715	2454
3789	2454
3808	2454
3881	2454
4009	2454
4152	2454
3331	2454
4332	2454
4495	2454
4503	2454
3680	2454
1257	172
322	172
741	172
3357	172
3287	172
3997	172
841	172
2702	172
104	172
3332	172
30	172
3624	172
4112	172
670	172
1618	172
1143	172
748	172
3521	172
3806	172
702	172
3287	4306
1550	4306
1298	4306
3287	1434
3997	1434
2546	1434
741	1257
3287	1257
841	1257
1550	1257
57	1257
823	1257
212	1257
3730	1257
2470	4513
1678	4513
3860	4513
1328	4513
4403	4513
4161	4513
22	2011
3147	2011
10	2011
2361	2011
15	2011
3381	2011
2768	3678
2938	2297
3521	788
2104	130
339	555
259	2760
3147	1029
3584	1029
289	2076
2648	1099
1608	3597
3882	3597
1233	3597
3603	3042
1407	4524
2316	726
199	726
2536	1952
3646	1952
15	1952
823	322
1970	322
1356	322
4444	3518
805	2578
4166	2578
1353	2578
3109	2712
1264	2269
2444	741
2928	741
1899	741
268	1074
418	1074
853	3738
3511	557
4426	557
668	2559
1906	2559
3872	2559
980	1489
4426	1375
3087	4256
1647	4256
4530	697
1652	1714
102	2316
1259	2316
4035	2316
3314	2316
2092	2316
502	2316
469	2316
1150	2316
3619	2316
329	2316
1020	2316
1575	2316
3078	2316
4225	2316
2087	2316
2795	2316
702	2316
1259	102
464	102
2092	102
502	102
3699	102
1669	102
3449	102
2017	102
4066	102
2109	102
3008	102
2906	102
3301	102
4438	102
4244	102
58	102
3882	102
3955	102
1560	102
2889	102
3428	102
3924	102
502	1259
550	1259
913	1259
3008	1259
2906	1259
4087	1259
2658	1259
259	1259
2772	1259
15	22
4271	4466
699	724
201	724
582	724
2936	724
568	724
2089	724
59	724
1200	724
3932	724
1930	724
888	724
515	724
795	724
1217	724
1411	724
2360	724
2839	724
3386	724
4298	724
2207	724
3539	2213
3073	2213
1537	249
2243	1487
1328	1487
1178	1487
3676	2243
3676	2230
1524	2528
554	2528
4452	2528
3320	2528
2187	1282
3874	1282
4077	1282
274	739
3498	739
991	739
4222	739
1833	739
4124	739
1504	274
3498	274
823	274
2514	274
4124	274
2417	3763
1751	3763
2071	3763
4257	3763
3287	2669
1264	2669
3449	4446
1232	4446
2854	3285
1954	3285
566	937
947	937
1060	937
2007	937
540	937
559	937
646	937
1104	937
1157	937
1235	937
1335	937
1598	937
1626	937
1723	937
1875	937
2036	937
2776	937
1024	1570
1298	1570
1087	3627
1232	1336
2104	1336
2417	1336
1878	1336
1501	4414
3178	2872
498	2872
3147	1686
59	268
4422	268
3943	268
3908	4463
150	4463
4448	4463
311	3908
150	3908
3676	3908
1516	3908
1690	3908
928	3908
1037	3908
1505	3908
2117	3908
3287	311
150	311
1516	311
1690	311
4475	311
3999	4178
1905	4178
3496	4178
210	4512
2609	3651
3563	3651
3575	4242
3704	3575
2169	3575
2990	3575
2104	2807
3344	4339
1184	4339
990	4339
2663	4339
2545	1808
299	1808
288	1808
376	1808
3140	1808
1524	668
1753	668
1909	668
3635	918
248	2444
823	2444
212	2444
1249	2444
109	224
1906	4097
3038	4097
4162	1503
263	1503
2632	2751
3482	2206
1826	2652
3318	4249
1171	4126
2985	4271
3036	3873
2673	2547
866	2547
40	2547
1732	2547
843	2547
59	2187
2178	2187
295	2500
3635	1008
1676	2609
3372	2609
782	2609
1878	2674
2730	112
1051	112
942	112
2270	112
818	112
4137	112
2353	112
1635	112
783	3635
942	3635
4475	3390
522	2299
3287	4223
3706	2706
3556	3874
4159	3874
3222	3874
4229	3874
1307	3874
59	3874
1886	313
4229	313
4428	313
2689	313
4149	313
3190	2880
2512	2880
2017	2880
296	2880
4225	2880
2434	2880
4290	2880
818	3790
1232	4508
3147	895
4149	895
4475	4285
2906	2725
3169	252
3190	252
2512	252
870	252
2104	252
3025	252
1621	4263
1184	4263
3046	4263
113	4263
3529	4263
2369	4263
2382	4263
2166	201
2963	201
2470	4162
3997	4162
805	4162
3354	4162
2928	4162
3950	4162
1763	4162
3723	4162
150	3335
1264	3335
4105	3335
3511	4352
825	4352
3511	3242
825	3242
721	3589
3079	3314
3511	3314
3982	3314
2104	3314
825	3314
550	4307
2939	4307
1233	4307
2046	1793
2612	1793
1458	1793
4475	1793
1423	1793
523	3151
4475	3151
527	817
1232	4518
55	1917
4280	1917
193	1917
1998	1917
554	3357
1716	582
2978	2092
1084	4042
1853	2901
2203	1046
2079	1046
4280	1046
2704	1046
1875	1046
2184	1046
3287	3553
3354	3553
3861	3553
3040	992
3147	3040
3860	2470
1328	2470
1492	2470
2166	2470
2942	2470
1328	1678
1853	1678
948	2794
4426	2794
502	3793
550	3793
2017	3793
4149	3793
4426	3793
3333	3793
4426	1162
1826	4465
1309	2439
554	2439
2908	2439
3333	2439
1801	3634
1232	4384
212	4384
4166	2430
2775	308
1477	308
3997	1170
1150	14
564	14
3358	14
422	3842
3482	4195
1248	3860
1328	3860
2534	3860
2166	3860
3560	3860
57	3287
610	3287
2415	3287
1787	3287
568	3287
4002	3287
3482	3287
3916	3287
2939	3287
4083	3287
2114	3287
2486	3287
263	3287
1084	3287
2565	3287
2399	3287
851	3287
982	3287
1852	3287
331	3287
898	3287
1265	3287
1716	3287
1727	3287
3363	3287
2294	3287
2445	3287
2488	3287
2492	3287
2549	3287
2849	3287
3036	3287
3108	3287
3401	3287
3970	3287
3722	3287
3800	3287
3809	3287
3966	3287
3968	3287
4152	3287
4534	3287
841	2545
1550	2545
610	2545
1499	2545
3997	141
3347	3230
3482	3997
259	3997
3452	3997
4095	3997
796	3997
2385	3997
2549	3997
2713	3997
3861	3997
4534	3997
610	841
2415	841
3426	841
1232	841
610	1550
2415	1550
3482	1550
2927	1550
3560	1550
2415	610
1499	610
1909	610
3822	610
1499	2415
3393	2860
4188	44
1265	2543
4475	2602
3342	4315
3818	3201
1524	2158
2256	2440
285	4554
564	262
3696	4527
136	3696
1266	536
2007	1942
1439	690
3360	690
2768	690
533	690
1105	690
4475	3171
564	2028
1906	2028
3333	2028
4324	2028
2166	1274
3117	1274
866	2673
40	2673
1732	2673
843	2673
3662	2673
998	2673
568	502
627	502
239	502
3562	502
376	502
4475	3510
2985	345
990	345
4237	866
40	866
628	866
1516	306
3087	306
4186	2112
4237	3718
4237	1940
1794	2094
4237	2094
685	2094
2935	2094
1860	1687
1524	1770
3482	1313
1524	1313
2995	2897
285	3807
248	1761
3333	1761
3393	93
248	4328
3147	4328
3147	2260
4024	2260
2335	2260
3975	2260
982	2260
1998	481
1524	2702
1092	2702
3424	3440
522	142
3331	142
3020	3499
1875	3499
1524	104
1992	104
2936	892
3843	892
568	892
1711	892
3843	2936
3655	2936
2013	2936
948	2936
876	2936
805	2936
2811	2936
3596	2936
2828	2936
3655	3843
948	3843
1816	3843
2174	3843
3982	3843
568	3655
876	3655
805	3655
805	2013
2180	2013
2376	568
948	568
876	568
870	568
2839	568
3742	2651
621	2376
3399	948
805	876
1669	876
1573	876
3178	3742
1875	3742
2180	805
2110	805
1232	805
1753	805
126	1800
3530	1800
2058	2032
150	1442
564	2598
199	3332
564	3332
4082	3332
2963	3332
926	3332
1084	2535
3147	78
3743	3569
3827	3569
4237	1794
1057	4237
3646	4237
1352	4237
3515	4237
3333	4237
3147	3760
285	3760
4229	1676
564	1676
1266	1676
1524	1676
1906	1676
4324	1676
4266	1676
3884	3819
4082	4130
2647	4240
2632	4240
4317	4240
285	469
2978	469
3020	1117
2618	1117
3826	1117
285	1117
1875	1117
321	4284
565	4033
3574	3208
1575	3208
4138	3208
3574	109
3792	109
2192	109
2536	109
3876	109
2416	3574
3792	3574
2192	3574
1575	3574
3870	461
2939	1145
1249	1145
1233	1145
291	3661
3131	3661
2192	3792
2536	3792
1432	3792
197	3792
1037	3792
888	3792
291	1632
1477	291
3563	3539
457	3539
2301	3539
2963	3539
3333	3539
3872	3539
3566	3539
299	2180
3646	752
1954	752
853	752
119	752
1909	752
1358	1030
2647	4346
2110	4346
2558	2804
2475	2804
2104	3169
4149	3169
4266	3169
564	1150
1524	1150
947	1150
1092	1150
3331	1150
3091	3472
295	442
4452	2221
2046	1414
4114	1414
2256	1414
3690	1414
376	1414
1661	1414
3482	3488
2046	3488
4114	3488
581	3488
1382	3488
3482	3838
2046	3838
3147	2192
212	69
2768	69
3222	922
4511	922
825	922
1524	1184
3476	550
1524	550
3341	550
279	550
212	550
2963	550
795	550
1260	550
1832	3476
30	2775
2017	2775
4543	2775
4483	2775
4386	875
2906	1667
279	1667
2017	3190
4543	3190
2104	3190
3025	3190
199	1057
2017	1057
2906	1057
279	1057
3676	2512
4543	2512
2104	2512
3025	2512
4543	870
2104	870
3025	870
3192	30
3066	30
750	349
2017	199
793	199
2906	199
4543	199
279	199
259	199
968	199
3140	199
3192	2017
2906	2017
2104	2017
4149	2017
3852	1248
3354	1248
3994	1854
3354	1854
3852	135
3354	3852
1300	3852
4475	4186
3358	4186
4444	4186
4426	4186
4475	2283
4314	3482
4222	3482
2007	3482
3893	3482
4228	3482
4095	3482
990	3482
2663	3482
1505	16
1945	3352
988	3646
4483	3646
3163	3646
119	3646
1732	40
843	40
3662	40
4058	40
3227	527
753	126
564	126
3990	126
565	126
234	126
748	126
1773	126
748	258
4426	3994
2583	1945
843	1732
4058	1732
3442	1732
1906	4078
1906	1227
2186	3511
2906	3511
4137	3511
4225	3511
1505	3511
1233	4368
1217	4368
1328	2939
853	2939
2737	1832
3676	1400
285	2146
1260	2146
912	600
4229	3222
1200	3222
25	3222
3388	248
2906	248
1044	248
4166	248
3878	248
3418	248
2110	4229
3127	4229
3046	4229
1850	4229
939	4229
2169	4229
944	4229
25	4229
146	4229
1220	4229
1460	4229
1909	4229
3584	4229
1949	1309
853	1309
3113	1309
853	721
2046	1307
1905	1307
4114	1307
1458	1307
2797	1307
1864	1299
2169	1299
564	3181
59	3181
1909	753
2070	564
621	564
1524	564
1362	564
1143	564
3959	1603
554	1603
2519	587
3147	3657
637	3657
3138	3657
3570	3999
159	3570
565	3570
4114	1541
4530	625
3629	625
823	2997
1084	2997
2840	2997
4058	843
2647	720
259	720
733	4077
3583	4077
2611	4077
4011	4077
1524	4220
2906	2161
3425	59
1230	59
418	3876
1484	3876
1899	3876
3360	4129
4530	4020
10	4020
1875	4020
2360	4020
1860	4004
1246	4530
2049	4530
4096	4530
125	4530
1409	4530
2058	4530
3993	3563
479	2145
1121	2145
1957	2145
2878	2145
3577	107
4534	107
3549	3147
158	3147
1020	3147
549	3147
4254	3147
2353	3147
3815	3147
4096	3147
152	3147
413	3147
1856	3147
2232	3147
2806	3147
3508	3147
3756	3147
3804	3147
3808	3147
4088	3147
4152	3147
3677	3147
259	3354
3227	3354
851	3354
2811	3365
1505	3365
3087	3365
1220	3365
2343	1352
259	1352
1084	4066
4426	4066
4422	2774
4172	2774
1458	2774
4083	4428
1906	4278
4426	3498
3313	523
851	523
623	523
702	3426
1681	3425
2109	418
3109	418
4082	418
337	418
1123	418
2109	1224
1024	2109
4475	2109
1232	1750
2058	3396
4028	150
3676	150
1690	150
928	150
1037	150
4244	150
4172	4422
3583	4422
4426	4422
2554	4422
4171	4172
280	4172
4091	4172
3583	4172
2070	3814
628	3814
280	2070
4091	2070
1477	2070
3583	2070
1618	2070
1477	280
2611	280
628	280
4011	280
1225	280
2611	4091
628	4091
4011	4091
628	1477
4011	1477
2608	1477
1618	1477
799	1477
559	1477
658	1477
744	1477
782	1477
910	1477
957	1477
2357	1477
2531	1477
1356	1477
4011	733
4011	2228
4011	3583
4011	2611
576	3743
3444	3743
2120	3743
3815	3743
4319	3743
621	1018
991	1018
3081	3433
718	149
146	3050
2005	3142
1378	2046
4114	2046
1024	2046
2612	2046
4112	2046
1458	2046
1266	2046
1382	2046
113	2046
1423	2046
4114	1378
1024	1378
2612	1378
1458	1378
2195	1378
1382	1378
113	1378
1205	1378
1423	1378
2612	1905
1458	1905
614	1905
499	1905
299	1905
1423	1905
2629	1905
2058	537
1024	4114
2612	4114
1092	4114
1382	4114
113	4114
894	4114
1423	4114
2612	1024
1382	1024
1423	1024
1661	1024
3676	628
2711	628
991	621
2394	621
637	2495
4112	2612
1458	2612
1382	2612
1753	2612
1423	2612
1458	4112
554	4112
1382	4112
1423	4112
1723	4112
3728	4112
1382	1458
1753	1458
113	1458
2604	3189
422	3451
565	4222
1233	4222
1763	3912
1530	4511
2120	487
3647	487
1559	3250
2647	3192
4543	3192
279	3192
159	3858
4134	869
1524	670
1264	670
802	2256
947	802
1826	4386
391	4386
1423	4386
1524	457
3444	576
2120	576
4319	576
851	576
968	793
4475	1949
3138	1200
1298	1200
926	1200
2622	1200
3614	1200
823	2928
113	2928
2066	4416
2618	4416
285	4416
1992	4416
554	1406
2963	1406
554	2301
2104	2301
1966	2301
4063	2301
990	2301
554	2688
2104	2688
4475	3444
2941	3444
1020	637
4233	637
896	637
927	637
1560	637
1568	637
1606	637
2352	637
4109	637
4152	637
1575	124
3970	124
3943	2591
288	3408
72	1266
4475	3479
193	2608
1709	2647
2392	2203
4528	2203
285	2203
1524	221
4383	818
1499	1524
3943	1524
853	1524
3358	1524
1205	1524
3632	1524
4082	1362
295	3091
2618	3091
761	3091
2181	3091
4403	3091
285	3091
3020	295
1875	295
1264	3020
2658	3020
4448	3020
45	3020
285	3020
995	3020
2744	3020
1249	823
1409	823
1899	823
2906	3127
1264	55
1232	2114
2832	2114
3728	2114
651	1232
10	1232
58	1232
352	1232
4426	1232
1355	1232
216	1232
292	1232
353	1232
498	1232
775	1232
893	1232
926	1232
927	1232
1206	1232
1230	1232
1841	1232
2722	1232
4144	1232
4207	1232
4211	1232
4362	1232
4503	1232
369	1982
58	1982
299	1982
239	2689
2044	2689
3453	2689
1516	3046
3066	3046
3676	4028
1037	4028
3515	4028
299	3109
1662	158
2066	4555
2618	4555
212	4555
70	4555
285	4555
2553	4555
1505	407
1298	2186
299	3388
3562	3388
2973	3388
2859	263
1294	3950
58	369
299	369
1233	1264
2784	1264
1260	1264
1998	1264
2173	755
3110	239
2492	239
3453	239
3562	2940
3893	2940
1233	2940
3112	3832
3515	3676
1826	3676
1642	3676
1699	3676
3333	1020
4244	2292
3087	3355
3767	549
2985	549
3418	3138
1906	3503
3333	3503
2104	554
3392	554
3637	554
1579	4549
3982	1763
1579	3982
260	947
4166	947
1143	947
795	947
926	947
2331	947
3071	947
3441	947
3728	947
3073	2583
1205	1825
2906	1906
4452	1906
1258	1906
2930	1906
2933	1906
3067	1906
3140	1906
4088	1906
3333	341
3341	1328
2534	1328
2166	1328
3893	1328
1709	1328
2906	3008
4543	3008
3025	3008
4543	2906
4149	2906
3318	2906
3943	4452
1330	4452
2770	4452
1516	1084
337	1084
3562	1084
998	1084
4483	4543
422	4543
3885	4543
4137	750
2353	4137
4535	2811
1703	2811
2392	2066
2768	2066
66	2066
1501	2066
1105	2066
1875	2066
1992	2066
1998	2066
4225	2104
251	2104
521	2104
1405	2104
3025	2104
3113	1520
279	4149
1568	1023
2469	1023
928	1516
3826	1516
2963	1516
888	1516
767	1516
1265	1516
1318	1516
1540	1516
1606	1516
1716	1516
2245	1516
2604	1516
2873	1516
4048	1516
3612	439
2534	969
3591	969
2618	2392
212	2392
285	2392
1080	2392
2553	2392
1875	2392
1178	3341
422	3341
2166	3341
1709	3341
2935	3341
2905	4462
3078	3038
643	3038
506	3038
894	2007
2806	2007
4519	2007
4383	3265
1143	1092
982	1092
1909	1092
1501	4344
856	4344
3815	1575
2834	3918
4475	3918
3098	1298
1233	1298
4444	3163
119	3163
1505	2834
1966	2834
4244	1690
3515	1690
422	928
166	2854
3727	2736
4475	4438
2618	915
3360	2618
533	2618
927	2618
1998	2618
2594	589
718	2737
3966	2737
2071	2417
1233	916
4244	1037
3515	4244
2995	3515
3047	3515
3076	3515
2014	4383
422	3078
3993	3078
1718	1346
2091	4082
853	4082
1909	4082
1143	422
2681	422
505	422
534	422
2549	422
3560	422
4468	422
926	3943
3333	3943
3728	3943
1105	1439
1355	108
949	108
4475	2827
299	4475
4006	4475
1618	4475
3358	4475
4444	4475
1529	4475
2546	4475
4460	4475
76	4475
325	4475
773	4475
898	4475
1228	4475
1360	4475
1648	4475
1773	4475
1775	4475
1877	4475
1878	4475
2943	4475
3149	4475
3970	4475
3861	4475
3920	4475
4009	4475
4040	4475
4523	4475
1356	4475
1216	581
990	581
825	4388
4444	4388
3975	825
299	4236
2849	962
299	58
2169	58
1105	790
2930	1258
2768	3360
66	3360
1105	3360
53	3360
285	3360
2553	3360
1992	3360
3459	3360
1505	1826
3419	1826
4309	1826
3419	1505
1681	1505
4088	1505
533	212
2553	212
1899	212
45	3209
2343	853
4096	853
2815	853
4160	853
4324	3690
3333	4006
3584	1721
4444	3358
3872	3358
4290	3358
4124	4426
3677	210
3087	1529
251	4467
3393	3826
3815	2676
4534	2676
3399	3596
1992	3596
2412	3399
3424	3815
2912	3562
990	3562
4266	3562
4347	2434
152	288
3658	288
1833	15
3453	15
4360	2343
2778	2343
3566	2343
2926	4360
1105	2768
70	2768
285	2768
2553	2768
1998	2768
3677	2768
751	259
3443	259
3227	259
3993	259
2185	259
3333	259
3443	751
3227	751
76	751
4321	3893
3787	3167
3087	968
4228	1777
3333	1044
285	533
4276	533
927	533
1080	533
2553	533
1992	533
1998	533
4434	533
3233	3131
1104	4063
3961	3122
45	1249
1356	1249
3728	2169
3872	2169
894	1247
1484	1753
67	66
285	66
1137	66
2746	66
3459	66
771	4228
2274	4228
1484	113
1233	2963
1899	2963
1233	3110
1233	944
1707	1233
1475	1233
1521	3962
936	3087
2539	3087
4292	3087
121	1590
1143	4441
1699	260
1143	4166
3333	1143
1970	2778
2335	4024
3975	4024
1788	3993
3698	3993
3566	3993
3975	2335
4124	2335
1273	4535
719	2681
3446	1718
67	1501
285	1501
2553	1501
4434	1501
3071	982
4456	3685
285	2384
2553	2384
285	1105
2553	1105
740	3955
4095	4096
3885	1330
990	25
2677	53
376	888
3140	888
285	67
2632	70
2904	76
2683	89
1853	121
519	128
2277	156
1379	200
1769	218
927	285
1875	285
1992	285
1998	285
2978	285
3459	285
4519	312
4124	354
3333	2784
2989	453
1773	519
1875	521
1125	530
1908	531
1998	531
664	591
2539	596
3113	730
2382	796
1083	898
2553	927
1998	927
2294	927
3307	951
3470	964
1225	978
4138	995
1727	1015
1225	1039
2277	1078
3920	1116
3331	1125
4153	1137
3614	1217
2942	1225
1356	1294
1875	2553
1998	2553
1875	1358
3069	1358
3062	1361
3769	1407
3802	1540
3698	1568
3723	1568
1356	1568
1577	1568
3566	1568
3331	1624
4013	1636
2289	1647
2839	1706
4260	1752
1908	1875
4434	1875
1612	1875
2694	1877
3752	1900
3333	1909
3698	1970
1998	1992
4434	1992
2072	1998
3529	1998
3459	1998
4434	1998
3453	2005
3529	3698
4434	3698
3723	3698
1356	3698
1577	3698
3566	3698
2340	490
3331	2072
4434	2184
1612	2277
2529	2488
2621	2531
2597	2531
3560	2549
3066	2632
2815	2671
2820	2714
2978	2714
3005	3333
3172	3333
3418	3333
3014	2832
3140	2952
3530	3517
3728	3584
4189	3613
4134	3650
3899	3787
4153	3836
3331	4040
4431	1833
4519	4109
4124	692
2663	990
