0	351
0	574
0	1425
2	403
4	117
4	301
4	388
4	1212
14	439
15	750
15	836
24	105
24	125
24	381
24	687
24	849
27	839
27	1047
27	1078
27	1160
27	1348
27	1476
31	66
31	106
31	120
31	146
31	162
31	225
31	240
31	260
31	333
31	341
31	378
31	430
31	589
31	604
31	693
31	706
31	785
31	914
31	928
31	976
31	1117
31	1154
31	1218
31	1291
31	1348
31	1364
31	1428
31	1483
31	1535
31	1537
35	1242
35	1262
44	265
44	1235
54	121
54	253
54	295
54	345
54	626
54	837
54	1282
54	1370
54	1429
64	838
65	66
65	95
65	106
65	107
65	200
65	204
65	205
65	382
65	391
65	489
65	503
65	504
65	648
65	658
65	839
65	888
65	920
65	942
65	953
65	1004
65	1054
65	1056
65	1078
65	1084
65	1143
65	1160
65	1169
65	1206
65	1214
65	1218
65	1269
65	1311
65	1320
65	1343
65	1348
65	1428
65	1452
65	1476
65	1493
66	106
66	120
66	146
66	196
66	205
66	225
66	260
66	333
66	354
66	382
66	420
66	489
66	503
66	513
66	589
66	648
66	658
66	839
66	888
66	942
66	953
66	1004
66	1054
66	1056
66	1078
66	1084
66	1143
66	1154
66	1160
66	1169
66	1206
66	1218
66	1320
66	1343
66	1348
66	1380
66	1428
66	1452
66	1461
66	1476
66	1483
69	925
69	1079
69	1541
71	697
71	1526
74	511
74	682
74	1151
74	1157
74	1427
75	382
75	489
75	953
75	1343
82	204
87	166
87	316
87	1365
90	571
95	258
95	391
95	513
95	670
95	926
95	942
95	1084
95	1109
95	1154
95	1169
95	1179
95	1300
95	1343
95	1461
95	1476
95	1493
99	226
99	254
99	792
99	820
99	878
99	906
99	1226
99	1253
99	1276
99	1290
99	1383
99	1386
99	1413
99	1498
99	1532
99	1554
99	1557
100	227
100	1495
104	1454
105	849
106	120
106	196
106	205
106	225
106	260
106	378
106	382
106	503
106	504
106	584
106	589
106	652
106	839
106	888
106	942
106	953
106	976
106	1054
106	1078
106	1084
106	1122
106	1143
106	1160
106	1206
106	1218
106	1236
106	1269
106	1299
106	1320
106	1343
106	1348
106	1364
106	1380
106	1428
106	1452
106	1461
107	200
107	204
107	205
107	382
107	489
107	490
107	499
107	503
107	648
107	658
107	839
107	888
107	1004
107	1054
107	1056
107	1084
107	1143
107	1160
107	1206
107	1320
107	1343
113	841
113	1335
117	301
117	388
117	1212
120	196
120	225
120	260
120	378
120	604
120	693
120	877
120	976
120	1117
120	1218
120	1236
120	1348
120	1428
120	1483
120	1537
121	253
121	295
121	345
121	626
121	837
121	1282
121	1370
121	1429
125	381
125	687
125	849
126	622
127	272
127	520
127	700
128	1260
131	316
139	394
140	589
146	225
146	240
146	333
146	430
146	604
146	693
146	928
146	973
146	976
146	1154
146	1169
146	1218
146	1483
146	1537
153	491
153	737
153	903
158	214
158	591
158	621
158	674
158	1245
158	1329
158	1346
162	225
162	260
162	341
162	378
162	430
162	589
162	693
162	706
162	774
162	785
162	914
162	928
162	976
162	1117
162	1201
162	1218
162	1364
162	1483
162	1535
162	1537
166	316
166	1365
167	272
167	412
167	445
167	636
167	707
167	846
167	957
167	1014
167	1286
167	1453
171	336
171	376
171	502
171	532
171	541
171	671
171	1374
173	1314
180	1394
185	258
185	272
185	391
185	412
185	445
185	480
185	670
185	679
185	707
185	846
185	886
185	920
185	926
185	932
185	942
185	1001
185	1057
185	1109
185	1169
185	1179
185	1213
185	1311
185	1320
185	1343
185	1453
185	1461
185	1476
191	492
191	783
191	909
192	871
192	1260
192	1524
193	688
195	975
196	260
196	584
196	877
196	1236
196	1348
196	1428
200	204
200	205
200	260
200	272
200	382
200	412
200	489
200	490
200	499
200	503
200	513
200	648
200	839
200	888
200	942
200	953
200	1004
200	1056
200	1078
200	1084
200	1143
200	1160
200	1179
200	1206
200	1213
200	1269
200	1299
200	1320
200	1343
200	1348
200	1388
200	1428
200	1452
200	1461
200	1476
200	1493
204	205
204	260
204	382
204	408
204	489
204	490
204	499
204	503
204	504
204	513
204	648
204	658
204	802
204	839
204	886
204	888
204	942
204	953
204	1004
204	1054
204	1056
204	1078
204	1084
204	1143
204	1160
204	1169
204	1206
204	1213
204	1269
204	1300
204	1311
204	1320
204	1343
204	1348
204	1388
204	1452
204	1453
204	1476
204	1493
205	260
205	382
205	448
205	489
205	490
205	503
205	504
205	513
205	572
205	595
205	648
205	652
205	658
205	839
205	888
205	942
205	953
205	1004
205	1054
205	1056
205	1078
205	1084
205	1143
205	1160
205	1206
205	1269
205	1299
205	1320
205	1343
205	1348
205	1380
205	1461
205	1493
206	1180
207	318
207	569
207	580
207	697
207	719
207	967
207	1008
207	1472
214	591
214	621
214	674
214	1245
214	1329
214	1346
216	859
218	232
222	740
222	855
225	260
225	333
225	341
225	378
225	430
225	589
225	604
225	693
225	785
225	914
225	928
225	976
225	1117
225	1154
225	1218
225	1291
225	1348
225	1428
225	1483
225	1537
226	254
226	878
226	906
226	1226
226	1276
226	1383
226	1386
226	1532
226	1554
226	1557
231	767
231	1046
231	1254
231	1474
238	973
238	1175
246	776
246	1326
250	527
253	295
253	345
253	626
253	837
253	1282
253	1370
253	1380
253	1429
254	878
254	906
254	1226
254	1276
254	1386
254	1557
258	391
258	412
258	513
258	670
258	679
258	886
258	920
258	926
258	932
258	942
258	1001
258	1109
258	1154
258	1169
258	1179
258	1269
258	1300
258	1311
258	1343
258	1428
258	1453
258	1461
260	378
260	382
260	430
260	489
260	499
260	503
260	589
260	604
260	648
260	652
260	693
260	802
260	839
260	888
260	928
260	942
260	953
260	976
260	1004
260	1047
260	1054
260	1056
260	1067
260	1078
260	1084
260	1117
260	1122
260	1143
260	1160
260	1206
260	1218
260	1236
260	1269
260	1299
260	1320
260	1343
260	1348
260	1364
260	1428
260	1452
260	1461
260	1476
260	1483
260	1493
260	1537
265	1235
268	1131
268	1348
272	412
272	445
272	503
272	520
272	636
272	670
272	707
272	846
272	920
272	957
272	1179
272	1213
272	1286
272	1343
272	1453
272	1493
283	470
284	613
295	345
295	626
295	837
295	1202
295	1282
295	1370
295	1429
301	388
301	435
301	468
301	1072
301	1111
301	1212
301	1406
309	536
309	737
309	1406
312	506
316	1365
318	569
318	580
318	697
318	719
318	967
318	1008
318	1472
320	404
320	601
320	629
320	825
322	616
322	1029
325	738
326	1200
331	1182
331	1550
333	446
333	604
333	693
333	914
333	976
333	1218
333	1348
333	1483
333	1537
336	376
336	502
336	532
336	541
336	671
336	1374
337	1514
341	364
341	378
341	430
341	589
341	693
341	706
341	774
341	785
341	914
341	928
341	976
341	1117
341	1201
341	1218
341	1364
341	1483
341	1535
341	1537
345	626
345	837
345	1282
345	1370
345	1429
351	574
351	1425
353	1526
354	604
356	697
356	788
356	967
356	1224
364	706
364	785
364	1117
367	916
367	1352
376	502
376	532
376	541
376	671
376	1374
378	430
378	544
378	589
378	604
378	693
378	706
378	774
378	785
378	914
378	928
378	976
378	1117
378	1201
378	1218
378	1348
378	1364
378	1483
378	1535
378	1537
381	687
381	849
382	391
382	412
382	489
382	490
382	499
382	503
382	504
382	513
382	648
382	652
382	658
382	839
382	888
382	920
382	942
382	953
382	1004
382	1035
382	1054
382	1056
382	1078
382	1084
382	1143
382	1160
382	1169
382	1206
382	1213
382	1214
382	1269
382	1299
382	1311
382	1320
382	1343
382	1348
382	1452
382	1453
382	1476
382	1493
388	1212
391	412
391	503
391	513
391	670
391	679
391	846
391	920
391	926
391	932
391	942
391	973
391	1001
391	1057
391	1084
391	1109
391	1154
391	1160
391	1169
391	1179
391	1213
391	1311
391	1320
391	1343
391	1428
391	1453
391	1461
391	1476
396	501
396	1132
397	797
397	981
404	601
404	629
404	825
408	503
408	1078
408	1343
408	1493
410	1421
412	445
412	480
412	503
412	636
412	670
412	679
412	707
412	846
412	886
412	920
412	926
412	932
412	957
412	1001
412	1014
412	1035
412	1057
412	1109
412	1169
412	1179
412	1213
412	1286
412	1311
412	1320
412	1343
412	1453
412	1461
412	1476
412	1493
417	1123
420	907
420	1005
420	1131
420	1395
427	746
427	845
430	589
430	604
430	693
430	706
430	785
430	914
430	928
430	976
430	1117
430	1218
430	1348
430	1483
430	1535
430	1537
432	564
432	855
432	994
432	1358
435	468
438	770
439	839
439	1016
439	1054
439	1546
440	975
445	636
445	707
445	846
445	920
445	1014
445	1109
445	1169
445	1179
445	1213
445	1286
445	1343
445	1453
446	604
448	1049
448	1143
459	1342
461	738
469	580
469	967
480	670
480	926
480	1169
480	1179
480	1343
480	1453
481	545
483	855
484	630
484	657
484	666
484	725
484	1394
485	536
488	999
489	499
489	503
489	504
489	513
489	648
489	658
489	802
489	839
489	888
489	942
489	953
489	1004
489	1054
489	1056
489	1078
489	1084
489	1143
489	1160
489	1206
489	1269
489	1299
489	1320
489	1343
489	1348
489	1380
489	1452
489	1476
489	1493
490	499
490	504
490	595
490	857
490	942
490	1004
490	1056
490	1143
490	1160
490	1206
490	1299
490	1320
491	536
491	737
491	900
491	903
491	1111
491	1276
491	1406
495	1426
498	752
499	648
499	667
499	1004
499	1056
499	1078
499	1084
499	1143
499	1160
499	1206
499	1269
499	1299
499	1320
502	532
502	541
502	671
502	1374
503	504
503	513
503	572
503	648
503	658
503	670
503	839
503	888
503	942
503	953
503	1004
503	1014
503	1054
503	1056
503	1078
503	1084
503	1143
503	1160
503	1179
503	1213
503	1218
503	1311
503	1320
503	1343
503	1348
503	1380
503	1453
503	1493
504	513
504	595
504	658
504	839
504	888
504	953
504	1054
504	1078
504	1084
504	1143
504	1160
504	1320
504	1343
504	1493
508	973
508	1097
508	1254
508	1474
511	682
511	1151
511	1157
511	1427
513	648
513	658
513	679
513	839
513	888
513	920
513	942
513	953
513	1047
513	1054
513	1056
513	1078
513	1084
513	1143
513	1160
513	1169
513	1218
513	1269
513	1300
513	1320
513	1343
513	1348
513	1453
513	1476
513	1493
519	538
519	1053
519	1257
519	1345
520	700
520	1143
520	1343
527	554
532	541
532	671
532	1374
533	697
533	905
533	1168
533	1526
536	737
536	900
536	1406
538	1053
538	1257
538	1345
541	671
541	1374
544	604
544	693
544	976
550	783
551	1331
553	563
553	1081
553	1342
556	1082
556	1189
563	1081
563	1342
564	642
564	1498
569	580
569	697
569	719
569	967
569	1008
569	1472
571	1412
572	839
572	888
572	1004
572	1320
574	1425
580	697
580	719
580	967
580	1008
580	1159
580	1371
584	1173
584	1428
589	693
589	785
589	976
589	989
589	1117
589	1154
589	1169
589	1218
589	1342
589	1343
589	1348
589	1428
589	1483
589	1537
591	621
591	674
591	1245
591	1329
591	1346
595	1004
595	1054
595	1084
595	1143
595	1299
595	1320
601	629
602	1285
604	693
604	914
604	928
604	976
604	1117
604	1143
604	1218
604	1348
604	1483
604	1537
605	658
605	849
605	901
605	1056
605	1375
615	688
616	1029
621	674
621	1245
621	1329
621	1346
623	1451
623	1455
626	837
626	1282
626	1370
627	663
627	827
630	657
630	666
630	725
630	1394
631	1222
631	1435
636	707
636	846
636	957
636	1179
636	1213
636	1286
636	1343
636	1453
640	757
640	1475
646	1175
648	658
648	839
648	888
648	953
648	1004
648	1054
648	1056
648	1078
648	1084
648	1143
648	1160
648	1299
648	1320
648	1343
648	1348
648	1452
648	1476
648	1493
652	839
652	888
652	1084
652	1160
652	1299
652	1348
652	1379
655	1279
655	1430
657	666
657	725
657	1394
658	839
658	888
658	901
658	942
658	953
658	1054
658	1056
658	1078
658	1084
658	1143
658	1160
658	1320
658	1343
658	1348
658	1403
658	1452
658	1476
663	827
666	725
666	1394
667	1004
670	679
670	707
670	846
670	886
670	920
670	926
670	932
670	957
670	1001
670	1057
670	1109
670	1154
670	1160
670	1169
670	1179
670	1213
670	1300
670	1311
670	1320
670	1343
670	1428
670	1453
670	1461
671	1374
674	1245
674	1280
674	1329
674	1346
677	707
677	846
677	957
677	1286
677	1453
679	707
679	846
679	886
679	926
679	932
679	1057
679	1109
679	1169
679	1179
679	1213
679	1311
679	1320
679	1343
679	1453
679	1461
679	1476
682	1157
682	1212
682	1501
687	849
691	1383
691	1386
691	1413
691	1498
691	1554
693	706
693	774
693	785
693	914
693	928
693	976
693	1117
693	1201
693	1218
693	1348
693	1364
693	1483
693	1535
693	1537
697	719
697	788
697	905
697	967
697	1159
697	1168
697	1224
697	1371
697	1526
698	962
701	985
706	785
706	928
706	976
706	1117
706	1483
706	1535
706	1537
707	846
707	920
707	926
707	932
707	957
707	1109
707	1169
707	1179
707	1213
707	1286
707	1311
707	1320
707	1343
707	1453
719	967
719	1008
719	1472
725	1394
734	910
735	770
737	900
737	903
737	1406
746	845
748	856
748	1209
749	1159
749	1168
750	836
755	875
757	1475
767	1474
773	1146
774	785
774	1117
776	1326
779	839
779	1122
785	928
785	976
785	1117
785	1218
785	1428
785	1483
785	1535
785	1537
787	1468
788	967
788	1051
788	1224
789	1196
792	820
792	1253
792	1383
792	1413
792	1498
792	1532
792	1554
797	981
802	839
802	888
802	1078
802	1343
802	1348
806	1303
820	1253
820	1383
820	1386
820	1413
820	1498
820	1532
820	1554
837	1202
837	1282
837	1370
837	1429
839	888
839	942
839	953
839	1004
839	1054
839	1056
839	1078
839	1084
839	1117
839	1122
839	1143
839	1160
839	1206
839	1218
839	1269
839	1299
839	1320
839	1343
839	1348
839	1380
839	1452
839	1461
841	1335
846	920
846	926
846	1035
846	1109
846	1169
846	1179
846	1213
846	1286
846	1311
846	1343
846	1453
846	1461
846	1476
846	1493
849	901
849	1056
849	1375
854	915
855	957
856	1209
868	1064
868	1342
871	1524
877	1236
878	906
878	1226
878	1276
878	1386
878	1532
878	1554
878	1557
886	920
886	926
886	942
886	1001
886	1109
886	1169
886	1179
886	1311
886	1320
886	1343
886	1453
886	1461
888	942
888	953
888	1004
888	1035
888	1054
888	1056
888	1065
888	1078
888	1084
888	1143
888	1160
888	1206
888	1218
888	1269
888	1299
888	1320
888	1343
888	1348
888	1476
888	1493
899	1472
900	1111
900	1406
906	1226
906	1276
906	1383
906	1386
906	1532
906	1554
906	1557
907	1005
907	1395
908	1015
908	1158
914	928
914	976
914	1117
914	1218
914	1348
914	1537
916	1352
920	926
920	942
920	1001
920	1169
920	1179
920	1213
920	1286
920	1311
920	1320
920	1343
920	1348
920	1403
920	1453
920	1461
920	1476
925	1079
925	1541
926	932
926	957
926	1001
926	1109
926	1154
926	1169
926	1179
926	1213
926	1311
926	1320
926	1343
926	1453
926	1461
926	1476
927	1337
928	976
928	1117
928	1218
928	1483
928	1535
928	1537
932	1057
932	1109
932	1160
932	1169
932	1179
932	1311
932	1343
932	1453
942	953
942	1004
942	1047
942	1056
942	1078
942	1084
942	1143
942	1154
942	1160
942	1169
942	1179
942	1206
942	1218
942	1269
942	1299
942	1300
942	1311
942	1320
942	1343
942	1348
942	1380
942	1403
942	1452
942	1453
942	1461
942	1476
953	1004
953	1054
953	1056
953	1078
953	1084
953	1143
953	1160
953	1206
953	1214
953	1218
953	1269
953	1320
953	1343
953	1348
953	1388
953	1452
953	1476
953	1493
957	1179
957	1286
957	1453
967	1008
967	1159
967	1168
967	1224
967	1371
973	1154
973	1169
973	1175
973	1343
973	1428
976	1117
976	1218
976	1348
976	1364
976	1428
976	1483
976	1535
976	1537
990	1540
1001	1109
1001	1169
1001	1179
1001	1311
1001	1320
1001	1343
1001	1428
1001	1453
1004	1054
1004	1056
1004	1078
1004	1084
1004	1143
1004	1160
1004	1206
1004	1298
1004	1299
1004	1320
1004	1343
1005	1395
1014	1286
1014	1320
1014	1343
1014	1453
1014	1493
1015	1158
1035	1054
1035	1320
1035	1343
1036	1342
1046	1254
1046	1474
1047	1084
1047	1169
1047	1461
1047	1476
1053	1257
1053	1345
1054	1056
1054	1078
1054	1084
1054	1143
1054	1160
1054	1206
1054	1269
1054	1299
1054	1320
1054	1343
1054	1348
1054	1452
1054	1476
1056	1078
1056	1084
1056	1143
1056	1160
1056	1169
1056	1206
1056	1218
1056	1269
1056	1299
1056	1300
1056	1320
1056	1343
1056	1348
1056	1452
1056	1461
1056	1476
1056	1493
1057	1109
1057	1160
1057	1169
1057	1311
1057	1320
1057	1343
1057	1453
1057	1461
1057	1466
1057	1476
1065	1078
1065	1348
1065	1380
1067	1348
1078	1084
1078	1143
1078	1160
1078	1169
1078	1206
1078	1218
1078	1269
1078	1299
1078	1320
1078	1343
1078	1348
1078	1380
1078	1428
1078	1452
1078	1476
1078	1493
1079	1541
1081	1342
1082	1189
1084	1143
1084	1160
1084	1169
1084	1179
1084	1206
1084	1214
1084	1269
1084	1299
1084	1300
1084	1320
1084	1343
1084	1348
1084	1380
1084	1388
1084	1452
1084	1453
1084	1476
1084	1493
1089	1433
1097	1254
1097	1474
1108	1261
1109	1154
1109	1169
1109	1179
1109	1213
1109	1311
1109	1320
1109	1343
1109	1453
1112	1207
1112	1501
1117	1201
1117	1218
1117	1348
1117	1364
1117	1428
1117	1483
1117	1535
1117	1537
1122	1348
1131	1380
1143	1160
1143	1206
1143	1218
1143	1269
1143	1299
1143	1320
1143	1343
1143	1348
1143	1476
1151	1157
1154	1169
1154	1218
1154	1300
1154	1311
1154	1428
1157	1427
1159	1168
1160	1169
1160	1179
1160	1206
1160	1269
1160	1299
1160	1300
1160	1311
1160	1320
1160	1343
1160	1348
1160	1380
1160	1388
1160	1452
1160	1453
1160	1461
1160	1476
1160	1493
1168	1264
1168	1371
1168	1526
1169	1179
1169	1213
1169	1218
1169	1300
1169	1311
1169	1320
1169	1343
1169	1348
1169	1403
1169	1428
1169	1453
1169	1461
1169	1476
1173	1432
1179	1213
1179	1286
1179	1300
1179	1311
1179	1320
1179	1343
1179	1453
1179	1461
1179	1493
1182	1550
1201	1535
1201	1537
1206	1269
1206	1299
1206	1320
1206	1343
1206	1348
1206	1452
1206	1466
1207	1501
1212	1501
1213	1311
1213	1320
1213	1343
1213	1453
1214	1320
1214	1343
1218	1343
1218	1348
1218	1428
1218	1452
1218	1476
1218	1483
1218	1535
1218	1537
1226	1276
1226	1383
1226	1386
1226	1532
1226	1554
1226	1557
1236	1364
1242	1262
1245	1280
1245	1329
1245	1346
1253	1383
1253	1386
1253	1413
1253	1498
1253	1532
1253	1554
1254	1474
1257	1345
1269	1320
1269	1343
1269	1348
1269	1380
1269	1452
1269	1461
1269	1493
1276	1383
1276	1386
1276	1532
1276	1554
1276	1557
1279	1430
1280	1329
1282	1370
1286	1320
1286	1343
1286	1453
1286	1461
1286	1493
1290	1383
1290	1386
1290	1554
1291	1483
1298	1320
1299	1320
1299	1343
1299	1348
1299	1452
1300	1311
1300	1320
1300	1343
1300	1428
1300	1461
1300	1476
1311	1320
1311	1343
1311	1428
1311	1453
1311	1461
1311	1476
1320	1343
1320	1348
1320	1452
1320	1453
1320	1461
1320	1476
1320	1493
1329	1346
1343	1348
1343	1428
1343	1452
1343	1453
1343	1461
1343	1476
1343	1493
1344	1357
1348	1428
1348	1452
1348	1461
1348	1476
1348	1483
1348	1493
1348	1537
1364	1428
1370	1429
1380	1452
1380	1493
1383	1386
1383	1413
1383	1498
1383	1532
1383	1554
1383	1557
1386	1413
1386	1498
1386	1532
1386	1554
1386	1557
1403	1461
1413	1498
1413	1532
1413	1554
1428	1461
1428	1483
1428	1537
1451	1455
1452	1476
1453	1461
1453	1476
1453	1493
1461	1476
1461	1493
1472	1474
1483	1535
1483	1537
1498	1532
1498	1554
1532	1554
1532	1557
1535	1537
1554	1557
351	0
574	0
1425	0
403	2
117	4
301	4
388	4
1212	4
439	14
750	15
836	15
105	24
125	24
381	24
687	24
849	24
839	27
1047	27
1078	27
1160	27
1348	27
1476	27
66	31
106	31
120	31
146	31
162	31
225	31
240	31
260	31
333	31
341	31
378	31
430	31
589	31
604	31
693	31
706	31
785	31
914	31
928	31
976	31
1117	31
1154	31
1218	31
1291	31
1348	31
1364	31
1428	31
1483	31
1535	31
1537	31
1242	35
1262	35
265	44
1235	44
121	54
253	54
295	54
345	54
626	54
837	54
1282	54
1370	54
1429	54
838	64
66	65
95	65
106	65
107	65
200	65
204	65
205	65
382	65
391	65
489	65
503	65
504	65
648	65
658	65
839	65
888	65
920	65
942	65
953	65
1004	65
1054	65
1056	65
1078	65
1084	65
1143	65
1160	65
1169	65
1206	65
1214	65
1218	65
1269	65
1311	65
1320	65
1343	65
1348	65
1428	65
1452	65
1476	65
1493	65
106	66
120	66
146	66
196	66
205	66
225	66
260	66
333	66
354	66
382	66
420	66
489	66
503	66
513	66
589	66
648	66
658	66
839	66
888	66
942	66
953	66
1004	66
1054	66
1056	66
1078	66
1084	66
1143	66
1154	66
1160	66
1169	66
1206	66
1218	66
1320	66
1343	66
1348	66
1380	66
1428	66
1452	66
1461	66
1476	66
1483	66
925	69
1079	69
1541	69
697	71
1526	71
511	74
682	74
1151	74
1157	74
1427	74
382	75
489	75
953	75
1343	75
204	82
166	87
316	87
1365	87
571	90
258	95
391	95
513	95
670	95
926	95
942	95
1084	95
1109	95
1154	95
1169	95
1179	95
1300	95
1343	95
1461	95
1476	95
1493	95
226	99
254	99
792	99
820	99
878	99
906	99
1226	99
1253	99
1276	99
1290	99
1383	99
1386	99
1413	99
1498	99
1532	99
1554	99
1557	99
227	100
1495	100
1454	104
849	105
120	106
196	106
205	106
225	106
260	106
378	106
382	106
503	106
504	106
584	106
589	106
652	106
839	106
888	106
942	106
953	106
976	106
1054	106
1078	106
1084	106
1122	106
1143	106
1160	106
1206	106
1218	106
1236	106
1269	106
1299	106
1320	106
1343	106
1348	106
1364	106
1380	106
1428	106
1452	106
1461	106
200	107
204	107
205	107
382	107
489	107
490	107
499	107
503	107
648	107
658	107
839	107
888	107
1004	107
1054	107
1056	107
1084	107
1143	107
1160	107
1206	107
1320	107
1343	107
841	113
1335	113
301	117
388	117
1212	117
196	120
225	120
260	120
378	120
604	120
693	120
877	120
976	120
1117	120
1218	120
1236	120
1348	120
1428	120
1483	120
1537	120
253	121
295	121
345	121
626	121
837	121
1282	121
1370	121
1429	121
381	125
687	125
849	125
622	126
272	127
520	127
700	127
1260	128
316	131
394	139
589	140
225	146
240	146
333	146
430	146
604	146
693	146
928	146
973	146
976	146
1154	146
1169	146
1218	146
1483	146
1537	146
491	153
737	153
903	153
214	158
591	158
621	158
674	158
1245	158
1329	158
1346	158
225	162
260	162
341	162
378	162
430	162
589	162
693	162
706	162
774	162
785	162
914	162
928	162
976	162
1117	162
1201	162
1218	162
1364	162
1483	162
1535	162
1537	162
316	166
1365	166
272	167
412	167
445	167
636	167
707	167
846	167
957	167
1014	167
1286	167
1453	167
336	171
376	171
502	171
532	171
541	171
671	171
1374	171
1314	173
1394	180
258	185
272	185
391	185
412	185
445	185
480	185
670	185
679	185
707	185
846	185
886	185
920	185
926	185
932	185
942	185
1001	185
1057	185
1109	185
1169	185
1179	185
1213	185
1311	185
1320	185
1343	185
1453	185
1461	185
1476	185
492	191
783	191
909	191
871	192
1260	192
1524	192
688	193
975	195
260	196
584	196
877	196
1236	196
1348	196
1428	196
204	200
205	200
260	200
272	200
382	200
412	200
489	200
490	200
499	200
503	200
513	200
648	200
839	200
888	200
942	200
953	200
1004	200
1056	200
1078	200
1084	200
1143	200
1160	200
1179	200
1206	200
1213	200
1269	200
1299	200
1320	200
1343	200
1348	200
1388	200
1428	200
1452	200
1461	200
1476	200
1493	200
205	204
260	204
382	204
408	204
489	204
490	204
499	204
503	204
504	204
513	204
648	204
658	204
802	204
839	204
886	204
888	204
942	204
953	204
1004	204
1054	204
1056	204
1078	204
1084	204
1143	204
1160	204
1169	204
1206	204
1213	204
1269	204
1300	204
1311	204
1320	204
1343	204
1348	204
1388	204
1452	204
1453	204
1476	204
1493	204
260	205
382	205
448	205
489	205
490	205
503	205
504	205
513	205
572	205
595	205
648	205
652	205
658	205
839	205
888	205
942	205
953	205
1004	205
1054	205
1056	205
1078	205
1084	205
1143	205
1160	205
1206	205
1269	205
1299	205
1320	205
1343	205
1348	205
1380	205
1461	205
1493	205
1180	206
318	207
569	207
580	207
697	207
719	207
967	207
1008	207
1472	207
591	214
621	214
674	214
1245	214
1329	214
1346	214
859	216
232	218
740	222
855	222
260	225
333	225
341	225
378	225
430	225
589	225
604	225
693	225
785	225
914	225
928	225
976	225
1117	225
1154	225
1218	225
1291	225
1348	225
1428	225
1483	225
1537	225
254	226
878	226
906	226
1226	226
1276	226
1383	226
1386	226
1532	226
1554	226
1557	226
767	231
1046	231
1254	231
1474	231
973	238
1175	238
776	246
1326	246
527	250
295	253
345	253
626	253
837	253
1282	253
1370	253
1380	253
1429	253
878	254
906	254
1226	254
1276	254
1386	254
1557	254
391	258
412	258
513	258
670	258
679	258
886	258
920	258
926	258
932	258
942	258
1001	258
1109	258
1154	258
1169	258
1179	258
1269	258
1300	258
1311	258
1343	258
1428	258
1453	258
1461	258
378	260
382	260
430	260
489	260
499	260
503	260
589	260
604	260
648	260
652	260
693	260
802	260
839	260
888	260
928	260
942	260
953	260
976	260
1004	260
1047	260
1054	260
1056	260
1067	260
1078	260
1084	260
1117	260
1122	260
1143	260
1160	260
1206	260
1218	260
1236	260
1269	260
1299	260
1320	260
1343	260
1348	260
1364	260
1428	260
1452	260
1461	260
1476	260
1483	260
1493	260
1537	260
1235	265
1131	268
1348	268
412	272
445	272
503	272
520	272
636	272
670	272
707	272
846	272
920	272
957	272
1179	272
1213	272
1286	272
1343	272
1453	272
1493	272
470	283
613	284
345	295
626	295
837	295
1202	295
1282	295
1370	295
1429	295
388	301
435	301
468	301
1072	301
1111	301
1212	301
1406	301
536	309
737	309
1406	309
506	312
1365	316
569	318
580	318
697	318
719	318
967	318
1008	318
1472	318
404	320
601	320
629	320
825	320
616	322
1029	322
738	325
1200	326
1182	331
1550	331
446	333
604	333
693	333
914	333
976	333
1218	333
1348	333
1483	333
1537	333
376	336
502	336
532	336
541	336
671	336
1374	336
1514	337
364	341
378	341
430	341
589	341
693	341
706	341
774	341
785	341
914	341
928	341
976	341
1117	341
1201	341
1218	341
1364	341
1483	341
1535	341
1537	341
626	345
837	345
1282	345
1370	345
1429	345
574	351
1425	351
1526	353
604	354
697	356
788	356
967	356
1224	356
706	364
785	364
1117	364
916	367
1352	367
502	376
532	376
541	376
671	376
1374	376
430	378
544	378
589	378
604	378
693	378
706	378
774	378
785	378
914	378
928	378
976	378
1117	378
1201	378
1218	378
1348	378
1364	378
1483	378
1535	378
1537	378
687	381
849	381
391	382
412	382
489	382
490	382
499	382
503	382
504	382
513	382
648	382
652	382
658	382
839	382
888	382
920	382
942	382
953	382
1004	382
1035	382
1054	382
1056	382
1078	382
1084	382
1143	382
1160	382
1169	382
1206	382
1213	382
1214	382
1269	382
1299	382
1311	382
1320	382
1343	382
1348	382
1452	382
1453	382
1476	382
1493	382
1212	388
412	391
503	391
513	391
670	391
679	391
846	391
920	391
926	391
932	391
942	391
973	391
1001	391
1057	391
1084	391
1109	391
1154	391
1160	391
1169	391
1179	391
1213	391
1311	391
1320	391
1343	391
1428	391
1453	391
1461	391
1476	391
501	396
1132	396
797	397
981	397
601	404
629	404
825	404
503	408
1078	408
1343	408
1493	408
1421	410
445	412
480	412
503	412
636	412
670	412
679	412
707	412
846	412
886	412
920	412
926	412
932	412
957	412
1001	412
1014	412
1035	412
1057	412
1109	412
1169	412
1179	412
1213	412
1286	412
1311	412
1320	412
1343	412
1453	412
1461	412
1476	412
1493	412
1123	417
907	420
1005	420
1131	420
1395	420
746	427
845	427
589	430
604	430
693	430
706	430
785	430
914	430
928	430
976	430
1117	430
1218	430
1348	430
1483	430
1535	430
1537	430
564	432
855	432
994	432
1358	432
468	435
770	438
839	439
1016	439
1054	439
1546	439
975	440
636	445
707	445
846	445
920	445
1014	445
1109	445
1169	445
1179	445
1213	445
1286	445
1343	445
1453	445
604	446
1049	448
1143	448
1342	459
738	461
580	469
967	469
670	480
926	480
1169	480
1179	480
1343	480
1453	480
545	481
855	483
630	484
657	484
666	484
725	484
1394	484
536	485
999	488
499	489
503	489
504	489
513	489
648	489
658	489
802	489
839	489
888	489
942	489
953	489
1004	489
1054	489
1056	489
1078	489
1084	489
1143	489
1160	489
1206	489
1269	489
1299	489
1320	489
1343	489
1348	489
1380	489
1452	489
1476	489
1493	489
499	490
504	490
595	490
857	490
942	490
1004	490
1056	490
1143	490
1160	490
1206	490
1299	490
1320	490
536	491
737	491
900	491
903	491
1111	491
1276	491
1406	491
1426	495
752	498
648	499
667	499
1004	499
1056	499
1078	499
1084	499
1143	499
1160	499
1206	499
1269	499
1299	499
1320	499
532	502
541	502
671	502
1374	502
504	503
513	503
572	503
648	503
658	503
670	503
839	503
888	503
942	503
953	503
1004	503
1014	503
1054	503
1056	503
1078	503
1084	503
1143	503
1160	503
1179	503
1213	503
1218	503
1311	503
1320	503
1343	503
1348	503
1380	503
1453	503
1493	503
513	504
595	504
658	504
839	504
888	504
953	504
1054	504
1078	504
1084	504
1143	504
1160	504
1320	504
1343	504
1493	504
973	508
1097	508
1254	508
1474	508
682	511
1151	511
1157	511
1427	511
648	513
658	513
679	513
839	513
888	513
920	513
942	513
953	513
1047	513
1054	513
1056	513
1078	513
1084	513
1143	513
1160	513
1169	513
1218	513
1269	513
1300	513
1320	513
1343	513
1348	513
1453	513
1476	513
1493	513
538	519
1053	519
1257	519
1345	519
700	520
1143	520
1343	520
554	527
541	532
671	532
1374	532
697	533
905	533
1168	533
1526	533
737	536
900	536
1406	536
1053	538
1257	538
1345	538
671	541
1374	541
604	544
693	544
976	544
783	550
1331	551
563	553
1081	553
1342	553
1082	556
1189	556
1081	563
1342	563
642	564
1498	564
580	569
697	569
719	569
967	569
1008	569
1472	569
1412	571
839	572
888	572
1004	572
1320	572
1425	574
697	580
719	580
967	580
1008	580
1159	580
1371	580
1173	584
1428	584
693	589
785	589
976	589
989	589
1117	589
1154	589
1169	589
1218	589
1342	589
1343	589
1348	589
1428	589
1483	589
1537	589
621	591
674	591
1245	591
1329	591
1346	591
1004	595
1054	595
1084	595
1143	595
1299	595
1320	595
629	601
1285	602
693	604
914	604
928	604
976	604
1117	604
1143	604
1218	604
1348	604
1483	604
1537	604
658	605
849	605
901	605
1056	605
1375	605
688	615
1029	616
674	621
1245	621
1329	621
1346	621
1451	623
1455	623
837	626
1282	626
1370	626
663	627
827	627
657	630
666	630
725	630
1394	630
1222	631
1435	631
707	636
846	636
957	636
1179	636
1213	636
1286	636
1343	636
1453	636
757	640
1475	640
1175	646
658	648
839	648
888	648
953	648
1004	648
1054	648
1056	648
1078	648
1084	648
1143	648
1160	648
1299	648
1320	648
1343	648
1348	648
1452	648
1476	648
1493	648
839	652
888	652
1084	652
1160	652
1299	652
1348	652
1379	652
1279	655
1430	655
666	657
725	657
1394	657
839	658
888	658
901	658
942	658
953	658
1054	658
1056	658
1078	658
1084	658
1143	658
1160	658
1320	658
1343	658
1348	658
1403	658
1452	658
1476	658
827	663
725	666
1394	666
1004	667
679	670
707	670
846	670
886	670
920	670
926	670
932	670
957	670
1001	670
1057	670
1109	670
1154	670
1160	670
1169	670
1179	670
1213	670
1300	670
1311	670
1320	670
1343	670
1428	670
1453	670
1461	670
1374	671
1245	674
1280	674
1329	674
1346	674
707	677
846	677
957	677
1286	677
1453	677
707	679
846	679
886	679
926	679
932	679
1057	679
1109	679
1169	679
1179	679
1213	679
1311	679
1320	679
1343	679
1453	679
1461	679
1476	679
1157	682
1212	682
1501	682
849	687
1383	691
1386	691
1413	691
1498	691
1554	691
706	693
774	693
785	693
914	693
928	693
976	693
1117	693
1201	693
1218	693
1348	693
1364	693
1483	693
1535	693
1537	693
719	697
788	697
905	697
967	697
1159	697
1168	697
1224	697
1371	697
1526	697
962	698
985	701
785	706
928	706
976	706
1117	706
1483	706
1535	706
1537	706
846	707
920	707
926	707
932	707
957	707
1109	707
1169	707
1179	707
1213	707
1286	707
1311	707
1320	707
1343	707
1453	707
967	719
1008	719
1472	719
1394	725
910	734
770	735
900	737
903	737
1406	737
845	746
856	748
1209	748
1159	749
1168	749
836	750
875	755
1475	757
1474	767
1146	773
785	774
1117	774
1326	776
839	779
1122	779
928	785
976	785
1117	785
1218	785
1428	785
1483	785
1535	785
1537	785
1468	787
967	788
1051	788
1224	788
1196	789
820	792
1253	792
1383	792
1413	792
1498	792
1532	792
1554	792
981	797
839	802
888	802
1078	802
1343	802
1348	802
1303	806
1253	820
1383	820
1386	820
1413	820
1498	820
1532	820
1554	820
1202	837
1282	837
1370	837
1429	837
888	839
942	839
953	839
1004	839
1054	839
1056	839
1078	839
1084	839
1117	839
1122	839
1143	839
1160	839
1206	839
1218	839
1269	839
1299	839
1320	839
1343	839
1348	839
1380	839
1452	839
1461	839
1335	841
920	846
926	846
1035	846
1109	846
1169	846
1179	846
1213	846
1286	846
1311	846
1343	846
1453	846
1461	846
1476	846
1493	846
901	849
1056	849
1375	849
915	854
957	855
1209	856
1064	868
1342	868
1524	871
1236	877
906	878
1226	878
1276	878
1386	878
1532	878
1554	878
1557	878
920	886
926	886
942	886
1001	886
1109	886
1169	886
1179	886
1311	886
1320	886
1343	886
1453	886
1461	886
942	888
953	888
1004	888
1035	888
1054	888
1056	888
1065	888
1078	888
1084	888
1143	888
1160	888
1206	888
1218	888
1269	888
1299	888
1320	888
1343	888
1348	888
1476	888
1493	888
1472	899
1111	900
1406	900
1226	906
1276	906
1383	906
1386	906
1532	906
1554	906
1557	906
1005	907
1395	907
1015	908
1158	908
928	914
976	914
1117	914
1218	914
1348	914
1537	914
1352	916
926	920
942	920
1001	920
1169	920
1179	920
1213	920
1286	920
1311	920
1320	920
1343	920
1348	920
1403	920
1453	920
1461	920
1476	920
1079	925
1541	925
932	926
957	926
1001	926
1109	926
1154	926
1169	926
1179	926
1213	926
1311	926
1320	926
1343	926
1453	926
1461	926
1476	926
1337	927
976	928
1117	928
1218	928
1483	928
1535	928
1537	928
1057	932
1109	932
1160	932
1169	932
1179	932
1311	932
1343	932
1453	932
953	942
1004	942
1047	942
1056	942
1078	942
1084	942
1143	942
1154	942
1160	942
1169	942
1179	942
1206	942
1218	942
1269	942
1299	942
1300	942
1311	942
1320	942
1343	942
1348	942
1380	942
1403	942
1452	942
1453	942
1461	942
1476	942
1004	953
1054	953
1056	953
1078	953
1084	953
1143	953
1160	953
1206	953
1214	953
1218	953
1269	953
1320	953
1343	953
1348	953
1388	953
1452	953
1476	953
1493	953
1179	957
1286	957
1453	957
1008	967
1159	967
1168	967
1224	967
1371	967
1154	973
1169	973
1175	973
1343	973
1428	973
1117	976
1218	976
1348	976
1364	976
1428	976
1483	976
1535	976
1537	976
1540	990
1109	1001
1169	1001
1179	1001
1311	1001
1320	1001
1343	1001
1428	1001
1453	1001
1054	1004
1056	1004
1078	1004
1084	1004
1143	1004
1160	1004
1206	1004
1298	1004
1299	1004
1320	1004
1343	1004
1395	1005
1286	1014
1320	1014
1343	1014
1453	1014
1493	1014
1158	1015
1054	1035
1320	1035
1343	1035
1342	1036
1254	1046
1474	1046
1084	1047
1169	1047
1461	1047
1476	1047
1257	1053
1345	1053
1056	1054
1078	1054
1084	1054
1143	1054
1160	1054
1206	1054
1269	1054
1299	1054
1320	1054
1343	1054
1348	1054
1452	1054
1476	1054
1078	1056
1084	1056
1143	1056
1160	1056
1169	1056
1206	1056
1218	1056
1269	1056
1299	1056
1300	1056
1320	1056
1343	1056
1348	1056
1452	1056
1461	1056
1476	1056
1493	1056
1109	1057
1160	1057
1169	1057
1311	1057
1320	1057
1343	1057
1453	1057
1461	1057
1466	1057
1476	1057
1078	1065
1348	1065
1380	1065
1348	1067
1084	1078
1143	1078
1160	1078
1169	1078
1206	1078
1218	1078
1269	1078
1299	1078
1320	1078
1343	1078
1348	1078
1380	1078
1428	1078
1452	1078
1476	1078
1493	1078
1541	1079
1342	1081
1189	1082
1143	1084
1160	1084
1169	1084
1179	1084
1206	1084
1214	1084
1269	1084
1299	1084
1300	1084
1320	1084
1343	1084
1348	1084
1380	1084
1388	1084
1452	1084
1453	1084
1476	1084
1493	1084
1433	1089
1254	1097
1474	1097
1261	1108
1154	1109
1169	1109
1179	1109
1213	1109
1311	1109
1320	1109
1343	1109
1453	1109
1207	1112
1501	1112
1201	1117
1218	1117
1348	1117
1364	1117
1428	1117
1483	1117
1535	1117
1537	1117
1348	1122
1380	1131
1160	1143
1206	1143
1218	1143
1269	1143
1299	1143
1320	1143
1343	1143
1348	1143
1476	1143
1157	1151
1169	1154
1218	1154
1300	1154
1311	1154
1428	1154
1427	1157
1168	1159
1169	1160
1179	1160
1206	1160
1269	1160
1299	1160
1300	1160
1311	1160
1320	1160
1343	1160
1348	1160
1380	1160
1388	1160
1452	1160
1453	1160
1461	1160
1476	1160
1493	1160
1264	1168
1371	1168
1526	1168
1179	1169
1213	1169
1218	1169
1300	1169
1311	1169
1320	1169
1343	1169
1348	1169
1403	1169
1428	1169
1453	1169
1461	1169
1476	1169
1432	1173
1213	1179
1286	1179
1300	1179
1311	1179
1320	1179
1343	1179
1453	1179
1461	1179
1493	1179
1550	1182
1535	1201
1537	1201
1269	1206
1299	1206
1320	1206
1343	1206
1348	1206
1452	1206
1466	1206
1501	1207
1501	1212
1311	1213
1320	1213
1343	1213
1453	1213
1320	1214
1343	1214
1343	1218
1348	1218
1428	1218
1452	1218
1476	1218
1483	1218
1535	1218
1537	1218
1276	1226
1383	1226
1386	1226
1532	1226
1554	1226
1557	1226
1364	1236
1262	1242
1280	1245
1329	1245
1346	1245
1383	1253
1386	1253
1413	1253
1498	1253
1532	1253
1554	1253
1474	1254
1345	1257
1320	1269
1343	1269
1348	1269
1380	1269
1452	1269
1461	1269
1493	1269
1383	1276
1386	1276
1532	1276
1554	1276
1557	1276
1430	1279
1329	1280
1370	1282
1320	1286
1343	1286
1453	1286
1461	1286
1493	1286
1383	1290
1386	1290
1554	1290
1483	1291
1320	1298
1320	1299
1343	1299
1348	1299
1452	1299
1311	1300
1320	1300
1343	1300
1428	1300
1461	1300
1476	1300
1320	1311
1343	1311
1428	1311
1453	1311
1461	1311
1476	1311
1343	1320
1348	1320
1452	1320
1453	1320
1461	1320
1476	1320
1493	1320
1346	1329
1348	1343
1428	1343
1452	1343
1453	1343
1461	1343
1476	1343
1493	1343
1357	1344
1428	1348
1452	1348
1461	1348
1476	1348
1483	1348
1493	1348
1537	1348
1428	1364
1429	1370
1452	1380
1493	1380
1386	1383
1413	1383
1498	1383
1532	1383
1554	1383
1557	1383
1413	1386
1498	1386
1532	1386
1554	1386
1557	1386
1461	1403
1498	1413
1532	1413
1554	1413
1461	1428
1483	1428
1537	1428
1455	1451
1476	1452
1461	1453
1476	1453
1493	1453
1476	1461
1493	1461
1474	1472
1535	1483
1537	1483
1532	1498
1554	1498
1554	1532
1557	1532
1537	1535
1557	1554
