2	375
2	608
2	632
2	815
2	929
3	22
7	162
7	564
7	1205
9	988
10	1021
16	62
16	169
16	190
16	345
16	364
16	456
16	480
16	753
16	1061
16	1099
16	1150
16	1324
16	1408
19	661
24	99
24	801
24	1366
25	1193
25	1230
26	419
27	550
27	671
27	981
27	1010
27	1259
30	58
30	290
30	1109
31	100
31	112
31	135
31	150
31	169
31	214
31	229
31	246
31	312
31	552
31	562
31	857
31	870
31	914
31	917
31	926
31	960
31	1048
31	1056
31	1211
31	1259
31	1275
31	1343
31	1434
34	631
37	52
37	62
37	101
37	186
37	190
37	246
37	399
37	456
37	457
37	470
37	471
37	488
37	550
37	618
37	834
37	882
37	906
37	956
37	989
37	1010
37	1016
37	1072
37	1119
37	1127
37	1150
37	1189
37	1259
37	1355
37	1393
40	83
40	297
40	354
40	724
40	830
40	845
40	865
40	1034
40	1071
40	1105
40	1183
40	1276
47	432
47	1314
50	328
50	1094
50	1356
51	113
51	239
51	240
51	325
51	572
51	586
51	687
51	1064
51	1068
51	1142
51	1334
51	1359
52	62
52	101
52	186
52	190
52	246
52	399
52	456
52	457
52	470
52	471
52	488
52	550
52	834
52	882
52	989
52	1010
52	1016
52	1072
52	1119
52	1127
52	1189
52	1259
54	455
62	100
62	101
62	186
62	190
62	345
62	364
62	399
62	456
62	470
62	471
62	488
62	550
62	618
62	753
62	834
62	863
62	882
62	989
62	1010
62	1016
62	1072
62	1094
62	1119
62	1127
62	1135
62	1150
62	1189
62	1234
62	1259
62	1355
62	1386
62	1393
66	867
66	1011
66	1440
68	228
68	432
68	875
68	1425
69	87
71	273
71	279
71	598
71	1084
71	1394
73	1187
73	1231
73	1294
75	187
75	686
75	1196
75	1367
75	1401
78	190
83	297
83	354
83	652
83	724
83	830
83	845
83	865
83	1034
83	1071
83	1105
83	1276
87	535
95	210
95	215
95	241
95	270
95	532
95	579
95	673
95	712
95	744
95	824
95	1136
95	1147
95	1210
95	1264
95	1292
95	1320
95	1321
95	1363
95	1398
95	1454
96	216
96	1395
98	1301
98	1357
99	801
99	1366
100	112
100	131
100	169
100	183
100	214
100	246
100	345
100	399
100	470
100	471
100	488
100	547
100	550
100	552
100	612
100	753
100	834
100	882
100	914
100	917
100	960
100	1010
100	1016
100	1052
100	1072
100	1119
100	1127
100	1150
100	1156
100	1189
100	1259
100	1275
100	1355
100	1364
101	186
101	190
101	345
101	399
101	456
101	457
101	470
101	488
101	550
101	618
101	834
101	989
101	1016
101	1072
101	1119
101	1127
101	1150
106	302
106	317
106	336
106	578
106	963
109	284
109	531
112	169
112	183
112	214
112	246
112	914
112	1048
112	1056
112	1150
112	1156
112	1259
113	240
113	325
113	572
113	586
113	687
113	795
113	1064
113	1068
113	1142
113	1334
113	1359
123	297
123	1034
123	1071
123	1105
129	367
130	552
131	169
131	475
131	494
131	753
131	910
131	1094
131	1238
131	1259
131	1364
135	169
135	214
135	229
135	312
135	870
135	910
135	914
135	917
135	1056
135	1094
135	1192
136	231
136	644
136	777
136	781
136	947
137	160
137	979
141	149
141	314
141	540
141	958
141	1031
141	1036
141	1047
149	314
149	540
149	958
149	1031
149	1036
149	1047
150	169
150	214
150	246
150	552
150	562
150	857
150	870
150	914
150	917
150	926
150	1048
150	1056
150	1122
150	1275
150	1434
152	228
152	875
152	1425
160	979
162	564
162	1205
164	284
164	405
164	506
164	1116
164	1363
165	435
169	190
169	214
169	244
169	246
169	312
169	364
169	470
169	494
169	550
169	552
169	562
169	717
169	753
169	857
169	870
169	882
169	910
169	914
169	917
169	926
169	1010
169	1048
169	1056
169	1094
169	1099
169	1117
169	1119
169	1192
169	1259
169	1290
169	1315
169	1364
169	1434
173	622
176	902
179	1391
179	1423
183	246
183	399
183	539
183	547
183	1156
183	1259
186	190
186	246
186	345
186	384
186	399
186	456
186	457
186	470
186	480
186	488
186	550
186	555
186	753
186	834
186	882
186	960
186	989
186	1010
186	1016
186	1072
186	1119
186	1127
186	1134
186	1189
186	1259
186	1296
186	1355
186	1364
186	1386
186	1393
186	1416
187	686
187	1196
187	1367
190	246
190	345
190	380
190	399
190	456
190	457
190	470
190	471
190	480
190	488
190	550
190	555
190	618
190	671
190	753
190	754
190	834
190	882
190	989
190	1010
190	1016
190	1072
190	1094
190	1119
190	1127
190	1134
190	1150
190	1189
190	1234
190	1259
190	1296
190	1307
190	1355
190	1356
190	1386
190	1393
193	296
193	299
193	533
193	637
193	904
193	1374
197	333
197	358
197	432
197	904
197	1086
197	1145
197	1314
197	1383
197	1422
201	353
202	307
202	554
202	568
202	582
202	633
202	634
202	1214
202	1244
202	1453
205	483
207	221
210	472
210	532
210	579
210	673
210	1210
210	1292
210	1363
212	298
212	503
212	685
212	1331
214	246
214	312
214	552
214	562
214	857
214	870
214	914
214	917
214	1048
214	1056
214	1192
214	1211
214	1259
214	1315
215	241
215	712
215	824
215	1136
215	1147
215	1264
215	1292
215	1454
225	271
227	910
227	1100
228	432
228	494
228	875
228	977
228	1383
228	1425
231	644
231	777
231	947
234	729
239	240
239	325
239	687
239	1068
239	1142
239	1359
240	325
240	397
240	572
240	586
240	687
240	1064
240	1068
240	1142
240	1334
240	1359
241	712
241	824
241	1136
241	1147
241	1264
241	1454
244	252
244	364
244	384
244	480
244	555
244	629
244	863
244	874
244	878
244	882
244	937
244	1094
244	1117
244	1189
244	1290
244	1307
244	1343
244	1356
244	1364
244	1382
245	1095
246	345
246	399
246	456
246	470
246	488
246	494
246	539
246	550
246	552
246	612
246	753
246	754
246	834
246	870
246	882
246	914
246	917
246	960
246	981
246	989
246	999
246	1010
246	1016
246	1048
246	1052
246	1056
246	1072
246	1119
246	1127
246	1150
246	1156
246	1189
246	1192
246	1259
246	1275
246	1315
246	1355
246	1364
246	1386
246	1393
246	1453
247	616
252	364
252	384
252	550
252	629
252	797
252	863
252	874
252	1094
252	1117
252	1290
252	1307
252	1382
252	1399
270	744
270	1136
270	1292
270	1320
270	1321
270	1398
273	279
273	598
273	1032
273	1084
273	1394
274	955
279	598
279	1084
279	1394
284	405
284	506
284	531
284	1004
284	1116
284	1313
284	1363
286	477
286	557
286	854
286	864
288	391
288	548
288	850
288	941
288	1303
288	1390
288	1398
289	514
290	314
290	502
290	958
290	1264
290	1313
296	299
296	533
296	637
296	904
296	1374
297	354
297	652
297	724
297	830
297	845
297	865
297	1034
297	1071
297	1105
297	1183
297	1276
298	503
298	685
298	1331
299	533
299	637
299	904
299	1374
300	376
300	751
300	776
300	955
300	1349
302	317
302	336
302	578
302	963
307	554
307	568
307	582
307	633
307	634
307	1214
307	1244
307	1453
310	1447
312	416
312	717
312	857
312	914
312	1192
312	1259
314	540
314	958
314	1031
314	1036
314	1047
315	507
315	628
315	1166
315	1284
315	1342
316	879
317	336
317	578
317	963
321	455
325	572
325	586
325	687
325	1064
325	1068
325	1142
325	1334
325	1359
329	538
332	717
333	358
333	432
333	740
333	904
333	1145
333	1314
333	1422
336	578
340	562
340	1048
345	456
345	470
345	480
345	488
345	550
345	618
345	753
345	834
345	906
345	989
345	1010
345	1016
345	1072
345	1119
345	1150
345	1259
345	1364
345	1386
345	1393
353	879
353	1402
354	724
354	830
354	845
354	865
354	1034
354	1105
354	1183
354	1276
358	432
358	740
358	904
358	1086
358	1145
358	1282
358	1314
358	1422
360	631
364	384
364	470
364	480
364	629
364	797
364	800
364	863
364	874
364	878
364	882
364	910
364	917
364	937
364	1016
364	1094
364	1117
364	1134
364	1290
364	1307
364	1343
364	1356
364	1364
364	1382
364	1386
364	1399
366	912
370	919
370	1020
370	1148
371	1243
372	531
372	640
372	1141
372	1401
373	409
373	778
373	1033
376	751
376	776
376	955
376	1349
379	1411
380	470
380	1010
380	1393
380	1426
384	415
384	447
384	470
384	550
384	555
384	596
384	629
384	667
384	797
384	863
384	874
384	878
384	896
384	937
384	950
384	970
384	1094
384	1117
384	1134
384	1151
384	1290
384	1307
384	1343
384	1356
384	1364
384	1382
384	1393
384	1399
385	763
387	599
391	548
391	850
391	924
391	941
391	1061
391	1099
391	1303
391	1390
391	1408
395	442
397	1359
398	704
399	456
399	457
399	470
399	480
399	488
399	550
399	618
399	753
399	834
399	882
399	906
399	989
399	1010
399	1016
399	1072
399	1119
399	1127
399	1150
399	1189
399	1259
399	1296
399	1355
399	1393
405	506
405	1363
408	723
409	514
409	952
409	1444
414	650
415	596
415	667
415	797
415	863
415	950
415	1094
415	1134
415	1356
415	1399
418	906
418	983
418	1072
419	567
419	801
419	844
419	897
419	938
419	1162
419	1165
425	871
426	1204
427	464
427	560
427	1014
429	467
429	676
432	494
432	533
432	740
432	875
432	904
432	977
432	1086
432	1145
432	1282
432	1314
432	1383
432	1422
432	1425
437	904
438	695
445	514
446	1036
446	1199
446	1335
447	629
447	878
447	1094
447	1117
447	1356
447	1399
448	510
449	514
449	912
450	668
450	1302
451	502
454	1170
456	470
456	471
456	480
456	488
456	550
456	618
456	753
456	754
456	834
456	882
456	906
456	956
456	960
456	989
456	1010
456	1016
456	1072
456	1119
456	1127
456	1150
456	1189
456	1234
456	1259
456	1355
456	1368
456	1386
456	1393
457	471
457	488
457	550
457	808
457	882
457	989
457	1072
457	1127
464	560
464	1014
467	552
467	676
467	975
467	1013
467	1241
467	1266
468	710
470	471
470	480
470	488
470	536
470	550
470	555
470	618
470	629
470	753
470	834
470	882
470	906
470	950
470	960
470	989
470	1010
470	1016
470	1072
470	1119
470	1134
470	1259
470	1356
470	1386
470	1393
470	1399
471	480
471	488
471	550
471	618
471	834
471	955
471	1010
471	1016
471	1072
471	1119
471	1393
472	532
472	579
472	673
472	1210
473	1041
475	753
475	910
475	1174
475	1238
477	557
477	854
477	864
480	488
480	550
480	555
480	618
480	753
480	834
480	863
480	878
480	882
480	981
480	989
480	1010
480	1016
480	1072
480	1094
480	1119
480	1150
480	1189
480	1234
480	1259
480	1290
480	1356
480	1386
480	1393
485	504
485	934
485	986
485	1177
485	1256
486	660
486	1072
488	550
488	612
488	618
488	629
488	753
488	834
488	863
488	882
488	950
488	955
488	970
488	989
488	1010
488	1016
488	1072
488	1119
488	1127
488	1134
488	1150
488	1189
488	1259
488	1355
488	1356
488	1386
488	1393
494	753
494	875
494	917
494	977
494	1056
494	1259
494	1315
494	1364
494	1425
502	1313
503	528
503	685
503	1331
504	934
504	986
504	1177
504	1256
506	1116
506	1363
507	628
507	1166
507	1284
507	1342
508	802
509	914
514	912
514	1270
528	1398
531	640
531	1141
531	1401
532	579
532	673
532	1210
532	1292
532	1363
533	637
533	904
533	1374
533	1415
535	988
535	1319
536	834
539	1094
539	1156
540	958
540	1031
540	1036
540	1047
547	1098
548	850
548	941
548	1303
548	1390
550	612
550	618
550	753
550	834
550	863
550	882
550	906
550	960
550	981
550	989
550	1010
550	1016
550	1072
550	1094
550	1117
550	1119
550	1127
550	1135
550	1150
550	1189
550	1259
550	1288
550	1296
550	1355
550	1356
550	1364
550	1368
550	1386
550	1393
552	562
552	676
552	914
552	917
552	926
552	927
552	1048
552	1056
552	1094
552	1259
554	568
554	582
554	633
554	634
554	1214
554	1244
555	596
555	629
555	667
555	797
555	863
555	878
555	882
555	896
555	1094
555	1117
555	1134
555	1151
555	1290
555	1307
555	1343
555	1356
555	1364
555	1382
555	1393
555	1399
560	1014
561	1437
562	870
562	914
562	917
562	926
562	1048
562	1056
564	1205
567	618
567	801
567	844
567	897
567	938
567	989
567	1041
567	1162
567	1285
568	582
568	633
568	634
568	1214
568	1244
568	1453
572	681
572	687
572	1064
572	1068
572	1142
572	1334
572	1359
578	963
579	673
579	1210
579	1292
579	1363
582	633
582	634
582	1214
582	1244
586	687
586	795
586	1064
586	1068
586	1142
586	1359
594	912
596	667
596	797
596	896
596	1134
596	1151
596	1356
596	1399
598	628
598	1084
598	1166
598	1394
601	713
607	1100
608	632
608	732
608	1453
612	753
612	834
612	1016
612	1150
612	1259
612	1288
618	753
618	834
618	844
618	882
618	989
618	1010
618	1016
618	1072
618	1119
618	1150
618	1259
618	1355
618	1386
622	1300
628	1166
628	1284
628	1342
629	667
629	797
629	863
629	874
629	878
629	896
629	937
629	1094
629	1117
629	1134
629	1151
629	1290
629	1307
629	1343
629	1356
629	1364
629	1382
629	1399
632	929
632	1157
633	634
633	1214
633	1244
634	1214
634	1244
637	904
637	1374
640	1141
640	1401
644	777
644	947
651	1292
651	1320
651	1398
652	1071
652	1105
659	1104
661	923
665	1135
667	797
667	863
667	874
667	878
667	896
667	1094
667	1117
667	1134
667	1151
667	1290
667	1307
667	1356
667	1382
667	1399
668	1302
671	981
673	1210
673	1292
673	1363
676	686
676	816
676	975
676	1013
676	1241
676	1266
681	1142
685	1331
686	1196
686	1367
686	1401
687	1064
687	1068
687	1123
687	1142
687	1334
687	1359
694	723
706	1130
708	1388
712	824
712	1136
712	1147
712	1264
712	1454
716	1446
717	1094
724	830
724	845
724	865
724	1034
724	1071
724	1105
724	1276
726	1074
732	1052
739	1371
740	904
740	984
740	1145
740	1314
740	1422
742	1238
744	1136
744	1292
744	1320
744	1321
744	1398
751	776
751	1349
753	754
753	834
753	882
753	906
753	910
753	917
753	989
753	997
753	1010
753	1016
753	1052
753	1072
753	1119
753	1127
753	1150
753	1238
753	1259
753	1364
753	1369
754	834
754	1010
754	1150
754	1259
754	1426
756	1049
766	800
766	1240
776	1349
777	781
777	947
778	955
780	1422
792	1248
795	1334
795	1359
797	863
797	878
797	970
797	1094
797	1117
797	1134
797	1151
797	1290
797	1307
797	1356
797	1364
797	1382
797	1393
797	1399
800	1094
800	1117
800	1240
800	1343
801	844
801	897
801	938
801	989
801	1041
801	1162
801	1285
801	1366
815	929
815	1421
821	1396
821	1403
824	1136
824	1147
824	1264
824	1454
827	1000
830	845
830	865
830	1034
830	1071
830	1105
834	882
834	970
834	989
834	997
834	1010
834	1016
834	1072
834	1119
834	1127
834	1150
834	1189
834	1259
834	1368
834	1386
834	1393
838	1269
844	897
844	938
844	1041
844	1162
845	865
845	1034
845	1071
845	1105
848	977
850	941
850	1303
850	1390
851	951
851	1085
857	870
857	914
857	917
857	1048
857	1056
857	1259
860	1410
863	878
863	882
863	937
863	1094
863	1117
863	1134
863	1259
863	1290
863	1356
863	1364
863	1399
865	1034
865	1071
865	1105
865	1276
867	1011
867	1440
870	914
870	917
870	926
870	1048
870	1434
874	878
874	1094
874	1117
874	1290
874	1307
874	1343
874	1356
874	1382
875	904
875	977
875	1086
875	1383
875	1425
878	882
878	1094
878	1117
878	1134
878	1290
878	1307
878	1356
878	1364
878	1382
878	1399
882	981
882	989
882	1010
882	1016
882	1072
882	1094
882	1119
882	1127
882	1150
882	1189
882	1234
882	1259
882	1290
882	1355
882	1356
882	1364
882	1386
886	929
886	1229
896	912
896	1033
896	1151
896	1356
897	938
897	1041
897	1162
904	1086
904	1145
904	1282
904	1314
904	1383
904	1422
906	989
906	1010
906	1016
906	1119
906	1135
906	1259
906	1393
910	917
910	1094
910	1100
910	1192
912	1033
914	917
914	926
914	1048
914	1056
914	1259
914	1275
914	1315
914	1434
917	926
917	989
917	1048
917	1056
917	1094
917	1122
917	1258
917	1259
917	1315
917	1434
919	1020
919	1148
926	1048
926	1056
926	1122
926	1434
928	1439
929	1229
929	1269
929	1364
934	1177
934	1256
937	1094
937	1117
937	1290
937	1343
937	1356
937	1382
938	989
938	1041
938	1162
941	1303
941	1390
950	1356
950	1393
951	1085
956	1072
958	1031
958	1036
958	1047
960	999
960	1052
960	1072
960	1156
960	1238
960	1259
960	1393
968	1453
974	1328
975	1241
975	1266
977	1383
977	1422
977	1425
981	1016
981	1094
981	1150
981	1364
986	1177
986	1256
989	1010
989	1016
989	1041
989	1072
989	1094
989	1119
989	1127
989	1150
989	1189
989	1259
989	1355
989	1364
989	1386
989	1393
991	1071
997	1010
997	1259
999	1259
1010	1016
1010	1072
1010	1094
1010	1119
1010	1127
1010	1150
1010	1189
1010	1234
1010	1259
1010	1355
1010	1386
1010	1393
1011	1440
1013	1109
1013	1221
1013	1241
1013	1266
1016	1072
1016	1094
1016	1117
1016	1119
1016	1127
1016	1135
1016	1150
1016	1189
1016	1234
1016	1259
1016	1296
1016	1355
1016	1356
1016	1368
1016	1386
1016	1393
1018	1078
1020	1148
1031	1036
1031	1047
1032	1084
1034	1071
1034	1105
1034	1183
1034	1276
1036	1047
1036	1199
1036	1335
1036	1363
1048	1056
1048	1122
1048	1259
1048	1275
1048	1434
1052	1259
1052	1453
1056	1122
1056	1211
1056	1259
1056	1434
1060	1072
1061	1099
1061	1171
1061	1324
1061	1408
1064	1068
1064	1142
1064	1334
1064	1359
1068	1142
1068	1359
1071	1105
1072	1119
1072	1127
1072	1150
1072	1189
1072	1259
1072	1386
1084	1394
1086	1314
1086	1383
1086	1422
1094	1117
1094	1119
1094	1134
1094	1192
1094	1234
1094	1259
1094	1290
1094	1307
1094	1343
1094	1356
1094	1364
1094	1382
1094	1386
1094	1399
1098	1337
1099	1171
1099	1324
1099	1408
1105	1183
1105	1276
1107	1140
1109	1221
1112	1270
1116	1363
1117	1134
1117	1290
1117	1307
1117	1343
1117	1356
1117	1364
1117	1382
1117	1386
1117	1399
1119	1127
1119	1150
1119	1189
1119	1217
1119	1234
1119	1259
1119	1355
1119	1368
1119	1386
1119	1393
1119	1426
1122	1434
1127	1150
1127	1189
1127	1259
1127	1355
1127	1369
1127	1416
1131	1261
1134	1151
1134	1290
1134	1307
1134	1356
1134	1382
1134	1399
1136	1147
1136	1264
1136	1292
1136	1320
1136	1321
1136	1398
1136	1454
1141	1401
1142	1334
1142	1359
1145	1314
1145	1422
1147	1264
1147	1292
1147	1454
1150	1189
1150	1259
1150	1355
1150	1364
1151	1356
1151	1399
1156	1275
1162	1285
1166	1284
1166	1342
1167	1215
1171	1324
1171	1408
1177	1256
1187	1231
1187	1294
1189	1234
1189	1259
1189	1290
1189	1355
1189	1364
1189	1393
1196	1367
1196	1401
1199	1335
1199	1363
1210	1292
1210	1363
1214	1244
1229	1269
1231	1294
1234	1290
1234	1368
1238	1308
1241	1266
1258	1434
1259	1315
1259	1355
1259	1364
1259	1386
1259	1393
1264	1292
1264	1313
1264	1454
1282	1383
1284	1342
1290	1307
1290	1343
1290	1356
1290	1364
1290	1382
1290	1399
1292	1320
1292	1321
1292	1398
1292	1454
1301	1357
1303	1390
1307	1343
1307	1356
1307	1364
1307	1382
1314	1383
1314	1422
1315	1434
1320	1321
1320	1398
1321	1398
1324	1408
1334	1359
1343	1356
1343	1382
1354	1358
1356	1364
1356	1382
1356	1393
1356	1399
1356	1426
1364	1382
1364	1393
1364	1399
1364	1426
1367	1401
1368	1393
1382	1399
1383	1422
1383	1425
1386	1426
1391	1423
1393	1399
1396	1403
1422	1425
375	2
608	2
632	2
815	2
929	2
22	3
162	7
564	7
1205	7
988	9
1021	10
62	16
169	16
190	16
345	16
364	16
456	16
480	16
753	16
1061	16
1099	16
1150	16
1324	16
1408	16
661	19
99	24
801	24
1366	24
1193	25
1230	25
419	26
550	27
671	27
981	27
1010	27
1259	27
58	30
290	30
1109	30
100	31
112	31
135	31
150	31
169	31
214	31
229	31
246	31
312	31
552	31
562	31
857	31
870	31
914	31
917	31
926	31
960	31
1048	31
1056	31
1211	31
1259	31
1275	31
1343	31
1434	31
631	34
52	37
62	37
101	37
186	37
190	37
246	37
399	37
456	37
457	37
470	37
471	37
488	37
550	37
618	37
834	37
882	37
906	37
956	37
989	37
1010	37
1016	37
1072	37
1119	37
1127	37
1150	37
1189	37
1259	37
1355	37
1393	37
83	40
297	40
354	40
724	40
830	40
845	40
865	40
1034	40
1071	40
1105	40
1183	40
1276	40
432	47
1314	47
328	50
1094	50
1356	50
113	51
239	51
240	51
325	51
572	51
586	51
687	51
1064	51
1068	51
1142	51
1334	51
1359	51
62	52
101	52
186	52
190	52
246	52
399	52
456	52
457	52
470	52
471	52
488	52
550	52
834	52
882	52
989	52
1010	52
1016	52
1072	52
1119	52
1127	52
1189	52
1259	52
455	54
100	62
101	62
186	62
190	62
345	62
364	62
399	62
456	62
470	62
471	62
488	62
550	62
618	62
753	62
834	62
863	62
882	62
989	62
1010	62
1016	62
1072	62
1094	62
1119	62
1127	62
1135	62
1150	62
1189	62
1234	62
1259	62
1355	62
1386	62
1393	62
867	66
1011	66
1440	66
228	68
432	68
875	68
1425	68
87	69
273	71
279	71
598	71
1084	71
1394	71
1187	73
1231	73
1294	73
187	75
686	75
1196	75
1367	75
1401	75
190	78
297	83
354	83
652	83
724	83
830	83
845	83
865	83
1034	83
1071	83
1105	83
1276	83
535	87
210	95
215	95
241	95
270	95
532	95
579	95
673	95
712	95
744	95
824	95
1136	95
1147	95
1210	95
1264	95
1292	95
1320	95
1321	95
1363	95
1398	95
1454	95
216	96
1395	96
1301	98
1357	98
801	99
1366	99
112	100
131	100
169	100
183	100
214	100
246	100
345	100
399	100
470	100
471	100
488	100
547	100
550	100
552	100
612	100
753	100
834	100
882	100
914	100
917	100
960	100
1010	100
1016	100
1052	100
1072	100
1119	100
1127	100
1150	100
1156	100
1189	100
1259	100
1275	100
1355	100
1364	100
186	101
190	101
345	101
399	101
456	101
457	101
470	101
488	101
550	101
618	101
834	101
989	101
1016	101
1072	101
1119	101
1127	101
1150	101
302	106
317	106
336	106
578	106
963	106
284	109
531	109
169	112
183	112
214	112
246	112
914	112
1048	112
1056	112
1150	112
1156	112
1259	112
240	113
325	113
572	113
586	113
687	113
795	113
1064	113
1068	113
1142	113
1334	113
1359	113
297	123
1034	123
1071	123
1105	123
367	129
552	130
169	131
475	131
494	131
753	131
910	131
1094	131
1238	131
1259	131
1364	131
169	135
214	135
229	135
312	135
870	135
910	135
914	135
917	135
1056	135
1094	135
1192	135
231	136
644	136
777	136
781	136
947	136
160	137
979	137
149	141
314	141
540	141
958	141
1031	141
1036	141
1047	141
314	149
540	149
958	149
1031	149
1036	149
1047	149
169	150
214	150
246	150
552	150
562	150
857	150
870	150
914	150
917	150
926	150
1048	150
1056	150
1122	150
1275	150
1434	150
228	152
875	152
1425	152
979	160
564	162
1205	162
284	164
405	164
506	164
1116	164
1363	164
435	165
190	169
214	169
244	169
246	169
312	169
364	169
470	169
494	169
550	169
552	169
562	169
717	169
753	169
857	169
870	169
882	169
910	169
914	169
917	169
926	169
1010	169
1048	169
1056	169
1094	169
1099	169
1117	169
1119	169
1192	169
1259	169
1290	169
1315	169
1364	169
1434	169
622	173
902	176
1391	179
1423	179
246	183
399	183
539	183
547	183
1156	183
1259	183
190	186
246	186
345	186
384	186
399	186
456	186
457	186
470	186
480	186
488	186
550	186
555	186
753	186
834	186
882	186
960	186
989	186
1010	186
1016	186
1072	186
1119	186
1127	186
1134	186
1189	186
1259	186
1296	186
1355	186
1364	186
1386	186
1393	186
1416	186
686	187
1196	187
1367	187
246	190
345	190
380	190
399	190
456	190
457	190
470	190
471	190
480	190
488	190
550	190
555	190
618	190
671	190
753	190
754	190
834	190
882	190
989	190
1010	190
1016	190
1072	190
1094	190
1119	190
1127	190
1134	190
1150	190
1189	190
1234	190
1259	190
1296	190
1307	190
1355	190
1356	190
1386	190
1393	190
296	193
299	193
533	193
637	193
904	193
1374	193
333	197
358	197
432	197
904	197
1086	197
1145	197
1314	197
1383	197
1422	197
353	201
307	202
554	202
568	202
582	202
633	202
634	202
1214	202
1244	202
1453	202
483	205
221	207
472	210
532	210
579	210
673	210
1210	210
1292	210
1363	210
298	212
503	212
685	212
1331	212
246	214
312	214
552	214
562	214
857	214
870	214
914	214
917	214
1048	214
1056	214
1192	214
1211	214
1259	214
1315	214
241	215
712	215
824	215
1136	215
1147	215
1264	215
1292	215
1454	215
271	225
910	227
1100	227
432	228
494	228
875	228
977	228
1383	228
1425	228
644	231
777	231
947	231
729	234
240	239
325	239
687	239
1068	239
1142	239
1359	239
325	240
397	240
572	240
586	240
687	240
1064	240
1068	240
1142	240
1334	240
1359	240
712	241
824	241
1136	241
1147	241
1264	241
1454	241
252	244
364	244
384	244
480	244
555	244
629	244
863	244
874	244
878	244
882	244
937	244
1094	244
1117	244
1189	244
1290	244
1307	244
1343	244
1356	244
1364	244
1382	244
1095	245
345	246
399	246
456	246
470	246
488	246
494	246
539	246
550	246
552	246
612	246
753	246
754	246
834	246
870	246
882	246
914	246
917	246
960	246
981	246
989	246
999	246
1010	246
1016	246
1048	246
1052	246
1056	246
1072	246
1119	246
1127	246
1150	246
1156	246
1189	246
1192	246
1259	246
1275	246
1315	246
1355	246
1364	246
1386	246
1393	246
1453	246
616	247
364	252
384	252
550	252
629	252
797	252
863	252
874	252
1094	252
1117	252
1290	252
1307	252
1382	252
1399	252
744	270
1136	270
1292	270
1320	270
1321	270
1398	270
279	273
598	273
1032	273
1084	273
1394	273
955	274
598	279
1084	279
1394	279
405	284
506	284
531	284
1004	284
1116	284
1313	284
1363	284
477	286
557	286
854	286
864	286
391	288
548	288
850	288
941	288
1303	288
1390	288
1398	288
514	289
314	290
502	290
958	290
1264	290
1313	290
299	296
533	296
637	296
904	296
1374	296
354	297
652	297
724	297
830	297
845	297
865	297
1034	297
1071	297
1105	297
1183	297
1276	297
503	298
685	298
1331	298
533	299
637	299
904	299
1374	299
376	300
751	300
776	300
955	300
1349	300
317	302
336	302
578	302
963	302
554	307
568	307
582	307
633	307
634	307
1214	307
1244	307
1453	307
1447	310
416	312
717	312
857	312
914	312
1192	312
1259	312
540	314
958	314
1031	314
1036	314
1047	314
507	315
628	315
1166	315
1284	315
1342	315
879	316
336	317
578	317
963	317
455	321
572	325
586	325
687	325
1064	325
1068	325
1142	325
1334	325
1359	325
538	329
717	332
358	333
432	333
740	333
904	333
1145	333
1314	333
1422	333
578	336
562	340
1048	340
456	345
470	345
480	345
488	345
550	345
618	345
753	345
834	345
906	345
989	345
1010	345
1016	345
1072	345
1119	345
1150	345
1259	345
1364	345
1386	345
1393	345
879	353
1402	353
724	354
830	354
845	354
865	354
1034	354
1105	354
1183	354
1276	354
432	358
740	358
904	358
1086	358
1145	358
1282	358
1314	358
1422	358
631	360
384	364
470	364
480	364
629	364
797	364
800	364
863	364
874	364
878	364
882	364
910	364
917	364
937	364
1016	364
1094	364
1117	364
1134	364
1290	364
1307	364
1343	364
1356	364
1364	364
1382	364
1386	364
1399	364
912	366
919	370
1020	370
1148	370
1243	371
531	372
640	372
1141	372
1401	372
409	373
778	373
1033	373
751	376
776	376
955	376
1349	376
1411	379
470	380
1010	380
1393	380
1426	380
415	384
447	384
470	384
550	384
555	384
596	384
629	384
667	384
797	384
863	384
874	384
878	384
896	384
937	384
950	384
970	384
1094	384
1117	384
1134	384
1151	384
1290	384
1307	384
1343	384
1356	384
1364	384
1382	384
1393	384
1399	384
763	385
599	387
548	391
850	391
924	391
941	391
1061	391
1099	391
1303	391
1390	391
1408	391
442	395
1359	397
704	398
456	399
457	399
470	399
480	399
488	399
550	399
618	399
753	399
834	399
882	399
906	399
989	399
1010	399
1016	399
1072	399
1119	399
1127	399
1150	399
1189	399
1259	399
1296	399
1355	399
1393	399
506	405
1363	405
723	408
514	409
952	409
1444	409
650	414
596	415
667	415
797	415
863	415
950	415
1094	415
1134	415
1356	415
1399	415
906	418
983	418
1072	418
567	419
801	419
844	419
897	419
938	419
1162	419
1165	419
871	425
1204	426
464	427
560	427
1014	427
467	429
676	429
494	432
533	432
740	432
875	432
904	432
977	432
1086	432
1145	432
1282	432
1314	432
1383	432
1422	432
1425	432
904	437
695	438
514	445
1036	446
1199	446
1335	446
629	447
878	447
1094	447
1117	447
1356	447
1399	447
510	448
514	449
912	449
668	450
1302	450
502	451
1170	454
470	456
471	456
480	456
488	456
550	456
618	456
753	456
754	456
834	456
882	456
906	456
956	456
960	456
989	456
1010	456
1016	456
1072	456
1119	456
1127	456
1150	456
1189	456
1234	456
1259	456
1355	456
1368	456
1386	456
1393	456
471	457
488	457
550	457
808	457
882	457
989	457
1072	457
1127	457
560	464
1014	464
552	467
676	467
975	467
1013	467
1241	467
1266	467
710	468
471	470
480	470
488	470
536	470
550	470
555	470
618	470
629	470
753	470
834	470
882	470
906	470
950	470
960	470
989	470
1010	470
1016	470
1072	470
1119	470
1134	470
1259	470
1356	470
1386	470
1393	470
1399	470
480	471
488	471
550	471
618	471
834	471
955	471
1010	471
1016	471
1072	471
1119	471
1393	471
532	472
579	472
673	472
1210	472
1041	473
753	475
910	475
1174	475
1238	475
557	477
854	477
864	477
488	480
550	480
555	480
618	480
753	480
834	480
863	480
878	480
882	480
981	480
989	480
1010	480
1016	480
1072	480
1094	480
1119	480
1150	480
1189	480
1234	480
1259	480
1290	480
1356	480
1386	480
1393	480
504	485
934	485
986	485
1177	485
1256	485
660	486
1072	486
550	488
612	488
618	488
629	488
753	488
834	488
863	488
882	488
950	488
955	488
970	488
989	488
1010	488
1016	488
1072	488
1119	488
1127	488
1134	488
1150	488
1189	488
1259	488
1355	488
1356	488
1386	488
1393	488
753	494
875	494
917	494
977	494
1056	494
1259	494
1315	494
1364	494
1425	494
1313	502
528	503
685	503
1331	503
934	504
986	504
1177	504
1256	504
1116	506
1363	506
628	507
1166	507
1284	507
1342	507
802	508
914	509
912	514
1270	514
1398	528
640	531
1141	531
1401	531
579	532
673	532
1210	532
1292	532
1363	532
637	533
904	533
1374	533
1415	533
988	535
1319	535
834	536
1094	539
1156	539
958	540
1031	540
1036	540
1047	540
1098	547
850	548
941	548
1303	548
1390	548
612	550
618	550
753	550
834	550
863	550
882	550
906	550
960	550
981	550
989	550
1010	550
1016	550
1072	550
1094	550
1117	550
1119	550
1127	550
1135	550
1150	550
1189	550
1259	550
1288	550
1296	550
1355	550
1356	550
1364	550
1368	550
1386	550
1393	550
562	552
676	552
914	552
917	552
926	552
927	552
1048	552
1056	552
1094	552
1259	552
568	554
582	554
633	554
634	554
1214	554
1244	554
596	555
629	555
667	555
797	555
863	555
878	555
882	555
896	555
1094	555
1117	555
1134	555
1151	555
1290	555
1307	555
1343	555
1356	555
1364	555
1382	555
1393	555
1399	555
1014	560
1437	561
870	562
914	562
917	562
926	562
1048	562
1056	562
1205	564
618	567
801	567
844	567
897	567
938	567
989	567
1041	567
1162	567
1285	567
582	568
633	568
634	568
1214	568
1244	568
1453	568
681	572
687	572
1064	572
1068	572
1142	572
1334	572
1359	572
963	578
673	579
1210	579
1292	579
1363	579
633	582
634	582
1214	582
1244	582
687	586
795	586
1064	586
1068	586
1142	586
1359	586
912	594
667	596
797	596
896	596
1134	596
1151	596
1356	596
1399	596
628	598
1084	598
1166	598
1394	598
713	601
1100	607
632	608
732	608
1453	608
753	612
834	612
1016	612
1150	612
1259	612
1288	612
753	618
834	618
844	618
882	618
989	618
1010	618
1016	618
1072	618
1119	618
1150	618
1259	618
1355	618
1386	618
1300	622
1166	628
1284	628
1342	628
667	629
797	629
863	629
874	629
878	629
896	629
937	629
1094	629
1117	629
1134	629
1151	629
1290	629
1307	629
1343	629
1356	629
1364	629
1382	629
1399	629
929	632
1157	632
634	633
1214	633
1244	633
1214	634
1244	634
904	637
1374	637
1141	640
1401	640
777	644
947	644
1292	651
1320	651
1398	651
1071	652
1105	652
1104	659
923	661
1135	665
797	667
863	667
874	667
878	667
896	667
1094	667
1117	667
1134	667
1151	667
1290	667
1307	667
1356	667
1382	667
1399	667
1302	668
981	671
1210	673
1292	673
1363	673
686	676
816	676
975	676
1013	676
1241	676
1266	676
1142	681
1331	685
1196	686
1367	686
1401	686
1064	687
1068	687
1123	687
1142	687
1334	687
1359	687
723	694
1130	706
1388	708
824	712
1136	712
1147	712
1264	712
1454	712
1446	716
1094	717
830	724
845	724
865	724
1034	724
1071	724
1105	724
1276	724
1074	726
1052	732
1371	739
904	740
984	740
1145	740
1314	740
1422	740
1238	742
1136	744
1292	744
1320	744
1321	744
1398	744
776	751
1349	751
754	753
834	753
882	753
906	753
910	753
917	753
989	753
997	753
1010	753
1016	753
1052	753
1072	753
1119	753
1127	753
1150	753
1238	753
1259	753
1364	753
1369	753
834	754
1010	754
1150	754
1259	754
1426	754
1049	756
800	766
1240	766
1349	776
781	777
947	777
955	778
1422	780
1248	792
1334	795
1359	795
863	797
878	797
970	797
1094	797
1117	797
1134	797
1151	797
1290	797
1307	797
1356	797
1364	797
1382	797
1393	797
1399	797
1094	800
1117	800
1240	800
1343	800
844	801
897	801
938	801
989	801
1041	801
1162	801
1285	801
1366	801
929	815
1421	815
1396	821
1403	821
1136	824
1147	824
1264	824
1454	824
1000	827
845	830
865	830
1034	830
1071	830
1105	830
882	834
970	834
989	834
997	834
1010	834
1016	834
1072	834
1119	834
1127	834
1150	834
1189	834
1259	834
1368	834
1386	834
1393	834
1269	838
897	844
938	844
1041	844
1162	844
865	845
1034	845
1071	845
1105	845
977	848
941	850
1303	850
1390	850
951	851
1085	851
870	857
914	857
917	857
1048	857
1056	857
1259	857
1410	860
878	863
882	863
937	863
1094	863
1117	863
1134	863
1259	863
1290	863
1356	863
1364	863
1399	863
1034	865
1071	865
1105	865
1276	865
1011	867
1440	867
914	870
917	870
926	870
1048	870
1434	870
878	874
1094	874
1117	874
1290	874
1307	874
1343	874
1356	874
1382	874
904	875
977	875
1086	875
1383	875
1425	875
882	878
1094	878
1117	878
1134	878
1290	878
1307	878
1356	878
1364	878
1382	878
1399	878
981	882
989	882
1010	882
1016	882
1072	882
1094	882
1119	882
1127	882
1150	882
1189	882
1234	882
1259	882
1290	882
1355	882
1356	882
1364	882
1386	882
929	886
1229	886
912	896
1033	896
1151	896
1356	896
938	897
1041	897
1162	897
1086	904
1145	904
1282	904
1314	904
1383	904
1422	904
989	906
1010	906
1016	906
1119	906
1135	906
1259	906
1393	906
917	910
1094	910
1100	910
1192	910
1033	912
917	914
926	914
1048	914
1056	914
1259	914
1275	914
1315	914
1434	914
926	917
989	917
1048	917
1056	917
1094	917
1122	917
1258	917
1259	917
1315	917
1434	917
1020	919
1148	919
1048	926
1056	926
1122	926
1434	926
1439	928
1229	929
1269	929
1364	929
1177	934
1256	934
1094	937
1117	937
1290	937
1343	937
1356	937
1382	937
989	938
1041	938
1162	938
1303	941
1390	941
1356	950
1393	950
1085	951
1072	956
1031	958
1036	958
1047	958
999	960
1052	960
1072	960
1156	960
1238	960
1259	960
1393	960
1453	968
1328	974
1241	975
1266	975
1383	977
1422	977
1425	977
1016	981
1094	981
1150	981
1364	981
1177	986
1256	986
1010	989
1016	989
1041	989
1072	989
1094	989
1119	989
1127	989
1150	989
1189	989
1259	989
1355	989
1364	989
1386	989
1393	989
1071	991
1010	997
1259	997
1259	999
1016	1010
1072	1010
1094	1010
1119	1010
1127	1010
1150	1010
1189	1010
1234	1010
1259	1010
1355	1010
1386	1010
1393	1010
1440	1011
1109	1013
1221	1013
1241	1013
1266	1013
1072	1016
1094	1016
1117	1016
1119	1016
1127	1016
1135	1016
1150	1016
1189	1016
1234	1016
1259	1016
1296	1016
1355	1016
1356	1016
1368	1016
1386	1016
1393	1016
1078	1018
1148	1020
1036	1031
1047	1031
1084	1032
1071	1034
1105	1034
1183	1034
1276	1034
1047	1036
1199	1036
1335	1036
1363	1036
1056	1048
1122	1048
1259	1048
1275	1048
1434	1048
1259	1052
1453	1052
1122	1056
1211	1056
1259	1056
1434	1056
1072	1060
1099	1061
1171	1061
1324	1061
1408	1061
1068	1064
1142	1064
1334	1064
1359	1064
1142	1068
1359	1068
1105	1071
1119	1072
1127	1072
1150	1072
1189	1072
1259	1072
1386	1072
1394	1084
1314	1086
1383	1086
1422	1086
1117	1094
1119	1094
1134	1094
1192	1094
1234	1094
1259	1094
1290	1094
1307	1094
1343	1094
1356	1094
1364	1094
1382	1094
1386	1094
1399	1094
1337	1098
1171	1099
1324	1099
1408	1099
1183	1105
1276	1105
1140	1107
1221	1109
1270	1112
1363	1116
1134	1117
1290	1117
1307	1117
1343	1117
1356	1117
1364	1117
1382	1117
1386	1117
1399	1117
1127	1119
1150	1119
1189	1119
1217	1119
1234	1119
1259	1119
1355	1119
1368	1119
1386	1119
1393	1119
1426	1119
1434	1122
1150	1127
1189	1127
1259	1127
1355	1127
1369	1127
1416	1127
1261	1131
1151	1134
1290	1134
1307	1134
1356	1134
1382	1134
1399	1134
1147	1136
1264	1136
1292	1136
1320	1136
1321	1136
1398	1136
1454	1136
1401	1141
1334	1142
1359	1142
1314	1145
1422	1145
1264	1147
1292	1147
1454	1147
1189	1150
1259	1150
1355	1150
1364	1150
1356	1151
1399	1151
1275	1156
1285	1162
1284	1166
1342	1166
1215	1167
1324	1171
1408	1171
1256	1177
1231	1187
1294	1187
1234	1189
1259	1189
1290	1189
1355	1189
1364	1189
1393	1189
1367	1196
1401	1196
1335	1199
1363	1199
1292	1210
1363	1210
1244	1214
1269	1229
1294	1231
1290	1234
1368	1234
1308	1238
1266	1241
1434	1258
1315	1259
1355	1259
1364	1259
1386	1259
1393	1259
1292	1264
1313	1264
1454	1264
1383	1282
1342	1284
1307	1290
1343	1290
1356	1290
1364	1290
1382	1290
1399	1290
1320	1292
1321	1292
1398	1292
1454	1292
1357	1301
1390	1303
1343	1307
1356	1307
1364	1307
1382	1307
1383	1314
1422	1314
1434	1315
1321	1320
1398	1320
1398	1321
1408	1324
1359	1334
1356	1343
1382	1343
1358	1354
1364	1356
1382	1356
1393	1356
1399	1356
1426	1356
1382	1364
1393	1364
1399	1364
1426	1364
1401	1367
1393	1368
1399	1382
1422	1383
1425	1383
1426	1386
1423	1391
1399	1393
1403	1396
1425	1422
