3227	3712
2761	2981
2761	3230
3238	1497
2419	1947
3677	1302
3677	694
3677	558
2841	289
2841	4381
2841	3400
2972	3557
2972	1057
2972	3841
2972	2362
2972	3230
2972	3730
2596	704
2596	763
1342	3252
1342	2237
1342	320
1342	3616
1342	2735
1342	2178
1342	418
1342	4297
1342	3975
1342	524
1342	1257
1342	990
1342	795
1342	4099
1342	3596
1342	3517
1342	1824
1342	2122
1342	1649
1342	1109
1342	3001
1035	857
1035	3852
1035	1985
1035	652
1035	4253
1035	385
1035	1106
1035	1784
1035	993
1035	1801
1035	318
3399	2903
3399	2813
3399	2594
3399	1070
3399	1963
3399	1345
3246	3136
278	1070
2417	558
2417	2970
857	1300
857	1784
857	4381
857	1801
857	318
459	1355
459	2365
704	2924
704	3060
704	3125
704	289
704	3582
704	4155
704	211
704	812
704	2528
704	4169
704	4104
704	4209
704	1999
704	25
704	1797
704	2472
704	2795
704	3273
3384	3811
1168	181
764	4297
764	3230
855	335
855	600
855	2195
855	1296
855	3761
3852	3732
3852	3061
2823	3203
2823	3643
2823	3004
2823	3230
2823	2276
2823	1963
3252	2735
3252	3517
202	3284
890	4297
890	1963
1422	2707
1422	2843
287	1718
1518	3781
1518	2528
4407	3402
4407	3502
4407	1486
345	3688
345	2405
345	1457
4444	1081
3541	2837
3541	786
3541	1985
3541	1963
2837	786
2837	1985
2837	1302
2837	1623
786	1985
2569	1947
393	4264
393	1478
2729	335
2729	2405
335	3297
335	4228
335	1990
335	1481
335	793
335	4357
335	3060
335	723
335	2903
335	3413
335	167
335	68
335	2786
335	1876
335	637
335	4395
335	2562
335	218
335	1881
335	3061
335	3568
3297	4228
3297	1663
3297	3221
3297	2958
3297	4169
3297	1081
1990	2552
1990	3310
105	2379
2539	4029
3484	2189
3484	1947
3484	2735
3484	1742
3484	1693
3484	4123
3484	2518
3484	819
3484	3261
3484	990
3484	3596
3484	159
3484	41
3484	1869
2379	2405
190	1712
4454	1357
4454	4256
4454	1967
2070	3024
2070	3693
3024	3693
3024	2405
1481	452
1481	3230
3693	1947
3693	244
3693	694
3679	528
629	2003
629	716
629	1623
1870	1505
3218	828
828	536
793	1921
793	2354
793	1441
1965	318
1965	3291
2237	1573
2237	864
2237	863
2237	524
2237	811
2805	702
3947	524
3879	289
3423	2405
3423	401
3423	3609
1663	2540
2491	2958
2491	3243
4357	1676
4449	1109
3060	3235
3060	723
3060	1676
3060	743
3060	2455
3060	1573
3060	3548
3060	812
3060	4248
3060	3471
3060	2203
3060	1680
3060	3959
3060	3480
3060	2201
3060	1497
3060	4209
3060	3198
3060	159
3060	1556
3060	887
3060	378
3060	2822
3060	3273
3060	3325
3060	3964
3060	4238
1376	2811
1376	1286
1376	1937
1376	558
1376	3137
609	289
609	4248
609	2201
609	3061
987	319
987	3192
3043	3382
3646	2429
3646	652
4323	2429
4323	2405
2429	186
2429	4176
2429	2466
2429	662
186	1381
186	4311
186	1573
186	3230
186	558
186	3136
4176	1237
4176	3385
2466	1381
3608	895
429	1995
429	3192
2111	1505
208	683
208	2336
2189	4448
2189	2936
2189	80
2189	3975
2189	3264
2189	158
2189	1620
2189	3001
1290	289
1290	3801
2048	2050
2048	3203
2048	159
2048	4381
2048	2292
2048	1963
2048	3483
3049	945
3049	1006
3049	4079
320	289
320	2287
320	3975
320	1570
320	1824
4204	4240
4204	289
4204	806
4204	1799
4240	2394
4240	2726
4240	3480
4240	2660
4240	1194
4240	1496
2021	2098
2021	1505
2021	839
2375	1381
2375	3187
2375	3413
2375	3040
3986	2838
1809	694
1809	558
420	2528
420	4209
420	2775
420	3153
3712	1040
1300	773
1300	2139
1300	613
1300	2936
1300	710
1300	727
1300	715
1300	1824
1300	102
1300	2043
773	2943
773	3445
773	3634
773	710
773	195
773	1824
773	2871
2357	2958
3616	289
3616	722
3616	418
3616	3264
2139	2977
2139	418
2139	3264
2139	2660
2139	3083
2943	51
2943	945
3445	289
3445	3847
2707	2354
1779	1619
4179	3074
4179	4437
1295	3074
1295	2354
1295	2680
1295	4196
4435	1947
4435	289
4435	1537
4435	1819
4435	990
4435	1869
2524	4311
2524	418
410	2406
410	289
410	2405
410	2094
410	4381
2406	289
1947	4200
1947	3781
1947	2223
1947	751
1947	1563
1947	812
1947	2300
1947	3975
1947	3264
1947	4248
1947	3471
1947	1434
1947	1093
1947	1541
1947	4231
1947	474
1947	1257
1947	2281
1947	4209
1947	4161
1947	2846
1947	534
1947	2136
1947	549
1947	745
1947	937
1947	1317
1947	1609
3621	289
3621	2903
2049	652
2049	426
2049	407
2049	3975
2049	12
2049	300
2049	116
2049	413
4200	1126
4200	167
4200	1693
4200	2518
4200	3351
4200	1317
3125	3215
3125	2405
3937	1543
3937	1040
3937	2226
4250	3175
4250	1296
4250	3129
4250	1163
2381	3254
2381	936
2381	4232
1725	564
3215	2416
2184	1488
2184	807
2184	757
2184	1296
2184	318
2184	116
452	2394
452	2981
452	415
452	3643
452	694
2394	2981
2394	3195
2394	4134
2394	415
2394	1876
2394	694
2394	3400
2394	1881
1381	3428
1381	826
1381	2405
1381	2565
1381	259
1381	1038
62	1660
62	664
1488	289
1488	2195
1488	2518
1488	4224
1488	783
3893	4381
1985	1126
1985	4209
1985	1285
1985	378
2977	2178
2977	4296
2977	558
2977	340
289	3187
289	2317
289	268
289	1673
289	643
289	2897
289	4311
289	3195
289	3044
289	3864
289	4397
289	1660
289	743
289	4261
289	1983
289	2287
289	86
289	418
289	3972
289	2405
289	4416
289	1771
289	1027
289	21
289	3214
289	2767
289	1494
289	3971
289	2906
289	4169
289	710
289	783
289	604
289	3919
289	158
289	2110
289	3490
289	2540
289	1876
289	3847
289	1160
289	2698
289	2800
289	2806
289	965
289	1834
289	3121
289	2746
289	2775
289	811
289	2874
289	3191
289	1733
289	2875
289	3062
289	726
289	25
289	541
289	590
289	862
289	1190
289	1979
289	2238
289	2399
289	2683
289	2877
289	2879
289	2920
289	3050
289	3176
289	3459
289	3651
289	3774
289	3886
289	1799
289	906
652	2455
652	1213
652	1497
652	1031
652	2836
823	2359
823	2556
823	4296
823	3855
2981	415
2981	694
322	1405
1314	625
1314	2317
1314	2800
1314	945
514	2405
625	536
625	4311
625	3898
625	2816
625	2813
625	3022
625	528
625	2800
625	945
625	387
625	2838
625	906
4337	808
3187	743
3187	525
3187	2231
2317	2699
2317	2562
536	743
536	648
536	1514
536	1505
536	3855
536	259
536	485
536	1120
536	1404
536	3842
1500	3195
1500	3828
1500	1491
1500	632
1500	1553
1500	2620
1205	4171
1287	2050
1287	2620
382	2936
382	783
382	2201
382	2856
884	2100
3557	1921
3557	1892
2251	4297
2251	2405
2251	760
2251	3061
3319	3195
3319	4416
4085	1159
4085	1340
723	1573
723	2958
723	1457
3663	2518
455	2518
455	4300
2050	3828
2050	546
2050	3388
2050	864
2050	80
2050	2445
2050	2742
2050	3460
2050	3611
2050	670
2050	1553
2050	1285
2050	1905
2050	2517
2050	984
2843	2354
268	1673
268	643
268	2897
268	4311
268	3898
268	1126
268	2800
1673	4209
643	4209
2897	1751
1720	938
1720	1981
4311	4155
4311	1057
4311	2287
4311	945
4311	1824
4311	1246
4311	2874
3195	2287
3195	812
3195	3230
3195	2146
3195	1801
3195	3730
3195	507
3195	1637
244	3739
244	2735
244	3624
244	1506
244	1126
244	167
244	4297
244	3264
244	2391
244	3261
244	1175
244	843
244	195
244	343
244	2637
244	1568
244	3862
244	2416
244	965
244	2727
244	1402
244	1622
244	2504
3739	1497
2595	1457
3582	4104
2735	2178
2735	3898
2735	3975
2735	2786
2735	3230
2735	3517
1408	1680
3698	3179
3724	3179
3724	2336
404	3184
404	1875
404	683
404	4196
1357	3402
1357	3128
1357	2766
1357	925
1357	1437
1357	2217
3454	574
1895	574
1895	3460
574	936
1780	4073
2903	4296
2903	2171
2903	2495
2903	1912
2903	2541
2903	1505
2903	794
2359	4296
3672	527
3672	3968
3672	1497
183	1943
183	1810
183	3402
183	3128
183	2330
183	440
183	1875
183	683
183	534
183	290
183	925
183	1967
183	4317
3221	181
3221	3022
3221	1207
4264	3862
3044	713
3044	906
886	3408
3254	4296
3254	945
4134	430
4134	936
2006	3632
4253	246
4253	1784
4253	990
4253	580
4253	993
4253	4223
2556	558
2556	296
3828	2405
3828	386
3828	632
3828	2562
3828	1553
3828	3101
2523	117
2523	1605
3165	2414
1897	2472
3781	4185
3781	2528
3781	4169
3781	1159
3781	422
3781	1946
3864	4381
3864	673
246	516
246	1432
246	3538
246	1522
246	507
2178	1660
2178	3230
2178	3517
2520	2956
2165	2307
1676	4354
1676	2222
1676	3061
2769	2405
2769	2875
1660	637
1660	1505
1660	664
1660	259
1660	3061
743	3972
743	4232
546	3898
546	3460
546	1905
2946	710
2946	2276
3967	1974
3967	2276
4261	2958
4261	1296
1270	2444
1270	3722
3989	990
4017	1445
4017	117
4017	3912
648	1257
648	1505
2513	1505
3898	1478
3898	945
3898	1905
3898	930
3898	2276
2455	2405
2455	1137
2455	1240
2455	3270
2455	1163
2455	437
2455	650
2455	748
2455	1141
2455	1151
2455	1152
2455	1253
2455	2822
2455	1589
4155	1057
4155	90
889	3998
999	2658
1302	212
1302	3427
1302	4045
1983	1070
3841	864
3841	3460
2697	2276
2610	1819
2610	4081
2610	123
751	127
751	637
2028	1537
2028	2958
1229	580
385	3388
385	2405
385	3611
385	2873
905	401
905	4227
23	4226
4029	1318
4029	3755
4029	1906
4029	1561
4029	2213
4029	2331
4029	2563
4029	3719
3379	3624
3379	1876
3379	2078
3607	1326
690	1457
690	558
600	3261
600	1296
600	4232
600	1257
600	3136
600	2416
600	4076
600	1963
600	742
600	1335
2603	1505
2955	4169
79	1081
79	1212
79	4168
1841	637
1841	4027
1841	2562
1841	990
302	4169
302	1457
302	1497
1849	3348
1563	2405
1184	936
3331	2272
4154	2374
1087	2405
1348	1556
1348	306
1348	4327
3476	3233
3476	3975
3476	4248
3476	2362
649	3975
2726	4297
2927	2563
2816	1505
1943	1810
1943	3128
1943	68
1943	209
3103	1507
3103	2895
3103	2098
3103	670
3103	3225
1810	1812
1810	1875
1810	209
1810	534
1810	1967
1810	306
1810	4317
1664	1718
1664	783
1664	990
2917	2470
2917	2746
2917	25
2917	3123
2969	3813
3860	2405
3860	3787
2239	990
2239	2928
1166	811
3359	3813
3359	795
3359	558
3359	1964
555	1497
722	2341
2287	3689
2287	3400
3209	1172
3209	846
3209	2920
2589	4288
3030	4245
3380	1733
470	2177
3413	1784
3413	3460
3413	2267
3413	1218
3413	2292
3413	846
3413	2920
2073	2405
2073	2987
1097	4453
1097	1497
1244	1457
2730	4259
4316	3389
31	1801
31	318
418	4329
418	4297
418	1812
418	158
418	1640
418	3136
418	3456
418	131
418	673
418	2155
418	2530
418	2635
418	3459
1900	362
1742	369
3972	192
3972	2936
3972	1459
3972	715
172	1505
172	4360
2649	683
1326	2387
904	4296
1106	1801
1106	318
1784	3340
4448	2276
2365	1556
427	990
430	3278
430	694
430	664
430	4223
430	2033
430	1567
430	116
3278	4232
3278	116
192	158
1107	4381
2272	2936
656	558
656	3270
656	4381
1079	683
1079	3382
1172	46
1172	547
1172	3504
2666	1505
426	3230
3128	3194
3128	2330
3128	401
3128	3179
3128	558
3128	209
3128	534
3128	2334
3128	925
3128	1967
3128	306
3128	4317
3976	3965
3976	3351
3976	669
1718	1553
1537	380
1537	2710
1537	2110
1537	4255
1537	4235
1537	990
1537	1194
1537	1285
1537	1207
1537	2276
1537	5
1537	1774
1537	887
1537	699
1537	2066
1537	3719
1537	4075
1537	1869
4256	1331
1332	2598
1332	1221
1332	1948
1573	167
1573	901
1573	2654
1573	1258
1573	3689
1573	1702
1573	3462
1573	984
1573	2611
3388	2528
3388	3460
3388	1258
3388	1905
4120	1140
4120	2713
4120	380
1140	2713
1140	380
3624	3392
3428	3230
100	3420
100	3175
3970	1070
4212	4232
2713	380
84	3865
84	4048
84	395
84	2302
3865	864
3865	4048
3865	395
3865	2302
517	516
516	2958
516	3730
516	507
181	2354
181	3471
2892	2405
618	2405
618	1218
1206	3136
1544	3772
1544	2640
2894	1437
3811	962
2813	945
1819	3593
1819	3264
1819	386
1819	3429
1819	2136
1819	3668
1819	887
1819	1797
1819	4400
380	1126
380	4027
380	529
380	1441
380	117
211	4245
826	3575
826	3422
826	209
4296	3863
4296	2541
4296	945
4296	3855
3772	2640
864	863
864	2654
864	3077
864	1497
864	1553
864	2928
81	666
81	4232
863	3801
863	2528
863	3643
863	3077
863	395
863	221
80	3801
80	3214
80	2654
80	3251
80	3611
80	248
80	3730
80	2620
80	1637
3735	2958
3735	2654
3735	248
2330	2810
2330	1967
1126	3773
1126	3004
1126	1963
1126	3385
2340	2368
1318	524
1318	4381
2215	3083
3016	1070
3016	990
3016	3077
3016	1963
407	2958
2408	2254
2254	2405
1543	200
482	559
3213	3022
662	936
3801	3771
3801	4082
3801	3412
2812	1369
167	3371
167	1491
167	4232
167	3062
4297	2680
4297	3065
3780	1469
3613	3825
2372	2405
2372	2966
2614	2143
3583	2354
3583	3483
3392	4248
3392	3773
3392	1680
3392	1816
2405	1027
2405	4123
2405	4322
2405	4224
2405	4451
2405	2767
2405	2162
2405	2555
2405	893
2405	32
2405	1301
2405	3573
2405	3179
2405	931
2405	1875
2405	68
2405	696
2405	2786
2405	2748
2405	2275
2405	579
2405	1071
2405	637
2405	830
2405	1257
2405	3847
2405	1568
2405	2541
2405	1170
2405	1621
2405	3104
2405	59
2405	1180
2405	1081
2405	2790
2405	1991
2405	4186
2405	2809
2405	1207
2405	207
2405	1109
2405	1901
2405	2437
2405	53
2405	1774
2405	67
2405	116
2405	124
2405	290
2405	435
2405	478
2405	557
2405	718
2405	729
2405	894
2405	896
2405	1053
2405	1092
2405	1151
2405	1456
2405	1519
2405	1547
2405	1602
2405	1616
2405	1793
2405	1798
2405	1816
2405	1959
2405	2402
2405	2536
2405	2563
2405	2650
2405	2681
2405	2695
2405	2720
2405	2860
2405	2945
2405	3032
2405	3054
2405	3381
2405	3391
2405	3521
2405	3614
2405	3722
2405	3912
2405	3927
2405	4056
2405	4238
2405	4327
2405	4358
2405	4386
2405	4420
2405	2071
2405	3594
4416	3773
4416	4308
4416	4071
3233	2231
3233	3085
415	2654
415	24
1771	3773
1531	3074
1531	2354
812	4169
812	990
812	694
812	1081
2247	2882
2710	664
2710	259
3002	155
2042	292
2983	3518
1921	14
2535	1569
3593	839
2528	32
2528	1680
2528	807
2528	4076
2528	1338
3975	1693
3975	425
3975	3264
3975	90
3975	3179
3975	369
3975	1876
3975	1257
3975	990
3975	795
3975	3596
3975	2281
3975	3001
3975	1869
2220	2563
3394	2094
3965	1995
1070	419
3492	2590
2590	2958
2750	2958
4163	1623
1693	1257
1693	243
3074	2354
3074	495
3074	1180
3074	243
3074	2953
2354	901
2354	3326
2354	4453
2354	4027
2354	607
2354	1180
2354	2177
2354	1474
2354	1120
2354	1882
2354	1883
2354	2190
2354	2694
2354	2945
2354	3452
4123	1065
4123	3230
4123	846
4123	4229
4123	4236
21	14
2195	1568
2195	3590
2477	1505
2477	558
2477	4360
1812	3727
1812	4342
401	683
401	3502
401	3382
525	1273
525	2231
564	1875
564	68
564	3196
564	683
564	925
2618	4003
2618	849
2618	1875
4354	1680
936	945
936	1180
936	1974
936	557
936	563
936	596
936	650
936	1101
936	1151
936	1320
936	1402
936	1602
936	1702
936	2004
936	2722
2565	1457
2518	2362
2518	4232
2518	795
3813	637
4322	4073
3022	945
3022	1939
2008	2680
3952	1361
2958	2657
2958	2326
2958	3919
2958	2572
2958	2748
2958	1541
2958	1974
2958	2832
2958	2496
2958	2473
2958	2217
2958	2238
2958	2399
2958	2778
2958	2836
2958	2932
2958	3427
3267	527
527	3968
527	1899
527	1514
527	2794
527	3590
527	296
527	1031
3968	580
3968	1497
1899	1497
1899	4381
1899	2472
4415	207
4245	2474
4245	1175
4245	984
4245	2611
2445	3279
2445	3643
2598	558
1432	1054
3214	4453
4010	158
4224	369
4224	419
4224	1876
4224	4395
3470	259
3477	666
3477	3480
3477	1637
2767	4027
2767	3327
1469	1257
4086	3375
2601	1801
2502	2848
1494	2474
3971	3335
3971	1963
2497	3647
2497	1711
2497	843
2497	4082
2497	4394
2147	2138
2224	4381
3420	1959
3638	362
952	362
952	670
362	3516
362	2568
362	830
2657	3619
4101	1341
4101	3483
2460	3460
2460	1258
2460	1131
4195	4116
3787	3474
3787	4069
3787	1387
2891	4135
3345	4084
901	990
1604	3591
3961	1680
4169	1598
4169	1175
4169	2987
4169	4209
4169	1830
200	2642
3264	990
3264	4018
3264	1738
3264	2136
3264	3001
3504	2094
2654	819
2654	3471
2654	887
2654	323
2654	3774
2654	4229
2654	984
1765	2562
1765	1441
1765	4381
819	2267
819	528
3439	4056
3285	558
330	654
2848	1827
524	3017
524	1387
524	580
524	2620
1040	4186
4248	3480
4248	159
3471	3774
2742	946
2742	1648
3460	1258
3460	3179
3460	2748
3460	1905
297	1620
297	887
3251	1387
2203	1680
2203	817
3773	1680
3773	2231
3773	2806
3773	4209
3773	906
2495	1680
2495	2895
2495	1478
1680	3862
1680	1528
1680	2872
2810	117
2810	1556
1435	1447
2552	4381
1447	593
72	1738
1911	1974
3903	698
3903	1565
3903	1423
3903	2334
698	1565
698	1875
698	1423
698	534
1565	1423
4247	1963
4033	2548
1159	1876
1159	3153
386	632
386	2562
386	1553
386	3101
882	4161
3429	4381
440	1875
440	1967
346	984
2267	1301
2267	528
2267	500
2267	3689
1667	1833
1301	1505
1301	2545
1739	248
1739	3502
3863	117
3863	218
3863	155
3863	3198
3863	3083
3863	1341
2212	3942
2212	2284
2212	977
760	1457
2653	1505
3364	3502
3959	87
3959	117
3959	2874
3959	3061
2361	3590
3701	1761
98	117
98	1505
98	1117
3830	4381
3756	3573
3756	946
3756	1789
3573	807
1980	807
807	1731
3326	558
2000	1867
3647	1711
3647	843
3647	4394
461	1505
604	811
3179	1257
3179	990
3179	846
3179	2920
3179	3500
1199	1457
1199	2992
1654	1065
1654	1505
1654	3230
1654	846
1654	4229
158	1423
1065	2174
3734	3798
3490	3611
3490	2368
3490	1553
1551	794
1875	683
1875	2766
1875	534
666	1164
666	1398
666	3408
666	109
666	1692
666	3729
666	3847
666	1716
666	2343
666	14
666	1963
757	1738
757	114
757	1881
1037	4381
3395	3031
1164	1398
1164	3408
1164	109
1164	1692
1164	1876
1164	2078
1164	637
1164	4395
1164	4027
1164	2562
1164	529
1164	1441
1164	1881
1398	4027
1398	3604
1398	2276
1398	378
1398	1637
3408	637
3408	4027
3408	585
109	538
109	637
109	500
1692	4027
2051	3230
4259	117
1445	1967
68	209
1175	1505
2680	300
1491	3061
2540	3040
685	1109
2235	4381
528	3805
258	879
258	837
1711	843
1711	4394
4084	2238
4084	2964
4453	2362
4453	4360
1384	3590
3203	2746
3203	3689
248	2374
248	1836
248	123
248	1738
248	1038
248	4076
248	2620
248	3409
1296	713
1296	3632
1296	3054
2362	1347
2362	664
1286	2374
4232	2231
4232	1246
4232	1799
2374	3077
3575	3077
1520	3850
1520	4027
1520	1054
843	4394
727	1054
727	259
3632	419
369	2660
802	2771
2794	3590
2794	2421
3770	4381
3826	2694
1337	2292
1337	259
4038	4437
3351	2832
3351	3290
419	1257
419	3136
419	794
3850	1257
3729	632
2275	1457
2275	632
2275	1833
1457	632
1457	2558
1457	1180
1457	1249
1457	1733
1457	227
1457	563
1457	745
1457	749
1457	953
1457	2481
1457	2519
1457	1341
1011	763
146	725
1876	637
1876	2562
1876	1441
1876	500
1876	2578
2078	1731
637	4395
637	4027
637	2562
637	529
637	1441
637	755
637	1497
4395	2562
4395	1505
4395	970
4027	2562
632	1257
632	3590
632	3614
3004	1212
3004	2957
1541	3071
2446	3438
2562	529
2562	1441
2562	1731
1441	318
1441	1731
4231	14
3825	1741
607	1741
474	1741
474	1497
2908	4400
3873	4381
1387	2987
1387	4048
1066	4325
1257	990
1257	3596
1257	2470
1257	1797
3847	1478
3847	1738
3847	14
3847	344
1716	14
1802	4381
990	4361
990	3596
990	3517
990	2136
990	3001
990	243
990	1797
990	2399
990	2925
990	1869
580	4223
808	4202
1194	1285
1568	2327
1568	3883
2541	3855
1937	3310
1170	756
1050	1104
1050	1901
2895	4180
2895	670
2895	1478
2895	794
2895	1847
2895	4394
4180	2098
4180	670
4180	3451
117	1597
117	839
117	1473
117	25
117	626
117	2840
218	1505
2098	670
1505	1478
1505	3855
1505	502
1160	3400
1347	3230
3031	4308
1597	4073
1597	159
1597	4289
1597	3310
129	879
1478	794
3230	59
3230	2416
3230	1038
3230	4076
3230	2515
3230	2504
2296	1974
2296	4171
2987	1497
2146	1285
2146	3517
2146	1738
2146	1782
2094	3654
683	925
683	1967
683	3123
683	306
694	1881
2800	945
3590	1054
3590	1801
3077	664
3077	3340
558	3317
3805	14
3538	507
945	664
945	4076
945	1138
945	323
945	387
945	860
945	2911
3596	1869
2231	2806
2231	3273
4360	3855
4360	2720
3136	3500
1081	1497
2281	1556
2281	1869
4073	1743
4073	3198
755	4048
4048	395
4048	2302
395	4133
395	2302
395	2620
395	1349
1501	3054
2416	1963
1497	3225
1497	887
1497	763
1497	1056
1497	1519
1497	1959
1497	2197
1497	2822
1497	2978
965	4209
965	1991
3270	1688
3270	2879
4209	378
1991	2775
1991	4381
1964	4045
1974	3517
1974	2842
1974	4422
3198	4289
7	2302
1249	3727
1553	3730
1553	879
1285	1905
1285	3040
3101	114
159	1981
2686	725
2686	2472
2746	500
2746	3689
2746	700
4289	1981
3310	1981
3083	3056
3083	937
3083	1602
3083	3123
3579	4394
3224	1556
1995	2341
1995	752
1331	1869
102	1340
2775	4381
3225	664
3225	4076
3225	2515
3225	1138
4381	2496
4381	4367
4381	587
4381	799
4381	896
4381	1345
4381	1624
4381	1751
4381	1814
4381	1816
4381	1851
4381	2889
4381	2964
4381	3086
4381	3311
4381	3409
4381	3884
4381	3774
4381	3900
4381	3927
4381	4426
4381	1341
585	1207
585	984
1246	2874
811	510
2177	3502
2177	673
2177	3123
2177	4317
2177	1869
810	1801
810	3191
810	318
1801	479
1801	4129
1801	3191
1801	318
1801	2620
479	318
4129	318
318	887
209	534
209	673
2343	3131
3604	4229
664	1138
664	3001
4291	4317
207	3591
1163	763
2626	3730
3730	1367
2387	4252
14	1963
2292	2727
2292	3483
259	756
259	3366
259	374
259	879
259	2145
756	3366
1038	2276
374	2934
534	231
534	4182
534	678
534	925
534	1077
534	1967
534	4342
534	4317
3153	1340
3062	3875
1237	4287
1237	1341
3400	2276
3400	2410
3400	4400
3936	1797
1731	2276
1620	4282
164	2472
2371	1131
1104	1109
1104	1672
1556	1437
1556	3612
1556	3237
1556	4049
2033	116
1567	116
4308	3699
1901	4135
4076	1138
2515	1138
234	2922
3942	2284
2620	2276
3243	2414
3243	3056
3243	4437
2414	3056
3046	761
3046	3389
4437	2873
4437	1260
2633	1060
2633	2194
2633	726
2633	1928
1060	2194
1060	726
1060	887
2194	726
846	2920
977	274
2276	4302
24	984
41	541
2158	1721
887	378
887	1636
116	1827
160	1963
179	1963
189	1948
215	1747
290	2336
314	4422
344	1077
378	3061
391	703
1963	1255
1963	1709
1963	1945
1963	3500
1963	3483
448	3028
531	1120
541	1601
576	1151
576	1798
590	3410
590	4342
594	669
702	4420
721	1056
763	1547
794	1305
794	1881
896	1080
925	1967
925	2244
944	4108
949	3239
1077	306
1131	1948
1212	4252
1361	4358
1367	2190
1437	3727
1547	3612
1547	3637
1547	1341
1547	3483
1686	2787
1797	3945
1797	1869
1816	1830
1948	3500
1948	3999
1967	3382
1967	3727
1967	4342
1967	306
1967	4317
3612	4342
3612	3637
3612	1341
3612	3483
2399	1869
2481	2547
2664	2768
2721	3176
2732	3236
2781	2956
2925	1869
3087	4358
3192	4282
3414	3609
3568	4045
3727	4317
4342	4317
984	2611
3712	3227
2981	2761
3230	2761
1497	3238
1947	2419
1302	3677
694	3677
558	3677
289	2841
4381	2841
3400	2841
3557	2972
1057	2972
3841	2972
2362	2972
3230	2972
3730	2972
704	2596
763	2596
3252	1342
2237	1342
320	1342
3616	1342
2735	1342
2178	1342
418	1342
4297	1342
3975	1342
524	1342
1257	1342
990	1342
795	1342
4099	1342
3596	1342
3517	1342
1824	1342
2122	1342
1649	1342
1109	1342
3001	1342
857	1035
3852	1035
1985	1035
652	1035
4253	1035
385	1035
1106	1035
1784	1035
993	1035
1801	1035
318	1035
2903	3399
2813	3399
2594	3399
1070	3399
1963	3399
1345	3399
3136	3246
1070	278
558	2417
2970	2417
1300	857
1784	857
4381	857
1801	857
318	857
1355	459
2365	459
2924	704
3060	704
3125	704
289	704
3582	704
4155	704
211	704
812	704
2528	704
4169	704
4104	704
4209	704
1999	704
25	704
1797	704
2472	704
2795	704
3273	704
3811	3384
181	1168
4297	764
3230	764
335	855
600	855
2195	855
1296	855
3761	855
3732	3852
3061	3852
3203	2823
3643	2823
3004	2823
3230	2823
2276	2823
1963	2823
2735	3252
3517	3252
3284	202
4297	890
1963	890
2707	1422
2843	1422
1718	287
3781	1518
2528	1518
3402	4407
3502	4407
1486	4407
3688	345
2405	345
1457	345
1081	4444
2837	3541
786	3541
1985	3541
1963	3541
786	2837
1985	2837
1302	2837
1623	2837
1985	786
1947	2569
4264	393
1478	393
335	2729
2405	2729
3297	335
4228	335
1990	335
1481	335
793	335
4357	335
3060	335
723	335
2903	335
3413	335
167	335
68	335
2786	335
1876	335
637	335
4395	335
2562	335
218	335
1881	335
3061	335
3568	335
4228	3297
1663	3297
3221	3297
2958	3297
4169	3297
1081	3297
2552	1990
3310	1990
2379	105
4029	2539
2189	3484
1947	3484
2735	3484
1742	3484
1693	3484
4123	3484
2518	3484
819	3484
3261	3484
990	3484
3596	3484
159	3484
41	3484
1869	3484
2405	2379
1712	190
1357	4454
4256	4454
1967	4454
3024	2070
3693	2070
3693	3024
2405	3024
452	1481
3230	1481
1947	3693
244	3693
694	3693
528	3679
2003	629
716	629
1623	629
1505	1870
828	3218
536	828
1921	793
2354	793
1441	793
318	1965
3291	1965
1573	2237
864	2237
863	2237
524	2237
811	2237
702	2805
524	3947
289	3879
2405	3423
401	3423
3609	3423
2540	1663
2958	2491
3243	2491
1676	4357
1109	4449
3235	3060
723	3060
1676	3060
743	3060
2455	3060
1573	3060
3548	3060
812	3060
4248	3060
3471	3060
2203	3060
1680	3060
3959	3060
3480	3060
2201	3060
1497	3060
4209	3060
3198	3060
159	3060
1556	3060
887	3060
378	3060
2822	3060
3273	3060
3325	3060
3964	3060
4238	3060
2811	1376
1286	1376
1937	1376
558	1376
3137	1376
289	609
4248	609
2201	609
3061	609
319	987
3192	987
3382	3043
2429	3646
652	3646
2429	4323
2405	4323
186	2429
4176	2429
2466	2429
662	2429
1381	186
4311	186
1573	186
3230	186
558	186
3136	186
1237	4176
3385	4176
1381	2466
895	3608
1995	429
3192	429
1505	2111
683	208
2336	208
4448	2189
2936	2189
80	2189
3975	2189
3264	2189
158	2189
1620	2189
3001	2189
289	1290
3801	1290
2050	2048
3203	2048
159	2048
4381	2048
2292	2048
1963	2048
3483	2048
945	3049
1006	3049
4079	3049
289	320
2287	320
3975	320
1570	320
1824	320
4240	4204
289	4204
806	4204
1799	4204
2394	4240
2726	4240
3480	4240
2660	4240
1194	4240
1496	4240
2098	2021
1505	2021
839	2021
1381	2375
3187	2375
3413	2375
3040	2375
2838	3986
694	1809
558	1809
2528	420
4209	420
2775	420
3153	420
1040	3712
773	1300
2139	1300
613	1300
2936	1300
710	1300
727	1300
715	1300
1824	1300
102	1300
2043	1300
2943	773
3445	773
3634	773
710	773
195	773
1824	773
2871	773
2958	2357
289	3616
722	3616
418	3616
3264	3616
2977	2139
418	2139
3264	2139
2660	2139
3083	2139
51	2943
945	2943
289	3445
3847	3445
2354	2707
1619	1779
3074	4179
4437	4179
3074	1295
2354	1295
2680	1295
4196	1295
1947	4435
289	4435
1537	4435
1819	4435
990	4435
1869	4435
4311	2524
418	2524
2406	410
289	410
2405	410
2094	410
4381	410
289	2406
4200	1947
3781	1947
2223	1947
751	1947
1563	1947
812	1947
2300	1947
3975	1947
3264	1947
4248	1947
3471	1947
1434	1947
1093	1947
1541	1947
4231	1947
474	1947
1257	1947
2281	1947
4209	1947
4161	1947
2846	1947
534	1947
2136	1947
549	1947
745	1947
937	1947
1317	1947
1609	1947
289	3621
2903	3621
652	2049
426	2049
407	2049
3975	2049
12	2049
300	2049
116	2049
413	2049
1126	4200
167	4200
1693	4200
2518	4200
3351	4200
1317	4200
3215	3125
2405	3125
1543	3937
1040	3937
2226	3937
3175	4250
1296	4250
3129	4250
1163	4250
3254	2381
936	2381
4232	2381
564	1725
2416	3215
1488	2184
807	2184
757	2184
1296	2184
318	2184
116	2184
2394	452
2981	452
415	452
3643	452
694	452
2981	2394
3195	2394
4134	2394
415	2394
1876	2394
694	2394
3400	2394
1881	2394
3428	1381
826	1381
2405	1381
2565	1381
259	1381
1038	1381
1660	62
664	62
289	1488
2195	1488
2518	1488
4224	1488
783	1488
4381	3893
1126	1985
4209	1985
1285	1985
378	1985
2178	2977
4296	2977
558	2977
340	2977
3187	289
2317	289
268	289
1673	289
643	289
2897	289
4311	289
3195	289
3044	289
3864	289
4397	289
1660	289
743	289
4261	289
1983	289
2287	289
86	289
418	289
3972	289
2405	289
4416	289
1771	289
1027	289
21	289
3214	289
2767	289
1494	289
3971	289
2906	289
4169	289
710	289
783	289
604	289
3919	289
158	289
2110	289
3490	289
2540	289
1876	289
3847	289
1160	289
2698	289
2800	289
2806	289
965	289
1834	289
3121	289
2746	289
2775	289
811	289
2874	289
3191	289
1733	289
2875	289
3062	289
726	289
25	289
541	289
590	289
862	289
1190	289
1979	289
2238	289
2399	289
2683	289
2877	289
2879	289
2920	289
3050	289
3176	289
3459	289
3651	289
3774	289
3886	289
1799	289
906	289
2455	652
1213	652
1497	652
1031	652
2836	652
2359	823
2556	823
4296	823
3855	823
415	2981
694	2981
1405	322
625	1314
2317	1314
2800	1314
945	1314
2405	514
536	625
4311	625
3898	625
2816	625
2813	625
3022	625
528	625
2800	625
945	625
387	625
2838	625
906	625
808	4337
743	3187
525	3187
2231	3187
2699	2317
2562	2317
743	536
648	536
1514	536
1505	536
3855	536
259	536
485	536
1120	536
1404	536
3842	536
3195	1500
3828	1500
1491	1500
632	1500
1553	1500
2620	1500
4171	1205
2050	1287
2620	1287
2936	382
783	382
2201	382
2856	382
2100	884
1921	3557
1892	3557
4297	2251
2405	2251
760	2251
3061	2251
3195	3319
4416	3319
1159	4085
1340	4085
1573	723
2958	723
1457	723
2518	3663
2518	455
4300	455
3828	2050
546	2050
3388	2050
864	2050
80	2050
2445	2050
2742	2050
3460	2050
3611	2050
670	2050
1553	2050
1285	2050
1905	2050
2517	2050
984	2050
2354	2843
1673	268
643	268
2897	268
4311	268
3898	268
1126	268
2800	268
4209	1673
4209	643
1751	2897
938	1720
1981	1720
4155	4311
1057	4311
2287	4311
945	4311
1824	4311
1246	4311
2874	4311
2287	3195
812	3195
3230	3195
2146	3195
1801	3195
3730	3195
507	3195
1637	3195
3739	244
2735	244
3624	244
1506	244
1126	244
167	244
4297	244
3264	244
2391	244
3261	244
1175	244
843	244
195	244
343	244
2637	244
1568	244
3862	244
2416	244
965	244
2727	244
1402	244
1622	244
2504	244
1497	3739
1457	2595
4104	3582
2178	2735
3898	2735
3975	2735
2786	2735
3230	2735
3517	2735
1680	1408
3179	3698
3179	3724
2336	3724
3184	404
1875	404
683	404
4196	404
3402	1357
3128	1357
2766	1357
925	1357
1437	1357
2217	1357
574	3454
574	1895
3460	1895
936	574
4073	1780
4296	2903
2171	2903
2495	2903
1912	2903
2541	2903
1505	2903
794	2903
4296	2359
527	3672
3968	3672
1497	3672
1943	183
1810	183
3402	183
3128	183
2330	183
440	183
1875	183
683	183
534	183
290	183
925	183
1967	183
4317	183
181	3221
3022	3221
1207	3221
3862	4264
713	3044
906	3044
3408	886
4296	3254
945	3254
430	4134
936	4134
3632	2006
246	4253
1784	4253
990	4253
580	4253
993	4253
4223	4253
558	2556
296	2556
2405	3828
386	3828
632	3828
2562	3828
1553	3828
3101	3828
117	2523
1605	2523
2414	3165
2472	1897
4185	3781
2528	3781
4169	3781
1159	3781
422	3781
1946	3781
4381	3864
673	3864
516	246
1432	246
3538	246
1522	246
507	246
1660	2178
3230	2178
3517	2178
2956	2520
2307	2165
4354	1676
2222	1676
3061	1676
2405	2769
2875	2769
637	1660
1505	1660
664	1660
259	1660
3061	1660
3972	743
4232	743
3898	546
3460	546
1905	546
710	2946
2276	2946
1974	3967
2276	3967
2958	4261
1296	4261
2444	1270
3722	1270
990	3989
1445	4017
117	4017
3912	4017
1257	648
1505	648
1505	2513
1478	3898
945	3898
1905	3898
930	3898
2276	3898
2405	2455
1137	2455
1240	2455
3270	2455
1163	2455
437	2455
650	2455
748	2455
1141	2455
1151	2455
1152	2455
1253	2455
2822	2455
1589	2455
1057	4155
90	4155
3998	889
2658	999
212	1302
3427	1302
4045	1302
1070	1983
864	3841
3460	3841
2276	2697
1819	2610
4081	2610
123	2610
127	751
637	751
1537	2028
2958	2028
580	1229
3388	385
2405	385
3611	385
2873	385
401	905
4227	905
4226	23
1318	4029
3755	4029
1906	4029
1561	4029
2213	4029
2331	4029
2563	4029
3719	4029
3624	3379
1876	3379
2078	3379
1326	3607
1457	690
558	690
3261	600
1296	600
4232	600
1257	600
3136	600
2416	600
4076	600
1963	600
742	600
1335	600
1505	2603
4169	2955
1081	79
1212	79
4168	79
637	1841
4027	1841
2562	1841
990	1841
4169	302
1457	302
1497	302
3348	1849
2405	1563
936	1184
2272	3331
2374	4154
2405	1087
1556	1348
306	1348
4327	1348
3233	3476
3975	3476
4248	3476
2362	3476
3975	649
4297	2726
2563	2927
1505	2816
1810	1943
3128	1943
68	1943
209	1943
1507	3103
2895	3103
2098	3103
670	3103
3225	3103
1812	1810
1875	1810
209	1810
534	1810
1967	1810
306	1810
4317	1810
1718	1664
783	1664
990	1664
2470	2917
2746	2917
25	2917
3123	2917
3813	2969
2405	3860
3787	3860
990	2239
2928	2239
811	1166
3813	3359
795	3359
558	3359
1964	3359
1497	555
2341	722
3689	2287
3400	2287
1172	3209
846	3209
2920	3209
4288	2589
4245	3030
1733	3380
2177	470
1784	3413
3460	3413
2267	3413
1218	3413
2292	3413
846	3413
2920	3413
2405	2073
2987	2073
4453	1097
1497	1097
1457	1244
4259	2730
3389	4316
1801	31
318	31
4329	418
4297	418
1812	418
158	418
1640	418
3136	418
3456	418
131	418
673	418
2155	418
2530	418
2635	418
3459	418
362	1900
369	1742
192	3972
2936	3972
1459	3972
715	3972
1505	172
4360	172
683	2649
2387	1326
4296	904
1801	1106
318	1106
3340	1784
2276	4448
1556	2365
990	427
3278	430
694	430
664	430
4223	430
2033	430
1567	430
116	430
4232	3278
116	3278
158	192
4381	1107
2936	2272
558	656
3270	656
4381	656
683	1079
3382	1079
46	1172
547	1172
3504	1172
1505	2666
3230	426
3194	3128
2330	3128
401	3128
3179	3128
558	3128
209	3128
534	3128
2334	3128
925	3128
1967	3128
306	3128
4317	3128
3965	3976
3351	3976
669	3976
1553	1718
380	1537
2710	1537
2110	1537
4255	1537
4235	1537
990	1537
1194	1537
1285	1537
1207	1537
2276	1537
5	1537
1774	1537
887	1537
699	1537
2066	1537
3719	1537
4075	1537
1869	1537
1331	4256
2598	1332
1221	1332
1948	1332
167	1573
901	1573
2654	1573
1258	1573
3689	1573
1702	1573
3462	1573
984	1573
2611	1573
2528	3388
3460	3388
1258	3388
1905	3388
1140	4120
2713	4120
380	4120
2713	1140
380	1140
3392	3624
3230	3428
3420	100
3175	100
1070	3970
4232	4212
380	2713
3865	84
4048	84
395	84
2302	84
864	3865
4048	3865
395	3865
2302	3865
516	517
2958	516
3730	516
507	516
2354	181
3471	181
2405	2892
2405	618
1218	618
3136	1206
3772	1544
2640	1544
1437	2894
962	3811
945	2813
3593	1819
3264	1819
386	1819
3429	1819
2136	1819
3668	1819
887	1819
1797	1819
4400	1819
1126	380
4027	380
529	380
1441	380
117	380
4245	211
3575	826
3422	826
209	826
3863	4296
2541	4296
945	4296
3855	4296
2640	3772
863	864
2654	864
3077	864
1497	864
1553	864
2928	864
666	81
4232	81
3801	863
2528	863
3643	863
3077	863
395	863
221	863
3801	80
3214	80
2654	80
3251	80
3611	80
248	80
3730	80
2620	80
1637	80
2958	3735
2654	3735
248	3735
2810	2330
1967	2330
3773	1126
3004	1126
1963	1126
3385	1126
2368	2340
524	1318
4381	1318
3083	2215
1070	3016
990	3016
3077	3016
1963	3016
2958	407
2254	2408
2405	2254
200	1543
559	482
3022	3213
936	662
3771	3801
4082	3801
3412	3801
1369	2812
3371	167
1491	167
4232	167
3062	167
2680	4297
3065	4297
1469	3780
3825	3613
2405	2372
2966	2372
2143	2614
2354	3583
3483	3583
4248	3392
3773	3392
1680	3392
1816	3392
1027	2405
4123	2405
4322	2405
4224	2405
4451	2405
2767	2405
2162	2405
2555	2405
893	2405
32	2405
1301	2405
3573	2405
3179	2405
931	2405
1875	2405
68	2405
696	2405
2786	2405
2748	2405
2275	2405
579	2405
1071	2405
637	2405
830	2405
1257	2405
3847	2405
1568	2405
2541	2405
1170	2405
1621	2405
3104	2405
59	2405
1180	2405
1081	2405
2790	2405
1991	2405
4186	2405
2809	2405
1207	2405
207	2405
1109	2405
1901	2405
2437	2405
53	2405
1774	2405
67	2405
116	2405
124	2405
290	2405
435	2405
478	2405
557	2405
718	2405
729	2405
894	2405
896	2405
1053	2405
1092	2405
1151	2405
1456	2405
1519	2405
1547	2405
1602	2405
1616	2405
1793	2405
1798	2405
1816	2405
1959	2405
2402	2405
2536	2405
2563	2405
2650	2405
2681	2405
2695	2405
2720	2405
2860	2405
2945	2405
3032	2405
3054	2405
3381	2405
3391	2405
3521	2405
3614	2405
3722	2405
3912	2405
3927	2405
4056	2405
4238	2405
4327	2405
4358	2405
4386	2405
4420	2405
2071	2405
3594	2405
3773	4416
4308	4416
4071	4416
2231	3233
3085	3233
2654	415
24	415
3773	1771
3074	1531
2354	1531
4169	812
990	812
694	812
1081	812
2882	2247
664	2710
259	2710
155	3002
292	2042
3518	2983
14	1921
1569	2535
839	3593
32	2528
1680	2528
807	2528
4076	2528
1338	2528
1693	3975
425	3975
3264	3975
90	3975
3179	3975
369	3975
1876	3975
1257	3975
990	3975
795	3975
3596	3975
2281	3975
3001	3975
1869	3975
2563	2220
2094	3394
1995	3965
419	1070
2590	3492
2958	2590
2958	2750
1623	4163
1257	1693
243	1693
2354	3074
495	3074
1180	3074
243	3074
2953	3074
901	2354
3326	2354
4453	2354
4027	2354
607	2354
1180	2354
2177	2354
1474	2354
1120	2354
1882	2354
1883	2354
2190	2354
2694	2354
2945	2354
3452	2354
1065	4123
3230	4123
846	4123
4229	4123
4236	4123
14	21
1568	2195
3590	2195
1505	2477
558	2477
4360	2477
3727	1812
4342	1812
683	401
3502	401
3382	401
1273	525
2231	525
1875	564
68	564
3196	564
683	564
925	564
4003	2618
849	2618
1875	2618
1680	4354
945	936
1180	936
1974	936
557	936
563	936
596	936
650	936
1101	936
1151	936
1320	936
1402	936
1602	936
1702	936
2004	936
2722	936
1457	2565
2362	2518
4232	2518
795	2518
637	3813
4073	4322
945	3022
1939	3022
2680	2008
1361	3952
2657	2958
2326	2958
3919	2958
2572	2958
2748	2958
1541	2958
1974	2958
2832	2958
2496	2958
2473	2958
2217	2958
2238	2958
2399	2958
2778	2958
2836	2958
2932	2958
3427	2958
527	3267
3968	527
1899	527
1514	527
2794	527
3590	527
296	527
1031	527
580	3968
1497	3968
1497	1899
4381	1899
2472	1899
207	4415
2474	4245
1175	4245
984	4245
2611	4245
3279	2445
3643	2445
558	2598
1054	1432
4453	3214
158	4010
369	4224
419	4224
1876	4224
4395	4224
259	3470
666	3477
3480	3477
1637	3477
4027	2767
3327	2767
1257	1469
3375	4086
1801	2601
2848	2502
2474	1494
3335	3971
1963	3971
3647	2497
1711	2497
843	2497
4082	2497
4394	2497
2138	2147
4381	2224
1959	3420
362	3638
362	952
670	952
3516	362
2568	362
830	362
3619	2657
1341	4101
3483	4101
3460	2460
1258	2460
1131	2460
4116	4195
3474	3787
4069	3787
1387	3787
4135	2891
4084	3345
990	901
3591	1604
1680	3961
1598	4169
1175	4169
2987	4169
4209	4169
1830	4169
2642	200
990	3264
4018	3264
1738	3264
2136	3264
3001	3264
2094	3504
819	2654
3471	2654
887	2654
323	2654
3774	2654
4229	2654
984	2654
2562	1765
1441	1765
4381	1765
2267	819
528	819
4056	3439
558	3285
654	330
1827	2848
3017	524
1387	524
580	524
2620	524
4186	1040
3480	4248
159	4248
3774	3471
946	2742
1648	2742
1258	3460
3179	3460
2748	3460
1905	3460
1620	297
887	297
1387	3251
1680	2203
817	2203
1680	3773
2231	3773
2806	3773
4209	3773
906	3773
1680	2495
2895	2495
1478	2495
3862	1680
1528	1680
2872	1680
117	2810
1556	2810
1447	1435
4381	2552
593	1447
1738	72
1974	1911
698	3903
1565	3903
1423	3903
2334	3903
1565	698
1875	698
1423	698
534	698
1423	1565
1963	4247
2548	4033
1876	1159
3153	1159
632	386
2562	386
1553	386
3101	386
4161	882
4381	3429
1875	440
1967	440
984	346
1301	2267
528	2267
500	2267
3689	2267
1833	1667
1505	1301
2545	1301
248	1739
3502	1739
117	3863
218	3863
155	3863
3198	3863
3083	3863
1341	3863
3942	2212
2284	2212
977	2212
1457	760
1505	2653
3502	3364
87	3959
117	3959
2874	3959
3061	3959
3590	2361
1761	3701
117	98
1505	98
1117	98
4381	3830
3573	3756
946	3756
1789	3756
807	3573
807	1980
1731	807
558	3326
1867	2000
1711	3647
843	3647
4394	3647
1505	461
811	604
1257	3179
990	3179
846	3179
2920	3179
3500	3179
1457	1199
2992	1199
1065	1654
1505	1654
3230	1654
846	1654
4229	1654
1423	158
2174	1065
3798	3734
3611	3490
2368	3490
1553	3490
794	1551
683	1875
2766	1875
534	1875
1164	666
1398	666
3408	666
109	666
1692	666
3729	666
3847	666
1716	666
2343	666
14	666
1963	666
1738	757
114	757
1881	757
4381	1037
3031	3395
1398	1164
3408	1164
109	1164
1692	1164
1876	1164
2078	1164
637	1164
4395	1164
4027	1164
2562	1164
529	1164
1441	1164
1881	1164
4027	1398
3604	1398
2276	1398
378	1398
1637	1398
637	3408
4027	3408
585	3408
538	109
637	109
500	109
4027	1692
3230	2051
117	4259
1967	1445
209	68
1505	1175
300	2680
3061	1491
3040	2540
1109	685
4381	2235
3805	528
879	258
837	258
843	1711
4394	1711
2238	4084
2964	4084
2362	4453
4360	4453
3590	1384
2746	3203
3689	3203
2374	248
1836	248
123	248
1738	248
1038	248
4076	248
2620	248
3409	248
713	1296
3632	1296
3054	1296
1347	2362
664	2362
2374	1286
2231	4232
1246	4232
1799	4232
3077	2374
3077	3575
3850	1520
4027	1520
1054	1520
4394	843
1054	727
259	727
419	3632
2660	369
2771	802
3590	2794
2421	2794
4381	3770
2694	3826
2292	1337
259	1337
4437	4038
2832	3351
3290	3351
1257	419
3136	419
794	419
1257	3850
632	3729
1457	2275
632	2275
1833	2275
632	1457
2558	1457
1180	1457
1249	1457
1733	1457
227	1457
563	1457
745	1457
749	1457
953	1457
2481	1457
2519	1457
1341	1457
763	1011
725	146
637	1876
2562	1876
1441	1876
500	1876
2578	1876
1731	2078
4395	637
4027	637
2562	637
529	637
1441	637
755	637
1497	637
2562	4395
1505	4395
970	4395
2562	4027
1257	632
3590	632
3614	632
1212	3004
2957	3004
3071	1541
3438	2446
529	2562
1441	2562
1731	2562
318	1441
1731	1441
14	4231
1741	3825
1741	607
1741	474
1497	474
4400	2908
4381	3873
2987	1387
4048	1387
4325	1066
990	1257
3596	1257
2470	1257
1797	1257
1478	3847
1738	3847
14	3847
344	3847
14	1716
4381	1802
4361	990
3596	990
3517	990
2136	990
3001	990
243	990
1797	990
2399	990
2925	990
1869	990
4223	580
4202	808
1285	1194
2327	1568
3883	1568
3855	2541
3310	1937
756	1170
1104	1050
1901	1050
4180	2895
670	2895
1478	2895
794	2895
1847	2895
4394	2895
2098	4180
670	4180
3451	4180
1597	117
839	117
1473	117
25	117
626	117
2840	117
1505	218
670	2098
1478	1505
3855	1505
502	1505
3400	1160
3230	1347
4308	3031
4073	1597
159	1597
4289	1597
3310	1597
879	129
794	1478
59	3230
2416	3230
1038	3230
4076	3230
2515	3230
2504	3230
1974	2296
4171	2296
1497	2987
1285	2146
3517	2146
1738	2146
1782	2146
3654	2094
925	683
1967	683
3123	683
306	683
1881	694
945	2800
1054	3590
1801	3590
664	3077
3340	3077
3317	558
14	3805
507	3538
664	945
4076	945
1138	945
323	945
387	945
860	945
2911	945
1869	3596
2806	2231
3273	2231
3855	4360
2720	4360
3500	3136
1497	1081
1556	2281
1869	2281
1743	4073
3198	4073
4048	755
395	4048
2302	4048
4133	395
2302	395
2620	395
1349	395
3054	1501
1963	2416
3225	1497
887	1497
763	1497
1056	1497
1519	1497
1959	1497
2197	1497
2822	1497
2978	1497
4209	965
1991	965
1688	3270
2879	3270
378	4209
2775	1991
4381	1991
4045	1964
3517	1974
2842	1974
4422	1974
4289	3198
2302	7
3727	1249
3730	1553
879	1553
1905	1285
3040	1285
114	3101
1981	159
725	2686
2472	2686
500	2746
3689	2746
700	2746
1981	4289
1981	3310
3056	3083
937	3083
1602	3083
3123	3083
4394	3579
1556	3224
2341	1995
752	1995
1869	1331
1340	102
4381	2775
664	3225
4076	3225
2515	3225
1138	3225
2496	4381
4367	4381
587	4381
799	4381
896	4381
1345	4381
1624	4381
1751	4381
1814	4381
1816	4381
1851	4381
2889	4381
2964	4381
3086	4381
3311	4381
3409	4381
3884	4381
3774	4381
3900	4381
3927	4381
4426	4381
1341	4381
1207	585
984	585
2874	1246
510	811
3502	2177
673	2177
3123	2177
4317	2177
1869	2177
1801	810
3191	810
318	810
479	1801
4129	1801
3191	1801
318	1801
2620	1801
318	479
318	4129
887	318
534	209
673	209
3131	2343
4229	3604
1138	664
3001	664
4317	4291
3591	207
763	1163
3730	2626
1367	3730
4252	2387
1963	14
2727	2292
3483	2292
756	259
3366	259
374	259
879	259
2145	259
3366	756
2276	1038
2934	374
231	534
4182	534
678	534
925	534
1077	534
1967	534
4342	534
4317	534
1340	3153
3875	3062
4287	1237
1341	1237
2276	3400
2410	3400
4400	3400
1797	3936
2276	1731
4282	1620
2472	164
1131	2371
1109	1104
1672	1104
1437	1556
3612	1556
3237	1556
4049	1556
116	2033
116	1567
3699	4308
4135	1901
1138	4076
1138	2515
2922	234
2284	3942
2276	2620
2414	3243
3056	3243
4437	3243
3056	2414
761	3046
3389	3046
2873	4437
1260	4437
1060	2633
2194	2633
726	2633
1928	2633
2194	1060
726	1060
887	1060
726	2194
2920	846
274	977
4302	2276
984	24
541	41
1721	2158
378	887
1636	887
1827	116
1963	160
1963	179
1948	189
1747	215
2336	290
4422	314
1077	344
3061	378
703	391
1255	1963
1709	1963
1945	1963
3500	1963
3483	1963
3028	448
1120	531
1601	541
1151	576
1798	576
3410	590
4342	590
669	594
4420	702
1056	721
1547	763
1305	794
1881	794
1080	896
1967	925
2244	925
4108	944
3239	949
306	1077
1948	1131
4252	1212
4358	1361
2190	1367
3727	1437
3612	1547
3637	1547
1341	1547
3483	1547
2787	1686
3945	1797
1869	1797
1830	1816
3500	1948
3999	1948
3382	1967
3727	1967
4342	1967
306	1967
4317	1967
4342	3612
3637	3612
1341	3612
3483	3612
1869	2399
2547	2481
2768	2664
3176	2721
3236	2732
2956	2781
1869	2925
4358	3087
4282	3192
3609	3414
4045	3568
4317	3727
4317	4342
2611	984
