4	553
5	1216
5	1947
6	2801
8	137
8	167
8	460
8	476
8	489
8	806
8	1175
8	1735
8	2297
8	2369
8	2891
8	2972
8	3179
9	57
9	167
9	340
9	439
9	1549
9	2137
9	2992
9	3266
11	16
11	167
11	436
11	470
11	744
11	755
11	788
11	1252
11	2066
11	2284
11	2292
11	2297
11	2366
11	2919
11	3119
11	3221
12	57
12	372
12	569
12	857
12	928
12	1500
12	2790
12	2968
16	387
16	553
18	2484
22	226
22	1425
22	1614
22	2689
23	953
23	1032
23	2801
24	755
24	1057
24	1613
24	1809
24	2450
25	399
25	2934
27	436
27	470
28	107
28	124
28	470
28	548
28	704
28	967
28	1296
28	1654
28	1794
28	2208
28	2302
28	2755
28	3307
35	2454
35	2791
36	37
36	553
36	1162
36	2007
36	2760
37	1197
37	2056
37	3309
39	410
43	628
43	1462
43	1785
43	2056
49	167
49	333
49	387
49	399
49	577
49	609
49	2117
49	3296
52	2442
53	159
54	167
54	347
54	1065
57	88
57	91
57	270
57	364
57	367
57	384
57	387
57	435
57	551
57	553
57	564
57	601
57	606
57	650
57	702
57	742
57	743
57	798
57	812
57	877
57	945
57	957
57	975
57	1005
57	1013
57	1085
57	1094
57	1123
57	1367
57	1384
57	1386
57	1448
57	1500
57	1523
57	1541
57	1638
57	1643
57	1671
57	1689
57	1750
57	1788
57	1853
57	1899
57	1968
57	1983
57	2061
57	2069
57	2137
57	2139
57	2253
57	2266
57	2273
57	2292
57	2302
57	2317
57	2365
57	2369
57	2389
57	2408
57	2420
57	2540
57	2579
57	2580
57	2619
57	2679
57	2739
57	2801
57	2832
57	2838
57	2919
57	2970
57	2976
57	3003
57	3253
57	3276
57	3334
59	601
59	2843
61	1968
61	2297
64	2755
69	167
69	436
69	1093
69	2297
69	2512
71	1071
74	384
74	755
74	1548
74	2137
74	2749
75	743
75	753
75	1166
75	1249
75	1484
75	1694
75	1756
75	1928
75	2206
75	3345
78	156
80	2137
87	1459
87	2103
87	2137
87	2305
88	564
88	699
88	839
88	1243
88	2679
89	343
89	1953
91	1101
91	1788
91	2306
91	2619
91	3264
94	693
94	2913
97	219
97	701
97	758
97	1023
97	1798
97	2655
97	2658
97	3167
100	2297
101	1823
101	2390
101	3200
103	906
103	2367
103	2847
104	999
104	1162
107	470
107	938
107	1926
107	1947
107	2884
107	3119
110	564
110	597
110	758
110	1185
110	1689
110	2161
110	2292
110	2468
110	2812
110	3175
111	241
111	2167
112	153
112	1852
112	2668
112	3015
112	3018
115	1750
115	1902
116	553
120	241
120	708
120	755
120	901
120	1081
120	1154
120	1417
120	1423
120	2087
120	2137
120	2700
120	2767
120	2869
125	169
125	632
125	1654
125	1983
127	859
127	1433
127	1589
127	2447
128	1005
128	1902
136	839
137	597
141	930
148	1750
148	2297
149	2951
153	383
153	755
154	753
154	905
154	992
154	1249
154	1928
154	2970
154	3345
156	189
156	262
156	361
156	503
156	597
156	633
156	744
156	758
156	808
156	893
156	947
156	1052
156	1126
156	1984
156	2031
156	2317
156	2397
156	2442
156	2551
156	2755
156	2909
156	3026
156	3058
156	3139
156	3198
156	3270
156	3318
157	994
157	2838
159	1947
159	2526
159	3198
160	2427
165	2526
167	270
167	384
167	387
167	646
167	743
167	930
167	1726
167	1748
167	1838
167	2044
167	2161
167	2195
167	2322
167	2430
167	2467
167	2484
167	2590
167	2602
167	2913
167	2919
167	2936
167	3108
167	3130
167	3195
167	3269
167	3313
169	246
169	302
169	560
169	606
169	632
169	761
169	788
169	2080
169	2516
169	3241
170	928
170	3023
172	228
172	840
172	1597
172	2069
173	1162
178	1960
178	2591
180	758
180	2220
182	503
182	859
182	1668
182	2295
183	3231
189	333
189	572
189	606
189	863
189	917
189	947
189	1344
189	1689
189	1803
189	1904
189	1908
189	2046
189	2167
189	2208
189	2211
189	2220
189	2292
189	2295
189	2338
189	2535
189	2551
189	2574
189	2580
189	2832
189	2853
189	2858
189	2904
189	2952
194	658
196	742
196	1748
196	2571
196	3095
198	317
198	470
198	563
198	2208
199	488
199	648
199	698
199	873
199	930
199	1221
199	1295
199	1448
199	2139
199	2376
199	2512
199	2702
199	2986
199	3178
199	3313
203	2026
204	577
204	2091
205	1459
205	2343
205	2526
206	2859
208	1394
208	2297
208	2339
208	2674
212	273
212	1256
212	1300
212	1548
215	470
215	2066
215	2108
216	2322
216	2642
218	613
218	1243
218	1290
218	1703
218	1778
218	2633
218	2655
218	2708
218	2764
218	2802
218	2812
218	2964
218	3063
218	3166
218	3299
218	3309
218	3353
219	304
219	1758
219	1983
219	2484
220	2660
220	2674
226	1425
226	2689
228	627
228	743
228	1947
228	1983
228	2484
228	2674
228	3100
230	435
230	3022
232	765
232	893
232	944
232	953
232	1001
232	1071
232	1286
232	1628
232	2355
232	2822
232	2968
232	3076
234	3296
235	1902
239	401
239	774
239	1769
239	1894
239	2115
239	2500
240	399
240	460
240	489
240	1162
240	1750
240	1789
240	3113
240	3334
241	708
241	901
241	945
241	1081
241	1154
241	1417
241	1423
241	2087
241	2137
241	2700
241	2767
241	2988
244	628
244	938
244	1059
244	1750
244	2484
246	606
246	632
246	755
246	761
246	788
246	981
246	1073
246	1791
246	2080
246	2361
246	2516
246	3099
246	3169
246	3241
247	863
250	715
250	1307
250	1823
250	2228
250	2619
250	3103
250	3272
255	514
255	2284
255	2604
260	658
260	758
260	861
260	1643
260	2137
262	393
262	863
262	1294
262	1414
262	1543
262	1780
262	1844
262	2292
262	2536
262	2656
262	2780
262	2960
262	2996
267	1788
269	470
269	591
269	1032
269	1039
269	1093
269	1191
269	1612
269	2103
269	2238
269	2288
269	2408
269	2562
269	2810
269	3276
270	716
270	755
270	1595
270	1915
270	2498
270	2596
270	2788
273	393
273	544
273	594
273	631
273	755
273	1300
273	1361
273	1548
273	1780
273	2484
273	2486
273	2573
273	2747
273	3232
278	1462
278	2056
280	2017
281	3026
288	2343
291	553
295	2511
295	3039
295	3102
296	1750
296	2297
299	2818
300	410
300	2117
300	3021
301	1670
302	606
302	632
302	761
302	788
302	2897
302	3241
304	509
304	569
304	577
304	674
304	697
304	758
304	857
304	1064
304	1654
304	1983
304	2484
304	3334
308	2526
317	1005
317	2086
317	2355
317	3052
317	3126
318	981
320	2224
321	1966
325	399
325	448
325	1858
325	2749
325	3097
327	822
329	1410
333	334
333	597
333	758
333	1257
333	2164
333	2221
333	2292
333	2512
333	2628
334	435
334	569
334	674
334	755
334	758
334	785
334	857
334	863
334	957
334	1036
334	1072
334	1168
334	1185
334	1257
334	1654
334	1673
334	2137
334	2221
334	2292
334	2489
334	2512
334	2606
334	2628
334	2853
334	2916
334	2951
334	3014
334	3302
334	3334
335	2551
337	436
337	470
337	744
337	780
337	1036
337	1157
337	1410
337	1504
337	3026
340	470
340	836
340	1367
340	1527
340	1887
340	2069
340	2249
340	2840
340	2945
340	3266
342	553
343	563
343	758
343	1788
343	2526
343	2843
353	1663
353	1730
358	755
358	767
358	1411
358	1658
358	3192
361	925
361	967
361	2193
361	2779
364	569
364	758
364	2026
364	2802
366	788
366	1002
366	2897
367	1950
372	744
372	780
372	1005
372	2790
372	2998
372	3309
373	874
373	1387
377	755
377	901
377	1002
377	1523
377	2027
377	2243
378	978
382	915
383	436
383	470
383	957
383	1252
383	3271
383	3334
384	399
384	448
384	460
384	518
384	557
384	650
384	785
384	789
384	877
384	924
384	975
384	986
384	1094
384	1136
384	1162
384	1186
384	1267
384	1416
384	1500
384	1606
384	1681
384	1750
384	1789
384	1853
384	1858
384	1878
384	1968
384	2006
384	2164
384	2254
384	2292
384	2306
384	2345
384	2371
384	2389
384	2411
384	2512
384	2574
384	2665
384	2679
384	2708
384	2714
384	2749
384	2801
384	2874
384	2996
384	3031
384	3097
384	3113
384	3130
384	3219
384	3271
384	3272
384	3299
384	3334
384	3345
385	1750
387	557
387	597
387	638
387	755
387	1118
387	1148
387	1188
387	1738
387	1817
387	2277
387	2843
387	2976
387	3175
387	3278
389	435
390	436
390	2484
391	1613
392	780
393	863
393	1780
393	2167
393	2512
394	401
394	701
394	744
394	832
394	1735
394	3026
398	807
399	755
399	2164
399	2512
399	2544
399	2614
399	2645
399	2708
399	2749
399	3021
399	3113
400	507
400	1668
400	2512
400	2633
400	2655
400	2951
400	3309
401	619
401	755
401	758
401	905
401	1167
401	1224
401	1249
401	1484
401	1735
401	1769
401	2057
401	2115
401	2137
401	2206
401	2333
401	2519
401	2542
401	3050
401	3178
401	3233
401	3276
403	1548
403	1658
404	981
404	1972
404	2105
406	1904
406	2482
406	3345
409	3049
410	877
410	1148
410	1548
410	1643
410	1825
410	1838
410	1983
410	2288
410	3023
410	3266
411	967
411	1676
411	1953
411	2155
411	2411
412	981
412	2858
415	2056
416	976
416	2442
417	2551
421	833
430	1199
430	1249
430	2206
430	2970
431	628
435	467
435	597
435	689
435	758
435	958
435	1064
435	1069
435	1362
435	2137
435	2292
435	2427
435	2596
435	2650
435	2936
436	470
436	503
436	635
436	704
436	744
436	780
436	874
436	1032
436	1036
436	1093
436	1120
436	1121
436	1159
436	1410
436	1462
436	1504
436	1564
436	1736
436	1777
436	1813
436	1854
436	1894
436	2243
436	2539
436	2569
436	2875
436	2979
436	3026
436	3079
436	3183
436	3205
438	834
439	790
439	1153
439	1382
440	1522
440	2399
444	2052
444	3279
447	693
447	2775
447	2812
447	2884
447	2927
448	1267
448	1689
448	3219
450	1118
450	3309
451	1908
451	1960
452	1166
459	553
459	2164
460	744
460	1032
460	1175
460	1431
460	2108
460	2195
460	2292
460	2369
460	2484
460	2752
460	2853
460	3175
460	3233
462	1540
464	628
466	569
466	857
466	1005
466	2951
467	569
467	610
467	640
467	981
467	1257
467	1588
467	1914
467	2292
467	2801
470	503
470	744
470	780
470	978
470	1032
470	1036
470	1093
470	1196
470	1410
470	1438
470	1489
470	1504
470	1545
470	1549
470	1564
470	1664
470	1670
470	1733
470	2487
470	2539
470	2998
470	3026
470	3233
470	3249
473	972
473	1136
473	1858
473	3334
473	3345
474	1785
476	2579
476	3219
476	3334
481	863
481	2031
483	1036
483	1136
483	2243
483	2862
484	1563
484	1803
485	1367
485	2249
486	2970
488	873
488	1221
488	2099
488	2484
488	2656
488	2868
488	3207
489	1175
489	1989
490	861
490	863
490	906
490	1235
490	1583
490	1735
490	2161
490	2536
490	2674
490	2722
490	3246
491	761
491	2679
492	2343
493	901
493	2170
494	2302
501	2968
503	553
503	601
503	627
503	1136
503	1256
503	2243
503	2379
503	2382
503	2442
503	2484
503	2526
503	2540
503	2551
503	2580
503	2812
503	2821
503	2916
503	2956
509	1983
509	2243
509	2686
509	3187
513	3296
516	953
516	1921
516	2208
516	2381
518	577
518	755
518	968
518	994
518	1166
518	2484
520	2655
520	3353
524	2968
525	1665
526	647
526	915
526	1101
526	1977
527	577
527	994
527	2292
527	2491
528	1540
532	3186
534	1947
534	2587
534	2633
534	2708
534	3193
536	806
536	967
536	981
536	994
536	2568
536	2688
536	2779
536	2822
536	2951
537	2292
537	2674
538	1750
539	1398
540	3296
544	1300
544	1548
547	2812
548	704
548	1296
548	1794
548	2208
548	2755
548	3307
550	1036
550	1944
551	758
553	577
553	632
553	659
553	660
553	765
553	791
553	918
553	938
553	1000
553	1016
553	1069
553	1166
553	1179
553	1367
553	1471
553	1537
553	1545
553	1585
553	1609
553	1662
553	1670
553	1791
553	1817
553	1887
553	1960
553	1990
553	2052
553	2238
553	2245
553	2284
553	2355
553	2464
553	2577
553	2852
553	2868
553	2958
553	3051
553	3070
553	3324
553	3336
557	674
557	916
557	1136
557	1166
557	1374
557	1968
557	2284
557	2512
557	2544
557	2619
557	2698
557	2996
557	3070
557	3271
558	2292
559	3313
560	650
560	1743
561	3276
562	3039
563	774
563	1956
563	1979
563	2014
563	2243
563	2960
564	699
564	1243
564	2367
564	2679
564	2955
565	3292
569	612
569	742
569	975
569	1036
569	1519
569	1544
569	1710
569	1973
569	2014
569	2068
569	2208
569	2220
569	2253
569	2292
569	2389
569	2410
569	2411
569	2444
569	2606
569	2731
569	2843
569	2916
569	3084
569	3145
572	744
572	1629
572	2137
572	2161
577	735
577	742
577	755
577	816
577	882
577	918
577	938
577	967
577	994
577	1005
577	1025
577	1026
577	1085
577	1314
577	1561
577	1608
577	1673
577	1876
577	2009
577	2126
577	2149
577	2220
577	2242
577	2243
577	2399
577	2404
577	2484
577	2539
577	2542
577	2545
577	2779
577	2838
577	2970
577	3023
577	3133
577	3244
590	917
590	2222
591	1197
591	1659
591	3070
591	3334
591	3344
593	2857
594	631
594	1300
594	2486
597	758
597	863
597	1036
597	1118
597	1583
597	1613
597	2129
597	2167
597	2208
597	2223
597	2243
597	2295
597	2512
597	2814
597	2853
597	3100
597	3292
601	755
601	1486
601	2343
601	2566
601	2987
606	632
606	761
606	788
606	976
606	1105
606	2516
606	2767
606	3099
606	3241
609	1010
609	1470
609	1579
609	2807
610	1286
610	2822
610	2891
610	2956
612	755
612	1186
612	1853
612	1983
612	3175
613	930
613	1778
613	2622
613	2633
613	2674
613	2708
613	3063
613	3309
624	798
624	1068
624	2484
624	2705
624	3232
627	884
627	918
627	945
627	1139
627	1831
627	2220
627	2580
627	2883
627	2930
627	3267
627	3332
628	697
628	727
628	768
628	819
628	859
628	863
628	981
628	1068
628	1318
628	1346
628	1361
628	1483
628	1484
628	1654
628	1689
628	1704
628	2052
628	2139
628	2243
628	2484
628	2513
628	2623
628	2698
628	2814
628	3201
628	3286
628	3292
629	2679
631	1300
631	1548
631	1658
632	651
632	761
632	788
632	1105
632	2755
632	2897
632	3241
632	3253
635	975
636	1949
640	2292
641	1569
641	3292
642	812
642	1005
642	1153
642	1210
642	1257
642	1414
642	1671
642	1853
642	2266
642	2329
642	2484
642	2685
642	2960
642	2986
642	3166
646	2622
647	755
647	1101
647	1977
649	2551
650	755
650	1367
650	1556
650	1983
650	3169
653	2292
653	2512
653	2790
658	758
658	1500
658	3100
658	3113
660	1197
667	3181
669	832
674	758
674	2206
674	2292
684	2545
688	1126
689	1803
689	2322
689	2484
693	2708
693	2775
693	2812
693	2873
693	2884
693	2927
695	2812
697	758
697	2821
697	3175
698	2243
698	2964
699	1036
699	1597
699	1972
699	2061
699	2243
699	2295
699	2551
699	2679
699	3070
699	3097
699	3219
699	3334
701	906
701	2186
701	2580
701	2958
702	857
702	2645
702	2838
703	1483
704	930
704	1296
704	1794
704	2108
704	2208
704	2690
704	2755
704	2936
704	3307
708	786
708	901
708	945
708	1081
708	1154
708	2087
708	2700
708	2869
710	989
710	2052
710	2511
710	3279
715	906
715	1148
715	1213
715	1307
715	1823
715	2228
715	3103
715	3272
724	1235
725	1330
727	1197
727	1267
731	1162
732	1308
735	2951
742	755
742	861
742	1064
742	1654
742	1989
742	2220
742	2438
742	3095
742	3113
743	857
743	1072
743	1158
743	1654
743	2014
744	780
744	863
744	959
744	978
744	1032
744	1036
744	1039
744	1093
744	1120
744	1388
744	1410
744	1504
744	1789
744	1928
744	2588
744	2686
744	2916
744	2998
744	3023
744	3026
744	3271
747	1013
748	996
748	2615
749	1758
750	2069
753	1166
753	1694
753	1756
753	3345
754	1960
755	764
755	785
755	789
755	797
755	805
755	832
755	932
755	978
755	986
755	993
755	1005
755	1013
755	1036
755	1094
755	1136
755	1161
755	1166
755	1186
755	1416
755	1448
755	1500
755	1523
755	1548
755	1601
755	1606
755	1612
755	1613
755	1663
755	1695
755	1722
755	1748
755	1788
755	1789
755	1838
755	1845
755	1853
755	1878
755	1894
755	1949
755	1968
755	1977
755	1983
755	2006
755	2026
755	2029
755	2061
755	2284
755	2292
755	2297
755	2302
755	2306
755	2343
755	2345
755	2371
755	2389
755	2411
755	2512
755	2519
755	2539
755	2590
755	2619
755	2711
755	2749
755	2755
755	2789
755	2801
755	2820
755	2862
755	2909
755	2934
755	2996
755	3001
755	3003
755	3021
755	3189
755	3204
755	3224
755	3271
755	3307
757	2292
757	2752
758	774
758	789
758	834
758	863
758	906
758	917
758	930
758	938
758	957
758	981
758	1018
758	1036
758	1118
758	1168
758	1257
758	1275
758	1313
758	1425
758	1448
758	1517
758	1527
758	1544
758	1613
758	1673
758	1852
758	1908
758	1971
758	2014
758	2026
758	2029
758	2056
758	2073
758	2104
758	2124
758	2131
758	2159
758	2211
758	2230
758	2292
758	2316
758	2329
758	2339
758	2404
758	2484
758	2489
758	2507
758	2512
758	2519
758	2539
758	2551
758	2587
758	2606
758	2692
758	2807
758	2843
758	2853
758	2858
758	2916
758	2934
758	2951
758	2958
758	2976
758	2991
758	2992
758	3128
758	3302
758	3334
761	788
761	1109
761	2516
761	2669
761	3241
764	877
764	2006
764	2789
764	3163
765	1071
766	2802
766	3166
767	1548
767	1925
767	3192
768	2080
774	832
774	1484
774	1769
774	2115
774	2500
775	806
775	857
775	2371
776	3155
779	1758
780	863
780	1032
780	1036
780	1093
780	1410
780	1489
780	1504
780	1832
780	2998
780	3026
780	3258
783	789
783	2316
785	1166
785	1257
785	1840
785	2222
785	2292
785	2628
785	2996
785	3175
786	901
786	1430
786	2087
786	3115
788	1105
788	2516
788	3241
789	1332
789	1663
791	2006
797	1548
797	2711
798	2822
803	2551
803	2945
805	967
805	2104
805	3038
806	1184
806	3119
807	1308
807	1425
807	1665
807	2689
807	2784
807	2810
807	2926
807	3198
807	3310
808	2484
809	1057
812	1257
812	1671
812	2266
812	2329
812	2629
813	2154
816	1257
818	1548
819	3309
821	2339
822	2752
832	1606
832	1785
832	1928
832	2749
832	2970
832	3073
832	3345
833	2512
834	2292
834	2297
834	2352
834	2390
834	3147
836	3266
839	1912
839	2763
846	2278
846	2617
848	2665
849	2688
857	877
857	1036
857	1257
857	1425
857	1484
857	1541
857	1750
857	2006
857	2014
857	2164
857	2292
857	2389
857	2399
857	2444
857	2512
857	2551
857	2590
857	2658
857	2904
857	2976
857	3066
857	3097
857	3262
857	3345
859	1276
859	1947
859	1953
859	2793
859	3119
861	992
861	1005
861	1081
861	1768
861	1949
861	2086
861	2708
861	2789
861	2832
861	3026
861	3050
863	916
863	945
863	1032
863	1071
863	1410
863	1411
863	1504
863	1670
863	1780
863	2055
863	2292
863	2596
863	2650
863	3026
863	3148
873	2292
874	1669
874	1673
874	2221
874	2243
874	2923
877	1197
877	2006
877	3076
877	3146
877	3163
877	3200
877	3336
878	984
878	1417
878	1500
878	2026
878	2195
878	2322
878	2345
878	2367
878	2382
878	2513
878	2579
878	2580
881	2628
881	2674
881	2974
882	893
882	1286
882	2822
884	2411
887	3018
891	1878
893	944
893	1071
893	1286
893	1628
893	2032
893	2212
893	2355
893	2416
893	2822
893	2968
893	3076
895	1953
896	994
896	3175
897	1243
899	2484
901	945
901	1081
901	1154
901	1257
901	1417
901	1423
901	1506
901	1654
901	1680
901	1858
901	2087
901	2243
901	2367
901	2513
901	2700
901	2732
901	2767
901	2869
901	3115
902	1120
902	1548
902	1791
902	1983
902	2243
902	2833
905	1249
905	1484
905	1756
905	1928
905	2206
905	2519
905	2621
905	2970
905	3304
905	3345
906	1519
906	1563
906	1695
906	1748
906	1776
906	1938
906	2297
906	2484
906	2674
906	2807
907	968
916	1613
916	2292
916	3244
917	1840
917	2292
917	2382
917	2912
918	1136
918	1410
918	2674
920	3109
921	999
924	1548
924	1983
924	2512
925	1249
925	1664
925	1921
925	2345
925	2417
927	1335
929	3272
930	968
930	1308
930	1362
930	1545
930	1654
930	1660
930	1668
930	1758
930	2474
930	2650
930	2688
930	2927
932	1548
932	2367
938	1019
938	1064
938	1548
938	1654
938	2137
938	2195
938	2243
938	2247
938	2484
938	2547
938	3023
938	3292
939	1878
944	1071
944	1286
944	2355
944	2822
944	2968
945	1423
945	2266
945	2325
945	2369
945	2440
945	2752
945	2767
945	3000
947	1171
947	2847
947	3292
953	981
953	1989
953	2399
953	2512
953	2821
953	2858
954	2155
957	2137
957	2420
957	2619
959	1148
959	2061
959	2137
967	1031
967	1296
967	1548
967	1794
967	1938
967	2698
967	2755
967	2779
967	3169
968	2932
970	1286
972	1434
973	1750
973	2891
975	2512
976	1693
976	1983
976	2361
976	2484
976	2650
976	3099
976	3166
978	1462
978	1730
978	2137
978	2512
978	2755
978	2789
978	2843
978	2858
978	3163
978	3334
980	2729
981	1136
981	1654
981	1814
981	2484
981	3100
981	3266
983	2247
984	1136
984	2026
984	3334
986	2164
986	2420
986	2512
986	2566
986	2749
986	2919
987	1908
987	2862
988	2124
992	1016
992	1249
992	1381
992	1484
992	1756
992	1928
992	2137
992	2206
992	2512
992	2652
992	2789
992	2970
992	2974
992	3345
994	1173
994	1608
994	3005
996	1243
998	1073
998	3276
999	2434
999	3070
1002	1523
1002	1780
1002	2101
1002	3070
1002	3182
1005	1064
1005	1153
1005	1257
1005	1548
1005	1643
1005	1671
1005	1983
1005	2484
1005	2685
1005	2960
1005	2986
1005	3119
1005	3166
1008	1286
1008	1410
1008	2822
1011	3200
1013	1210
1013	1448
1013	1606
1013	1671
1013	1788
1013	2622
1013	2629
1013	2648
1018	1912
1018	2650
1018	3262
1019	1295
1019	1329
1019	1713
1019	2339
1019	2512
1022	2347
1023	1548
1025	1722
1025	3039
1026	1908
1029	1968
1029	2512
1029	2674
1029	3271
1029	3334
1031	1938
1032	1036
1032	1093
1032	1410
1032	1489
1032	1504
1032	1770
1032	2998
1032	3026
1036	1093
1036	1257
1036	1410
1036	1504
1036	1840
1036	2108
1036	2243
1036	2292
1036	2749
1036	2845
1036	2909
1036	2951
1036	2976
1036	3026
1036	3233
1048	2411
1051	1871
1052	1064
1052	1397
1052	1858
1052	1971
1057	1460
1057	1541
1057	1884
1059	1710
1059	2484
1064	2086
1064	2126
1064	2484
1064	2536
1064	2539
1064	3291
1064	3334
1066	1093
1066	1243
1068	1454
1069	1162
1069	1416
1069	1750
1071	1286
1071	1564
1071	1628
1071	1994
1071	2355
1071	2822
1071	2968
1071	3076
1072	1899
1072	2547
1072	2587
1072	2752
1073	1092
1073	1180
1073	1243
1073	1296
1073	1545
1073	1750
1073	1757
1073	1887
1073	1949
1073	2026
1073	2056
1073	2061
1073	2115
1073	2297
1073	2755
1073	2951
1073	2991
1081	1154
1081	1423
1081	2056
1081	2087
1081	2700
1081	2767
1084	2347
1092	2557
1092	3021
1093	1388
1093	1395
1093	1410
1093	1469
1093	1489
1093	1504
1093	1631
1093	2390
1093	3026
1093	3142
1093	3176
1094	1136
1094	1954
1094	2317
1094	3307
1094	3344
1096	1750
1100	2801
1101	1224
1101	1548
1101	1977
1101	1983
1101	2968
1105	1670
1105	2484
1105	2516
1105	3241
1117	1197
1118	1125
1118	2170
1118	2292
1118	3189
1120	1968
1123	1500
1123	2146
1123	3113
1126	1361
1126	1387
1126	1624
1126	2189
1126	2993
1126	3232
1130	1967
1130	2161
1130	2292
1136	1141
1136	1166
1136	1441
1136	1443
1136	1606
1136	1748
1136	1928
1136	1966
1136	2006
1136	2061
1136	2108
1136	2137
1136	2288
1136	2367
1136	2512
1136	2692
1136	2749
1136	2862
1136	2996
1136	3000
1136	3334
1141	2288
1143	3225
1144	2230
1148	2020
1148	2196
1148	2228
1148	2714
1148	3098
1148	3126
1148	3232
1148	3272
1153	1671
1153	2298
1153	2960
1153	2986
1153	3119
1153	3166
1154	1166
1154	1423
1154	2700
1154	2767
1154	2869
1157	1637
1157	1758
1158	3203
1159	1681
1162	2090
1162	2596
1162	2602
1163	2329
1166	1186
1166	1238
1166	1257
1166	1694
1166	1756
1166	1853
1166	1933
1166	1953
1166	2137
1166	2652
1166	2669
1166	2674
1166	2714
1166	2852
1166	3176
1166	3309
1166	3334
1167	2519
1168	1561
1169	1410
1172	2009
1174	2593
1175	1544
1175	2369
1175	2464
1175	2551
1175	2972
1176	1977
1176	2484
1179	2247
1179	2968
1180	3286
1186	1527
1186	1853
1186	2137
1186	2749
1194	2026
1195	2243
1195	3213
1197	1383
1197	2243
1197	2686
1197	2722
1197	2930
1197	3039
1197	3297
1197	3315
1210	1448
1210	1671
1210	1788
1210	2266
1210	2273
1210	2622
1210	2629
1210	2648
1213	3272
1221	2099
1221	2624
1221	2868
1221	3207
1222	2200
1226	1425
1235	1465
1235	2306
1237	2540
1243	1703
1243	1863
1243	2679
1243	2919
1243	2964
1243	3353
1249	1484
1249	1735
1249	1756
1249	1928
1249	2206
1249	2519
1249	2621
1249	2970
1249	3200
1249	3280
1249	3345
1252	1723
1252	2357
1252	2656
1256	1300
1256	1424
1256	2486
1256	2645
1256	2669
1257	1410
1257	1914
1257	2006
1257	2091
1257	2131
1257	2208
1257	2292
1257	2399
1257	2484
1257	2602
1257	2629
1257	2790
1257	2838
1257	2904
1257	2934
1257	2991
1257	3133
1257	3334
1267	1361
1267	1676
1267	1727
1267	1983
1267	2243
1267	2411
1267	2512
1267	2544
1267	2595
1267	2843
1267	2919
1267	2996
1267	3031
1267	3070
1267	3146
1279	1528
1286	1628
1286	1994
1286	2073
1286	2355
1286	2619
1286	2822
1286	2968
1286	3076
1286	3102
1290	1693
1291	2465
1295	1396
1295	2564
1295	2951
1295	2964
1295	3126
1295	3296
1296	1329
1296	1794
1296	2208
1296	2690
1296	2755
1296	3307
1300	1548
1300	1658
1300	2486
1300	2747
1307	1823
1307	2228
1307	2798
1307	2834
1307	3103
1307	3272
1308	1739
1308	2243
1308	2512
1308	2540
1308	3201
1312	2955
1313	2551
1314	1845
1321	2243
1324	1569
1324	1689
1324	2046
1324	2073
1344	2467
1344	2951
1359	1638
1359	1840
1359	2292
1359	3204
1361	2026
1361	2243
1361	2866
1362	2919
1367	1722
1367	1887
1367	2069
1367	2249
1367	3039
1367	3102
1367	3166
1367	3266
1368	1928
1368	2115
1368	2139
1368	2519
1371	2822
1373	1991
1380	2955
1380	3232
1380	3292
1381	1912
1381	3262
1383	2056
1384	2292
1386	1483
1386	1569
1386	1750
1386	2371
1386	2580
1386	2789
1386	2849
1386	3334
1388	2970
1394	1689
1394	2288
1398	2137
1410	1504
1410	1549
1410	2230
1410	2557
1410	2813
1410	3026
1410	3232
1411	1545
1411	2755
1414	2484
1414	3232
1416	2137
1416	2789
1417	2767
1417	2869
1423	2087
1425	2132
1425	2243
1425	2689
1425	3282
1431	1548
1433	1710
1436	2425
1441	1947
1441	2061
1443	1502
1443	1522
1443	1548
1444	2206
1448	1671
1448	1788
1448	2137
1448	2243
1448	2273
1448	2629
1448	2648
1448	3296
1462	2056
1464	1582
1465	3314
1467	3225
1470	1493
1471	2411
1476	1613
1477	2658
1481	2355
1481	2482
1483	2752
1484	1928
1484	1966
1484	2014
1484	2206
1484	2970
1486	2343
1486	2566
1486	2712
1489	3026
1491	2046
1496	2056
1500	1752
1500	2464
1500	2544
1500	2619
1500	2708
1500	2790
1500	3113
1500	3222
1500	3240
1504	2733
1504	3026
1504	3057
1514	1966
1517	2619
1519	1563
1520	1670
1527	2367
1527	2916
1527	3119
1534	2297
1540	1548
1540	1592
1540	1914
1540	1983
1543	1780
1543	2606
1543	2852
1543	3302
1544	1670
1544	1983
1544	2615
1548	1841
1548	2292
1548	2486
1548	2580
1548	2665
1548	2747
1548	2858
1548	2904
1548	3157
1549	2566
1549	2722
1549	3296
1556	1693
1556	2622
1556	2762
1556	2801
1561	2056
1561	2061
1561	3334
1563	3126
1574	1973
1574	2838
1577	1689
1601	2574
1602	2580
1603	2551
1605	3266
1606	2512
1606	3334
1608	1840
1611	2066
1611	2484
1611	2574
1611	2955
1611	3292
1611	3296
1612	1983
1613	1809
1613	2292
1613	2450
1614	1758
1614	2689
1615	2540
1618	2551
1619	1852
1628	2355
1628	2822
1628	2968
1628	3076
1629	2650
1631	1713
1632	2164
1636	2292
1636	2672
1637	3225
1637	3313
1638	3204
1643	1803
1643	1902
1643	2247
1643	2292
1643	3145
1648	2292
1654	1894
1654	1949
1654	1968
1654	1979
1654	2014
1654	2046
1654	2066
1654	2126
1654	2131
1654	2539
1654	2619
1654	2838
1654	3334
1654	3336
1656	2339
1658	2747
1658	3198
1659	2343
1659	2696
1660	2377
1660	2410
1662	2810
1663	3141
1664	2327
1664	2378
1668	2292
1668	2708
1668	2977
1668	3309
1668	3334
1670	1681
1670	2029
1670	2484
1670	3119
1671	1788
1671	2266
1671	2273
1671	2329
1671	2622
1671	2629
1671	2648
1671	2960
1671	2986
1671	3166
1671	3334
1673	1730
1673	1746
1673	2987
1681	2164
1681	2243
1681	2874
1688	1947
1689	1803
1689	2579
1689	2580
1689	2633
1689	2752
1689	2875
1689	2919
1693	2648
1693	2762
1693	2858
1693	3198
1694	1756
1694	2636
1694	2652
1703	2802
1703	3166
1707	3181
1710	1940
1710	2954
1710	3132
1714	2164
1722	2767
1722	2774
1722	3039
1722	3102
1722	3166
1722	3266
1723	2357
1723	2656
1725	2328
1730	1758
1730	2370
1730	3310
1731	3232
1733	2686
1735	2009
1735	2054
1735	2333
1735	2519
1735	2542
1735	2970
1742	3292
1744	1858
1744	2648
1744	3345
1746	1774
1748	2124
1748	2934
1748	3269
1748	3299
1750	1841
1750	2090
1750	2137
1750	2240
1750	2512
1750	2557
1750	2930
1750	2989
1750	3240
1752	3113
1755	2964
1756	2206
1756	2652
1756	2970
1756	3345
1758	2674
1758	3157
1761	2674
1762	2968
1769	3304
1770	2873
1774	2834
1778	2633
1778	2708
1778	3063
1778	3309
1778	3353
1780	1844
1780	2167
1780	2292
1780	2397
1783	3003
1785	2222
1785	3083
1788	2137
1788	2306
1788	2629
1788	2648
1788	3264
1789	2137
1789	3100
1789	3271
1791	2807
1794	2208
1794	2755
1794	3307
1797	2297
1801	2681
1801	3090
1802	1902
1802	2411
1803	1902
1803	1957
1803	2010
1803	2405
1803	3207
1805	2511
1807	2650
1807	2822
1808	2288
1814	1894
1814	2484
1814	3232
1823	2228
1823	2284
1823	2427
1823	3103
1823	3201
1823	3272
1831	2284
1840	2208
1840	2512
1840	2606
1840	3012
1840	3302
1841	3296
1853	2544
1853	2807
1853	3334
1854	3292
1858	2243
1858	3126
1871	2747
1871	2936
1871	2990
1876	1921
1876	3267
1878	2164
1878	2512
1878	2749
1878	2934
1887	2069
1887	2249
1887	2425
1887	3167
1887	3266
1894	2073
1894	2238
1894	2500
1894	2695
1894	2858
1894	3076
1899	2224
1899	2512
1902	3027
1904	1908
1904	2367
1912	2306
1912	3262
1913	2371
1914	2602
1914	2650
1914	2789
1914	2858
1914	2909
1914	2912
1914	3253
1915	3231
1921	2030
1921	2345
1928	2206
1928	2292
1928	2652
1928	2970
1928	3304
1928	3345
1929	1947
1938	2316
1938	2343
1944	2810
1947	2094
1947	2442
1947	2730
1947	2983
1947	3361
1949	2137
1949	2195
1949	2427
1949	3149
1950	2253
1950	3344
1951	2343
1951	3195
1953	2111
1955	3292
1966	2288
1968	2512
1968	2843
1968	2996
1968	3319
1971	2674
1972	3334
1973	2838
1982	3334
1983	2006
1983	2292
1983	2329
1983	2347
1983	2444
1983	2463
1983	2579
1983	2660
1983	2679
1983	2807
1983	2814
1983	2840
1983	2904
1983	3009
1983	3219
1989	3302
1990	2698
1991	3018
2006	2164
2006	2292
2006	2297
2006	2588
2006	2590
2006	2807
2006	2884
2009	3334
2012	2729
2013	2292
2013	2891
2014	2392
2015	2766
2017	3310
2019	2411
2020	2059
2026	2195
2026	2243
2026	2292
2026	2579
2026	2580
2026	2652
2026	3203
2027	2031
2027	2056
2031	2137
2031	2951
2031	2958
2031	3102
2031	3232
2033	3307
2033	3313
2039	3102
2046	2292
2052	3279
2056	2139
2056	2177
2056	2292
2056	2785
2056	2926
2056	2960
2061	2137
2061	2164
2061	2512
2061	2661
2061	2739
2061	2843
2061	3097
2061	3175
2066	2427
2066	2484
2066	2564
2066	2668
2069	2249
2069	3266
2073	2891
2075	2377
2080	2516
2081	2543
2081	2801
2086	2484
2087	2576
2087	2700
2087	2767
2087	3115
2088	2580
2088	2960
2089	2791
2090	2791
2090	3219
2090	3334
2091	3316
2102	2389
2102	3334
2103	2408
2104	3127
2108	3102
2111	2190
2111	2660
2112	2411
2112	2838
2115	2500
2115	3178
2115	3262
2115	3304
2117	3021
2117	3129
2124	2484
2124	3232
2131	2292
2131	2329
2135	2339
2135	3213
2137	2247
2137	2284
2137	2297
2137	2306
2137	2418
2137	2512
2137	2519
2137	2602
2137	2630
2137	2648
2137	2674
2137	2714
2137	2755
2137	2789
2137	2791
2137	2801
2137	2832
2137	2833
2137	2838
2137	2869
2137	2996
2137	3023
2137	3073
2137	3113
2137	3165
2137	3175
2137	3177
2137	3204
2137	3231
2137	3313
2137	3334
2137	3336
2137	3344
2139	3023
2139	3292
2139	3296
2147	2688
2151	2547
2151	2568
2159	2951
2161	2484
2161	2674
2161	3198
2162	2591
2164	2243
2164	2306
2164	2539
2164	2551
2164	2587
2164	2619
2164	2674
2164	2749
2164	2789
2164	2874
2164	3097
2164	3262
2164	3334
2164	3345
2167	2292
2167	2499
2167	2628
2167	3175
2177	3334
2193	2968
2195	3237
2201	2977
2202	2674
2206	2519
2206	2575
2206	2652
2206	2970
2206	3046
2206	3128
2206	3280
2206	3304
2206	3345
2207	2306
2207	2512
2207	2996
2207	3334
2208	2222
2208	2292
2208	2755
2208	3175
2208	3232
2208	3307
2211	3080
2214	3022
2218	2974
2220	2628
2220	3057
2221	2733
2228	3103
2228	3272
2242	2361
2243	2339
2243	2341
2243	2355
2243	2411
2243	2484
2243	2544
2243	2551
2243	2587
2243	2648
2243	2752
2243	2762
2243	2812
2243	2843
2243	2884
2243	2916
2243	2951
2243	2987
2243	3105
2243	3195
2246	3230
2247	3222
2247	3336
2249	3266
2249	3306
2252	2691
2257	3165
2266	2273
2266	2329
2266	2629
2273	2648
2277	2919
2278	2617
2284	2292
2284	2447
2284	2484
2284	2642
2284	2875
2284	2919
2284	2950
2284	2958
2284	3233
2284	3237
2291	3195
2292	2367
2292	2512
2292	2519
2292	2580
2292	2606
2292	2628
2292	2807
2292	2853
2292	2884
2292	2951
2292	2962
2292	3175
2292	3217
2292	3302
2292	3334
2296	3026
2297	2569
2297	2696
2297	2819
2297	3011
2297	3175
2297	3240
2297	3286
2297	3344
2298	2551
2305	2339
2305	2656
2306	2512
2306	2544
2306	2619
2306	2708
2306	2843
2306	2996
2306	3264
2324	2746
2324	3194
2325	2484
2325	3334
2329	2629
2330	2686
2333	2411
2333	2519
2333	2542
2333	3050
2339	2411
2339	2668
2339	2740
2339	3298
2343	2566
2343	2712
2343	2987
2345	2420
2345	2807
2345	3276
2345	3344
2347	2708
2347	2831
2347	3309
2355	2822
2355	2968
2355	3070
2355	3076
2357	2656
2361	2516
2361	3169
2363	3232
2367	2389
2367	2832
2367	2992
2367	2998
2367	3342
2369	2382
2382	2880
2389	2399
2389	2544
2389	2587
2389	2708
2389	2749
2389	2934
2389	3175
2397	2968
2399	2838
2408	2420
2410	2880
2411	2522
2411	2587
2411	3031
2411	3113
2411	3253
2420	3003
2420	3334
2437	2987
2440	2933
2442	2674
2442	3237
2464	3113
2467	3022
2467	3152
2467	3195
2467	3269
2472	3266
2475	2591
2475	3109
2482	2551
2484	2539
2484	2674
2484	2733
2484	2773
2484	2807
2484	2916
2484	3121
2484	3175
2484	3232
2484	3262
2484	3299
2484	3302
2491	2535
2500	2519
2500	2970
2500	3178
2500	3304
2511	3352
2512	2544
2512	2619
2512	2669
2512	2749
2512	2789
2512	2843
2512	2956
2512	2996
2512	3021
2512	3031
2512	3262
2512	3334
2514	2551
2516	3099
2516	3241
2519	2542
2519	2936
2519	3050
2519	3181
2520	2551
2523	2909
2535	2853
2535	3175
2542	2970
2542	3292
2544	2749
2544	3097
2544	3113
2544	3219
2545	2636
2547	3299
2551	2951
2552	3232
2566	2712
2566	3334
2568	2932
2573	2998
2575	2936
2579	2580
2579	2681
2580	2590
2580	2681
2580	2752
2580	2919
2580	3003
2587	2763
2587	3091
2590	3244
2596	3336
2604	2762
2619	2812
2619	3071
2619	3219
2619	3290
2619	3334
2621	2970
2622	2762
2622	2801
2628	3334
2629	2648
2630	2791
2630	2996
2630	3146
2630	3175
2633	2655
2633	2708
2633	2764
2633	3063
2633	3309
2633	3334
2633	3353
2634	3026
2636	2749
2636	2987
2641	2650
2648	3113
2648	3130
2650	3081
2652	2970
2652	3345
2655	2764
2655	2812
2655	3309
2655	3353
2656	3292
2660	2852
2665	2822
2665	2843
2665	2951
2665	3113
2671	3290
2674	2708
2674	2843
2674	2919
2674	3232
2674	3309
2675	2916
2685	2960
2686	2688
2686	3119
2688	3023
2690	2755
2690	3307
2698	3232
2700	2767
2700	2869
2708	2749
2708	2764
2708	2849
2708	3063
2708	3097
2708	3309
2708	3334
2708	3345
2708	3353
2714	2843
2726	2968
2739	3003
2749	3097
2749	3219
2749	3271
2749	3334
2752	3070
2752	3334
2755	2845
2755	3038
2755	3042
2755	3276
2755	3307
2762	2801
2762	2909
2764	3309
2764	3353
2766	3070
2767	3115
2774	3039
2774	3102
2775	2812
2775	2884
2784	2916
2786	2866
2788	2966
2789	3334
2789	3344
2790	3175
2791	3146
2791	3175
2791	3240
2801	3265
2801	3278
2802	2964
2802	3353
2807	3334
2810	2909
2810	3026
2810	3296
2812	2873
2812	2884
2812	2927
2812	3309
2812	3353
2818	3277
2819	2919
2822	2968
2822	3076
2838	2858
2838	3070
2841	3296
2843	3204
2843	3271
2843	3334
2853	3175
2858	3276
2859	2973
2859	3193
2862	3200
2873	2884
2873	2927
2874	3334
2875	2919
2875	2950
2875	2996
2880	3282
2884	2927
2884	3063
2903	3232
2914	2919
2916	3026
2916	3201
2916	3292
2927	3113
2932	3081
2934	3119
2934	3269
2934	3271
2934	3334
2934	3344
2949	2968
2950	3070
2951	2958
2952	3097
2955	3103
2956	3124
2960	2986
2964	3166
2964	3299
2964	3353
2968	2975
2968	3076
2968	3302
2970	3046
2970	3304
2986	3166
2996	3100
2996	3271
2996	3319
2998	3023
2998	3026
3003	3276
3006	3039
3023	3157
3037	3345
3039	3070
3039	3102
3039	3266
3040	3292
3063	3309
3063	3353
3100	3344
3102	3266
3103	3272
3113	3198
3119	3296
3121	3296
3123	3292
3128	3304
3157	3219
3160	3334
3163	3345
3166	3353
3175	3334
3175	3344
3178	3304
3178	3321
3204	3213
3209	3269
3209	3292
3219	3296
3266	3297
3271	3276
3272	3276
3276	3334
3292	3295
3296	3307
3296	3313
3309	3353
553	4
1216	5
1947	5
2801	6
137	8
167	8
460	8
476	8
489	8
806	8
1175	8
1735	8
2297	8
2369	8
2891	8
2972	8
3179	8
57	9
167	9
340	9
439	9
1549	9
2137	9
2992	9
3266	9
16	11
167	11
436	11
470	11
744	11
755	11
788	11
1252	11
2066	11
2284	11
2292	11
2297	11
2366	11
2919	11
3119	11
3221	11
57	12
372	12
569	12
857	12
928	12
1500	12
2790	12
2968	12
387	16
553	16
2484	18
226	22
1425	22
1614	22
2689	22
953	23
1032	23
2801	23
755	24
1057	24
1613	24
1809	24
2450	24
399	25
2934	25
436	27
470	27
107	28
124	28
470	28
548	28
704	28
967	28
1296	28
1654	28
1794	28
2208	28
2302	28
2755	28
3307	28
2454	35
2791	35
37	36
553	36
1162	36
2007	36
2760	36
1197	37
2056	37
3309	37
410	39
628	43
1462	43
1785	43
2056	43
167	49
333	49
387	49
399	49
577	49
609	49
2117	49
3296	49
2442	52
159	53
167	54
347	54
1065	54
88	57
91	57
270	57
364	57
367	57
384	57
387	57
435	57
551	57
553	57
564	57
601	57
606	57
650	57
702	57
742	57
743	57
798	57
812	57
877	57
945	57
957	57
975	57
1005	57
1013	57
1085	57
1094	57
1123	57
1367	57
1384	57
1386	57
1448	57
1500	57
1523	57
1541	57
1638	57
1643	57
1671	57
1689	57
1750	57
1788	57
1853	57
1899	57
1968	57
1983	57
2061	57
2069	57
2137	57
2139	57
2253	57
2266	57
2273	57
2292	57
2302	57
2317	57
2365	57
2369	57
2389	57
2408	57
2420	57
2540	57
2579	57
2580	57
2619	57
2679	57
2739	57
2801	57
2832	57
2838	57
2919	57
2970	57
2976	57
3003	57
3253	57
3276	57
3334	57
601	59
2843	59
1968	61
2297	61
2755	64
167	69
436	69
1093	69
2297	69
2512	69
1071	71
384	74
755	74
1548	74
2137	74
2749	74
743	75
753	75
1166	75
1249	75
1484	75
1694	75
1756	75
1928	75
2206	75
3345	75
156	78
2137	80
1459	87
2103	87
2137	87
2305	87
564	88
699	88
839	88
1243	88
2679	88
343	89
1953	89
1101	91
1788	91
2306	91
2619	91
3264	91
693	94
2913	94
219	97
701	97
758	97
1023	97
1798	97
2655	97
2658	97
3167	97
2297	100
1823	101
2390	101
3200	101
906	103
2367	103
2847	103
999	104
1162	104
470	107
938	107
1926	107
1947	107
2884	107
3119	107
564	110
597	110
758	110
1185	110
1689	110
2161	110
2292	110
2468	110
2812	110
3175	110
241	111
2167	111
153	112
1852	112
2668	112
3015	112
3018	112
1750	115
1902	115
553	116
241	120
708	120
755	120
901	120
1081	120
1154	120
1417	120
1423	120
2087	120
2137	120
2700	120
2767	120
2869	120
169	125
632	125
1654	125
1983	125
859	127
1433	127
1589	127
2447	127
1005	128
1902	128
839	136
597	137
930	141
1750	148
2297	148
2951	149
383	153
755	153
753	154
905	154
992	154
1249	154
1928	154
2970	154
3345	154
189	156
262	156
361	156
503	156
597	156
633	156
744	156
758	156
808	156
893	156
947	156
1052	156
1126	156
1984	156
2031	156
2317	156
2397	156
2442	156
2551	156
2755	156
2909	156
3026	156
3058	156
3139	156
3198	156
3270	156
3318	156
994	157
2838	157
1947	159
2526	159
3198	159
2427	160
2526	165
270	167
384	167
387	167
646	167
743	167
930	167
1726	167
1748	167
1838	167
2044	167
2161	167
2195	167
2322	167
2430	167
2467	167
2484	167
2590	167
2602	167
2913	167
2919	167
2936	167
3108	167
3130	167
3195	167
3269	167
3313	167
246	169
302	169
560	169
606	169
632	169
761	169
788	169
2080	169
2516	169
3241	169
928	170
3023	170
228	172
840	172
1597	172
2069	172
1162	173
1960	178
2591	178
758	180
2220	180
503	182
859	182
1668	182
2295	182
3231	183
333	189
572	189
606	189
863	189
917	189
947	189
1344	189
1689	189
1803	189
1904	189
1908	189
2046	189
2167	189
2208	189
2211	189
2220	189
2292	189
2295	189
2338	189
2535	189
2551	189
2574	189
2580	189
2832	189
2853	189
2858	189
2904	189
2952	189
658	194
742	196
1748	196
2571	196
3095	196
317	198
470	198
563	198
2208	198
488	199
648	199
698	199
873	199
930	199
1221	199
1295	199
1448	199
2139	199
2376	199
2512	199
2702	199
2986	199
3178	199
3313	199
2026	203
577	204
2091	204
1459	205
2343	205
2526	205
2859	206
1394	208
2297	208
2339	208
2674	208
273	212
1256	212
1300	212
1548	212
470	215
2066	215
2108	215
2322	216
2642	216
613	218
1243	218
1290	218
1703	218
1778	218
2633	218
2655	218
2708	218
2764	218
2802	218
2812	218
2964	218
3063	218
3166	218
3299	218
3309	218
3353	218
304	219
1758	219
1983	219
2484	219
2660	220
2674	220
1425	226
2689	226
627	228
743	228
1947	228
1983	228
2484	228
2674	228
3100	228
435	230
3022	230
765	232
893	232
944	232
953	232
1001	232
1071	232
1286	232
1628	232
2355	232
2822	232
2968	232
3076	232
3296	234
1902	235
401	239
774	239
1769	239
1894	239
2115	239
2500	239
399	240
460	240
489	240
1162	240
1750	240
1789	240
3113	240
3334	240
708	241
901	241
945	241
1081	241
1154	241
1417	241
1423	241
2087	241
2137	241
2700	241
2767	241
2988	241
628	244
938	244
1059	244
1750	244
2484	244
606	246
632	246
755	246
761	246
788	246
981	246
1073	246
1791	246
2080	246
2361	246
2516	246
3099	246
3169	246
3241	246
863	247
715	250
1307	250
1823	250
2228	250
2619	250
3103	250
3272	250
514	255
2284	255
2604	255
658	260
758	260
861	260
1643	260
2137	260
393	262
863	262
1294	262
1414	262
1543	262
1780	262
1844	262
2292	262
2536	262
2656	262
2780	262
2960	262
2996	262
1788	267
470	269
591	269
1032	269
1039	269
1093	269
1191	269
1612	269
2103	269
2238	269
2288	269
2408	269
2562	269
2810	269
3276	269
716	270
755	270
1595	270
1915	270
2498	270
2596	270
2788	270
393	273
544	273
594	273
631	273
755	273
1300	273
1361	273
1548	273
1780	273
2484	273
2486	273
2573	273
2747	273
3232	273
1462	278
2056	278
2017	280
3026	281
2343	288
553	291
2511	295
3039	295
3102	295
1750	296
2297	296
2818	299
410	300
2117	300
3021	300
1670	301
606	302
632	302
761	302
788	302
2897	302
3241	302
509	304
569	304
577	304
674	304
697	304
758	304
857	304
1064	304
1654	304
1983	304
2484	304
3334	304
2526	308
1005	317
2086	317
2355	317
3052	317
3126	317
981	318
2224	320
1966	321
399	325
448	325
1858	325
2749	325
3097	325
822	327
1410	329
334	333
597	333
758	333
1257	333
2164	333
2221	333
2292	333
2512	333
2628	333
435	334
569	334
674	334
755	334
758	334
785	334
857	334
863	334
957	334
1036	334
1072	334
1168	334
1185	334
1257	334
1654	334
1673	334
2137	334
2221	334
2292	334
2489	334
2512	334
2606	334
2628	334
2853	334
2916	334
2951	334
3014	334
3302	334
3334	334
2551	335
436	337
470	337
744	337
780	337
1036	337
1157	337
1410	337
1504	337
3026	337
470	340
836	340
1367	340
1527	340
1887	340
2069	340
2249	340
2840	340
2945	340
3266	340
553	342
563	343
758	343
1788	343
2526	343
2843	343
1663	353
1730	353
755	358
767	358
1411	358
1658	358
3192	358
925	361
967	361
2193	361
2779	361
569	364
758	364
2026	364
2802	364
788	366
1002	366
2897	366
1950	367
744	372
780	372
1005	372
2790	372
2998	372
3309	372
874	373
1387	373
755	377
901	377
1002	377
1523	377
2027	377
2243	377
978	378
915	382
436	383
470	383
957	383
1252	383
3271	383
3334	383
399	384
448	384
460	384
518	384
557	384
650	384
785	384
789	384
877	384
924	384
975	384
986	384
1094	384
1136	384
1162	384
1186	384
1267	384
1416	384
1500	384
1606	384
1681	384
1750	384
1789	384
1853	384
1858	384
1878	384
1968	384
2006	384
2164	384
2254	384
2292	384
2306	384
2345	384
2371	384
2389	384
2411	384
2512	384
2574	384
2665	384
2679	384
2708	384
2714	384
2749	384
2801	384
2874	384
2996	384
3031	384
3097	384
3113	384
3130	384
3219	384
3271	384
3272	384
3299	384
3334	384
3345	384
1750	385
557	387
597	387
638	387
755	387
1118	387
1148	387
1188	387
1738	387
1817	387
2277	387
2843	387
2976	387
3175	387
3278	387
435	389
436	390
2484	390
1613	391
780	392
863	393
1780	393
2167	393
2512	393
401	394
701	394
744	394
832	394
1735	394
3026	394
807	398
755	399
2164	399
2512	399
2544	399
2614	399
2645	399
2708	399
2749	399
3021	399
3113	399
507	400
1668	400
2512	400
2633	400
2655	400
2951	400
3309	400
619	401
755	401
758	401
905	401
1167	401
1224	401
1249	401
1484	401
1735	401
1769	401
2057	401
2115	401
2137	401
2206	401
2333	401
2519	401
2542	401
3050	401
3178	401
3233	401
3276	401
1548	403
1658	403
981	404
1972	404
2105	404
1904	406
2482	406
3345	406
3049	409
877	410
1148	410
1548	410
1643	410
1825	410
1838	410
1983	410
2288	410
3023	410
3266	410
967	411
1676	411
1953	411
2155	411
2411	411
981	412
2858	412
2056	415
976	416
2442	416
2551	417
833	421
1199	430
1249	430
2206	430
2970	430
628	431
467	435
597	435
689	435
758	435
958	435
1064	435
1069	435
1362	435
2137	435
2292	435
2427	435
2596	435
2650	435
2936	435
470	436
503	436
635	436
704	436
744	436
780	436
874	436
1032	436
1036	436
1093	436
1120	436
1121	436
1159	436
1410	436
1462	436
1504	436
1564	436
1736	436
1777	436
1813	436
1854	436
1894	436
2243	436
2539	436
2569	436
2875	436
2979	436
3026	436
3079	436
3183	436
3205	436
834	438
790	439
1153	439
1382	439
1522	440
2399	440
2052	444
3279	444
693	447
2775	447
2812	447
2884	447
2927	447
1267	448
1689	448
3219	448
1118	450
3309	450
1908	451
1960	451
1166	452
553	459
2164	459
744	460
1032	460
1175	460
1431	460
2108	460
2195	460
2292	460
2369	460
2484	460
2752	460
2853	460
3175	460
3233	460
1540	462
628	464
569	466
857	466
1005	466
2951	466
569	467
610	467
640	467
981	467
1257	467
1588	467
1914	467
2292	467
2801	467
503	470
744	470
780	470
978	470
1032	470
1036	470
1093	470
1196	470
1410	470
1438	470
1489	470
1504	470
1545	470
1549	470
1564	470
1664	470
1670	470
1733	470
2487	470
2539	470
2998	470
3026	470
3233	470
3249	470
972	473
1136	473
1858	473
3334	473
3345	473
1785	474
2579	476
3219	476
3334	476
863	481
2031	481
1036	483
1136	483
2243	483
2862	483
1563	484
1803	484
1367	485
2249	485
2970	486
873	488
1221	488
2099	488
2484	488
2656	488
2868	488
3207	488
1175	489
1989	489
861	490
863	490
906	490
1235	490
1583	490
1735	490
2161	490
2536	490
2674	490
2722	490
3246	490
761	491
2679	491
2343	492
901	493
2170	493
2302	494
2968	501
553	503
601	503
627	503
1136	503
1256	503
2243	503
2379	503
2382	503
2442	503
2484	503
2526	503
2540	503
2551	503
2580	503
2812	503
2821	503
2916	503
2956	503
1983	509
2243	509
2686	509
3187	509
3296	513
953	516
1921	516
2208	516
2381	516
577	518
755	518
968	518
994	518
1166	518
2484	518
2655	520
3353	520
2968	524
1665	525
647	526
915	526
1101	526
1977	526
577	527
994	527
2292	527
2491	527
1540	528
3186	532
1947	534
2587	534
2633	534
2708	534
3193	534
806	536
967	536
981	536
994	536
2568	536
2688	536
2779	536
2822	536
2951	536
2292	537
2674	537
1750	538
1398	539
3296	540
1300	544
1548	544
2812	547
704	548
1296	548
1794	548
2208	548
2755	548
3307	548
1036	550
1944	550
758	551
577	553
632	553
659	553
660	553
765	553
791	553
918	553
938	553
1000	553
1016	553
1069	553
1166	553
1179	553
1367	553
1471	553
1537	553
1545	553
1585	553
1609	553
1662	553
1670	553
1791	553
1817	553
1887	553
1960	553
1990	553
2052	553
2238	553
2245	553
2284	553
2355	553
2464	553
2577	553
2852	553
2868	553
2958	553
3051	553
3070	553
3324	553
3336	553
674	557
916	557
1136	557
1166	557
1374	557
1968	557
2284	557
2512	557
2544	557
2619	557
2698	557
2996	557
3070	557
3271	557
2292	558
3313	559
650	560
1743	560
3276	561
3039	562
774	563
1956	563
1979	563
2014	563
2243	563
2960	563
699	564
1243	564
2367	564
2679	564
2955	564
3292	565
612	569
742	569
975	569
1036	569
1519	569
1544	569
1710	569
1973	569
2014	569
2068	569
2208	569
2220	569
2253	569
2292	569
2389	569
2410	569
2411	569
2444	569
2606	569
2731	569
2843	569
2916	569
3084	569
3145	569
744	572
1629	572
2137	572
2161	572
735	577
742	577
755	577
816	577
882	577
918	577
938	577
967	577
994	577
1005	577
1025	577
1026	577
1085	577
1314	577
1561	577
1608	577
1673	577
1876	577
2009	577
2126	577
2149	577
2220	577
2242	577
2243	577
2399	577
2404	577
2484	577
2539	577
2542	577
2545	577
2779	577
2838	577
2970	577
3023	577
3133	577
3244	577
917	590
2222	590
1197	591
1659	591
3070	591
3334	591
3344	591
2857	593
631	594
1300	594
2486	594
758	597
863	597
1036	597
1118	597
1583	597
1613	597
2129	597
2167	597
2208	597
2223	597
2243	597
2295	597
2512	597
2814	597
2853	597
3100	597
3292	597
755	601
1486	601
2343	601
2566	601
2987	601
632	606
761	606
788	606
976	606
1105	606
2516	606
2767	606
3099	606
3241	606
1010	609
1470	609
1579	609
2807	609
1286	610
2822	610
2891	610
2956	610
755	612
1186	612
1853	612
1983	612
3175	612
930	613
1778	613
2622	613
2633	613
2674	613
2708	613
3063	613
3309	613
798	624
1068	624
2484	624
2705	624
3232	624
884	627
918	627
945	627
1139	627
1831	627
2220	627
2580	627
2883	627
2930	627
3267	627
3332	627
697	628
727	628
768	628
819	628
859	628
863	628
981	628
1068	628
1318	628
1346	628
1361	628
1483	628
1484	628
1654	628
1689	628
1704	628
2052	628
2139	628
2243	628
2484	628
2513	628
2623	628
2698	628
2814	628
3201	628
3286	628
3292	628
2679	629
1300	631
1548	631
1658	631
651	632
761	632
788	632
1105	632
2755	632
2897	632
3241	632
3253	632
975	635
1949	636
2292	640
1569	641
3292	641
812	642
1005	642
1153	642
1210	642
1257	642
1414	642
1671	642
1853	642
2266	642
2329	642
2484	642
2685	642
2960	642
2986	642
3166	642
2622	646
755	647
1101	647
1977	647
2551	649
755	650
1367	650
1556	650
1983	650
3169	650
2292	653
2512	653
2790	653
758	658
1500	658
3100	658
3113	658
1197	660
3181	667
832	669
758	674
2206	674
2292	674
2545	684
1126	688
1803	689
2322	689
2484	689
2708	693
2775	693
2812	693
2873	693
2884	693
2927	693
2812	695
758	697
2821	697
3175	697
2243	698
2964	698
1036	699
1597	699
1972	699
2061	699
2243	699
2295	699
2551	699
2679	699
3070	699
3097	699
3219	699
3334	699
906	701
2186	701
2580	701
2958	701
857	702
2645	702
2838	702
1483	703
930	704
1296	704
1794	704
2108	704
2208	704
2690	704
2755	704
2936	704
3307	704
786	708
901	708
945	708
1081	708
1154	708
2087	708
2700	708
2869	708
989	710
2052	710
2511	710
3279	710
906	715
1148	715
1213	715
1307	715
1823	715
2228	715
3103	715
3272	715
1235	724
1330	725
1197	727
1267	727
1162	731
1308	732
2951	735
755	742
861	742
1064	742
1654	742
1989	742
2220	742
2438	742
3095	742
3113	742
857	743
1072	743
1158	743
1654	743
2014	743
780	744
863	744
959	744
978	744
1032	744
1036	744
1039	744
1093	744
1120	744
1388	744
1410	744
1504	744
1789	744
1928	744
2588	744
2686	744
2916	744
2998	744
3023	744
3026	744
3271	744
1013	747
996	748
2615	748
1758	749
2069	750
1166	753
1694	753
1756	753
3345	753
1960	754
764	755
785	755
789	755
797	755
805	755
832	755
932	755
978	755
986	755
993	755
1005	755
1013	755
1036	755
1094	755
1136	755
1161	755
1166	755
1186	755
1416	755
1448	755
1500	755
1523	755
1548	755
1601	755
1606	755
1612	755
1613	755
1663	755
1695	755
1722	755
1748	755
1788	755
1789	755
1838	755
1845	755
1853	755
1878	755
1894	755
1949	755
1968	755
1977	755
1983	755
2006	755
2026	755
2029	755
2061	755
2284	755
2292	755
2297	755
2302	755
2306	755
2343	755
2345	755
2371	755
2389	755
2411	755
2512	755
2519	755
2539	755
2590	755
2619	755
2711	755
2749	755
2755	755
2789	755
2801	755
2820	755
2862	755
2909	755
2934	755
2996	755
3001	755
3003	755
3021	755
3189	755
3204	755
3224	755
3271	755
3307	755
2292	757
2752	757
774	758
789	758
834	758
863	758
906	758
917	758
930	758
938	758
957	758
981	758
1018	758
1036	758
1118	758
1168	758
1257	758
1275	758
1313	758
1425	758
1448	758
1517	758
1527	758
1544	758
1613	758
1673	758
1852	758
1908	758
1971	758
2014	758
2026	758
2029	758
2056	758
2073	758
2104	758
2124	758
2131	758
2159	758
2211	758
2230	758
2292	758
2316	758
2329	758
2339	758
2404	758
2484	758
2489	758
2507	758
2512	758
2519	758
2539	758
2551	758
2587	758
2606	758
2692	758
2807	758
2843	758
2853	758
2858	758
2916	758
2934	758
2951	758
2958	758
2976	758
2991	758
2992	758
3128	758
3302	758
3334	758
788	761
1109	761
2516	761
2669	761
3241	761
877	764
2006	764
2789	764
3163	764
1071	765
2802	766
3166	766
1548	767
1925	767
3192	767
2080	768
832	774
1484	774
1769	774
2115	774
2500	774
806	775
857	775
2371	775
3155	776
1758	779
863	780
1032	780
1036	780
1093	780
1410	780
1489	780
1504	780
1832	780
2998	780
3026	780
3258	780
789	783
2316	783
1166	785
1257	785
1840	785
2222	785
2292	785
2628	785
2996	785
3175	785
901	786
1430	786
2087	786
3115	786
1105	788
2516	788
3241	788
1332	789
1663	789
2006	791
1548	797
2711	797
2822	798
2551	803
2945	803
967	805
2104	805
3038	805
1184	806
3119	806
1308	807
1425	807
1665	807
2689	807
2784	807
2810	807
2926	807
3198	807
3310	807
2484	808
1057	809
1257	812
1671	812
2266	812
2329	812
2629	812
2154	813
1257	816
1548	818
3309	819
2339	821
2752	822
1606	832
1785	832
1928	832
2749	832
2970	832
3073	832
3345	832
2512	833
2292	834
2297	834
2352	834
2390	834
3147	834
3266	836
1912	839
2763	839
2278	846
2617	846
2665	848
2688	849
877	857
1036	857
1257	857
1425	857
1484	857
1541	857
1750	857
2006	857
2014	857
2164	857
2292	857
2389	857
2399	857
2444	857
2512	857
2551	857
2590	857
2658	857
2904	857
2976	857
3066	857
3097	857
3262	857
3345	857
1276	859
1947	859
1953	859
2793	859
3119	859
992	861
1005	861
1081	861
1768	861
1949	861
2086	861
2708	861
2789	861
2832	861
3026	861
3050	861
916	863
945	863
1032	863
1071	863
1410	863
1411	863
1504	863
1670	863
1780	863
2055	863
2292	863
2596	863
2650	863
3026	863
3148	863
2292	873
1669	874
1673	874
2221	874
2243	874
2923	874
1197	877
2006	877
3076	877
3146	877
3163	877
3200	877
3336	877
984	878
1417	878
1500	878
2026	878
2195	878
2322	878
2345	878
2367	878
2382	878
2513	878
2579	878
2580	878
2628	881
2674	881
2974	881
893	882
1286	882
2822	882
2411	884
3018	887
1878	891
944	893
1071	893
1286	893
1628	893
2032	893
2212	893
2355	893
2416	893
2822	893
2968	893
3076	893
1953	895
994	896
3175	896
1243	897
2484	899
945	901
1081	901
1154	901
1257	901
1417	901
1423	901
1506	901
1654	901
1680	901
1858	901
2087	901
2243	901
2367	901
2513	901
2700	901
2732	901
2767	901
2869	901
3115	901
1120	902
1548	902
1791	902
1983	902
2243	902
2833	902
1249	905
1484	905
1756	905
1928	905
2206	905
2519	905
2621	905
2970	905
3304	905
3345	905
1519	906
1563	906
1695	906
1748	906
1776	906
1938	906
2297	906
2484	906
2674	906
2807	906
968	907
1613	916
2292	916
3244	916
1840	917
2292	917
2382	917
2912	917
1136	918
1410	918
2674	918
3109	920
999	921
1548	924
1983	924
2512	924
1249	925
1664	925
1921	925
2345	925
2417	925
1335	927
3272	929
968	930
1308	930
1362	930
1545	930
1654	930
1660	930
1668	930
1758	930
2474	930
2650	930
2688	930
2927	930
1548	932
2367	932
1019	938
1064	938
1548	938
1654	938
2137	938
2195	938
2243	938
2247	938
2484	938
2547	938
3023	938
3292	938
1878	939
1071	944
1286	944
2355	944
2822	944
2968	944
1423	945
2266	945
2325	945
2369	945
2440	945
2752	945
2767	945
3000	945
1171	947
2847	947
3292	947
981	953
1989	953
2399	953
2512	953
2821	953
2858	953
2155	954
2137	957
2420	957
2619	957
1148	959
2061	959
2137	959
1031	967
1296	967
1548	967
1794	967
1938	967
2698	967
2755	967
2779	967
3169	967
2932	968
1286	970
1434	972
1750	973
2891	973
2512	975
1693	976
1983	976
2361	976
2484	976
2650	976
3099	976
3166	976
1462	978
1730	978
2137	978
2512	978
2755	978
2789	978
2843	978
2858	978
3163	978
3334	978
2729	980
1136	981
1654	981
1814	981
2484	981
3100	981
3266	981
2247	983
1136	984
2026	984
3334	984
2164	986
2420	986
2512	986
2566	986
2749	986
2919	986
1908	987
2862	987
2124	988
1016	992
1249	992
1381	992
1484	992
1756	992
1928	992
2137	992
2206	992
2512	992
2652	992
2789	992
2970	992
2974	992
3345	992
1173	994
1608	994
3005	994
1243	996
1073	998
3276	998
2434	999
3070	999
1523	1002
1780	1002
2101	1002
3070	1002
3182	1002
1064	1005
1153	1005
1257	1005
1548	1005
1643	1005
1671	1005
1983	1005
2484	1005
2685	1005
2960	1005
2986	1005
3119	1005
3166	1005
1286	1008
1410	1008
2822	1008
3200	1011
1210	1013
1448	1013
1606	1013
1671	1013
1788	1013
2622	1013
2629	1013
2648	1013
1912	1018
2650	1018
3262	1018
1295	1019
1329	1019
1713	1019
2339	1019
2512	1019
2347	1022
1548	1023
1722	1025
3039	1025
1908	1026
1968	1029
2512	1029
2674	1029
3271	1029
3334	1029
1938	1031
1036	1032
1093	1032
1410	1032
1489	1032
1504	1032
1770	1032
2998	1032
3026	1032
1093	1036
1257	1036
1410	1036
1504	1036
1840	1036
2108	1036
2243	1036
2292	1036
2749	1036
2845	1036
2909	1036
2951	1036
2976	1036
3026	1036
3233	1036
2411	1048
1871	1051
1064	1052
1397	1052
1858	1052
1971	1052
1460	1057
1541	1057
1884	1057
1710	1059
2484	1059
2086	1064
2126	1064
2484	1064
2536	1064
2539	1064
3291	1064
3334	1064
1093	1066
1243	1066
1454	1068
1162	1069
1416	1069
1750	1069
1286	1071
1564	1071
1628	1071
1994	1071
2355	1071
2822	1071
2968	1071
3076	1071
1899	1072
2547	1072
2587	1072
2752	1072
1092	1073
1180	1073
1243	1073
1296	1073
1545	1073
1750	1073
1757	1073
1887	1073
1949	1073
2026	1073
2056	1073
2061	1073
2115	1073
2297	1073
2755	1073
2951	1073
2991	1073
1154	1081
1423	1081
2056	1081
2087	1081
2700	1081
2767	1081
2347	1084
2557	1092
3021	1092
1388	1093
1395	1093
1410	1093
1469	1093
1489	1093
1504	1093
1631	1093
2390	1093
3026	1093
3142	1093
3176	1093
1136	1094
1954	1094
2317	1094
3307	1094
3344	1094
1750	1096
2801	1100
1224	1101
1548	1101
1977	1101
1983	1101
2968	1101
1670	1105
2484	1105
2516	1105
3241	1105
1197	1117
1125	1118
2170	1118
2292	1118
3189	1118
1968	1120
1500	1123
2146	1123
3113	1123
1361	1126
1387	1126
1624	1126
2189	1126
2993	1126
3232	1126
1967	1130
2161	1130
2292	1130
1141	1136
1166	1136
1441	1136
1443	1136
1606	1136
1748	1136
1928	1136
1966	1136
2006	1136
2061	1136
2108	1136
2137	1136
2288	1136
2367	1136
2512	1136
2692	1136
2749	1136
2862	1136
2996	1136
3000	1136
3334	1136
2288	1141
3225	1143
2230	1144
2020	1148
2196	1148
2228	1148
2714	1148
3098	1148
3126	1148
3232	1148
3272	1148
1671	1153
2298	1153
2960	1153
2986	1153
3119	1153
3166	1153
1166	1154
1423	1154
2700	1154
2767	1154
2869	1154
1637	1157
1758	1157
3203	1158
1681	1159
2090	1162
2596	1162
2602	1162
2329	1163
1186	1166
1238	1166
1257	1166
1694	1166
1756	1166
1853	1166
1933	1166
1953	1166
2137	1166
2652	1166
2669	1166
2674	1166
2714	1166
2852	1166
3176	1166
3309	1166
3334	1166
2519	1167
1561	1168
1410	1169
2009	1172
2593	1174
1544	1175
2369	1175
2464	1175
2551	1175
2972	1175
1977	1176
2484	1176
2247	1179
2968	1179
3286	1180
1527	1186
1853	1186
2137	1186
2749	1186
2026	1194
2243	1195
3213	1195
1383	1197
2243	1197
2686	1197
2722	1197
2930	1197
3039	1197
3297	1197
3315	1197
1448	1210
1671	1210
1788	1210
2266	1210
2273	1210
2622	1210
2629	1210
2648	1210
3272	1213
2099	1221
2624	1221
2868	1221
3207	1221
2200	1222
1425	1226
1465	1235
2306	1235
2540	1237
1703	1243
1863	1243
2679	1243
2919	1243
2964	1243
3353	1243
1484	1249
1735	1249
1756	1249
1928	1249
2206	1249
2519	1249
2621	1249
2970	1249
3200	1249
3280	1249
3345	1249
1723	1252
2357	1252
2656	1252
1300	1256
1424	1256
2486	1256
2645	1256
2669	1256
1410	1257
1914	1257
2006	1257
2091	1257
2131	1257
2208	1257
2292	1257
2399	1257
2484	1257
2602	1257
2629	1257
2790	1257
2838	1257
2904	1257
2934	1257
2991	1257
3133	1257
3334	1257
1361	1267
1676	1267
1727	1267
1983	1267
2243	1267
2411	1267
2512	1267
2544	1267
2595	1267
2843	1267
2919	1267
2996	1267
3031	1267
3070	1267
3146	1267
1528	1279
1628	1286
1994	1286
2073	1286
2355	1286
2619	1286
2822	1286
2968	1286
3076	1286
3102	1286
1693	1290
2465	1291
1396	1295
2564	1295
2951	1295
2964	1295
3126	1295
3296	1295
1329	1296
1794	1296
2208	1296
2690	1296
2755	1296
3307	1296
1548	1300
1658	1300
2486	1300
2747	1300
1823	1307
2228	1307
2798	1307
2834	1307
3103	1307
3272	1307
1739	1308
2243	1308
2512	1308
2540	1308
3201	1308
2955	1312
2551	1313
1845	1314
2243	1321
1569	1324
1689	1324
2046	1324
2073	1324
2467	1344
2951	1344
1638	1359
1840	1359
2292	1359
3204	1359
2026	1361
2243	1361
2866	1361
2919	1362
1722	1367
1887	1367
2069	1367
2249	1367
3039	1367
3102	1367
3166	1367
3266	1367
1928	1368
2115	1368
2139	1368
2519	1368
2822	1371
1991	1373
2955	1380
3232	1380
3292	1380
1912	1381
3262	1381
2056	1383
2292	1384
1483	1386
1569	1386
1750	1386
2371	1386
2580	1386
2789	1386
2849	1386
3334	1386
2970	1388
1689	1394
2288	1394
2137	1398
1504	1410
1549	1410
2230	1410
2557	1410
2813	1410
3026	1410
3232	1410
1545	1411
2755	1411
2484	1414
3232	1414
2137	1416
2789	1416
2767	1417
2869	1417
2087	1423
2132	1425
2243	1425
2689	1425
3282	1425
1548	1431
1710	1433
2425	1436
1947	1441
2061	1441
1502	1443
1522	1443
1548	1443
2206	1444
1671	1448
1788	1448
2137	1448
2243	1448
2273	1448
2629	1448
2648	1448
3296	1448
2056	1462
1582	1464
3314	1465
3225	1467
1493	1470
2411	1471
1613	1476
2658	1477
2355	1481
2482	1481
2752	1483
1928	1484
1966	1484
2014	1484
2206	1484
2970	1484
2343	1486
2566	1486
2712	1486
3026	1489
2046	1491
2056	1496
1752	1500
2464	1500
2544	1500
2619	1500
2708	1500
2790	1500
3113	1500
3222	1500
3240	1500
2733	1504
3026	1504
3057	1504
1966	1514
2619	1517
1563	1519
1670	1520
2367	1527
2916	1527
3119	1527
2297	1534
1548	1540
1592	1540
1914	1540
1983	1540
1780	1543
2606	1543
2852	1543
3302	1543
1670	1544
1983	1544
2615	1544
1841	1548
2292	1548
2486	1548
2580	1548
2665	1548
2747	1548
2858	1548
2904	1548
3157	1548
2566	1549
2722	1549
3296	1549
1693	1556
2622	1556
2762	1556
2801	1556
2056	1561
2061	1561
3334	1561
3126	1563
1973	1574
2838	1574
1689	1577
2574	1601
2580	1602
2551	1603
3266	1605
2512	1606
3334	1606
1840	1608
2066	1611
2484	1611
2574	1611
2955	1611
3292	1611
3296	1611
1983	1612
1809	1613
2292	1613
2450	1613
1758	1614
2689	1614
2540	1615
2551	1618
1852	1619
2355	1628
2822	1628
2968	1628
3076	1628
2650	1629
1713	1631
2164	1632
2292	1636
2672	1636
3225	1637
3313	1637
3204	1638
1803	1643
1902	1643
2247	1643
2292	1643
3145	1643
2292	1648
1894	1654
1949	1654
1968	1654
1979	1654
2014	1654
2046	1654
2066	1654
2126	1654
2131	1654
2539	1654
2619	1654
2838	1654
3334	1654
3336	1654
2339	1656
2747	1658
3198	1658
2343	1659
2696	1659
2377	1660
2410	1660
2810	1662
3141	1663
2327	1664
2378	1664
2292	1668
2708	1668
2977	1668
3309	1668
3334	1668
1681	1670
2029	1670
2484	1670
3119	1670
1788	1671
2266	1671
2273	1671
2329	1671
2622	1671
2629	1671
2648	1671
2960	1671
2986	1671
3166	1671
3334	1671
1730	1673
1746	1673
2987	1673
2164	1681
2243	1681
2874	1681
1947	1688
1803	1689
2579	1689
2580	1689
2633	1689
2752	1689
2875	1689
2919	1689
2648	1693
2762	1693
2858	1693
3198	1693
1756	1694
2636	1694
2652	1694
2802	1703
3166	1703
3181	1707
1940	1710
2954	1710
3132	1710
2164	1714
2767	1722
2774	1722
3039	1722
3102	1722
3166	1722
3266	1722
2357	1723
2656	1723
2328	1725
1758	1730
2370	1730
3310	1730
3232	1731
2686	1733
2009	1735
2054	1735
2333	1735
2519	1735
2542	1735
2970	1735
3292	1742
1858	1744
2648	1744
3345	1744
1774	1746
2124	1748
2934	1748
3269	1748
3299	1748
1841	1750
2090	1750
2137	1750
2240	1750
2512	1750
2557	1750
2930	1750
2989	1750
3240	1750
3113	1752
2964	1755
2206	1756
2652	1756
2970	1756
3345	1756
2674	1758
3157	1758
2674	1761
2968	1762
3304	1769
2873	1770
2834	1774
2633	1778
2708	1778
3063	1778
3309	1778
3353	1778
1844	1780
2167	1780
2292	1780
2397	1780
3003	1783
2222	1785
3083	1785
2137	1788
2306	1788
2629	1788
2648	1788
3264	1788
2137	1789
3100	1789
3271	1789
2807	1791
2208	1794
2755	1794
3307	1794
2297	1797
2681	1801
3090	1801
1902	1802
2411	1802
1902	1803
1957	1803
2010	1803
2405	1803
3207	1803
2511	1805
2650	1807
2822	1807
2288	1808
1894	1814
2484	1814
3232	1814
2228	1823
2284	1823
2427	1823
3103	1823
3201	1823
3272	1823
2284	1831
2208	1840
2512	1840
2606	1840
3012	1840
3302	1840
3296	1841
2544	1853
2807	1853
3334	1853
3292	1854
2243	1858
3126	1858
2747	1871
2936	1871
2990	1871
1921	1876
3267	1876
2164	1878
2512	1878
2749	1878
2934	1878
2069	1887
2249	1887
2425	1887
3167	1887
3266	1887
2073	1894
2238	1894
2500	1894
2695	1894
2858	1894
3076	1894
2224	1899
2512	1899
3027	1902
1908	1904
2367	1904
2306	1912
3262	1912
2371	1913
2602	1914
2650	1914
2789	1914
2858	1914
2909	1914
2912	1914
3253	1914
3231	1915
2030	1921
2345	1921
2206	1928
2292	1928
2652	1928
2970	1928
3304	1928
3345	1928
1947	1929
2316	1938
2343	1938
2810	1944
2094	1947
2442	1947
2730	1947
2983	1947
3361	1947
2137	1949
2195	1949
2427	1949
3149	1949
2253	1950
3344	1950
2343	1951
3195	1951
2111	1953
3292	1955
2288	1966
2512	1968
2843	1968
2996	1968
3319	1968
2674	1971
3334	1972
2838	1973
3334	1982
2006	1983
2292	1983
2329	1983
2347	1983
2444	1983
2463	1983
2579	1983
2660	1983
2679	1983
2807	1983
2814	1983
2840	1983
2904	1983
3009	1983
3219	1983
3302	1989
2698	1990
3018	1991
2164	2006
2292	2006
2297	2006
2588	2006
2590	2006
2807	2006
2884	2006
3334	2009
2729	2012
2292	2013
2891	2013
2392	2014
2766	2015
3310	2017
2411	2019
2059	2020
2195	2026
2243	2026
2292	2026
2579	2026
2580	2026
2652	2026
3203	2026
2031	2027
2056	2027
2137	2031
2951	2031
2958	2031
3102	2031
3232	2031
3307	2033
3313	2033
3102	2039
2292	2046
3279	2052
2139	2056
2177	2056
2292	2056
2785	2056
2926	2056
2960	2056
2137	2061
2164	2061
2512	2061
2661	2061
2739	2061
2843	2061
3097	2061
3175	2061
2427	2066
2484	2066
2564	2066
2668	2066
2249	2069
3266	2069
2891	2073
2377	2075
2516	2080
2543	2081
2801	2081
2484	2086
2576	2087
2700	2087
2767	2087
3115	2087
2580	2088
2960	2088
2791	2089
2791	2090
3219	2090
3334	2090
3316	2091
2389	2102
3334	2102
2408	2103
3127	2104
3102	2108
2190	2111
2660	2111
2411	2112
2838	2112
2500	2115
3178	2115
3262	2115
3304	2115
3021	2117
3129	2117
2484	2124
3232	2124
2292	2131
2329	2131
2339	2135
3213	2135
2247	2137
2284	2137
2297	2137
2306	2137
2418	2137
2512	2137
2519	2137
2602	2137
2630	2137
2648	2137
2674	2137
2714	2137
2755	2137
2789	2137
2791	2137
2801	2137
2832	2137
2833	2137
2838	2137
2869	2137
2996	2137
3023	2137
3073	2137
3113	2137
3165	2137
3175	2137
3177	2137
3204	2137
3231	2137
3313	2137
3334	2137
3336	2137
3344	2137
3023	2139
3292	2139
3296	2139
2688	2147
2547	2151
2568	2151
2951	2159
2484	2161
2674	2161
3198	2161
2591	2162
2243	2164
2306	2164
2539	2164
2551	2164
2587	2164
2619	2164
2674	2164
2749	2164
2789	2164
2874	2164
3097	2164
3262	2164
3334	2164
3345	2164
2292	2167
2499	2167
2628	2167
3175	2167
3334	2177
2968	2193
3237	2195
2977	2201
2674	2202
2519	2206
2575	2206
2652	2206
2970	2206
3046	2206
3128	2206
3280	2206
3304	2206
3345	2206
2306	2207
2512	2207
2996	2207
3334	2207
2222	2208
2292	2208
2755	2208
3175	2208
3232	2208
3307	2208
3080	2211
3022	2214
2974	2218
2628	2220
3057	2220
2733	2221
3103	2228
3272	2228
2361	2242
2339	2243
2341	2243
2355	2243
2411	2243
2484	2243
2544	2243
2551	2243
2587	2243
2648	2243
2752	2243
2762	2243
2812	2243
2843	2243
2884	2243
2916	2243
2951	2243
2987	2243
3105	2243
3195	2243
3230	2246
3222	2247
3336	2247
3266	2249
3306	2249
2691	2252
3165	2257
2273	2266
2329	2266
2629	2266
2648	2273
2919	2277
2617	2278
2292	2284
2447	2284
2484	2284
2642	2284
2875	2284
2919	2284
2950	2284
2958	2284
3233	2284
3237	2284
3195	2291
2367	2292
2512	2292
2519	2292
2580	2292
2606	2292
2628	2292
2807	2292
2853	2292
2884	2292
2951	2292
2962	2292
3175	2292
3217	2292
3302	2292
3334	2292
3026	2296
2569	2297
2696	2297
2819	2297
3011	2297
3175	2297
3240	2297
3286	2297
3344	2297
2551	2298
2339	2305
2656	2305
2512	2306
2544	2306
2619	2306
2708	2306
2843	2306
2996	2306
3264	2306
2746	2324
3194	2324
2484	2325
3334	2325
2629	2329
2686	2330
2411	2333
2519	2333
2542	2333
3050	2333
2411	2339
2668	2339
2740	2339
3298	2339
2566	2343
2712	2343
2987	2343
2420	2345
2807	2345
3276	2345
3344	2345
2708	2347
2831	2347
3309	2347
2822	2355
2968	2355
3070	2355
3076	2355
2656	2357
2516	2361
3169	2361
3232	2363
2389	2367
2832	2367
2992	2367
2998	2367
3342	2367
2382	2369
2880	2382
2399	2389
2544	2389
2587	2389
2708	2389
2749	2389
2934	2389
3175	2389
2968	2397
2838	2399
2420	2408
2880	2410
2522	2411
2587	2411
3031	2411
3113	2411
3253	2411
3003	2420
3334	2420
2987	2437
2933	2440
2674	2442
3237	2442
3113	2464
3022	2467
3152	2467
3195	2467
3269	2467
3266	2472
2591	2475
3109	2475
2551	2482
2539	2484
2674	2484
2733	2484
2773	2484
2807	2484
2916	2484
3121	2484
3175	2484
3232	2484
3262	2484
3299	2484
3302	2484
2535	2491
2519	2500
2970	2500
3178	2500
3304	2500
3352	2511
2544	2512
2619	2512
2669	2512
2749	2512
2789	2512
2843	2512
2956	2512
2996	2512
3021	2512
3031	2512
3262	2512
3334	2512
2551	2514
3099	2516
3241	2516
2542	2519
2936	2519
3050	2519
3181	2519
2551	2520
2909	2523
2853	2535
3175	2535
2970	2542
3292	2542
2749	2544
3097	2544
3113	2544
3219	2544
2636	2545
3299	2547
2951	2551
3232	2552
2712	2566
3334	2566
2932	2568
2998	2573
2936	2575
2580	2579
2681	2579
2590	2580
2681	2580
2752	2580
2919	2580
3003	2580
2763	2587
3091	2587
3244	2590
3336	2596
2762	2604
2812	2619
3071	2619
3219	2619
3290	2619
3334	2619
2970	2621
2762	2622
2801	2622
3334	2628
2648	2629
2791	2630
2996	2630
3146	2630
3175	2630
2655	2633
2708	2633
2764	2633
3063	2633
3309	2633
3334	2633
3353	2633
3026	2634
2749	2636
2987	2636
2650	2641
3113	2648
3130	2648
3081	2650
2970	2652
3345	2652
2764	2655
2812	2655
3309	2655
3353	2655
3292	2656
2852	2660
2822	2665
2843	2665
2951	2665
3113	2665
3290	2671
2708	2674
2843	2674
2919	2674
3232	2674
3309	2674
2916	2675
2960	2685
2688	2686
3119	2686
3023	2688
2755	2690
3307	2690
3232	2698
2767	2700
2869	2700
2749	2708
2764	2708
2849	2708
3063	2708
3097	2708
3309	2708
3334	2708
3345	2708
3353	2708
2843	2714
2968	2726
3003	2739
3097	2749
3219	2749
3271	2749
3334	2749
3070	2752
3334	2752
2845	2755
3038	2755
3042	2755
3276	2755
3307	2755
2801	2762
2909	2762
3309	2764
3353	2764
3070	2766
3115	2767
3039	2774
3102	2774
2812	2775
2884	2775
2916	2784
2866	2786
2966	2788
3334	2789
3344	2789
3175	2790
3146	2791
3175	2791
3240	2791
3265	2801
3278	2801
2964	2802
3353	2802
3334	2807
2909	2810
3026	2810
3296	2810
2873	2812
2884	2812
2927	2812
3309	2812
3353	2812
3277	2818
2919	2819
2968	2822
3076	2822
2858	2838
3070	2838
3296	2841
3204	2843
3271	2843
3334	2843
3175	2853
3276	2858
2973	2859
3193	2859
3200	2862
2884	2873
2927	2873
3334	2874
2919	2875
2950	2875
2996	2875
3282	2880
2927	2884
3063	2884
3232	2903
2919	2914
3026	2916
3201	2916
3292	2916
3113	2927
3081	2932
3119	2934
3269	2934
3271	2934
3334	2934
3344	2934
2968	2949
3070	2950
2958	2951
3097	2952
3103	2955
3124	2956
2986	2960
3166	2964
3299	2964
3353	2964
2975	2968
3076	2968
3302	2968
3046	2970
3304	2970
3166	2986
3100	2996
3271	2996
3319	2996
3023	2998
3026	2998
3276	3003
3039	3006
3157	3023
3345	3037
3070	3039
3102	3039
3266	3039
3292	3040
3309	3063
3353	3063
3344	3100
3266	3102
3272	3103
3198	3113
3296	3119
3296	3121
3292	3123
3304	3128
3219	3157
3334	3160
3345	3163
3353	3166
3334	3175
3344	3175
3304	3178
3321	3178
3213	3204
3269	3209
3292	3209
3296	3219
3297	3266
3276	3271
3276	3272
3334	3276
3295	3292
3307	3296
3313	3296
3353	3309
