1	96
1	445
1	764
1	1119
1	3114
7	469
7	813
7	2305
7	2549
7	3195
8	56
8	347
8	448
8	2145
8	2531
10	15
10	406
10	445
10	764
10	1256
10	1263
10	2075
10	2305
11	56
11	690
11	898
11	1595
11	1874
11	2157
11	2753
13	224
13	896
15	396
15	2015
16	192
16	341
16	764
16	834
16	921
16	1130
16	1261
16	1343
16	1564
16	1571
16	1595
16	2035
16	2369
16	2767
16	3111
16	3355
16	3356
20	410
20	571
20	783
20	3194
20	3318
27	196
27	505
27	556
27	1656
27	2121
27	2258
27	2310
27	3321
31	1045
33	1036
36	2019
38	54
38	347
38	1894
38	2753
38	3096
38	3138
38	3200
47	514
47	2162
48	1045
49	396
49	488
49	618
49	1050
49	1510
49	2017
49	2125
49	2775
49	2881
50	1271
54	180
54	354
55	56
55	127
55	572
55	727
55	785
55	947
55	1089
55	1135
55	1370
55	1630
55	1650
55	1753
55	1995
55	2274
55	2314
55	2322
55	2325
55	2434
55	2593
55	2594
55	2843
55	3108
55	3348
55	3366
56	90
56	154
56	373
56	376
56	385
56	396
56	423
56	429
56	572
56	660
56	713
56	719
56	950
56	961
56	979
56	991
56	1089
56	1126
56	1135
56	1197
56	1211
56	1368
56	1370
56	1386
56	1392
56	1595
56	1654
56	1674
56	1722
56	1753
56	1858
56	1995
56	2063
56	2070
56	2088
56	2145
56	2261
56	2274
56	2281
56	2310
56	2324
56	2376
56	2402
56	2434
56	2522
56	2555
56	2593
56	2594
56	2846
56	2995
56	3108
56	3138
56	3161
56	3267
56	3291
56	3348
57	2066
57	2817
59	1059
60	2204
60	2305
60	3001
60	3108
65	2458
70	347
72	927
73	541
73	927
73	1719
73	2214
73	2926
73	3287
80	1676
80	2043
80	2737
82	235
82	2251
82	2276
82	2962
82	3203
83	897
83	1065
83	1289
83	1630
83	3096
88	350
88	1045
88	1059
90	1059
90	2314
90	3278
92	789
93	704
93	2606
93	2929
94	464
94	3144
94	3347
96	423
96	464
96	705
96	1027
96	1431
96	1510
96	2268
96	2354
96	3336
98	224
102	1654
115	2070
115	2205
116	1197
116	1753
116	1911
120	764
121	244
121	388
121	718
121	764
121	905
121	1158
121	1271
121	2145
121	2781
121	3303
127	639
127	1656
127	1995
127	2522
129	1437
129	1591
129	2519
129	2711
130	1911
132	192
132	634
132	1130
132	2823
132	3356
133	1261
135	1992
135	2057
135	2204
135	2264
135	2458
135	2533
135	3145
136	243
136	2298
136	3103
138	641
148	1036
152	2969
154	357
154	823
158	432
158	2251
159	192
159	193
159	267
159	370
159	512
159	606
159	640
159	867
159	897
159	1129
159	1130
159	1580
159	1584
159	1595
159	2043
159	2157
159	2273
159	2360
159	2565
159	3012
159	3285
164	1995
164	3111
166	448
166	789
166	1431
166	3322
171	789
171	1097
171	1411
174	1682
182	432
184	766
187	352
187	806
187	1752
187	2251
189	1197
189	1566
189	2476
191	341
191	1261
191	3111
192	224
192	579
192	802
192	921
192	1012
192	1130
192	1214
192	1286
192	1682
192	1807
192	2057
192	2183
192	2220
192	2229
192	2256
192	2323
192	2335
192	2348
192	2458
192	2565
192	2594
192	2823
192	2846
192	3356
193	2066
193	2305
196	439
196	512
196	687
196	1448
196	2210
196	2215
196	3364
203	1129
205	950
205	1142
205	3277
209	2874
209	2904
211	1396
211	2305
211	2688
213	490
213	2011
213	2526
213	2613
213	3348
213	3355
217	2313
218	2075
218	2116
219	2655
224	341
224	606
224	764
224	1257
224	1571
224	1595
224	1783
224	2051
224	2062
224	2610
224	3029
224	3111
225	1341
225	2100
225	2178
229	2721
231	634
231	1130
231	1932
231	1960
231	1995
231	2688
231	3063
231	3078
235	897
235	949
235	1007
235	1289
235	1630
235	1958
235	1998
235	2172
235	2387
235	3096
242	410
242	783
242	1285
242	2047
242	2123
243	317
243	372
243	423
243	469
243	1050
243	1753
243	1793
243	2148
243	3133
243	3348
244	718
244	905
244	950
244	1158
244	1197
244	1271
244	2145
244	2461
244	2781
244	3006
244	3303
251	896
253	725
253	765
253	3287
254	716
254	1431
254	1628
254	2660
254	3133
258	462
261	1117
262	1182
262	2232
266	736
266	1213
266	1674
266	2030
266	2274
266	2281
267	385
267	1296
267	1783
267	2551
268	831
268	950
268	2802
271	2305
273	296
276	2282
284	2817
289	2526
291	464
296	764
296	2476
296	3116
306	1324
306	2125
307	2160
308	639
308	1135
308	2522
308	2894
308	3255
314	2540
315	807
315	973
315	1156
317	1263
317	2145
317	2526
317	2688
318	1386
318	2261
318	3108
322	1197
322	2229
323	359
323	1481
323	1715
323	2190
323	3070
323	3144
330	2063
330	2763
330	3262
331	423
331	1114
331	1864
331	2764
331	2807
331	3116
341	764
341	954
341	961
341	1076
341	1119
341	1130
341	1190
341	1211
341	1261
341	1595
341	1656
341	1676
341	2145
341	2183
341	2230
341	2323
341	2443
341	2504
341	2526
341	2863
341	2969
341	3111
341	3253
341	3348
342	464
342	2565
343	710
344	445
344	789
344	1411
344	1506
345	421
345	1343
345	1654
345	2070
345	2613
345	3116
347	359
347	1059
347	1370
347	1584
347	1894
347	2413
350	571
350	2540
353	456
353	704
353	896
353	1139
353	1267
353	1341
353	1654
353	2526
353	2711
353	2877
353	2889
355	2384
355	2519
359	1059
359	1370
359	1584
359	1894
359	2205
359	2322
359	2413
359	3161
359	3372
361	1045
361	1666
363	410
363	3318
368	2688
369	2063
370	2793
371	949
372	486
372	870
372	950
372	959
372	1101
372	1636
372	1656
372	2523
373	2817
375	1356
376	464
376	1963
384	1637
385	1674
385	2088
388	718
388	905
388	1158
388	1271
388	3303
389	1702
392	445
392	961
392	1256
392	3286
392	3322
392	3348
396	480
396	606
396	764
396	991
396	1152
396	1360
396	1752
396	1822
396	1874
396	2285
396	2995
396	3293
398	1595
398	1976
401	789
404	1263
406	445
406	1506
407	1271
409	674
409	1981
409	2526
409	2647
409	2964
409	2969
409	3323
410	507
410	764
410	1171
410	1285
410	1571
410	1897
410	2067
410	2123
410	2145
410	2215
410	2343
410	2531
410	2533
410	3068
410	3194
410	3248
410	3291
415	2497
415	3249
415	3360
418	3067
423	764
423	883
423	1130
423	1263
423	1283
423	1564
423	1682
423	1925
423	2145
423	2305
423	2764
423	2807
423	2862
423	3012
423	3161
423	3291
423	3348
423	3355
429	764
429	1261
429	1533
429	2281
430	839
430	1616
432	896
432	1213
432	1674
432	2251
432	3111
433	2822
439	2215
441	2593
445	512
445	789
445	1036
445	1097
445	1124
445	1163
445	1340
445	1411
445	1506
445	1568
445	1616
445	1738
445	1780
445	1803
445	1817
445	1925
445	2218
445	2251
445	2503
445	2998
445	3099
445	3111
445	3322
448	799
448	991
448	1654
448	1986
455	1045
456	704
456	896
456	1047
456	1267
456	2711
462	709
462	898
462	1932
462	2105
462	2232
462	2423
462	2655
462	3127
464	512
464	734
464	968
464	1027
464	1239
464	1271
464	1502
464	1510
464	1956
464	1963
464	2251
464	2261
464	2268
464	2354
464	2594
464	2822
465	579
465	689
468	513
468	641
469	867
469	912
469	966
469	1036
469	1955
469	2116
469	2205
469	2491
469	2549
469	2767
469	3012
469	3106
469	3111
469	3248
471	1543
472	831
474	1247
474	1722
474	2322
474	2817
474	2982
474	3368
476	1261
476	1874
476	1922
476	3111
477	1981
478	681
478	764
478	1152
478	1341
478	1447
478	3234
480	707
480	1050
480	1595
480	1793
480	1864
480	3348
486	1595
486	3200
490	2061
490	2526
490	2613
493	1139
493	1654
493	2251
493	2877
496	1130
503	905
503	2177
505	947
505	1447
505	1722
505	1974
505	3323
507	897
512	634
512	981
512	1045
512	1139
512	1271
512	2101
512	2204
512	2251
512	2391
512	2531
512	2540
512	2555
512	2565
512	2594
512	2613
512	3034
513	641
513	733
513	1533
513	2878
513	3348
515	947
518	834
518	1995
518	2183
518	2251
518	3203
519	575
526	1930
526	2393
529	1981
529	3368
537	1543
542	1960
542	2601
542	2647
543	818
545	2688
547	1400
549	818
549	1104
549	1702
555	1635
556	1595
556	2121
556	3321
568	660
568	873
568	1745
568	2999
571	783
571	1969
571	1999
571	2049
571	2251
571	2373
571	2542
571	2940
572	710
572	1247
572	1874
572	2322
579	1631
579	2145
579	2732
580	622
580	1119
580	2479
587	618
589	884
590	1271
597	3348
599	921
605	720
605	2953
606	954
606	1045
606	1050
606	1681
606	1682
606	2088
606	2137
606	2232
606	2251
606	2454
606	2526
606	2822
609	2082
609	2600
609	2763
618	1016
618	1654
621	764
621	1858
621	1995
621	2837
622	1059
622	2647
622	2688
622	3289
622	3323
625	2066
626	1702
630	1234
630	2075
631	831
631	1072
631	1387
631	2413
634	923
634	950
634	1130
634	1595
634	1681
634	1836
634	2229
634	2454
634	2594
634	2947
634	3346
638	1302
639	661
639	877
639	1135
639	1356
639	2522
639	2894
639	3138
639	3255
639	3267
640	1595
641	733
641	2878
643	705
651	1114
651	1595
658	1763
659	2565
660	764
660	1370
660	1995
667	1656
667	1752
667	2251
674	1119
674	2218
674	2310
674	2688
677	3197
681	1152
681	1309
681	3097
689	1656
690	1754
692	1197
692	1214
692	1566
692	2172
692	2476
695	3111
704	1267
704	1444
704	1821
704	2711
704	2889
705	764
705	2145
705	2322
705	2348
705	2537
705	2602
705	3291
707	834
707	861
707	1343
707	3088
707	3111
707	3355
710	1392
710	1491
710	1599
710	2070
710	2251
710	2565
710	3090
710	3116
710	3235
710	3348
713	967
713	2658
716	1063
716	1454
716	1496
716	2846
716	3003
718	795
718	905
718	950
718	1158
718	1271
718	3303
719	1874
719	3052
720	1269
720	2062
720	3274
720	3294
725	1152
725	1216
725	3287
727	1256
727	2594
727	3286
727	3322
729	1211
729	1392
729	2234
729	2260
731	2105
733	1763
733	2878
734	1239
734	3063
736	1213
736	1261
736	1674
736	2274
736	2737
747	930
750	1213
750	2661
757	1002
757	2523
757	2628
764	775
764	959
764	992
764	1050
764	1127
764	1135
764	1139
764	1165
764	1197
764	1211
764	1263
764	1392
764	1496
764	1603
764	1632
764	1654
764	1666
764	1702
764	1722
764	1725
764	1750
764	1793
764	1858
764	1995
764	2018
764	2061
764	2070
764	2305
764	2310
764	2314
764	2322
764	2324
764	2370
764	2384
764	2402
764	2423
764	2526
764	2531
764	2533
764	2606
764	2613
764	2664
764	2757
764	2764
764	2877
764	2926
764	3003
764	3108
764	3111
764	3205
764	3219
764	3286
764	3321
765	3287
766	2767
775	2018
775	3179
778	2089
780	1283
780	2043
783	1285
783	1551
783	2047
783	2123
783	3052
784	813
784	908
785	3171
788	2101
789	1036
789	1097
789	1271
789	1340
789	1411
789	1490
789	1506
789	1616
789	1837
789	1925
789	2503
789	3111
789	3322
795	905
795	3135
799	1976
800	1211
800	1484
800	2018
802	952
802	981
802	1130
802	1331
802	1431
802	1595
802	2565
802	2830
813	908
813	968
813	991
813	1189
818	1642
818	3322
820	2161
823	1261
823	1958
823	3046
823	3111
823	3112
829	2767
831	923
831	991
831	2082
831	2160
831	2202
831	2325
834	1130
834	1995
834	2478
834	2721
834	2969
834	3347
834	3348
839	2526
840	2305
840	3164
841	2863
849	2565
859	2757
863	1411
870	998
870	1595
870	1702
870	1771
870	1870
870	2190
870	2757
870	2846
870	3068
870	3108
875	1922
876	1674
876	2088
882	3290
883	1139
884	894
884	1271
884	2205
884	2527
884	2593
884	2594
884	3106
884	3108
884	3138
884	3269
886	2969
887	2688
888	897
888	947
888	1289
894	1187
894	1911
894	2070
894	2264
894	2314
894	2526
894	2531
894	2867
894	3090
894	3138
896	1267
896	1309
896	1322
896	1331
896	1722
896	1750
896	2251
896	2661
896	2969
896	3090
896	3124
897	949
897	1065
897	1289
897	1630
897	1681
897	1706
897	1958
897	2221
897	3096
901	1247
905	950
905	1158
905	1197
905	1261
905	1271
905	1508
905	1656
905	1864
905	2251
905	2461
905	2527
905	2781
905	3135
905	3303
908	968
908	991
912	2139
915	947
919	1130
920	1595
920	1961
920	3257
921	1752
921	1845
923	1139
923	1411
923	2688
927	991
927	2015
927	2190
927	2370
927	2384
927	2504
927	3251
930	1722
930	2210
935	1599
935	1610
944	2633
944	2721
944	3108
944	3111
947	994
947	2251
947	2345
947	2425
947	2454
947	2822
947	3090
949	1065
949	1289
950	1127
950	1130
950	1752
950	2274
950	2455
950	2767
950	2781
950	3017
954	2878
954	3111
955	2567
959	2170
959	3360
961	2145
961	2434
968	1995
970	1289
970	2565
972	2207
972	2949
974	1289
975	1267
977	1753
979	1263
979	2526
987	1129
987	1753
991	1263
991	1283
991	1635
991	1714
991	1753
991	1844
991	2282
991	2305
991	2323
991	3001
991	3323
992	1533
992	2434
992	2526
992	2764
992	2837
992	2921
992	3108
993	2877
993	3200
998	1021
998	1383
998	1476
998	2145
998	2215
998	2526
998	2613
998	3360
998	3364
1000	1177
1000	1268
1000	1610
1000	2202
1000	2443
1000	2802
1000	2822
1002	1247
1002	2523
1004	3291
1007	1050
1012	1724
1012	2145
1012	2767
1019	1234
1022	1584
1023	1920
1032	1922
1035	1949
1036	1097
1036	1340
1036	1411
1036	1490
1036	1506
1036	1616
1036	1925
1036	2503
1036	3111
1036	3322
1038	1981
1045	2027
1045	2204
1045	2251
1045	2339
1045	2526
1045	2575
1045	2684
1045	3052
1047	1261
1047	1874
1047	2660
1047	3111
1048	1437
1048	2060
1048	2718
1049	1753
1050	1152
1050	1405
1050	2255
1050	2323
1050	2497
1050	2540
1050	2894
1050	2923
1059	1370
1059	1453
1059	1584
1059	1632
1059	1894
1059	2251
1059	2413
1059	2686
1059	2767
1059	3090
1059	3113
1063	1118
1063	1714
1065	1289
1065	1630
1065	3096
1070	1097
1070	1247
1071	1195
1071	2606
1076	2561
1076	2601
1076	2767
1079	3161
1087	1411
1087	2688
1091	2180
1091	2688
1097	1340
1097	1367
1097	1390
1097	1397
1097	1411
1097	1472
1097	1490
1097	1506
1097	1595
1097	1633
1097	1925
1097	2503
1097	3111
1097	3159
1097	3322
1100	1595
1100	1753
1101	2565
1113	2255
1113	2293
1113	2601
1114	1139
1114	2463
1114	2764
1118	1643
1119	2479
1119	2578
1126	1976
1126	2153
1126	2224
1126	3003
1126	3133
1127	1392
1127	1710
1127	2145
1127	3012
1127	3348
1129	1471
1129	1510
1129	1681
1129	2135
1129	2553
1130	1214
1130	1261
1130	1286
1130	1314
1130	1656
1130	1682
1130	1914
1130	1932
1130	1974
1130	2016
1130	2139
1130	2220
1130	2229
1130	2256
1130	2323
1130	2335
1130	2497
1130	2565
1130	2594
1130	2653
1130	2661
1130	2844
1130	3111
1130	3356
1131	3219
1135	1356
1135	2089
1135	2145
1135	2326
1135	2384
1135	2522
1135	2894
1135	3138
1135	3255
1138	1400
1138	3111
1139	1406
1139	1445
1139	1447
1139	1654
1139	1750
1139	2018
1139	2070
1139	2116
1139	2145
1139	2175
1139	2443
1139	2526
1139	2706
1139	2764
1139	2807
1139	2849
1139	2877
1139	3017
1139	3348
1142	1533
1142	2982
1147	3240
1150	2183
1152	2032
1152	2324
1152	2523
1152	3144
1152	3287
1158	1197
1158	1271
1158	2461
1158	2781
1158	3303
1162	3218
1164	3003
1171	2533
1177	1654
1178	3108
1182	1543
1182	2232
1186	3034
1187	2170
1187	2322
1195	2606
1197	1283
1197	1566
1197	2145
1197	2469
1197	2476
1200	1595
1202	2571
1209	2926
1211	1261
1211	1656
1211	2011
1211	2526
1211	2594
1211	2622
1211	2697
1211	2863
1211	3111
1213	1674
1213	1722
1213	2274
1213	2281
1213	2661
1216	3287
1219	2494
1220	2763
1220	3348
1229	1654
1231	1573
1231	1794
1233	2183
1234	2036
1234	2896
1239	1510
1239	2314
1241	2555
1247	1869
1247	2322
1247	2350
1247	2454
1247	2982
1247	3161
1247	3368
1248	1289
1250	2264
1256	1649
1256	1654
1256	2204
1261	1343
1261	1411
1261	1682
1261	1922
1261	2016
1261	2018
1261	2100
1261	2139
1261	2369
1261	2443
1261	2616
1261	2725
1261	3009
1261	3111
1261	3326
1261	3348
1263	1356
1263	1864
1263	1886
1263	1920
1263	2145
1263	2186
1263	2264
1263	2526
1263	2603
1263	2613
1263	2688
1263	2764
1263	3235
1263	3291
1267	1475
1267	1527
1267	2711
1267	2889
1268	1289
1268	1976
1268	2565
1271	1316
1271	1654
1271	1757
1271	2204
1271	2251
1271	2279
1271	2440
1271	2454
1271	2461
1271	2527
1271	2628
1271	2656
1271	2781
1271	2906
1271	3090
1271	3303
1276	1976
1283	1793
1283	2305
1283	2757
1283	3106
1283	3145
1283	3348
1285	2123
1289	1571
1289	1630
1289	1654
1289	1834
1289	1958
1289	2006
1289	2082
1289	3096
1290	1911
1290	2139
1291	2423
1302	3175
1309	2251
1309	2526
1309	2555
1309	3216
1314	2565
1322	2251
1324	2125
1326	1573
1326	2057
1326	2082
1340	1411
1340	1925
1341	2815
1344	1482
1349	1819
1349	2979
1356	2522
1356	2894
1356	3138
1356	3255
1367	3348
1368	1392
1368	2402
1370	1584
1370	1725
1370	1894
1370	2413
1376	2003
1383	1920
1387	1725
1391	2230
1391	3111
1392	1595
1392	1932
1392	2170
1392	2402
1392	2479
1392	2526
1392	3034
1392	3348
1393	1807
1396	3355
1400	2145
1411	1506
1411	1571
1411	1925
1411	2207
1411	2498
1411	2503
1411	2571
1411	2721
1411	3111
1411	3322
1426	2365
1431	1768
1431	1819
1431	1932
1431	1995
1431	2011
1431	2207
1431	2945
1431	3161
1437	1714
1444	1901
1444	2325
1444	2603
1444	2711
1444	2889
1445	1960
1445	2070
1447	1504
1447	1986
1448	2215
1448	3364
1449	2402
1449	2594
1454	3348
1471	1595
1474	2423
1477	3323
1478	2561
1478	3197
1481	3031
1482	2469
1482	2533
1482	3198
1484	2116
1490	1874
1490	1925
1490	3322
1491	2180
1491	2655
1491	2969
1499	2160
1506	1925
1506	2503
1506	3075
1506	3111
1506	3322
1506	3347
1514	2971
1519	3219
1533	2416
1533	2508
1533	2537
1533	2555
1533	2995
1533	3108
1533	3218
1537	2305
1543	1922
1543	1995
1558	1654
1558	2877
1564	2066
1564	2070
1564	3348
1566	2476
1566	3144
1571	1682
1571	2204
1571	3348
1573	2964
1574	2483
1584	1894
1584	1912
1584	2413
1584	2767
1591	2204
1595	1612
1595	1637
1595	1656
1595	1676
1595	1682
1595	1792
1595	1888
1595	1960
1595	1963
1595	1969
1595	2057
1595	2160
1595	2251
1595	2314
1595	2464
1595	2527
1595	2551
1595	2567
1595	2628
1595	2645
1595	2846
1595	2923
1595	2945
1595	3090
1595	3111
1595	3321
1599	1768
1599	1797
1603	2660
1610	1845
1612	2628
1612	3108
1613	1704
1613	2075
1616	1960
1618	2555
1624	3111
1628	3108
1630	1756
1630	3096
1631	2204
1632	1921
1635	1981
1635	2647
1635	2964
1635	3323
1635	3368
1637	1751
1637	2510
1637	2686
1637	3001
1638	2365
1638	3240
1638	3327
1646	2215
1649	1654
1654	2018
1654	2145
1654	2837
1654	2877
1654	3028
1654	3163
1654	3235
1654	3372
1656	1752
1656	1914
1656	2057
1656	2075
1656	2139
1656	2365
1656	2822
1656	3348
1662	2710
1662	3063
1666	3158
1674	2088
1674	2274
1674	2281
1674	2661
1674	3348
1676	3161
1682	2205
1682	2305
1682	2454
1682	2697
1682	3356
1687	1819
1694	1960
1702	1752
1702	1995
1706	2204
1714	1951
1714	2972
1714	3149
1715	2250
1720	2215
1720	3223
1722	2251
1722	2661
1722	2843
1722	3090
1722	3108
1722	3355
1722	3368
1724	1965
1724	2106
1724	2145
1724	2767
1724	3055
1724	3184
1724	3348
1725	2204
1725	2413
1725	2522
1725	2592
1725	2781
1739	3161
1745	2971
1750	2172
1750	3313
1752	2075
1752	2139
1752	2540
1752	2601
1752	2822
1752	2995
1752	3148
1753	2094
1753	2145
1753	2346
1753	2360
1753	2526
1753	2571
1753	2786
1753	2837
1753	2947
1753	3007
1753	3254
1754	3133
1764	2688
1765	2763
1767	3205
1768	1874
1793	2145
1793	3286
1796	2570
1801	2305
1801	3111
1805	3109
1806	1911
1806	2423
1807	1863
1807	1911
1807	1970
1807	2022
1807	2105
1830	1960
1839	3108
1842	3111
1845	2526
1845	2851
1858	3348
1859	2822
1863	2601
1863	2767
1864	2157
1864	2190
1864	2251
1864	3144
1868	2073
1874	1911
1874	2310
1874	3108
1876	3108
1886	2204
1886	2688
1886	2764
1886	2837
1894	2413
1896	2213
1896	2531
1911	2549
1920	2314
1922	2549
1922	2616
1922	2971
1922	3111
1922	3267
1925	3111
1925	3322
1927	3108
1932	1995
1932	2184
1958	2172
1960	2711
1960	2721
1960	2745
1961	2561
1963	2261
1965	2655
1965	2686
1969	2207
1974	2322
1976	2549
1981	2964
1981	3323
1994	3348
1995	2018
1995	2459
1995	2478
1995	2593
1995	2753
1995	2945
1995	2999
1995	3161
1995	3235
1999	2707
2009	2162
2011	3090
2016	2681
2018	2305
2018	2602
2024	2744
2032	2069
2036	2088
2043	2145
2043	2969
2047	2123
2047	2239
2047	3194
2047	3318
2047	3335
2051	2082
2051	2190
2057	2204
2057	2940
2061	2145
2061	2613
2061	3034
2061	3348
2062	3274
2062	3294
2063	2791
2066	2184
2066	2800
2066	2941
2066	3111
2070	2145
2070	2526
2070	2613
2070	2673
2070	3116
2075	2441
2075	2464
2075	2578
2076	2793
2080	2491
2082	2531
2089	2398
2089	2522
2089	2894
2101	2251
2116	2472
2117	2305
2118	2190
2118	2846
2118	3108
2120	2423
2121	3321
2123	3052
2123	3194
2123	3318
2130	2567
2130	2660
2139	2322
2139	2458
2145	2190
2145	2255
2145	2305
2145	2314
2145	2373
2145	2526
2145	2533
2145	2616
2145	2661
2145	2688
2145	2846
2145	3093
2145	3108
2145	3133
2145	3219
2145	3327
2145	3348
2146	2204
2158	2561
2158	2582
2160	3328
2162	2946
2166	2969
2170	2314
2170	2526
2170	2837
2170	3090
2170	3348
2172	3111
2184	3348
2186	2523
2186	3336
2190	2441
2190	3242
2202	3096
2204	2251
2204	2565
2204	2567
2205	3251
2207	2423
2210	2996
2211	2688
2214	3328
2215	2533
2215	3145
2215	3318
2215	3360
2215	3364
2216	2314
2216	2526
2216	2567
2216	3348
2218	2310
2219	2332
2229	3075
2247	3001
2250	2384
2250	3022
2251	2278
2251	2322
2251	2325
2251	2423
2251	2565
2251	2601
2251	2661
2251	2767
2251	2969
2251	3124
2251	3161
2252	2594
2260	2705
2273	2571
2273	3158
2274	2281
2281	2661
2293	2688
2305	2710
2305	2971
2305	3029
2305	3078
2305	3242
2305	3254
2306	2565
2314	2526
2314	3278
2322	2767
2322	2817
2322	2982
2322	3090
2323	3111
2324	2346
2325	2801
2325	3068
2332	2758
2343	2423
2343	2533
2343	3068
2348	3366
2362	3366
2364	2464
2365	3090
2365	3327
2373	2542
2384	3293
2400	3029
2402	2601
2402	2764
2423	2601
2423	3049
2423	3133
2423	3267
2434	3108
2434	3274
2434	3348
2435	2730
2440	3108
2443	3111
2454	2529
2455	2950
2458	3348
2460	3333
2479	2646
2479	3133
2494	2551
2494	2921
2497	2565
2497	2717
2497	3242
2503	3322
2504	3253
2517	2753
2522	2894
2522	3138
2522	3255
2526	2613
2526	2681
2526	2764
2526	3049
2526	3348
2528	2565
2529	2661
2531	2601
2533	2953
2533	3068
2533	3197
2534	2565
2540	2701
2540	2923
2551	2739
2551	2923
2551	3262
2561	2975
2561	3313
2565	2697
2565	2802
2565	2969
2567	2594
2567	3124
2582	2822
2582	2949
2585	3111
2593	2594
2593	2843
2593	3108
2594	2767
2594	2843
2594	2914
2594	3108
2597	2964
2601	2753
2601	2777
2602	3242
2613	3313
2613	3348
2616	2646
2616	2721
2616	3111
2623	3348
2646	3133
2647	2964
2647	3289
2647	3323
2647	3348
2647	3368
2650	2764
2658	2807
2661	2721
2661	3133
2675	3034
2688	2763
2688	3323
2711	2889
2725	3111
2764	3116
2764	3235
2764	3286
2764	3348
2767	2966
2767	3090
2767	3348
2781	3135
2781	3303
2801	2882
2815	3108
2817	2982
2817	3368
2822	2914
2822	3200
2837	3116
2837	3348
2843	2972
2861	2969
2863	3328
2874	2904
2894	3138
2894	3255
2910	3111
2914	2947
2914	3260
2938	3108
2943	3360
2962	3348
2964	3323
2964	3368
2982	3313
2982	3368
3012	3348
3055	3360
3108	3133
3108	3254
3111	3148
3111	3198
3111	3348
3138	3255
3145	3318
3161	3274
3170	3328
3176	3348
3179	3360
3194	3318
3194	3335
3201	3374
3274	3291
3274	3294
3286	3291
3287	3291
3289	3323
3291	3348
3323	3368
3348	3355
3348	3356
3360	3364
96	1
445	1
764	1
1119	1
3114	1
469	7
813	7
2305	7
2549	7
3195	7
56	8
347	8
448	8
2145	8
2531	8
15	10
406	10
445	10
764	10
1256	10
1263	10
2075	10
2305	10
56	11
690	11
898	11
1595	11
1874	11
2157	11
2753	11
224	13
896	13
396	15
2015	15
192	16
341	16
764	16
834	16
921	16
1130	16
1261	16
1343	16
1564	16
1571	16
1595	16
2035	16
2369	16
2767	16
3111	16
3355	16
3356	16
410	20
571	20
783	20
3194	20
3318	20
196	27
505	27
556	27
1656	27
2121	27
2258	27
2310	27
3321	27
1045	31
1036	33
2019	36
54	38
347	38
1894	38
2753	38
3096	38
3138	38
3200	38
514	47
2162	47
1045	48
396	49
488	49
618	49
1050	49
1510	49
2017	49
2125	49
2775	49
2881	49
1271	50
180	54
354	54
56	55
127	55
572	55
727	55
785	55
947	55
1089	55
1135	55
1370	55
1630	55
1650	55
1753	55
1995	55
2274	55
2314	55
2322	55
2325	55
2434	55
2593	55
2594	55
2843	55
3108	55
3348	55
3366	55
90	56
154	56
373	56
376	56
385	56
396	56
423	56
429	56
572	56
660	56
713	56
719	56
950	56
961	56
979	56
991	56
1089	56
1126	56
1135	56
1197	56
1211	56
1368	56
1370	56
1386	56
1392	56
1595	56
1654	56
1674	56
1722	56
1753	56
1858	56
1995	56
2063	56
2070	56
2088	56
2145	56
2261	56
2274	56
2281	56
2310	56
2324	56
2376	56
2402	56
2434	56
2522	56
2555	56
2593	56
2594	56
2846	56
2995	56
3108	56
3138	56
3161	56
3267	56
3291	56
3348	56
2066	57
2817	57
1059	59
2204	60
2305	60
3001	60
3108	60
2458	65
347	70
927	72
541	73
927	73
1719	73
2214	73
2926	73
3287	73
1676	80
2043	80
2737	80
235	82
2251	82
2276	82
2962	82
3203	82
897	83
1065	83
1289	83
1630	83
3096	83
350	88
1045	88
1059	88
1059	90
2314	90
3278	90
789	92
704	93
2606	93
2929	93
464	94
3144	94
3347	94
423	96
464	96
705	96
1027	96
1431	96
1510	96
2268	96
2354	96
3336	96
224	98
1654	102
2070	115
2205	115
1197	116
1753	116
1911	116
764	120
244	121
388	121
718	121
764	121
905	121
1158	121
1271	121
2145	121
2781	121
3303	121
639	127
1656	127
1995	127
2522	127
1437	129
1591	129
2519	129
2711	129
1911	130
192	132
634	132
1130	132
2823	132
3356	132
1261	133
1992	135
2057	135
2204	135
2264	135
2458	135
2533	135
3145	135
243	136
2298	136
3103	136
641	138
1036	148
2969	152
357	154
823	154
432	158
2251	158
192	159
193	159
267	159
370	159
512	159
606	159
640	159
867	159
897	159
1129	159
1130	159
1580	159
1584	159
1595	159
2043	159
2157	159
2273	159
2360	159
2565	159
3012	159
3285	159
1995	164
3111	164
448	166
789	166
1431	166
3322	166
789	171
1097	171
1411	171
1682	174
432	182
766	184
352	187
806	187
1752	187
2251	187
1197	189
1566	189
2476	189
341	191
1261	191
3111	191
224	192
579	192
802	192
921	192
1012	192
1130	192
1214	192
1286	192
1682	192
1807	192
2057	192
2183	192
2220	192
2229	192
2256	192
2323	192
2335	192
2348	192
2458	192
2565	192
2594	192
2823	192
2846	192
3356	192
2066	193
2305	193
439	196
512	196
687	196
1448	196
2210	196
2215	196
3364	196
1129	203
950	205
1142	205
3277	205
2874	209
2904	209
1396	211
2305	211
2688	211
490	213
2011	213
2526	213
2613	213
3348	213
3355	213
2313	217
2075	218
2116	218
2655	219
341	224
606	224
764	224
1257	224
1571	224
1595	224
1783	224
2051	224
2062	224
2610	224
3029	224
3111	224
1341	225
2100	225
2178	225
2721	229
634	231
1130	231
1932	231
1960	231
1995	231
2688	231
3063	231
3078	231
897	235
949	235
1007	235
1289	235
1630	235
1958	235
1998	235
2172	235
2387	235
3096	235
410	242
783	242
1285	242
2047	242
2123	242
317	243
372	243
423	243
469	243
1050	243
1753	243
1793	243
2148	243
3133	243
3348	243
718	244
905	244
950	244
1158	244
1197	244
1271	244
2145	244
2461	244
2781	244
3006	244
3303	244
896	251
725	253
765	253
3287	253
716	254
1431	254
1628	254
2660	254
3133	254
462	258
1117	261
1182	262
2232	262
736	266
1213	266
1674	266
2030	266
2274	266
2281	266
385	267
1296	267
1783	267
2551	267
831	268
950	268
2802	268
2305	271
296	273
2282	276
2817	284
2526	289
464	291
764	296
2476	296
3116	296
1324	306
2125	306
2160	307
639	308
1135	308
2522	308
2894	308
3255	308
2540	314
807	315
973	315
1156	315
1263	317
2145	317
2526	317
2688	317
1386	318
2261	318
3108	318
1197	322
2229	322
359	323
1481	323
1715	323
2190	323
3070	323
3144	323
2063	330
2763	330
3262	330
423	331
1114	331
1864	331
2764	331
2807	331
3116	331
764	341
954	341
961	341
1076	341
1119	341
1130	341
1190	341
1211	341
1261	341
1595	341
1656	341
1676	341
2145	341
2183	341
2230	341
2323	341
2443	341
2504	341
2526	341
2863	341
2969	341
3111	341
3253	341
3348	341
464	342
2565	342
710	343
445	344
789	344
1411	344
1506	344
421	345
1343	345
1654	345
2070	345
2613	345
3116	345
359	347
1059	347
1370	347
1584	347
1894	347
2413	347
571	350
2540	350
456	353
704	353
896	353
1139	353
1267	353
1341	353
1654	353
2526	353
2711	353
2877	353
2889	353
2384	355
2519	355
1059	359
1370	359
1584	359
1894	359
2205	359
2322	359
2413	359
3161	359
3372	359
1045	361
1666	361
410	363
3318	363
2688	368
2063	369
2793	370
949	371
486	372
870	372
950	372
959	372
1101	372
1636	372
1656	372
2523	372
2817	373
1356	375
464	376
1963	376
1637	384
1674	385
2088	385
718	388
905	388
1158	388
1271	388
3303	388
1702	389
445	392
961	392
1256	392
3286	392
3322	392
3348	392
480	396
606	396
764	396
991	396
1152	396
1360	396
1752	396
1822	396
1874	396
2285	396
2995	396
3293	396
1595	398
1976	398
789	401
1263	404
445	406
1506	406
1271	407
674	409
1981	409
2526	409
2647	409
2964	409
2969	409
3323	409
507	410
764	410
1171	410
1285	410
1571	410
1897	410
2067	410
2123	410
2145	410
2215	410
2343	410
2531	410
2533	410
3068	410
3194	410
3248	410
3291	410
2497	415
3249	415
3360	415
3067	418
764	423
883	423
1130	423
1263	423
1283	423
1564	423
1682	423
1925	423
2145	423
2305	423
2764	423
2807	423
2862	423
3012	423
3161	423
3291	423
3348	423
3355	423
764	429
1261	429
1533	429
2281	429
839	430
1616	430
896	432
1213	432
1674	432
2251	432
3111	432
2822	433
2215	439
2593	441
512	445
789	445
1036	445
1097	445
1124	445
1163	445
1340	445
1411	445
1506	445
1568	445
1616	445
1738	445
1780	445
1803	445
1817	445
1925	445
2218	445
2251	445
2503	445
2998	445
3099	445
3111	445
3322	445
799	448
991	448
1654	448
1986	448
1045	455
704	456
896	456
1047	456
1267	456
2711	456
709	462
898	462
1932	462
2105	462
2232	462
2423	462
2655	462
3127	462
512	464
734	464
968	464
1027	464
1239	464
1271	464
1502	464
1510	464
1956	464
1963	464
2251	464
2261	464
2268	464
2354	464
2594	464
2822	464
579	465
689	465
513	468
641	468
867	469
912	469
966	469
1036	469
1955	469
2116	469
2205	469
2491	469
2549	469
2767	469
3012	469
3106	469
3111	469
3248	469
1543	471
831	472
1247	474
1722	474
2322	474
2817	474
2982	474
3368	474
1261	476
1874	476
1922	476
3111	476
1981	477
681	478
764	478
1152	478
1341	478
1447	478
3234	478
707	480
1050	480
1595	480
1793	480
1864	480
3348	480
1595	486
3200	486
2061	490
2526	490
2613	490
1139	493
1654	493
2251	493
2877	493
1130	496
905	503
2177	503
947	505
1447	505
1722	505
1974	505
3323	505
897	507
634	512
981	512
1045	512
1139	512
1271	512
2101	512
2204	512
2251	512
2391	512
2531	512
2540	512
2555	512
2565	512
2594	512
2613	512
3034	512
641	513
733	513
1533	513
2878	513
3348	513
947	515
834	518
1995	518
2183	518
2251	518
3203	518
575	519
1930	526
2393	526
1981	529
3368	529
1543	537
1960	542
2601	542
2647	542
818	543
2688	545
1400	547
818	549
1104	549
1702	549
1635	555
1595	556
2121	556
3321	556
660	568
873	568
1745	568
2999	568
783	571
1969	571
1999	571
2049	571
2251	571
2373	571
2542	571
2940	571
710	572
1247	572
1874	572
2322	572
1631	579
2145	579
2732	579
622	580
1119	580
2479	580
618	587
884	589
1271	590
3348	597
921	599
720	605
2953	605
954	606
1045	606
1050	606
1681	606
1682	606
2088	606
2137	606
2232	606
2251	606
2454	606
2526	606
2822	606
2082	609
2600	609
2763	609
1016	618
1654	618
764	621
1858	621
1995	621
2837	621
1059	622
2647	622
2688	622
3289	622
3323	622
2066	625
1702	626
1234	630
2075	630
831	631
1072	631
1387	631
2413	631
923	634
950	634
1130	634
1595	634
1681	634
1836	634
2229	634
2454	634
2594	634
2947	634
3346	634
1302	638
661	639
877	639
1135	639
1356	639
2522	639
2894	639
3138	639
3255	639
3267	639
1595	640
733	641
2878	641
705	643
1114	651
1595	651
1763	658
2565	659
764	660
1370	660
1995	660
1656	667
1752	667
2251	667
1119	674
2218	674
2310	674
2688	674
3197	677
1152	681
1309	681
3097	681
1656	689
1754	690
1197	692
1214	692
1566	692
2172	692
2476	692
3111	695
1267	704
1444	704
1821	704
2711	704
2889	704
764	705
2145	705
2322	705
2348	705
2537	705
2602	705
3291	705
834	707
861	707
1343	707
3088	707
3111	707
3355	707
1392	710
1491	710
1599	710
2070	710
2251	710
2565	710
3090	710
3116	710
3235	710
3348	710
967	713
2658	713
1063	716
1454	716
1496	716
2846	716
3003	716
795	718
905	718
950	718
1158	718
1271	718
3303	718
1874	719
3052	719
1269	720
2062	720
3274	720
3294	720
1152	725
1216	725
3287	725
1256	727
2594	727
3286	727
3322	727
1211	729
1392	729
2234	729
2260	729
2105	731
1763	733
2878	733
1239	734
3063	734
1213	736
1261	736
1674	736
2274	736
2737	736
930	747
1213	750
2661	750
1002	757
2523	757
2628	757
775	764
959	764
992	764
1050	764
1127	764
1135	764
1139	764
1165	764
1197	764
1211	764
1263	764
1392	764
1496	764
1603	764
1632	764
1654	764
1666	764
1702	764
1722	764
1725	764
1750	764
1793	764
1858	764
1995	764
2018	764
2061	764
2070	764
2305	764
2310	764
2314	764
2322	764
2324	764
2370	764
2384	764
2402	764
2423	764
2526	764
2531	764
2533	764
2606	764
2613	764
2664	764
2757	764
2764	764
2877	764
2926	764
3003	764
3108	764
3111	764
3205	764
3219	764
3286	764
3321	764
3287	765
2767	766
2018	775
3179	775
2089	778
1283	780
2043	780
1285	783
1551	783
2047	783
2123	783
3052	783
813	784
908	784
3171	785
2101	788
1036	789
1097	789
1271	789
1340	789
1411	789
1490	789
1506	789
1616	789
1837	789
1925	789
2503	789
3111	789
3322	789
905	795
3135	795
1976	799
1211	800
1484	800
2018	800
952	802
981	802
1130	802
1331	802
1431	802
1595	802
2565	802
2830	802
908	813
968	813
991	813
1189	813
1642	818
3322	818
2161	820
1261	823
1958	823
3046	823
3111	823
3112	823
2767	829
923	831
991	831
2082	831
2160	831
2202	831
2325	831
1130	834
1995	834
2478	834
2721	834
2969	834
3347	834
3348	834
2526	839
2305	840
3164	840
2863	841
2565	849
2757	859
1411	863
998	870
1595	870
1702	870
1771	870
1870	870
2190	870
2757	870
2846	870
3068	870
3108	870
1922	875
1674	876
2088	876
3290	882
1139	883
894	884
1271	884
2205	884
2527	884
2593	884
2594	884
3106	884
3108	884
3138	884
3269	884
2969	886
2688	887
897	888
947	888
1289	888
1187	894
1911	894
2070	894
2264	894
2314	894
2526	894
2531	894
2867	894
3090	894
3138	894
1267	896
1309	896
1322	896
1331	896
1722	896
1750	896
2251	896
2661	896
2969	896
3090	896
3124	896
949	897
1065	897
1289	897
1630	897
1681	897
1706	897
1958	897
2221	897
3096	897
1247	901
950	905
1158	905
1197	905
1261	905
1271	905
1508	905
1656	905
1864	905
2251	905
2461	905
2527	905
2781	905
3135	905
3303	905
968	908
991	908
2139	912
947	915
1130	919
1595	920
1961	920
3257	920
1752	921
1845	921
1139	923
1411	923
2688	923
991	927
2015	927
2190	927
2370	927
2384	927
2504	927
3251	927
1722	930
2210	930
1599	935
1610	935
2633	944
2721	944
3108	944
3111	944
994	947
2251	947
2345	947
2425	947
2454	947
2822	947
3090	947
1065	949
1289	949
1127	950
1130	950
1752	950
2274	950
2455	950
2767	950
2781	950
3017	950
2878	954
3111	954
2567	955
2170	959
3360	959
2145	961
2434	961
1995	968
1289	970
2565	970
2207	972
2949	972
1289	974
1267	975
1753	977
1263	979
2526	979
1129	987
1753	987
1263	991
1283	991
1635	991
1714	991
1753	991
1844	991
2282	991
2305	991
2323	991
3001	991
3323	991
1533	992
2434	992
2526	992
2764	992
2837	992
2921	992
3108	992
2877	993
3200	993
1021	998
1383	998
1476	998
2145	998
2215	998
2526	998
2613	998
3360	998
3364	998
1177	1000
1268	1000
1610	1000
2202	1000
2443	1000
2802	1000
2822	1000
1247	1002
2523	1002
3291	1004
1050	1007
1724	1012
2145	1012
2767	1012
1234	1019
1584	1022
1920	1023
1922	1032
1949	1035
1097	1036
1340	1036
1411	1036
1490	1036
1506	1036
1616	1036
1925	1036
2503	1036
3111	1036
3322	1036
1981	1038
2027	1045
2204	1045
2251	1045
2339	1045
2526	1045
2575	1045
2684	1045
3052	1045
1261	1047
1874	1047
2660	1047
3111	1047
1437	1048
2060	1048
2718	1048
1753	1049
1152	1050
1405	1050
2255	1050
2323	1050
2497	1050
2540	1050
2894	1050
2923	1050
1370	1059
1453	1059
1584	1059
1632	1059
1894	1059
2251	1059
2413	1059
2686	1059
2767	1059
3090	1059
3113	1059
1118	1063
1714	1063
1289	1065
1630	1065
3096	1065
1097	1070
1247	1070
1195	1071
2606	1071
2561	1076
2601	1076
2767	1076
3161	1079
1411	1087
2688	1087
2180	1091
2688	1091
1340	1097
1367	1097
1390	1097
1397	1097
1411	1097
1472	1097
1490	1097
1506	1097
1595	1097
1633	1097
1925	1097
2503	1097
3111	1097
3159	1097
3322	1097
1595	1100
1753	1100
2565	1101
2255	1113
2293	1113
2601	1113
1139	1114
2463	1114
2764	1114
1643	1118
2479	1119
2578	1119
1976	1126
2153	1126
2224	1126
3003	1126
3133	1126
1392	1127
1710	1127
2145	1127
3012	1127
3348	1127
1471	1129
1510	1129
1681	1129
2135	1129
2553	1129
1214	1130
1261	1130
1286	1130
1314	1130
1656	1130
1682	1130
1914	1130
1932	1130
1974	1130
2016	1130
2139	1130
2220	1130
2229	1130
2256	1130
2323	1130
2335	1130
2497	1130
2565	1130
2594	1130
2653	1130
2661	1130
2844	1130
3111	1130
3356	1130
3219	1131
1356	1135
2089	1135
2145	1135
2326	1135
2384	1135
2522	1135
2894	1135
3138	1135
3255	1135
1400	1138
3111	1138
1406	1139
1445	1139
1447	1139
1654	1139
1750	1139
2018	1139
2070	1139
2116	1139
2145	1139
2175	1139
2443	1139
2526	1139
2706	1139
2764	1139
2807	1139
2849	1139
2877	1139
3017	1139
3348	1139
1533	1142
2982	1142
3240	1147
2183	1150
2032	1152
2324	1152
2523	1152
3144	1152
3287	1152
1197	1158
1271	1158
2461	1158
2781	1158
3303	1158
3218	1162
3003	1164
2533	1171
1654	1177
3108	1178
1543	1182
2232	1182
3034	1186
2170	1187
2322	1187
2606	1195
1283	1197
1566	1197
2145	1197
2469	1197
2476	1197
1595	1200
2571	1202
2926	1209
1261	1211
1656	1211
2011	1211
2526	1211
2594	1211
2622	1211
2697	1211
2863	1211
3111	1211
1674	1213
1722	1213
2274	1213
2281	1213
2661	1213
3287	1216
2494	1219
2763	1220
3348	1220
1654	1229
1573	1231
1794	1231
2183	1233
2036	1234
2896	1234
1510	1239
2314	1239
2555	1241
1869	1247
2322	1247
2350	1247
2454	1247
2982	1247
3161	1247
3368	1247
1289	1248
2264	1250
1649	1256
1654	1256
2204	1256
1343	1261
1411	1261
1682	1261
1922	1261
2016	1261
2018	1261
2100	1261
2139	1261
2369	1261
2443	1261
2616	1261
2725	1261
3009	1261
3111	1261
3326	1261
3348	1261
1356	1263
1864	1263
1886	1263
1920	1263
2145	1263
2186	1263
2264	1263
2526	1263
2603	1263
2613	1263
2688	1263
2764	1263
3235	1263
3291	1263
1475	1267
1527	1267
2711	1267
2889	1267
1289	1268
1976	1268
2565	1268
1316	1271
1654	1271
1757	1271
2204	1271
2251	1271
2279	1271
2440	1271
2454	1271
2461	1271
2527	1271
2628	1271
2656	1271
2781	1271
2906	1271
3090	1271
3303	1271
1976	1276
1793	1283
2305	1283
2757	1283
3106	1283
3145	1283
3348	1283
2123	1285
1571	1289
1630	1289
1654	1289
1834	1289
1958	1289
2006	1289
2082	1289
3096	1289
1911	1290
2139	1290
2423	1291
3175	1302
2251	1309
2526	1309
2555	1309
3216	1309
2565	1314
2251	1322
2125	1324
1573	1326
2057	1326
2082	1326
1411	1340
1925	1340
2815	1341
1482	1344
1819	1349
2979	1349
2522	1356
2894	1356
3138	1356
3255	1356
3348	1367
1392	1368
2402	1368
1584	1370
1725	1370
1894	1370
2413	1370
2003	1376
1920	1383
1725	1387
2230	1391
3111	1391
1595	1392
1932	1392
2170	1392
2402	1392
2479	1392
2526	1392
3034	1392
3348	1392
1807	1393
3355	1396
2145	1400
1506	1411
1571	1411
1925	1411
2207	1411
2498	1411
2503	1411
2571	1411
2721	1411
3111	1411
3322	1411
2365	1426
1768	1431
1819	1431
1932	1431
1995	1431
2011	1431
2207	1431
2945	1431
3161	1431
1714	1437
1901	1444
2325	1444
2603	1444
2711	1444
2889	1444
1960	1445
2070	1445
1504	1447
1986	1447
2215	1448
3364	1448
2402	1449
2594	1449
3348	1454
1595	1471
2423	1474
3323	1477
2561	1478
3197	1478
3031	1481
2469	1482
2533	1482
3198	1482
2116	1484
1874	1490
1925	1490
3322	1490
2180	1491
2655	1491
2969	1491
2160	1499
1925	1506
2503	1506
3075	1506
3111	1506
3322	1506
3347	1506
2971	1514
3219	1519
2416	1533
2508	1533
2537	1533
2555	1533
2995	1533
3108	1533
3218	1533
2305	1537
1922	1543
1995	1543
1654	1558
2877	1558
2066	1564
2070	1564
3348	1564
2476	1566
3144	1566
1682	1571
2204	1571
3348	1571
2964	1573
2483	1574
1894	1584
1912	1584
2413	1584
2767	1584
2204	1591
1612	1595
1637	1595
1656	1595
1676	1595
1682	1595
1792	1595
1888	1595
1960	1595
1963	1595
1969	1595
2057	1595
2160	1595
2251	1595
2314	1595
2464	1595
2527	1595
2551	1595
2567	1595
2628	1595
2645	1595
2846	1595
2923	1595
2945	1595
3090	1595
3111	1595
3321	1595
1768	1599
1797	1599
2660	1603
1845	1610
2628	1612
3108	1612
1704	1613
2075	1613
1960	1616
2555	1618
3111	1624
3108	1628
1756	1630
3096	1630
2204	1631
1921	1632
1981	1635
2647	1635
2964	1635
3323	1635
3368	1635
1751	1637
2510	1637
2686	1637
3001	1637
2365	1638
3240	1638
3327	1638
2215	1646
1654	1649
2018	1654
2145	1654
2837	1654
2877	1654
3028	1654
3163	1654
3235	1654
3372	1654
1752	1656
1914	1656
2057	1656
2075	1656
2139	1656
2365	1656
2822	1656
3348	1656
2710	1662
3063	1662
3158	1666
2088	1674
2274	1674
2281	1674
2661	1674
3348	1674
3161	1676
2205	1682
2305	1682
2454	1682
2697	1682
3356	1682
1819	1687
1960	1694
1752	1702
1995	1702
2204	1706
1951	1714
2972	1714
3149	1714
2250	1715
2215	1720
3223	1720
2251	1722
2661	1722
2843	1722
3090	1722
3108	1722
3355	1722
3368	1722
1965	1724
2106	1724
2145	1724
2767	1724
3055	1724
3184	1724
3348	1724
2204	1725
2413	1725
2522	1725
2592	1725
2781	1725
3161	1739
2971	1745
2172	1750
3313	1750
2075	1752
2139	1752
2540	1752
2601	1752
2822	1752
2995	1752
3148	1752
2094	1753
2145	1753
2346	1753
2360	1753
2526	1753
2571	1753
2786	1753
2837	1753
2947	1753
3007	1753
3254	1753
3133	1754
2688	1764
2763	1765
3205	1767
1874	1768
2145	1793
3286	1793
2570	1796
2305	1801
3111	1801
3109	1805
1911	1806
2423	1806
1863	1807
1911	1807
1970	1807
2022	1807
2105	1807
1960	1830
3108	1839
3111	1842
2526	1845
2851	1845
3348	1858
2822	1859
2601	1863
2767	1863
2157	1864
2190	1864
2251	1864
3144	1864
2073	1868
1911	1874
2310	1874
3108	1874
3108	1876
2204	1886
2688	1886
2764	1886
2837	1886
2413	1894
2213	1896
2531	1896
2549	1911
2314	1920
2549	1922
2616	1922
2971	1922
3111	1922
3267	1922
3111	1925
3322	1925
3108	1927
1995	1932
2184	1932
2172	1958
2711	1960
2721	1960
2745	1960
2561	1961
2261	1963
2655	1965
2686	1965
2207	1969
2322	1974
2549	1976
2964	1981
3323	1981
3348	1994
2018	1995
2459	1995
2478	1995
2593	1995
2753	1995
2945	1995
2999	1995
3161	1995
3235	1995
2707	1999
2162	2009
3090	2011
2681	2016
2305	2018
2602	2018
2744	2024
2069	2032
2088	2036
2145	2043
2969	2043
2123	2047
2239	2047
3194	2047
3318	2047
3335	2047
2082	2051
2190	2051
2204	2057
2940	2057
2145	2061
2613	2061
3034	2061
3348	2061
3274	2062
3294	2062
2791	2063
2184	2066
2800	2066
2941	2066
3111	2066
2145	2070
2526	2070
2613	2070
2673	2070
3116	2070
2441	2075
2464	2075
2578	2075
2793	2076
2491	2080
2531	2082
2398	2089
2522	2089
2894	2089
2251	2101
2472	2116
2305	2117
2190	2118
2846	2118
3108	2118
2423	2120
3321	2121
3052	2123
3194	2123
3318	2123
2567	2130
2660	2130
2322	2139
2458	2139
2190	2145
2255	2145
2305	2145
2314	2145
2373	2145
2526	2145
2533	2145
2616	2145
2661	2145
2688	2145
2846	2145
3093	2145
3108	2145
3133	2145
3219	2145
3327	2145
3348	2145
2204	2146
2561	2158
2582	2158
3328	2160
2946	2162
2969	2166
2314	2170
2526	2170
2837	2170
3090	2170
3348	2170
3111	2172
3348	2184
2523	2186
3336	2186
2441	2190
3242	2190
3096	2202
2251	2204
2565	2204
2567	2204
3251	2205
2423	2207
2996	2210
2688	2211
3328	2214
2533	2215
3145	2215
3318	2215
3360	2215
3364	2215
2314	2216
2526	2216
2567	2216
3348	2216
2310	2218
2332	2219
3075	2229
3001	2247
2384	2250
3022	2250
2278	2251
2322	2251
2325	2251
2423	2251
2565	2251
2601	2251
2661	2251
2767	2251
2969	2251
3124	2251
3161	2251
2594	2252
2705	2260
2571	2273
3158	2273
2281	2274
2661	2281
2688	2293
2710	2305
2971	2305
3029	2305
3078	2305
3242	2305
3254	2305
2565	2306
2526	2314
3278	2314
2767	2322
2817	2322
2982	2322
3090	2322
3111	2323
2346	2324
2801	2325
3068	2325
2758	2332
2423	2343
2533	2343
3068	2343
3366	2348
3366	2362
2464	2364
3090	2365
3327	2365
2542	2373
3293	2384
3029	2400
2601	2402
2764	2402
2601	2423
3049	2423
3133	2423
3267	2423
3108	2434
3274	2434
3348	2434
2730	2435
3108	2440
3111	2443
2529	2454
2950	2455
3348	2458
3333	2460
2646	2479
3133	2479
2551	2494
2921	2494
2565	2497
2717	2497
3242	2497
3322	2503
3253	2504
2753	2517
2894	2522
3138	2522
3255	2522
2613	2526
2681	2526
2764	2526
3049	2526
3348	2526
2565	2528
2661	2529
2601	2531
2953	2533
3068	2533
3197	2533
2565	2534
2701	2540
2923	2540
2739	2551
2923	2551
3262	2551
2975	2561
3313	2561
2697	2565
2802	2565
2969	2565
2594	2567
3124	2567
2822	2582
2949	2582
3111	2585
2594	2593
2843	2593
3108	2593
2767	2594
2843	2594
2914	2594
3108	2594
2964	2597
2753	2601
2777	2601
3242	2602
3313	2613
3348	2613
2646	2616
2721	2616
3111	2616
3348	2623
3133	2646
2964	2647
3289	2647
3323	2647
3348	2647
3368	2647
2764	2650
2807	2658
2721	2661
3133	2661
3034	2675
2763	2688
3323	2688
2889	2711
3111	2725
3116	2764
3235	2764
3286	2764
3348	2764
2966	2767
3090	2767
3348	2767
3135	2781
3303	2781
2882	2801
3108	2815
2982	2817
3368	2817
2914	2822
3200	2822
3116	2837
3348	2837
2972	2843
2969	2861
3328	2863
2904	2874
3138	2894
3255	2894
3111	2910
2947	2914
3260	2914
3108	2938
3360	2943
3348	2962
3323	2964
3368	2964
3313	2982
3368	2982
3348	3012
3360	3055
3133	3108
3254	3108
3148	3111
3198	3111
3348	3111
3255	3138
3318	3145
3274	3161
3328	3170
3348	3176
3360	3179
3318	3194
3335	3194
3374	3201
3291	3274
3294	3274
3291	3286
3291	3287
3323	3289
3348	3291
3368	3323
3355	3348
3356	3348
3364	3360
