2	622
2	648
2	833
6	1041
11	90
11	1345
16	71
16	195
16	256
16	353
16	370
16	466
16	490
16	806
16	894
16	931
16	1077
16	1115
16	1352
16	1409
17	1028
19	676
23	969
24	120
24	360
24	661
24	817
25	765
25	1214
25	1254
27	564
27	806
27	999
27	1024
27	1104
27	1287
27	1409
28	1024
29	538
29	873
31	49
31	65
31	102
31	115
31	139
31	217
31	232
31	248
31	324
31	357
31	566
31	577
31	581
31	682
31	755
31	776
31	874
31	930
31	933
31	941
31	978
31	1098
31	1287
31	1390
31	1430
31	1468
31	1470
35	647
35	1183
35	1203
37	162
37	338
37	363
37	400
37	418
37	439
37	672
37	758
37	1001
37	1108
37	1455
41	85
41	261
41	315
41	742
41	848
41	862
41	882
41	1016
41	1087
41	1122
41	1204
44	253
49	65
49	71
49	102
49	115
49	135
49	139
49	149
49	189
49	195
49	217
49	248
49	324
49	357
49	361
49	406
49	466
49	490
49	498
49	515
49	553
49	564
49	566
49	581
49	627
49	633
49	767
49	776
49	806
49	851
49	894
49	899
49	930
49	933
49	956
49	1006
49	1077
49	1098
49	1104
49	1213
49	1260
49	1287
49	1352
49	1384
49	1390
49	1409
49	1470
50	400
50	439
50	672
55	103
55	195
55	248
55	361
55	406
55	466
55	467
55	476
55	480
55	498
55	515
55	564
55	767
55	799
55	806
55	851
55	899
55	956
55	1006
55	1139
55	1210
55	1260
55	1287
58	805
63	805
63	833
65	102
65	115
65	139
65	149
65	189
65	217
65	236
65	248
65	361
65	406
65	466
65	480
65	490
65	564
65	566
65	633
65	714
65	767
65	806
65	851
65	894
65	899
65	956
65	978
65	1006
65	1098
65	1104
65	1139
65	1213
65	1229
65	1260
65	1287
65	1384
65	1409
67	1027
67	1473
71	248
71	256
71	353
71	779
71	931
71	1077
71	1115
71	1287
71	1352
72	276
72	356
72	488
72	656
72	1095
72	1427
73	361
73	466
73	635
80	195
85	261
85	315
85	347
85	667
85	742
85	848
85	862
85	882
85	1016
85	1087
85	1122
86	333
86	551
88	548
94	242
94	404
94	510
94	563
94	587
94	625
94	703
94	800
94	804
94	811
94	847
94	1080
94	1144
94	1212
94	1224
94	1309
94	1364
96	218
96	273
96	489
96	545
96	555
96	594
96	730
96	763
96	788
96	1194
96	1218
96	1232
96	1292
96	1318
96	1319
96	1347
96	1431
96	1488
100	958
100	1386
102	115
102	135
102	149
102	189
102	217
102	248
102	357
102	361
102	406
102	480
102	498
102	515
102	561
102	564
102	566
102	627
102	714
102	776
102	806
102	851
102	894
102	899
102	930
102	933
102	978
102	1024
102	1104
102	1139
102	1178
102	1210
102	1260
102	1287
102	1384
102	1430
103	149
103	195
103	361
103	406
103	466
103	467
103	476
103	480
103	498
103	506
103	515
103	564
103	633
103	767
103	806
103	851
103	956
103	1006
103	1104
103	1139
103	1260
105	1433
108	341
108	593
108	982
109	808
109	1275
111	293
115	189
115	217
115	248
115	357
115	581
115	776
115	930
115	1178
115	1287
115	1430
115	1470
117	164
117	319
117	356
117	646
117	1220
117	1261
117	1311
117	1372
120	360
120	661
120	817
122	496
122	675
132	373
132	873
133	566
135	485
135	586
135	927
135	1024
135	1071
135	1262
135	1287
137	146
138	178
138	390
138	849
138	886
138	1120
138	1136
138	1413
139	217
139	232
139	581
139	776
139	927
139	930
139	933
139	1098
139	1213
139	1470
140	658
140	793
140	963
145	468
145	975
145	1438
149	195
149	217
149	248
149	361
149	406
149	466
149	480
149	490
149	498
149	506
149	515
149	564
149	627
149	633
149	714
149	767
149	806
149	851
149	894
149	899
149	923
149	956
149	1006
149	1075
149	1104
149	1139
149	1210
149	1211
149	1260
149	1287
149	1384
149	1397
149	1426
151	206
151	310
151	583
151	650
151	1186
156	1421
157	672
157	1458
160	390
160	422
160	611
160	683
160	813
160	913
160	966
160	1228
162	338
162	363
162	418
162	439
162	672
162	758
162	1001
162	1108
162	1455
164	319
164	646
164	1220
164	1261
164	1311
164	1372
166	1254
169	287
169	413
169	444
169	1135
169	1421
178	246
178	255
178	370
178	390
178	422
178	441
178	456
178	645
178	683
178	813
178	849
178	880
178	886
178	891
178	894
178	895
178	899
178	1007
178	1055
178	1120
178	1136
178	1252
178	1260
178	1334
178	1409
178	1413
184	469
184	753
185	586
185	1040
188	929
189	248
189	406
189	553
189	561
189	1178
189	1287
189	1430
195	236
195	248
195	361
195	406
195	466
195	467
195	476
195	480
195	490
195	498
195	515
195	564
195	633
195	635
195	714
195	767
195	806
195	849
195	851
195	894
195	899
195	956
195	1006
195	1075
195	1104
195	1139
195	1210
195	1242
195	1252
195	1258
195	1260
195	1287
195	1334
195	1384
195	1409
195	1417
195	1426
197	339
197	1025
197	1121
204	785
206	310
206	583
206	650
206	1186
206	1487
208	497
208	827
210	224
214	715
214	823
216	460
216	605
216	632
216	1257
216	1329
217	248
217	324
217	357
217	566
217	577
217	581
217	755
217	776
217	874
217	930
217	933
217	1098
217	1213
217	1287
217	1342
217	1390
217	1470
218	730
218	1218
218	1292
218	1318
218	1319
218	1488
220	765
220	1214
235	1292
236	361
236	370
236	406
236	466
236	498
236	515
236	564
236	633
236	714
236	767
236	806
236	851
236	880
236	894
236	899
236	1006
236	1104
236	1136
236	1139
236	1210
236	1242
236	1258
236	1260
236	1287
236	1384
236	1409
236	1417
237	747
238	289
238	487
240	364
240	399
242	404
242	510
242	563
242	587
242	625
242	703
242	800
242	804
242	847
242	1080
242	1212
242	1224
242	1309
242	1364
246	255
246	370
246	390
246	441
246	490
246	645
246	714
246	849
246	880
246	886
246	891
246	894
246	895
246	899
246	1055
246	1098
246	1120
246	1136
246	1210
246	1242
246	1252
246	1334
246	1413
247	1113
248	357
248	361
248	406
248	466
248	476
248	480
248	498
248	515
248	553
248	564
248	566
248	581
248	627
248	714
248	767
248	776
248	806
248	851
248	894
248	899
248	930
248	933
248	956
248	978
248	999
248	1006
248	1075
248	1104
248	1139
248	1178
248	1210
248	1213
248	1260
248	1287
248	1342
248	1384
248	1390
248	1409
248	1417
248	1426
248	1430
248	1470
248	1487
255	370
255	390
255	441
255	564
255	645
255	813
255	880
255	886
255	891
255	1055
255	1120
255	1136
255	1252
255	1334
255	1413
256	931
256	1077
256	1115
256	1287
257	1254
260	362
260	876
260	1094
260	1291
260	1329
261	315
261	347
261	667
261	742
261	848
261	862
261	882
261	1016
261	1087
261	1122
263	512
263	1340
263	1478
264	928
268	1209
270	446
270	711
271	590
273	763
273	788
273	1194
273	1319
273	1347
273	1431
275	1445
276	356
276	488
276	1047
276	1095
276	1427
277	972
280	767
280	1104
287	413
287	444
287	1135
287	1340
287	1421
289	487
291	562
291	779
291	867
291	957
291	1431
297	483
297	1056
297	1326
299	302
299	400
299	547
299	652
299	694
299	1071
299	1405
301	420
301	472
301	1206
301	1361
302	400
302	547
302	652
302	672
302	694
302	1071
302	1405
303	578
303	604
303	770
303	792
303	972
308	713
309	1141
310	583
310	650
310	1186
310	1487
312	1278
315	347
315	667
315	742
315	848
315	862
315	882
315	1016
315	1087
315	1122
315	1171
317	582
317	798
317	817
317	829
317	914
317	954
317	1056
317	1462
319	646
319	1220
319	1261
319	1311
319	1372
324	357
324	387
324	566
324	577
324	682
324	745
324	755
324	776
324	874
324	930
324	933
324	941
324	1142
324	1390
324	1430
324	1468
324	1470
332	1411
333	551
338	363
338	400
338	418
338	439
338	672
338	758
338	1108
338	1455
339	1025
339	1121
341	593
347	559
347	848
347	862
347	1016
347	1122
353	931
353	1077
353	1115
353	1352
356	488
356	646
356	656
356	1095
356	1261
356	1427
357	520
357	566
357	577
357	581
357	682
357	745
357	755
357	776
357	874
357	930
357	933
357	941
357	1142
357	1287
357	1390
357	1430
357	1468
357	1470
358	896
358	1435
360	661
360	817
361	370
361	390
361	406
361	466
361	467
361	476
361	480
361	490
361	498
361	515
361	564
361	627
361	633
361	714
361	767
361	806
361	851
361	880
361	894
361	899
361	923
361	956
361	973
361	1006
361	1075
361	1104
361	1136
361	1139
361	1156
361	1210
361	1252
361	1260
361	1287
361	1384
361	1409
361	1413
361	1417
361	1426
362	876
362	1094
362	1291
363	400
363	418
363	439
363	672
363	758
363	774
363	1310
363	1455
364	399
370	390
370	441
370	480
370	490
370	645
370	714
370	813
370	880
370	886
370	891
370	894
370	895
370	899
370	927
370	933
370	1007
370	1055
370	1098
370	1104
370	1120
370	1136
370	1252
370	1260
370	1334
370	1409
370	1413
370	1417
372	928
373	873
374	1483
376	768
376	1035
377	1268
385	1444
387	577
387	682
387	1390
388	1126
390	422
390	441
390	456
390	480
390	564
390	611
390	635
390	645
390	683
390	813
390	849
390	880
390	886
390	891
390	894
390	895
390	913
390	966
390	1007
390	1055
390	1120
390	1136
390	1228
390	1252
390	1260
390	1334
390	1409
390	1413
390	1426
391	781
394	1061
400	418
400	439
400	547
400	652
400	672
400	694
400	723
400	774
400	1071
400	1310
400	1414
400	1455
400	1458
404	510
404	1309
405	720
406	466
406	467
406	476
406	480
406	490
406	498
406	515
406	564
406	633
406	714
406	767
406	806
406	851
406	894
406	899
406	923
406	956
406	1006
406	1075
406	1104
406	1139
406	1210
406	1260
406	1287
406	1384
406	1409
406	1426
407	699
413	444
413	1421
416	806
416	969
416	1477
418	439
418	672
418	758
418	1001
418	1455
420	1206
422	611
422	683
422	813
422	880
422	966
422	1055
422	1120
422	1228
423	581
425	923
431	1381
432	889
434	575
434	1030
434	1130
438	713
439	547
439	672
439	758
439	774
439	1071
439	1310
439	1414
439	1455
439	1458
441	456
441	645
441	683
441	813
441	849
441	886
441	891
441	895
441	1007
441	1055
441	1120
441	1136
441	1252
441	1260
441	1334
441	1413
444	1135
444	1421
446	711
456	645
456	886
456	894
456	895
456	1120
456	1136
457	521
457	574
459	823
459	928
460	605
460	632
460	1329
461	512
461	1381
464	1191
466	476
466	480
466	490
466	498
466	506
466	515
466	564
466	633
466	635
466	714
466	767
466	806
466	851
466	894
466	899
466	923
466	956
466	973
466	978
466	1006
466	1075
466	1104
466	1139
466	1210
466	1211
466	1258
466	1260
466	1287
466	1384
466	1397
466	1409
466	1417
466	1426
467	476
467	498
467	564
467	767
467	899
467	956
467	1006
467	1104
467	1260
468	512
468	860
468	975
468	1126
468	1218
468	1340
468	1381
468	1438
472	1206
472	1361
476	498
476	767
476	956
476	1006
476	1104
476	1210
476	1211
476	1260
477	540
477	566
477	993
477	1082
477	1265
477	1276
477	1294
478	727
480	490
480	498
480	515
480	549
480	564
480	633
480	635
480	645
480	714
480	767
480	806
480	851
480	894
480	899
480	923
480	956
480	966
480	978
480	1006
480	1075
480	1104
480	1120
480	1139
480	1252
480	1260
480	1287
480	1417
480	1426
482	489
482	545
482	594
482	1232
483	1056
483	1326
485	586
485	927
485	1071
485	1262
485	1407
488	656
488	1095
488	1427
489	545
489	555
489	594
489	1232
489	1319
490	498
490	515
490	564
490	633
490	714
490	767
490	806
490	851
490	880
490	894
490	895
490	899
490	999
490	1006
490	1024
490	1075
490	1104
490	1139
490	1210
490	1242
490	1258
490	1260
490	1287
490	1409
490	1417
490	1426
494	959
496	675
496	894
497	827
498	506
498	515
498	564
498	627
498	633
498	635
498	645
498	714
498	767
498	806
498	849
498	851
498	880
498	894
498	899
498	956
498	966
498	972
498	1006
498	1075
498	1104
498	1139
498	1210
498	1211
498	1260
498	1287
498	1384
498	1409
498	1417
498	1426
499	541
506	564
506	767
506	806
506	851
506	1104
510	563
510	587
510	625
510	703
510	800
510	804
510	811
510	847
510	1080
510	1212
510	1224
510	1309
510	1364
511	1418
512	860
512	1340
512	1381
515	564
515	627
515	633
515	714
515	767
515	806
515	813
515	851
515	894
515	899
515	1006
515	1104
515	1139
515	1260
515	1287
515	1409
515	1426
520	581
520	930
521	574
538	873
540	993
540	1265
540	1276
540	1294
541	1431
545	555
545	594
545	1232
545	1319
547	652
547	672
547	694
547	1071
547	1405
548	1346
549	767
549	806
549	851
549	956
549	1260
553	1178
555	594
555	1232
556	1391
561	1114
562	779
562	867
562	957
563	587
563	625
563	703
563	800
563	804
563	811
563	847
563	1080
563	1212
563	1224
563	1309
563	1364
564	627
564	633
564	714
564	767
564	806
564	851
564	880
564	894
564	899
564	923
564	978
564	999
564	1006
564	1075
564	1104
564	1136
564	1139
564	1156
564	1210
564	1260
564	1287
564	1315
564	1384
564	1397
564	1409
564	1417
564	1426
566	577
566	755
566	776
566	930
566	933
566	941
566	942
566	1098
566	1276
566	1287
566	1390
566	1470
575	1030
575	1130
577	682
577	755
577	776
577	930
577	933
577	941
577	1390
577	1470
578	604
578	770
581	735
581	874
581	930
581	1229
581	1287
581	1390
581	1470
582	633
582	798
582	817
582	829
582	914
582	954
582	1006
582	1056
582	1462
583	650
583	1186
583	1487
586	1071
586	1262
587	625
587	697
587	703
587	800
587	804
587	847
587	1080
587	1212
587	1309
587	1364
593	982
594	1232
594	1319
599	1383
602	794
602	928
604	770
604	972
605	632
605	1329
611	683
611	813
611	873
611	913
611	1120
611	1228
615	731
615	1408
616	872
616	1020
622	648
622	750
622	1487
625	703
625	800
625	804
625	847
625	1080
625	1212
625	1224
625	1309
625	1364
626	852
627	806
627	851
627	1104
627	1287
627	1315
632	1329
633	714
633	767
633	806
633	851
633	894
633	899
633	1006
633	1075
633	1104
633	1139
633	1260
633	1287
633	1384
633	1409
633	1417
635	645
635	851
635	894
635	978
635	1139
635	1228
635	1260
635	1287
635	1409
635	1426
635	1487
640	924
645	683
645	813
645	849
645	880
645	886
645	891
645	894
645	895
645	913
645	1007
645	1055
645	1098
645	1104
645	1120
645	1136
645	1242
645	1252
645	1260
645	1334
645	1413
646	1220
646	1261
646	1311
646	1372
647	1183
647	1203
648	1179
650	1186
652	694
652	1071
652	1405
654	899
654	927
654	1213
655	1434
656	1381
656	1427
656	1434
657	1350
658	793
658	963
661	817
667	1087
667	1122
672	694
672	758
672	774
672	865
672	1071
672	1310
672	1414
672	1455
672	1458
676	938
677	903
682	755
682	776
682	930
682	933
682	1390
682	1468
682	1470
683	813
683	880
683	886
683	891
683	895
683	913
683	1055
683	1120
683	1136
683	1228
683	1252
683	1260
683	1334
683	1413
690	786
691	720
694	1071
694	1405
703	800
703	804
703	847
703	1080
703	1144
703	1212
703	1224
703	1309
703	1364
704	1298
707	854
714	767
714	806
714	851
714	894
714	899
714	933
714	1006
714	1075
714	1104
714	1139
714	1210
714	1242
714	1252
714	1258
714	1260
714	1287
714	1397
714	1409
714	1426
722	824
723	1414
730	1218
730	1292
730	1318
730	1488
731	1408
739	1407
742	848
742	862
742	882
742	1016
742	1087
742	1122
745	755
745	941
750	806
755	776
755	930
755	933
755	941
755	1390
755	1468
755	1470
758	1001
758	1455
763	788
763	1194
763	1319
763	1347
763	1431
765	1214
767	806
767	851
767	894
767	899
767	923
767	956
767	1006
767	1075
767	1104
767	1139
767	1210
767	1211
767	1260
767	1287
767	1384
767	1409
767	1417
767	1426
768	1035
770	792
771	872
771	1020
774	1414
774	1455
775	879
776	806
776	874
776	930
776	933
776	941
776	1142
776	1286
776	1287
776	1342
776	1390
776	1430
776	1468
776	1470
779	867
779	957
779	1077
779	1115
788	1194
788	1319
788	1347
788	1431
791	1208
791	1255
793	963
794	972
798	817
798	829
798	914
798	954
798	1056
798	1462
800	804
800	847
800	1080
800	1144
800	1212
800	1224
800	1309
800	1364
804	847
804	1080
804	1144
804	1212
804	1224
804	1309
804	1364
806	851
806	894
806	899
806	933
806	956
806	1006
806	1075
806	1104
806	1139
806	1210
806	1211
806	1260
806	1287
806	1384
806	1417
806	1430
806	1487
808	1275
811	1364
813	880
813	886
813	894
813	895
813	1055
813	1120
813	1136
813	1228
813	1252
813	1334
813	1409
813	1413
813	1426
817	829
817	914
817	954
817	1006
817	1056
817	1462
823	913
823	1048
828	1314
829	914
829	954
829	1462
831	1174
839	1429
844	893
847	1080
847	1212
847	1224
847	1309
847	1364
848	862
848	882
848	1016
848	1087
848	1122
849	880
849	886
849	894
849	895
849	899
849	1055
849	1120
849	1136
849	1252
849	1260
849	1334
849	1413
851	894
851	899
851	956
851	1006
851	1075
851	1104
851	1139
851	1210
851	1211
851	1260
851	1287
851	1397
851	1409
851	1417
851	1426
859	1071
859	1405
860	975
860	1340
860	1381
862	882
862	1016
862	1087
862	1122
867	957
868	968
872	1020
873	1074
874	930
874	933
874	1287
874	1390
874	1470
876	1094
876	1291
880	886
880	894
880	895
880	899
880	1120
880	1136
880	1228
880	1252
880	1260
880	1287
880	1409
882	1016
882	1087
882	1122
886	891
886	894
886	895
886	913
886	1055
886	1098
886	1120
886	1136
886	1252
886	1260
886	1334
886	1409
886	1413
891	895
891	1007
891	1055
891	1104
891	1120
891	1136
891	1252
891	1334
891	1413
894	895
894	899
894	999
894	1006
894	1075
894	1104
894	1120
894	1136
894	1139
894	1156
894	1210
894	1242
894	1252
894	1258
894	1260
894	1287
894	1334
894	1384
894	1409
894	1413
894	1417
894	1426
895	899
895	1007
895	1055
895	1120
895	1136
895	1242
895	1252
895	1260
895	1334
895	1409
895	1413
899	956
899	999
899	1006
899	1098
899	1104
899	1120
899	1139
899	1210
899	1242
899	1252
899	1258
899	1260
899	1287
899	1384
899	1409
899	1417
903	1253
913	928
913	1048
913	1120
913	1228
914	954
914	1056
914	1462
923	1006
923	1104
923	1139
923	1156
923	1260
923	1287
923	1409
923	1426
927	933
927	1098
927	1213
928	1048
930	933
930	941
930	1287
930	1342
930	1390
930	1468
930	1470
931	1077
931	1115
931	1352
933	941
933	1006
933	1098
933	1142
933	1286
933	1287
933	1342
933	1390
933	1468
933	1470
941	1142
941	1390
941	1468
941	1470
943	1472
954	1006
954	1056
954	1462
956	1006
956	1104
956	1139
956	1211
956	1240
956	1260
958	1386
966	1228
966	1260
966	1426
975	1381
975	1438
978	1178
978	1262
978	1287
978	1426
985	1216
987	1487
993	1265
993	1276
993	1294
998	1407
999	1024
999	1409
1006	1056
1006	1075
1006	1104
1006	1139
1006	1210
1006	1242
1006	1260
1006	1287
1006	1384
1006	1409
1006	1417
1006	1426
1007	1032
1007	1055
1007	1104
1007	1136
1007	1252
1007	1260
1007	1409
1007	1413
1007	1475
1016	1087
1016	1122
1016	1171
1024	1262
1024	1409
1025	1121
1027	1473
1030	1130
1036	1368
1045	1048
1055	1098
1055	1120
1055	1136
1055	1252
1055	1260
1055	1334
1055	1413
1056	1326
1059	1208
1059	1255
1060	1253
1071	1262
1071	1405
1071	1407
1071	1414
1075	1104
1075	1139
1075	1210
1075	1260
1075	1287
1075	1384
1075	1397
1075	1409
1075	1426
1077	1115
1077	1352
1080	1212
1080	1309
1080	1364
1082	1276
1087	1122
1094	1291
1095	1427
1098	1136
1098	1242
1098	1252
1098	1334
1098	1390
1104	1120
1104	1139
1104	1210
1104	1211
1104	1242
1104	1252
1104	1260
1104	1287
1104	1384
1104	1409
1104	1417
1104	1426
1108	1455
1114	1367
1115	1352
1120	1136
1120	1228
1120	1242
1120	1252
1120	1260
1120	1334
1120	1413
1120	1426
1122	1204
1129	1298
1134	1150
1135	1421
1136	1242
1136	1252
1136	1260
1136	1334
1136	1409
1136	1413
1136	1417
1139	1210
1139	1240
1139	1258
1139	1260
1139	1287
1139	1384
1139	1397
1139	1409
1139	1417
1139	1426
1139	1459
1142	1390
1142	1468
1142	1470
1149	1231
1149	1434
1156	1260
1178	1430
1183	1203
1194	1319
1194	1347
1194	1431
1206	1361
1208	1255
1210	1258
1210	1260
1210	1287
1210	1384
1210	1426
1212	1224
1212	1309
1212	1364
1218	1292
1218	1318
1218	1319
1218	1488
1220	1261
1220	1311
1220	1372
1224	1309
1228	1260
1228	1426
1231	1434
1232	1319
1240	1260
1242	1252
1242	1260
1242	1334
1242	1409
1251	1466
1252	1260
1252	1334
1252	1409
1252	1413
1258	1260
1258	1397
1258	1409
1260	1287
1260	1384
1260	1397
1260	1409
1260	1413
1260	1417
1260	1426
1260	1449
1261	1311
1261	1372
1265	1276
1265	1294
1286	1468
1287	1342
1287	1384
1287	1390
1287	1409
1287	1417
1287	1426
1287	1470
1292	1318
1292	1319
1292	1340
1292	1381
1292	1488
1298	1421
1307	1438
1309	1364
1310	1414
1311	1372
1318	1319
1318	1488
1319	1347
1319	1431
1319	1488
1334	1409
1334	1413
1340	1381
1342	1390
1342	1468
1347	1431
1382	1483
1384	1409
1390	1430
1390	1468
1390	1470
1397	1426
1405	1407
1409	1413
1409	1417
1414	1455
1414	1458
1417	1459
1430	1470
1455	1458
1468	1470
622	2
648	2
833	2
1041	6
90	11
1345	11
71	16
195	16
256	16
353	16
370	16
466	16
490	16
806	16
894	16
931	16
1077	16
1115	16
1352	16
1409	16
1028	17
676	19
969	23
120	24
360	24
661	24
817	24
765	25
1214	25
1254	25
564	27
806	27
999	27
1024	27
1104	27
1287	27
1409	27
1024	28
538	29
873	29
49	31
65	31
102	31
115	31
139	31
217	31
232	31
248	31
324	31
357	31
566	31
577	31
581	31
682	31
755	31
776	31
874	31
930	31
933	31
941	31
978	31
1098	31
1287	31
1390	31
1430	31
1468	31
1470	31
647	35
1183	35
1203	35
162	37
338	37
363	37
400	37
418	37
439	37
672	37
758	37
1001	37
1108	37
1455	37
85	41
261	41
315	41
742	41
848	41
862	41
882	41
1016	41
1087	41
1122	41
1204	41
253	44
65	49
71	49
102	49
115	49
135	49
139	49
149	49
189	49
195	49
217	49
248	49
324	49
357	49
361	49
406	49
466	49
490	49
498	49
515	49
553	49
564	49
566	49
581	49
627	49
633	49
767	49
776	49
806	49
851	49
894	49
899	49
930	49
933	49
956	49
1006	49
1077	49
1098	49
1104	49
1213	49
1260	49
1287	49
1352	49
1384	49
1390	49
1409	49
1470	49
400	50
439	50
672	50
103	55
195	55
248	55
361	55
406	55
466	55
467	55
476	55
480	55
498	55
515	55
564	55
767	55
799	55
806	55
851	55
899	55
956	55
1006	55
1139	55
1210	55
1260	55
1287	55
805	58
805	63
833	63
102	65
115	65
139	65
149	65
189	65
217	65
236	65
248	65
361	65
406	65
466	65
480	65
490	65
564	65
566	65
633	65
714	65
767	65
806	65
851	65
894	65
899	65
956	65
978	65
1006	65
1098	65
1104	65
1139	65
1213	65
1229	65
1260	65
1287	65
1384	65
1409	65
1027	67
1473	67
248	71
256	71
353	71
779	71
931	71
1077	71
1115	71
1287	71
1352	71
276	72
356	72
488	72
656	72
1095	72
1427	72
361	73
466	73
635	73
195	80
261	85
315	85
347	85
667	85
742	85
848	85
862	85
882	85
1016	85
1087	85
1122	85
333	86
551	86
548	88
242	94
404	94
510	94
563	94
587	94
625	94
703	94
800	94
804	94
811	94
847	94
1080	94
1144	94
1212	94
1224	94
1309	94
1364	94
218	96
273	96
489	96
545	96
555	96
594	96
730	96
763	96
788	96
1194	96
1218	96
1232	96
1292	96
1318	96
1319	96
1347	96
1431	96
1488	96
958	100
1386	100
115	102
135	102
149	102
189	102
217	102
248	102
357	102
361	102
406	102
480	102
498	102
515	102
561	102
564	102
566	102
627	102
714	102
776	102
806	102
851	102
894	102
899	102
930	102
933	102
978	102
1024	102
1104	102
1139	102
1178	102
1210	102
1260	102
1287	102
1384	102
1430	102
149	103
195	103
361	103
406	103
466	103
467	103
476	103
480	103
498	103
506	103
515	103
564	103
633	103
767	103
806	103
851	103
956	103
1006	103
1104	103
1139	103
1260	103
1433	105
341	108
593	108
982	108
808	109
1275	109
293	111
189	115
217	115
248	115
357	115
581	115
776	115
930	115
1178	115
1287	115
1430	115
1470	115
164	117
319	117
356	117
646	117
1220	117
1261	117
1311	117
1372	117
360	120
661	120
817	120
496	122
675	122
373	132
873	132
566	133
485	135
586	135
927	135
1024	135
1071	135
1262	135
1287	135
146	137
178	138
390	138
849	138
886	138
1120	138
1136	138
1413	138
217	139
232	139
581	139
776	139
927	139
930	139
933	139
1098	139
1213	139
1470	139
658	140
793	140
963	140
468	145
975	145
1438	145
195	149
217	149
248	149
361	149
406	149
466	149
480	149
490	149
498	149
506	149
515	149
564	149
627	149
633	149
714	149
767	149
806	149
851	149
894	149
899	149
923	149
956	149
1006	149
1075	149
1104	149
1139	149
1210	149
1211	149
1260	149
1287	149
1384	149
1397	149
1426	149
206	151
310	151
583	151
650	151
1186	151
1421	156
672	157
1458	157
390	160
422	160
611	160
683	160
813	160
913	160
966	160
1228	160
338	162
363	162
418	162
439	162
672	162
758	162
1001	162
1108	162
1455	162
319	164
646	164
1220	164
1261	164
1311	164
1372	164
1254	166
287	169
413	169
444	169
1135	169
1421	169
246	178
255	178
370	178
390	178
422	178
441	178
456	178
645	178
683	178
813	178
849	178
880	178
886	178
891	178
894	178
895	178
899	178
1007	178
1055	178
1120	178
1136	178
1252	178
1260	178
1334	178
1409	178
1413	178
469	184
753	184
586	185
1040	185
929	188
248	189
406	189
553	189
561	189
1178	189
1287	189
1430	189
236	195
248	195
361	195
406	195
466	195
467	195
476	195
480	195
490	195
498	195
515	195
564	195
633	195
635	195
714	195
767	195
806	195
849	195
851	195
894	195
899	195
956	195
1006	195
1075	195
1104	195
1139	195
1210	195
1242	195
1252	195
1258	195
1260	195
1287	195
1334	195
1384	195
1409	195
1417	195
1426	195
339	197
1025	197
1121	197
785	204
310	206
583	206
650	206
1186	206
1487	206
497	208
827	208
224	210
715	214
823	214
460	216
605	216
632	216
1257	216
1329	216
248	217
324	217
357	217
566	217
577	217
581	217
755	217
776	217
874	217
930	217
933	217
1098	217
1213	217
1287	217
1342	217
1390	217
1470	217
730	218
1218	218
1292	218
1318	218
1319	218
1488	218
765	220
1214	220
1292	235
361	236
370	236
406	236
466	236
498	236
515	236
564	236
633	236
714	236
767	236
806	236
851	236
880	236
894	236
899	236
1006	236
1104	236
1136	236
1139	236
1210	236
1242	236
1258	236
1260	236
1287	236
1384	236
1409	236
1417	236
747	237
289	238
487	238
364	240
399	240
404	242
510	242
563	242
587	242
625	242
703	242
800	242
804	242
847	242
1080	242
1212	242
1224	242
1309	242
1364	242
255	246
370	246
390	246
441	246
490	246
645	246
714	246
849	246
880	246
886	246
891	246
894	246
895	246
899	246
1055	246
1098	246
1120	246
1136	246
1210	246
1242	246
1252	246
1334	246
1413	246
1113	247
357	248
361	248
406	248
466	248
476	248
480	248
498	248
515	248
553	248
564	248
566	248
581	248
627	248
714	248
767	248
776	248
806	248
851	248
894	248
899	248
930	248
933	248
956	248
978	248
999	248
1006	248
1075	248
1104	248
1139	248
1178	248
1210	248
1213	248
1260	248
1287	248
1342	248
1384	248
1390	248
1409	248
1417	248
1426	248
1430	248
1470	248
1487	248
370	255
390	255
441	255
564	255
645	255
813	255
880	255
886	255
891	255
1055	255
1120	255
1136	255
1252	255
1334	255
1413	255
931	256
1077	256
1115	256
1287	256
1254	257
362	260
876	260
1094	260
1291	260
1329	260
315	261
347	261
667	261
742	261
848	261
862	261
882	261
1016	261
1087	261
1122	261
512	263
1340	263
1478	263
928	264
1209	268
446	270
711	270
590	271
763	273
788	273
1194	273
1319	273
1347	273
1431	273
1445	275
356	276
488	276
1047	276
1095	276
1427	276
972	277
767	280
1104	280
413	287
444	287
1135	287
1340	287
1421	287
487	289
562	291
779	291
867	291
957	291
1431	291
483	297
1056	297
1326	297
302	299
400	299
547	299
652	299
694	299
1071	299
1405	299
420	301
472	301
1206	301
1361	301
400	302
547	302
652	302
672	302
694	302
1071	302
1405	302
578	303
604	303
770	303
792	303
972	303
713	308
1141	309
583	310
650	310
1186	310
1487	310
1278	312
347	315
667	315
742	315
848	315
862	315
882	315
1016	315
1087	315
1122	315
1171	315
582	317
798	317
817	317
829	317
914	317
954	317
1056	317
1462	317
646	319
1220	319
1261	319
1311	319
1372	319
357	324
387	324
566	324
577	324
682	324
745	324
755	324
776	324
874	324
930	324
933	324
941	324
1142	324
1390	324
1430	324
1468	324
1470	324
1411	332
551	333
363	338
400	338
418	338
439	338
672	338
758	338
1108	338
1455	338
1025	339
1121	339
593	341
559	347
848	347
862	347
1016	347
1122	347
931	353
1077	353
1115	353
1352	353
488	356
646	356
656	356
1095	356
1261	356
1427	356
520	357
566	357
577	357
581	357
682	357
745	357
755	357
776	357
874	357
930	357
933	357
941	357
1142	357
1287	357
1390	357
1430	357
1468	357
1470	357
896	358
1435	358
661	360
817	360
370	361
390	361
406	361
466	361
467	361
476	361
480	361
490	361
498	361
515	361
564	361
627	361
633	361
714	361
767	361
806	361
851	361
880	361
894	361
899	361
923	361
956	361
973	361
1006	361
1075	361
1104	361
1136	361
1139	361
1156	361
1210	361
1252	361
1260	361
1287	361
1384	361
1409	361
1413	361
1417	361
1426	361
876	362
1094	362
1291	362
400	363
418	363
439	363
672	363
758	363
774	363
1310	363
1455	363
399	364
390	370
441	370
480	370
490	370
645	370
714	370
813	370
880	370
886	370
891	370
894	370
895	370
899	370
927	370
933	370
1007	370
1055	370
1098	370
1104	370
1120	370
1136	370
1252	370
1260	370
1334	370
1409	370
1413	370
1417	370
928	372
873	373
1483	374
768	376
1035	376
1268	377
1444	385
577	387
682	387
1390	387
1126	388
422	390
441	390
456	390
480	390
564	390
611	390
635	390
645	390
683	390
813	390
849	390
880	390
886	390
891	390
894	390
895	390
913	390
966	390
1007	390
1055	390
1120	390
1136	390
1228	390
1252	390
1260	390
1334	390
1409	390
1413	390
1426	390
781	391
1061	394
418	400
439	400
547	400
652	400
672	400
694	400
723	400
774	400
1071	400
1310	400
1414	400
1455	400
1458	400
510	404
1309	404
720	405
466	406
467	406
476	406
480	406
490	406
498	406
515	406
564	406
633	406
714	406
767	406
806	406
851	406
894	406
899	406
923	406
956	406
1006	406
1075	406
1104	406
1139	406
1210	406
1260	406
1287	406
1384	406
1409	406
1426	406
699	407
444	413
1421	413
806	416
969	416
1477	416
439	418
672	418
758	418
1001	418
1455	418
1206	420
611	422
683	422
813	422
880	422
966	422
1055	422
1120	422
1228	422
581	423
923	425
1381	431
889	432
575	434
1030	434
1130	434
713	438
547	439
672	439
758	439
774	439
1071	439
1310	439
1414	439
1455	439
1458	439
456	441
645	441
683	441
813	441
849	441
886	441
891	441
895	441
1007	441
1055	441
1120	441
1136	441
1252	441
1260	441
1334	441
1413	441
1135	444
1421	444
711	446
645	456
886	456
894	456
895	456
1120	456
1136	456
521	457
574	457
823	459
928	459
605	460
632	460
1329	460
512	461
1381	461
1191	464
476	466
480	466
490	466
498	466
506	466
515	466
564	466
633	466
635	466
714	466
767	466
806	466
851	466
894	466
899	466
923	466
956	466
973	466
978	466
1006	466
1075	466
1104	466
1139	466
1210	466
1211	466
1258	466
1260	466
1287	466
1384	466
1397	466
1409	466
1417	466
1426	466
476	467
498	467
564	467
767	467
899	467
956	467
1006	467
1104	467
1260	467
512	468
860	468
975	468
1126	468
1218	468
1340	468
1381	468
1438	468
1206	472
1361	472
498	476
767	476
956	476
1006	476
1104	476
1210	476
1211	476
1260	476
540	477
566	477
993	477
1082	477
1265	477
1276	477
1294	477
727	478
490	480
498	480
515	480
549	480
564	480
633	480
635	480
645	480
714	480
767	480
806	480
851	480
894	480
899	480
923	480
956	480
966	480
978	480
1006	480
1075	480
1104	480
1120	480
1139	480
1252	480
1260	480
1287	480
1417	480
1426	480
489	482
545	482
594	482
1232	482
1056	483
1326	483
586	485
927	485
1071	485
1262	485
1407	485
656	488
1095	488
1427	488
545	489
555	489
594	489
1232	489
1319	489
498	490
515	490
564	490
633	490
714	490
767	490
806	490
851	490
880	490
894	490
895	490
899	490
999	490
1006	490
1024	490
1075	490
1104	490
1139	490
1210	490
1242	490
1258	490
1260	490
1287	490
1409	490
1417	490
1426	490
959	494
675	496
894	496
827	497
506	498
515	498
564	498
627	498
633	498
635	498
645	498
714	498
767	498
806	498
849	498
851	498
880	498
894	498
899	498
956	498
966	498
972	498
1006	498
1075	498
1104	498
1139	498
1210	498
1211	498
1260	498
1287	498
1384	498
1409	498
1417	498
1426	498
541	499
564	506
767	506
806	506
851	506
1104	506
563	510
587	510
625	510
703	510
800	510
804	510
811	510
847	510
1080	510
1212	510
1224	510
1309	510
1364	510
1418	511
860	512
1340	512
1381	512
564	515
627	515
633	515
714	515
767	515
806	515
813	515
851	515
894	515
899	515
1006	515
1104	515
1139	515
1260	515
1287	515
1409	515
1426	515
581	520
930	520
574	521
873	538
993	540
1265	540
1276	540
1294	540
1431	541
555	545
594	545
1232	545
1319	545
652	547
672	547
694	547
1071	547
1405	547
1346	548
767	549
806	549
851	549
956	549
1260	549
1178	553
594	555
1232	555
1391	556
1114	561
779	562
867	562
957	562
587	563
625	563
703	563
800	563
804	563
811	563
847	563
1080	563
1212	563
1224	563
1309	563
1364	563
627	564
633	564
714	564
767	564
806	564
851	564
880	564
894	564
899	564
923	564
978	564
999	564
1006	564
1075	564
1104	564
1136	564
1139	564
1156	564
1210	564
1260	564
1287	564
1315	564
1384	564
1397	564
1409	564
1417	564
1426	564
577	566
755	566
776	566
930	566
933	566
941	566
942	566
1098	566
1276	566
1287	566
1390	566
1470	566
1030	575
1130	575
682	577
755	577
776	577
930	577
933	577
941	577
1390	577
1470	577
604	578
770	578
735	581
874	581
930	581
1229	581
1287	581
1390	581
1470	581
633	582
798	582
817	582
829	582
914	582
954	582
1006	582
1056	582
1462	582
650	583
1186	583
1487	583
1071	586
1262	586
625	587
697	587
703	587
800	587
804	587
847	587
1080	587
1212	587
1309	587
1364	587
982	593
1232	594
1319	594
1383	599
794	602
928	602
770	604
972	604
632	605
1329	605
683	611
813	611
873	611
913	611
1120	611
1228	611
731	615
1408	615
872	616
1020	616
648	622
750	622
1487	622
703	625
800	625
804	625
847	625
1080	625
1212	625
1224	625
1309	625
1364	625
852	626
806	627
851	627
1104	627
1287	627
1315	627
1329	632
714	633
767	633
806	633
851	633
894	633
899	633
1006	633
1075	633
1104	633
1139	633
1260	633
1287	633
1384	633
1409	633
1417	633
645	635
851	635
894	635
978	635
1139	635
1228	635
1260	635
1287	635
1409	635
1426	635
1487	635
924	640
683	645
813	645
849	645
880	645
886	645
891	645
894	645
895	645
913	645
1007	645
1055	645
1098	645
1104	645
1120	645
1136	645
1242	645
1252	645
1260	645
1334	645
1413	645
1220	646
1261	646
1311	646
1372	646
1183	647
1203	647
1179	648
1186	650
694	652
1071	652
1405	652
899	654
927	654
1213	654
1434	655
1381	656
1427	656
1434	656
1350	657
793	658
963	658
817	661
1087	667
1122	667
694	672
758	672
774	672
865	672
1071	672
1310	672
1414	672
1455	672
1458	672
938	676
903	677
755	682
776	682
930	682
933	682
1390	682
1468	682
1470	682
813	683
880	683
886	683
891	683
895	683
913	683
1055	683
1120	683
1136	683
1228	683
1252	683
1260	683
1334	683
1413	683
786	690
720	691
1071	694
1405	694
800	703
804	703
847	703
1080	703
1144	703
1212	703
1224	703
1309	703
1364	703
1298	704
854	707
767	714
806	714
851	714
894	714
899	714
933	714
1006	714
1075	714
1104	714
1139	714
1210	714
1242	714
1252	714
1258	714
1260	714
1287	714
1397	714
1409	714
1426	714
824	722
1414	723
1218	730
1292	730
1318	730
1488	730
1408	731
1407	739
848	742
862	742
882	742
1016	742
1087	742
1122	742
755	745
941	745
806	750
776	755
930	755
933	755
941	755
1390	755
1468	755
1470	755
1001	758
1455	758
788	763
1194	763
1319	763
1347	763
1431	763
1214	765
806	767
851	767
894	767
899	767
923	767
956	767
1006	767
1075	767
1104	767
1139	767
1210	767
1211	767
1260	767
1287	767
1384	767
1409	767
1417	767
1426	767
1035	768
792	770
872	771
1020	771
1414	774
1455	774
879	775
806	776
874	776
930	776
933	776
941	776
1142	776
1286	776
1287	776
1342	776
1390	776
1430	776
1468	776
1470	776
867	779
957	779
1077	779
1115	779
1194	788
1319	788
1347	788
1431	788
1208	791
1255	791
963	793
972	794
817	798
829	798
914	798
954	798
1056	798
1462	798
804	800
847	800
1080	800
1144	800
1212	800
1224	800
1309	800
1364	800
847	804
1080	804
1144	804
1212	804
1224	804
1309	804
1364	804
851	806
894	806
899	806
933	806
956	806
1006	806
1075	806
1104	806
1139	806
1210	806
1211	806
1260	806
1287	806
1384	806
1417	806
1430	806
1487	806
1275	808
1364	811
880	813
886	813
894	813
895	813
1055	813
1120	813
1136	813
1228	813
1252	813
1334	813
1409	813
1413	813
1426	813
829	817
914	817
954	817
1006	817
1056	817
1462	817
913	823
1048	823
1314	828
914	829
954	829
1462	829
1174	831
1429	839
893	844
1080	847
1212	847
1224	847
1309	847
1364	847
862	848
882	848
1016	848
1087	848
1122	848
880	849
886	849
894	849
895	849
899	849
1055	849
1120	849
1136	849
1252	849
1260	849
1334	849
1413	849
894	851
899	851
956	851
1006	851
1075	851
1104	851
1139	851
1210	851
1211	851
1260	851
1287	851
1397	851
1409	851
1417	851
1426	851
1071	859
1405	859
975	860
1340	860
1381	860
882	862
1016	862
1087	862
1122	862
957	867
968	868
1020	872
1074	873
930	874
933	874
1287	874
1390	874
1470	874
1094	876
1291	876
886	880
894	880
895	880
899	880
1120	880
1136	880
1228	880
1252	880
1260	880
1287	880
1409	880
1016	882
1087	882
1122	882
891	886
894	886
895	886
913	886
1055	886
1098	886
1120	886
1136	886
1252	886
1260	886
1334	886
1409	886
1413	886
895	891
1007	891
1055	891
1104	891
1120	891
1136	891
1252	891
1334	891
1413	891
895	894
899	894
999	894
1006	894
1075	894
1104	894
1120	894
1136	894
1139	894
1156	894
1210	894
1242	894
1252	894
1258	894
1260	894
1287	894
1334	894
1384	894
1409	894
1413	894
1417	894
1426	894
899	895
1007	895
1055	895
1120	895
1136	895
1242	895
1252	895
1260	895
1334	895
1409	895
1413	895
956	899
999	899
1006	899
1098	899
1104	899
1120	899
1139	899
1210	899
1242	899
1252	899
1258	899
1260	899
1287	899
1384	899
1409	899
1417	899
1253	903
928	913
1048	913
1120	913
1228	913
954	914
1056	914
1462	914
1006	923
1104	923
1139	923
1156	923
1260	923
1287	923
1409	923
1426	923
933	927
1098	927
1213	927
1048	928
933	930
941	930
1287	930
1342	930
1390	930
1468	930
1470	930
1077	931
1115	931
1352	931
941	933
1006	933
1098	933
1142	933
1286	933
1287	933
1342	933
1390	933
1468	933
1470	933
1142	941
1390	941
1468	941
1470	941
1472	943
1006	954
1056	954
1462	954
1006	956
1104	956
1139	956
1211	956
1240	956
1260	956
1386	958
1228	966
1260	966
1426	966
1381	975
1438	975
1178	978
1262	978
1287	978
1426	978
1216	985
1487	987
1265	993
1276	993
1294	993
1407	998
1024	999
1409	999
1056	1006
1075	1006
1104	1006
1139	1006
1210	1006
1242	1006
1260	1006
1287	1006
1384	1006
1409	1006
1417	1006
1426	1006
1032	1007
1055	1007
1104	1007
1136	1007
1252	1007
1260	1007
1409	1007
1413	1007
1475	1007
1087	1016
1122	1016
1171	1016
1262	1024
1409	1024
1121	1025
1473	1027
1130	1030
1368	1036
1048	1045
1098	1055
1120	1055
1136	1055
1252	1055
1260	1055
1334	1055
1413	1055
1326	1056
1208	1059
1255	1059
1253	1060
1262	1071
1405	1071
1407	1071
1414	1071
1104	1075
1139	1075
1210	1075
1260	1075
1287	1075
1384	1075
1397	1075
1409	1075
1426	1075
1115	1077
1352	1077
1212	1080
1309	1080
1364	1080
1276	1082
1122	1087
1291	1094
1427	1095
1136	1098
1242	1098
1252	1098
1334	1098
1390	1098
1120	1104
1139	1104
1210	1104
1211	1104
1242	1104
1252	1104
1260	1104
1287	1104
1384	1104
1409	1104
1417	1104
1426	1104
1455	1108
1367	1114
1352	1115
1136	1120
1228	1120
1242	1120
1252	1120
1260	1120
1334	1120
1413	1120
1426	1120
1204	1122
1298	1129
1150	1134
1421	1135
1242	1136
1252	1136
1260	1136
1334	1136
1409	1136
1413	1136
1417	1136
1210	1139
1240	1139
1258	1139
1260	1139
1287	1139
1384	1139
1397	1139
1409	1139
1417	1139
1426	1139
1459	1139
1390	1142
1468	1142
1470	1142
1231	1149
1434	1149
1260	1156
1430	1178
1203	1183
1319	1194
1347	1194
1431	1194
1361	1206
1255	1208
1258	1210
1260	1210
1287	1210
1384	1210
1426	1210
1224	1212
1309	1212
1364	1212
1292	1218
1318	1218
1319	1218
1488	1218
1261	1220
1311	1220
1372	1220
1309	1224
1260	1228
1426	1228
1434	1231
1319	1232
1260	1240
1252	1242
1260	1242
1334	1242
1409	1242
1466	1251
1260	1252
1334	1252
1409	1252
1413	1252
1260	1258
1397	1258
1409	1258
1287	1260
1384	1260
1397	1260
1409	1260
1413	1260
1417	1260
1426	1260
1449	1260
1311	1261
1372	1261
1276	1265
1294	1265
1468	1286
1342	1287
1384	1287
1390	1287
1409	1287
1417	1287
1426	1287
1470	1287
1318	1292
1319	1292
1340	1292
1381	1292
1488	1292
1421	1298
1438	1307
1364	1309
1414	1310
1372	1311
1319	1318
1488	1318
1347	1319
1431	1319
1488	1319
1409	1334
1413	1334
1381	1340
1390	1342
1468	1342
1431	1347
1483	1382
1409	1384
1430	1390
1468	1390
1470	1390
1426	1397
1407	1405
1413	1409
1417	1409
1455	1414
1458	1414
1459	1417
1470	1430
1458	1455
1470	1468
