3	1351
11	340
11	1527
11	1947
14	431
14	2377
15	2470
16	485
22	112
22	1361
22	1488
22	1752
22	1905
22	2756
25	2239
27	340
27	480
27	1258
27	1589
27	2648
28	880
30	2037
31	32
32	708
32	1704
39	49
39	119
39	405
39	510
39	641
39	694
39	704
39	707
39	714
39	1027
39	1053
39	1916
39	2143
39	2263
39	2582
39	2618
45	704
46	144
49	119
49	136
49	267
49	340
49	385
49	486
49	560
49	572
49	834
49	842
49	1003
49	1009
49	1021
49	1124
49	1134
49	1150
49	1155
49	1309
49	1351
49	1358
49	1374
49	1446
49	1481
49	1626
49	1702
49	1708
49	1772
49	1873
49	1905
49	1917
49	1921
49	1947
49	1966
49	2008
49	2108
49	2143
49	2433
49	2484
49	2579
49	2603
49	2623
49	2715
53	1626
53	1817
53	1902
53	2490
53	2579
74	761
74	903
74	1079
74	2123
74	2216
83	641
83	673
83	883
87	395
87	874
87	1241
87	1868
87	1944
87	2770
89	1358
92	2369
92	2623
94	302
94	411
94	2791
102	615
102	1708
106	651
106	1351
108	119
113	119
113	1361
117	2183
117	2784
119	136
119	834
119	899
119	1003
119	1021
119	1134
119	1358
119	1527
119	1702
119	1947
119	1991
119	2008
119	2108
119	2143
119	2203
119	2292
119	2484
119	2579
119	2615
120	1351
120	1358
120	1817
120	1865
120	1938
120	2593
120	2609
130	641
130	880
133	1446
133	1902
136	797
136	956
141	170
141	233
141	510
141	641
141	660
141	761
141	954
141	1309
141	1641
141	1921
141	1949
141	2116
141	2553
141	2618
141	2669
141	2728
144	2097
144	2669
146	2582
147	673
151	641
151	673
151	883
151	930
151	1170
151	1275
160	728
160	1621
160	2146
161	368
161	2645
164	824
166	1009
166	1250
166	1285
167	213
167	616
167	2730
168	2582
170	883
170	1704
170	1902
175	483
175	2579
176	485
176	1700
176	1961
176	2098
184	2624
190	575
201	2252
204	395
212	274
212	892
212	1446
212	1483
212	2598
213	1009
213	1064
213	2030
213	2246
223	1336
223	2202
223	2598
227	449
228	945
229	997
229	1838
231	568
231	740
231	1938
233	508
233	1174
233	1529
233	1864
233	2105
233	2209
233	2470
234	568
234	708
237	1902
241	1881
243	507
243	651
243	784
243	1456
243	1490
243	1501
243	2081
243	2136
243	2249
243	2311
248	1098
250	651
250	758
250	2241
254	395
257	645
257	651
257	1567
257	2081
258	651
258	728
258	1003
258	1947
258	1967
258	2586
258	2618
258	2650
265	1103
265	1755
266	2413
267	651
267	1155
267	1455
271	2097
272	689
272	829
272	1984
284	1702
287	707
288	1170
292	510
292	2183
292	2582
292	2784
294	395
294	2116
295	603
296	378
296	641
296	673
296	883
296	1170
296	1239
302	485
302	1481
302	2097
319	1702
321	805
324	679
324	2600
336	1064
336	2246
337	349
337	378
337	641
337	673
337	880
337	883
337	930
337	1170
337	1239
337	1275
337	1586
337	2066
337	2526
340	411
340	480
340	510
340	546
340	651
340	842
340	1445
340	1507
340	2484
340	2648
342	378
349	378
349	1239
368	760
368	1023
368	1374
368	2582
372	1563
372	1660
372	1865
372	2442
378	543
378	615
378	641
378	673
378	880
378	883
378	930
378	982
378	1112
378	1170
378	1239
378	1275
378	1286
378	1473
378	1503
378	1567
378	1586
378	2066
378	2132
378	2455
378	2487
378	2526
378	2571
378	2582
378	2656
382	1991
385	411
385	732
385	1115
385	1351
385	2648
392	987
395	623
395	824
395	874
395	883
395	956
395	1064
395	1236
395	1241
395	1868
395	1944
395	2143
395	2146
396	584
397	426
405	1095
405	1916
407	522
407	548
407	963
407	1583
407	2582
411	568
411	777
411	892
411	1124
411	1309
411	1371
411	1483
411	1540
411	1783
417	728
417	777
417	1309
418	575
431	1793
432	1905
435	761
450	2582
450	2586
451	1589
453	1003
460	2659
461	2149
461	2664
480	987
480	1351
480	1626
480	1794
482	560
482	2488
485	1618
485	1636
485	1644
485	1689
485	1961
485	2098
485	2470
486	572
486	603
486	1916
503	1015
509	1527
509	2451
510	883
510	892
510	1303
510	1764
510	1838
510	1847
510	2038
510	2588
513	2148
515	2453
516	1916
516	2280
516	2598
516	2603
522	1079
522	2409
524	651
524	1351
524	2648
526	1641
527	673
527	2116
528	1704
533	708
533	910
533	2250
538	572
543	834
548	1309
548	1351
557	651
557	1068
557	1547
557	1634
558	1456
560	651
560	1003
567	1361
567	1445
568	2071
568	2588
568	2598
572	1003
572	1356
572	1739
572	1747
572	1947
575	883
575	1005
575	2116
576	1455
579	1092
579	1940
579	2570
584	1361
584	1617
587	1009
587	1285
587	1789
592	954
597	1506
597	2442
603	776
603	883
603	1155
603	1313
603	1629
603	1708
603	2116
603	2586
603	2689
604	883
610	1358
615	914
615	1289
615	2150
615	2784
616	1026
616	2730
618	1275
618	2143
622	1456
622	2382
624	1388
625	851
625	1023
625	1374
625	1737
625	1873
625	1938
636	883
637	1023
637	1481
637	2203
641	673
641	880
641	883
641	930
641	1112
641	1153
641	1170
641	1239
641	1275
641	1309
641	1445
641	1483
641	1586
641	1812
641	2066
641	2150
641	2526
645	852
645	2081
645	2170
651	661
651	777
651	784
651	815
651	883
651	892
651	984
651	987
651	1009
651	1021
651	1155
651	1232
651	1351
651	1398
651	1422
651	1443
651	1455
651	1481
651	1483
651	1567
651	1626
651	1634
651	1660
651	1700
651	1708
651	1737
651	1775
651	1847
651	1902
651	1905
651	1916
651	1917
651	1967
651	2001
651	2152
651	2154
651	2492
651	2579
651	2582
651	2756
660	840
660	2455
661	1660
664	892
665	1074
669	1351
669	2630
672	1353
672	1734
673	880
673	883
673	930
673	1064
673	1112
673	1170
673	1228
673	1239
673	1275
673	1586
673	2066
673	2526
673	2582
679	2600
684	1021
684	1224
684	1660
685	1094
685	1924
694	772
694	824
694	842
694	1004
695	1092
695	1913
695	2314
695	2336
695	2669
706	1940
707	1490
708	785
708	842
708	1003
708	1897
708	1918
710	857
712	1847
722	2116
727	2216
728	777
728	815
728	1567
728	1891
740	1309
740	1464
740	1805
740	1938
740	2146
740	2579
745	1374
745	2470
749	857
754	2183
755	761
755	1079
758	1002
758	1708
758	1842
758	1865
758	2603
760	1092
760	1101
760	1107
760	1443
760	2038
760	2203
760	2289
760	2666
760	2789
761	805
761	903
761	952
761	1079
761	1403
761	1610
761	2123
763	1617
766	1805
772	824
772	842
773	2175
773	2791
776	1170
777	1155
777	1351
777	2200
783	1445
784	1501
785	1170
792	2730
805	903
805	1079
815	987
815	2299
826	1079
826	2116
828	2447
834	1651
840	1858
842	1074
842	1446
842	1881
842	1902
842	2490
850	993
850	1323
850	2015
852	2081
856	892
857	1817
867	1455
870	1581
870	1775
870	2205
870	2721
872	1309
873	1948
877	1583
877	1913
880	883
880	930
880	1112
880	1170
880	1228
880	1239
880	1275
880	1586
880	2066
880	2526
880	2582
883	930
883	1170
883	1239
883	1275
883	1586
883	1747
883	1938
883	2420
883	2484
883	2526
892	1003
892	1166
892	1567
892	1858
892	2062
892	2097
892	2302
892	2423
893	2001
896	1551
898	1015
898	2219
899	1196
899	1561
899	1860
899	2247
899	2584
903	1079
903	2123
914	1446
914	1561
914	1704
914	1708
914	1753
914	1902
914	2187
914	2382
914	2719
915	1783
915	2623
923	1948
930	974
930	1112
930	1153
930	1160
930	1170
930	1212
930	1228
930	1239
930	1275
930	1309
930	1341
930	1586
930	2066
930	2526
930	2582
930	2621
933	2116
941	1428
941	1858
941	1891
941	2149
954	1211
954	1241
954	1335
954	2106
954	2135
954	2192
954	2410
956	1003
958	2576
961	1938
961	2582
969	1287
969	1842
969	2582
987	1003
987	1041
987	1155
987	1617
987	2582
988	1283
991	1064
994	2579
996	1966
996	2046
996	2116
997	1838
1002	1916
1003	1021
1003	1120
1003	1175
1003	1385
1003	1484
1003	1782
1003	1947
1003	2001
1003	2038
1003	2046
1003	2071
1003	2143
1003	2370
1003	2404
1003	2413
1003	2421
1003	2429
1003	2454
1003	2598
1003	2760
1009	1074
1009	1250
1009	1285
1009	2037
1009	2246
1009	2351
1012	1309
1015	1332
1015	2219
1021	1361
1021	1737
1021	2143
1021	2232
1021	2370
1021	2582
1023	1374
1023	1481
1023	1873
1023	2203
1026	2730
1029	2059
1033	1484
1035	2397
1041	1155
1046	1079
1048	1865
1049	1947
1051	1978
1064	1450
1064	1817
1064	1878
1064	2030
1064	2041
1064	2085
1064	2170
1064	2198
1064	2216
1064	2246
1064	2408
1064	2470
1064	2656
1068	1547
1069	1624
1074	1483
1074	1902
1074	2609
1075	1753
1079	1289
1079	1610
1079	1662
1079	2123
1082	2322
1092	2108
1094	1255
1094	2314
1103	1755
1104	1351
1104	1358
1109	1938
1112	1170
1112	1275
1112	1586
1115	1938
1117	1309
1117	2071
1120	2471
1124	1341
1124	1361
1124	1935
1124	2681
1128	1940
1134	1155
1134	1351
1147	1581
1147	1775
1147	2721
1149	1704
1154	2582
1155	1309
1155	1351
1155	1590
1155	2006
1155	2046
1157	1857
1170	1239
1170	1275
1170	1289
1170	1586
1170	1662
1170	1842
1170	2063
1170	2066
1170	2121
1170	2252
1170	2526
1170	2582
1211	1309
1214	2001
1221	2518
1223	2062
1224	1747
1228	1586
1239	1275
1239	1586
1239	2066
1239	2526
1239	2582
1239	2777
1246	2669
1250	1285
1255	1417
1255	2678
1258	1995
1258	2006
1258	2108
1258	2484
1258	2579
1274	2055
1275	1586
1275	1817
1275	2066
1275	2526
1275	2571
1275	2582
1283	1351
1283	1704
1283	1708
1287	2685
1289	1817
1289	2679
1306	1817
1309	1344
1309	1361
1309	1376
1309	1527
1309	1557
1309	1567
1309	1618
1309	2085
1309	2105
1309	2132
1309	2170
1309	2302
1309	2423
1309	2514
1309	2582
1309	2756
1313	1461
1319	2116
1325	2071
1336	2579
1341	1351
1344	2072
1344	2490
1351	1718
1351	1905
1351	1924
1351	1991
1351	2200
1351	2496
1351	2582
1357	2195
1358	1445
1358	2008
1358	2085
1358	2685
1361	1445
1361	1455
1361	1567
1361	1626
1361	1636
1361	1938
1361	2146
1363	1940
1369	2336
1371	2040
1371	2302
1374	1481
1374	1873
1374	2203
1374	2470
1376	2494
1376	2623
1385	2302
1388	1486
1388	2530
1403	1817
1417	2678
1422	1817
1422	2540
1434	2623
1443	1789
1443	1831
1443	2749
1445	2097
1445	2149
1445	2484
1445	2581
1446	1732
1446	1937
1446	1949
1446	2121
1446	2445
1446	2496
1455	2658
1471	2001
1481	1847
1481	2203
1481	2723
1483	2588
1486	2120
1488	1752
1488	2756
1494	2001
1498	2205
1501	2311
1527	1540
1527	2209
1527	2598
1529	1864
1532	2433
1539	2149
1540	1805
1547	1634
1550	2209
1550	2579
1551	2451
1561	1860
1563	1824
1567	2074
1567	2377
1581	1775
1581	2721
1582	1967
1583	2146
1583	2205
1583	2377
1583	2582
1583	2715
1586	2582
1590	1799
1590	2648
1590	2685
1601	1939
1610	1789
1610	2123
1617	1750
1622	1916
1624	1692
1626	1938
1644	2240
1645	1817
1660	1902
1660	2150
1660	2152
1666	2269
1704	1772
1704	1799
1704	1812
1704	2315
1704	2433
1704	2470
1704	2582
1708	2586
1708	2648
1715	2056
1718	1805
1720	2609
1720	2725
1730	2143
1730	2470
1732	2689
1733	1889
1733	2764
1737	1783
1737	1873
1747	2040
1748	1902
1749	1805
1749	2579
1751	2001
1752	2055
1752	2514
1752	2756
1753	2074
1753	2721
1768	1940
1771	1817
1772	2029
1775	2721
1779	2131
1783	1938
1786	2669
1789	2582
1805	1924
1805	2695
1806	2001
1817	1860
1817	1909
1817	2116
1822	2485
1828	1925
1842	2582
1847	2132
1847	2149
1847	2403
1851	2490
1855	2143
1862	2238
1877	2420
1889	2580
1897	2666
1902	2132
1902	2555
1902	2648
1902	2695
1911	2579
1917	1937
1934	2001
1938	2350
1938	2568
1938	2586
1938	2776
1939	2792
1939	2797
1940	2001
1940	2219
1940	2277
1940	2748
1947	2143
1947	2421
1947	2669
1947	2784
1961	2098
1969	2152
1986	2143
1991	2015
1991	2582
2001	2149
2001	2598
2001	2715
2008	2579
2008	2719
2009	2259
2015	2582
2022	2494
2032	2146
2038	2666
2046	2187
2046	2598
2059	2105
2059	2421
2062	2116
2062	2248
2062	2695
2066	2618
2072	2302
2092	2116
2097	2235
2097	2423
2105	2423
2116	2232
2123	2216
2131	2447
2134	2582
2143	2152
2143	2168
2143	2416
2143	2579
2146	2451
2149	2581
2150	2695
2152	2790
2163	2232
2187	2598
2190	2540
2196	2205
2200	2322
2200	2685
2203	2252
2203	2598
2205	2636
2216	2598
2219	2784
2282	2302
2295	2460
2299	2588
2299	2791
2302	2453
2412	2582
2416	2445
2416	2709
2433	2579
2433	2648
2442	2598
2511	2540
2526	2582
2540	2685
2555	2774
2579	2598
2588	2685
2598	2669
2623	2719
2658	2798
2719	2735
1351	3
340	11
1527	11
1947	11
431	14
2377	14
2470	15
485	16
112	22
1361	22
1488	22
1752	22
1905	22
2756	22
2239	25
340	27
480	27
1258	27
1589	27
2648	27
880	28
2037	30
32	31
708	32
1704	32
49	39
119	39
405	39
510	39
641	39
694	39
704	39
707	39
714	39
1027	39
1053	39
1916	39
2143	39
2263	39
2582	39
2618	39
704	45
144	46
119	49
136	49
267	49
340	49
385	49
486	49
560	49
572	49
834	49
842	49
1003	49
1009	49
1021	49
1124	49
1134	49
1150	49
1155	49
1309	49
1351	49
1358	49
1374	49
1446	49
1481	49
1626	49
1702	49
1708	49
1772	49
1873	49
1905	49
1917	49
1921	49
1947	49
1966	49
2008	49
2108	49
2143	49
2433	49
2484	49
2579	49
2603	49
2623	49
2715	49
1626	53
1817	53
1902	53
2490	53
2579	53
761	74
903	74
1079	74
2123	74
2216	74
641	83
673	83
883	83
395	87
874	87
1241	87
1868	87
1944	87
2770	87
1358	89
2369	92
2623	92
302	94
411	94
2791	94
615	102
1708	102
651	106
1351	106
119	108
119	113
1361	113
2183	117
2784	117
136	119
834	119
899	119
1003	119
1021	119
1134	119
1358	119
1527	119
1702	119
1947	119
1991	119
2008	119
2108	119
2143	119
2203	119
2292	119
2484	119
2579	119
2615	119
1351	120
1358	120
1817	120
1865	120
1938	120
2593	120
2609	120
641	130
880	130
1446	133
1902	133
797	136
956	136
170	141
233	141
510	141
641	141
660	141
761	141
954	141
1309	141
1641	141
1921	141
1949	141
2116	141
2553	141
2618	141
2669	141
2728	141
2097	144
2669	144
2582	146
673	147
641	151
673	151
883	151
930	151
1170	151
1275	151
728	160
1621	160
2146	160
368	161
2645	161
824	164
1009	166
1250	166
1285	166
213	167
616	167
2730	167
2582	168
883	170
1704	170
1902	170
483	175
2579	175
485	176
1700	176
1961	176
2098	176
2624	184
575	190
2252	201
395	204
274	212
892	212
1446	212
1483	212
2598	212
1009	213
1064	213
2030	213
2246	213
1336	223
2202	223
2598	223
449	227
945	228
997	229
1838	229
568	231
740	231
1938	231
508	233
1174	233
1529	233
1864	233
2105	233
2209	233
2470	233
568	234
708	234
1902	237
1881	241
507	243
651	243
784	243
1456	243
1490	243
1501	243
2081	243
2136	243
2249	243
2311	243
1098	248
651	250
758	250
2241	250
395	254
645	257
651	257
1567	257
2081	257
651	258
728	258
1003	258
1947	258
1967	258
2586	258
2618	258
2650	258
1103	265
1755	265
2413	266
651	267
1155	267
1455	267
2097	271
689	272
829	272
1984	272
1702	284
707	287
1170	288
510	292
2183	292
2582	292
2784	292
395	294
2116	294
603	295
378	296
641	296
673	296
883	296
1170	296
1239	296
485	302
1481	302
2097	302
1702	319
805	321
679	324
2600	324
1064	336
2246	336
349	337
378	337
641	337
673	337
880	337
883	337
930	337
1170	337
1239	337
1275	337
1586	337
2066	337
2526	337
411	340
480	340
510	340
546	340
651	340
842	340
1445	340
1507	340
2484	340
2648	340
378	342
378	349
1239	349
760	368
1023	368
1374	368
2582	368
1563	372
1660	372
1865	372
2442	372
543	378
615	378
641	378
673	378
880	378
883	378
930	378
982	378
1112	378
1170	378
1239	378
1275	378
1286	378
1473	378
1503	378
1567	378
1586	378
2066	378
2132	378
2455	378
2487	378
2526	378
2571	378
2582	378
2656	378
1991	382
411	385
732	385
1115	385
1351	385
2648	385
987	392
623	395
824	395
874	395
883	395
956	395
1064	395
1236	395
1241	395
1868	395
1944	395
2143	395
2146	395
584	396
426	397
1095	405
1916	405
522	407
548	407
963	407
1583	407
2582	407
568	411
777	411
892	411
1124	411
1309	411
1371	411
1483	411
1540	411
1783	411
728	417
777	417
1309	417
575	418
1793	431
1905	432
761	435
2582	450
2586	450
1589	451
1003	453
2659	460
2149	461
2664	461
987	480
1351	480
1626	480
1794	480
560	482
2488	482
1618	485
1636	485
1644	485
1689	485
1961	485
2098	485
2470	485
572	486
603	486
1916	486
1015	503
1527	509
2451	509
883	510
892	510
1303	510
1764	510
1838	510
1847	510
2038	510
2588	510
2148	513
2453	515
1916	516
2280	516
2598	516
2603	516
1079	522
2409	522
651	524
1351	524
2648	524
1641	526
673	527
2116	527
1704	528
708	533
910	533
2250	533
572	538
834	543
1309	548
1351	548
651	557
1068	557
1547	557
1634	557
1456	558
651	560
1003	560
1361	567
1445	567
2071	568
2588	568
2598	568
1003	572
1356	572
1739	572
1747	572
1947	572
883	575
1005	575
2116	575
1455	576
1092	579
1940	579
2570	579
1361	584
1617	584
1009	587
1285	587
1789	587
954	592
1506	597
2442	597
776	603
883	603
1155	603
1313	603
1629	603
1708	603
2116	603
2586	603
2689	603
883	604
1358	610
914	615
1289	615
2150	615
2784	615
1026	616
2730	616
1275	618
2143	618
1456	622
2382	622
1388	624
851	625
1023	625
1374	625
1737	625
1873	625
1938	625
883	636
1023	637
1481	637
2203	637
673	641
880	641
883	641
930	641
1112	641
1153	641
1170	641
1239	641
1275	641
1309	641
1445	641
1483	641
1586	641
1812	641
2066	641
2150	641
2526	641
852	645
2081	645
2170	645
661	651
777	651
784	651
815	651
883	651
892	651
984	651
987	651
1009	651
1021	651
1155	651
1232	651
1351	651
1398	651
1422	651
1443	651
1455	651
1481	651
1483	651
1567	651
1626	651
1634	651
1660	651
1700	651
1708	651
1737	651
1775	651
1847	651
1902	651
1905	651
1916	651
1917	651
1967	651
2001	651
2152	651
2154	651
2492	651
2579	651
2582	651
2756	651
840	660
2455	660
1660	661
892	664
1074	665
1351	669
2630	669
1353	672
1734	672
880	673
883	673
930	673
1064	673
1112	673
1170	673
1228	673
1239	673
1275	673
1586	673
2066	673
2526	673
2582	673
2600	679
1021	684
1224	684
1660	684
1094	685
1924	685
772	694
824	694
842	694
1004	694
1092	695
1913	695
2314	695
2336	695
2669	695
1940	706
1490	707
785	708
842	708
1003	708
1897	708
1918	708
857	710
1847	712
2116	722
2216	727
777	728
815	728
1567	728
1891	728
1309	740
1464	740
1805	740
1938	740
2146	740
2579	740
1374	745
2470	745
857	749
2183	754
761	755
1079	755
1002	758
1708	758
1842	758
1865	758
2603	758
1092	760
1101	760
1107	760
1443	760
2038	760
2203	760
2289	760
2666	760
2789	760
805	761
903	761
952	761
1079	761
1403	761
1610	761
2123	761
1617	763
1805	766
824	772
842	772
2175	773
2791	773
1170	776
1155	777
1351	777
2200	777
1445	783
1501	784
1170	785
2730	792
903	805
1079	805
987	815
2299	815
1079	826
2116	826
2447	828
1651	834
1858	840
1074	842
1446	842
1881	842
1902	842
2490	842
993	850
1323	850
2015	850
2081	852
892	856
1817	857
1455	867
1581	870
1775	870
2205	870
2721	870
1309	872
1948	873
1583	877
1913	877
883	880
930	880
1112	880
1170	880
1228	880
1239	880
1275	880
1586	880
2066	880
2526	880
2582	880
930	883
1170	883
1239	883
1275	883
1586	883
1747	883
1938	883
2420	883
2484	883
2526	883
1003	892
1166	892
1567	892
1858	892
2062	892
2097	892
2302	892
2423	892
2001	893
1551	896
1015	898
2219	898
1196	899
1561	899
1860	899
2247	899
2584	899
1079	903
2123	903
1446	914
1561	914
1704	914
1708	914
1753	914
1902	914
2187	914
2382	914
2719	914
1783	915
2623	915
1948	923
974	930
1112	930
1153	930
1160	930
1170	930
1212	930
1228	930
1239	930
1275	930
1309	930
1341	930
1586	930
2066	930
2526	930
2582	930
2621	930
2116	933
1428	941
1858	941
1891	941
2149	941
1211	954
1241	954
1335	954
2106	954
2135	954
2192	954
2410	954
1003	956
2576	958
1938	961
2582	961
1287	969
1842	969
2582	969
1003	987
1041	987
1155	987
1617	987
2582	987
1283	988
1064	991
2579	994
1966	996
2046	996
2116	996
1838	997
1916	1002
1021	1003
1120	1003
1175	1003
1385	1003
1484	1003
1782	1003
1947	1003
2001	1003
2038	1003
2046	1003
2071	1003
2143	1003
2370	1003
2404	1003
2413	1003
2421	1003
2429	1003
2454	1003
2598	1003
2760	1003
1074	1009
1250	1009
1285	1009
2037	1009
2246	1009
2351	1009
1309	1012
1332	1015
2219	1015
1361	1021
1737	1021
2143	1021
2232	1021
2370	1021
2582	1021
1374	1023
1481	1023
1873	1023
2203	1023
2730	1026
2059	1029
1484	1033
2397	1035
1155	1041
1079	1046
1865	1048
1947	1049
1978	1051
1450	1064
1817	1064
1878	1064
2030	1064
2041	1064
2085	1064
2170	1064
2198	1064
2216	1064
2246	1064
2408	1064
2470	1064
2656	1064
1547	1068
1624	1069
1483	1074
1902	1074
2609	1074
1753	1075
1289	1079
1610	1079
1662	1079
2123	1079
2322	1082
2108	1092
1255	1094
2314	1094
1755	1103
1351	1104
1358	1104
1938	1109
1170	1112
1275	1112
1586	1112
1938	1115
1309	1117
2071	1117
2471	1120
1341	1124
1361	1124
1935	1124
2681	1124
1940	1128
1155	1134
1351	1134
1581	1147
1775	1147
2721	1147
1704	1149
2582	1154
1309	1155
1351	1155
1590	1155
2006	1155
2046	1155
1857	1157
1239	1170
1275	1170
1289	1170
1586	1170
1662	1170
1842	1170
2063	1170
2066	1170
2121	1170
2252	1170
2526	1170
2582	1170
1309	1211
2001	1214
2518	1221
2062	1223
1747	1224
1586	1228
1275	1239
1586	1239
2066	1239
2526	1239
2582	1239
2777	1239
2669	1246
1285	1250
1417	1255
2678	1255
1995	1258
2006	1258
2108	1258
2484	1258
2579	1258
2055	1274
1586	1275
1817	1275
2066	1275
2526	1275
2571	1275
2582	1275
1351	1283
1704	1283
1708	1283
2685	1287
1817	1289
2679	1289
1817	1306
1344	1309
1361	1309
1376	1309
1527	1309
1557	1309
1567	1309
1618	1309
2085	1309
2105	1309
2132	1309
2170	1309
2302	1309
2423	1309
2514	1309
2582	1309
2756	1309
1461	1313
2116	1319
2071	1325
2579	1336
1351	1341
2072	1344
2490	1344
1718	1351
1905	1351
1924	1351
1991	1351
2200	1351
2496	1351
2582	1351
2195	1357
1445	1358
2008	1358
2085	1358
2685	1358
1445	1361
1455	1361
1567	1361
1626	1361
1636	1361
1938	1361
2146	1361
1940	1363
2336	1369
2040	1371
2302	1371
1481	1374
1873	1374
2203	1374
2470	1374
2494	1376
2623	1376
2302	1385
1486	1388
2530	1388
1817	1403
2678	1417
1817	1422
2540	1422
2623	1434
1789	1443
1831	1443
2749	1443
2097	1445
2149	1445
2484	1445
2581	1445
1732	1446
1937	1446
1949	1446
2121	1446
2445	1446
2496	1446
2658	1455
2001	1471
1847	1481
2203	1481
2723	1481
2588	1483
2120	1486
1752	1488
2756	1488
2001	1494
2205	1498
2311	1501
1540	1527
2209	1527
2598	1527
1864	1529
2433	1532
2149	1539
1805	1540
1634	1547
2209	1550
2579	1550
2451	1551
1860	1561
1824	1563
2074	1567
2377	1567
1775	1581
2721	1581
1967	1582
2146	1583
2205	1583
2377	1583
2582	1583
2715	1583
2582	1586
1799	1590
2648	1590
2685	1590
1939	1601
1789	1610
2123	1610
1750	1617
1916	1622
1692	1624
1938	1626
2240	1644
1817	1645
1902	1660
2150	1660
2152	1660
2269	1666
1772	1704
1799	1704
1812	1704
2315	1704
2433	1704
2470	1704
2582	1704
2586	1708
2648	1708
2056	1715
1805	1718
2609	1720
2725	1720
2143	1730
2470	1730
2689	1732
1889	1733
2764	1733
1783	1737
1873	1737
2040	1747
1902	1748
1805	1749
2579	1749
2001	1751
2055	1752
2514	1752
2756	1752
2074	1753
2721	1753
1940	1768
1817	1771
2029	1772
2721	1775
2131	1779
1938	1783
2669	1786
2582	1789
1924	1805
2695	1805
2001	1806
1860	1817
1909	1817
2116	1817
2485	1822
1925	1828
2582	1842
2132	1847
2149	1847
2403	1847
2490	1851
2143	1855
2238	1862
2420	1877
2580	1889
2666	1897
2132	1902
2555	1902
2648	1902
2695	1902
2579	1911
1937	1917
2001	1934
2350	1938
2568	1938
2586	1938
2776	1938
2792	1939
2797	1939
2001	1940
2219	1940
2277	1940
2748	1940
2143	1947
2421	1947
2669	1947
2784	1947
2098	1961
2152	1969
2143	1986
2015	1991
2582	1991
2149	2001
2598	2001
2715	2001
2579	2008
2719	2008
2259	2009
2582	2015
2494	2022
2146	2032
2666	2038
2187	2046
2598	2046
2105	2059
2421	2059
2116	2062
2248	2062
2695	2062
2618	2066
2302	2072
2116	2092
2235	2097
2423	2097
2423	2105
2232	2116
2216	2123
2447	2131
2582	2134
2152	2143
2168	2143
2416	2143
2579	2143
2451	2146
2581	2149
2695	2150
2790	2152
2232	2163
2598	2187
2540	2190
2205	2196
2322	2200
2685	2200
2252	2203
2598	2203
2636	2205
2598	2216
2784	2219
2302	2282
2460	2295
2588	2299
2791	2299
2453	2302
2582	2412
2445	2416
2709	2416
2579	2433
2648	2433
2598	2442
2540	2511
2582	2526
2685	2540
2774	2555
2598	2579
2685	2588
2669	2598
2719	2623
2798	2658
2735	2719
