4	955
4	1488
13	124
13	672
13	1242
15	1487
16	65
16	181
16	374
16	489
16	513
16	801
16	839
16	842
16	977
16	1131
16	1230
16	1343
16	1418
16	1476
17	1080
18	605
18	901
18	1002
18	1110
18	1375
18	1530
19	1217
23	1021
23	1233
29	1081
31	49
31	66
31	120
31	146
31	162
31	181
31	225
31	240
31	333
31	430
31	589
31	599
31	604
31	693
31	706
31	785
31	914
31	963
31	979
31	1037
31	1117
31	1154
31	1218
31	1291
31	1428
31	1458
31	1497
31	1537
33	113
33	1335
38	55
38	65
38	66
38	107
38	200
38	382
38	428
38	489
38	499
38	522
38	539
38	648
38	839
38	942
38	953
38	1004
38	1020
38	1056
38	1084
38	1143
38	1206
38	1230
38	1269
38	1320
38	1343
38	1452
38	1493
39	748
49	65
49	66
49	120
49	136
49	142
49	146
49	181
49	225
49	382
49	428
49	489
49	513
49	522
49	539
49	576
49	589
49	604
49	648
49	652
49	659
49	801
49	839
49	842
49	942
49	953
49	963
49	979
49	1004
49	1056
49	1084
49	1117
49	1131
49	1143
49	1154
49	1169
49	1206
49	1218
49	1230
49	1272
49	1320
49	1343
49	1418
49	1428
49	1452
49	1458
49	1461
49	1476
49	1537
53	350
53	525
53	1169
53	1453
53	1479
55	65
55	107
55	200
55	382
55	428
55	489
55	499
55	522
55	539
55	595
55	648
55	832
55	839
55	942
55	1004
55	1056
55	1084
55	1143
55	1206
55	1269
55	1320
55	1343
56	178
56	336
56	502
56	541
56	593
56	669
56	1247
56	1321
56	1437
56	1519
56	1542
64	867
65	66
65	95
65	107
65	200
65	382
65	428
65	489
65	522
65	539
65	648
65	801
65	839
65	842
65	920
65	942
65	953
65	1004
65	1056
65	1084
65	1143
65	1169
65	1206
65	1218
65	1230
65	1269
65	1311
65	1318
65	1320
65	1343
65	1428
65	1452
65	1476
65	1485
65	1493
66	120
66	136
66	146
66	181
66	225
66	333
66	382
66	420
66	428
66	489
66	513
66	589
66	648
66	801
66	839
66	842
66	942
66	953
66	1004
66	1056
66	1084
66	1143
66	1154
66	1169
66	1206
66	1218
66	1230
66	1272
66	1287
66	1320
66	1343
66	1380
66	1428
66	1452
66	1461
66	1476
68	98
68	169
68	188
68	441
68	569
68	580
68	697
68	803
68	933
68	1159
68	1407
69	1259
71	697
71	933
71	1526
75	382
75	489
75	953
75	1343
83	112
83	338
90	406
90	571
90	866
95	181
95	513
95	670
95	842
95	926
95	942
95	1084
95	1154
95	1169
95	1300
95	1343
95	1399
95	1461
95	1476
95	1481
95	1493
96	1489
98	1407
107	200
107	382
107	428
107	489
107	499
107	522
107	539
107	648
107	839
107	1004
107	1056
107	1084
107	1143
107	1206
107	1230
107	1320
107	1343
110	946
110	1138
112	338
112	616
112	1012
112	1029
113	841
113	1335
120	181
120	225
120	604
120	693
120	842
120	877
120	1117
120	1218
120	1230
120	1428
120	1497
120	1537
124	672
124	1242
127	272
129	563
129	1040
129	1081
129	1325
129	1342
136	142
136	181
136	375
136	508
136	609
136	659
136	699
136	842
136	1077
136	1322
136	1380
139	394
142	181
142	508
142	609
142	659
142	801
142	842
142	973
142	1155
142	1169
142	1322
142	1461
143	709
144	154
145	412
145	525
145	886
145	926
145	1169
145	1213
145	1453
145	1481
146	181
146	225
146	240
146	333
146	430
146	604
146	693
146	842
146	973
146	979
146	1154
146	1169
146	1218
146	1272
146	1537
158	327
158	591
158	606
158	621
158	674
158	675
158	1233
158	1323
158	1329
162	181
162	225
162	430
162	589
162	599
162	693
162	706
162	785
162	842
162	914
162	963
162	979
162	1037
162	1117
162	1218
162	1458
162	1497
162	1537
165	509
166	332
166	884
166	902
166	922
166	1102
169	441
169	697
169	1051
169	1407
170	1410
171	336
171	376
171	502
171	541
171	593
171	669
171	1247
171	1321
171	1437
171	1519
171	1542
176	435
176	540
176	1194
176	1488
178	336
178	376
178	502
178	541
178	593
178	669
178	1247
178	1321
178	1519
178	1542
180	879
180	1394
181	225
181	333
181	430
181	589
181	599
181	604
181	693
181	762
181	785
181	801
181	842
181	914
181	926
181	942
181	953
181	963
181	973
181	979
181	1037
181	1117
181	1154
181	1169
181	1218
181	1272
181	1311
181	1343
181	1381
181	1408
181	1428
181	1458
181	1461
181	1476
181	1537
188	697
188	803
188	1159
188	1409
189	965
190	295
190	1271
192	609
192	1524
200	272
200	382
200	412
200	428
200	489
200	499
200	513
200	522
200	539
200	592
200	648
200	801
200	839
200	942
200	953
200	1004
200	1056
200	1084
200	1143
200	1206
200	1213
200	1269
200	1320
200	1343
200	1388
200	1428
200	1452
200	1461
200	1476
200	1485
200	1493
207	315
207	318
207	569
207	580
207	697
218	232
221	365
221	568
221	1060
221	1366
221	1386
221	1554
222	855
222	1401
225	333
225	430
225	589
225	599
225	604
225	693
225	785
225	842
225	914
225	963
225	979
225	1117
225	1154
225	1218
225	1272
225	1291
225	1408
225	1428
225	1458
225	1537
226	906
226	1226
226	1353
226	1382
226	1386
226	1532
226	1554
226	1557
228	1273
231	767
231	1046
231	1316
236	288
249	387
250	421
250	527
252	295
252	534
252	650
252	1221
252	1271
265	1060
265	1235
267	412
267	525
267	670
267	679
267	920
267	926
267	932
267	1169
267	1311
267	1381
267	1399
267	1481
267	1499
272	412
272	445
272	522
272	592
272	670
272	707
272	920
272	957
272	1213
272	1231
272	1286
272	1343
272	1453
272	1481
272	1493
272	1499
275	698
276	536
276	1406
276	1547
282	362
282	377
282	526
282	637
282	1494
283	736
295	534
295	626
295	650
295	1221
295	1271
312	711
312	1110
312	1391
315	318
315	569
315	580
317	726
317	1265
318	569
318	580
318	697
327	591
327	606
327	621
327	674
327	675
327	1233
327	1323
327	1329
332	884
332	902
332	922
332	1102
332	1229
333	446
333	604
333	693
333	762
333	842
333	914
333	1218
333	1272
333	1287
333	1458
333	1537
335	577
335	737
335	1013
335	1099
336	376
336	502
336	541
336	593
336	669
336	1247
336	1321
336	1437
336	1519
336	1542
337	1514
338	616
338	1012
338	1029
342	488
350	1479
362	377
362	526
362	637
362	1151
362	1494
364	599
364	706
364	785
364	1117
364	1458
365	568
365	1060
365	1366
365	1386
365	1554
367	611
367	1352
374	977
374	1131
374	1380
374	1418
375	508
376	502
376	541
376	593
376	669
376	1247
376	1321
376	1437
376	1519
376	1542
377	526
377	541
377	637
377	669
377	1151
377	1247
377	1321
377	1494
377	1519
382	412
382	428
382	489
382	499
382	513
382	522
382	539
382	648
382	652
382	801
382	839
382	842
382	920
382	942
382	953
382	1004
382	1020
382	1056
382	1084
382	1129
382	1143
382	1169
382	1206
382	1213
382	1230
382	1269
382	1311
382	1320
382	1343
382	1452
382	1453
382	1476
382	1481
382	1485
382	1493
399	1328
400	567
400	1501
401	439
401	663
406	571
406	866
406	1412
406	1507
412	445
412	525
412	592
412	670
412	679
412	707
412	886
412	920
412	926
412	932
412	957
412	1057
412	1169
412	1213
412	1231
412	1286
412	1311
412	1320
412	1343
412	1381
412	1399
412	1453
412	1461
412	1476
412	1481
412	1493
412	1499
413	811
415	496
415	1528
417	1307
420	585
420	907
420	986
420	1005
420	1131
420	1395
420	1489
421	527
426	534
427	746
428	489
428	499
428	513
428	522
428	539
428	595
428	648
428	801
428	839
428	842
428	942
428	953
428	1004
428	1056
428	1084
428	1129
428	1143
428	1206
428	1230
428	1269
428	1320
428	1343
428	1388
428	1452
428	1476
428	1493
430	589
430	599
430	604
430	693
430	706
430	785
430	914
430	963
430	979
430	1037
430	1117
430	1218
430	1458
430	1497
430	1537
432	564
432	855
432	994
435	540
435	1488
438	770
439	839
439	1021
439	1233
441	697
441	1051
441	1407
445	707
445	920
445	952
445	1169
445	1213
445	1286
445	1343
445	1453
445	1499
446	604
448	1143
455	929
460	508
460	609
460	659
460	1322
475	653
483	855
485	536
489	499
489	513
489	522
489	539
489	648
489	801
489	802
489	839
489	842
489	942
489	953
489	1004
489	1020
489	1056
489	1084
489	1129
489	1143
489	1206
489	1230
489	1269
489	1270
489	1318
489	1320
489	1343
489	1380
489	1452
489	1465
489	1476
489	1485
489	1493
496	507
496	708
496	725
496	879
496	1394
499	522
499	648
499	1004
499	1056
499	1084
499	1143
499	1206
499	1269
499	1270
499	1320
501	753
502	541
502	593
502	669
502	1247
502	1321
502	1437
502	1519
502	1542
507	708
507	725
507	879
507	1394
508	609
508	659
508	745
508	801
508	973
508	1322
513	522
513	525
513	539
513	592
513	648
513	679
513	801
513	839
513	842
513	920
513	942
513	953
513	1056
513	1084
513	1129
513	1143
513	1169
513	1218
513	1230
513	1269
513	1300
513	1318
513	1320
513	1343
513	1381
513	1453
513	1476
513	1485
513	1493
519	538
519	997
519	1053
519	1345
522	539
522	595
522	648
522	652
522	670
522	801
522	839
522	842
522	886
522	920
522	942
522	953
522	1004
522	1056
522	1084
522	1129
522	1143
522	1206
522	1213
522	1230
522	1269
522	1270
522	1320
522	1343
522	1428
522	1452
522	1453
522	1476
522	1485
522	1493
523	564
523	642
525	592
525	670
525	679
525	707
525	886
525	926
525	932
525	1169
525	1213
525	1311
525	1320
525	1343
525	1381
525	1399
525	1453
525	1461
525	1481
525	1499
526	637
526	669
526	1151
526	1247
526	1441
526	1494
526	1519
527	554
534	626
534	650
534	1221
534	1271
534	1380
536	737
536	1406
538	997
538	1053
538	1345
539	648
539	652
539	801
539	839
539	942
539	1056
539	1084
539	1143
539	1169
539	1206
539	1230
539	1320
539	1343
539	1453
539	1461
539	1476
539	1493
539	1499
540	1194
540	1488
541	593
541	669
541	1247
541	1321
541	1437
541	1519
541	1542
545	596
548	1094
548	1166
555	1033
560	698
563	1040
563	1081
563	1325
563	1342
564	642
564	1498
565	1338
567	955
567	1031
567	1488
567	1501
568	1060
568	1366
568	1386
568	1554
569	580
569	697
569	1515
571	1412
571	1507
576	1169
576	1343
577	737
577	1013
577	1099
580	697
580	803
580	1159
580	1407
580	1515
583	797
583	1088
583	1227
585	907
585	1005
585	1395
585	1489
589	599
589	693
589	785
589	842
589	963
589	979
589	989
589	1037
589	1117
589	1154
589	1169
589	1218
589	1342
589	1343
589	1428
589	1458
589	1537
591	606
591	621
591	674
591	675
591	1233
591	1323
591	1329
592	670
592	679
592	707
592	920
592	926
592	942
592	957
592	1169
592	1213
592	1231
592	1286
592	1311
592	1320
592	1343
592	1381
592	1399
592	1453
592	1461
592	1481
592	1493
592	1499
593	669
593	1247
593	1321
593	1437
593	1519
593	1542
595	1004
595	1084
595	1143
595	1320
597	1082
597	1189
597	1529
599	693
599	706
599	785
599	963
599	979
599	1117
599	1218
599	1428
599	1458
599	1537
604	693
604	762
604	914
604	963
604	1037
604	1117
604	1143
604	1218
604	1287
604	1458
604	1537
605	901
605	1002
605	1056
605	1110
605	1375
605	1530
606	621
606	674
606	675
606	1233
606	1323
606	1329
609	659
609	790
609	801
609	1322
609	1380
611	1352
616	1012
616	1029
621	674
621	675
621	1233
621	1323
621	1329
623	1177
623	1451
623	1455
626	650
626	1221
626	1271
637	669
637	1151
637	1247
637	1441
637	1494
645	697
645	933
647	673
647	779
648	801
648	839
648	953
648	1004
648	1056
648	1084
648	1129
648	1143
648	1230
648	1320
648	1343
648	1452
648	1476
648	1485
648	1493
650	1221
650	1271
650	1380
651	889
652	801
652	839
652	1084
652	1155
652	1230
653	1503
655	795
659	801
659	839
659	842
659	1322
659	1461
661	769
669	1247
669	1321
669	1437
669	1519
669	1542
670	679
670	707
670	886
670	920
670	926
670	932
670	957
670	1057
670	1154
670	1169
670	1213
670	1231
670	1300
670	1311
670	1320
670	1343
670	1381
670	1399
670	1428
670	1453
670	1461
670	1481
670	1499
672	1242
674	675
674	1233
674	1323
674	1329
675	1323
675	1329
679	707
679	886
679	926
679	932
679	1057
679	1169
679	1213
679	1311
679	1320
679	1343
679	1381
679	1399
679	1453
679	1461
679	1476
679	1481
679	1499
680	942
680	973
680	1272
683	1416
690	1342
691	1386
691	1413
691	1498
691	1554
693	706
693	785
693	842
693	914
693	963
693	979
693	1037
693	1117
693	1218
693	1458
693	1537
694	697
697	803
697	933
697	1159
697	1407
697	1526
699	1077
699	1180
706	785
706	963
706	979
706	1117
706	1458
706	1537
707	920
707	926
707	932
707	957
707	1169
707	1213
707	1231
707	1286
707	1311
707	1320
707	1343
707	1381
707	1399
707	1453
707	1481
707	1499
708	725
708	879
708	1394
711	1129
711	1391
725	879
725	1394
726	1265
727	1112
727	1164
727	1275
727	1289
727	1473
727	1501
737	1013
737	1099
737	1406
749	1159
757	1475
762	1169
767	1316
779	839
785	963
785	979
785	1037
785	1117
785	1218
785	1428
785	1458
785	1537
787	1468
789	1196
790	1138
790	1322
792	820
792	1253
792	1413
792	1498
792	1532
792	1554
797	1088
797	1227
800	912
801	802
801	839
801	842
801	942
801	953
801	973
801	979
801	1056
801	1065
801	1084
801	1143
801	1155
801	1206
801	1230
801	1320
801	1322
801	1343
801	1380
801	1461
801	1466
801	1476
802	839
802	1129
802	1230
802	1343
802	1527
803	1159
803	1407
803	1409
807	816
814	848
814	1324
818	933
818	1526
820	1253
820	1386
820	1413
820	1498
820	1532
820	1554
822	1258
826	1011
834	1106
839	842
839	942
839	953
839	979
839	1004
839	1056
839	1084
839	1117
839	1129
839	1143
839	1155
839	1206
839	1218
839	1230
839	1269
839	1270
839	1320
839	1343
839	1380
839	1452
839	1461
839	1485
839	1497
841	1335
842	942
842	973
842	979
842	1084
842	1117
842	1154
842	1169
842	1218
842	1230
842	1272
842	1318
842	1320
842	1343
842	1380
842	1428
842	1452
842	1461
842	1476
842	1485
842	1537
848	1169
848	1324
855	957
865	1232
866	1412
868	1342
877	1230
877	1497
879	1394
884	902
884	922
884	1102
886	920
886	926
886	942
886	1169
886	1311
886	1320
886	1343
886	1381
886	1399
886	1453
886	1461
886	1481
901	1002
901	1110
901	1530
902	922
902	1102
906	1226
906	1353
906	1382
906	1386
906	1532
906	1554
906	1557
907	1005
907	1395
907	1489
914	963
914	979
914	1037
914	1117
914	1218
914	1458
914	1537
920	926
920	942
920	1169
920	1213
920	1286
920	1311
920	1320
920	1343
920	1381
920	1403
920	1453
920	1461
920	1476
920	1499
922	1102
926	932
926	957
926	1154
926	1169
926	1213
926	1311
926	1320
926	1343
926	1381
926	1399
926	1453
926	1461
926	1476
926	1481
926	1499
927	1337
932	1057
932	1169
932	1311
932	1343
932	1381
932	1399
932	1453
932	1481
933	1159
933	1526
942	953
942	1004
942	1056
942	1084
942	1143
942	1154
942	1169
942	1206
942	1218
942	1230
942	1269
942	1300
942	1311
942	1318
942	1320
942	1343
942	1380
942	1381
942	1403
942	1452
942	1453
942	1461
942	1476
942	1485
952	1286
952	1320
952	1453
953	1004
953	1056
953	1084
953	1129
953	1143
953	1206
953	1218
953	1230
953	1269
953	1320
953	1343
953	1388
953	1452
953	1476
953	1485
953	1493
955	1488
957	1231
957	1286
957	1366
957	1453
963	979
963	1037
963	1117
963	1218
963	1428
963	1458
963	1497
963	1533
963	1537
968	1032
973	979
973	1154
973	1169
973	1175
973	1272
973	1343
973	1428
977	1131
977	1418
979	1037
979	1056
979	1117
979	1154
979	1169
979	1218
979	1347
979	1408
979	1428
979	1458
979	1537
985	1217
996	1206
997	1345
1002	1056
1002	1110
1002	1530
1004	1056
1004	1084
1004	1143
1004	1206
1004	1230
1004	1270
1004	1298
1004	1320
1004	1343
1005	1395
1005	1489
1006	1393
1006	1454
1013	1099
1020	1143
1021	1173
1021	1233
1021	1349
1036	1342
1037	1117
1037	1218
1037	1458
1037	1537
1040	1325
1040	1342
1053	1345
1056	1084
1056	1110
1056	1129
1056	1143
1056	1169
1056	1206
1056	1218
1056	1230
1056	1269
1056	1300
1056	1320
1056	1343
1056	1452
1056	1461
1056	1476
1056	1485
1056	1493
1057	1169
1057	1311
1057	1320
1057	1343
1057	1381
1057	1453
1057	1461
1057	1466
1057	1476
1057	1481
1060	1235
1060	1366
1060	1386
1060	1554
1065	1380
1069	1273
1077	1180
1081	1325
1081	1342
1082	1189
1082	1529
1084	1129
1084	1143
1084	1169
1084	1206
1084	1230
1084	1269
1084	1300
1084	1318
1084	1320
1084	1343
1084	1380
1084	1388
1084	1452
1084	1453
1084	1465
1084	1476
1084	1485
1084	1493
1088	1227
1094	1166
1110	1391
1112	1164
1112	1275
1112	1289
1112	1501
1113	1267
1113	1315
1117	1218
1117	1428
1117	1458
1117	1497
1117	1537
1129	1143
1129	1230
1129	1269
1129	1320
1129	1343
1129	1380
1129	1452
1129	1465
1129	1476
1129	1493
1131	1380
1131	1418
1138	1490
1143	1206
1143	1218
1143	1230
1143	1269
1143	1270
1143	1320
1143	1343
1143	1476
1143	1485
1151	1441
1151	1494
1154	1169
1154	1218
1154	1300
1154	1311
1154	1381
1154	1399
1154	1428
1154	1458
1155	1230
1159	1407
1159	1409
1164	1275
1164	1289
1164	1473
1169	1213
1169	1218
1169	1272
1169	1300
1169	1311
1169	1318
1169	1320
1169	1343
1169	1381
1169	1399
1169	1403
1169	1428
1169	1453
1169	1461
1169	1476
1169	1481
1169	1485
1169	1499
1173	1233
1177	1451
1177	1455
1189	1529
1194	1488
1206	1230
1206	1269
1206	1320
1206	1343
1206	1452
1206	1466
1213	1231
1213	1311
1213	1320
1213	1343
1213	1381
1213	1399
1213	1453
1213	1481
1213	1499
1218	1230
1218	1343
1218	1408
1218	1428
1218	1452
1218	1458
1218	1476
1218	1537
1221	1271
1226	1353
1226	1382
1226	1386
1226	1532
1226	1554
1226	1557
1230	1269
1230	1320
1230	1343
1230	1452
1230	1461
1230	1476
1231	1286
1231	1343
1231	1453
1231	1499
1233	1323
1233	1329
1233	1349
1247	1321
1247	1437
1247	1519
1247	1542
1253	1386
1253	1413
1253	1498
1253	1532
1253	1554
1267	1315
1267	1363
1267	1385
1269	1318
1269	1320
1269	1343
1269	1380
1269	1381
1269	1452
1269	1461
1269	1493
1271	1380
1272	1428
1275	1289
1275	1473
1275	1501
1286	1320
1286	1343
1286	1453
1286	1461
1286	1493
1286	1499
1289	1473
1289	1501
1298	1320
1300	1311
1300	1320
1300	1343
1300	1381
1300	1399
1300	1428
1300	1461
1300	1476
1310	1534
1311	1320
1311	1343
1311	1381
1311	1399
1311	1428
1311	1453
1311	1461
1311	1476
1311	1481
1315	1363
1315	1385
1318	1320
1318	1343
1318	1381
1318	1465
1318	1476
1320	1343
1320	1381
1320	1452
1320	1453
1320	1461
1320	1465
1320	1476
1320	1481
1320	1485
1320	1493
1320	1499
1321	1437
1321	1519
1321	1542
1322	1400
1323	1329
1325	1342
1343	1381
1343	1399
1343	1428
1343	1452
1343	1453
1343	1461
1343	1465
1343	1476
1343	1481
1343	1485
1343	1493
1343	1499
1353	1382
1353	1386
1353	1406
1353	1532
1353	1554
1353	1557
1366	1386
1366	1498
1366	1554
1380	1418
1380	1452
1380	1493
1381	1399
1381	1453
1381	1461
1381	1481
1381	1499
1382	1386
1382	1532
1382	1554
1382	1557
1386	1413
1386	1498
1386	1532
1386	1554
1386	1557
1393	1454
1395	1489
1399	1453
1399	1461
1399	1476
1399	1481
1403	1461
1408	1458
1412	1507
1413	1498
1413	1532
1413	1554
1423	1516
1428	1458
1428	1461
1428	1497
1428	1537
1437	1519
1437	1542
1451	1455
1452	1476
1453	1461
1453	1476
1453	1481
1453	1493
1453	1499
1453	1527
1458	1497
1458	1537
1461	1476
1461	1481
1461	1493
1461	1499
1461	1527
1465	1493
1476	1481
1476	1485
1481	1499
1485	1527
1493	1499
1496	1503
1497	1537
1498	1532
1498	1554
1519	1542
1532	1554
1532	1557
1554	1557
955	4
1488	4
124	13
672	13
1242	13
1487	15
65	16
181	16
374	16
489	16
513	16
801	16
839	16
842	16
977	16
1131	16
1230	16
1343	16
1418	16
1476	16
1080	17
605	18
901	18
1002	18
1110	18
1375	18
1530	18
1217	19
1021	23
1233	23
1081	29
49	31
66	31
120	31
146	31
162	31
181	31
225	31
240	31
333	31
430	31
589	31
599	31
604	31
693	31
706	31
785	31
914	31
963	31
979	31
1037	31
1117	31
1154	31
1218	31
1291	31
1428	31
1458	31
1497	31
1537	31
113	33
1335	33
55	38
65	38
66	38
107	38
200	38
382	38
428	38
489	38
499	38
522	38
539	38
648	38
839	38
942	38
953	38
1004	38
1020	38
1056	38
1084	38
1143	38
1206	38
1230	38
1269	38
1320	38
1343	38
1452	38
1493	38
748	39
65	49
66	49
120	49
136	49
142	49
146	49
181	49
225	49
382	49
428	49
489	49
513	49
522	49
539	49
576	49
589	49
604	49
648	49
652	49
659	49
801	49
839	49
842	49
942	49
953	49
963	49
979	49
1004	49
1056	49
1084	49
1117	49
1131	49
1143	49
1154	49
1169	49
1206	49
1218	49
1230	49
1272	49
1320	49
1343	49
1418	49
1428	49
1452	49
1458	49
1461	49
1476	49
1537	49
350	53
525	53
1169	53
1453	53
1479	53
65	55
107	55
200	55
382	55
428	55
489	55
499	55
522	55
539	55
595	55
648	55
832	55
839	55
942	55
1004	55
1056	55
1084	55
1143	55
1206	55
1269	55
1320	55
1343	55
178	56
336	56
502	56
541	56
593	56
669	56
1247	56
1321	56
1437	56
1519	56
1542	56
867	64
66	65
95	65
107	65
200	65
382	65
428	65
489	65
522	65
539	65
648	65
801	65
839	65
842	65
920	65
942	65
953	65
1004	65
1056	65
1084	65
1143	65
1169	65
1206	65
1218	65
1230	65
1269	65
1311	65
1318	65
1320	65
1343	65
1428	65
1452	65
1476	65
1485	65
1493	65
120	66
136	66
146	66
181	66
225	66
333	66
382	66
420	66
428	66
489	66
513	66
589	66
648	66
801	66
839	66
842	66
942	66
953	66
1004	66
1056	66
1084	66
1143	66
1154	66
1169	66
1206	66
1218	66
1230	66
1272	66
1287	66
1320	66
1343	66
1380	66
1428	66
1452	66
1461	66
1476	66
98	68
169	68
188	68
441	68
569	68
580	68
697	68
803	68
933	68
1159	68
1407	68
1259	69
697	71
933	71
1526	71
382	75
489	75
953	75
1343	75
112	83
338	83
406	90
571	90
866	90
181	95
513	95
670	95
842	95
926	95
942	95
1084	95
1154	95
1169	95
1300	95
1343	95
1399	95
1461	95
1476	95
1481	95
1493	95
1489	96
1407	98
200	107
382	107
428	107
489	107
499	107
522	107
539	107
648	107
839	107
1004	107
1056	107
1084	107
1143	107
1206	107
1230	107
1320	107
1343	107
946	110
1138	110
338	112
616	112
1012	112
1029	112
841	113
1335	113
181	120
225	120
604	120
693	120
842	120
877	120
1117	120
1218	120
1230	120
1428	120
1497	120
1537	120
672	124
1242	124
272	127
563	129
1040	129
1081	129
1325	129
1342	129
142	136
181	136
375	136
508	136
609	136
659	136
699	136
842	136
1077	136
1322	136
1380	136
394	139
181	142
508	142
609	142
659	142
801	142
842	142
973	142
1155	142
1169	142
1322	142
1461	142
709	143
154	144
412	145
525	145
886	145
926	145
1169	145
1213	145
1453	145
1481	145
181	146
225	146
240	146
333	146
430	146
604	146
693	146
842	146
973	146
979	146
1154	146
1169	146
1218	146
1272	146
1537	146
327	158
591	158
606	158
621	158
674	158
675	158
1233	158
1323	158
1329	158
181	162
225	162
430	162
589	162
599	162
693	162
706	162
785	162
842	162
914	162
963	162
979	162
1037	162
1117	162
1218	162
1458	162
1497	162
1537	162
509	165
332	166
884	166
902	166
922	166
1102	166
441	169
697	169
1051	169
1407	169
1410	170
336	171
376	171
502	171
541	171
593	171
669	171
1247	171
1321	171
1437	171
1519	171
1542	171
435	176
540	176
1194	176
1488	176
336	178
376	178
502	178
541	178
593	178
669	178
1247	178
1321	178
1519	178
1542	178
879	180
1394	180
225	181
333	181
430	181
589	181
599	181
604	181
693	181
762	181
785	181
801	181
842	181
914	181
926	181
942	181
953	181
963	181
973	181
979	181
1037	181
1117	181
1154	181
1169	181
1218	181
1272	181
1311	181
1343	181
1381	181
1408	181
1428	181
1458	181
1461	181
1476	181
1537	181
697	188
803	188
1159	188
1409	188
965	189
295	190
1271	190
609	192
1524	192
272	200
382	200
412	200
428	200
489	200
499	200
513	200
522	200
539	200
592	200
648	200
801	200
839	200
942	200
953	200
1004	200
1056	200
1084	200
1143	200
1206	200
1213	200
1269	200
1320	200
1343	200
1388	200
1428	200
1452	200
1461	200
1476	200
1485	200
1493	200
315	207
318	207
569	207
580	207
697	207
232	218
365	221
568	221
1060	221
1366	221
1386	221
1554	221
855	222
1401	222
333	225
430	225
589	225
599	225
604	225
693	225
785	225
842	225
914	225
963	225
979	225
1117	225
1154	225
1218	225
1272	225
1291	225
1408	225
1428	225
1458	225
1537	225
906	226
1226	226
1353	226
1382	226
1386	226
1532	226
1554	226
1557	226
1273	228
767	231
1046	231
1316	231
288	236
387	249
421	250
527	250
295	252
534	252
650	252
1221	252
1271	252
1060	265
1235	265
412	267
525	267
670	267
679	267
920	267
926	267
932	267
1169	267
1311	267
1381	267
1399	267
1481	267
1499	267
412	272
445	272
522	272
592	272
670	272
707	272
920	272
957	272
1213	272
1231	272
1286	272
1343	272
1453	272
1481	272
1493	272
1499	272
698	275
536	276
1406	276
1547	276
362	282
377	282
526	282
637	282
1494	282
736	283
534	295
626	295
650	295
1221	295
1271	295
711	312
1110	312
1391	312
318	315
569	315
580	315
726	317
1265	317
569	318
580	318
697	318
591	327
606	327
621	327
674	327
675	327
1233	327
1323	327
1329	327
884	332
902	332
922	332
1102	332
1229	332
446	333
604	333
693	333
762	333
842	333
914	333
1218	333
1272	333
1287	333
1458	333
1537	333
577	335
737	335
1013	335
1099	335
376	336
502	336
541	336
593	336
669	336
1247	336
1321	336
1437	336
1519	336
1542	336
1514	337
616	338
1012	338
1029	338
488	342
1479	350
377	362
526	362
637	362
1151	362
1494	362
599	364
706	364
785	364
1117	364
1458	364
568	365
1060	365
1366	365
1386	365
1554	365
611	367
1352	367
977	374
1131	374
1380	374
1418	374
508	375
502	376
541	376
593	376
669	376
1247	376
1321	376
1437	376
1519	376
1542	376
526	377
541	377
637	377
669	377
1151	377
1247	377
1321	377
1494	377
1519	377
412	382
428	382
489	382
499	382
513	382
522	382
539	382
648	382
652	382
801	382
839	382
842	382
920	382
942	382
953	382
1004	382
1020	382
1056	382
1084	382
1129	382
1143	382
1169	382
1206	382
1213	382
1230	382
1269	382
1311	382
1320	382
1343	382
1452	382
1453	382
1476	382
1481	382
1485	382
1493	382
1328	399
567	400
1501	400
439	401
663	401
571	406
866	406
1412	406
1507	406
445	412
525	412
592	412
670	412
679	412
707	412
886	412
920	412
926	412
932	412
957	412
1057	412
1169	412
1213	412
1231	412
1286	412
1311	412
1320	412
1343	412
1381	412
1399	412
1453	412
1461	412
1476	412
1481	412
1493	412
1499	412
811	413
496	415
1528	415
1307	417
585	420
907	420
986	420
1005	420
1131	420
1395	420
1489	420
527	421
534	426
746	427
489	428
499	428
513	428
522	428
539	428
595	428
648	428
801	428
839	428
842	428
942	428
953	428
1004	428
1056	428
1084	428
1129	428
1143	428
1206	428
1230	428
1269	428
1320	428
1343	428
1388	428
1452	428
1476	428
1493	428
589	430
599	430
604	430
693	430
706	430
785	430
914	430
963	430
979	430
1037	430
1117	430
1218	430
1458	430
1497	430
1537	430
564	432
855	432
994	432
540	435
1488	435
770	438
839	439
1021	439
1233	439
697	441
1051	441
1407	441
707	445
920	445
952	445
1169	445
1213	445
1286	445
1343	445
1453	445
1499	445
604	446
1143	448
929	455
508	460
609	460
659	460
1322	460
653	475
855	483
536	485
499	489
513	489
522	489
539	489
648	489
801	489
802	489
839	489
842	489
942	489
953	489
1004	489
1020	489
1056	489
1084	489
1129	489
1143	489
1206	489
1230	489
1269	489
1270	489
1318	489
1320	489
1343	489
1380	489
1452	489
1465	489
1476	489
1485	489
1493	489
507	496
708	496
725	496
879	496
1394	496
522	499
648	499
1004	499
1056	499
1084	499
1143	499
1206	499
1269	499
1270	499
1320	499
753	501
541	502
593	502
669	502
1247	502
1321	502
1437	502
1519	502
1542	502
708	507
725	507
879	507
1394	507
609	508
659	508
745	508
801	508
973	508
1322	508
522	513
525	513
539	513
592	513
648	513
679	513
801	513
839	513
842	513
920	513
942	513
953	513
1056	513
1084	513
1129	513
1143	513
1169	513
1218	513
1230	513
1269	513
1300	513
1318	513
1320	513
1343	513
1381	513
1453	513
1476	513
1485	513
1493	513
538	519
997	519
1053	519
1345	519
539	522
595	522
648	522
652	522
670	522
801	522
839	522
842	522
886	522
920	522
942	522
953	522
1004	522
1056	522
1084	522
1129	522
1143	522
1206	522
1213	522
1230	522
1269	522
1270	522
1320	522
1343	522
1428	522
1452	522
1453	522
1476	522
1485	522
1493	522
564	523
642	523
592	525
670	525
679	525
707	525
886	525
926	525
932	525
1169	525
1213	525
1311	525
1320	525
1343	525
1381	525
1399	525
1453	525
1461	525
1481	525
1499	525
637	526
669	526
1151	526
1247	526
1441	526
1494	526
1519	526
554	527
626	534
650	534
1221	534
1271	534
1380	534
737	536
1406	536
997	538
1053	538
1345	538
648	539
652	539
801	539
839	539
942	539
1056	539
1084	539
1143	539
1169	539
1206	539
1230	539
1320	539
1343	539
1453	539
1461	539
1476	539
1493	539
1499	539
1194	540
1488	540
593	541
669	541
1247	541
1321	541
1437	541
1519	541
1542	541
596	545
1094	548
1166	548
1033	555
698	560
1040	563
1081	563
1325	563
1342	563
642	564
1498	564
1338	565
955	567
1031	567
1488	567
1501	567
1060	568
1366	568
1386	568
1554	568
580	569
697	569
1515	569
1412	571
1507	571
1169	576
1343	576
737	577
1013	577
1099	577
697	580
803	580
1159	580
1407	580
1515	580
797	583
1088	583
1227	583
907	585
1005	585
1395	585
1489	585
599	589
693	589
785	589
842	589
963	589
979	589
989	589
1037	589
1117	589
1154	589
1169	589
1218	589
1342	589
1343	589
1428	589
1458	589
1537	589
606	591
621	591
674	591
675	591
1233	591
1323	591
1329	591
670	592
679	592
707	592
920	592
926	592
942	592
957	592
1169	592
1213	592
1231	592
1286	592
1311	592
1320	592
1343	592
1381	592
1399	592
1453	592
1461	592
1481	592
1493	592
1499	592
669	593
1247	593
1321	593
1437	593
1519	593
1542	593
1004	595
1084	595
1143	595
1320	595
1082	597
1189	597
1529	597
693	599
706	599
785	599
963	599
979	599
1117	599
1218	599
1428	599
1458	599
1537	599
693	604
762	604
914	604
963	604
1037	604
1117	604
1143	604
1218	604
1287	604
1458	604
1537	604
901	605
1002	605
1056	605
1110	605
1375	605
1530	605
621	606
674	606
675	606
1233	606
1323	606
1329	606
659	609
790	609
801	609
1322	609
1380	609
1352	611
1012	616
1029	616
674	621
675	621
1233	621
1323	621
1329	621
1177	623
1451	623
1455	623
650	626
1221	626
1271	626
669	637
1151	637
1247	637
1441	637
1494	637
697	645
933	645
673	647
779	647
801	648
839	648
953	648
1004	648
1056	648
1084	648
1129	648
1143	648
1230	648
1320	648
1343	648
1452	648
1476	648
1485	648
1493	648
1221	650
1271	650
1380	650
889	651
801	652
839	652
1084	652
1155	652
1230	652
1503	653
795	655
801	659
839	659
842	659
1322	659
1461	659
769	661
1247	669
1321	669
1437	669
1519	669
1542	669
679	670
707	670
886	670
920	670
926	670
932	670
957	670
1057	670
1154	670
1169	670
1213	670
1231	670
1300	670
1311	670
1320	670
1343	670
1381	670
1399	670
1428	670
1453	670
1461	670
1481	670
1499	670
1242	672
675	674
1233	674
1323	674
1329	674
1323	675
1329	675
707	679
886	679
926	679
932	679
1057	679
1169	679
1213	679
1311	679
1320	679
1343	679
1381	679
1399	679
1453	679
1461	679
1476	679
1481	679
1499	679
942	680
973	680
1272	680
1416	683
1342	690
1386	691
1413	691
1498	691
1554	691
706	693
785	693
842	693
914	693
963	693
979	693
1037	693
1117	693
1218	693
1458	693
1537	693
697	694
803	697
933	697
1159	697
1407	697
1526	697
1077	699
1180	699
785	706
963	706
979	706
1117	706
1458	706
1537	706
920	707
926	707
932	707
957	707
1169	707
1213	707
1231	707
1286	707
1311	707
1320	707
1343	707
1381	707
1399	707
1453	707
1481	707
1499	707
725	708
879	708
1394	708
1129	711
1391	711
879	725
1394	725
1265	726
1112	727
1164	727
1275	727
1289	727
1473	727
1501	727
1013	737
1099	737
1406	737
1159	749
1475	757
1169	762
1316	767
839	779
963	785
979	785
1037	785
1117	785
1218	785
1428	785
1458	785
1537	785
1468	787
1196	789
1138	790
1322	790
820	792
1253	792
1413	792
1498	792
1532	792
1554	792
1088	797
1227	797
912	800
802	801
839	801
842	801
942	801
953	801
973	801
979	801
1056	801
1065	801
1084	801
1143	801
1155	801
1206	801
1230	801
1320	801
1322	801
1343	801
1380	801
1461	801
1466	801
1476	801
839	802
1129	802
1230	802
1343	802
1527	802
1159	803
1407	803
1409	803
816	807
848	814
1324	814
933	818
1526	818
1253	820
1386	820
1413	820
1498	820
1532	820
1554	820
1258	822
1011	826
1106	834
842	839
942	839
953	839
979	839
1004	839
1056	839
1084	839
1117	839
1129	839
1143	839
1155	839
1206	839
1218	839
1230	839
1269	839
1270	839
1320	839
1343	839
1380	839
1452	839
1461	839
1485	839
1497	839
1335	841
942	842
973	842
979	842
1084	842
1117	842
1154	842
1169	842
1218	842
1230	842
1272	842
1318	842
1320	842
1343	842
1380	842
1428	842
1452	842
1461	842
1476	842
1485	842
1537	842
1169	848
1324	848
957	855
1232	865
1412	866
1342	868
1230	877
1497	877
1394	879
902	884
922	884
1102	884
920	886
926	886
942	886
1169	886
1311	886
1320	886
1343	886
1381	886
1399	886
1453	886
1461	886
1481	886
1002	901
1110	901
1530	901
922	902
1102	902
1226	906
1353	906
1382	906
1386	906
1532	906
1554	906
1557	906
1005	907
1395	907
1489	907
963	914
979	914
1037	914
1117	914
1218	914
1458	914
1537	914
926	920
942	920
1169	920
1213	920
1286	920
1311	920
1320	920
1343	920
1381	920
1403	920
1453	920
1461	920
1476	920
1499	920
1102	922
932	926
957	926
1154	926
1169	926
1213	926
1311	926
1320	926
1343	926
1381	926
1399	926
1453	926
1461	926
1476	926
1481	926
1499	926
1337	927
1057	932
1169	932
1311	932
1343	932
1381	932
1399	932
1453	932
1481	932
1159	933
1526	933
953	942
1004	942
1056	942
1084	942
1143	942
1154	942
1169	942
1206	942
1218	942
1230	942
1269	942
1300	942
1311	942
1318	942
1320	942
1343	942
1380	942
1381	942
1403	942
1452	942
1453	942
1461	942
1476	942
1485	942
1286	952
1320	952
1453	952
1004	953
1056	953
1084	953
1129	953
1143	953
1206	953
1218	953
1230	953
1269	953
1320	953
1343	953
1388	953
1452	953
1476	953
1485	953
1493	953
1488	955
1231	957
1286	957
1366	957
1453	957
979	963
1037	963
1117	963
1218	963
1428	963
1458	963
1497	963
1533	963
1537	963
1032	968
979	973
1154	973
1169	973
1175	973
1272	973
1343	973
1428	973
1131	977
1418	977
1037	979
1056	979
1117	979
1154	979
1169	979
1218	979
1347	979
1408	979
1428	979
1458	979
1537	979
1217	985
1206	996
1345	997
1056	1002
1110	1002
1530	1002
1056	1004
1084	1004
1143	1004
1206	1004
1230	1004
1270	1004
1298	1004
1320	1004
1343	1004
1395	1005
1489	1005
1393	1006
1454	1006
1099	1013
1143	1020
1173	1021
1233	1021
1349	1021
1342	1036
1117	1037
1218	1037
1458	1037
1537	1037
1325	1040
1342	1040
1345	1053
1084	1056
1110	1056
1129	1056
1143	1056
1169	1056
1206	1056
1218	1056
1230	1056
1269	1056
1300	1056
1320	1056
1343	1056
1452	1056
1461	1056
1476	1056
1485	1056
1493	1056
1169	1057
1311	1057
1320	1057
1343	1057
1381	1057
1453	1057
1461	1057
1466	1057
1476	1057
1481	1057
1235	1060
1366	1060
1386	1060
1554	1060
1380	1065
1273	1069
1180	1077
1325	1081
1342	1081
1189	1082
1529	1082
1129	1084
1143	1084
1169	1084
1206	1084
1230	1084
1269	1084
1300	1084
1318	1084
1320	1084
1343	1084
1380	1084
1388	1084
1452	1084
1453	1084
1465	1084
1476	1084
1485	1084
1493	1084
1227	1088
1166	1094
1391	1110
1164	1112
1275	1112
1289	1112
1501	1112
1267	1113
1315	1113
1218	1117
1428	1117
1458	1117
1497	1117
1537	1117
1143	1129
1230	1129
1269	1129
1320	1129
1343	1129
1380	1129
1452	1129
1465	1129
1476	1129
1493	1129
1380	1131
1418	1131
1490	1138
1206	1143
1218	1143
1230	1143
1269	1143
1270	1143
1320	1143
1343	1143
1476	1143
1485	1143
1441	1151
1494	1151
1169	1154
1218	1154
1300	1154
1311	1154
1381	1154
1399	1154
1428	1154
1458	1154
1230	1155
1407	1159
1409	1159
1275	1164
1289	1164
1473	1164
1213	1169
1218	1169
1272	1169
1300	1169
1311	1169
1318	1169
1320	1169
1343	1169
1381	1169
1399	1169
1403	1169
1428	1169
1453	1169
1461	1169
1476	1169
1481	1169
1485	1169
1499	1169
1233	1173
1451	1177
1455	1177
1529	1189
1488	1194
1230	1206
1269	1206
1320	1206
1343	1206
1452	1206
1466	1206
1231	1213
1311	1213
1320	1213
1343	1213
1381	1213
1399	1213
1453	1213
1481	1213
1499	1213
1230	1218
1343	1218
1408	1218
1428	1218
1452	1218
1458	1218
1476	1218
1537	1218
1271	1221
1353	1226
1382	1226
1386	1226
1532	1226
1554	1226
1557	1226
1269	1230
1320	1230
1343	1230
1452	1230
1461	1230
1476	1230
1286	1231
1343	1231
1453	1231
1499	1231
1323	1233
1329	1233
1349	1233
1321	1247
1437	1247
1519	1247
1542	1247
1386	1253
1413	1253
1498	1253
1532	1253
1554	1253
1315	1267
1363	1267
1385	1267
1318	1269
1320	1269
1343	1269
1380	1269
1381	1269
1452	1269
1461	1269
1493	1269
1380	1271
1428	1272
1289	1275
1473	1275
1501	1275
1320	1286
1343	1286
1453	1286
1461	1286
1493	1286
1499	1286
1473	1289
1501	1289
1320	1298
1311	1300
1320	1300
1343	1300
1381	1300
1399	1300
1428	1300
1461	1300
1476	1300
1534	1310
1320	1311
1343	1311
1381	1311
1399	1311
1428	1311
1453	1311
1461	1311
1476	1311
1481	1311
1363	1315
1385	1315
1320	1318
1343	1318
1381	1318
1465	1318
1476	1318
1343	1320
1381	1320
1452	1320
1453	1320
1461	1320
1465	1320
1476	1320
1481	1320
1485	1320
1493	1320
1499	1320
1437	1321
1519	1321
1542	1321
1400	1322
1329	1323
1342	1325
1381	1343
1399	1343
1428	1343
1452	1343
1453	1343
1461	1343
1465	1343
1476	1343
1481	1343
1485	1343
1493	1343
1499	1343
1382	1353
1386	1353
1406	1353
1532	1353
1554	1353
1557	1353
1386	1366
1498	1366
1554	1366
1418	1380
1452	1380
1493	1380
1399	1381
1453	1381
1461	1381
1481	1381
1499	1381
1386	1382
1532	1382
1554	1382
1557	1382
1413	1386
1498	1386
1532	1386
1554	1386
1557	1386
1454	1393
1489	1395
1453	1399
1461	1399
1476	1399
1481	1399
1461	1403
1458	1408
1507	1412
1498	1413
1532	1413
1554	1413
1516	1423
1458	1428
1461	1428
1497	1428
1537	1428
1519	1437
1542	1437
1455	1451
1476	1452
1461	1453
1476	1453
1481	1453
1493	1453
1499	1453
1527	1453
1497	1458
1537	1458
1476	1461
1481	1461
1493	1461
1499	1461
1527	1461
1493	1465
1481	1476
1485	1476
1499	1481
1527	1485
1499	1493
1503	1496
1537	1497
1532	1498
1554	1498
1542	1519
1554	1532
1557	1532
1557	1554
