1	9
4	18
4	662
7	564
10	50
10	189
11	670
12	301
12	606
12	777
14	565
15	32
15	51
15	57
15	80
15	114
15	121
15	130
15	186
15	217
15	308
15	309
15	362
15	371
15	407
15	477
15	507
15	533
15	541
15	591
15	637
15	680
15	718
15	759
15	769
15	809
15	810
18	662
20	227
20	303
20	409
23	137
23	169
23	323
23	455
23	462
23	474
23	522
23	556
23	578
23	657
23	719
24	822
28	93
28	146
28	172
28	173
28	275
28	300
28	322
28	336
28	454
28	639
28	668
28	673
30	434
30	449
31	32
31	51
31	52
31	177
31	183
31	190
31	215
31	248
31	269
31	301
31	335
31	340
31	414
31	437
31	482
31	484
31	567
31	598
31	606
31	628
31	633
31	637
31	644
31	666
31	690
31	696
31	765
31	777
31	786
32	51
32	57
32	114
32	130
32	183
32	190
32	211
32	215
32	248
32	301
32	335
32	340
32	414
32	437
32	482
32	484
32	528
32	533
32	567
32	598
32	606
32	628
32	633
32	637
32	644
32	676
32	696
32	727
32	762
32	765
32	772
32	777
35	802
36	130
36	184
36	211
36	762
36	796
37	143
37	328
37	332
37	603
37	787
38	190
38	248
38	528
48	116
48	788
51	57
51	114
51	130
51	177
51	183
51	186
51	190
51	215
51	269
51	301
51	338
51	437
51	482
51	484
51	528
51	533
51	567
51	598
51	606
51	628
51	633
51	637
51	644
51	666
51	686
51	696
51	718
51	727
51	762
51	765
51	772
52	183
52	190
52	215
52	248
52	249
52	269
52	273
52	301
52	335
52	340
52	414
52	567
52	598
52	606
52	628
52	633
52	644
52	696
53	571
57	114
57	130
57	186
57	309
57	362
57	437
57	451
57	591
57	637
57	644
57	810
59	168
59	345
59	347
59	758
63	137
63	169
63	578
63	657
66	197
72	204
77	108
77	319
77	351
77	683
80	114
80	130
80	186
80	217
80	308
80	362
80	371
80	401
80	407
80	437
80	477
80	507
80	541
80	591
80	630
80	637
80	718
80	769
80	809
80	810
90	777
93	146
93	668
95	313
95	801
101	177
104	366
107	422
107	425
108	319
108	351
108	683
109	264
113	154
113	223
113	253
113	664
114	130
114	186
114	217
114	308
114	309
114	362
114	407
114	437
114	477
114	591
114	637
114	680
114	744
114	769
114	810
115	395
115	452
115	641
115	729
115	732
115	806
115	819
115	821
124	402
124	701
130	177
130	183
130	186
130	190
130	215
130	217
130	248
130	269
130	272
130	293
130	301
130	309
130	335
130	338
130	362
130	414
130	437
130	477
130	482
130	484
130	533
130	557
130	567
130	591
130	592
130	598
130	602
130	606
130	628
130	633
130	637
130	644
130	666
130	686
130	696
130	718
130	744
130	762
130	765
130	769
130	772
130	777
130	786
130	810
131	647
135	224
135	267
135	269
135	327
135	346
135	439
135	482
135	490
135	616
135	635
135	645
135	675
135	766
135	779
135	786
137	169
137	323
137	455
137	462
137	474
137	522
137	556
137	578
137	657
137	719
138	276
143	328
143	332
143	603
143	787
144	529
145	414
145	606
146	172
146	173
146	275
146	300
146	322
146	336
146	454
146	631
146	639
146	668
146	673
147	219
147	288
147	536
147	771
147	784
151	583
152	290
154	223
154	253
154	664
156	417
156	428
156	529
159	629
161	707
166	310
166	461
166	516
166	583
166	651
168	345
168	347
168	758
169	323
169	455
169	462
169	474
169	522
169	556
169	578
169	657
169	719
172	173
172	275
172	300
172	322
172	336
172	454
172	639
172	668
172	673
173	275
173	300
173	322
173	336
173	454
173	639
173	668
173	673
174	778
177	183
177	190
177	215
177	248
177	249
177	269
177	301
177	335
177	414
177	482
177	484
177	528
177	567
177	598
177	606
177	628
177	633
177	666
177	685
177	696
177	733
177	772
177	786
182	272
182	780
182	802
183	190
183	248
183	269
183	273
183	301
183	335
183	340
183	414
183	482
183	528
183	567
183	598
183	606
183	628
183	644
183	696
183	772
183	786
184	727
184	796
185	260
186	217
186	308
186	309
186	362
186	371
186	401
186	407
186	437
186	477
186	507
186	541
186	591
186	630
186	637
186	718
186	769
186	809
186	810
190	215
190	248
190	249
190	269
190	301
190	335
190	338
190	340
190	414
190	437
190	482
190	484
190	530
190	539
190	567
190	592
190	598
190	606
190	626
190	628
190	633
190	635
190	644
190	666
190	686
190	690
190	696
190	765
190	766
190	777
190	779
190	786
194	701
196	497
198	502
198	570
198	642
201	221
201	343
205	437
205	786
209	423
211	465
211	796
214	275
215	248
215	249
215	269
215	301
215	335
215	340
215	414
215	437
215	482
215	484
215	528
215	567
215	592
215	598
215	606
215	628
215	633
215	644
215	666
215	686
215	696
215	733
215	765
215	777
215	786
217	308
217	309
217	362
217	371
217	407
217	477
217	507
217	541
217	591
217	637
217	769
217	809
217	810
219	771
219	784
221	527
221	531
221	815
223	664
224	327
224	439
224	489
224	525
224	582
224	616
224	635
224	675
224	766
225	309
227	409
231	566
233	260
233	272
233	313
238	252
238	386
243	579
243	672
246	276
248	269
248	273
248	301
248	335
248	340
248	414
248	437
248	482
248	484
248	528
248	530
248	533
248	567
248	592
248	598
248	606
248	628
248	633
248	644
248	666
248	667
248	686
248	696
248	727
248	765
248	773
248	777
248	786
249	269
249	301
249	414
249	445
249	484
249	598
249	606
249	633
249	686
249	696
250	276
250	460
250	463
250	532
250	575
250	579
250	588
253	664
260	313
260	496
262	289
262	732
262	771
262	819
267	482
267	598
269	273
269	301
269	335
269	338
269	340
269	346
269	414
269	437
269	482
269	484
269	525
269	528
269	529
269	539
269	567
269	592
269	598
269	606
269	628
269	633
269	635
269	644
269	666
269	667
269	686
269	696
269	765
269	766
269	777
269	786
272	312
272	437
272	591
272	637
272	744
272	772
272	802
273	301
273	335
273	414
273	567
273	606
273	644
273	686
275	300
275	322
275	336
275	454
275	639
275	668
275	673
275	727
276	460
277	513
277	658
287	482
287	707
288	536
288	638
288	784
288	794
289	732
289	771
289	819
290	799
291	746
300	322
300	336
300	454
300	639
300	668
300	673
301	335
301	338
301	340
301	414
301	437
301	482
301	484
301	528
301	533
301	567
301	592
301	598
301	606
301	626
301	628
301	633
301	637
301	644
301	666
301	686
301	696
301	726
301	727
301	733
301	765
301	766
301	772
301	773
301	777
301	786
303	409
303	780
308	362
308	371
308	407
308	477
308	507
308	591
308	637
308	769
308	810
309	362
309	477
309	541
309	598
309	637
309	676
309	769
309	810
310	340
310	461
310	516
310	583
310	651
313	411
313	727
319	351
319	683
320	764
322	336
322	454
322	639
322	668
322	673
323	455
323	462
323	474
323	522
323	556
323	657
326	497
327	439
327	490
327	616
327	635
327	645
327	675
327	766
328	345
328	603
328	787
329	396
330	559
332	603
333	614
334	405
335	340
335	414
335	482
335	528
335	567
335	592
335	598
335	606
335	628
335	644
335	686
335	696
335	765
335	777
335	786
336	454
336	639
336	668
336	673
336	727
337	458
338	528
338	567
338	602
338	606
338	644
338	686
338	726
340	414
340	437
340	461
340	482
340	484
340	567
340	592
340	598
340	606
340	628
340	644
340	696
340	765
340	777
343	497
345	347
345	758
346	439
346	482
346	490
346	582
346	606
346	616
346	626
346	635
346	645
346	690
346	696
346	728
346	739
346	759
346	766
346	772
346	779
347	758
351	683
352	439
352	490
352	645
352	675
352	766
354	484
354	496
360	732
360	747
360	819
362	371
362	401
362	407
362	437
362	477
362	507
362	541
362	591
362	630
362	637
362	718
362	769
362	809
362	810
371	407
371	477
371	769
371	809
371	810
378	639
395	452
395	641
395	729
395	732
395	806
395	819
395	821
401	407
401	507
401	541
402	701
407	477
407	507
407	541
407	591
407	637
407	769
407	809
407	810
408	775
414	482
414	484
414	528
414	567
414	592
414	598
414	606
414	628
414	633
414	644
414	666
414	667
414	686
414	696
414	727
414	733
414	765
414	777
414	786
417	428
418	559
420	471
421	688
422	425
427	656
427	732
427	747
427	748
427	806
427	819
437	482
437	484
437	496
437	533
437	567
437	591
437	606
437	628
437	637
437	644
437	696
437	727
437	762
437	765
437	772
437	777
437	810
439	482
439	539
439	582
439	616
439	626
439	635
439	645
439	675
439	690
439	728
439	739
439	766
439	772
439	777
439	779
439	786
446	725
449	510
451	644
452	641
452	729
452	732
452	806
452	819
452	821
454	639
454	668
454	673
454	727
455	462
455	474
455	522
455	556
455	578
455	657
460	532
460	579
460	588
461	516
461	583
461	651
462	474
462	522
462	556
462	578
462	657
463	532
463	575
463	579
463	588
469	569
469	712
474	522
474	556
474	578
474	657
474	719
475	813
477	507
477	541
477	637
477	769
477	809
477	810
482	484
482	567
482	592
482	598
482	606
482	616
482	626
482	628
482	637
482	644
482	666
482	690
482	696
482	728
482	739
482	759
482	765
482	766
482	772
482	777
482	779
482	786
484	528
484	567
484	598
484	606
484	616
484	628
484	633
484	637
484	644
484	666
484	686
484	690
484	696
484	727
484	728
484	765
484	766
484	772
484	777
489	525
489	675
489	696
489	766
490	497
490	616
490	645
490	675
490	766
496	614
502	570
502	642
506	699
507	541
507	591
507	630
507	637
507	769
507	809
507	810
510	715
510	772
513	658
516	583
516	651
517	528
522	556
522	578
522	657
525	675
525	696
525	766
525	786
527	531
528	567
528	598
528	606
528	628
528	637
528	644
528	666
528	685
528	696
528	765
528	786
530	598
531	755
532	575
532	579
532	588
533	557
533	598
533	786
539	696
541	637
541	769
541	809
541	810
552	657
555	727
556	578
556	657
565	700
565	709
567	592
567	598
567	606
567	616
567	626
567	628
567	633
567	644
567	666
567	686
567	696
567	727
567	733
567	765
567	766
567	773
567	777
567	786
569	712
570	642
575	579
575	588
578	657
578	719
579	588
579	672
579	771
582	616
582	626
582	635
582	690
582	696
582	728
582	739
582	759
582	766
582	779
591	630
591	637
591	680
591	769
591	809
591	810
592	598
592	606
592	628
592	644
592	666
592	696
592	727
592	765
592	773
592	777
592	786
598	606
598	628
598	633
598	637
598	644
598	666
598	667
598	686
598	696
598	777
602	644
603	787
606	616
606	628
606	633
606	644
606	666
606	667
606	686
606	690
606	696
606	727
606	728
606	733
606	765
606	766
606	772
606	777
606	786
616	626
616	635
616	645
616	675
616	690
616	696
616	728
616	739
616	759
616	766
616	772
616	779
616	786
626	635
626	690
626	696
626	728
626	739
626	759
626	766
626	772
626	777
626	779
628	633
628	644
628	666
628	685
628	686
628	696
628	727
628	765
628	773
628	777
628	786
630	769
630	809
630	810
633	644
633	666
633	686
633	696
633	765
633	774
633	800
635	645
635	690
635	696
635	728
635	739
635	766
635	779
637	644
637	744
637	762
637	765
637	769
637	777
637	809
637	810
638	794
639	668
641	729
641	732
641	806
641	819
641	821
644	666
644	686
644	696
644	765
644	772
644	777
645	675
645	766
656	732
656	747
656	748
656	806
656	819
657	719
665	693
665	731
666	696
666	727
666	728
666	765
666	772
666	786
668	673
668	727
671	794
672	771
675	696
675	766
675	772
675	786
685	696
686	696
686	765
690	696
690	728
690	739
690	759
690	766
690	772
690	777
690	779
693	731
696	728
696	759
696	765
696	766
696	772
696	773
696	777
696	779
696	786
696	800
700	709
718	769
727	762
727	765
727	786
727	796
728	739
728	759
728	766
728	772
728	779
729	732
729	806
729	819
729	821
732	747
732	748
732	771
732	806
732	819
732	821
739	759
739	766
739	772
739	777
739	779
744	769
744	809
747	748
747	806
747	819
748	806
748	819
759	766
759	777
759	779
765	777
766	772
766	777
766	779
766	786
769	809
769	810
771	784
771	819
772	777
772	779
772	786
773	786
777	779
780	802
806	819
806	821
809	810
819	821
9	1
18	4
662	4
564	7
50	10
189	10
670	11
301	12
606	12
777	12
565	14
32	15
51	15
57	15
80	15
114	15
121	15
130	15
186	15
217	15
308	15
309	15
362	15
371	15
407	15
477	15
507	15
533	15
541	15
591	15
637	15
680	15
718	15
759	15
769	15
809	15
810	15
662	18
227	20
303	20
409	20
137	23
169	23
323	23
455	23
462	23
474	23
522	23
556	23
578	23
657	23
719	23
822	24
93	28
146	28
172	28
173	28
275	28
300	28
322	28
336	28
454	28
639	28
668	28
673	28
434	30
449	30
32	31
51	31
52	31
177	31
183	31
190	31
215	31
248	31
269	31
301	31
335	31
340	31
414	31
437	31
482	31
484	31
567	31
598	31
606	31
628	31
633	31
637	31
644	31
666	31
690	31
696	31
765	31
777	31
786	31
51	32
57	32
114	32
130	32
183	32
190	32
211	32
215	32
248	32
301	32
335	32
340	32
414	32
437	32
482	32
484	32
528	32
533	32
567	32
598	32
606	32
628	32
633	32
637	32
644	32
676	32
696	32
727	32
762	32
765	32
772	32
777	32
802	35
130	36
184	36
211	36
762	36
796	36
143	37
328	37
332	37
603	37
787	37
190	38
248	38
528	38
116	48
788	48
57	51
114	51
130	51
177	51
183	51
186	51
190	51
215	51
269	51
301	51
338	51
437	51
482	51
484	51
528	51
533	51
567	51
598	51
606	51
628	51
633	51
637	51
644	51
666	51
686	51
696	51
718	51
727	51
762	51
765	51
772	51
183	52
190	52
215	52
248	52
249	52
269	52
273	52
301	52
335	52
340	52
414	52
567	52
598	52
606	52
628	52
633	52
644	52
696	52
571	53
114	57
130	57
186	57
309	57
362	57
437	57
451	57
591	57
637	57
644	57
810	57
168	59
345	59
347	59
758	59
137	63
169	63
578	63
657	63
197	66
204	72
108	77
319	77
351	77
683	77
114	80
130	80
186	80
217	80
308	80
362	80
371	80
401	80
407	80
437	80
477	80
507	80
541	80
591	80
630	80
637	80
718	80
769	80
809	80
810	80
777	90
146	93
668	93
313	95
801	95
177	101
366	104
422	107
425	107
319	108
351	108
683	108
264	109
154	113
223	113
253	113
664	113
130	114
186	114
217	114
308	114
309	114
362	114
407	114
437	114
477	114
591	114
637	114
680	114
744	114
769	114
810	114
395	115
452	115
641	115
729	115
732	115
806	115
819	115
821	115
402	124
701	124
177	130
183	130
186	130
190	130
215	130
217	130
248	130
269	130
272	130
293	130
301	130
309	130
335	130
338	130
362	130
414	130
437	130
477	130
482	130
484	130
533	130
557	130
567	130
591	130
592	130
598	130
602	130
606	130
628	130
633	130
637	130
644	130
666	130
686	130
696	130
718	130
744	130
762	130
765	130
769	130
772	130
777	130
786	130
810	130
647	131
224	135
267	135
269	135
327	135
346	135
439	135
482	135
490	135
616	135
635	135
645	135
675	135
766	135
779	135
786	135
169	137
323	137
455	137
462	137
474	137
522	137
556	137
578	137
657	137
719	137
276	138
328	143
332	143
603	143
787	143
529	144
414	145
606	145
172	146
173	146
275	146
300	146
322	146
336	146
454	146
631	146
639	146
668	146
673	146
219	147
288	147
536	147
771	147
784	147
583	151
290	152
223	154
253	154
664	154
417	156
428	156
529	156
629	159
707	161
310	166
461	166
516	166
583	166
651	166
345	168
347	168
758	168
323	169
455	169
462	169
474	169
522	169
556	169
578	169
657	169
719	169
173	172
275	172
300	172
322	172
336	172
454	172
639	172
668	172
673	172
275	173
300	173
322	173
336	173
454	173
639	173
668	173
673	173
778	174
183	177
190	177
215	177
248	177
249	177
269	177
301	177
335	177
414	177
482	177
484	177
528	177
567	177
598	177
606	177
628	177
633	177
666	177
685	177
696	177
733	177
772	177
786	177
272	182
780	182
802	182
190	183
248	183
269	183
273	183
301	183
335	183
340	183
414	183
482	183
528	183
567	183
598	183
606	183
628	183
644	183
696	183
772	183
786	183
727	184
796	184
260	185
217	186
308	186
309	186
362	186
371	186
401	186
407	186
437	186
477	186
507	186
541	186
591	186
630	186
637	186
718	186
769	186
809	186
810	186
215	190
248	190
249	190
269	190
301	190
335	190
338	190
340	190
414	190
437	190
482	190
484	190
530	190
539	190
567	190
592	190
598	190
606	190
626	190
628	190
633	190
635	190
644	190
666	190
686	190
690	190
696	190
765	190
766	190
777	190
779	190
786	190
701	194
497	196
502	198
570	198
642	198
221	201
343	201
437	205
786	205
423	209
465	211
796	211
275	214
248	215
249	215
269	215
301	215
335	215
340	215
414	215
437	215
482	215
484	215
528	215
567	215
592	215
598	215
606	215
628	215
633	215
644	215
666	215
686	215
696	215
733	215
765	215
777	215
786	215
308	217
309	217
362	217
371	217
407	217
477	217
507	217
541	217
591	217
637	217
769	217
809	217
810	217
771	219
784	219
527	221
531	221
815	221
664	223
327	224
439	224
489	224
525	224
582	224
616	224
635	224
675	224
766	224
309	225
409	227
566	231
260	233
272	233
313	233
252	238
386	238
579	243
672	243
276	246
269	248
273	248
301	248
335	248
340	248
414	248
437	248
482	248
484	248
528	248
530	248
533	248
567	248
592	248
598	248
606	248
628	248
633	248
644	248
666	248
667	248
686	248
696	248
727	248
765	248
773	248
777	248
786	248
269	249
301	249
414	249
445	249
484	249
598	249
606	249
633	249
686	249
696	249
276	250
460	250
463	250
532	250
575	250
579	250
588	250
664	253
313	260
496	260
289	262
732	262
771	262
819	262
482	267
598	267
273	269
301	269
335	269
338	269
340	269
346	269
414	269
437	269
482	269
484	269
525	269
528	269
529	269
539	269
567	269
592	269
598	269
606	269
628	269
633	269
635	269
644	269
666	269
667	269
686	269
696	269
765	269
766	269
777	269
786	269
312	272
437	272
591	272
637	272
744	272
772	272
802	272
301	273
335	273
414	273
567	273
606	273
644	273
686	273
300	275
322	275
336	275
454	275
639	275
668	275
673	275
727	275
460	276
513	277
658	277
482	287
707	287
536	288
638	288
784	288
794	288
732	289
771	289
819	289
799	290
746	291
322	300
336	300
454	300
639	300
668	300
673	300
335	301
338	301
340	301
414	301
437	301
482	301
484	301
528	301
533	301
567	301
592	301
598	301
606	301
626	301
628	301
633	301
637	301
644	301
666	301
686	301
696	301
726	301
727	301
733	301
765	301
766	301
772	301
773	301
777	301
786	301
409	303
780	303
362	308
371	308
407	308
477	308
507	308
591	308
637	308
769	308
810	308
362	309
477	309
541	309
598	309
637	309
676	309
769	309
810	309
340	310
461	310
516	310
583	310
651	310
411	313
727	313
351	319
683	319
764	320
336	322
454	322
639	322
668	322
673	322
455	323
462	323
474	323
522	323
556	323
657	323
497	326
439	327
490	327
616	327
635	327
645	327
675	327
766	327
345	328
603	328
787	328
396	329
559	330
603	332
614	333
405	334
340	335
414	335
482	335
528	335
567	335
592	335
598	335
606	335
628	335
644	335
686	335
696	335
765	335
777	335
786	335
454	336
639	336
668	336
673	336
727	336
458	337
528	338
567	338
602	338
606	338
644	338
686	338
726	338
414	340
437	340
461	340
482	340
484	340
567	340
592	340
598	340
606	340
628	340
644	340
696	340
765	340
777	340
497	343
347	345
758	345
439	346
482	346
490	346
582	346
606	346
616	346
626	346
635	346
645	346
690	346
696	346
728	346
739	346
759	346
766	346
772	346
779	346
758	347
683	351
439	352
490	352
645	352
675	352
766	352
484	354
496	354
732	360
747	360
819	360
371	362
401	362
407	362
437	362
477	362
507	362
541	362
591	362
630	362
637	362
718	362
769	362
809	362
810	362
407	371
477	371
769	371
809	371
810	371
639	378
452	395
641	395
729	395
732	395
806	395
819	395
821	395
407	401
507	401
541	401
701	402
477	407
507	407
541	407
591	407
637	407
769	407
809	407
810	407
775	408
482	414
484	414
528	414
567	414
592	414
598	414
606	414
628	414
633	414
644	414
666	414
667	414
686	414
696	414
727	414
733	414
765	414
777	414
786	414
428	417
559	418
471	420
688	421
425	422
656	427
732	427
747	427
748	427
806	427
819	427
482	437
484	437
496	437
533	437
567	437
591	437
606	437
628	437
637	437
644	437
696	437
727	437
762	437
765	437
772	437
777	437
810	437
482	439
539	439
582	439
616	439
626	439
635	439
645	439
675	439
690	439
728	439
739	439
766	439
772	439
777	439
779	439
786	439
725	446
510	449
644	451
641	452
729	452
732	452
806	452
819	452
821	452
639	454
668	454
673	454
727	454
462	455
474	455
522	455
556	455
578	455
657	455
532	460
579	460
588	460
516	461
583	461
651	461
474	462
522	462
556	462
578	462
657	462
532	463
575	463
579	463
588	463
569	469
712	469
522	474
556	474
578	474
657	474
719	474
813	475
507	477
541	477
637	477
769	477
809	477
810	477
484	482
567	482
592	482
598	482
606	482
616	482
626	482
628	482
637	482
644	482
666	482
690	482
696	482
728	482
739	482
759	482
765	482
766	482
772	482
777	482
779	482
786	482
528	484
567	484
598	484
606	484
616	484
628	484
633	484
637	484
644	484
666	484
686	484
690	484
696	484
727	484
728	484
765	484
766	484
772	484
777	484
525	489
675	489
696	489
766	489
497	490
616	490
645	490
675	490
766	490
614	496
570	502
642	502
699	506
541	507
591	507
630	507
637	507
769	507
809	507
810	507
715	510
772	510
658	513
583	516
651	516
528	517
556	522
578	522
657	522
675	525
696	525
766	525
786	525
531	527
567	528
598	528
606	528
628	528
637	528
644	528
666	528
685	528
696	528
765	528
786	528
598	530
755	531
575	532
579	532
588	532
557	533
598	533
786	533
696	539
637	541
769	541
809	541
810	541
657	552
727	555
578	556
657	556
700	565
709	565
592	567
598	567
606	567
616	567
626	567
628	567
633	567
644	567
666	567
686	567
696	567
727	567
733	567
765	567
766	567
773	567
777	567
786	567
712	569
642	570
579	575
588	575
657	578
719	578
588	579
672	579
771	579
616	582
626	582
635	582
690	582
696	582
728	582
739	582
759	582
766	582
779	582
630	591
637	591
680	591
769	591
809	591
810	591
598	592
606	592
628	592
644	592
666	592
696	592
727	592
765	592
773	592
777	592
786	592
606	598
628	598
633	598
637	598
644	598
666	598
667	598
686	598
696	598
777	598
644	602
787	603
616	606
628	606
633	606
644	606
666	606
667	606
686	606
690	606
696	606
727	606
728	606
733	606
765	606
766	606
772	606
777	606
786	606
626	616
635	616
645	616
675	616
690	616
696	616
728	616
739	616
759	616
766	616
772	616
779	616
786	616
635	626
690	626
696	626
728	626
739	626
759	626
766	626
772	626
777	626
779	626
633	628
644	628
666	628
685	628
686	628
696	628
727	628
765	628
773	628
777	628
786	628
769	630
809	630
810	630
644	633
666	633
686	633
696	633
765	633
774	633
800	633
645	635
690	635
696	635
728	635
739	635
766	635
779	635
644	637
744	637
762	637
765	637
769	637
777	637
809	637
810	637
794	638
668	639
729	641
732	641
806	641
819	641
821	641
666	644
686	644
696	644
765	644
772	644
777	644
675	645
766	645
732	656
747	656
748	656
806	656
819	656
719	657
693	665
731	665
696	666
727	666
728	666
765	666
772	666
786	666
673	668
727	668
794	671
771	672
696	675
766	675
772	675
786	675
696	685
696	686
765	686
696	690
728	690
739	690
759	690
766	690
772	690
777	690
779	690
731	693
728	696
759	696
765	696
766	696
772	696
773	696
777	696
779	696
786	696
800	696
709	700
769	718
762	727
765	727
786	727
796	727
739	728
759	728
766	728
772	728
779	728
732	729
806	729
819	729
821	729
747	732
748	732
771	732
806	732
819	732
821	732
759	739
766	739
772	739
777	739
779	739
769	744
809	744
748	747
806	747
819	747
806	748
819	748
766	759
777	759
779	759
777	765
772	766
777	766
779	766
786	766
809	769
810	769
784	771
819	771
777	772
779	772
786	772
786	773
779	777
802	780
819	806
821	806
810	809
821	819
