0	374
0	391
0	569
1	313
4	50
5	20
5	710
5	724
6	441
6	858
7	37
7	98
7	148
7	202
7	204
7	215
7	274
7	289
7	468
7	490
7	492
7	538
7	673
7	705
7	820
7	874
12	57
12	68
12	400
12	497
13	732
14	334
14	418
14	490
14	604
14	620
14	622
14	667
15	620
16	315
16	625
18	29
18	58
18	65
18	78
18	98
18	133
18	144
18	182
18	187
18	207
18	335
18	345
18	415
18	525
18	548
18	557
18	560
18	592
18	599
18	651
18	662
18	698
18	822
18	856
18	887
18	888
19	62
19	770
20	710
20	724
21	819
22	117
22	195
22	249
22	257
22	336
22	408
22	606
23	37
23	59
23	83
23	114
23	136
23	144
23	196
23	211
23	237
23	274
23	282
23	283
23	295
23	301
23	334
23	375
23	381
23	434
23	463
23	490
23	513
23	538
23	540
23	589
23	609
23	610
23	622
23	667
23	685
23	705
23	761
23	836
23	861
24	693
26	89
26	152
26	170
26	181
26	186
26	209
26	360
26	449
26	511
26	518
26	531
26	616
26	638
26	657
26	678
26	718
27	900
28	707
29	37
29	58
29	65
29	76
29	78
29	83
29	98
29	114
29	144
29	187
29	202
29	207
29	211
29	237
29	274
29	289
29	295
29	300
29	325
29	334
29	335
29	345
29	375
29	378
29	381
29	463
29	468
29	490
29	492
29	513
29	538
29	540
29	548
29	557
29	560
29	587
29	609
29	610
29	622
29	650
29	651
29	662
29	667
29	698
29	705
29	761
29	820
29	822
29	836
29	843
29	888
35	222
35	484
37	51
37	58
37	59
37	83
37	114
37	136
37	196
37	202
37	211
37	215
37	237
37	274
37	282
37	283
37	295
37	334
37	375
37	381
37	434
37	463
37	468
37	490
37	492
37	513
37	529
37	538
37	540
37	609
37	610
37	622
37	667
37	685
37	695
37	698
37	705
37	755
37	760
37	761
37	822
37	836
37	861
40	532
40	623
40	721
40	891
41	257
41	408
41	537
43	367
43	371
43	398
43	661
43	862
44	211
44	274
44	383
44	587
45	727
45	758
45	785
45	799
49	502
51	98
51	142
51	215
51	289
51	334
51	388
51	492
51	533
51	538
51	540
51	642
51	662
51	676
51	751
51	808
51	843
51	854
51	861
52	860
53	66
53	140
53	163
53	235
53	303
53	333
53	350
53	358
53	376
53	487
53	493
53	510
53	688
53	700
53	730
53	795
53	823
53	840
54	141
54	288
54	320
54	327
54	744
54	797
54	800
54	818
54	842
54	866
54	884
54	897
54	899
57	497
58	65
58	76
58	83
58	98
58	114
58	144
58	196
58	202
58	207
58	211
58	237
58	282
58	283
58	295
58	331
58	334
58	335
58	357
58	378
58	434
58	468
58	490
58	492
58	513
58	538
58	540
58	557
58	560
58	571
58	587
58	592
58	609
58	620
58	622
58	650
58	667
58	685
58	698
58	705
58	761
58	795
58	822
58	833
58	836
58	843
59	83
59	114
59	202
59	211
59	237
59	274
59	282
59	295
59	301
59	334
59	375
59	381
59	463
59	490
59	513
59	609
59	610
59	667
59	685
59	705
59	761
60	631
62	491
62	770
65	98
65	144
65	207
65	345
65	492
65	507
65	557
65	651
65	698
65	705
65	822
65	856
65	888
66	140
66	163
66	303
66	333
66	350
66	358
66	376
66	487
66	493
66	510
66	700
66	730
66	823
66	840
68	400
68	497
70	152
70	170
70	181
70	186
70	638
70	657
70	678
70	718
73	413
74	217
75	335
76	98
76	114
76	286
76	300
76	349
76	468
76	492
76	620
76	663
76	763
76	843
77	297
77	512
77	533
77	676
77	837
77	854
78	98
78	133
78	182
78	345
78	492
78	557
78	560
78	651
78	662
78	698
78	856
78	888
79	399
79	483
79	582
80	225
81	276
81	432
81	519
81	583
81	591
81	635
81	648
83	98
83	114
83	144
83	196
83	202
83	211
83	237
83	274
83	282
83	283
83	289
83	295
83	301
83	334
83	375
83	378
83	381
83	434
83	463
83	468
83	490
83	513
83	538
83	540
83	587
83	609
83	610
83	622
83	652
83	667
83	685
83	698
83	705
83	761
83	795
83	801
83	836
83	861
88	859
89	152
89	170
89	181
89	186
89	209
89	360
89	449
89	511
89	518
89	531
89	616
89	638
89	657
89	678
89	718
92	185
92	387
92	389
92	828
95	241
95	543
95	842
95	859
96	259
98	114
98	142
98	144
98	182
98	187
98	207
98	215
98	282
98	300
98	334
98	335
98	345
98	434
98	468
98	492
98	525
98	533
98	538
98	540
98	548
98	557
98	560
98	599
98	622
98	651
98	662
98	673
98	685
98	698
98	755
98	796
98	814
98	822
98	843
98	856
98	887
98	888
102	453
104	550
106	277
106	455
107	116
107	349
107	505
107	632
107	722
108	556
112	196
114	144
114	196
114	202
114	211
114	237
114	248
114	274
114	282
114	283
114	289
114	295
114	300
114	301
114	323
114	334
114	375
114	378
114	381
114	434
114	463
114	468
114	490
114	492
114	513
114	538
114	540
114	587
114	609
114	610
114	622
114	652
114	663
114	667
114	685
114	705
114	761
114	795
114	833
114	843
114	861
115	154
115	621
115	677
116	505
116	632
117	195
117	257
117	336
117	408
120	355
120	392
120	713
120	747
120	898
121	290
121	294
125	245
125	821
129	732
136	196
136	202
136	211
136	215
136	237
136	274
136	295
136	334
136	381
136	434
136	463
136	490
136	492
136	513
136	529
136	538
136	540
136	587
136	609
136	610
136	622
136	667
136	685
136	705
136	751
136	760
136	761
136	836
137	452
137	766
139	233
139	299
140	163
140	235
140	303
140	333
140	350
140	358
140	376
140	487
140	510
140	700
140	730
140	795
140	823
140	840
141	797
141	800
141	899
142	147
142	215
142	258
142	289
142	297
142	338
142	388
142	434
142	512
142	529
142	533
142	536
142	538
142	540
142	642
142	662
142	676
142	751
142	755
142	796
142	808
142	822
142	837
142	843
142	854
144	196
144	202
144	207
144	211
144	237
144	274
144	282
144	295
144	300
144	325
144	334
144	335
144	345
144	375
144	378
144	434
144	463
144	468
144	490
144	492
144	513
144	538
144	540
144	548
144	557
144	560
144	571
144	592
144	604
144	609
144	610
144	617
144	622
144	650
144	651
144	652
144	663
144	667
144	685
144	698
144	705
144	761
144	814
144	822
144	833
144	836
144	843
144	856
144	861
144	888
144	898
147	215
147	258
147	297
147	334
147	388
147	529
147	533
147	536
147	642
147	676
147	755
147	796
147	808
147	854
147	867
148	673
148	874
152	170
152	181
152	186
152	209
152	360
152	449
152	511
152	518
152	531
152	616
152	638
152	657
152	678
152	718
153	722
154	621
154	677
163	303
163	333
163	350
163	358
163	376
163	487
163	510
163	688
163	700
163	730
163	823
163	840
165	287
168	285
168	418
168	803
169	321
170	181
170	186
170	209
170	360
170	449
170	511
170	518
170	531
170	616
170	638
170	657
170	678
170	718
173	224
173	466
173	482
173	831
178	772
180	679
180	896
181	186
181	209
181	360
181	449
181	511
181	518
181	531
181	616
181	638
181	657
181	678
181	718
182	345
182	492
182	525
182	557
182	698
182	741
182	856
182	888
183	346
183	497
183	883
185	387
185	389
185	828
186	209
186	360
186	449
186	511
186	518
186	531
186	616
186	638
186	657
186	678
186	718
187	198
187	207
187	227
187	335
187	415
187	525
187	548
187	557
187	560
187	599
187	651
187	698
187	856
187	887
187	888
188	273
192	853
194	345
194	741
195	249
195	257
195	336
195	408
196	202
196	211
196	237
196	274
196	282
196	289
196	295
196	334
196	375
196	434
196	463
196	468
196	490
196	513
196	538
196	540
196	587
196	609
196	610
196	622
196	667
196	685
196	749
196	761
196	801
196	843
196	861
197	354
198	227
198	415
201	257
201	300
201	408
201	537
202	211
202	274
202	282
202	289
202	295
202	301
202	334
202	375
202	381
202	383
202	434
202	463
202	468
202	490
202	513
202	538
202	587
202	609
202	610
202	622
202	667
202	685
202	705
202	761
202	843
202	861
204	673
204	795
204	820
204	874
205	286
207	335
207	345
207	415
207	492
207	525
207	548
207	557
207	560
207	599
207	651
207	698
207	856
207	887
207	888
209	360
209	449
209	511
209	518
209	531
209	616
209	638
209	678
209	718
211	215
211	237
211	274
211	282
211	283
211	289
211	295
211	334
211	375
211	378
211	381
211	434
211	463
211	468
211	490
211	492
211	513
211	529
211	538
211	540
211	589
211	597
211	609
211	610
211	622
211	652
211	667
211	685
211	695
211	705
211	755
211	761
211	836
211	837
211	854
211	861
213	710
214	766
215	258
215	282
215	289
215	297
215	388
215	434
215	492
215	529
215	533
215	536
215	538
215	540
215	560
215	611
215	642
215	662
215	667
215	676
215	755
215	761
215	796
215	808
215	822
215	837
215	843
215	854
215	867
216	555
219	464
219	561
219	703
220	767
222	385
222	484
224	466
224	482
224	831
226	282
226	383
226	492
226	622
226	861
227	415
230	647
232	332
232	521
232	564
232	673
232	807
232	860
232	874
233	299
234	264
235	303
235	840
237	274
237	282
237	289
237	295
237	334
237	375
237	381
237	434
237	463
237	468
237	490
237	492
237	513
237	538
237	540
237	587
237	609
237	610
237	622
237	652
237	667
237	685
237	705
237	761
237	801
237	836
237	861
240	317
240	498
240	570
241	543
241	842
241	859
242	448
242	640
246	366
246	416
246	529
246	584
246	642
246	676
246	740
246	837
246	867
248	605
249	408
250	371
253	342
253	681
254	280
254	421
254	774
255	286
255	300
255	349
255	763
256	433
257	300
257	321
257	336
257	408
257	537
257	790
258	267
258	297
258	338
258	388
258	416
258	512
258	533
258	536
258	611
258	642
258	676
258	755
258	761
258	796
258	808
258	837
258	843
258	854
258	867
261	431
263	561
267	388
267	533
267	538
267	676
267	837
267	867
273	573
274	282
274	283
274	289
274	295
274	301
274	334
274	375
274	381
274	383
274	434
274	463
274	468
274	490
274	492
274	513
274	538
274	540
274	587
274	589
274	592
274	609
274	610
274	622
274	652
274	667
274	685
274	705
274	760
274	761
274	795
274	836
274	861
276	432
276	516
276	519
276	583
276	591
276	635
276	648
280	335
280	421
280	600
280	625
280	765
280	774
282	283
282	289
282	295
282	323
282	334
282	338
282	375
282	381
282	383
282	388
282	434
282	463
282	468
282	490
282	513
282	538
282	540
282	584
282	592
282	609
282	610
282	622
282	652
282	667
282	676
282	685
282	698
282	755
282	761
282	795
282	837
282	861
282	867
283	289
283	295
283	334
283	357
283	381
283	463
283	490
283	513
283	609
283	622
283	667
283	685
283	761
283	861
285	803
286	349
286	437
286	468
286	763
288	320
288	327
288	744
288	800
288	842
288	897
289	295
289	297
289	334
289	338
289	375
289	381
289	434
289	463
289	468
289	490
289	492
289	513
289	529
289	538
289	540
289	604
289	609
289	610
289	620
289	622
289	652
289	667
289	685
289	698
289	705
289	751
289	760
289	761
289	796
289	837
289	861
290	294
291	580
292	305
292	572
292	719
293	411
293	538
295	301
295	334
295	375
295	378
295	381
295	383
295	388
295	434
295	463
295	468
295	490
295	492
295	512
295	513
295	529
295	538
295	540
295	584
295	587
295	597
295	609
295	610
295	622
295	652
295	667
295	685
295	705
295	761
295	822
295	836
295	837
295	861
297	338
297	388
297	416
297	512
297	533
297	536
297	642
297	676
297	755
297	761
297	796
297	808
297	837
297	843
297	854
297	867
300	348
300	408
300	468
300	492
300	537
300	560
300	651
300	698
300	814
300	843
301	334
301	375
301	463
301	490
301	513
301	609
301	667
301	705
303	333
303	350
303	358
303	376
303	487
303	493
303	510
303	700
303	730
303	795
303	823
303	840
305	572
305	719
313	769
317	370
317	866
318	538
318	772
319	699
319	859
319	869
320	327
320	744
320	800
320	842
320	897
321	408
321	877
323	463
323	490
323	513
323	761
327	744
327	897
331	822
332	521
332	807
332	860
333	350
333	358
333	376
333	487
333	493
333	510
333	700
333	730
333	823
333	840
334	375
334	378
334	381
334	434
334	463
334	468
334	490
334	492
334	513
334	529
334	538
334	540
334	587
334	592
334	604
334	609
334	610
334	622
334	652
334	667
334	685
334	695
334	698
334	705
334	761
334	794
334	795
334	801
334	836
334	837
334	843
334	861
335	421
335	492
335	548
335	557
335	560
335	567
335	599
335	651
335	662
335	698
335	774
335	822
335	856
335	888
336	408
338	366
338	388
338	416
338	529
338	533
338	538
338	540
338	642
338	676
338	740
338	755
338	761
338	796
338	808
338	837
338	843
338	854
338	861
338	867
342	681
345	525
345	548
345	557
345	599
345	698
345	741
345	856
345	888
346	381
346	497
346	610
346	792
346	883
349	468
349	763
349	795
350	376
350	423
350	487
350	510
350	700
350	730
350	823
350	840
354	593
355	392
355	713
355	747
356	835
357	542
358	376
358	487
358	493
358	510
358	700
358	730
358	840
360	449
360	511
360	518
360	531
360	616
360	657
360	678
360	718
364	690
365	555
366	416
366	676
366	740
366	837
366	867
367	387
367	398
367	661
367	862
368	446
368	850
369	524
371	636
374	391
374	454
374	898
375	381
375	434
375	463
375	468
375	490
375	513
375	538
375	587
375	609
375	610
375	622
375	652
375	667
375	685
375	705
375	761
375	836
375	861
376	487
376	510
376	700
376	730
376	795
376	823
376	840
377	514
378	468
378	490
378	513
378	587
378	663
378	667
378	705
378	794
381	434
381	463
381	468
381	490
381	492
381	513
381	538
381	540
381	609
381	610
381	622
381	652
381	667
381	685
381	705
381	761
381	836
383	388
383	492
383	513
383	538
383	592
383	685
383	740
383	761
383	837
383	861
383	898
385	484
385	555
386	553
387	389
387	828
388	416
388	512
388	529
388	533
388	536
388	538
388	611
388	642
388	662
388	667
388	676
388	751
388	755
388	761
388	796
388	808
388	822
388	837
388	843
388	854
388	867
389	828
391	569
391	709
392	713
392	747
393	416
393	740
393	837
398	862
398	869
399	483
399	582
400	497
404	800
404	866
404	897
408	537
408	790
412	563
413	645
414	695
415	548
415	557
415	560
415	856
415	887
415	888
416	529
416	533
416	536
416	642
416	676
416	740
416	755
416	761
416	796
416	808
416	837
416	854
416	867
418	604
418	620
418	652
418	803
421	504
421	600
421	625
421	765
421	774
423	700
428	784
429	465
430	515
432	516
432	519
432	583
432	591
432	635
432	648
434	463
434	468
434	490
434	492
434	513
434	538
434	540
434	560
434	587
434	609
434	610
434	617
434	622
434	652
434	667
434	685
434	698
434	705
434	751
434	755
434	760
434	761
434	795
434	796
434	843
434	861
441	858
446	850
449	511
449	518
449	531
449	616
449	638
449	657
449	678
449	718
452	766
454	490
454	650
459	684
463	468
463	490
463	513
463	538
463	540
463	587
463	609
463	610
463	622
463	652
463	667
463	685
463	705
463	761
463	795
463	801
463	836
463	861
464	561
464	703
466	482
466	831
467	524
468	490
468	492
468	513
468	538
468	540
468	560
468	587
468	609
468	610
468	615
468	622
468	650
468	663
468	667
468	685
468	705
468	761
468	763
468	795
468	833
468	843
471	528
474	478
482	831
483	582
487	510
487	688
487	700
487	730
487	795
487	823
487	840
490	492
490	513
490	538
490	540
490	560
490	587
490	609
490	610
490	622
490	650
490	652
490	663
490	667
490	685
490	698
490	705
490	761
490	795
490	836
490	843
490	898
491	770
492	538
492	540
492	557
492	560
492	592
492	609
492	620
492	622
492	650
492	651
492	662
492	667
492	685
492	698
492	705
492	760
492	761
492	795
492	822
492	833
492	836
492	843
492	856
492	888
493	823
493	840
497	610
497	792
497	883
501	793
504	614
504	774
505	632
507	705
510	700
510	730
510	795
510	823
510	840
511	518
511	531
511	616
511	638
511	657
511	678
511	718
512	529
512	533
512	538
512	540
512	559
512	642
512	676
512	755
512	761
512	796
512	808
512	837
512	843
512	854
513	538
513	540
513	587
513	597
513	609
513	610
513	615
513	622
513	652
513	667
513	685
513	698
513	705
513	761
513	861
516	591
516	648
518	531
518	616
518	638
518	657
518	678
518	718
519	583
519	591
519	635
519	648
521	807
521	860
525	548
525	557
525	560
525	599
525	651
525	698
525	888
526	780
529	533
529	538
529	540
529	676
529	740
529	755
529	761
529	796
529	837
529	843
529	867
531	616
531	638
531	657
531	678
531	718
532	623
532	721
532	891
533	536
533	538
533	642
533	662
533	676
533	755
533	761
533	796
533	808
533	837
533	843
533	854
533	867
536	611
536	642
536	667
536	676
536	755
536	796
536	808
536	837
536	854
538	540
538	559
538	604
538	609
538	610
538	622
538	652
538	667
538	676
538	685
538	695
538	698
538	705
538	751
538	755
538	760
538	761
538	796
538	808
538	822
538	836
538	837
538	843
538	854
538	861
538	867
540	559
540	587
540	604
540	610
540	622
540	662
540	667
540	676
540	685
540	698
540	705
540	751
540	755
540	760
540	761
540	795
540	796
540	836
540	837
540	843
543	842
543	859
548	557
548	560
548	599
548	651
548	698
548	822
548	856
548	885
548	887
548	888
557	560
557	599
557	651
557	698
557	814
557	822
557	856
557	887
557	888
559	751
559	755
559	843
560	599
560	610
560	651
560	662
560	698
560	814
560	822
560	856
560	887
560	888
561	703
569	756
569	843
570	690
572	719
583	591
583	635
583	648
584	740
584	761
584	837
584	861
585	665
587	609
587	610
587	622
587	667
587	685
587	698
587	705
587	749
587	761
587	836
587	861
591	635
591	648
592	617
592	650
592	763
592	773
592	861
597	609
597	761
598	774
599	698
599	856
599	887
599	888
600	765
600	774
604	620
604	705
604	843
609	610
609	622
609	667
609	685
609	705
609	761
609	836
610	622
610	652
610	667
610	685
610	698
610	705
610	751
610	761
610	836
610	843
610	861
611	628
611	642
611	667
611	755
611	761
611	796
611	837
611	843
611	854
612	657
612	718
615	622
615	795
616	638
616	657
616	678
616	718
620	763
621	677
622	652
622	667
622	685
622	698
622	705
622	760
622	761
622	795
622	822
622	836
622	861
623	721
623	891
625	765
625	774
633	669
635	648
638	657
638	678
638	718
641	723
642	662
642	676
642	755
642	761
642	796
642	808
642	837
642	854
642	867
644	668
644	733
644	743
644	869
645	727
645	758
646	756
650	898
651	662
651	698
651	822
651	856
651	887
651	888
652	667
652	685
652	705
652	761
652	795
652	836
652	861
657	678
657	718
661	862
662	698
662	751
662	755
662	796
662	808
662	822
663	705
667	676
667	685
667	705
667	751
667	755
667	761
667	795
667	796
667	801
667	836
667	837
667	843
667	861
668	733
668	743
673	795
673	820
673	874
676	740
676	751
676	755
676	761
676	796
676	808
676	837
676	843
676	854
676	861
676	867
678	718
678	795
679	896
682	834
685	705
685	749
685	760
685	761
685	795
685	836
685	861
695	761
698	705
698	814
698	822
698	833
698	836
698	856
698	887
698	888
699	869
700	730
700	823
700	840
705	761
705	836
705	843
710	724
713	747
721	891
727	758
727	785
727	799
730	795
730	823
730	840
733	743
733	869
735	842
740	761
740	837
740	843
740	861
740	867
743	869
744	800
744	842
744	897
749	761
751	755
751	761
751	796
751	808
751	822
751	843
755	761
755	796
755	808
755	822
755	837
755	843
755	854
758	785
758	799
760	761
760	796
761	796
761	836
761	837
761	843
761	854
761	861
761	867
761	878
763	809
765	774
784	859
795	820
795	833
795	836
795	840
795	861
795	874
796	808
796	837
796	843
796	854
796	867
797	800
797	884
797	897
797	899
800	818
800	842
800	866
800	884
800	897
800	899
807	860
808	837
808	843
808	854
814	887
818	866
818	884
818	897
820	874
822	843
822	856
822	888
823	840
837	843
837	854
837	861
837	867
842	859
842	897
843	854
843	861
843	867
854	867
856	885
856	887
856	888
861	867
866	884
866	897
884	897
884	899
887	888
897	899
374	0
391	0
569	0
313	1
50	4
20	5
710	5
724	5
441	6
858	6
37	7
98	7
148	7
202	7
204	7
215	7
274	7
289	7
468	7
490	7
492	7
538	7
673	7
705	7
820	7
874	7
57	12
68	12
400	12
497	12
732	13
334	14
418	14
490	14
604	14
620	14
622	14
667	14
620	15
315	16
625	16
29	18
58	18
65	18
78	18
98	18
133	18
144	18
182	18
187	18
207	18
335	18
345	18
415	18
525	18
548	18
557	18
560	18
592	18
599	18
651	18
662	18
698	18
822	18
856	18
887	18
888	18
62	19
770	19
710	20
724	20
819	21
117	22
195	22
249	22
257	22
336	22
408	22
606	22
37	23
59	23
83	23
114	23
136	23
144	23
196	23
211	23
237	23
274	23
282	23
283	23
295	23
301	23
334	23
375	23
381	23
434	23
463	23
490	23
513	23
538	23
540	23
589	23
609	23
610	23
622	23
667	23
685	23
705	23
761	23
836	23
861	23
693	24
89	26
152	26
170	26
181	26
186	26
209	26
360	26
449	26
511	26
518	26
531	26
616	26
638	26
657	26
678	26
718	26
900	27
707	28
37	29
58	29
65	29
76	29
78	29
83	29
98	29
114	29
144	29
187	29
202	29
207	29
211	29
237	29
274	29
289	29
295	29
300	29
325	29
334	29
335	29
345	29
375	29
378	29
381	29
463	29
468	29
490	29
492	29
513	29
538	29
540	29
548	29
557	29
560	29
587	29
609	29
610	29
622	29
650	29
651	29
662	29
667	29
698	29
705	29
761	29
820	29
822	29
836	29
843	29
888	29
222	35
484	35
51	37
58	37
59	37
83	37
114	37
136	37
196	37
202	37
211	37
215	37
237	37
274	37
282	37
283	37
295	37
334	37
375	37
381	37
434	37
463	37
468	37
490	37
492	37
513	37
529	37
538	37
540	37
609	37
610	37
622	37
667	37
685	37
695	37
698	37
705	37
755	37
760	37
761	37
822	37
836	37
861	37
532	40
623	40
721	40
891	40
257	41
408	41
537	41
367	43
371	43
398	43
661	43
862	43
211	44
274	44
383	44
587	44
727	45
758	45
785	45
799	45
502	49
98	51
142	51
215	51
289	51
334	51
388	51
492	51
533	51
538	51
540	51
642	51
662	51
676	51
751	51
808	51
843	51
854	51
861	51
860	52
66	53
140	53
163	53
235	53
303	53
333	53
350	53
358	53
376	53
487	53
493	53
510	53
688	53
700	53
730	53
795	53
823	53
840	53
141	54
288	54
320	54
327	54
744	54
797	54
800	54
818	54
842	54
866	54
884	54
897	54
899	54
497	57
65	58
76	58
83	58
98	58
114	58
144	58
196	58
202	58
207	58
211	58
237	58
282	58
283	58
295	58
331	58
334	58
335	58
357	58
378	58
434	58
468	58
490	58
492	58
513	58
538	58
540	58
557	58
560	58
571	58
587	58
592	58
609	58
620	58
622	58
650	58
667	58
685	58
698	58
705	58
761	58
795	58
822	58
833	58
836	58
843	58
83	59
114	59
202	59
211	59
237	59
274	59
282	59
295	59
301	59
334	59
375	59
381	59
463	59
490	59
513	59
609	59
610	59
667	59
685	59
705	59
761	59
631	60
491	62
770	62
98	65
144	65
207	65
345	65
492	65
507	65
557	65
651	65
698	65
705	65
822	65
856	65
888	65
140	66
163	66
303	66
333	66
350	66
358	66
376	66
487	66
493	66
510	66
700	66
730	66
823	66
840	66
400	68
497	68
152	70
170	70
181	70
186	70
638	70
657	70
678	70
718	70
413	73
217	74
335	75
98	76
114	76
286	76
300	76
349	76
468	76
492	76
620	76
663	76
763	76
843	76
297	77
512	77
533	77
676	77
837	77
854	77
98	78
133	78
182	78
345	78
492	78
557	78
560	78
651	78
662	78
698	78
856	78
888	78
399	79
483	79
582	79
225	80
276	81
432	81
519	81
583	81
591	81
635	81
648	81
98	83
114	83
144	83
196	83
202	83
211	83
237	83
274	83
282	83
283	83
289	83
295	83
301	83
334	83
375	83
378	83
381	83
434	83
463	83
468	83
490	83
513	83
538	83
540	83
587	83
609	83
610	83
622	83
652	83
667	83
685	83
698	83
705	83
761	83
795	83
801	83
836	83
861	83
859	88
152	89
170	89
181	89
186	89
209	89
360	89
449	89
511	89
518	89
531	89
616	89
638	89
657	89
678	89
718	89
185	92
387	92
389	92
828	92
241	95
543	95
842	95
859	95
259	96
114	98
142	98
144	98
182	98
187	98
207	98
215	98
282	98
300	98
334	98
335	98
345	98
434	98
468	98
492	98
525	98
533	98
538	98
540	98
548	98
557	98
560	98
599	98
622	98
651	98
662	98
673	98
685	98
698	98
755	98
796	98
814	98
822	98
843	98
856	98
887	98
888	98
453	102
550	104
277	106
455	106
116	107
349	107
505	107
632	107
722	107
556	108
196	112
144	114
196	114
202	114
211	114
237	114
248	114
274	114
282	114
283	114
289	114
295	114
300	114
301	114
323	114
334	114
375	114
378	114
381	114
434	114
463	114
468	114
490	114
492	114
513	114
538	114
540	114
587	114
609	114
610	114
622	114
652	114
663	114
667	114
685	114
705	114
761	114
795	114
833	114
843	114
861	114
154	115
621	115
677	115
505	116
632	116
195	117
257	117
336	117
408	117
355	120
392	120
713	120
747	120
898	120
290	121
294	121
245	125
821	125
732	129
196	136
202	136
211	136
215	136
237	136
274	136
295	136
334	136
381	136
434	136
463	136
490	136
492	136
513	136
529	136
538	136
540	136
587	136
609	136
610	136
622	136
667	136
685	136
705	136
751	136
760	136
761	136
836	136
452	137
766	137
233	139
299	139
163	140
235	140
303	140
333	140
350	140
358	140
376	140
487	140
510	140
700	140
730	140
795	140
823	140
840	140
797	141
800	141
899	141
147	142
215	142
258	142
289	142
297	142
338	142
388	142
434	142
512	142
529	142
533	142
536	142
538	142
540	142
642	142
662	142
676	142
751	142
755	142
796	142
808	142
822	142
837	142
843	142
854	142
196	144
202	144
207	144
211	144
237	144
274	144
282	144
295	144
300	144
325	144
334	144
335	144
345	144
375	144
378	144
434	144
463	144
468	144
490	144
492	144
513	144
538	144
540	144
548	144
557	144
560	144
571	144
592	144
604	144
609	144
610	144
617	144
622	144
650	144
651	144
652	144
663	144
667	144
685	144
698	144
705	144
761	144
814	144
822	144
833	144
836	144
843	144
856	144
861	144
888	144
898	144
215	147
258	147
297	147
334	147
388	147
529	147
533	147
536	147
642	147
676	147
755	147
796	147
808	147
854	147
867	147
673	148
874	148
170	152
181	152
186	152
209	152
360	152
449	152
511	152
518	152
531	152
616	152
638	152
657	152
678	152
718	152
722	153
621	154
677	154
303	163
333	163
350	163
358	163
376	163
487	163
510	163
688	163
700	163
730	163
823	163
840	163
287	165
285	168
418	168
803	168
321	169
181	170
186	170
209	170
360	170
449	170
511	170
518	170
531	170
616	170
638	170
657	170
678	170
718	170
224	173
466	173
482	173
831	173
772	178
679	180
896	180
186	181
209	181
360	181
449	181
511	181
518	181
531	181
616	181
638	181
657	181
678	181
718	181
345	182
492	182
525	182
557	182
698	182
741	182
856	182
888	182
346	183
497	183
883	183
387	185
389	185
828	185
209	186
360	186
449	186
511	186
518	186
531	186
616	186
638	186
657	186
678	186
718	186
198	187
207	187
227	187
335	187
415	187
525	187
548	187
557	187
560	187
599	187
651	187
698	187
856	187
887	187
888	187
273	188
853	192
345	194
741	194
249	195
257	195
336	195
408	195
202	196
211	196
237	196
274	196
282	196
289	196
295	196
334	196
375	196
434	196
463	196
468	196
490	196
513	196
538	196
540	196
587	196
609	196
610	196
622	196
667	196
685	196
749	196
761	196
801	196
843	196
861	196
354	197
227	198
415	198
257	201
300	201
408	201
537	201
211	202
274	202
282	202
289	202
295	202
301	202
334	202
375	202
381	202
383	202
434	202
463	202
468	202
490	202
513	202
538	202
587	202
609	202
610	202
622	202
667	202
685	202
705	202
761	202
843	202
861	202
673	204
795	204
820	204
874	204
286	205
335	207
345	207
415	207
492	207
525	207
548	207
557	207
560	207
599	207
651	207
698	207
856	207
887	207
888	207
360	209
449	209
511	209
518	209
531	209
616	209
638	209
678	209
718	209
215	211
237	211
274	211
282	211
283	211
289	211
295	211
334	211
375	211
378	211
381	211
434	211
463	211
468	211
490	211
492	211
513	211
529	211
538	211
540	211
589	211
597	211
609	211
610	211
622	211
652	211
667	211
685	211
695	211
705	211
755	211
761	211
836	211
837	211
854	211
861	211
710	213
766	214
258	215
282	215
289	215
297	215
388	215
434	215
492	215
529	215
533	215
536	215
538	215
540	215
560	215
611	215
642	215
662	215
667	215
676	215
755	215
761	215
796	215
808	215
822	215
837	215
843	215
854	215
867	215
555	216
464	219
561	219
703	219
767	220
385	222
484	222
466	224
482	224
831	224
282	226
383	226
492	226
622	226
861	226
415	227
647	230
332	232
521	232
564	232
673	232
807	232
860	232
874	232
299	233
264	234
303	235
840	235
274	237
282	237
289	237
295	237
334	237
375	237
381	237
434	237
463	237
468	237
490	237
492	237
513	237
538	237
540	237
587	237
609	237
610	237
622	237
652	237
667	237
685	237
705	237
761	237
801	237
836	237
861	237
317	240
498	240
570	240
543	241
842	241
859	241
448	242
640	242
366	246
416	246
529	246
584	246
642	246
676	246
740	246
837	246
867	246
605	248
408	249
371	250
342	253
681	253
280	254
421	254
774	254
286	255
300	255
349	255
763	255
433	256
300	257
321	257
336	257
408	257
537	257
790	257
267	258
297	258
338	258
388	258
416	258
512	258
533	258
536	258
611	258
642	258
676	258
755	258
761	258
796	258
808	258
837	258
843	258
854	258
867	258
431	261
561	263
388	267
533	267
538	267
676	267
837	267
867	267
573	273
282	274
283	274
289	274
295	274
301	274
334	274
375	274
381	274
383	274
434	274
463	274
468	274
490	274
492	274
513	274
538	274
540	274
587	274
589	274
592	274
609	274
610	274
622	274
652	274
667	274
685	274
705	274
760	274
761	274
795	274
836	274
861	274
432	276
516	276
519	276
583	276
591	276
635	276
648	276
335	280
421	280
600	280
625	280
765	280
774	280
283	282
289	282
295	282
323	282
334	282
338	282
375	282
381	282
383	282
388	282
434	282
463	282
468	282
490	282
513	282
538	282
540	282
584	282
592	282
609	282
610	282
622	282
652	282
667	282
676	282
685	282
698	282
755	282
761	282
795	282
837	282
861	282
867	282
289	283
295	283
334	283
357	283
381	283
463	283
490	283
513	283
609	283
622	283
667	283
685	283
761	283
861	283
803	285
349	286
437	286
468	286
763	286
320	288
327	288
744	288
800	288
842	288
897	288
295	289
297	289
334	289
338	289
375	289
381	289
434	289
463	289
468	289
490	289
492	289
513	289
529	289
538	289
540	289
604	289
609	289
610	289
620	289
622	289
652	289
667	289
685	289
698	289
705	289
751	289
760	289
761	289
796	289
837	289
861	289
294	290
580	291
305	292
572	292
719	292
411	293
538	293
301	295
334	295
375	295
378	295
381	295
383	295
388	295
434	295
463	295
468	295
490	295
492	295
512	295
513	295
529	295
538	295
540	295
584	295
587	295
597	295
609	295
610	295
622	295
652	295
667	295
685	295
705	295
761	295
822	295
836	295
837	295
861	295
338	297
388	297
416	297
512	297
533	297
536	297
642	297
676	297
755	297
761	297
796	297
808	297
837	297
843	297
854	297
867	297
348	300
408	300
468	300
492	300
537	300
560	300
651	300
698	300
814	300
843	300
334	301
375	301
463	301
490	301
513	301
609	301
667	301
705	301
333	303
350	303
358	303
376	303
487	303
493	303
510	303
700	303
730	303
795	303
823	303
840	303
572	305
719	305
769	313
370	317
866	317
538	318
772	318
699	319
859	319
869	319
327	320
744	320
800	320
842	320
897	320
408	321
877	321
463	323
490	323
513	323
761	323
744	327
897	327
822	331
521	332
807	332
860	332
350	333
358	333
376	333
487	333
493	333
510	333
700	333
730	333
823	333
840	333
375	334
378	334
381	334
434	334
463	334
468	334
490	334
492	334
513	334
529	334
538	334
540	334
587	334
592	334
604	334
609	334
610	334
622	334
652	334
667	334
685	334
695	334
698	334
705	334
761	334
794	334
795	334
801	334
836	334
837	334
843	334
861	334
421	335
492	335
548	335
557	335
560	335
567	335
599	335
651	335
662	335
698	335
774	335
822	335
856	335
888	335
408	336
366	338
388	338
416	338
529	338
533	338
538	338
540	338
642	338
676	338
740	338
755	338
761	338
796	338
808	338
837	338
843	338
854	338
861	338
867	338
681	342
525	345
548	345
557	345
599	345
698	345
741	345
856	345
888	345
381	346
497	346
610	346
792	346
883	346
468	349
763	349
795	349
376	350
423	350
487	350
510	350
700	350
730	350
823	350
840	350
593	354
392	355
713	355
747	355
835	356
542	357
376	358
487	358
493	358
510	358
700	358
730	358
840	358
449	360
511	360
518	360
531	360
616	360
657	360
678	360
718	360
690	364
555	365
416	366
676	366
740	366
837	366
867	366
387	367
398	367
661	367
862	367
446	368
850	368
524	369
636	371
391	374
454	374
898	374
381	375
434	375
463	375
468	375
490	375
513	375
538	375
587	375
609	375
610	375
622	375
652	375
667	375
685	375
705	375
761	375
836	375
861	375
487	376
510	376
700	376
730	376
795	376
823	376
840	376
514	377
468	378
490	378
513	378
587	378
663	378
667	378
705	378
794	378
434	381
463	381
468	381
490	381
492	381
513	381
538	381
540	381
609	381
610	381
622	381
652	381
667	381
685	381
705	381
761	381
836	381
388	383
492	383
513	383
538	383
592	383
685	383
740	383
761	383
837	383
861	383
898	383
484	385
555	385
553	386
389	387
828	387
416	388
512	388
529	388
533	388
536	388
538	388
611	388
642	388
662	388
667	388
676	388
751	388
755	388
761	388
796	388
808	388
822	388
837	388
843	388
854	388
867	388
828	389
569	391
709	391
713	392
747	392
416	393
740	393
837	393
862	398
869	398
483	399
582	399
497	400
800	404
866	404
897	404
537	408
790	408
563	412
645	413
695	414
548	415
557	415
560	415
856	415
887	415
888	415
529	416
533	416
536	416
642	416
676	416
740	416
755	416
761	416
796	416
808	416
837	416
854	416
867	416
604	418
620	418
652	418
803	418
504	421
600	421
625	421
765	421
774	421
700	423
784	428
465	429
515	430
516	432
519	432
583	432
591	432
635	432
648	432
463	434
468	434
490	434
492	434
513	434
538	434
540	434
560	434
587	434
609	434
610	434
617	434
622	434
652	434
667	434
685	434
698	434
705	434
751	434
755	434
760	434
761	434
795	434
796	434
843	434
861	434
858	441
850	446
511	449
518	449
531	449
616	449
638	449
657	449
678	449
718	449
766	452
490	454
650	454
684	459
468	463
490	463
513	463
538	463
540	463
587	463
609	463
610	463
622	463
652	463
667	463
685	463
705	463
761	463
795	463
801	463
836	463
861	463
561	464
703	464
482	466
831	466
524	467
490	468
492	468
513	468
538	468
540	468
560	468
587	468
609	468
610	468
615	468
622	468
650	468
663	468
667	468
685	468
705	468
761	468
763	468
795	468
833	468
843	468
528	471
478	474
831	482
582	483
510	487
688	487
700	487
730	487
795	487
823	487
840	487
492	490
513	490
538	490
540	490
560	490
587	490
609	490
610	490
622	490
650	490
652	490
663	490
667	490
685	490
698	490
705	490
761	490
795	490
836	490
843	490
898	490
770	491
538	492
540	492
557	492
560	492
592	492
609	492
620	492
622	492
650	492
651	492
662	492
667	492
685	492
698	492
705	492
760	492
761	492
795	492
822	492
833	492
836	492
843	492
856	492
888	492
823	493
840	493
610	497
792	497
883	497
793	501
614	504
774	504
632	505
705	507
700	510
730	510
795	510
823	510
840	510
518	511
531	511
616	511
638	511
657	511
678	511
718	511
529	512
533	512
538	512
540	512
559	512
642	512
676	512
755	512
761	512
796	512
808	512
837	512
843	512
854	512
538	513
540	513
587	513
597	513
609	513
610	513
615	513
622	513
652	513
667	513
685	513
698	513
705	513
761	513
861	513
591	516
648	516
531	518
616	518
638	518
657	518
678	518
718	518
583	519
591	519
635	519
648	519
807	521
860	521
548	525
557	525
560	525
599	525
651	525
698	525
888	525
780	526
533	529
538	529
540	529
676	529
740	529
755	529
761	529
796	529
837	529
843	529
867	529
616	531
638	531
657	531
678	531
718	531
623	532
721	532
891	532
536	533
538	533
642	533
662	533
676	533
755	533
761	533
796	533
808	533
837	533
843	533
854	533
867	533
611	536
642	536
667	536
676	536
755	536
796	536
808	536
837	536
854	536
540	538
559	538
604	538
609	538
610	538
622	538
652	538
667	538
676	538
685	538
695	538
698	538
705	538
751	538
755	538
760	538
761	538
796	538
808	538
822	538
836	538
837	538
843	538
854	538
861	538
867	538
559	540
587	540
604	540
610	540
622	540
662	540
667	540
676	540
685	540
698	540
705	540
751	540
755	540
760	540
761	540
795	540
796	540
836	540
837	540
843	540
842	543
859	543
557	548
560	548
599	548
651	548
698	548
822	548
856	548
885	548
887	548
888	548
560	557
599	557
651	557
698	557
814	557
822	557
856	557
887	557
888	557
751	559
755	559
843	559
599	560
610	560
651	560
662	560
698	560
814	560
822	560
856	560
887	560
888	560
703	561
756	569
843	569
690	570
719	572
591	583
635	583
648	583
740	584
761	584
837	584
861	584
665	585
609	587
610	587
622	587
667	587
685	587
698	587
705	587
749	587
761	587
836	587
861	587
635	591
648	591
617	592
650	592
763	592
773	592
861	592
609	597
761	597
774	598
698	599
856	599
887	599
888	599
765	600
774	600
620	604
705	604
843	604
610	609
622	609
667	609
685	609
705	609
761	609
836	609
622	610
652	610
667	610
685	610
698	610
705	610
751	610
761	610
836	610
843	610
861	610
628	611
642	611
667	611
755	611
761	611
796	611
837	611
843	611
854	611
657	612
718	612
622	615
795	615
638	616
657	616
678	616
718	616
763	620
677	621
652	622
667	622
685	622
698	622
705	622
760	622
761	622
795	622
822	622
836	622
861	622
721	623
891	623
765	625
774	625
669	633
648	635
657	638
678	638
718	638
723	641
662	642
676	642
755	642
761	642
796	642
808	642
837	642
854	642
867	642
668	644
733	644
743	644
869	644
727	645
758	645
756	646
898	650
662	651
698	651
822	651
856	651
887	651
888	651
667	652
685	652
705	652
761	652
795	652
836	652
861	652
678	657
718	657
862	661
698	662
751	662
755	662
796	662
808	662
822	662
705	663
676	667
685	667
705	667
751	667
755	667
761	667
795	667
796	667
801	667
836	667
837	667
843	667
861	667
733	668
743	668
795	673
820	673
874	673
740	676
751	676
755	676
761	676
796	676
808	676
837	676
843	676
854	676
861	676
867	676
718	678
795	678
896	679
834	682
705	685
749	685
760	685
761	685
795	685
836	685
861	685
761	695
705	698
814	698
822	698
833	698
836	698
856	698
887	698
888	698
869	699
730	700
823	700
840	700
761	705
836	705
843	705
724	710
747	713
891	721
758	727
785	727
799	727
795	730
823	730
840	730
743	733
869	733
842	735
761	740
837	740
843	740
861	740
867	740
869	743
800	744
842	744
897	744
761	749
755	751
761	751
796	751
808	751
822	751
843	751
761	755
796	755
808	755
822	755
837	755
843	755
854	755
785	758
799	758
761	760
796	760
796	761
836	761
837	761
843	761
854	761
861	761
867	761
878	761
809	763
774	765
859	784
820	795
833	795
836	795
840	795
861	795
874	795
808	796
837	796
843	796
854	796
867	796
800	797
884	797
897	797
899	797
818	800
842	800
866	800
884	800
897	800
899	800
860	807
837	808
843	808
854	808
887	814
866	818
884	818
897	818
874	820
843	822
856	822
888	822
840	823
843	837
854	837
861	837
867	837
859	842
897	842
854	843
861	843
867	843
867	854
885	856
887	856
888	856
867	861
884	866
897	866
897	884
899	884
888	887
899	897
