1	939
1	1391
2	963
2	1394
3	22
3	533
3	1033
4	295
4	1442
8	678
13	35
13	124
13	1200
13	1221
16	73
16	200
16	262
16	359
16	379
16	474
16	497
16	820
16	910
16	948
16	1097
16	1136
16	1189
16	1369
16	1429
16	1462
17	1050
19	1178
22	533
22	1033
24	125
24	369
28	1045
29	543
29	1051
31	49
31	66
31	120
31	144
31	160
31	221
31	235
31	254
31	324
31	332
31	571
31	582
31	676
31	890
31	903
31	934
31	947
31	959
31	1085
31	1092
31	1119
31	1179
31	1250
31	1390
31	1410
31	1436
31	1451
31	1490
35	124
35	1200
35	1221
36	1368
37	206
37	437
37	572
37	680
37	766
37	1023
38	55
38	66
38	107
38	154
38	196
38	200
38	201
38	240
38	254
38	348
38	474
38	513
38	522
38	631
38	640
38	721
38	777
38	864
38	910
38	915
38	990
38	1028
38	1048
38	1125
38	1168
38	1189
38	1228
38	1277
38	1404
38	1447
41	86
41	750
41	877
41	897
41	980
41	1037
41	1070
43	1509
44	1194
49	66
49	73
49	120
49	140
49	144
49	154
49	200
49	201
49	221
49	254
49	332
49	359
49	474
49	497
49	511
49	522
49	558
49	571
49	631
49	640
49	777
49	820
49	864
49	903
49	910
49	915
49	934
49	947
49	1028
49	1048
49	1085
49	1088
49	1092
49	1097
49	1119
49	1125
49	1132
49	1168
49	1179
49	1189
49	1231
49	1277
49	1369
49	1404
49	1410
49	1413
49	1429
51	1099
53	508
53	1132
53	1432
54	97
54	121
54	187
54	248
54	289
54	337
54	517
54	608
54	710
54	811
54	815
54	860
54	1100
54	1230
54	1323
54	1381
55	107
55	196
55	200
55	201
55	254
55	348
55	474
55	522
55	631
55	777
55	810
55	864
55	915
55	1028
55	1048
55	1168
55	1228
55	1277
58	816
64	531
64	816
66	120
66	144
66	154
66	201
66	221
66	240
66	254
66	324
66	345
66	359
66	407
66	474
66	497
66	571
66	631
66	640
66	721
66	777
66	820
66	864
66	910
66	915
66	1028
66	1048
66	1119
66	1125
66	1132
66	1168
66	1179
66	1189
66	1231
66	1246
66	1277
66	1333
66	1400
66	1404
66	1413
66	1429
66	1436
70	1127
73	254
73	262
73	407
73	948
73	1097
73	1136
73	1369
73	1400
73	1443
73	1462
74	284
74	352
74	365
74	620
74	626
74	1118
74	1122
74	1448
76	1226
76	1273
85	309
85	551
85	659
85	825
85	1043
85	1324
85	1425
85	1470
86	750
86	877
86	897
86	1037
86	1070
92	100
92	223
92	1110
95	379
95	497
95	651
95	820
95	910
95	915
95	1119
95	1132
95	1141
95	1156
95	1259
95	1390
95	1413
95	1429
95	1434
95	1447
97	121
97	248
97	289
97	337
97	413
97	517
97	608
97	710
97	811
97	815
97	822
97	860
97	1100
97	1164
97	1230
97	1323
97	1333
97	1381
99	280
99	496
99	697
99	738
99	799
99	882
99	1176
99	1186
99	1212
99	1249
99	1308
99	1336
99	1339
99	1364
99	1365
99	1412
99	1452
99	1505
99	1508
100	223
104	976
104	1406
107	154
107	196
107	200
107	201
107	359
107	474
107	513
107	522
107	631
107	640
107	777
107	864
107	1028
107	1125
107	1168
107	1189
107	1277
109	1060
109	1454
110	918
110	963
110	1270
114	455
120	221
120	254
120	676
120	820
120	855
120	947
120	1085
120	1092
120	1179
120	1189
120	1436
120	1451
121	248
121	289
121	337
121	517
121	608
121	710
121	811
121	815
121	822
121	860
121	1100
121	1230
121	1323
121	1381
122	327
122	365
122	650
122	652
122	1327
122	1389
122	1474
124	374
124	1200
125	369
127	266
127	503
127	683
129	1070
136	412
138	571
140	201
140	493
140	511
140	592
140	820
140	944
140	1045
140	1120
140	1132
140	1413
142	151
143	399
143	508
143	1132
143	1141
143	1156
143	1174
143	1434
144	221
144	235
144	324
144	676
144	820
144	903
144	944
144	947
144	1092
144	1119
144	1132
144	1179
144	1231
144	1436
145	237
145	805
145	981
150	159
150	476
150	719
150	878
150	993
150	1067
150	1073
154	196
154	200
154	201
154	221
154	254
154	348
154	359
154	474
154	497
154	513
154	522
154	631
154	640
154	721
154	777
154	864
154	910
154	915
154	1028
154	1048
154	1095
154	1125
154	1168
154	1179
154	1189
154	1228
154	1277
154	1333
154	1404
154	1447
156	210
156	573
156	604
156	656
156	1203
156	1253
156	1286
159	476
159	719
159	878
159	993
159	1067
159	1073
160	221
160	254
160	332
160	571
160	582
160	676
160	753
160	820
160	890
160	903
160	934
160	947
160	959
160	1085
160	1092
160	1179
160	1410
160	1436
160	1451
160	1490
161	1442
170	1017
175	452
175	756
180	1033
187	289
187	710
187	815
187	1230
188	477
188	761
190	670
195	1397
196	200
196	201
196	240
196	254
196	266
196	348
196	359
196	399
196	474
196	497
196	522
196	631
196	721
196	777
196	864
196	910
196	915
196	1028
196	1048
196	1125
196	1141
196	1168
196	1174
196	1228
196	1277
196	1404
196	1413
196	1429
196	1438
196	1447
196	1472
198	260
198	939
198	1391
199	348
200	201
200	240
200	254
200	348
200	359
200	395
200	474
200	497
200	522
200	631
200	640
200	642
200	695
200	721
200	777
200	820
200	864
200	910
200	915
200	1028
200	1048
200	1095
200	1125
200	1132
200	1168
200	1174
200	1189
200	1228
200	1259
200	1269
200	1276
200	1277
200	1404
200	1429
200	1438
200	1447
201	254
201	348
201	359
201	389
201	433
201	474
201	497
201	511
201	513
201	522
201	554
201	631
201	640
201	721
201	777
201	820
201	864
201	910
201	915
201	1028
201	1048
201	1095
201	1120
201	1125
201	1168
201	1189
201	1228
201	1277
201	1333
201	1400
201	1413
201	1447
204	1061
206	572
206	680
206	1124
206	1131
206	1435
208	788
210	573
210	604
210	656
210	1203
210	1253
210	1286
210	1507
213	504
213	794
214	228
218	531
218	834
219	308
219	428
219	708
219	1224
219	1378
221	254
221	324
221	332
221	571
221	582
221	676
221	820
221	890
221	903
221	934
221	947
221	1085
221	1092
221	1119
221	1179
221	1231
221	1250
221	1359
221	1410
221	1436
224	1232
233	944
233	1137
237	805
237	981
240	348
240	359
240	379
240	474
240	522
240	640
240	721
240	777
240	820
240	864
240	895
240	910
240	915
240	1028
240	1048
240	1125
240	1132
240	1156
240	1189
240	1228
240	1259
240	1276
240	1277
240	1404
240	1429
240	1438
241	755
241	1283
245	510
248	289
248	337
248	413
248	517
248	608
248	710
248	811
248	815
248	860
248	1100
248	1230
248	1323
248	1333
248	1381
254	348
254	359
254	474
254	511
254	522
254	558
254	571
254	631
254	676
254	721
254	777
254	820
254	864
254	903
254	910
254	915
254	934
254	947
254	966
254	1019
254	1028
254	1048
254	1085
254	1088
254	1092
254	1095
254	1120
254	1125
254	1168
254	1179
254	1189
254	1228
254	1231
254	1277
254	1359
254	1400
254	1404
254	1410
254	1413
254	1429
254	1436
254	1438
254	1447
254	1451
254	1507
256	419
260	939
260	1391
262	948
262	1097
262	1136
262	1462
266	399
266	430
266	503
266	618
266	651
266	691
266	895
266	910
266	929
266	1141
266	1174
266	1434
266	1447
266	1453
274	682
274	1047
274	1142
278	596
280	799
280	1176
280	1212
280	1336
280	1364
280	1365
280	1452
280	1505
284	352
284	365
284	620
284	626
284	1068
284	1118
284	1122
284	1448
285	989
288	777
288	1125
289	337
289	517
289	608
289	710
289	811
289	815
289	860
289	1100
289	1164
289	1230
289	1323
289	1381
295	421
295	453
295	549
295	1357
295	1412
295	1442
298	407
298	567
298	975
298	1348
298	1443
298	1452
303	491
303	695
303	1078
308	428
308	708
308	1224
308	1378
309	551
309	659
309	680
309	825
309	1043
309	1425
311	391
311	780
311	804
311	989
321	859
322	1502
324	431
324	676
324	820
324	890
324	947
324	1179
324	1231
324	1246
324	1410
324	1436
325	588
325	876
325	1078
325	1201
325	1484
327	650
327	652
327	1327
327	1389
327	1474
332	396
332	571
332	582
332	676
332	753
332	890
332	903
332	934
332	947
332	959
332	1085
332	1092
332	1179
332	1410
332	1436
332	1451
332	1490
337	517
337	608
337	710
337	811
337	815
337	860
337	1100
337	1230
337	1323
337	1381
340	549
340	1181
345	1246
348	359
348	474
348	497
348	631
348	721
348	777
348	864
348	910
348	915
348	1028
348	1048
348	1125
348	1168
348	1228
348	1257
348	1277
348	1413
348	1438
348	1447
352	365
352	620
352	1122
352	1448
357	371
358	511
358	628
358	680
358	908
358	1131
358	1435
359	474
359	497
359	513
359	522
359	631
359	640
359	642
359	721
359	777
359	864
359	910
359	1028
359	1048
359	1125
359	1189
359	1277
359	1413
359	1438
359	1447
363	493
363	1425
365	620
365	626
365	650
365	652
365	1122
365	1448
365	1474
374	1200
379	399
379	450
379	497
379	508
379	651
379	721
379	820
379	895
379	907
379	910
379	911
379	915
379	944
379	1119
379	1125
379	1132
379	1141
379	1156
379	1174
379	1269
379	1277
379	1334
379	1390
379	1413
379	1429
379	1434
379	1438
379	1453
380	502
380	521
380	967
380	1216
385	952
385	1187
386	1285
388	425
388	645
388	1069
391	780
391	804
391	989
395	642
395	820
395	1048
395	1447
396	582
396	1085
396	1410
397	1147
399	430
399	450
399	465
399	508
399	618
399	642
399	651
399	691
399	895
399	907
399	910
399	911
399	929
399	984
399	1007
399	1132
399	1141
399	1156
399	1174
399	1269
399	1277
399	1334
399	1390
399	1413
399	1429
399	1434
399	1447
399	1453
400	791
404	724
404	1265
407	567
407	957
407	975
407	1097
407	1136
407	1348
407	1443
407	1462
411	459
413	517
413	1323
416	706
418	546
418	834
418	964
418	1312
421	453
421	1412
421	1442
424	1075
425	531
425	992
425	1498
428	1224
430	618
430	691
430	895
430	924
430	984
430	1132
430	1141
430	1174
430	1453
433	1021
437	680
437	766
441	1243
446	720
450	465
450	508
450	651
450	691
450	907
450	911
450	1132
450	1141
450	1156
450	1174
450	1269
450	1277
450	1334
450	1413
450	1434
450	1453
452	756
453	1412
453	1442
455	718
457	952
464	1073
464	1239
464	1354
465	651
465	910
465	911
465	1132
465	1141
465	1156
465	1453
468	531
468	834
468	945
473	969
474	497
474	513
474	522
474	631
474	640
474	642
474	721
474	777
474	820
474	864
474	910
474	915
474	990
474	1028
474	1048
474	1095
474	1125
474	1168
474	1189
474	1228
474	1276
474	1277
474	1333
474	1404
474	1429
474	1438
474	1447
476	719
476	878
476	993
476	1067
476	1073
476	1147
476	1357
482	580
482	1052
482	1151
485	571
485	1012
485	1051
485	1282
485	1309
490	496
490	697
490	1249
491	1078
493	592
493	944
493	1213
496	697
496	1249
496	1336
496	1339
496	1412
496	1505
497	508
497	522
497	631
497	640
497	721
497	777
497	820
497	864
497	895
497	910
497	911
497	915
497	1019
497	1028
497	1045
497	1048
497	1095
497	1125
497	1132
497	1179
497	1189
497	1228
497	1259
497	1276
497	1277
497	1334
497	1429
497	1438
497	1447
502	521
502	967
502	1216
503	683
503	910
504	794
508	651
508	691
508	907
508	911
508	1132
508	1141
508	1156
508	1174
508	1269
508	1277
508	1334
508	1390
508	1413
508	1434
508	1453
510	536
511	590
511	680
511	820
511	908
511	1092
511	1179
511	1359
511	1413
513	631
513	777
513	864
513	1125
513	1189
517	608
517	710
517	811
517	815
517	822
517	860
517	1100
517	1230
517	1323
517	1333
517	1381
521	967
521	1216
522	631
522	640
522	721
522	777
522	864
522	910
522	915
522	1007
522	1028
522	1048
522	1125
522	1132
522	1168
522	1189
522	1277
522	1413
522	1429
522	1447
522	1453
531	834
531	945
531	1313
533	1033
533	1289
546	1452
549	1181
549	1442
551	659
551	680
551	825
551	1043
551	1425
551	1470
554	777
554	864
554	1277
558	1132
567	975
567	1348
567	1443
571	582
571	676
571	820
571	934
571	947
571	959
571	960
571	1085
571	1092
571	1119
571	1132
571	1179
571	1410
571	1436
572	680
572	766
572	1043
572	1124
572	1131
572	1435
573	604
573	656
573	1203
573	1253
573	1286
580	1052
580	1151
582	676
582	903
582	934
582	947
582	959
582	1085
582	1092
582	1179
582	1410
582	1436
588	640
588	876
588	1028
588	1078
588	1201
588	1328
588	1484
592	1333
599	1000
604	656
604	1203
604	1253
604	1286
608	710
608	811
608	815
608	822
608	860
608	1100
608	1230
608	1323
616	945
618	691
618	929
618	1141
618	1174
618	1453
620	650
620	1118
620	1122
620	1448
626	1068
626	1118
626	1122
628	680
628	908
628	1131
631	640
631	721
631	777
631	864
631	910
631	1028
631	1048
631	1095
631	1125
631	1189
631	1277
631	1404
631	1429
631	1438
631	1447
640	721
640	777
640	820
640	864
640	876
640	910
640	915
640	1028
640	1048
640	1095
640	1125
640	1189
640	1277
640	1404
640	1429
640	1438
642	651
642	820
642	864
642	910
642	1132
642	1277
642	1429
642	1447
642	1507
645	945
646	1506
647	941
650	652
650	1327
650	1389
650	1474
651	691
651	895
651	907
651	910
651	911
651	929
651	1119
651	1125
651	1132
651	1141
651	1156
651	1174
651	1259
651	1269
651	1277
651	1334
651	1390
651	1413
651	1434
651	1453
652	1327
652	1389
652	1474
656	1203
656	1253
656	1286
658	691
658	929
659	825
659	1043
659	1425
671	720
673	1336
673	1339
673	1364
673	1452
673	1505
676	753
676	820
676	890
676	903
676	934
676	947
676	959
676	1085
676	1092
676	1179
676	1410
676	1436
676	1490
680	766
680	881
680	908
680	1043
680	1124
680	1131
680	1324
680	1435
682	1047
682	1142
691	895
691	907
691	911
691	929
691	1132
691	1141
691	1156
691	1174
691	1269
691	1277
691	1334
691	1434
691	1453
695	1019
695	1045
695	1095
697	1249
697	1336
697	1339
697	1412
697	1505
707	945
708	1224
708	1378
709	1128
709	1248
710	811
710	815
710	860
710	1100
710	1164
710	1230
710	1323
710	1381
713	779
714	1312
719	878
719	993
719	1067
719	1073
719	1357
721	777
721	820
721	864
721	910
721	915
721	1028
721	1048
721	1095
721	1125
721	1132
721	1168
721	1179
721	1189
721	1228
721	1259
721	1269
721	1276
721	1277
721	1333
721	1334
721	1413
721	1429
721	1447
724	1265
730	835
730	1171
738	882
738	1176
738	1186
738	1308
738	1339
738	1505
738	1508
742	1500
750	877
750	897
750	980
750	1037
750	1070
753	934
753	959
753	1085
755	1283
766	1023
777	864
777	910
777	915
777	1028
777	1048
777	1095
777	1125
777	1168
777	1189
777	1228
777	1277
777	1333
777	1404
777	1429
777	1438
777	1447
780	804
781	888
781	1041
799	1176
799	1212
799	1336
799	1339
799	1364
799	1365
799	1452
799	1505
805	981
811	815
811	860
811	1100
811	1164
811	1230
811	1323
811	1333
811	1381
815	860
815	1100
815	1164
815	1230
815	1323
815	1381
819	1292
820	910
820	915
820	944
820	947
820	1045
820	1048
820	1085
820	1088
820	1092
820	1119
820	1125
820	1132
820	1179
820	1189
820	1231
820	1276
820	1277
820	1333
820	1400
820	1404
820	1413
820	1429
820	1436
820	1438
822	1381
825	1043
825	1324
834	929
834	1069
835	1171
839	1331
844	1363
846	1035
855	1189
855	1451
860	1100
860	1230
860	1323
860	1333
860	1381
864	910
864	915
864	1007
864	1028
864	1036
864	1048
864	1095
864	1125
864	1168
864	1179
864	1189
864	1228
864	1277
864	1429
864	1438
864	1447
876	1078
876	1201
876	1484
877	897
877	980
877	1037
877	1070
878	993
878	1067
878	1073
882	1176
882	1186
882	1308
882	1336
882	1339
882	1505
882	1508
888	1041
890	903
890	934
890	947
890	1085
890	1092
890	1179
890	1410
895	910
895	911
895	915
895	1132
895	1141
895	1156
895	1174
895	1269
895	1277
895	1334
895	1413
895	1429
895	1453
897	980
897	1037
897	1070
900	1218
900	1495
903	934
903	947
903	959
903	1085
903	1179
903	1410
903	1436
903	1490
907	911
907	1125
907	1132
907	1141
907	1156
907	1269
907	1334
907	1390
907	1434
908	1124
908	1131
908	1435
910	911
910	915
910	949
910	1019
910	1028
910	1048
910	1095
910	1125
910	1132
910	1141
910	1156
910	1179
910	1189
910	1228
910	1259
910	1269
910	1276
910	1277
910	1334
910	1390
910	1404
910	1413
910	1429
910	1434
910	1438
910	1447
910	1453
911	915
911	1132
911	1141
911	1156
911	1174
911	1259
911	1269
911	1277
911	1334
911	1413
911	1429
911	1434
911	1453
915	949
915	1019
915	1028
915	1048
915	1119
915	1125
915	1132
915	1141
915	1168
915	1179
915	1189
915	1228
915	1259
915	1269
915	1276
915	1277
915	1333
915	1334
915	1404
915	1413
915	1429
915	1438
918	963
918	1270
924	984
924	1277
929	945
929	1069
929	1141
934	947
934	959
934	1085
934	1092
934	1179
934	1410
934	1436
934	1451
934	1490
939	1391
944	1119
944	1132
944	1137
944	1231
945	1069
947	959
947	1085
947	1092
947	1179
947	1359
947	1410
947	1436
947	1490
948	1097
948	1136
948	1369
948	1462
949	1259
949	1269
949	1413
952	1187
956	1178
958	1281
959	1085
959	1092
959	1179
959	1410
959	1436
959	1490
961	1494
963	1270
963	1312
963	1394
963	1413
964	1167
966	1168
967	1216
975	1348
975	1443
976	1406
980	1037
980	1070
984	1277
984	1447
992	1384
992	1425
993	1067
993	1073
1007	1277
1012	1282
1012	1309
1018	1213
1019	1045
1019	1132
1019	1189
1019	1413
1019	1429
1028	1048
1028	1078
1028	1095
1028	1125
1028	1132
1028	1168
1028	1179
1028	1189
1028	1228
1028	1259
1028	1277
1028	1404
1028	1413
1028	1429
1028	1438
1028	1447
1036	1048
1036	1333
1037	1070
1037	1188
1043	1124
1043	1131
1043	1435
1045	1429
1047	1142
1048	1095
1048	1125
1048	1132
1048	1168
1048	1179
1048	1189
1048	1228
1048	1276
1048	1277
1048	1333
1048	1404
1048	1429
1048	1438
1048	1447
1051	1147
1051	1282
1051	1309
1052	1151
1060	1454
1062	1130
1066	1069
1067	1073
1068	1118
1068	1122
1073	1239
1073	1354
1073	1412
1085	1092
1085	1179
1085	1410
1085	1436
1085	1451
1085	1490
1088	1507
1092	1119
1092	1179
1092	1250
1092	1410
1092	1436
1092	1490
1095	1125
1095	1189
1095	1228
1095	1277
1095	1333
1095	1404
1095	1429
1095	1447
1097	1136
1097	1333
1097	1369
1097	1400
1097	1462
1100	1230
1100	1323
1100	1381
1118	1122
1118	1448
1119	1132
1119	1156
1119	1179
1119	1259
1119	1269
1119	1334
1119	1410
1120	1189
1122	1448
1124	1131
1124	1435
1125	1132
1125	1141
1125	1168
1125	1189
1125	1228
1125	1259
1125	1269
1125	1277
1125	1333
1125	1334
1125	1404
1125	1413
1125	1429
1125	1438
1125	1447
1128	1248
1131	1324
1131	1435
1132	1141
1132	1156
1132	1174
1132	1179
1132	1231
1132	1259
1132	1269
1132	1276
1132	1277
1132	1334
1132	1390
1132	1413
1132	1429
1132	1434
1132	1438
1132	1453
1136	1333
1136	1369
1136	1462
1141	1156
1141	1174
1141	1259
1141	1269
1141	1277
1141	1334
1141	1390
1141	1413
1141	1434
1141	1447
1141	1453
1150	1313
1152	1402
1156	1174
1156	1259
1156	1269
1156	1277
1156	1334
1156	1390
1156	1413
1156	1429
1156	1434
1156	1438
1156	1453
1168	1189
1168	1228
1168	1277
1168	1404
1168	1472
1174	1269
1174	1277
1174	1334
1174	1434
1174	1453
1176	1186
1176	1212
1176	1308
1176	1336
1176	1339
1176	1364
1176	1365
1176	1452
1176	1505
1176	1508
1179	1189
1179	1359
1179	1400
1179	1404
1179	1410
1179	1429
1179	1436
1179	1490
1186	1308
1186	1336
1186	1339
1186	1505
1186	1508
1189	1228
1189	1277
1189	1404
1189	1413
1189	1429
1200	1221
1201	1328
1201	1484
1203	1253
1203	1286
1206	1254
1212	1336
1212	1339
1212	1364
1212	1365
1212	1452
1212	1505
1218	1495
1219	1499
1224	1378
1226	1273
1228	1276
1228	1277
1228	1333
1228	1334
1228	1404
1228	1413
1228	1447
1230	1323
1230	1333
1230	1381
1239	1354
1239	1412
1249	1336
1249	1339
1249	1412
1249	1505
1250	1436
1253	1286
1257	1277
1259	1269
1259	1277
1259	1334
1259	1390
1259	1413
1259	1429
1269	1277
1269	1334
1269	1390
1269	1413
1269	1429
1269	1434
1270	1312
1276	1277
1276	1334
1276	1429
1277	1334
1277	1390
1277	1404
1277	1413
1277	1429
1277	1434
1277	1438
1277	1447
1277	1453
1277	1472
1282	1309
1308	1336
1308	1339
1308	1357
1308	1505
1308	1508
1313	1442
1323	1381
1324	1435
1327	1389
1327	1474
1333	1369
1333	1400
1333	1404
1333	1447
1333	1462
1334	1390
1334	1413
1334	1434
1334	1453
1336	1339
1336	1364
1336	1365
1336	1452
1336	1505
1336	1508
1339	1364
1339	1365
1339	1412
1339	1452
1339	1505
1339	1508
1348	1443
1359	1410
1359	1490
1364	1365
1364	1452
1364	1505
1365	1452
1365	1505
1369	1462
1389	1474
1390	1429
1390	1434
1403	1407
1404	1429
1410	1436
1410	1451
1410	1490
1412	1442
1412	1505
1413	1429
1413	1434
1413	1447
1413	1453
1429	1434
1429	1438
1434	1453
1436	1490
1447	1453
1450	1457
1452	1505
1505	1508
939	1
1391	1
963	2
1394	2
22	3
533	3
1033	3
295	4
1442	4
678	8
35	13
124	13
1200	13
1221	13
73	16
200	16
262	16
359	16
379	16
474	16
497	16
820	16
910	16
948	16
1097	16
1136	16
1189	16
1369	16
1429	16
1462	16
1050	17
1178	19
533	22
1033	22
125	24
369	24
1045	28
543	29
1051	29
49	31
66	31
120	31
144	31
160	31
221	31
235	31
254	31
324	31
332	31
571	31
582	31
676	31
890	31
903	31
934	31
947	31
959	31
1085	31
1092	31
1119	31
1179	31
1250	31
1390	31
1410	31
1436	31
1451	31
1490	31
124	35
1200	35
1221	35
1368	36
206	37
437	37
572	37
680	37
766	37
1023	37
55	38
66	38
107	38
154	38
196	38
200	38
201	38
240	38
254	38
348	38
474	38
513	38
522	38
631	38
640	38
721	38
777	38
864	38
910	38
915	38
990	38
1028	38
1048	38
1125	38
1168	38
1189	38
1228	38
1277	38
1404	38
1447	38
86	41
750	41
877	41
897	41
980	41
1037	41
1070	41
1509	43
1194	44
66	49
73	49
120	49
140	49
144	49
154	49
200	49
201	49
221	49
254	49
332	49
359	49
474	49
497	49
511	49
522	49
558	49
571	49
631	49
640	49
777	49
820	49
864	49
903	49
910	49
915	49
934	49
947	49
1028	49
1048	49
1085	49
1088	49
1092	49
1097	49
1119	49
1125	49
1132	49
1168	49
1179	49
1189	49
1231	49
1277	49
1369	49
1404	49
1410	49
1413	49
1429	49
1099	51
508	53
1132	53
1432	53
97	54
121	54
187	54
248	54
289	54
337	54
517	54
608	54
710	54
811	54
815	54
860	54
1100	54
1230	54
1323	54
1381	54
107	55
196	55
200	55
201	55
254	55
348	55
474	55
522	55
631	55
777	55
810	55
864	55
915	55
1028	55
1048	55
1168	55
1228	55
1277	55
816	58
531	64
816	64
120	66
144	66
154	66
201	66
221	66
240	66
254	66
324	66
345	66
359	66
407	66
474	66
497	66
571	66
631	66
640	66
721	66
777	66
820	66
864	66
910	66
915	66
1028	66
1048	66
1119	66
1125	66
1132	66
1168	66
1179	66
1189	66
1231	66
1246	66
1277	66
1333	66
1400	66
1404	66
1413	66
1429	66
1436	66
1127	70
254	73
262	73
407	73
948	73
1097	73
1136	73
1369	73
1400	73
1443	73
1462	73
284	74
352	74
365	74
620	74
626	74
1118	74
1122	74
1448	74
1226	76
1273	76
309	85
551	85
659	85
825	85
1043	85
1324	85
1425	85
1470	85
750	86
877	86
897	86
1037	86
1070	86
100	92
223	92
1110	92
379	95
497	95
651	95
820	95
910	95
915	95
1119	95
1132	95
1141	95
1156	95
1259	95
1390	95
1413	95
1429	95
1434	95
1447	95
121	97
248	97
289	97
337	97
413	97
517	97
608	97
710	97
811	97
815	97
822	97
860	97
1100	97
1164	97
1230	97
1323	97
1333	97
1381	97
280	99
496	99
697	99
738	99
799	99
882	99
1176	99
1186	99
1212	99
1249	99
1308	99
1336	99
1339	99
1364	99
1365	99
1412	99
1452	99
1505	99
1508	99
223	100
976	104
1406	104
154	107
196	107
200	107
201	107
359	107
474	107
513	107
522	107
631	107
640	107
777	107
864	107
1028	107
1125	107
1168	107
1189	107
1277	107
1060	109
1454	109
918	110
963	110
1270	110
455	114
221	120
254	120
676	120
820	120
855	120
947	120
1085	120
1092	120
1179	120
1189	120
1436	120
1451	120
248	121
289	121
337	121
517	121
608	121
710	121
811	121
815	121
822	121
860	121
1100	121
1230	121
1323	121
1381	121
327	122
365	122
650	122
652	122
1327	122
1389	122
1474	122
374	124
1200	124
369	125
266	127
503	127
683	127
1070	129
412	136
571	138
201	140
493	140
511	140
592	140
820	140
944	140
1045	140
1120	140
1132	140
1413	140
151	142
399	143
508	143
1132	143
1141	143
1156	143
1174	143
1434	143
221	144
235	144
324	144
676	144
820	144
903	144
944	144
947	144
1092	144
1119	144
1132	144
1179	144
1231	144
1436	144
237	145
805	145
981	145
159	150
476	150
719	150
878	150
993	150
1067	150
1073	150
196	154
200	154
201	154
221	154
254	154
348	154
359	154
474	154
497	154
513	154
522	154
631	154
640	154
721	154
777	154
864	154
910	154
915	154
1028	154
1048	154
1095	154
1125	154
1168	154
1179	154
1189	154
1228	154
1277	154
1333	154
1404	154
1447	154
210	156
573	156
604	156
656	156
1203	156
1253	156
1286	156
476	159
719	159
878	159
993	159
1067	159
1073	159
221	160
254	160
332	160
571	160
582	160
676	160
753	160
820	160
890	160
903	160
934	160
947	160
959	160
1085	160
1092	160
1179	160
1410	160
1436	160
1451	160
1490	160
1442	161
1017	170
452	175
756	175
1033	180
289	187
710	187
815	187
1230	187
477	188
761	188
670	190
1397	195
200	196
201	196
240	196
254	196
266	196
348	196
359	196
399	196
474	196
497	196
522	196
631	196
721	196
777	196
864	196
910	196
915	196
1028	196
1048	196
1125	196
1141	196
1168	196
1174	196
1228	196
1277	196
1404	196
1413	196
1429	196
1438	196
1447	196
1472	196
260	198
939	198
1391	198
348	199
201	200
240	200
254	200
348	200
359	200
395	200
474	200
497	200
522	200
631	200
640	200
642	200
695	200
721	200
777	200
820	200
864	200
910	200
915	200
1028	200
1048	200
1095	200
1125	200
1132	200
1168	200
1174	200
1189	200
1228	200
1259	200
1269	200
1276	200
1277	200
1404	200
1429	200
1438	200
1447	200
254	201
348	201
359	201
389	201
433	201
474	201
497	201
511	201
513	201
522	201
554	201
631	201
640	201
721	201
777	201
820	201
864	201
910	201
915	201
1028	201
1048	201
1095	201
1120	201
1125	201
1168	201
1189	201
1228	201
1277	201
1333	201
1400	201
1413	201
1447	201
1061	204
572	206
680	206
1124	206
1131	206
1435	206
788	208
573	210
604	210
656	210
1203	210
1253	210
1286	210
1507	210
504	213
794	213
228	214
531	218
834	218
308	219
428	219
708	219
1224	219
1378	219
254	221
324	221
332	221
571	221
582	221
676	221
820	221
890	221
903	221
934	221
947	221
1085	221
1092	221
1119	221
1179	221
1231	221
1250	221
1359	221
1410	221
1436	221
1232	224
944	233
1137	233
805	237
981	237
348	240
359	240
379	240
474	240
522	240
640	240
721	240
777	240
820	240
864	240
895	240
910	240
915	240
1028	240
1048	240
1125	240
1132	240
1156	240
1189	240
1228	240
1259	240
1276	240
1277	240
1404	240
1429	240
1438	240
755	241
1283	241
510	245
289	248
337	248
413	248
517	248
608	248
710	248
811	248
815	248
860	248
1100	248
1230	248
1323	248
1333	248
1381	248
348	254
359	254
474	254
511	254
522	254
558	254
571	254
631	254
676	254
721	254
777	254
820	254
864	254
903	254
910	254
915	254
934	254
947	254
966	254
1019	254
1028	254
1048	254
1085	254
1088	254
1092	254
1095	254
1120	254
1125	254
1168	254
1179	254
1189	254
1228	254
1231	254
1277	254
1359	254
1400	254
1404	254
1410	254
1413	254
1429	254
1436	254
1438	254
1447	254
1451	254
1507	254
419	256
939	260
1391	260
948	262
1097	262
1136	262
1462	262
399	266
430	266
503	266
618	266
651	266
691	266
895	266
910	266
929	266
1141	266
1174	266
1434	266
1447	266
1453	266
682	274
1047	274
1142	274
596	278
799	280
1176	280
1212	280
1336	280
1364	280
1365	280
1452	280
1505	280
352	284
365	284
620	284
626	284
1068	284
1118	284
1122	284
1448	284
989	285
777	288
1125	288
337	289
517	289
608	289
710	289
811	289
815	289
860	289
1100	289
1164	289
1230	289
1323	289
1381	289
421	295
453	295
549	295
1357	295
1412	295
1442	295
407	298
567	298
975	298
1348	298
1443	298
1452	298
491	303
695	303
1078	303
428	308
708	308
1224	308
1378	308
551	309
659	309
680	309
825	309
1043	309
1425	309
391	311
780	311
804	311
989	311
859	321
1502	322
431	324
676	324
820	324
890	324
947	324
1179	324
1231	324
1246	324
1410	324
1436	324
588	325
876	325
1078	325
1201	325
1484	325
650	327
652	327
1327	327
1389	327
1474	327
396	332
571	332
582	332
676	332
753	332
890	332
903	332
934	332
947	332
959	332
1085	332
1092	332
1179	332
1410	332
1436	332
1451	332
1490	332
517	337
608	337
710	337
811	337
815	337
860	337
1100	337
1230	337
1323	337
1381	337
549	340
1181	340
1246	345
359	348
474	348
497	348
631	348
721	348
777	348
864	348
910	348
915	348
1028	348
1048	348
1125	348
1168	348
1228	348
1257	348
1277	348
1413	348
1438	348
1447	348
365	352
620	352
1122	352
1448	352
371	357
511	358
628	358
680	358
908	358
1131	358
1435	358
474	359
497	359
513	359
522	359
631	359
640	359
642	359
721	359
777	359
864	359
910	359
1028	359
1048	359
1125	359
1189	359
1277	359
1413	359
1438	359
1447	359
493	363
1425	363
620	365
626	365
650	365
652	365
1122	365
1448	365
1474	365
1200	374
399	379
450	379
497	379
508	379
651	379
721	379
820	379
895	379
907	379
910	379
911	379
915	379
944	379
1119	379
1125	379
1132	379
1141	379
1156	379
1174	379
1269	379
1277	379
1334	379
1390	379
1413	379
1429	379
1434	379
1438	379
1453	379
502	380
521	380
967	380
1216	380
952	385
1187	385
1285	386
425	388
645	388
1069	388
780	391
804	391
989	391
642	395
820	395
1048	395
1447	395
582	396
1085	396
1410	396
1147	397
430	399
450	399
465	399
508	399
618	399
642	399
651	399
691	399
895	399
907	399
910	399
911	399
929	399
984	399
1007	399
1132	399
1141	399
1156	399
1174	399
1269	399
1277	399
1334	399
1390	399
1413	399
1429	399
1434	399
1447	399
1453	399
791	400
724	404
1265	404
567	407
957	407
975	407
1097	407
1136	407
1348	407
1443	407
1462	407
459	411
517	413
1323	413
706	416
546	418
834	418
964	418
1312	418
453	421
1412	421
1442	421
1075	424
531	425
992	425
1498	425
1224	428
618	430
691	430
895	430
924	430
984	430
1132	430
1141	430
1174	430
1453	430
1021	433
680	437
766	437
1243	441
720	446
465	450
508	450
651	450
691	450
907	450
911	450
1132	450
1141	450
1156	450
1174	450
1269	450
1277	450
1334	450
1413	450
1434	450
1453	450
756	452
1412	453
1442	453
718	455
952	457
1073	464
1239	464
1354	464
651	465
910	465
911	465
1132	465
1141	465
1156	465
1453	465
531	468
834	468
945	468
969	473
497	474
513	474
522	474
631	474
640	474
642	474
721	474
777	474
820	474
864	474
910	474
915	474
990	474
1028	474
1048	474
1095	474
1125	474
1168	474
1189	474
1228	474
1276	474
1277	474
1333	474
1404	474
1429	474
1438	474
1447	474
719	476
878	476
993	476
1067	476
1073	476
1147	476
1357	476
580	482
1052	482
1151	482
571	485
1012	485
1051	485
1282	485
1309	485
496	490
697	490
1249	490
1078	491
592	493
944	493
1213	493
697	496
1249	496
1336	496
1339	496
1412	496
1505	496
508	497
522	497
631	497
640	497
721	497
777	497
820	497
864	497
895	497
910	497
911	497
915	497
1019	497
1028	497
1045	497
1048	497
1095	497
1125	497
1132	497
1179	497
1189	497
1228	497
1259	497
1276	497
1277	497
1334	497
1429	497
1438	497
1447	497
521	502
967	502
1216	502
683	503
910	503
794	504
651	508
691	508
907	508
911	508
1132	508
1141	508
1156	508
1174	508
1269	508
1277	508
1334	508
1390	508
1413	508
1434	508
1453	508
536	510
590	511
680	511
820	511
908	511
1092	511
1179	511
1359	511
1413	511
631	513
777	513
864	513
1125	513
1189	513
608	517
710	517
811	517
815	517
822	517
860	517
1100	517
1230	517
1323	517
1333	517
1381	517
967	521
1216	521
631	522
640	522
721	522
777	522
864	522
910	522
915	522
1007	522
1028	522
1048	522
1125	522
1132	522
1168	522
1189	522
1277	522
1413	522
1429	522
1447	522
1453	522
834	531
945	531
1313	531
1033	533
1289	533
1452	546
1181	549
1442	549
659	551
680	551
825	551
1043	551
1425	551
1470	551
777	554
864	554
1277	554
1132	558
975	567
1348	567
1443	567
582	571
676	571
820	571
934	571
947	571
959	571
960	571
1085	571
1092	571
1119	571
1132	571
1179	571
1410	571
1436	571
680	572
766	572
1043	572
1124	572
1131	572
1435	572
604	573
656	573
1203	573
1253	573
1286	573
1052	580
1151	580
676	582
903	582
934	582
947	582
959	582
1085	582
1092	582
1179	582
1410	582
1436	582
640	588
876	588
1028	588
1078	588
1201	588
1328	588
1484	588
1333	592
1000	599
656	604
1203	604
1253	604
1286	604
710	608
811	608
815	608
822	608
860	608
1100	608
1230	608
1323	608
945	616
691	618
929	618
1141	618
1174	618
1453	618
650	620
1118	620
1122	620
1448	620
1068	626
1118	626
1122	626
680	628
908	628
1131	628
640	631
721	631
777	631
864	631
910	631
1028	631
1048	631
1095	631
1125	631
1189	631
1277	631
1404	631
1429	631
1438	631
1447	631
721	640
777	640
820	640
864	640
876	640
910	640
915	640
1028	640
1048	640
1095	640
1125	640
1189	640
1277	640
1404	640
1429	640
1438	640
651	642
820	642
864	642
910	642
1132	642
1277	642
1429	642
1447	642
1507	642
945	645
1506	646
941	647
652	650
1327	650
1389	650
1474	650
691	651
895	651
907	651
910	651
911	651
929	651
1119	651
1125	651
1132	651
1141	651
1156	651
1174	651
1259	651
1269	651
1277	651
1334	651
1390	651
1413	651
1434	651
1453	651
1327	652
1389	652
1474	652
1203	656
1253	656
1286	656
691	658
929	658
825	659
1043	659
1425	659
720	671
1336	673
1339	673
1364	673
1452	673
1505	673
753	676
820	676
890	676
903	676
934	676
947	676
959	676
1085	676
1092	676
1179	676
1410	676
1436	676
1490	676
766	680
881	680
908	680
1043	680
1124	680
1131	680
1324	680
1435	680
1047	682
1142	682
895	691
907	691
911	691
929	691
1132	691
1141	691
1156	691
1174	691
1269	691
1277	691
1334	691
1434	691
1453	691
1019	695
1045	695
1095	695
1249	697
1336	697
1339	697
1412	697
1505	697
945	707
1224	708
1378	708
1128	709
1248	709
811	710
815	710
860	710
1100	710
1164	710
1230	710
1323	710
1381	710
779	713
1312	714
878	719
993	719
1067	719
1073	719
1357	719
777	721
820	721
864	721
910	721
915	721
1028	721
1048	721
1095	721
1125	721
1132	721
1168	721
1179	721
1189	721
1228	721
1259	721
1269	721
1276	721
1277	721
1333	721
1334	721
1413	721
1429	721
1447	721
1265	724
835	730
1171	730
882	738
1176	738
1186	738
1308	738
1339	738
1505	738
1508	738
1500	742
877	750
897	750
980	750
1037	750
1070	750
934	753
959	753
1085	753
1283	755
1023	766
864	777
910	777
915	777
1028	777
1048	777
1095	777
1125	777
1168	777
1189	777
1228	777
1277	777
1333	777
1404	777
1429	777
1438	777
1447	777
804	780
888	781
1041	781
1176	799
1212	799
1336	799
1339	799
1364	799
1365	799
1452	799
1505	799
981	805
815	811
860	811
1100	811
1164	811
1230	811
1323	811
1333	811
1381	811
860	815
1100	815
1164	815
1230	815
1323	815
1381	815
1292	819
910	820
915	820
944	820
947	820
1045	820
1048	820
1085	820
1088	820
1092	820
1119	820
1125	820
1132	820
1179	820
1189	820
1231	820
1276	820
1277	820
1333	820
1400	820
1404	820
1413	820
1429	820
1436	820
1438	820
1381	822
1043	825
1324	825
929	834
1069	834
1171	835
1331	839
1363	844
1035	846
1189	855
1451	855
1100	860
1230	860
1323	860
1333	860
1381	860
910	864
915	864
1007	864
1028	864
1036	864
1048	864
1095	864
1125	864
1168	864
1179	864
1189	864
1228	864
1277	864
1429	864
1438	864
1447	864
1078	876
1201	876
1484	876
897	877
980	877
1037	877
1070	877
993	878
1067	878
1073	878
1176	882
1186	882
1308	882
1336	882
1339	882
1505	882
1508	882
1041	888
903	890
934	890
947	890
1085	890
1092	890
1179	890
1410	890
910	895
911	895
915	895
1132	895
1141	895
1156	895
1174	895
1269	895
1277	895
1334	895
1413	895
1429	895
1453	895
980	897
1037	897
1070	897
1218	900
1495	900
934	903
947	903
959	903
1085	903
1179	903
1410	903
1436	903
1490	903
911	907
1125	907
1132	907
1141	907
1156	907
1269	907
1334	907
1390	907
1434	907
1124	908
1131	908
1435	908
911	910
915	910
949	910
1019	910
1028	910
1048	910
1095	910
1125	910
1132	910
1141	910
1156	910
1179	910
1189	910
1228	910
1259	910
1269	910
1276	910
1277	910
1334	910
1390	910
1404	910
1413	910
1429	910
1434	910
1438	910
1447	910
1453	910
915	911
1132	911
1141	911
1156	911
1174	911
1259	911
1269	911
1277	911
1334	911
1413	911
1429	911
1434	911
1453	911
949	915
1019	915
1028	915
1048	915
1119	915
1125	915
1132	915
1141	915
1168	915
1179	915
1189	915
1228	915
1259	915
1269	915
1276	915
1277	915
1333	915
1334	915
1404	915
1413	915
1429	915
1438	915
963	918
1270	918
984	924
1277	924
945	929
1069	929
1141	929
947	934
959	934
1085	934
1092	934
1179	934
1410	934
1436	934
1451	934
1490	934
1391	939
1119	944
1132	944
1137	944
1231	944
1069	945
959	947
1085	947
1092	947
1179	947
1359	947
1410	947
1436	947
1490	947
1097	948
1136	948
1369	948
1462	948
1259	949
1269	949
1413	949
1187	952
1178	956
1281	958
1085	959
1092	959
1179	959
1410	959
1436	959
1490	959
1494	961
1270	963
1312	963
1394	963
1413	963
1167	964
1168	966
1216	967
1348	975
1443	975
1406	976
1037	980
1070	980
1277	984
1447	984
1384	992
1425	992
1067	993
1073	993
1277	1007
1282	1012
1309	1012
1213	1018
1045	1019
1132	1019
1189	1019
1413	1019
1429	1019
1048	1028
1078	1028
1095	1028
1125	1028
1132	1028
1168	1028
1179	1028
1189	1028
1228	1028
1259	1028
1277	1028
1404	1028
1413	1028
1429	1028
1438	1028
1447	1028
1048	1036
1333	1036
1070	1037
1188	1037
1124	1043
1131	1043
1435	1043
1429	1045
1142	1047
1095	1048
1125	1048
1132	1048
1168	1048
1179	1048
1189	1048
1228	1048
1276	1048
1277	1048
1333	1048
1404	1048
1429	1048
1438	1048
1447	1048
1147	1051
1282	1051
1309	1051
1151	1052
1454	1060
1130	1062
1069	1066
1073	1067
1118	1068
1122	1068
1239	1073
1354	1073
1412	1073
1092	1085
1179	1085
1410	1085
1436	1085
1451	1085
1490	1085
1507	1088
1119	1092
1179	1092
1250	1092
1410	1092
1436	1092
1490	1092
1125	1095
1189	1095
1228	1095
1277	1095
1333	1095
1404	1095
1429	1095
1447	1095
1136	1097
1333	1097
1369	1097
1400	1097
1462	1097
1230	1100
1323	1100
1381	1100
1122	1118
1448	1118
1132	1119
1156	1119
1179	1119
1259	1119
1269	1119
1334	1119
1410	1119
1189	1120
1448	1122
1131	1124
1435	1124
1132	1125
1141	1125
1168	1125
1189	1125
1228	1125
1259	1125
1269	1125
1277	1125
1333	1125
1334	1125
1404	1125
1413	1125
1429	1125
1438	1125
1447	1125
1248	1128
1324	1131
1435	1131
1141	1132
1156	1132
1174	1132
1179	1132
1231	1132
1259	1132
1269	1132
1276	1132
1277	1132
1334	1132
1390	1132
1413	1132
1429	1132
1434	1132
1438	1132
1453	1132
1333	1136
1369	1136
1462	1136
1156	1141
1174	1141
1259	1141
1269	1141
1277	1141
1334	1141
1390	1141
1413	1141
1434	1141
1447	1141
1453	1141
1313	1150
1402	1152
1174	1156
1259	1156
1269	1156
1277	1156
1334	1156
1390	1156
1413	1156
1429	1156
1434	1156
1438	1156
1453	1156
1189	1168
1228	1168
1277	1168
1404	1168
1472	1168
1269	1174
1277	1174
1334	1174
1434	1174
1453	1174
1186	1176
1212	1176
1308	1176
1336	1176
1339	1176
1364	1176
1365	1176
1452	1176
1505	1176
1508	1176
1189	1179
1359	1179
1400	1179
1404	1179
1410	1179
1429	1179
1436	1179
1490	1179
1308	1186
1336	1186
1339	1186
1505	1186
1508	1186
1228	1189
1277	1189
1404	1189
1413	1189
1429	1189
1221	1200
1328	1201
1484	1201
1253	1203
1286	1203
1254	1206
1336	1212
1339	1212
1364	1212
1365	1212
1452	1212
1505	1212
1495	1218
1499	1219
1378	1224
1273	1226
1276	1228
1277	1228
1333	1228
1334	1228
1404	1228
1413	1228
1447	1228
1323	1230
1333	1230
1381	1230
1354	1239
1412	1239
1336	1249
1339	1249
1412	1249
1505	1249
1436	1250
1286	1253
1277	1257
1269	1259
1277	1259
1334	1259
1390	1259
1413	1259
1429	1259
1277	1269
1334	1269
1390	1269
1413	1269
1429	1269
1434	1269
1312	1270
1277	1276
1334	1276
1429	1276
1334	1277
1390	1277
1404	1277
1413	1277
1429	1277
1434	1277
1438	1277
1447	1277
1453	1277
1472	1277
1309	1282
1336	1308
1339	1308
1357	1308
1505	1308
1508	1308
1442	1313
1381	1323
1435	1324
1389	1327
1474	1327
1369	1333
1400	1333
1404	1333
1447	1333
1462	1333
1390	1334
1413	1334
1434	1334
1453	1334
1339	1336
1364	1336
1365	1336
1452	1336
1505	1336
1508	1336
1364	1339
1365	1339
1412	1339
1452	1339
1505	1339
1508	1339
1443	1348
1410	1359
1490	1359
1365	1364
1452	1364
1505	1364
1452	1365
1505	1365
1462	1369
1474	1389
1429	1390
1434	1390
1407	1403
1429	1404
1436	1410
1451	1410
1490	1410
1442	1412
1505	1412
1429	1413
1434	1413
1447	1413
1453	1413
1434	1429
1438	1429
1453	1434
1490	1436
1453	1447
1457	1450
1505	1452
1508	1505
