3519	2519
1891	2853
132	904
132	1984
2531	3079
349	632
349	3101
511	1342
511	2386
511	955
511	3494
511	3264
511	4099
511	2012
511	2148
511	1869
3691	4423
2841	1759
2841	3400
2841	3530
2857	2405
1342	3252
1342	3616
1342	2985
1342	2735
1342	2178
1342	1576
1342	4016
1342	418
1342	431
1342	3975
1342	1873
1342	524
1342	2884
1342	1257
1342	4099
1342	1824
1342	3472
1342	2122
1342	1649
1342	1109
2762	3027
3939	3532
3939	4397
3939	461
3939	4382
3939	3139
3939	896
3939	4353
3939	4379
3399	2796
3399	2594
3399	1070
3399	988
3399	4396
3399	1963
460	396
460	4376
460	288
857	1300
857	3819
857	4396
857	1484
857	3262
459	2365
704	2924
704	3060
704	4310
704	3582
704	38
704	812
704	61
704	2528
704	4169
704	831
704	3562
704	3938
704	3788
704	423
704	2472
704	2795
704	3273
3047	2796
3047	2405
3047	72
1168	2665
1168	181
265	1888
3252	2817
3252	2735
3252	237
2082	37
2082	3335
2082	3806
4105	3079
1350	2740
329	994
4407	3402
4407	65
345	2405
3541	2837
3541	786
3541	2471
3541	1985
3541	1576
3541	1963
2837	786
2837	2817
2837	2471
2837	1985
2837	1302
2837	1576
2837	3819
2837	1623
786	2817
786	1985
786	1576
2817	2471
2817	1985
2817	3157
3297	4228
3297	1663
3297	3009
3297	4169
3297	3139
4228	2295
1990	3605
1990	3310
1990	3571
2339	4303
2339	963
4262	761
1831	173
1831	1394
2232	599
2232	3530
190	1712
4454	1630
4454	4256
4454	4425
4454	1967
2070	3024
2070	347
2070	2386
3024	347
3024	2386
3024	2405
347	2386
347	3264
347	4152
3679	528
3679	288
629	4396
629	1623
1870	1505
1965	769
2386	3975
2386	3264
2386	3709
3947	524
4459	1122
4459	3848
4459	4376
4459	288
4459	1077
599	1947
599	1736
599	3165
599	4351
599	3128
599	2283
599	2500
599	3457
599	1225
599	887
599	1021
599	2691
2924	1009
2924	1861
2261	166
2261	1729
2261	3321
2261	834
3423	2405
3423	401
3423	3609
2491	720
2491	3243
589	3009
589	3119
4384	3515
4384	632
1238	117
4357	1536
4357	867
4449	1536
4449	1681
4449	1785
4449	1109
4449	3478
261	664
261	4206
3060	1536
3060	3235
3060	3332
3060	723
3060	1681
3060	3205
3060	743
3060	1889
3060	238
3060	4443
3060	3211
3060	812
3060	1259
3060	1873
3060	831
3060	4248
3060	3471
3060	986
3060	867
3060	2262
3060	2201
3060	3198
3060	159
3060	423
3060	3139
3060	887
3060	447
3060	966
3060	2489
3060	2734
3060	3273
3060	3325
3060	4238
1376	1542
1376	731
1376	1286
1376	447
1376	3137
3580	62
639	2502
987	4425
2965	2111
2965	2216
2965	2902
2965	3280
2965	555
2965	2498
2965	2035
2965	3424
2965	2528
2965	981
2965	3656
2965	313
2965	2062
2965	2548
2965	3950
2965	2175
2965	2105
2965	2294
2965	2079
2965	1597
2965	3121
2965	2127
2965	2343
2965	2515
2965	70
2965	657
2965	937
2965	1033
2965	1392
2965	1411
2965	1583
2965	1683
2965	1967
2965	2067
2965	2170
2965	2363
2965	2399
2965	2428
2965	3090
2965	3151
2965	3308
2965	3759
2965	4401
4323	2405
980	4176
980	0
4176	0
4176	1237
917	0
3235	2602
3235	1583
3235	2095
2111	1505
2111	3079
1763	2801
1763	2470
208	739
208	2336
739	1630
739	2344
739	288
2448	1974
4310	3157
4310	3139
4310	3042
4310	1397
2048	2350
2048	3009
2048	159
2048	2292
2048	4266
2048	2574
2048	1963
2048	3483
4240	37
4240	2726
4240	3957
4240	2660
4240	1194
2667	780
2667	1003
2667	3336
2667	878
2375	2799
2375	3226
2375	3187
2375	1492
2375	3139
918	1259
918	1658
420	4234
420	2528
3712	1040
2403	945
2216	3562
2216	369
2216	3162
2216	3139
2216	2602
2216	3027
2216	3079
2216	1641
2216	3482
1312	3157
1300	773
1300	4344
1300	2936
1300	1824
1300	2043
773	3445
773	4344
773	796
773	161
773	15
773	1824
1396	3009
1396	2731
3616	2985
3616	722
3616	418
3616	3211
3616	3264
2799	1947
2799	3395
2799	4279
2799	2944
2799	2098
2799	1505
2799	2079
2799	839
2799	1341
2707	2354
2707	630
2752	632
2752	368
1295	2354
1295	3709
1295	2680
1295	1984
396	3848
396	3128
396	2262
396	2103
396	2032
396	4425
396	534
396	16
396	288
396	4182
396	2744
3226	1270
3226	3139
3854	2936
2796	2735
2796	814
2796	732
2796	237
2796	3441
2796	864
2796	1126
2796	4187
2796	3709
2796	1491
2796	2884
2796	3417
2796	2676
2796	1778
2796	499
2796	2148
2796	2264
483	3625
1328	2925
493	3332
493	1984
410	4402
410	2405
2985	3312
2985	1416
3378	1819
3378	1257
1947	2223
1947	751
1947	1563
1947	3623
1947	3099
1947	1183
1947	812
1947	2300
1947	325
1947	3975
1947	3264
1947	4248
1947	3471
1947	684
1947	2262
1947	1434
1947	627
1947	3157
1947	1541
1947	4231
1947	1257
1947	2281
1947	1010
1947	688
1947	534
1947	2025
1947	1480
1947	636
1947	657
1947	745
1947	937
1947	1609
1947	1850
1947	2825
1947	3362
1947	3482
4039	1178
4039	2654
1195	955
3075	1988
3075	2876
3075	2350
3075	1963
3075	4229
3383	2242
4250	3009
4250	588
4250	731
4250	3175
4250	3602
4250	3129
4250	875
2462	814
2462	385
2462	600
2462	1492
2462	3428
2462	166
2462	1121
2462	1505
2462	1731
2462	1881
4341	3967
4341	1079
4341	4144
4341	2680
4341	1043
4341	3027
18	652
18	513
18	1660
18	1654
18	1031
18	4151
18	3434
18	1731
2184	1488
2184	1542
2184	1406
2184	807
2184	2884
2184	3262
2180	37
2180	3930
264	4153
2902	3079
2902	1948
2902	3500
62	1660
62	1988
62	3139
62	664
2471	1985
2471	1406
2471	1576
2471	988
2471	974
1488	4402
1488	2195
1985	1406
1985	4402
1985	1576
1985	1126
37	2893
37	2287
37	1570
37	3422
37	1824
37	1444
37	3396
744	3819
744	3590
744	945
744	2130
652	513
652	1031
652	4151
652	3434
652	2836
513	3819
513	4292
513	1505
513	1031
513	4151
513	3434
513	3106
513	1484
2949	96
514	2405
1542	4085
1542	3264
1542	627
1542	666
1542	14
1542	3027
1542	1881
1542	984
3187	1406
3187	743
3187	3009
3187	988
3187	868
3187	3482
4239	4396
4239	504
2317	96
2317	3140
2317	2699
2317	1951
2317	2562
2317	844
2926	4169
2926	3139
1406	4402
1406	2654
1406	3400
3332	2830
3332	2724
3332	1491
3332	4230
3332	1984
3332	3129
3332	1010
920	2828
920	4020
920	2407
920	867
920	3647
920	39
920	1711
920	843
920	632
920	4394
2828	2407
2828	867
2828	3647
2828	39
2828	1711
2828	843
2828	632
2828	3579
2828	594
2828	4394
1552	3975
1552	938
382	2529
382	3363
382	2936
382	2201
382	2856
382	3588
1177	183
1177	1630
1177	2344
1177	1102
1177	925
1177	1848
1177	1967
185	4136
185	413
2251	2405
2251	1182
3280	391
3663	3079
4402	3515
4402	988
4402	2654
4402	176
4402	1246
4402	2130
4402	1007
2830	418
2830	355
2830	310
2830	2724
2830	1491
2830	1984
2830	3129
2830	117
2830	1010
2830	2525
4020	867
1370	2542
3135	2595
3135	1921
3069	2595
3069	665
3069	1997
2735	3066
2735	2178
2735	3975
2735	3139
1681	3205
1681	32
1681	3478
1681	3683
1681	1341
3662	3510
404	2718
404	288
404	3981
2453	288
814	600
814	1544
814	3772
814	2528
814	674
814	4292
814	239
814	4048
814	473
814	3139
814	3530
2298	406
2298	2130
3510	3848
3510	1943
3510	1188
3510	2103
3510	288
1736	731
1736	3482
1759	720
1759	3501
1759	3072
1759	1206
1759	3819
1759	1921
1759	1070
1759	3952
1759	3175
1759	3177
1759	2104
1759	2855
1759	573
1759	2326
1759	2438
1759	3560
1759	4206
1759	348
1759	868
1759	2382
1759	2399
1759	3273
1759	4160
1759	711
3066	945
3672	527
3672	3457
183	1122
183	3848
183	1943
183	3402
183	3128
183	2330
183	2103
183	2032
183	534
183	16
183	288
183	290
183	2733
183	925
183	1967
183	4317
886	3009
886	1515
886	3408
3033	70
4412	3490
4412	3055
488	3211
976	2172
3868	1378
1122	3848
1122	401
1122	564
1122	2718
4249	1731
2989	933
1020	1301
1020	337
1020	1739
2178	1660
2178	3486
2769	2405
4397	4427
4397	2096
1660	4427
1660	2096
1660	637
1660	994
1660	3930
1660	1505
1660	4151
1660	664
1660	2499
743	96
2636	2917
2636	1921
2636	684
2636	856
1988	3428
1988	2112
1988	1876
1988	587
3974	2955
3974	1515
3501	4427
3501	3834
3501	2354
3501	2642
3501	502
3501	2155
3501	2551
3501	3910
3967	1974
4261	4143
1270	1128
1270	2130
4017	1445
4017	117
999	2658
1302	2266
1302	3457
1302	4292
1302	3139
1302	2609
1302	2095
751	337
751	127
751	637
806	4396
1028	166
2028	1537
1229	580
385	3388
385	2405
385	2873
385	2023
905	401
905	4376
905	1829
905	2682
3379	1128
3379	1876
3379	3930
3379	2130
3379	667
3607	1326
3607	1509
600	2245
600	325
600	674
600	3601
600	1257
600	2416
600	2918
600	1963
600	742
600	2525
600	3343
363	4169
363	3139
2603	1505
2955	4169
2955	1515
2955	3139
1960	3079
79	1212
48	3312
48	249
48	995
1841	3819
1841	3157
1841	1128
1841	4396
1841	1362
1841	637
1841	4027
1841	2562
1841	1366
3072	3400
216	3819
2968	3822
214	2405
1563	2405
4148	2525
3655	2130
4193	3035
2876	4123
2876	1658
2876	1181
2801	1348
2801	288
2801	2682
1348	288
3476	1978
3476	3975
3476	4248
3476	2362
3476	3601
2893	159
3222	2969
3222	3388
3222	955
3222	2405
3222	988
3222	2742
3222	4187
3222	4152
3222	684
3222	1424
3222	1491
3222	3417
3222	2676
3222	1252
3222	1347
3222	1905
3222	3253
3222	1007
3222	4036
1009	3390
1009	1112
1009	155
1009	2177
1009	1480
1009	288
1009	520
1009	1103
1009	1848
1009	2316
1009	4317
4142	1762
1861	2655
1861	2733
2295	2362
2295	974
2295	665
1630	3848
1630	3128
1630	3148
1630	956
1630	2262
1630	1112
1630	2032
1630	2344
1630	2700
1630	2718
1630	534
1630	65
1630	288
1630	1967
1630	2322
1630	2682
1630	4317
1192	731
3099	2344
3099	4136
3099	414
3848	1943
3848	3818
3848	564
3848	3995
3848	2344
3848	2718
3848	4425
3848	534
3848	1480
3848	1102
3848	925
3848	1848
3848	1967
3848	4317
1943	3128
1943	68
1943	288
501	1040
3103	2895
3103	2098
3103	3225
4351	4425
4016	967
4016	896
969	899
972	3394
972	1410
972	2676
972	2325
972	3710
972	984
2350	3428
2350	2716
2350	956
2350	1785
2350	1876
2350	632
2350	3101
2350	1733
2350	1041
2350	1658
2350	1881
2917	433
2917	2884
2917	2676
2917	4130
2917	766
2917	2470
2917	2746
2917	2257
2239	2928
238	1984
238	1570
238	3161
3359	3819
3359	1964
3359	3139
3359	997
722	2341
2287	994
2287	3400
3209	1172
3209	2920
3030	3009
3030	3139
4117	107
470	2177
237	2262
237	4423
237	4221
796	1183
2407	3647
2407	39
2407	1711
2407	423
2407	3118
2407	3482
2407	4394
1183	418
1183	843
1183	1974
1183	3253
1183	887
1183	2421
2073	2405
3515	1265
3515	3326
3515	2416
3515	2602
4114	1537
3339	2032
326	3818
33	2146
33	3262
33	3064
418	4329
418	1812
418	15
418	2692
418	673
418	2155
418	2530
2093	430
2093	3930
304	807
174	3130
4303	3130
4303	915
4303	4151
4303	1484
1178	2242
2649	288
3818	3128
3818	3914
3818	3457
3818	3377
3818	288
3818	1967
904	3312
904	4442
904	3572
4448	1200
686	2986
1265	2362
1265	373
1265	1341
1265	1182
1265	2628
2365	65
2365	141
2529	1235
2529	4396
2529	351
2529	1465
2529	2571
3363	679
3363	1484
3363	1869
430	3278
430	955
430	885
430	664
430	2033
430	1567
1200	4427
1200	2936
1200	3107
679	2104
1243	1508
2272	1371
2272	2936
656	96
656	3270
1079	2103
1079	3027
1079	288
1079	3382
1172	1492
1172	547
1172	3504
1172	4147
1492	674
1492	666
4427	553
4427	15
4427	3601
4427	2574
4427	3262
2475	1351
3834	2884
3128	2172
3128	3194
3128	2330
3128	401
3128	2740
3128	1112
3128	2344
3128	2718
3128	4425
3128	534
3128	681
3128	1480
3128	1102
3128	288
3128	925
3128	1848
3128	1967
3128	4317
1371	2936
1371	1862
1371	887
1371	1465
1537	271
1537	61
1537	731
1537	4255
1537	4235
1537	2639
1537	1194
1537	5
1537	1774
1537	887
1537	499
1537	1994
1537	3719
1537	4075
1537	1869
2172	4136
2172	1704
2172	3588
4256	465
4256	765
4256	288
1332	1948
3388	2528
3388	4152
3388	684
3388	2676
3388	1905
3388	3139
3388	3064
1140	870
4443	3787
3428	674
3428	2299
3428	504
166	864
166	2528
166	674
359	3795
3148	2894
3148	2032
3148	2700
3148	1480
3148	1102
3148	288
3148	3917
3148	4317
449	516
449	2405
449	3031
517	516
516	3730
181	2354
181	3471
923	3079
3211	3975
3211	2202
3211	369
3211	1839
3211	1194
3211	1271
3211	3526
1206	2299
1206	4265
1544	3772
1544	239
1544	473
2245	1347
2245	759
2894	1437
3811	423
3819	1126
3819	2253
3819	4147
3819	4081
3819	1876
3819	4027
3819	1505
3819	945
3819	2130
3819	2727
3819	2019
3312	3787
3312	1235
3312	3878
1819	3593
1819	3264
1819	3429
1819	406
1819	2130
1819	3668
1819	887
1819	3667
1819	4400
2716	2612
465	2226
3772	239
3772	473
864	3640
864	2654
864	4152
864	876
864	3762
864	3991
864	2928
1188	4051
1188	4317
1316	3190
956	3975
956	1257
955	3975
955	731
955	2299
955	1437
2330	2810
2330	288
2330	1967
2594	573
1126	994
1126	1963
2279	553
3574	2405
2910	423
3035	632
2215	3276
2215	3083
2018	3009
2018	3064
2408	2254
2408	851
2254	2405
2254	3079
482	559
3213	630
662	3601
791	1832
3494	3457
3494	696
3494	1240
3494	2639
167	3371
167	1491
167	3025
167	1878
167	3062
167	676
167	4167
754	779
3956	3301
3956	4169
3956	1231
4058	3009
4058	524
1068	2718
3583	2354
3583	2574
3583	3483
2405	4123
2405	714
2405	3985
2405	4322
2405	2162
2405	32
2405	4280
2405	1301
2405	3573
2405	931
2405	68
2405	4442
2405	696
2405	4030
2405	2929
2405	637
2405	1257
2405	1621
2405	2079
2405	3104
2405	2344
2405	1991
2405	4186
2405	3106
2405	1700
2405	207
2405	1109
2405	3318
2405	1774
2405	120
2405	290
2405	447
2405	478
2405	557
2405	718
2405	729
2405	896
2405	1026
2405	1092
2405	1105
2405	1151
2405	1439
2405	1456
2405	1547
2405	1560
2405	1602
2405	1616
2405	1730
2405	1798
2405	1816
2405	2092
2405	2148
2405	2319
2405	2364
2405	2402
2405	2563
2405	2741
2405	2860
2405	2954
2405	3042
2405	3362
2405	3381
2405	3482
2405	3493
2405	3927
2405	4056
2405	4109
2405	3260
2405	4237
2405	4238
2405	4358
2405	4420
2405	3594
3009	2654
3009	684
3009	1161
3009	1434
3009	565
3009	3826
3009	239
3009	1700
4416	2422
4416	4071
1978	1771
1978	3083
1978	14
1978	3308
2112	812
2112	637
2112	3139
2112	504
2112	1397
812	4169
812	1397
812	3482
2247	2882
61	4187
61	159
61	3139
512	3703
2576	2382
2576	2751
4194	731
3640	988
3640	684
3640	1112
3640	4396
3640	2095
3640	3064
1921	3562
1921	14
3914	2262
325	3174
325	1938
325	1341
325	1869
325	4394
2084	2991
3593	839
3593	3139
2528	32
2528	807
2528	3139
3975	1693
3975	1378
3975	3264
3975	90
3975	4423
3975	369
3975	1876
3975	1257
3975	2281
3975	3079
3975	1869
1070	269
3492	2590
2750	3079
1693	1257
1693	243
1378	3398
1378	3400
1378	3059
3948	3262
981	2354
981	3372
981	1984
2354	3706
2354	3709
2354	867
2354	3657
2354	3326
2354	3372
2354	4442
2354	1984
2354	4027
2354	607
2354	1429
2354	3067
2354	2177
2354	191
2354	800
2354	1120
2354	1489
2354	2190
2354	2694
4123	4229
4123	4172
4372	4177
588	2463
588	3129
588	875
588	1484
588	761
731	2654
731	586
731	573
731	630
731	3845
731	887
731	277
731	515
731	2163
3202	1700
2195	3576
2195	1241
2195	3590
2477	1505
2477	3079
1812	2032
401	288
401	1848
401	3382
3985	4423
3985	159
3985	2708
564	68
564	288
564	925
564	1268
3639	851
3639	2095
4354	3372
3656	1409
4322	1480
3167	4387
3952	1361
3267	527
527	1899
527	313
527	2794
527	3590
527	1031
527	4151
1899	2472
313	1164
313	1128
4415	207
3522	3018
1781	291
1781	3482
3576	1142
3576	3139
674	1121
674	1505
674	1731
674	1881
1432	2509
1482	1873
3301	3787
3301	3474
3301	226
3301	1235
2740	2032
2740	288
2740	2291
235	988
235	1869
2502	2848
3786	2979
3341	3601
3341	974
4376	1040
4376	1112
4376	2687
4376	630
4376	1437
4376	2682
3204	107
2657	3619
3787	3474
3787	4069
3787	2127
3787	177
1604	2542
1604	3090
1604	3591
3961	2104
2509	553
2509	4133
4169	994
4169	3139
4169	107
4169	1830
4169	2319
988	553
988	2884
988	2676
988	423
988	2130
988	1658
988	3343
988	4198
988	984
3190	3083
3190	215
3264	1738
2654	3471
2654	1778
2654	3806
2654	887
2654	323
2654	2525
2654	3774
2654	4229
2654	984
2654	711
4424	291
3439	3766
3439	4056
1888	54
1888	4186
1888	191
1888	1967
586	1695
2233	4081
3957	4248
831	408
831	3831
831	1484
831	1041
831	478
2848	1827
524	4292
524	580
1040	1410
1040	2045
1040	4186
1040	2655
1040	1848
4248	159
3471	3774
1915	2472
2422	3601
2422	2806
2422	1472
2742	2676
2742	1648
4187	4152
4187	2676
4187	1778
4187	1905
3709	553
3709	1984
3709	2676
3709	1778
3709	3262
4152	1911
4152	3417
4152	4130
4152	1905
4152	2257
4152	3064
4152	4036
684	1491
684	2884
684	2676
684	4130
684	3346
684	2257
684	984
684	4036
297	667
297	887
3549	1774
3602	3658
310	2724
310	1010
1241	109
2104	995
2202	3079
2367	2895
2810	1409
2810	117
2810	3318
2810	2599
42	4096
2493	1251
1447	593
1447	2032
1447	288
1832	1252
3140	2699
3140	1951
3140	2692
2699	1951
3011	1878
72	1252
72	1738
537	1252
1911	1974
3903	1102
1279	3665
4263	3766
867	4144
867	39
867	632
308	3027
1204	4144
1204	693
1204	274
1204	2879
1204	4119
4280	4144
661	4144
661	3287
1748	1505
1301	337
1301	1505
1301	2545
337	1739
337	4230
337	1362
337	191
337	3007
337	3137
433	2146
1739	248
1739	3262
90	3318
2853	3347
2853	528
2853	4153
2853	761
2853	3318
4233	248
3347	4153
3347	761
941	2628
137	522
137	3260
3418	1848
98	117
98	2944
98	1505
891	3206
891	573
891	45
3830	573
3206	573
3206	45
1515	3573
1515	573
1515	877
1515	807
1515	3798
3573	573
3573	877
3573	807
1980	807
1980	2140
573	45
573	2326
573	877
573	2794
573	1775
573	3299
2600	3657
877	807
877	1551
3657	3117
3657	1848
807	2140
807	1731
2000	2024
3647	39
3647	1711
3647	843
3647	4394
461	1505
230	2696
3725	4144
4144	3562
4144	2416
4144	2451
4144	3434
4144	3262
2262	1112
2262	2344
2262	534
2262	1102
2262	1848
2262	1967
2262	3262
2262	4317
400	2718
400	2847
400	3155
931	2130
1654	1252
1654	1505
1654	1878
1654	3079
1654	4229
1654	4172
4423	2130
118	4292
118	2689
1410	1878
4147	4221
1112	288
1112	1848
593	191
3950	3567
3950	1658
226	225
226	1879
3625	294
1608	294
3457	994
3457	1963
3457	3262
3457	3609
3457	3785
3457	3483
2103	1967
1551	794
1913	627
1913	666
627	666
627	4396
627	4231
627	1716
627	4352
627	14
627	3027
627	1963
666	1164
666	3408
666	109
666	3157
666	1785
666	1716
666	2343
666	4352
666	14
666	1963
3107	4172
3395	3031
1164	2175
1164	3408
1164	109
1164	3157
1164	1785
1164	1128
1164	1362
1164	1876
1164	637
1164	4027
1164	2562
1164	994
1164	3930
1164	1881
1164	3262
1164	2887
2175	637
3408	3157
3408	637
3408	4027
3408	1366
109	538
109	637
109	500
109	2024
3157	2319
3157	3007
4259	117
4259	3139
4259	1182
1445	1967
68	472
68	2718
4069	504
553	3398
553	1505
553	1005
553	3270
553	664
553	3400
2680	2433
2724	4230
2724	1984
2724	1010
2724	2525
876	4292
2463	3590
1491	4230
1491	1984
1491	2525
4230	2525
4442	1984
4442	1774
1984	3129
1984	1010
1984	854
685	1109
1236	3766
3539	3079
3762	472
15	1484
730	423
730	3139
730	974
730	1963
730	454
730	3262
3562	982
3562	3101
3562	4400
3029	759
39	1711
39	843
39	3309
39	3579
39	4394
528	3805
528	3164
258	879
1711	843
1711	4394
1218	3346
1218	1878
2593	787
1384	3590
2108	288
248	1836
248	3314
248	1738
248	1038
248	3343
1128	1286
1128	1876
1128	4027
1128	632
1128	2562
1128	994
1128	3930
1128	2127
1128	2130
1128	667
2362	1347
2362	664
2362	3343
1789	2127
1286	2863
1286	2130
3601	994
3601	1505
3601	3270
3601	500
3601	664
3601	974
1235	758
1235	994
1235	1194
758	1881
713	2944
848	945
848	664
848	260
1520	4027
2929	761
628	2660
4110	3139
4110	4352
2995	1977
843	4394
3991	3665
3991	4396
2299	447
2299	794
225	3308
3938	1848
369	2660
802	2771
2794	3590
2794	2421
630	2980
630	502
630	2173
2660	2024
101	3493
101	4436
3826	2694
1839	2214
3567	4130
3567	4048
3567	395
3567	2302
3567	177
4184	1878
3417	2676
3417	1778
3417	1905
523	851
523	626
3025	676
3321	2024
4081	4396
1000	632
1000	3101
1000	1733
1000	2228
3665	2637
3665	4396
3665	640
2637	4396
2637	640
4396	640
4396	1505
4396	2806
4396	2615
4396	664
4396	1038
4396	2920
3658	232
3658	580
3658	3730
2676	766
2676	1778
2676	441
2676	1905
2676	3795
2676	1267
2676	3064
2676	4036
1362	637
1362	4027
1362	2562
1362	994
1362	2154
1362	1366
1362	107
1362	1196
1876	637
1876	2562
1876	994
1876	500
538	2024
637	4027
637	2562
637	994
637	3930
637	755
637	1366
4027	2562
4027	994
4027	1366
4027	107
632	1257
632	3590
1541	3071
3039	2629
2562	994
2562	3930
2562	1366
2562	1731
994	3930
994	1505
994	3335
994	1878
994	1366
994	107
994	1460
3930	107
3930	2024
4231	14
4231	3079
3374	423
4130	3064
766	3079
607	903
903	2257
903	1658
1257	2470
1257	676
1257	2631
1257	3042
1257	4379
1716	14
1802	3174
804	945
580	851
2639	4352
1194	423
4279	2944
4279	3139
176	1848
1778	499
2728	191
2558	191
2102	1878
2895	519
2895	794
2895	4394
1570	423
117	2944
117	1597
117	839
117	818
117	1473
117	3318
117	626
117	658
117	2599
117	3746
117	3750
117	2840
218	1505
1069	2944
2944	1505
2944	2079
2944	1597
2944	1878
2944	839
2944	1341
2944	3591
1505	2079
1505	2574
1505	502
1505	1196
1505	3547
1347	3139
1347	997
3031	765
3031	288
1597	159
1597	4289
1597	3310
3000	997
408	1484
408	2472
1454	868
2146	1738
3314	2918
3878	945
3878	2134
3878	2911
759	2134
239	473
239	664
3590	3434
3590	1618
2242	4151
3422	1878
3422	3262
3805	14
945	664
945	3154
945	260
945	323
945	2280
945	2911
945	3013
945	3365
1800	1196
1878	1246
1878	2877
1878	3008
839	2599
3560	3079
4141	515
2281	1869
755	4048
4048	395
4048	2302
395	4133
395	2302
2032	2344
2032	2718
2032	65
2032	1480
2032	1102
2032	1848
2032	1967
2032	4317
2416	1963
2416	2525
1862	3262
2451	3139
2451	3079
2344	3079
2344	288
2344	1077
2344	1848
2344	2744
3270	423
3270	1688
3270	2879
2980	647
4215	2486
3198	4289
3788	3478
3979	3079
3831	993
2832	406
912	3299
2686	725
2686	2472
4382	4298
4382	4272
4382	3262
4382	4036
913	3139
2746	500
2127	4362
1031	4151
4151	3434
3434	1963
3434	3018
3083	3056
3083	665
3083	937
3083	1602
3579	4394
423	776
423	1010
423	4206
423	2633
423	535
423	2499
423	2734
423	3478
423	4373
776	647
406	2130
406	4166
3225	664
3225	260
3225	2515
3225	3079
2341	4294
792	1102
995	3774
1010	879
1010	2525
472	2432
2177	673
2177	1829
2177	2682
2177	4317
2177	1869
3106	3162
3106	3243
810	3162
810	1484
3162	1484
3139	1700
3139	2480
3139	2515
3139	693
3139	1315
3139	502
3139	1354
3139	1881
3139	2319
3139	3262
3139	3343
3139	2628
3139	4036
256	2
664	260
664	3260
4291	2718
4291	1102
4291	4317
1700	3500
2278	3511
2278	2222
4051	688
688	64
207	3591
1509	3027
291	149
14	1963
2292	4266
2292	2574
2292	2727
2292	3483
4266	2574
4266	1963
2574	1963
2574	1881
2574	3483
3472	577
2718	1102
2718	16
2718	69
2718	288
2718	1967
2718	3591
4425	288
4425	392
4425	1967
4037	65
756	3366
756	3164
756	3079
756	75
2655	2682
1231	2609
2773	2012
1753	4136
1753	2012
1038	2053
1038	3262
534	288
534	4182
534	678
534	925
534	1077
534	1967
534	4317
3164	667
3071	1558
3062	3875
1237	1341
2130	667
2130	3668
2130	4166
2130	3785
3400	4400
1731	1465
667	4293
681	288
681	1569
681	1954
65	288
65	2599
65	3382
2652	1979
4136	456
4136	774
107	2415
107	1465
107	2599
2415	799
2257	3253
2257	1658
3253	997
1658	2743
1658	3064
997	177
1109	2499
1109	2933
3174	1102
621	2527
3027	447
3027	2489
3027	4197
260	2515
260	3079
3079	887
3079	70
3079	692
3079	1994
3079	2319
3079	2622
3079	2691
3079	3013
3079	3063
3079	3436
3079	3514
3079	3750
3079	3875
3079	4109
2727	1938
4153	761
3243	3056
1473	3318
1473	2599
1480	288
3318	2599
1102	288
974	204
24	984
41	541
1774	3482
2158	1721
887	3482
153	2228
215	1747
288	678
288	925
288	1848
288	1967
288	2563
288	2696
288	2744
288	3382
288	4317
290	2336
303	1954
2733	3262
1963	1709
1963	2325
1963	3343
1963	3500
1963	3483
447	2205
447	4124
448	3028
456	779
467	3240
519	1749
519	2067
521	1848
531	1120
541	1601
598	2489
606	2836
748	1575
774	1521
774	4189
779	3738
794	1305
794	1881
794	3262
868	2186
925	1967
925	2244
949	3239
979	2228
1103	4317
1120	3260
1212	4252
1361	4358
1411	4312
1437	1848
1521	1547
1521	1938
1521	4189
1521	373
1521	1341
1521	1182
1521	2628
1521	3483
1547	4189
1547	373
1547	1341
1547	1182
1547	2628
1547	3483
1601	3260
1617	4035
1730	4167
1795	3262
1816	1830
1827	2630
1848	2023
1848	4317
1881	3262
1948	3500
1948	3999
1967	3382
1967	4317
2012	3064
2346	3720
2352	3482
2399	1869
2499	3478
2499	3503
2664	2768
3262	2947
3262	3110
3262	3343
3262	4056
2734	3720
2836	3210
2925	1869
2957	3482
3287	1397
3414	3609
3523	1182
3719	3720
2628	3483
2519	3519
2853	1891
904	132
1984	132
3079	2531
632	349
3101	349
1342	511
2386	511
955	511
3494	511
3264	511
4099	511
2012	511
2148	511
1869	511
4423	3691
1759	2841
3400	2841
3530	2841
2405	2857
3252	1342
3616	1342
2985	1342
2735	1342
2178	1342
1576	1342
4016	1342
418	1342
431	1342
3975	1342
1873	1342
524	1342
2884	1342
1257	1342
4099	1342
1824	1342
3472	1342
2122	1342
1649	1342
1109	1342
3027	2762
3532	3939
4397	3939
461	3939
4382	3939
3139	3939
896	3939
4353	3939
4379	3939
2796	3399
2594	3399
1070	3399
988	3399
4396	3399
1963	3399
396	460
4376	460
288	460
1300	857
3819	857
4396	857
1484	857
3262	857
2365	459
2924	704
3060	704
4310	704
3582	704
38	704
812	704
61	704
2528	704
4169	704
831	704
3562	704
3938	704
3788	704
423	704
2472	704
2795	704
3273	704
2796	3047
2405	3047
72	3047
2665	1168
181	1168
1888	265
2817	3252
2735	3252
237	3252
37	2082
3335	2082
3806	2082
3079	4105
2740	1350
994	329
3402	4407
65	4407
2405	345
2837	3541
786	3541
2471	3541
1985	3541
1576	3541
1963	3541
786	2837
2817	2837
2471	2837
1985	2837
1302	2837
1576	2837
3819	2837
1623	2837
2817	786
1985	786
1576	786
2471	2817
1985	2817
3157	2817
4228	3297
1663	3297
3009	3297
4169	3297
3139	3297
2295	4228
3605	1990
3310	1990
3571	1990
4303	2339
963	2339
761	4262
173	1831
1394	1831
599	2232
3530	2232
1712	190
1630	4454
4256	4454
4425	4454
1967	4454
3024	2070
347	2070
2386	2070
347	3024
2386	3024
2405	3024
2386	347
3264	347
4152	347
528	3679
288	3679
4396	629
1623	629
1505	1870
769	1965
3975	2386
3264	2386
3709	2386
524	3947
1122	4459
3848	4459
4376	4459
288	4459
1077	4459
1947	599
1736	599
3165	599
4351	599
3128	599
2283	599
2500	599
3457	599
1225	599
887	599
1021	599
2691	599
1009	2924
1861	2924
166	2261
1729	2261
3321	2261
834	2261
2405	3423
401	3423
3609	3423
720	2491
3243	2491
3009	589
3119	589
3515	4384
632	4384
117	1238
1536	4357
867	4357
1536	4449
1681	4449
1785	4449
1109	4449
3478	4449
664	261
4206	261
1536	3060
3235	3060
3332	3060
723	3060
1681	3060
3205	3060
743	3060
1889	3060
238	3060
4443	3060
3211	3060
812	3060
1259	3060
1873	3060
831	3060
4248	3060
3471	3060
986	3060
867	3060
2262	3060
2201	3060
3198	3060
159	3060
423	3060
3139	3060
887	3060
447	3060
966	3060
2489	3060
2734	3060
3273	3060
3325	3060
4238	3060
1542	1376
731	1376
1286	1376
447	1376
3137	1376
62	3580
2502	639
4425	987
2111	2965
2216	2965
2902	2965
3280	2965
555	2965
2498	2965
2035	2965
3424	2965
2528	2965
981	2965
3656	2965
313	2965
2062	2965
2548	2965
3950	2965
2175	2965
2105	2965
2294	2965
2079	2965
1597	2965
3121	2965
2127	2965
2343	2965
2515	2965
70	2965
657	2965
937	2965
1033	2965
1392	2965
1411	2965
1583	2965
1683	2965
1967	2965
2067	2965
2170	2965
2363	2965
2399	2965
2428	2965
3090	2965
3151	2965
3308	2965
3759	2965
4401	2965
2405	4323
4176	980
0	980
0	4176
1237	4176
0	917
2602	3235
1583	3235
2095	3235
1505	2111
3079	2111
2801	1763
2470	1763
739	208
2336	208
1630	739
2344	739
288	739
1974	2448
3157	4310
3139	4310
3042	4310
1397	4310
2350	2048
3009	2048
159	2048
2292	2048
4266	2048
2574	2048
1963	2048
3483	2048
37	4240
2726	4240
3957	4240
2660	4240
1194	4240
780	2667
1003	2667
3336	2667
878	2667
2799	2375
3226	2375
3187	2375
1492	2375
3139	2375
1259	918
1658	918
4234	420
2528	420
1040	3712
945	2403
3562	2216
369	2216
3162	2216
3139	2216
2602	2216
3027	2216
3079	2216
1641	2216
3482	2216
3157	1312
773	1300
4344	1300
2936	1300
1824	1300
2043	1300
3445	773
4344	773
796	773
161	773
15	773
1824	773
3009	1396
2731	1396
2985	3616
722	3616
418	3616
3211	3616
3264	3616
1947	2799
3395	2799
4279	2799
2944	2799
2098	2799
1505	2799
2079	2799
839	2799
1341	2799
2354	2707
630	2707
632	2752
368	2752
2354	1295
3709	1295
2680	1295
1984	1295
3848	396
3128	396
2262	396
2103	396
2032	396
4425	396
534	396
16	396
288	396
4182	396
2744	396
1270	3226
3139	3226
2936	3854
2735	2796
814	2796
732	2796
237	2796
3441	2796
864	2796
1126	2796
4187	2796
3709	2796
1491	2796
2884	2796
3417	2796
2676	2796
1778	2796
499	2796
2148	2796
2264	2796
3625	483
2925	1328
3332	493
1984	493
4402	410
2405	410
3312	2985
1416	2985
1819	3378
1257	3378
2223	1947
751	1947
1563	1947
3623	1947
3099	1947
1183	1947
812	1947
2300	1947
325	1947
3975	1947
3264	1947
4248	1947
3471	1947
684	1947
2262	1947
1434	1947
627	1947
3157	1947
1541	1947
4231	1947
1257	1947
2281	1947
1010	1947
688	1947
534	1947
2025	1947
1480	1947
636	1947
657	1947
745	1947
937	1947
1609	1947
1850	1947
2825	1947
3362	1947
3482	1947
1178	4039
2654	4039
955	1195
1988	3075
2876	3075
2350	3075
1963	3075
4229	3075
2242	3383
3009	4250
588	4250
731	4250
3175	4250
3602	4250
3129	4250
875	4250
814	2462
385	2462
600	2462
1492	2462
3428	2462
166	2462
1121	2462
1505	2462
1731	2462
1881	2462
3967	4341
1079	4341
4144	4341
2680	4341
1043	4341
3027	4341
652	18
513	18
1660	18
1654	18
1031	18
4151	18
3434	18
1731	18
1488	2184
1542	2184
1406	2184
807	2184
2884	2184
3262	2184
37	2180
3930	2180
4153	264
3079	2902
1948	2902
3500	2902
1660	62
1988	62
3139	62
664	62
1985	2471
1406	2471
1576	2471
988	2471
974	2471
4402	1488
2195	1488
1406	1985
4402	1985
1576	1985
1126	1985
2893	37
2287	37
1570	37
3422	37
1824	37
1444	37
3396	37
3819	744
3590	744
945	744
2130	744
513	652
1031	652
4151	652
3434	652
2836	652
3819	513
4292	513
1505	513
1031	513
4151	513
3434	513
3106	513
1484	513
96	2949
2405	514
4085	1542
3264	1542
627	1542
666	1542
14	1542
3027	1542
1881	1542
984	1542
1406	3187
743	3187
3009	3187
988	3187
868	3187
3482	3187
4396	4239
504	4239
96	2317
3140	2317
2699	2317
1951	2317
2562	2317
844	2317
4169	2926
3139	2926
4402	1406
2654	1406
3400	1406
2830	3332
2724	3332
1491	3332
4230	3332
1984	3332
3129	3332
1010	3332
2828	920
4020	920
2407	920
867	920
3647	920
39	920
1711	920
843	920
632	920
4394	920
2407	2828
867	2828
3647	2828
39	2828
1711	2828
843	2828
632	2828
3579	2828
594	2828
4394	2828
3975	1552
938	1552
2529	382
3363	382
2936	382
2201	382
2856	382
3588	382
183	1177
1630	1177
2344	1177
1102	1177
925	1177
1848	1177
1967	1177
4136	185
413	185
2405	2251
1182	2251
391	3280
3079	3663
3515	4402
988	4402
2654	4402
176	4402
1246	4402
2130	4402
1007	4402
418	2830
355	2830
310	2830
2724	2830
1491	2830
1984	2830
3129	2830
117	2830
1010	2830
2525	2830
867	4020
2542	1370
2595	3135
1921	3135
2595	3069
665	3069
1997	3069
3066	2735
2178	2735
3975	2735
3139	2735
3205	1681
32	1681
3478	1681
3683	1681
1341	1681
3510	3662
2718	404
288	404
3981	404
288	2453
600	814
1544	814
3772	814
2528	814
674	814
4292	814
239	814
4048	814
473	814
3139	814
3530	814
406	2298
2130	2298
3848	3510
1943	3510
1188	3510
2103	3510
288	3510
731	1736
3482	1736
720	1759
3501	1759
3072	1759
1206	1759
3819	1759
1921	1759
1070	1759
3952	1759
3175	1759
3177	1759
2104	1759
2855	1759
573	1759
2326	1759
2438	1759
3560	1759
4206	1759
348	1759
868	1759
2382	1759
2399	1759
3273	1759
4160	1759
711	1759
945	3066
527	3672
3457	3672
1122	183
3848	183
1943	183
3402	183
3128	183
2330	183
2103	183
2032	183
534	183
16	183
288	183
290	183
2733	183
925	183
1967	183
4317	183
3009	886
1515	886
3408	886
70	3033
3490	4412
3055	4412
3211	488
2172	976
1378	3868
3848	1122
401	1122
564	1122
2718	1122
1731	4249
933	2989
1301	1020
337	1020
1739	1020
1660	2178
3486	2178
2405	2769
4427	4397
2096	4397
4427	1660
2096	1660
637	1660
994	1660
3930	1660
1505	1660
4151	1660
664	1660
2499	1660
96	743
2917	2636
1921	2636
684	2636
856	2636
3428	1988
2112	1988
1876	1988
587	1988
2955	3974
1515	3974
4427	3501
3834	3501
2354	3501
2642	3501
502	3501
2155	3501
2551	3501
3910	3501
1974	3967
4143	4261
1128	1270
2130	1270
1445	4017
117	4017
2658	999
2266	1302
3457	1302
4292	1302
3139	1302
2609	1302
2095	1302
337	751
127	751
637	751
4396	806
166	1028
1537	2028
580	1229
3388	385
2405	385
2873	385
2023	385
401	905
4376	905
1829	905
2682	905
1128	3379
1876	3379
3930	3379
2130	3379
667	3379
1326	3607
1509	3607
2245	600
325	600
674	600
3601	600
1257	600
2416	600
2918	600
1963	600
742	600
2525	600
3343	600
4169	363
3139	363
1505	2603
4169	2955
1515	2955
3139	2955
3079	1960
1212	79
3312	48
249	48
995	48
3819	1841
3157	1841
1128	1841
4396	1841
1362	1841
637	1841
4027	1841
2562	1841
1366	1841
3400	3072
3819	216
3822	2968
2405	214
2405	1563
2525	4148
2130	3655
3035	4193
4123	2876
1658	2876
1181	2876
1348	2801
288	2801
2682	2801
288	1348
1978	3476
3975	3476
4248	3476
2362	3476
3601	3476
159	2893
2969	3222
3388	3222
955	3222
2405	3222
988	3222
2742	3222
4187	3222
4152	3222
684	3222
1424	3222
1491	3222
3417	3222
2676	3222
1252	3222
1347	3222
1905	3222
3253	3222
1007	3222
4036	3222
3390	1009
1112	1009
155	1009
2177	1009
1480	1009
288	1009
520	1009
1103	1009
1848	1009
2316	1009
4317	1009
1762	4142
2655	1861
2733	1861
2362	2295
974	2295
665	2295
3848	1630
3128	1630
3148	1630
956	1630
2262	1630
1112	1630
2032	1630
2344	1630
2700	1630
2718	1630
534	1630
65	1630
288	1630
1967	1630
2322	1630
2682	1630
4317	1630
731	1192
2344	3099
4136	3099
414	3099
1943	3848
3818	3848
564	3848
3995	3848
2344	3848
2718	3848
4425	3848
534	3848
1480	3848
1102	3848
925	3848
1848	3848
1967	3848
4317	3848
3128	1943
68	1943
288	1943
1040	501
2895	3103
2098	3103
3225	3103
4425	4351
967	4016
896	4016
899	969
3394	972
1410	972
2676	972
2325	972
3710	972
984	972
3428	2350
2716	2350
956	2350
1785	2350
1876	2350
632	2350
3101	2350
1733	2350
1041	2350
1658	2350
1881	2350
433	2917
2884	2917
2676	2917
4130	2917
766	2917
2470	2917
2746	2917
2257	2917
2928	2239
1984	238
1570	238
3161	238
3819	3359
1964	3359
3139	3359
997	3359
2341	722
994	2287
3400	2287
1172	3209
2920	3209
3009	3030
3139	3030
107	4117
2177	470
2262	237
4423	237
4221	237
1183	796
3647	2407
39	2407
1711	2407
423	2407
3118	2407
3482	2407
4394	2407
418	1183
843	1183
1974	1183
3253	1183
887	1183
2421	1183
2405	2073
1265	3515
3326	3515
2416	3515
2602	3515
1537	4114
2032	3339
3818	326
2146	33
3262	33
3064	33
4329	418
1812	418
15	418
2692	418
673	418
2155	418
2530	418
430	2093
3930	2093
807	304
3130	174
3130	4303
915	4303
4151	4303
1484	4303
2242	1178
288	2649
3128	3818
3914	3818
3457	3818
3377	3818
288	3818
1967	3818
3312	904
4442	904
3572	904
1200	4448
2986	686
2362	1265
373	1265
1341	1265
1182	1265
2628	1265
65	2365
141	2365
1235	2529
4396	2529
351	2529
1465	2529
2571	2529
679	3363
1484	3363
1869	3363
3278	430
955	430
885	430
664	430
2033	430
1567	430
4427	1200
2936	1200
3107	1200
2104	679
1508	1243
1371	2272
2936	2272
96	656
3270	656
2103	1079
3027	1079
288	1079
3382	1079
1492	1172
547	1172
3504	1172
4147	1172
674	1492
666	1492
553	4427
15	4427
3601	4427
2574	4427
3262	4427
1351	2475
2884	3834
2172	3128
3194	3128
2330	3128
401	3128
2740	3128
1112	3128
2344	3128
2718	3128
4425	3128
534	3128
681	3128
1480	3128
1102	3128
288	3128
925	3128
1848	3128
1967	3128
4317	3128
2936	1371
1862	1371
887	1371
1465	1371
271	1537
61	1537
731	1537
4255	1537
4235	1537
2639	1537
1194	1537
5	1537
1774	1537
887	1537
499	1537
1994	1537
3719	1537
4075	1537
1869	1537
4136	2172
1704	2172
3588	2172
465	4256
765	4256
288	4256
1948	1332
2528	3388
4152	3388
684	3388
2676	3388
1905	3388
3139	3388
3064	3388
870	1140
3787	4443
674	3428
2299	3428
504	3428
864	166
2528	166
674	166
3795	359
2894	3148
2032	3148
2700	3148
1480	3148
1102	3148
288	3148
3917	3148
4317	3148
516	449
2405	449
3031	449
516	517
3730	516
2354	181
3471	181
3079	923
3975	3211
2202	3211
369	3211
1839	3211
1194	3211
1271	3211
3526	3211
2299	1206
4265	1206
3772	1544
239	1544
473	1544
1347	2245
759	2245
1437	2894
423	3811
1126	3819
2253	3819
4147	3819
4081	3819
1876	3819
4027	3819
1505	3819
945	3819
2130	3819
2727	3819
2019	3819
3787	3312
1235	3312
3878	3312
3593	1819
3264	1819
3429	1819
406	1819
2130	1819
3668	1819
887	1819
3667	1819
4400	1819
2612	2716
2226	465
239	3772
473	3772
3640	864
2654	864
4152	864
876	864
3762	864
3991	864
2928	864
4051	1188
4317	1188
3190	1316
3975	956
1257	956
3975	955
731	955
2299	955
1437	955
2810	2330
288	2330
1967	2330
573	2594
994	1126
1963	1126
553	2279
2405	3574
423	2910
632	3035
3276	2215
3083	2215
3009	2018
3064	2018
2254	2408
851	2408
2405	2254
3079	2254
559	482
630	3213
3601	662
1832	791
3457	3494
696	3494
1240	3494
2639	3494
3371	167
1491	167
3025	167
1878	167
3062	167
676	167
4167	167
779	754
3301	3956
4169	3956
1231	3956
3009	4058
524	4058
2718	1068
2354	3583
2574	3583
3483	3583
4123	2405
714	2405
3985	2405
4322	2405
2162	2405
32	2405
4280	2405
1301	2405
3573	2405
931	2405
68	2405
4442	2405
696	2405
4030	2405
2929	2405
637	2405
1257	2405
1621	2405
2079	2405
3104	2405
2344	2405
1991	2405
4186	2405
3106	2405
1700	2405
207	2405
1109	2405
3318	2405
1774	2405
120	2405
290	2405
447	2405
478	2405
557	2405
718	2405
729	2405
896	2405
1026	2405
1092	2405
1105	2405
1151	2405
1439	2405
1456	2405
1547	2405
1560	2405
1602	2405
1616	2405
1730	2405
1798	2405
1816	2405
2092	2405
2148	2405
2319	2405
2364	2405
2402	2405
2563	2405
2741	2405
2860	2405
2954	2405
3042	2405
3362	2405
3381	2405
3482	2405
3493	2405
3927	2405
4056	2405
4109	2405
3260	2405
4237	2405
4238	2405
4358	2405
4420	2405
3594	2405
2654	3009
684	3009
1161	3009
1434	3009
565	3009
3826	3009
239	3009
1700	3009
2422	4416
4071	4416
1771	1978
3083	1978
14	1978
3308	1978
812	2112
637	2112
3139	2112
504	2112
1397	2112
4169	812
1397	812
3482	812
2882	2247
4187	61
159	61
3139	61
3703	512
2382	2576
2751	2576
731	4194
988	3640
684	3640
1112	3640
4396	3640
2095	3640
3064	3640
3562	1921
14	1921
2262	3914
3174	325
1938	325
1341	325
1869	325
4394	325
2991	2084
839	3593
3139	3593
32	2528
807	2528
3139	2528
1693	3975
1378	3975
3264	3975
90	3975
4423	3975
369	3975
1876	3975
1257	3975
2281	3975
3079	3975
1869	3975
269	1070
2590	3492
3079	2750
1257	1693
243	1693
3398	1378
3400	1378
3059	1378
3262	3948
2354	981
3372	981
1984	981
3706	2354
3709	2354
867	2354
3657	2354
3326	2354
3372	2354
4442	2354
1984	2354
4027	2354
607	2354
1429	2354
3067	2354
2177	2354
191	2354
800	2354
1120	2354
1489	2354
2190	2354
2694	2354
4229	4123
4172	4123
4177	4372
2463	588
3129	588
875	588
1484	588
761	588
2654	731
586	731
573	731
630	731
3845	731
887	731
277	731
515	731
2163	731
1700	3202
3576	2195
1241	2195
3590	2195
1505	2477
3079	2477
2032	1812
288	401
1848	401
3382	401
4423	3985
159	3985
2708	3985
68	564
288	564
925	564
1268	564
851	3639
2095	3639
3372	4354
1409	3656
1480	4322
4387	3167
1361	3952
527	3267
1899	527
313	527
2794	527
3590	527
1031	527
4151	527
2472	1899
1164	313
1128	313
207	4415
3018	3522
291	1781
3482	1781
1142	3576
3139	3576
1121	674
1505	674
1731	674
1881	674
2509	1432
1873	1482
3787	3301
3474	3301
226	3301
1235	3301
2032	2740
288	2740
2291	2740
988	235
1869	235
2848	2502
2979	3786
3601	3341
974	3341
1040	4376
1112	4376
2687	4376
630	4376
1437	4376
2682	4376
107	3204
3619	2657
3474	3787
4069	3787
2127	3787
177	3787
2542	1604
3090	1604
3591	1604
2104	3961
553	2509
4133	2509
994	4169
3139	4169
107	4169
1830	4169
2319	4169
553	988
2884	988
2676	988
423	988
2130	988
1658	988
3343	988
4198	988
984	988
3083	3190
215	3190
1738	3264
3471	2654
1778	2654
3806	2654
887	2654
323	2654
2525	2654
3774	2654
4229	2654
984	2654
711	2654
291	4424
3766	3439
4056	3439
54	1888
4186	1888
191	1888
1967	1888
1695	586
4081	2233
4248	3957
408	831
3831	831
1484	831
1041	831
478	831
1827	2848
4292	524
580	524
1410	1040
2045	1040
4186	1040
2655	1040
1848	1040
159	4248
3774	3471
2472	1915
3601	2422
2806	2422
1472	2422
2676	2742
1648	2742
4152	4187
2676	4187
1778	4187
1905	4187
553	3709
1984	3709
2676	3709
1778	3709
3262	3709
1911	4152
3417	4152
4130	4152
1905	4152
2257	4152
3064	4152
4036	4152
1491	684
2884	684
2676	684
4130	684
3346	684
2257	684
984	684
4036	684
667	297
887	297
1774	3549
3658	3602
2724	310
1010	310
109	1241
995	2104
3079	2202
2895	2367
1409	2810
117	2810
3318	2810
2599	2810
4096	42
1251	2493
593	1447
2032	1447
288	1447
1252	1832
2699	3140
1951	3140
2692	3140
1951	2699
1878	3011
1252	72
1738	72
1252	537
1974	1911
1102	3903
3665	1279
3766	4263
4144	867
39	867
632	867
3027	308
4144	1204
693	1204
274	1204
2879	1204
4119	1204
4144	4280
4144	661
3287	661
1505	1748
337	1301
1505	1301
2545	1301
1739	337
4230	337
1362	337
191	337
3007	337
3137	337
2146	433
248	1739
3262	1739
3318	90
3347	2853
528	2853
4153	2853
761	2853
3318	2853
248	4233
4153	3347
761	3347
2628	941
522	137
3260	137
1848	3418
117	98
2944	98
1505	98
3206	891
573	891
45	891
573	3830
573	3206
45	3206
3573	1515
573	1515
877	1515
807	1515
3798	1515
573	3573
877	3573
807	3573
807	1980
2140	1980
45	573
2326	573
877	573
2794	573
1775	573
3299	573
3657	2600
807	877
1551	877
3117	3657
1848	3657
2140	807
1731	807
2024	2000
39	3647
1711	3647
843	3647
4394	3647
1505	461
2696	230
4144	3725
3562	4144
2416	4144
2451	4144
3434	4144
3262	4144
1112	2262
2344	2262
534	2262
1102	2262
1848	2262
1967	2262
3262	2262
4317	2262
2718	400
2847	400
3155	400
2130	931
1252	1654
1505	1654
1878	1654
3079	1654
4229	1654
4172	1654
2130	4423
4292	118
2689	118
1878	1410
4221	4147
288	1112
1848	1112
191	593
3567	3950
1658	3950
225	226
1879	226
294	3625
294	1608
994	3457
1963	3457
3262	3457
3609	3457
3785	3457
3483	3457
1967	2103
794	1551
627	1913
666	1913
666	627
4396	627
4231	627
1716	627
4352	627
14	627
3027	627
1963	627
1164	666
3408	666
109	666
3157	666
1785	666
1716	666
2343	666
4352	666
14	666
1963	666
4172	3107
3031	3395
2175	1164
3408	1164
109	1164
3157	1164
1785	1164
1128	1164
1362	1164
1876	1164
637	1164
4027	1164
2562	1164
994	1164
3930	1164
1881	1164
3262	1164
2887	1164
637	2175
3157	3408
637	3408
4027	3408
1366	3408
538	109
637	109
500	109
2024	109
2319	3157
3007	3157
117	4259
3139	4259
1182	4259
1967	1445
472	68
2718	68
504	4069
3398	553
1505	553
1005	553
3270	553
664	553
3400	553
2433	2680
4230	2724
1984	2724
1010	2724
2525	2724
4292	876
3590	2463
4230	1491
1984	1491
2525	1491
2525	4230
1984	4442
1774	4442
3129	1984
1010	1984
854	1984
1109	685
3766	1236
3079	3539
472	3762
1484	15
423	730
3139	730
974	730
1963	730
454	730
3262	730
982	3562
3101	3562
4400	3562
759	3029
1711	39
843	39
3309	39
3579	39
4394	39
3805	528
3164	528
879	258
843	1711
4394	1711
3346	1218
1878	1218
787	2593
3590	1384
288	2108
1836	248
3314	248
1738	248
1038	248
3343	248
1286	1128
1876	1128
4027	1128
632	1128
2562	1128
994	1128
3930	1128
2127	1128
2130	1128
667	1128
1347	2362
664	2362
3343	2362
2127	1789
2863	1286
2130	1286
994	3601
1505	3601
3270	3601
500	3601
664	3601
974	3601
758	1235
994	1235
1194	1235
1881	758
2944	713
945	848
664	848
260	848
4027	1520
761	2929
2660	628
3139	4110
4352	4110
1977	2995
4394	843
3665	3991
4396	3991
447	2299
794	2299
3308	225
1848	3938
2660	369
2771	802
3590	2794
2421	2794
2980	630
502	630
2173	630
2024	2660
3493	101
4436	101
2694	3826
2214	1839
4130	3567
4048	3567
395	3567
2302	3567
177	3567
1878	4184
2676	3417
1778	3417
1905	3417
851	523
626	523
676	3025
2024	3321
4396	4081
632	1000
3101	1000
1733	1000
2228	1000
2637	3665
4396	3665
640	3665
4396	2637
640	2637
640	4396
1505	4396
2806	4396
2615	4396
664	4396
1038	4396
2920	4396
232	3658
580	3658
3730	3658
766	2676
1778	2676
441	2676
1905	2676
3795	2676
1267	2676
3064	2676
4036	2676
637	1362
4027	1362
2562	1362
994	1362
2154	1362
1366	1362
107	1362
1196	1362
637	1876
2562	1876
994	1876
500	1876
2024	538
4027	637
2562	637
994	637
3930	637
755	637
1366	637
2562	4027
994	4027
1366	4027
107	4027
1257	632
3590	632
3071	1541
2629	3039
994	2562
3930	2562
1366	2562
1731	2562
3930	994
1505	994
3335	994
1878	994
1366	994
107	994
1460	994
107	3930
2024	3930
14	4231
3079	4231
423	3374
3064	4130
3079	766
903	607
2257	903
1658	903
2470	1257
676	1257
2631	1257
3042	1257
4379	1257
14	1716
3174	1802
945	804
851	580
4352	2639
423	1194
2944	4279
3139	4279
1848	176
499	1778
191	2728
191	2558
1878	2102
519	2895
794	2895
4394	2895
423	1570
2944	117
1597	117
839	117
818	117
1473	117
3318	117
626	117
658	117
2599	117
3746	117
3750	117
2840	117
1505	218
2944	1069
1505	2944
2079	2944
1597	2944
1878	2944
839	2944
1341	2944
3591	2944
2079	1505
2574	1505
502	1505
1196	1505
3547	1505
3139	1347
997	1347
765	3031
288	3031
159	1597
4289	1597
3310	1597
997	3000
1484	408
2472	408
868	1454
1738	2146
2918	3314
945	3878
2134	3878
2911	3878
2134	759
473	239
664	239
3434	3590
1618	3590
4151	2242
1878	3422
3262	3422
14	3805
664	945
3154	945
260	945
323	945
2280	945
2911	945
3013	945
3365	945
1196	1800
1246	1878
2877	1878
3008	1878
2599	839
3079	3560
515	4141
1869	2281
4048	755
395	4048
2302	4048
4133	395
2302	395
2344	2032
2718	2032
65	2032
1480	2032
1102	2032
1848	2032
1967	2032
4317	2032
1963	2416
2525	2416
3262	1862
3139	2451
3079	2451
3079	2344
288	2344
1077	2344
1848	2344
2744	2344
423	3270
1688	3270
2879	3270
647	2980
2486	4215
4289	3198
3478	3788
3079	3979
993	3831
406	2832
3299	912
725	2686
2472	2686
4298	4382
4272	4382
3262	4382
4036	4382
3139	913
500	2746
4362	2127
4151	1031
3434	4151
1963	3434
3018	3434
3056	3083
665	3083
937	3083
1602	3083
4394	3579
776	423
1010	423
4206	423
2633	423
535	423
2499	423
2734	423
3478	423
4373	423
647	776
2130	406
4166	406
664	3225
260	3225
2515	3225
3079	3225
4294	2341
1102	792
3774	995
879	1010
2525	1010
2432	472
673	2177
1829	2177
2682	2177
4317	2177
1869	2177
3162	3106
3243	3106
3162	810
1484	810
1484	3162
1700	3139
2480	3139
2515	3139
693	3139
1315	3139
502	3139
1354	3139
1881	3139
2319	3139
3262	3139
3343	3139
2628	3139
4036	3139
2	256
260	664
3260	664
2718	4291
1102	4291
4317	4291
3500	1700
3511	2278
2222	2278
688	4051
64	688
3591	207
3027	1509
149	291
1963	14
4266	2292
2574	2292
2727	2292
3483	2292
2574	4266
1963	4266
1963	2574
1881	2574
3483	2574
577	3472
1102	2718
16	2718
69	2718
288	2718
1967	2718
3591	2718
288	4425
392	4425
1967	4425
65	4037
3366	756
3164	756
3079	756
75	756
2682	2655
2609	1231
2012	2773
4136	1753
2012	1753
2053	1038
3262	1038
288	534
4182	534
678	534
925	534
1077	534
1967	534
4317	534
667	3164
1558	3071
3875	3062
1341	1237
667	2130
3668	2130
4166	2130
3785	2130
4400	3400
1465	1731
4293	667
288	681
1569	681
1954	681
288	65
2599	65
3382	65
1979	2652
456	4136
774	4136
2415	107
1465	107
2599	107
799	2415
3253	2257
1658	2257
997	3253
2743	1658
3064	1658
177	997
2499	1109
2933	1109
1102	3174
2527	621
447	3027
2489	3027
4197	3027
2515	260
3079	260
887	3079
70	3079
692	3079
1994	3079
2319	3079
2622	3079
2691	3079
3013	3079
3063	3079
3436	3079
3514	3079
3750	3079
3875	3079
4109	3079
1938	2727
761	4153
3056	3243
3318	1473
2599	1473
288	1480
2599	3318
288	1102
204	974
984	24
541	41
3482	1774
1721	2158
3482	887
2228	153
1747	215
678	288
925	288
1848	288
1967	288
2563	288
2696	288
2744	288
3382	288
4317	288
2336	290
1954	303
3262	2733
1709	1963
2325	1963
3343	1963
3500	1963
3483	1963
2205	447
4124	447
3028	448
779	456
3240	467
1749	519
2067	519
1848	521
1120	531
1601	541
2489	598
2836	606
1575	748
1521	774
4189	774
3738	779
1305	794
1881	794
3262	794
2186	868
1967	925
2244	925
3239	949
2228	979
4317	1103
3260	1120
4252	1212
4358	1361
4312	1411
1848	1437
1547	1521
1938	1521
4189	1521
373	1521
1341	1521
1182	1521
2628	1521
3483	1521
4189	1547
373	1547
1341	1547
1182	1547
2628	1547
3483	1547
3260	1601
4035	1617
4167	1730
3262	1795
1830	1816
2630	1827
2023	1848
4317	1848
3262	1881
3500	1948
3999	1948
3382	1967
4317	1967
3064	2012
3720	2346
3482	2352
1869	2399
3478	2499
3503	2499
2768	2664
2947	3262
3110	3262
3343	3262
4056	3262
3720	2734
3210	2836
1869	2925
3482	2957
1397	3287
3609	3414
1182	3523
3720	3719
3483	2628
