11	91
16	65
16	359
16	379
16	820
16	948
16	1189
16	1299
16	1369
16	1429
16	1462
19	684
22	533
22	1033
23	986
23	992
24	828
25	1039
27	569
27	1045
27	1304
27	1429
29	1051
36	1368
37	68
37	167
37	347
37	372
37	427
37	437
37	447
37	766
37	1023
37	1358
37	1501
39	730
40	1262
41	158
41	307
41	323
41	368
41	861
41	980
41	1037
41	1070
41	1318
49	65
49	66
49	106
49	134
49	144
49	154
49	193
49	201
49	221
49	332
49	359
49	511
49	569
49	571
49	631
49	820
49	864
49	903
49	925
49	934
49	1085
49	1132
49	1179
49	1189
49	1277
49	1299
49	1304
49	1369
49	1404
49	1410
49	1413
49	1429
49	1492
50	68
50	447
50	1358
50	1501
53	508
53	1132
53	1405
54	121
54	248
54	568
54	633
54	1100
54	1230
54	1323
54	1381
65	66
65	95
65	106
65	107
65	154
65	201
65	240
65	359
65	379
65	488
65	569
65	631
65	820
65	864
65	895
65	925
65	1132
65	1159
65	1175
65	1179
65	1189
65	1277
65	1299
65	1304
65	1404
65	1429
65	1438
66	106
66	134
66	144
66	154
66	193
66	201
66	221
66	240
66	324
66	359
66	488
66	569
66	571
66	631
66	820
66	864
66	925
66	1132
66	1159
66	1179
66	1189
66	1246
66	1277
66	1299
66	1304
66	1404
66	1413
66	1429
68	98
68	167
68	185
68	347
68	372
68	427
68	437
68	447
68	766
68	908
68	1044
68	1124
68	1131
68	1358
68	1501
69	900
69	1495
71	447
71	908
71	1480
76	1226
92	100
92	1110
92	1449
95	252
95	379
95	569
95	820
95	1132
95	1156
95	1259
95	1299
95	1351
95	1390
95	1413
95	1429
98	372
98	1358
98	1501
99	217
99	222
99	280
99	355
99	550
99	560
99	601
99	697
99	771
99	799
99	1212
99	1249
99	1308
99	1336
99	1339
99	1486
99	1508
100	1449
106	134
106	154
106	193
106	201
106	221
106	359
106	488
106	569
106	571
106	820
106	864
106	925
106	1045
106	1159
106	1179
106	1189
106	1195
106	1258
106	1277
106	1299
106	1304
106	1317
106	1404
106	1413
106	1451
107	154
107	201
107	359
107	475
107	488
107	569
107	631
107	864
107	1159
107	1189
107	1277
107	1299
112	313
112	599
112	982
112	1000
112	1383
113	1292
119	159
119	295
119	470
119	476
119	875
119	878
119	1084
119	1252
119	1357
121	248
121	568
121	633
121	1100
121	1230
121	1323
121	1381
127	503
129	158
129	307
129	323
129	1070
134	511
134	820
138	571
139	995
143	399
143	508
143	1132
143	1156
143	1174
143	1405
144	221
144	235
144	324
144	417
144	820
144	903
144	1132
144	1179
144	1492
145	237
145	981
149	394
149	1466
150	159
150	476
150	627
150	878
150	983
150	1067
150	1084
152	1039
154	201
154	221
154	359
154	488
154	569
154	631
154	783
154	864
154	925
154	1095
154	1159
154	1179
154	1189
154	1229
154	1277
154	1299
154	1304
154	1341
154	1404
154	1417
156	1203
156	1286
158	307
158	323
158	368
158	861
158	980
158	1037
158	1070
158	1318
159	476
159	627
159	878
159	983
159	1067
159	1084
164	399
164	430
164	824
164	924
164	929
164	984
164	1245
164	1405
164	1453
167	347
167	372
167	427
167	437
167	447
167	766
167	1023
167	1358
167	1501
169	327
169	487
169	515
169	1146
169	1205
169	1238
169	1389
175	452
176	327
176	487
176	515
176	1205
176	1238
183	1429
185	1044
185	1124
185	1131
185	1501
189	204
189	849
189	1061
189	1219
189	1478
192	946
193	820
193	855
193	1195
193	1304
193	1451
198	1391
201	359
201	475
201	488
201	511
201	554
201	569
201	631
201	820
201	864
201	925
201	1095
201	1120
201	1159
201	1189
201	1258
201	1277
201	1299
201	1304
201	1413
204	849
204	1061
204	1478
213	504
213	838
214	228
217	355
217	550
217	560
217	601
217	697
217	1249
217	1336
217	1339
218	722
218	834
218	1353
219	308
219	480
219	1224
221	324
221	332
221	417
221	571
221	820
221	890
221	903
221	934
221	1085
221	1179
221	1250
221	1304
221	1359
221	1410
221	1492
222	1308
222	1336
222	1339
222	1486
222	1508
237	981
240	359
240	379
240	569
240	820
240	864
240	895
240	1132
240	1156
240	1159
240	1189
240	1259
240	1277
240	1299
240	1304
240	1404
240	1429
240	1438
245	408
245	510
248	413
248	568
248	633
248	1100
248	1230
248	1323
248	1381
252	261
252	379
252	399
252	450
252	508
252	574
252	895
252	911
252	971
252	1132
252	1156
252	1259
252	1299
252	1334
252	1351
252	1390
252	1405
252	1413
261	379
261	399
261	450
261	508
261	569
261	824
261	895
261	1132
261	1156
261	1334
261	1351
261	1453
267	357
267	892
267	1115
270	1219
270	1357
280	771
280	799
280	1212
280	1336
280	1486
295	335
295	453
295	549
295	1042
295	1357
295	1442
300	1308
300	1357
306	659
306	1044
306	1425
307	323
307	356
307	368
307	861
307	980
307	1037
307	1070
307	1318
308	480
308	1224
313	599
313	982
313	1000
313	1383
317	1161
323	356
323	368
323	861
323	980
323	1037
323	1070
323	1318
324	820
324	890
324	1179
324	1246
324	1304
324	1410
324	1492
327	487
327	515
327	1205
327	1238
327	1389
332	396
332	417
332	571
332	890
332	903
332	934
332	959
332	1085
332	1162
332	1179
332	1317
332	1410
332	1451
332	1490
332	1492
335	549
335	1442
347	372
347	427
347	437
347	447
347	766
347	1358
347	1501
355	550
355	560
355	601
355	697
355	1249
355	1336
355	1339
356	861
356	1037
356	1070
357	594
357	892
357	1115
358	447
358	511
358	908
358	1044
358	1131
358	1480
359	488
359	569
359	631
359	642
359	864
359	925
359	1159
359	1189
359	1277
359	1299
359	1304
359	1413
359	1438
367	1456
367	1469
368	861
368	1037
368	1070
368	1318
372	427
372	437
372	447
372	766
372	1044
372	1124
372	1131
372	1358
372	1501
379	399
379	450
379	488
379	508
379	820
379	824
379	895
379	911
379	971
379	1132
379	1156
379	1174
379	1277
379	1299
379	1334
379	1351
379	1390
379	1405
379	1413
379	1429
379	1438
379	1453
380	521
380	967
380	1025
380	1216
381	945
387	549
387	1455
388	609
388	806
391	780
391	804
391	1396
394	1466
396	1085
396	1410
397	1261
399	430
399	450
399	488
399	508
399	569
399	574
399	642
399	824
399	895
399	911
399	929
399	971
399	984
399	1007
399	1132
399	1156
399	1174
399	1245
399	1277
399	1299
399	1334
399	1351
399	1390
399	1405
399	1413
399	1429
399	1453
404	1265
408	510
413	1323
417	571
417	890
417	903
417	934
417	959
417	1085
417	1179
417	1304
417	1410
417	1451
417	1490
417	1492
418	834
426	946
427	437
427	447
427	766
427	1023
427	1358
427	1501
430	824
430	895
430	924
430	984
430	1132
430	1174
430	1245
430	1299
430	1405
430	1453
437	766
437	1501
440	904
442	482
442	1052
444	485
444	700
444	1293
444	1298
447	511
447	766
447	908
447	1044
447	1124
447	1131
447	1358
447	1480
447	1501
450	508
450	574
450	824
450	911
450	1132
450	1156
450	1174
450	1277
450	1299
450	1334
450	1351
450	1405
450	1413
450	1453
453	1442
455	478
472	1209
475	529
475	569
475	1258
475	1277
476	627
476	875
476	878
476	983
476	1067
476	1084
476	1357
480	1224
482	1052
485	535
485	571
485	700
485	1051
485	1293
485	1298
487	515
487	1205
487	1238
487	1389
488	554
488	569
488	574
488	631
488	642
488	864
488	925
488	984
488	1095
488	1159
488	1174
488	1179
488	1277
488	1299
488	1304
488	1405
488	1438
488	1453
501	977
503	1299
504	838
508	574
508	824
508	911
508	971
508	1132
508	1156
508	1174
508	1277
508	1299
508	1334
508	1351
508	1390
508	1405
508	1413
508	1453
509	620
509	1068
509	1116
509	1122
509	1205
510	536
511	820
511	908
511	1179
511	1299
511	1304
511	1359
511	1413
511	1480
515	1205
515	1238
515	1389
521	967
521	1025
521	1216
533	1033
535	700
535	1051
535	1261
535	1293
535	1298
549	1442
549	1455
550	560
550	601
550	697
550	1249
550	1336
550	1339
554	864
554	1277
560	601
560	697
560	1249
568	633
568	1100
568	1230
568	1323
568	1381
569	631
569	820
569	864
569	895
569	925
569	1095
569	1132
569	1156
569	1159
569	1175
569	1179
569	1189
569	1258
569	1277
569	1299
569	1304
569	1332
569	1341
569	1404
569	1405
569	1413
569	1417
569	1429
569	1438
571	700
571	820
571	934
571	959
571	960
571	1085
571	1132
571	1179
571	1293
571	1298
571	1299
571	1304
571	1410
571	1492
574	824
574	895
574	911
574	929
574	1132
574	1156
574	1174
574	1245
574	1277
574	1299
574	1334
574	1351
574	1390
574	1405
574	1413
574	1453
588	828
588	876
588	972
588	1078
588	1201
588	1328
588	1484
594	892
594	1115
599	982
599	1000
599	1383
601	697
601	1249
601	1336
601	1339
609	806
609	945
612	692
617	1315
620	1116
620	1122
620	1205
624	888
624	1041
627	878
627	983
627	1067
627	1084
627	1354
631	864
631	925
631	1095
631	1159
631	1189
631	1258
631	1277
631	1299
631	1304
631	1404
631	1429
631	1438
633	1100
633	1230
633	1323
633	1381
642	820
642	864
642	1132
642	1159
642	1245
642	1277
642	1299
642	1304
642	1405
642	1429
659	1425
673	1336
673	1339
684	956
689	1175
697	1249
697	1336
697	1339
700	1051
700	1293
700	1298
722	1353
766	1023
766	1358
766	1501
771	799
771	1212
771	1336
771	1486
778	952
778	1058
778	1187
780	804
780	1396
783	864
783	1095
783	1189
783	1299
783	1304
783	1481
787	1262
789	1443
793	1281
798	1392
799	1212
799	1336
799	1339
799	1486
804	1396
820	1045
820	1085
820	1132
820	1159
820	1179
820	1189
820	1277
820	1299
820	1304
820	1404
820	1413
820	1429
820	1438
820	1492
824	895
824	911
824	1007
824	1132
824	1156
824	1174
824	1245
824	1299
824	1334
824	1351
824	1405
824	1413
824	1429
824	1453
828	876
828	972
828	1078
828	1201
828	1328
828	1484
834	847
834	929
839	1331
847	945
849	1061
849	1478
855	1189
855	1195
855	1451
861	980
861	1037
861	1070
864	925
864	1007
864	1036
864	1095
864	1159
864	1179
864	1189
864	1229
864	1258
864	1277
864	1299
864	1304
864	1417
864	1429
864	1438
875	1084
875	1357
876	972
876	1078
876	1201
876	1484
878	983
878	1067
878	1084
884	1123
888	1041
890	903
890	934
890	1085
890	1179
890	1304
890	1410
890	1492
892	1115
895	911
895	971
895	1132
895	1156
895	1174
895	1245
895	1277
895	1299
895	1304
895	1334
895	1405
895	1413
895	1429
895	1453
900	1495
903	934
903	959
903	1085
903	1179
903	1410
903	1490
903	1492
908	1044
908	1124
908	1131
908	1480
911	1132
911	1156
911	1174
911	1259
911	1277
911	1299
911	1334
911	1351
911	1405
911	1413
911	1429
911	1453
924	984
924	1245
924	1277
924	1405
925	945
925	1095
925	1159
925	1175
925	1179
925	1189
925	1277
925	1299
925	1304
925	1341
925	1404
925	1429
925	1438
929	945
929	1245
929	1405
934	959
934	1085
934	1179
934	1317
934	1410
934	1451
934	1490
934	1492
935	1509
948	1210
948	1369
948	1462
952	1058
952	1187
959	1085
959	1162
959	1179
959	1410
959	1490
959	1492
967	1216
971	1132
971	1156
971	1277
971	1299
971	1334
971	1390
971	1405
972	1078
972	1201
972	1484
980	1037
980	1070
983	1067
983	1084
984	1245
984	1277
984	1299
984	1405
986	992
992	1135
992	1425
1000	1383
1007	1277
1007	1299
1008	1298
1025	1216
1036	1304
1037	1070
1042	1442
1044	1124
1044	1131
1044	1358
1044	1480
1044	1501
1045	1299
1045	1429
1051	1261
1051	1293
1051	1298
1058	1187
1061	1478
1062	1130
1067	1084
1068	1122
1070	1318
1080	1128
1080	1235
1080	1248
1080	1416
1080	1455
1081	1226
1085	1162
1085	1179
1085	1304
1085	1317
1085	1410
1085	1451
1085	1490
1085	1492
1095	1159
1095	1189
1095	1277
1095	1299
1095	1304
1095	1404
1095	1417
1095	1429
1100	1230
1100	1323
1100	1381
1101	1165
1116	1122
1120	1189
1124	1131
1124	1358
1124	1501
1128	1235
1128	1248
1128	1416
1128	1426
1131	1480
1131	1501
1132	1156
1132	1159
1132	1174
1132	1179
1132	1259
1132	1277
1132	1299
1132	1304
1132	1334
1132	1351
1132	1390
1132	1405
1132	1413
1132	1429
1132	1438
1132	1453
1146	1205
1156	1174
1156	1259
1156	1277
1156	1299
1156	1334
1156	1351
1156	1390
1156	1405
1156	1413
1156	1429
1156	1438
1156	1453
1159	1189
1159	1257
1159	1258
1159	1277
1159	1299
1159	1304
1159	1404
1159	1417
1159	1429
1159	1438
1159	1481
1162	1410
1162	1490
1162	1492
1174	1277
1174	1299
1174	1334
1174	1351
1174	1405
1174	1453
1175	1277
1175	1299
1179	1189
1179	1299
1179	1304
1179	1359
1179	1404
1179	1410
1179	1429
1179	1490
1179	1492
1189	1258
1189	1277
1189	1299
1189	1304
1189	1404
1189	1413
1189	1429
1195	1317
1195	1451
1200	1221
1201	1328
1201	1484
1203	1286
1205	1238
1205	1389
1210	1369
1210	1462
1212	1336
1212	1339
1212	1486
1230	1323
1230	1381
1235	1248
1235	1416
1235	1426
1235	1455
1238	1389
1245	1277
1245	1299
1245	1405
1245	1413
1245	1453
1248	1416
1248	1426
1248	1455
1249	1336
1249	1339
1257	1277
1258	1277
1258	1299
1258	1304
1258	1404
1259	1277
1259	1299
1259	1334
1259	1351
1259	1390
1259	1413
1259	1429
1277	1299
1277	1304
1277	1334
1277	1390
1277	1404
1277	1405
1277	1413
1277	1417
1277	1429
1277	1438
1277	1453
1277	1472
1293	1298
1299	1304
1299	1334
1299	1351
1299	1390
1299	1404
1299	1405
1299	1413
1299	1417
1299	1429
1299	1438
1299	1453
1304	1359
1304	1404
1304	1410
1304	1413
1304	1429
1304	1438
1304	1492
1308	1336
1308	1339
1308	1357
1308	1486
1308	1508
1317	1410
1317	1451
1323	1381
1334	1351
1334	1390
1334	1405
1334	1413
1334	1453
1336	1339
1336	1486
1336	1508
1339	1486
1339	1508
1351	1390
1351	1405
1351	1413
1351	1429
1354	1382
1358	1501
1359	1410
1359	1490
1369	1462
1390	1405
1390	1429
1404	1429
1405	1413
1405	1429
1405	1453
1405	1481
1410	1451
1410	1490
1410	1492
1413	1429
1413	1453
1413	1481
1416	1426
1416	1455
1429	1438
1438	1481
1450	1457
1451	1492
1486	1508
1490	1492
91	11
65	16
359	16
379	16
820	16
948	16
1189	16
1299	16
1369	16
1429	16
1462	16
684	19
533	22
1033	22
986	23
992	23
828	24
1039	25
569	27
1045	27
1304	27
1429	27
1051	29
1368	36
68	37
167	37
347	37
372	37
427	37
437	37
447	37
766	37
1023	37
1358	37
1501	37
730	39
1262	40
158	41
307	41
323	41
368	41
861	41
980	41
1037	41
1070	41
1318	41
65	49
66	49
106	49
134	49
144	49
154	49
193	49
201	49
221	49
332	49
359	49
511	49
569	49
571	49
631	49
820	49
864	49
903	49
925	49
934	49
1085	49
1132	49
1179	49
1189	49
1277	49
1299	49
1304	49
1369	49
1404	49
1410	49
1413	49
1429	49
1492	49
68	50
447	50
1358	50
1501	50
508	53
1132	53
1405	53
121	54
248	54
568	54
633	54
1100	54
1230	54
1323	54
1381	54
66	65
95	65
106	65
107	65
154	65
201	65
240	65
359	65
379	65
488	65
569	65
631	65
820	65
864	65
895	65
925	65
1132	65
1159	65
1175	65
1179	65
1189	65
1277	65
1299	65
1304	65
1404	65
1429	65
1438	65
106	66
134	66
144	66
154	66
193	66
201	66
221	66
240	66
324	66
359	66
488	66
569	66
571	66
631	66
820	66
864	66
925	66
1132	66
1159	66
1179	66
1189	66
1246	66
1277	66
1299	66
1304	66
1404	66
1413	66
1429	66
98	68
167	68
185	68
347	68
372	68
427	68
437	68
447	68
766	68
908	68
1044	68
1124	68
1131	68
1358	68
1501	68
900	69
1495	69
447	71
908	71
1480	71
1226	76
100	92
1110	92
1449	92
252	95
379	95
569	95
820	95
1132	95
1156	95
1259	95
1299	95
1351	95
1390	95
1413	95
1429	95
372	98
1358	98
1501	98
217	99
222	99
280	99
355	99
550	99
560	99
601	99
697	99
771	99
799	99
1212	99
1249	99
1308	99
1336	99
1339	99
1486	99
1508	99
1449	100
134	106
154	106
193	106
201	106
221	106
359	106
488	106
569	106
571	106
820	106
864	106
925	106
1045	106
1159	106
1179	106
1189	106
1195	106
1258	106
1277	106
1299	106
1304	106
1317	106
1404	106
1413	106
1451	106
154	107
201	107
359	107
475	107
488	107
569	107
631	107
864	107
1159	107
1189	107
1277	107
1299	107
313	112
599	112
982	112
1000	112
1383	112
1292	113
159	119
295	119
470	119
476	119
875	119
878	119
1084	119
1252	119
1357	119
248	121
568	121
633	121
1100	121
1230	121
1323	121
1381	121
503	127
158	129
307	129
323	129
1070	129
511	134
820	134
571	138
995	139
399	143
508	143
1132	143
1156	143
1174	143
1405	143
221	144
235	144
324	144
417	144
820	144
903	144
1132	144
1179	144
1492	144
237	145
981	145
394	149
1466	149
159	150
476	150
627	150
878	150
983	150
1067	150
1084	150
1039	152
201	154
221	154
359	154
488	154
569	154
631	154
783	154
864	154
925	154
1095	154
1159	154
1179	154
1189	154
1229	154
1277	154
1299	154
1304	154
1341	154
1404	154
1417	154
1203	156
1286	156
307	158
323	158
368	158
861	158
980	158
1037	158
1070	158
1318	158
476	159
627	159
878	159
983	159
1067	159
1084	159
399	164
430	164
824	164
924	164
929	164
984	164
1245	164
1405	164
1453	164
347	167
372	167
427	167
437	167
447	167
766	167
1023	167
1358	167
1501	167
327	169
487	169
515	169
1146	169
1205	169
1238	169
1389	169
452	175
327	176
487	176
515	176
1205	176
1238	176
1429	183
1044	185
1124	185
1131	185
1501	185
204	189
849	189
1061	189
1219	189
1478	189
946	192
820	193
855	193
1195	193
1304	193
1451	193
1391	198
359	201
475	201
488	201
511	201
554	201
569	201
631	201
820	201
864	201
925	201
1095	201
1120	201
1159	201
1189	201
1258	201
1277	201
1299	201
1304	201
1413	201
849	204
1061	204
1478	204
504	213
838	213
228	214
355	217
550	217
560	217
601	217
697	217
1249	217
1336	217
1339	217
722	218
834	218
1353	218
308	219
480	219
1224	219
324	221
332	221
417	221
571	221
820	221
890	221
903	221
934	221
1085	221
1179	221
1250	221
1304	221
1359	221
1410	221
1492	221
1308	222
1336	222
1339	222
1486	222
1508	222
981	237
359	240
379	240
569	240
820	240
864	240
895	240
1132	240
1156	240
1159	240
1189	240
1259	240
1277	240
1299	240
1304	240
1404	240
1429	240
1438	240
408	245
510	245
413	248
568	248
633	248
1100	248
1230	248
1323	248
1381	248
261	252
379	252
399	252
450	252
508	252
574	252
895	252
911	252
971	252
1132	252
1156	252
1259	252
1299	252
1334	252
1351	252
1390	252
1405	252
1413	252
379	261
399	261
450	261
508	261
569	261
824	261
895	261
1132	261
1156	261
1334	261
1351	261
1453	261
357	267
892	267
1115	267
1219	270
1357	270
771	280
799	280
1212	280
1336	280
1486	280
335	295
453	295
549	295
1042	295
1357	295
1442	295
1308	300
1357	300
659	306
1044	306
1425	306
323	307
356	307
368	307
861	307
980	307
1037	307
1070	307
1318	307
480	308
1224	308
599	313
982	313
1000	313
1383	313
1161	317
356	323
368	323
861	323
980	323
1037	323
1070	323
1318	323
820	324
890	324
1179	324
1246	324
1304	324
1410	324
1492	324
487	327
515	327
1205	327
1238	327
1389	327
396	332
417	332
571	332
890	332
903	332
934	332
959	332
1085	332
1162	332
1179	332
1317	332
1410	332
1451	332
1490	332
1492	332
549	335
1442	335
372	347
427	347
437	347
447	347
766	347
1358	347
1501	347
550	355
560	355
601	355
697	355
1249	355
1336	355
1339	355
861	356
1037	356
1070	356
594	357
892	357
1115	357
447	358
511	358
908	358
1044	358
1131	358
1480	358
488	359
569	359
631	359
642	359
864	359
925	359
1159	359
1189	359
1277	359
1299	359
1304	359
1413	359
1438	359
1456	367
1469	367
861	368
1037	368
1070	368
1318	368
427	372
437	372
447	372
766	372
1044	372
1124	372
1131	372
1358	372
1501	372
399	379
450	379
488	379
508	379
820	379
824	379
895	379
911	379
971	379
1132	379
1156	379
1174	379
1277	379
1299	379
1334	379
1351	379
1390	379
1405	379
1413	379
1429	379
1438	379
1453	379
521	380
967	380
1025	380
1216	380
945	381
549	387
1455	387
609	388
806	388
780	391
804	391
1396	391
1466	394
1085	396
1410	396
1261	397
430	399
450	399
488	399
508	399
569	399
574	399
642	399
824	399
895	399
911	399
929	399
971	399
984	399
1007	399
1132	399
1156	399
1174	399
1245	399
1277	399
1299	399
1334	399
1351	399
1390	399
1405	399
1413	399
1429	399
1453	399
1265	404
510	408
1323	413
571	417
890	417
903	417
934	417
959	417
1085	417
1179	417
1304	417
1410	417
1451	417
1490	417
1492	417
834	418
946	426
437	427
447	427
766	427
1023	427
1358	427
1501	427
824	430
895	430
924	430
984	430
1132	430
1174	430
1245	430
1299	430
1405	430
1453	430
766	437
1501	437
904	440
482	442
1052	442
485	444
700	444
1293	444
1298	444
511	447
766	447
908	447
1044	447
1124	447
1131	447
1358	447
1480	447
1501	447
508	450
574	450
824	450
911	450
1132	450
1156	450
1174	450
1277	450
1299	450
1334	450
1351	450
1405	450
1413	450
1453	450
1442	453
478	455
1209	472
529	475
569	475
1258	475
1277	475
627	476
875	476
878	476
983	476
1067	476
1084	476
1357	476
1224	480
1052	482
535	485
571	485
700	485
1051	485
1293	485
1298	485
515	487
1205	487
1238	487
1389	487
554	488
569	488
574	488
631	488
642	488
864	488
925	488
984	488
1095	488
1159	488
1174	488
1179	488
1277	488
1299	488
1304	488
1405	488
1438	488
1453	488
977	501
1299	503
838	504
574	508
824	508
911	508
971	508
1132	508
1156	508
1174	508
1277	508
1299	508
1334	508
1351	508
1390	508
1405	508
1413	508
1453	508
620	509
1068	509
1116	509
1122	509
1205	509
536	510
820	511
908	511
1179	511
1299	511
1304	511
1359	511
1413	511
1480	511
1205	515
1238	515
1389	515
967	521
1025	521
1216	521
1033	533
700	535
1051	535
1261	535
1293	535
1298	535
1442	549
1455	549
560	550
601	550
697	550
1249	550
1336	550
1339	550
864	554
1277	554
601	560
697	560
1249	560
633	568
1100	568
1230	568
1323	568
1381	568
631	569
820	569
864	569
895	569
925	569
1095	569
1132	569
1156	569
1159	569
1175	569
1179	569
1189	569
1258	569
1277	569
1299	569
1304	569
1332	569
1341	569
1404	569
1405	569
1413	569
1417	569
1429	569
1438	569
700	571
820	571
934	571
959	571
960	571
1085	571
1132	571
1179	571
1293	571
1298	571
1299	571
1304	571
1410	571
1492	571
824	574
895	574
911	574
929	574
1132	574
1156	574
1174	574
1245	574
1277	574
1299	574
1334	574
1351	574
1390	574
1405	574
1413	574
1453	574
828	588
876	588
972	588
1078	588
1201	588
1328	588
1484	588
892	594
1115	594
982	599
1000	599
1383	599
697	601
1249	601
1336	601
1339	601
806	609
945	609
692	612
1315	617
1116	620
1122	620
1205	620
888	624
1041	624
878	627
983	627
1067	627
1084	627
1354	627
864	631
925	631
1095	631
1159	631
1189	631
1258	631
1277	631
1299	631
1304	631
1404	631
1429	631
1438	631
1100	633
1230	633
1323	633
1381	633
820	642
864	642
1132	642
1159	642
1245	642
1277	642
1299	642
1304	642
1405	642
1429	642
1425	659
1336	673
1339	673
956	684
1175	689
1249	697
1336	697
1339	697
1051	700
1293	700
1298	700
1353	722
1023	766
1358	766
1501	766
799	771
1212	771
1336	771
1486	771
952	778
1058	778
1187	778
804	780
1396	780
864	783
1095	783
1189	783
1299	783
1304	783
1481	783
1262	787
1443	789
1281	793
1392	798
1212	799
1336	799
1339	799
1486	799
1396	804
1045	820
1085	820
1132	820
1159	820
1179	820
1189	820
1277	820
1299	820
1304	820
1404	820
1413	820
1429	820
1438	820
1492	820
895	824
911	824
1007	824
1132	824
1156	824
1174	824
1245	824
1299	824
1334	824
1351	824
1405	824
1413	824
1429	824
1453	824
876	828
972	828
1078	828
1201	828
1328	828
1484	828
847	834
929	834
1331	839
945	847
1061	849
1478	849
1189	855
1195	855
1451	855
980	861
1037	861
1070	861
925	864
1007	864
1036	864
1095	864
1159	864
1179	864
1189	864
1229	864
1258	864
1277	864
1299	864
1304	864
1417	864
1429	864
1438	864
1084	875
1357	875
972	876
1078	876
1201	876
1484	876
983	878
1067	878
1084	878
1123	884
1041	888
903	890
934	890
1085	890
1179	890
1304	890
1410	890
1492	890
1115	892
911	895
971	895
1132	895
1156	895
1174	895
1245	895
1277	895
1299	895
1304	895
1334	895
1405	895
1413	895
1429	895
1453	895
1495	900
934	903
959	903
1085	903
1179	903
1410	903
1490	903
1492	903
1044	908
1124	908
1131	908
1480	908
1132	911
1156	911
1174	911
1259	911
1277	911
1299	911
1334	911
1351	911
1405	911
1413	911
1429	911
1453	911
984	924
1245	924
1277	924
1405	924
945	925
1095	925
1159	925
1175	925
1179	925
1189	925
1277	925
1299	925
1304	925
1341	925
1404	925
1429	925
1438	925
945	929
1245	929
1405	929
959	934
1085	934
1179	934
1317	934
1410	934
1451	934
1490	934
1492	934
1509	935
1210	948
1369	948
1462	948
1058	952
1187	952
1085	959
1162	959
1179	959
1410	959
1490	959
1492	959
1216	967
1132	971
1156	971
1277	971
1299	971
1334	971
1390	971
1405	971
1078	972
1201	972
1484	972
1037	980
1070	980
1067	983
1084	983
1245	984
1277	984
1299	984
1405	984
992	986
1135	992
1425	992
1383	1000
1277	1007
1299	1007
1298	1008
1216	1025
1304	1036
1070	1037
1442	1042
1124	1044
1131	1044
1358	1044
1480	1044
1501	1044
1299	1045
1429	1045
1261	1051
1293	1051
1298	1051
1187	1058
1478	1061
1130	1062
1084	1067
1122	1068
1318	1070
1128	1080
1235	1080
1248	1080
1416	1080
1455	1080
1226	1081
1162	1085
1179	1085
1304	1085
1317	1085
1410	1085
1451	1085
1490	1085
1492	1085
1159	1095
1189	1095
1277	1095
1299	1095
1304	1095
1404	1095
1417	1095
1429	1095
1230	1100
1323	1100
1381	1100
1165	1101
1122	1116
1189	1120
1131	1124
1358	1124
1501	1124
1235	1128
1248	1128
1416	1128
1426	1128
1480	1131
1501	1131
1156	1132
1159	1132
1174	1132
1179	1132
1259	1132
1277	1132
1299	1132
1304	1132
1334	1132
1351	1132
1390	1132
1405	1132
1413	1132
1429	1132
1438	1132
1453	1132
1205	1146
1174	1156
1259	1156
1277	1156
1299	1156
1334	1156
1351	1156
1390	1156
1405	1156
1413	1156
1429	1156
1438	1156
1453	1156
1189	1159
1257	1159
1258	1159
1277	1159
1299	1159
1304	1159
1404	1159
1417	1159
1429	1159
1438	1159
1481	1159
1410	1162
1490	1162
1492	1162
1277	1174
1299	1174
1334	1174
1351	1174
1405	1174
1453	1174
1277	1175
1299	1175
1189	1179
1299	1179
1304	1179
1359	1179
1404	1179
1410	1179
1429	1179
1490	1179
1492	1179
1258	1189
1277	1189
1299	1189
1304	1189
1404	1189
1413	1189
1429	1189
1317	1195
1451	1195
1221	1200
1328	1201
1484	1201
1286	1203
1238	1205
1389	1205
1369	1210
1462	1210
1336	1212
1339	1212
1486	1212
1323	1230
1381	1230
1248	1235
1416	1235
1426	1235
1455	1235
1389	1238
1277	1245
1299	1245
1405	1245
1413	1245
1453	1245
1416	1248
1426	1248
1455	1248
1336	1249
1339	1249
1277	1257
1277	1258
1299	1258
1304	1258
1404	1258
1277	1259
1299	1259
1334	1259
1351	1259
1390	1259
1413	1259
1429	1259
1299	1277
1304	1277
1334	1277
1390	1277
1404	1277
1405	1277
1413	1277
1417	1277
1429	1277
1438	1277
1453	1277
1472	1277
1298	1293
1304	1299
1334	1299
1351	1299
1390	1299
1404	1299
1405	1299
1413	1299
1417	1299
1429	1299
1438	1299
1453	1299
1359	1304
1404	1304
1410	1304
1413	1304
1429	1304
1438	1304
1492	1304
1336	1308
1339	1308
1357	1308
1486	1308
1508	1308
1410	1317
1451	1317
1381	1323
1351	1334
1390	1334
1405	1334
1413	1334
1453	1334
1339	1336
1486	1336
1508	1336
1486	1339
1508	1339
1390	1351
1405	1351
1413	1351
1429	1351
1382	1354
1501	1358
1410	1359
1490	1359
1462	1369
1405	1390
1429	1390
1429	1404
1413	1405
1429	1405
1453	1405
1481	1405
1451	1410
1490	1410
1492	1410
1429	1413
1453	1413
1481	1413
1426	1416
1455	1416
1438	1429
1481	1438
1457	1450
1492	1451
1508	1486
1492	1490
